? 8 0 191 290 123 366 406 770 729
? 8 1 256 598 363 480 12 610 738
? 8 2 527 541 718 162 622 797 426
? 8 3 154 364 653 325 457 635 26
? 8 4 789 122 705 206 360 152 536
? 8 5 775 9 595 203 7 583 392
? 8 6 735 396 469 407 391 669 464
? 8 8 253 250 702 576 418 410 65
? 8 10 427 554 231 699 352 763 577
? 8 11 677 604 778 307 218 723 569
? 8 13 414 560 146 769 673 711 796
? 8 14 225 465 43 701 674 46 655
? 8 15 87 212 264 782 361 478 487
? 8 16 538 712 372 450 329 442 241
? 8 17 215 439 32 193 230 258 68
? 8 18 270 102 749 182 751 181 602
? 8 19 235 496 655 262 189 726 701
? 8 20 550 445 278 742 517 580 158
? 8 21 261 400 540 756 565 533 104
? 8 22 96 113 244 657 706 34 631
? 8 23 107 359 50 357 696 381 628
? 8 24 271 448 252 447 80 719 507
? 8 25 423 526 252 650 271 507 80
? 8 27 70 95 750 609 2 797 527
? 8 28 157 51 179 128 388 472 633
? 8 29 672 291 265 634 38 343 752
? 8 30 401 754 750 299 293 155 328
? 8 31 127 323 49 576 410 520 124
? 8 33 277 581 335 334 228 214 269
? 8 35 579 572 267 98 539 588 636
? 8 36 185 524 288 142 757 685 226
? 8 37 254 472 633 78 574 93 28
? 8 39 233 207 487 312 613 212 755
? 8 40 101 659 528 495 736 338 667
? 8 41 448 196 80 507 764 769 24
? 8 42 777 385 537 439 112 282 562
? 8 44 433 202 602 176 751 679 18
? 8 45 669 56 287 743 564 346 396
? 8 47 460 211 251 558 199 213 768
? 8 48 623 340 129 411 694 61 66
? 8 52 188 317 501 347 75 688 130
? 8 53 593 780 384 192 413 210 557
? 8 54 263 338 316 429 379 434 321
? 8 55 421 103 294 92 513 155 74
? 8 57 492 681 238 230 204 258 695
? 8 58 595 642 203 5 734 397 145
? 8 59 591 69 649 724 484 790 283
? 8 60 222 794 569 295 405 307 761
? 8 62 530 156 489 521 508 405 638
? 8 63 370 153 564 548 287 45 56
? 8 64 675 151 668 120 532 431 739
? 8 67 86 522 590 386 118 509 243
? 8 71 89 715 260 625 221 524 517
? 8 72 630 430 687 689 461 304 408
? 8 73 620 584 723 322 778 556 218
? 8 76 285 383 575 105 618 616 760
? 8 77 666 422 387 380 269 334 471
? 8 79 350 300 447 543 793 626 719
? 8 81 282 656 112 175 163 481 777
? 8 82 305 344 652 249 389 172 141
? 8 83 617 168 449 799 469 732 201
? 8 84 600 395 232 74 520 65 55
? 8 85 742 580 517 724 20 550 445
? 8 88 458 563 417 771 597 664 466
? 8 90 730 265 291 322 665 634 497
? 8 91 426 718 711 146 162 622 527
? 8 94 110 126 463 485 275 178 345
? 8 97 458 466 732 198 168 563 201
? 8 99 776 704 432 512 479 367 476
? 8 100 616 261 21 148 76 756 400
? 8 106 632 273 515 536 445 278 625
? 8 108 419 159 684 105 296 670 698
? 8 109 378 637 336 437 409 544 276
? 8 111 195 713 224 270 749 205 133
? 8 114 745 697 615 747 451 728 500
? 8 115 624 502 164 136 694 644 243
? 8 116 369 150 462 542 140 709 503
? 8 117 125 540 221 260 789 400 104
? 8 119 740 506 297 255 606 611 691
? 8 121 485 139 274 275 626 349 178
? 8 131 143 187 140 366 542 406 503
? 8 132 782 264 478 136 243 318 12
? 8 134 384 319 192 593 161 53 241
? 8 135 169 766 66 784 707 147 683
? 8 137 603 266 216 413 210 192 161
? 8 138 587 729 327 406 290 191 542
? 8 144 504 488 679 463 217 345 746
? 8 149 166 797 596 170 541 592 676
? 8 160 163 561 656 175 112 81 282
? 8 165 177 566 197 526 636 423 98
? 8 167 418 250 8 702 65 253 410
? 8 171 441 641 586 757 306 618 575
? 8 173 773 388 494 660 721 573 303
? 8 174 328 293 657 435 754 299 113
? 8 180 646 118 308 744 354 67 12
? 8 183 240 331 46 390 377 225 674
? 8 184 726 373 545 468 483 272 326
? 8 186 450 255 506 740 416 712 119
? 8 190 741 286 640 629 787 443 759
? 8 194 126 139 790 283 485 94 121
? 8 200 505 578 257 152 667 206 736
? 8 208 242 637 544 402 651 378 717
? 8 209 678 722 436 664 227 454 259
? 8 219 313 333 148 703 321 434 316
? 8 220 714 298 159 419 76 105 108
? 8 223 424 552 514 614 521 508 156
? 8 229 268 189 552 147 332 530 135
? 8 234 523 325 365 154 459 399 585
? 8 236 798 237 435 328 490 174 401
? 8 239 534 415 773 654 303 368 61
? 8 245 404 559 555 348 324 651 731
? 8 246 638 259 594 295 477 248 60
? 8 247 567 685 612 524 543 704 300
? 8 279 284 791 513 103 753 558 294
? 8 280 320 765 546 409 582 381 670
? 8 281 671 394 471 582 339 438 422
? 8 289 330 727 734 481 648 589 397
? 8 292 368 124 519 415 510 376 239
? 8 301 708 786 374 470 562 32 568
? 8 302 688 501 482 188 682 205 781
? 8 309 367 398 473 776 762 99 479
? 8 310 453 214 256 581 335 363 277
? 8 311 210 607 266 557 53 780 593
? 8 314 535 353 721 660 494 225 303
? 8 315 599 792 456 627 759 357 50
? 8 337 640 308 443 382 646 227 531
? 8 341 549 446 362 643 429 338 533
? 8 342 585 399 392 365 583 7 775
? 8 351 529 479 226 692 425 99 612
? 8 355 553 34 244 706 558 92 47
? 8 356 93 774 583 7 574 775 9
? 8 358 768 213 653 199 26 211 558
? 8 371 795 428 333 219 313 703 148
? 8 375 607 346 743 396 287 311 153
? 8 393 324 737 348 559 404 555 763
? 8 403 597 664 417 748 785 563 88
? 8 412 570 532 120 631 675 64 668
? 8 420 339 628 438 696 380 422 471
? 8 440 493 272 483 468 514 614 680
? 8 444 474 774 663 574 145 78 356
? 8 452 658 733 304 464 690 430 475
? 8 455 336 378 544 699 276 647 525
? 8 467 661 693 662 482 181 205 182
? 8 486 710 525 698 276 296 647 587
? 8 491 349 673 414 769 274 178 764
? 8 498 725 571 673 676 746 345 217
? 8 499 760 105 383 306 285 582 108
? 8 511 654 303 683 784 535 721 314
? 8 516 551 758 621 454 509 522 382
? 8 518 609 224 95 713 111 798 195
? 8 547 476 719 512 271 432 543 252
? 8 601 490 151 675 64 435 657 631
? 8 605 343 238 492 695 230 38 57
? 8 608 278 550 158 20 515 445 273
? 8 619 781 431 682 739 347 151 668
? 8 639 629 731 286 787 771 190 717
? 8 645 720 218 604 442 556 700 691
? 8 686 442 556 218 720 645 584 778
? 8 716 228 335 197 762 650 581 33
? 8 767 568 390 331 240 183 374 301
? 8 772 783 709 503 369 116 231 462
? 8 779 408 689 461 416 687 606 430
? 8 788 738 453 613 256 335 716 361
? 8 19 235 496 655 262 189 726 701
? 8 29 672 291 265 634 38 343 752
? 8 49 510 376 249 172 124 344 519
? 8 58 595 642 203 5 734 397 145
? 8 68 258 377 681 674 204 43 465
? 8 102 751 18 602 270 433 592 749
? 8 114 745 697 615 747 451 728 500
? 8 115 624 502 164 136 694 644 243
? 8 128 51 157 635 633 652 472 141
? 8 133 682 713 781 111 195 205 619
? 8 142 288 715 260 185 221 36 125
? 8 166 149 170 592 797 596 676 541
? 8 167 418 250 8 702 65 253 410
? 8 176 202 44 433 662 602 18 751
? 8 179 51 157 28 376 344 249 652
? 8 184 726 373 545 468 483 272 326
? 8 186 450 255 506 740 416 712 119
? 8 193 537 695 439 230 747 500 238
? 8 194 126 139 790 283 485 94 121
? 8 207 233 39 519 487 124 312 755
? 8 216 603 413 137 192 161 319 266
? 8 251 460 199 47 213 211 768 558
? 8 254 37 472 633 78 93 574 28
? 8 298 714 220 123 159 419 770 191
? 8 317 52 75 188 347 130 501 739
? 8 332 147 169 268 502 164 624 758
? 8 354 744 12 180 610 646 1 363
? 8 379 434 321 316 703 54 263 429
? 8 385 728 537 615 42 747 112 163
? 8 391 304 464 407 733 452 6 658
? 8 394 671 281 471 586 306 77 692
? 8 395 84 600 520 65 232 410 74
? 8 402 651 352 763 208 242 544 404
? 8 411 340 755 318 48 694 623 15
? 8 412 570 532 120 631 675 64 668
? 8 425 387 666 269 77 692 351 529
? 8 428 795 371 770 298 714 220 100
? 8 437 276 710 486 698 525 109 670
? 8 440 493 272 483 468 514 614 680
? 8 457 365 154 3 399 585 523 93
? 8 459 325 768 213 199 653 234 358
? 8 473 762 398 650 309 367 228 526
? 8 475 372 690 241 452 186 658 733
? 8 480 598 361 478 738 256 87 1
? 8 497 326 665 752 634 483 38 373
? 8 504 144 488 679 746 217 463 345
? 8 505 200 578 257 667 152 736 206
? 8 518 609 224 95 713 111 798 195
? 8 528 495 659 40 101 736 667 338
? 8 531 443 759 640 357 50 741 107
? 8 539 267 253 35 702 572 579 98
? 8 546 765 320 280 381 582 438 628
? 8 548 564 370 56 63 45 669 577
? 8 561 160 163 175 656 81 112 282
? 8 566 165 796 98 177 423 579 25
? 8 573 173 388 660 494 390 78 37
? 8 588 98 572 579 796 35 267 711
? 8 611 700 691 119 506 297 255 645
? 8 621 516 489 551 722 678 454 259
? 8 648 289 330 481 727 734 175 589
? 8 649 59 69 591 724 300 484 793
? 8 663 474 444 574 774 78 93 356
? 8 748 408 403 248 687 779 689 594
? 8 753 513 74 389 284 279 141 26
? 8 761 307 677 569 405 680 11 60
? 8 772 783 709 503 369 116 231 462
? 8 785 417 563 198 687 630 732 403
? 8 792 599 315 456 627 381 357 50
? 8 4 789 122 705 206 360 152 536
? 8 13 414 560 146 769 673 711 796
? 8 14 225 465 43 701 674 46 655
? 8 16 538 712 372 450 329 442 241
? 8 19 235 496 655 262 189 726 701
? 8 22 96 113 244 657 706 34 631
? 8 23 107 359 50 357 696 381 628
? 8 29 672 291 265 634 38 343 752
? 8 30 401 754 750 299 293 155 328
? 8 31 127 323 49 576 410 520 124
? 8 41 448 196 80 507 764 769 24
? 8 58 595 642 203 5 734 397 145
? 8 61 683 415 784 623 48 766 129
? 8 70 27 95 797 609 2 750 527
? 8 71 89 715 260 625 221 524 517
? 8 72 630 430 687 689 461 304 408
? 8 73 620 584 723 322 778 556 218
? 8 82 305 344 652 249 389 172 141
? 8 83 617 168 449 799 469 732 201
? 8 85 742 580 517 724 20 550 445
? 8 86 67 522 590 386 118 509 243
? 8 90 730 265 291 322 665 634 497
? 8 91 426 718 711 146 162 622 527
? 8 102 751 18 602 270 433 592 749
? 8 104 756 400 540 288 142 261 21
? 8 106 632 273 515 536 445 278 625
? 8 110 94 126 463 217 345 485 178
? 8 114 745 697 615 747 451 728 500
? 8 115 624 502 164 136 694 644 243
? 8 117 125 540 221 260 789 400 104
? 8 131 143 187 140 366 542 406 503
? 8 132 782 264 478 136 243 318 12
? 8 135 169 766 66 784 707 147 683
? 8 138 587 729 327 406 290 191 542
? 8 150 116 542 462 327 140 647 369
? 8 166 149 170 592 797 596 676 541
? 8 167 418 250 8 702 65 253 410
? 8 181 182 749 270 662 18 205 195
? 8 183 240 331 46 390 377 225 674
? 8 184 726 373 545 468 483 272 326
? 8 190 741 286 640 629 787 443 759
? 8 194 126 139 790 283 485 94 121
? 8 197 716 526 650 165 228 762 177
? 8 215 17 439 32 193 230 258 68
? 8 223 424 552 514 614 521 508 156
? 8 237 236 798 435 328 401 750 174
? 8 245 404 559 555 348 324 651 731
? 8 246 638 259 594 295 477 248 60
? 8 247 567 685 612 524 543 704 300
? 8 251 460 199 47 213 211 768 558
? 8 254 37 472 633 78 93 574 28
? 8 292 368 124 519 415 510 376 239
? 8 302 688 501 482 188 682 205 781
? 8 314 535 353 721 660 494 225 303
? 8 317 52 75 188 347 130 501 739
? 8 341 549 446 362 643 429 338 533
? 8 342 585 399 392 365 583 7 775
? 8 350 793 79 283 300 139 790 626
? 8 375 607 346 743 396 287 311 153
? 8 379 434 321 316 703 54 263 429
? 8 380 334 422 77 214 387 666 269
? 8 393 324 737 348 559 404 555 763
? 8 395 84 600 520 65 232 410 74
? 8 412 570 532 120 631 675 64 668
? 8 421 55 103 294 92 155 513 791
? 8 427 10 577 554 548 763 370 231
? 8 436 209 678 722 227 664 771 454
? 8 440 493 272 483 468 514 614 680
? 8 441 171 306 618 575 641 586 285
? 8 459 325 768 213 199 653 234 358
? 8 467 661 693 662 482 181 205 182
? 8 470 786 708 301 397 589 642 562
? 8 473 762 398 650 309 367 228 526
? 8 480 598 361 478 738 256 87 1
? 8 498 725 571 673 676 746 345 217
? 8 499 760 105 383 306 285 582 108
? 8 504 144 488 679 746 217 463 345
? 8 505 200 578 257 667 152 736 206
? 8 511 654 303 683 784 535 721 314
? 8 518 609 224 95 713 111 798 195
? 8 523 234 365 325 399 585 154 457
? 8 528 495 659 40 101 736 667 338
? 8 547 476 719 512 271 432 543 252
? 8 553 355 34 244 706 92 558 294
? 8 561 160 163 175 656 81 112 282
? 8 565 533 643 21 261 540 362 400
? 8 568 767 390 474 663 301 374 444
? 8 605 343 238 492 695 230 38 57
? 8 606 297 248 477 119 740 779 255
? 8 608 278 550 158 20 515 445 273
? 8 613 312 212 487 361 87 788 15
? 8 635 364 141 128 3 26 652 389
? 8 639 629 731 286 787 771 190 717
? 8 648 289 330 481 727 734 175 589
? 8 684 419 108 296 729 159 698 191
? 8 686 442 556 218 720 645 584 778
? 8 690 464 384 733 475 407 452 780
? 8 699 554 352 455 231 336 10 544
? 8 744 354 646 308 180 12 118 23
? 8 758 516 551 644 164 332 624 621
? 8 761 307 677 569 405 680 11 60
? 8 772 783 709 503 369 116 231 462
? 8 773 173 388 534 239 494 303 654
? 8 794 222 60 295 569 405 307 700
? 8 0 191 290 123 366 406 770 729
? 8 6 735 396 469 407 391 669 464
? 8 9 775 203 5 7 145 583 595
? 8 19 235 496 655 262 189 726 701
? 8 25 423 526 252 650 271 507 80
? 8 29 672 291 265 634 38 343 752
? 8 44 433 202 602 176 751 679 18
? 8 58 595 642 203 5 734 397 145
? 8 62 530 156 489 521 508 405 638
? 8 97 458 466 732 198 168 563 201
? 8 100 616 261 21 148 76 756 400
? 8 102 751 18 602 270 433 592 749
? 8 113 293 299 657 174 22 34 754
? 8 114 745 697 615 747 451 728 500
? 8 115 624 502 164 136 694 644 243
? 8 133 682 713 781 111 195 205 619
? 8 134 384 319 192 593 161 53 241
? 8 135 169 766 66 784 707 147 683
? 8 162 527 718 426 2 91 622 541
? 8 166 149 170 592 797 596 676 541
? 8 167 418 250 8 702 65 253 410
? 8 179 51 157 28 376 344 249 652
? 8 183 240 331 46 390 377 225 674
? 8 184 726 373 545 468 483 272 326
? 8 194 126 139 790 283 485 94 121
? 8 197 716 526 650 165 228 762 177
? 8 207 233 39 519 487 124 312 755
? 8 216 603 413 137 192 161 319 266
? 8 226 529 685 351 612 757 479 641
? 8 229 268 189 552 147 332 530 135
? 8 237 236 798 435 328 401 750 174
? 8 251 460 199 47 213 211 768 558
? 8 254 37 472 633 78 93 574 28
? 8 277 33 581 334 214 269 335 387
? 8 279 284 791 513 103 753 558 294
? 8 280 320 765 546 409 582 381 670
? 8 310 453 214 256 581 335 363 277
? 8 315 599 792 456 627 759 357 50
? 8 317 52 75 188 347 130 501 739
? 8 337 640 308 443 382 646 227 531
? 8 339 420 438 628 471 696 422 281
? 8 349 274 491 275 178 626 121 673
? 8 371 795 428 333 219 313 703 148
? 8 379 434 321 316 703 54 263 429
? 8 380 334 422 77 214 387 666 269
? 8 385 728 537 615 42 747 112 163
? 8 394 671 281 471 586 306 77 692
? 8 395 84 600 520 65 232 410 74
? 8 412 570 532 120 631 675 64 668
? 8 425 387 666 269 77 692 351 529
? 8 437 276 710 486 698 525 109 670
? 8 440 493 272 483 468 514 614 680
? 8 447 24 719 448 79 271 547 543
? 8 459 325 768 213 199 653 234 358
? 8 473 762 398 650 309 367 228 526
? 8 480 598 361 478 738 256 87 1
? 8 490 601 151 435 64 675 328 619
? 8 504 144 488 679 746 217 463 345
? 8 505 200 578 257 667 152 736 206
? 8 518 609 224 95 713 111 798 195
? 8 528 495 659 40 101 736 667 338
? 8 539 267 253 35 702 572 579 98
? 8 557 780 407 53 311 384 464 593
? 8 561 160 163 175 656 81 112 282
? 8 562 32 374 786 777 439 708 470
!
11 14 16 29 38 43 46 53 57 62 68 72 73 90 119 134 137 156 161 184 189 192 204 209 210 216 218 223 225 227 235 241 246 248 255 258 259 262 265 266 272 291 297 304 307 308 319 322 326 329 337 343 372 373 382 384 391 403 407 413 416 424 430 440 442 450 452 454 461 464 465 468 477 483 489 492 496 497 506 508 514 521 530 538 545 552 556 557 569 584 593 594 603 604 605 606 614 620 630 634 638 645 655 658 665 672 674 677 678 680 681 686 689 690 701 712 720 722 723 726 730 733 740 748 752 761 778 779 780 
337 308
382 337
227 382
227 454
678 227
606 416
477 606
266 137
210 266
413 210
603 413
216 603
319 216
319 161
192 319
53 192
593 53
134 593
384 134
780 557
384 780
690 384
733 690
452 658
733 452
464 733
464 407
391 464
304 391
72 304
630 72
430 630
461 430
689 461
779 689
748 779
748 403
248 748
248 477
594 248
246 594
638 246
722 209
678 722
259 678
638 259
489 638
62 489
530 62
156 530
156 508
521 156
424 521
424 552
223 424
29 672
291 29
46 14
225 46
674 225
373 326
545 373
726 545
726 184
496 726
655 496
235 189
235 262
655 235
701 655
465 701
43 465
674 43
68 674
258 68
204 258
681 204
492 681
57 492
605 57
343 605
38 752
38 343
634 38
291 265
634 291
665 634
497 665
483 497
614 223
272 483
272 440
468 272
468 614
514 468
680 514
677 680
677 11
569 604
307 569
307 761
677 307
778 677
372 241
372 329
16 372
538 16
119 740
119 297
255 506
255 119
450 255
712 450
538 712
442 538
442 686
645 442
730 90
322 730
620 322
620 723
73 620
584 73
218 645
584 556
218 584
720 218
778 720
21 24 40 59 69 76 79 85 100 104 106 117 139 142 158 194 261 273 278 283 285 288 300 341 350 362 380 383 394 400 432 441 446 448 473 476 484 495 512 515 528 533 540 543 547 549 565 575 580 591 608 616 618 626 632 643 649 659 684 724 742 756 762 790 793 
441 380
285 684
618 394
495 528
40 495
659 40
341 659
540 100
341 549
362 341
446 362
643 446
533 643
565 533
400 565
285 383
618 285
575 441
618 575
616 618
616 76
756 616
288 142
104 288
756 104
400 756
261 21
400 261
540 400
117 540
632 117
473 762
24 473
793 626
24 448
476 24
476 432
273 632
273 106
278 273
515 278
608 515
158 608
742 158
580 742
85 580
724 85
484 724
69 484
591 69
790 591
283 194
283 139
283 790
793 283
59 649
793 59
476 547
512 476
543 512
79 543
79 300
350 79
793 350
44 70 130 167 176 202 312 347 431 613 662 739 
312 613
167 312
70 167
739 70
739 347
130 739
431 130
662 431
662 202
176 44
176 662
22 27 30 34 55 92 95 96 113 155 174 236 237 244 293 294 299 328 355 401 421 435 490 553 609 657 706 750 754 798 
113 34
22 113
244 706
22 244
96 22
657 96
293 657
30 750
798 237
355 553
92 355
294 55
92 294
421 92
155 421
30 155
435 490
95 27
95 609
798 95
236 798
435 236
328 435
328 174
293 328
754 293
299 754
401 299
401 30
234 523 542 708 
542 708
542 523
234 542
17 42 81 112 114 160 163 175 193 230 238 282 289 330 377 385 439 451 481 500 537 561 615 648 656 695 697 728 745 747 
230 377
481 330
289 481
648 289
81 648
615 728
747 615
451 747
451 114
697 451
745 697
500 745
695 500
230 17
230 238
695 230
193 695
160 561
656 160
81 175
656 81
282 656
282 163
112 282
42 112
537 42
537 385
193 537
193 439
19 60 173 183 186 222 240 279 284 295 331 353 364 388 390 405 436 475 493 494 535 573 611 691 700 753 773 791 794 
284 791
284 279
753 284
364 753
573 364
240 183
331 240
390 331
573 390
388 573
173 773
173 388
494 173
353 494
535 353
19 535
405 19
295 436
611 475
295 493
611 186
611 691
700 611
794 700
295 794
60 405
222 60
222 295
6 23 45 50 56 63 83 88 97 107 140 153 168 171 190 198 201 208 226 242 245 280 281 286 287 306 311 315 320 339 346 351 357 359 370 375 381 396 402 404 408 409 417 420 425 427 438 443 449 456 458 466 469 471 499 529 531 546 548 563 564 577 582 586 597 599 607 617 627 628 629 637 639 640 641 651 664 669 671 685 687 692 696 717 731 732 735 741 743 757 759 765 771 772 785 787 792 799 
772 140
427 772
577 427
370 577
370 63
548 370
564 548
45 564
607 311
375 607
743 375
287 743
287 45
287 153
346 287
396 346
735 6
735 469
396 735
669 396
56 669
449 56
637 208
242 637
456 242
765 546
320 765
320 280
409 320
381 409
792 381
627 792
456 627
315 456
529 425
443 531
640 443
190 640
351 685
529 351
226 529
641 226
641 757
586 641
586 692
171 586
306 171
281 306
671 281
471 671
420 471
339 420
696 339
582 499
438 582
628 438
696 628
359 696
23 359
107 23
50 107
357 50
315 357
759 315
759 599
741 759
286 741
286 787
190 286
771 190
563 198
687 408
785 687
563 785
563 417
732 563
168 732
83 168
617 83
449 617
799 449
201 799
466 201
97 466
458 97
88 458
664 597
88 664
771 88
651 402
245 651
404 245
731 404
731 717
629 731
639 629
771 639
1 12 61 67 86 115 118 132 135 136 147 164 169 180 229 239 243 268 292 332 354 368 386 415 502 509 516 522 551 590 610 621 624 644 646 694 707 744 758 
292 368
415 292
415 239
61 415
707 61
147 229
694 707
502 694
169 502
147 135
147 268
147 169
758 147
386 86
136 132
386 590
243 386
624 115
243 136
624 243
644 624
164 644
758 164
354 610
354 1
12 354
180 12
646 744
180 646
118 180
67 118
522 67
509 522
516 509
551 621
516 551
758 516
332 758
3 5 7 8 9 26 28 31 32 37 47 49 51 58 65 74 78 82 84 93 98 103 124 127 128 141 145 154 157 172 179 199 203 211 213 215 232 249 250 251 253 254 267 301 305 323 325 342 344 356 358 365 374 376 389 392 395 397 399 410 418 444 457 459 460 470 472 474 510 513 519 520 539 558 562 568 572 574 576 583 585 589 595 600 633 635 642 652 653 663 702 727 734 767 768 774 775 777 786 
513 103
74 513
600 395
232 74
84 232
600 84
520 600
65 520
576 65
98 572
267 98
539 267
253 539
702 418
253 702
8 253
410 8
410 250
576 410
323 576
127 323
31 127
124 31
124 519
49 124
510 49
510 376
344 510
249 344
82 249
172 82
305 172
389 305
141 389
767 568
374 767
562 777
32 562
32 215
374 32
301 374
786 301
470 786
397 470
727 589
734 727
397 734
642 397
145 642
203 145
595 58
203 595
5 203
775 5
7 9
583 7
583 775
392 583
342 392
585 342
399 585
365 399
457 365
3 457
154 3
325 154
325 459
358 325
460 558
460 47
199 460
199 251
213 199
211 213
768 211
358 768
653 358
26 653
141 26
141 635
652 141
128 652
157 128
51 179
157 51
28 157
472 28
633 472
37 633
37 254
78 37
574 356
574 93
574 78
474 574
474 663
444 474
774 444
0 4 10 15 20 25 33 36 39 48 54 66 71 77 87 89 99 101 105 108 109 116 122 123 125 129 131 138 143 148 150 152 159 185 187 191 200 206 207 212 214 219 220 221 228 231 233 247 252 256 257 260 263 264 269 271 276 277 290 296 298 303 309 310 313 314 316 318 321 324 327 333 334 335 336 338 340 348 352 360 361 363 366 367 369 371 378 379 387 393 398 406 411 419 422 423 428 429 434 437 445 447 453 455 462 478 479 480 486 487 503 505 511 517 524 525 526 534 536 544 550 554 555 559 567 578 581 587 598 612 623 625 647 650 654 660 666 667 670 683 698 699 703 704 705 709 710 714 715 716 719 721 729 736 737 738 755 760 763 766 770 776 782 783 784 788 789 795 
303 534
721 314
721 660
303 721
654 303
511 654
683 511
784 683
766 784
66 766
129 66
623 129
48 623
340 48
411 340
755 411
39 207
233 755
39 233
487 39
487 212
361 487
361 788
87 361
15 87
264 15
264 318
782 264
478 782
478 480
598 478
256 598
256 738
310 256
310 363
214 310
422 666
77 422
387 269
77 387
334 77
214 334
581 214
335 716
335 453
581 335
33 581
277 33
228 277
719 447
271 719
252 271
25 252
423 25
526 423
650 526
228 650
398 228
309 398
367 309
479 367
776 479
99 776
612 99
612 704
567 612
247 567
524 247
36 524
36 185
715 36
536 360
445 536
20 550
20 445
517 20
625 517
71 625
715 71
715 89
260 715
221 260
125 221
789 125
122 789
4 122
705 4
206 705
200 505
257 200
578 206
152 578
257 152
736 257
736 667
101 736
338 101
54 338
316 429
263 316
263 54
321 263
434 379
434 321
703 434
333 703
313 148
219 313
333 219
371 333
795 371
428 795
770 428
298 770
714 298
220 714
159 220
159 419
105 159
105 760
108 105
296 108
698 296
670 698
710 670
437 710
109 437
276 109
187 131
143 187
366 143
0 366
191 729
191 123
0 191
290 0
290 406
138 290
327 138
327 587
647 327
525 647
525 486
276 525
455 276
378 544
336 378
455 336
699 455
231 699
116 150
709 783
503 709
369 503
116 369
462 116
231 462
10 231
554 10
352 554
763 352
348 737
555 559
348 555
324 348
393 324
763 393
2 13 18 35 41 52 64 75 80 91 94 102 110 111 120 121 126 133 144 146 149 151 162 165 166 170 177 178 181 182 188 195 196 197 205 217 224 270 274 275 302 317 345 349 412 414 426 433 463 467 482 485 488 491 498 501 504 507 518 527 532 541 560 566 570 571 579 588 592 596 601 602 619 622 631 636 661 668 673 675 676 679 682 688 693 711 713 718 725 746 749 751 764 769 781 796 797 
675 601
64 151
675 64
120 675
570 631
532 570
532 412
120 532
668 120
619 668
781 619
781 682
188 781
75 317
52 75
188 52
188 501
688 188
302 688
482 302
693 482
467 693
661 467
182 661
182 181
205 182
111 205
713 133
224 518
195 224
195 713
111 195
749 111
676 571
18 102
270 749
18 270
751 18
602 751
602 433
592 602
170 592
676 170
596 676
541 596
504 144
488 504
94 110
498 725
746 498
746 679
488 746
217 488
217 463
345 217
94 345
178 275
485 178
126 94
485 126
121 485
274 121
349 274
527 162
507 196
80 507
41 80
764 41
769 764
673 769
491 349
673 491
414 673
560 414
13 560
146 13
2 527
718 2
541 718
797 166
149 797
541 149
622 541
426 622
91 426
711 91
146 711
796 146
566 796
579 566
579 588
35 579
636 35
165 197
177 165
636 177
