? 5 0 635 453 297 621
? 5 1 68 444 64 480
? 5 2 493 40 104 501
? 5 3 303 97 446 561
? 5 4 377 519 125 723
? 5 5 456 304 364 517
? 5 6 538 572 52 96
? 5 7 155 749 375 292
? 5 8 351 57 780 792
? 5 9 83 375 292 610
? 5 10 244 669 329 683
? 5 11 231 508 264 798
? 5 12 239 411 529 481
? 5 13 591 424 670 637
? 5 14 506 181 234 570
? 5 15 120 444 249 690
? 5 16 284 745 328 353
? 5 17 79 612 605 195
? 5 18 399 312 781 569
? 5 19 778 354 505 542
? 5 20 486 201 281 729
? 5 21 769 665 267 641
? 5 22 653 617 368 427
? 5 23 489 87 168 242
? 5 24 32 758 305 361
? 5 25 314 268 646 274
? 5 26 129 694 566 711
? 5 27 327 393 648 258
? 5 28 787 671 128 214
? 5 29 290 755 480 687
? 5 30 532 330 169 195
? 5 31 69 337 89 522
? 5 33 307 63 672 394
? 5 34 692 496 210 108
? 5 35 742 123 671 147
? 5 36 103 550 501 300
? 5 37 491 566 26 129
? 5 38 237 523 733 413
? 5 39 64 143 145 117
? 5 41 728 366 225 516
? 5 42 419 550 178 162
? 5 43 280 490 669 45
? 5 44 321 555 319 601
? 5 46 596 619 647 333
? 5 47 629 531 465 474
? 5 48 318 520 278 133
? 5 49 185 176 469 341
? 5 50 211 435 675 286
? 5 51 608 98 219 250
? 5 53 547 179 575 335
? 5 54 140 726 159 244
? 5 55 373 105 346 316
? 5 56 135 539 726 140
? 5 58 482 332 252 161
? 5 59 172 384 524 260
? 5 60 112 479 361 82
? 5 61 525 379 322 371
? 5 62 552 515 499 407
? 5 65 498 624 634 735
? 5 66 400 350 80 504
? 5 67 476 472 165 535
? 5 70 241 541 365 246
? 5 71 707 390 685 139
? 5 72 294 304 456 376
? 5 73 146 637 676 714
? 5 74 583 311 200 691
? 5 75 679 419 572 42
? 5 76 771 713 443 495
? 5 77 128 773 90 238
? 5 78 715 388 720 404
? 5 81 180 387 593 783
? 5 84 204 727 425 101
? 5 85 415 426 622 503
? 5 86 392 277 108 338
? 5 88 363 356 277 392
? 5 91 380 760 663 557
? 5 92 548 555 45 44
? 5 93 198 660 430 343
? 5 94 589 405 555 44
? 5 95 735 624 403 661
? 5 99 167 511 243 466
? 5 100 746 188 754 275
? 5 102 469 176 420 651
? 5 106 521 187 143 374
? 5 107 126 396 607 544
? 5 109 768 417 281 156
? 5 110 788 548 92 174
? 5 111 309 488 494 678
? 5 113 452 776 737 714
? 5 114 385 632 731 98
? 5 115 300 550 367 471
? 5 116 274 446 141 314
? 5 118 202 750 793 592
? 5 119 485 703 734 582
? 5 121 142 352 761 475
? 5 122 519 723 760 377
? 5 124 190 529 226 418
? 5 127 762 191 313 396
? 5 130 579 512 610 634
? 5 131 782 776 360 113
? 5 132 429 409 673 634
? 5 134 208 519 451 377
? 5 136 63 33 307 530
? 5 137 450 467 271 410
? 5 138 248 623 291 220
? 5 144 667 662 666 232
? 5 148 448 478 602 502
? 5 149 288 719 544 607
? 5 150 649 501 493 103
? 5 151 573 613 314 25
? 5 152 386 96 662 52
? 5 153 646 268 25 314
? 5 154 401 168 489 87
? 5 157 611 569 459 781
? 5 158 194 215 642 445
? 5 160 585 759 347 779
? 5 163 416 476 67 535
? 5 164 207 625 545 430
? 5 166 565 790 543 254
? 5 170 406 287 717 441
? 5 171 756 655 745 600
? 5 173 789 440 709 447
? 5 175 487 641 177 21
? 5 182 82 493 112 199
? 5 183 435 286 50 211
? 5 184 711 751 656 694
? 5 186 376 356 432 277
? 5 189 205 315 695 595
? 5 192 674 513 699 704
? 5 193 455 722 221 408
? 5 196 259 289 451 134
? 5 197 323 428 460 751
? 5 203 195 605 348 590
? 5 206 210 294 108 72
? 5 209 776 613 452 737
? 5 212 269 283 708 464
? 5 213 372 76 771 664
? 5 216 563 414 422 200
? 5 217 89 69 429 579
? 5 218 727 84 101 468
? 5 222 461 497 533 549
? 5 223 584 570 614 299
? 5 224 757 19 778 532
? 5 227 562 355 279 717
? 5 228 270 309 678 689
? 5 229 767 404 301 715
? 5 230 693 442 340 633
? 5 233 604 312 731 479
? 5 235 709 440 362 347
? 5 236 403 372 732 443
? 5 240 238 587 348 773
? 5 245 369 262 542 505
? 5 247 721 534 598 272
? 5 251 487 554 345 175
? 5 253 174 741 492 482
? 5 255 798 358 11 231
? 5 256 431 681 500 753
? 5 257 423 514 640 651
? 5 261 603 546 436 730
? 5 263 333 90 773 330
? 5 265 354 586 331 19
? 5 266 736 464 518 273
? 5 276 704 630 192 674
? 5 282 729 412 281 20
? 5 285 298 736 283 710
? 5 293 639 397 633 340
? 5 295 659 753 702 435
? 5 296 743 705 394 770
? 5 302 713 698 495 475
? 5 306 636 750 118 202
? 5 308 682 433 765 477
? 5 310 761 725 730 546
? 5 317 535 165 156 67
? 5 320 161 332 58 482
? 5 324 425 101 204 84
? 5 325 214 787 655 684
? 5 326 410 599 137 450
? 5 334 471 367 144 667
? 5 336 620 470 454 582
? 5 339 499 720 388 304
? 5 342 641 378 103 175
? 5 344 597 117 709 374
? 5 349 690 357 507 120
? 5 359 473 13 591 702
? 5 370 345 390 162 707
? 5 381 794 276 630 704
? 5 382 686 687 290 397
? 5 383 246 541 241 697
? 5 389 398 564 755 528
? 5 391 232 666 415 426
? 5 395 784 777 497 586
? 5 402 747 462 559 405
? 5 421 556 639 578 463
? 5 434 539 739 243 657
? 5 437 468 324 101 434
? 5 438 612 200 17 79
? 5 439 558 87 168 489
? 5 449 69 89 642 158
? 5 457 798 264 358 231
? 5 458 795 254 790 472
? 5 483 466 167 99 657
? 5 484 83 337 530 552
? 5 509 518 464 708 269
? 5 510 580 416 496 527
? 5 526 799 673 691 311
? 5 536 125 723 734 557
? 5 537 592 306 218 118
? 5 540 287 135 645 170
? 5 551 364 522 5 456
? 5 553 527 700 338 580
? 5 560 738 187 299 614
? 5 567 433 477 627 765
? 5 568 459 611 157 486
? 5 571 740 594 260 791
? 5 574 706 349 357 690
? 5 576 316 670 424 105
? 5 577 146 671 123 35
? 5 581 520 318 278 48
? 5 588 672 33 307 63
? 5 606 352 302 713 716
? 5 609 17 417 438 612
? 5 615 797 760 122 451
? 5 616 346 702 55 105
? 5 618 658 523 413 792
? 5 626 653 22 621 635
? 5 628 651 366 420 41
? 5 631 279 774 227 562
? 5 638 590 365 241 353
? 5 643 664 545 164 213
? 5 644 221 722 408 786
? 5 650 725 513 674 504
? 5 652 470 514 582 336
? 5 654 477 433 627 567
? 5 668 300 677 431 104
? 5 680 585 765 693 230
? 5 688 759 779 585 633
? 5 696 474 640 423 514
? 5 701 732 343 403 95
? 5 712 553 700 690 349
? 5 718 147 762 90 742
? 5 724 126 107 396 544
? 5 744 488 250 309 111
? 5 748 627 534 362 654
? 5 752 81 730 593 777
? 5 763 779 759 68 447
? 5 764 502 271 602 450
? 5 766 139 345 685 251
? 5 772 8 618 780 792
? 5 775 662 667 144 666
? 5 785 782 123 127 396
? 5 796 301 754 746 404
? 5 0 635 453 297 621
? 5 4 377 519 125 723
? 5 9 83 375 292 610
? 5 12 239 411 529 481
? 5 27 327 393 648 258
? 5 38 237 523 733 413
? 5 40 104 2 82 493
? 5 46 596 619 647 333
? 5 57 275 8 208 134
? 5 59 172 384 524 260
? 5 61 525 379 322 371
? 5 66 400 350 80 504
? 5 70 241 541 365 246
? 5 71 707 390 685 139
? 5 74 583 311 200 691
? 5 78 715 388 720 404
? 5 85 415 426 622 503
? 5 88 363 356 277 392
? 5 93 198 660 430 343
? 5 97 3 603 549 533
? 5 130 579 512 610 634
? 5 132 429 409 673 634
? 5 133 48 278 318 520
? 5 138 248 623 291 220
? 5 141 268 446 646 303
? 5 149 288 719 544 607
? 5 151 573 613 314 25
? 5 152 386 96 662 52
? 5 153 646 268 25 314
? 5 163 416 476 67 535
? 5 169 563 422 414 30
? 5 181 432 14 560 506
? 5 186 376 356 432 277
? 5 188 100 746 754 275
? 5 191 313 762 127 607
? 5 193 455 722 221 408
? 5 201 486 20 459 611
? 5 207 545 660 430 164
? 5 212 269 283 708 464
? 5 215 158 445 194 535
? 5 219 479 608 98 51
? 5 223 584 570 614 299
? 5 225 41 728 420 366
? 5 226 124 273 190 418
? 5 234 506 275 14 57
? 5 242 23 154 489 401
? 5 249 480 507 15 120
? 5 252 492 368 617 482
? 5 257 423 514 640 651
? 5 259 196 289 451 772
? 5 261 603 546 436 730
? 5 262 245 369 542 422
? 5 267 769 478 665 21
? 5 272 733 237 38 618
? 5 280 43 490 669 45
? 5 296 743 705 394 770
? 5 298 285 508 231 11
? 5 315 205 625 189 595
? 5 320 161 332 58 482
? 5 323 197 428 460 138
? 5 335 575 699 53 192
? 5 341 49 185 485 176
? 5 342 641 378 103 175
? 5 351 780 792 8 413
? 5 355 279 227 159 329
? 5 360 676 123 782 131
? 5 382 686 687 290 397
? 5 383 246 541 241 697
? 5 385 114 632 731 98
? 5 387 180 783 593 81
? 5 391 232 666 415 426
? 5 398 389 564 528 755
? 5 399 18 312 781 70
? 5 412 282 565 729 166
? 5 441 406 170 717 358
? 5 454 336 620 470 767
? 5 457 798 264 358 231
? 5 461 647 533 549 222
? 5 465 743 296 770 47
? 5 483 466 167 99 657
? 5 491 37 225 516 728
? 5 494 678 111 332 309
? 5 500 758 256 431 675
? 5 511 425 204 84 324
? 5 515 407 62 514 620
? 5 521 106 48 581 143
? 5 538 6 572 52 96
? 5 540 287 135 645 170
? 5 543 166 786 408 744
? 5 547 53 561 179 575
? 5 559 462 442 340 747
? 5 568 459 611 157 486
? 5 574 706 349 357 690
? 5 576 316 670 424 105
? 5 578 463 421 297 453
? 5 588 672 33 307 63
? 5 597 344 374 223 584
? 5 598 721 237 733 38
? 5 599 202 326 793 750
? 5 600 399 171 758 18
? 5 601 319 321 774 44
? 5 606 352 302 713 716
? 5 626 653 22 621 635
? 5 628 651 366 420 41
? 5 629 531 47 516 366
? 5 636 750 306 202 118
? 5 638 590 365 241 353
? 5 644 221 722 408 786
? 5 649 150 267 478 769
? 5 656 663 184 711 26
? 5 661 735 95 624 593
? 5 677 367 681 431 668
? 5 679 75 371 390 419
? 5 680 585 765 693 230
? 5 683 657 244 10 54
? 5 684 328 353 284 325
? 5 689 270 112 479 60
? 5 695 189 595 770 205
? 5 696 474 640 423 514
? 5 710 273 736 266 285
? 5 724 126 107 396 544
? 5 741 492 174 368 253
? 5 749 7 588 155 672
? 5 757 224 19 354 532
? 5 764 502 271 602 450
? 5 775 662 667 144 666
? 5 791 594 271 764 467
? 5 794 381 276 80 400
? 5 797 615 760 220 122
? 5 0 635 453 297 621
? 5 4 377 519 125 723
? 5 9 83 375 292 610
? 5 12 239 411 529 481
? 5 16 284 745 328 353
? 5 24 32 758 305 361
? 5 27 327 393 648 258
? 5 28 787 671 128 214
? 5 31 69 337 89 522
? 5 34 692 496 210 108
? 5 39 64 143 145 117
? 5 40 104 2 82 493
? 5 46 596 619 647 333
? 5 50 211 435 675 286
? 5 56 135 539 726 140
? 5 59 172 384 524 260
? 5 61 525 379 322 371
? 5 65 498 624 634 735
? 5 66 400 350 80 504
? 5 71 707 390 685 139
!
3 17 19 30 65 74 79 81 90 97 169 180 195 200 203 216 222 224 238 240 245 261 262 263 265 303 311 330 331 333 348 354 387 395 414 422 436 438 461 497 498 505 532 533 542 546 549 563 583 586 587 590 593 596 603 605 612 619 624 638 647 661 691 730 752 757 773 777 778 783 784 
65 498
624 65
661 624
593 661
180 783
180 387
81 180
593 81
752 593
603 261
546 603
436 546
730 436
752 730
777 752
497 777
497 222
395 497
784 395
586 784
331 586
619 331
647 461
3 303
97 3
533 97
549 533
647 549
596 647
619 596
333 619
263 333
263 90
330 263
30 330
532 30
224 532
224 757
19 224
354 265
19 354
542 19
778 542
505 778
245 505
262 245
422 262
563 422
563 169
414 563
216 414
200 216
311 74
311 691
583 311
200 583
438 200
612 438
79 612
17 79
605 17
195 605
203 195
590 638
203 590
348 203
240 348
587 240
238 587
773 238
23 53 66 76 80 87 93 95 121 142 153 154 164 168 179 189 192 198 205 207 213 236 242 268 276 302 310 315 335 343 350 352 372 400 401 403 430 439 443 475 489 495 504 513 545 547 558 561 575 595 606 625 630 643 646 650 660 664 674 695 698 699 701 704 713 716 725 732 735 761 771 
646 268
153 646
242 153
154 242
154 401
168 154
439 558
87 439
168 87
489 23
168 489
575 168
198 545
164 198
302 713
771 302
343 93
735 95
403 735
236 403
732 236
701 732
343 701
430 343
430 660
164 430
205 315
595 205
189 695
595 189
625 595
625 207
164 625
664 164
664 643
213 664
372 213
443 372
76 771
443 76
495 443
698 495
121 698
725 650
761 725
761 310
121 761
674 179
547 561
53 547
575 53
335 699
575 335
192 575
192 513
674 192
704 674
630 704
276 630
80 276
350 504
80 350
400 80
66 400
716 66
352 716
352 606
475 352
121 142
475 121
186 187 363 432 560 
432 187
432 363
432 186
432 560
84 99 101 118 202 204 218 243 324 326 410 425 434 437 466 468 483 511 537 592 599 636 727 750 793 
326 410
599 326
202 599
202 793
750 636
202 750
118 202
592 118
537 592
218 537
101 218
468 101
437 434
468 437
324 468
204 324
84 727
425 84
204 425
511 204
466 243
466 483
99 466
511 99
794 
5 15 34 72 86 108 120 163 206 210 249 277 294 304 338 349 356 357 376 392 416 444 456 480 496 507 510 527 553 574 580 690 692 700 706 712 
277 356
376 277
304 5
456 304
72 456
294 72
376 294
392 376
444 120
15 444
249 15
480 249
507 480
357 507
706 574
357 706
690 357
349 690
712 349
700 712
700 553
338 700
392 338
86 392
108 86
108 206
210 108
692 210
34 692
496 34
580 496
510 580
416 163
510 416
527 510
9 130 132 217 369 409 429 512 526 579 634 673 799 
512 9
132 369
579 512
579 130
217 579
429 217
634 409
429 634
429 132
673 429
526 673
526 799
112 182 199 228 270 327 393 648 
648 393
648 327
199 648
182 199
112 182
270 112
228 270
381 763 
381 763
385 689 749 
689 749
689 385
54 244 329 540 631 
329 540
244 631
244 54
329 244
10 11 43 44 45 56 92 94 135 140 159 160 167 170 227 231 235 255 264 279 280 287 319 321 340 347 355 358 402 405 406 440 441 457 462 490 508 539 555 559 562 585 589 601 633 645 657 669 683 688 693 709 717 726 739 747 759 774 779 798 
440 709
235 440
347 235
779 347
759 688
759 779
585 759
585 160
693 585
633 693
340 633
559 340
462 559
747 462
402 747
405 402
94 405
589 94
555 589
44 555
321 44
319 321
601 319
774 601
279 774
355 159
227 355
227 279
717 227
11 255
11 508
231 11
264 231
798 264
798 457
358 798
441 358
406 441
717 406
717 562
170 717
287 170
287 645
135 287
56 135
539 56
726 140
539 726
739 539
657 739
657 167
683 657
10 683
43 280
490 43
45 92
490 45
669 490
10 669
20 31 67 69 89 109 156 158 194 201 215 254 281 282 317 337 412 417 445 449 458 472 476 484 486 522 535 565 642 729 768 790 795 
795 458
254 795
790 254
565 790
412 565
282 412
729 282
486 201
20 486
729 20
281 729
109 281
417 109
337 484
337 522
31 337
69 31
69 89
449 69
642 449
642 194
158 642
158 215
445 158
535 445
476 472
67 476
535 67
317 535
156 317
417 156
768 417
21 148 150 258 267 478 649 665 769 
148 258
649 150
478 649
478 148
769 478
21 769
21 665
267 21
12 230 239 308 362 411 433 442 477 481 529 534 567 627 654 680 682 748 765 
411 481
529 411
239 529
12 239
680 12
230 442
680 230
765 680
682 765
308 682
433 308
433 567
477 433
654 477
627 654
748 627
748 534
748 362
2 16 24 25 28 32 36 40 60 70 71 73 82 103 104 107 113 123 126 127 128 131 139 147 151 162 171 175 178 191 209 214 241 246 256 284 288 305 313 314 325 328 342 353 360 361 365 370 383 390 396 452 479 493 500 501 541 544 550 573 577 600 607 613 637 641 671 676 684 707 714 718 724 737 742 745 756 758 762 776 782 785 787 
390 139
707 71
390 707
370 390
162 370
178 162
550 178
36 550
103 36
641 342
641 175
103 641
501 103
493 501
2 493
104 2
104 40
82 104
361 82
60 479
361 60
305 361
24 305
32 24
500 256
758 500
758 32
600 758
171 600
756 171
745 756
284 745
284 16
684 284
541 70
246 383
541 246
241 541
365 241
353 365
353 328
684 353
325 684
787 325
28 128
787 28
214 787
671 214
577 671
123 577
785 123
544 607
544 288
544 107
396 544
126 724
396 126
127 396
147 742
718 147
762 718
762 191
313 762
127 313
785 127
782 785
782 131
360 782
676 360
676 113
73 637
676 73
714 676
714 737
452 714
314 151
314 25
573 314
613 573
209 613
452 209
776 452
6 13 42 50 52 55 61 85 96 105 115 144 152 211 232 286 295 300 316 322 334 346 359 367 371 373 379 386 391 415 419 424 426 431 435 471 473 503 525 572 576 591 616 622 659 662 666 667 670 675 677 681 702 753 775 
525 371
525 61
379 525
322 379
572 322
419 42
572 419
6 572
52 6
96 52
775 96
232 775
232 391
144 232
85 622
667 144
386 152
662 386
667 662
666 667
426 666
415 85
426 415
503 426
471 503
300 115
367 300
471 334
367 471
677 367
431 677
681 431
295 681
316 576
359 473
591 359
13 591
670 13
670 424
105 670
105 316
55 105
373 55
346 373
616 346
702 616
659 753
295 659
702 295
675 286
211 675
211 50
435 211
702 435
165 306 320 455 
455 165
320 455
306 320
4 26 37 41 49 102 119 129 176 185 225 323 341 366 420 469 485 491 516 536 566 628 651 694 703 711 728 734 
711 323
536 4
734 536
119 734
703 119
485 703
185 485
185 341
49 185
176 49
176 102
469 176
420 469
366 628
366 225
651 420
366 651
41 366
728 41
728 516
491 728
37 491
566 37
26 129
566 26
711 566
711 694
62 78 91 100 122 125 134 184 188 196 197 208 259 275 289 301 339 377 380 388 404 451 499 519 557 656 663 715 720 723 746 751 754 760 796 
751 197
184 751
656 184
663 656
91 663
380 91
760 380
760 557
122 760
723 122
723 125
519 723
377 519
451 377
289 259
196 289
451 196
134 451
208 134
275 208
746 275
100 188
746 100
754 746
796 754
499 62
339 499
388 339
720 388
720 715
404 720
404 78
796 404
796 301
8 14 38 57 181 223 234 237 247 272 299 351 413 506 523 570 584 598 614 618 658 721 733 738 772 780 792 
614 738
299 614
570 299
584 223
570 584
14 570
506 181
14 506
234 14
57 234
8 772
8 57
351 8
721 598
247 721
272 247
733 272
733 237
523 733
413 38
413 523
780 413
780 351
792 780
618 792
658 618
29 290 293 382 389 397 398 421 528 556 564 639 686 687 755 
556 398
397 293
686 397
382 686
389 528
564 389
755 564
29 755
290 29
290 382
687 290
556 687
556 421
556 639
0 22 58 110 111 161 166 174 193 221 252 253 297 309 332 368 408 427 453 463 482 488 492 494 543 548 578 617 621 626 635 644 653 678 722 741 744 786 788 
722 193
408 786
408 166
408 722
221 408
644 221
427 644
617 427
492 617
548 788
110 548
174 110
174 253
174 741
492 174
463 578
297 463
297 453
635 297
635 0
635 621
653 635
653 626
22 653
368 22
492 368
252 492
482 252
58 482
332 58
332 161
494 332
678 494
111 678
309 111
488 309
744 488
543 744
1 39 48 64 68 106 117 133 143 145 173 278 318 344 374 447 520 521 581 597 789 
789 447
173 789
145 173
133 278
318 133
374 597
106 521
143 106
520 581
318 520
48 318
143 48
1 68
64 1
143 64
39 143
145 39
117 145
344 117
374 344
46 77 116 141 149 274 446 609 697 719 
697 609
77 697
46 77
149 46
719 149
274 719
116 141
274 116
446 274
27 75 378 448 679 685 
448 27
378 448
685 378
679 685
75 679
83 88 296 551 696 
296 696
83 296
551 83
551 88
59 137 172 177 251 260 271 345 384 450 467 487 502 524 554 571 594 602 740 764 766 791 
345 766
554 345
251 554
487 251
177 487
524 177
384 59
384 172
260 384
260 524
594 260
467 137
571 740
594 571
791 594
271 791
502 764
502 602
271 502
450 271
467 450
35 146 183 538 655 668 
183 35
668 538
183 668
183 146
655 183
124 190 212 226 266 269 273 283 285 298 418 464 509 518 708 710 736 
518 509
269 708
283 212
269 283
464 269
518 464
266 518
124 418
226 124
226 190
273 226
285 298
736 285
266 736
273 266
710 273
18 51 98 114 157 219 233 250 312 399 459 568 569 604 608 611 632 731 781 
233 604
18 233
18 399
781 18
611 568
459 611
157 459
569 157
781 312
569 781
731 569
51 250
608 219
51 608
98 51
114 98
114 632
731 114
138 220 248 291 428 460 615 623 797 
428 460
291 428
623 138
615 797
220 615
248 220
623 248
623 291
7 33 47 63 136 155 229 257 292 307 336 364 375 394 407 423 454 465 470 474 514 515 517 530 531 552 582 588 610 620 629 640 652 672 705 743 767 770 
517 364
552 517
470 652
767 229
454 767
336 454
470 582
336 470
620 336
515 620
423 257
640 474
423 640
514 423
515 514
407 515
552 407
530 552
292 155
292 610
375 292
7 375
588 7
531 629
47 531
465 47
743 465
770 743
705 770
394 705
307 394
672 588
33 672
33 307
63 33
136 63
530 136
