? 6 0 112 93 697 390 671
? 6 1 245 356 268 414 355
? 6 2 195 325 644 133 650
? 6 3 67 376 400 279 307
? 6 4 475 32 680 173 636
? 6 5 705 128 274 24 527
? 6 6 382 754 290 143 545
? 6 7 740 345 368 480 732
? 6 8 237 16 567 73 619
? 6 9 518 770 55 715 747
? 6 10 116 748 644 560 785
? 6 11 121 109 58 585 327
? 6 12 602 604 738 500 298
? 6 13 54 200 155 690 517
? 6 14 337 30 719 768 410
? 6 15 341 178 122 580 159
? 6 17 120 777 788 74 704
? 6 18 275 118 648 685 570
? 6 19 491 347 219 448 403
? 6 20 609 176 718 494 629
? 6 21 563 207 798 701 159
? 6 22 163 152 111 115 577
? 6 23 630 60 27 743 142
? 6 25 613 758 226 786 107
? 6 26 397 723 430 521 659
? 6 28 110 553 614 616 652
? 6 29 223 346 693 740 7
? 6 31 531 584 670 724 544
? 6 33 510 711 456 664 559
? 6 34 172 134 788 581 468
? 6 35 490 782 329 755 95
? 6 36 197 310 537 313 550
? 6 37 174 422 672 101 588
? 6 38 351 210 414 186 541
? 6 39 75 615 220 371 498
? 6 40 156 270 82 244 197
? 6 41 113 316 409 493 359
? 6 42 405 623 103 53 302
? 6 43 201 202 353 622 418
? 6 44 538 423 688 374 196
? 6 45 634 92 126 656 590
? 6 46 797 329 773 281 490
? 6 47 591 726 752 287 188
? 6 48 291 690 88 278 200
? 6 49 762 473 514 408 56
? 6 50 536 564 251 558 272
? 6 51 581 134 250 214 34
? 6 52 303 146 128 5 24
? 6 57 300 59 576 540 432
? 6 61 198 169 756 235 294
? 6 62 624 216 646 314 357
? 6 63 403 123 277 78 491
? 6 64 626 129 238 317 477
? 6 65 725 293 761 183 540
? 6 66 266 348 768 271 507
? 6 68 142 743 558 90 272
? 6 69 787 784 289 657 516
? 6 70 77 280 736 519 301
? 6 71 574 799 273 141 459
? 6 72 309 146 303 177 52
? 6 76 371 75 220 386 39
? 6 79 225 429 512 321 483
? 6 80 312 372 515 675 631
? 6 81 783 188 735 287 161
? 6 83 215 297 264 769 251
? 6 84 424 339 151 436 249
? 6 85 746 639 276 795 389
? 6 86 212 304 717 651 560
? 6 87 135 668 628 622 679
? 6 89 404 601 452 342 478
? 6 91 625 530 324 387 243
? 6 94 457 789 640 415 166
? 6 96 416 695 284 379 292
? 6 97 148 287 188 726 149
? 6 98 512 791 439 321 429
? 6 99 745 547 349 261 621
? 6 100 575 650 139 153 67
? 6 102 578 322 601 570 773
? 6 104 528 218 381 327 340
? 6 105 282 796 335 675 437
? 6 106 386 390 606 697 635
? 6 108 130 474 166 415 763
? 6 114 532 499 207 234 563
? 6 117 447 522 692 593 345
? 6 119 427 701 443 508 631
? 6 124 251 360 703 696 83
? 6 125 187 727 729 55 394
? 6 127 192 691 421 659 253
? 6 131 330 485 107 430 751
? 6 132 158 626 64 453 471
? 6 136 228 463 504 205 710
? 6 137 767 462 583 790 498
? 6 138 482 484 731 256 440
? 6 140 713 392 254 676 180
? 6 144 681 286 605 670 552
? 6 145 469 90 60 698 743
? 6 147 423 688 342 538 44
? 6 150 494 239 719 20 176
? 6 154 453 263 240 799 543
? 6 157 779 695 15 368 438
? 6 160 572 288 432 88 576
? 6 162 464 631 508 427 159
? 6 164 555 292 779 509 73
? 6 165 257 558 90 68 251
? 6 167 636 295 393 775 620
? 6 168 388 503 796 515 322
? 6 170 333 526 320 183 638
? 6 171 486 525 549 666 252
? 6 175 739 431 674 358 643
? 6 179 742 680 766 781 32
? 6 181 704 454 17 120 777
? 6 182 139 153 100 575 187
? 6 184 185 763 166 474 130
? 6 189 437 335 372 282 675
? 6 190 358 665 749 395 731
? 6 191 315 189 278 101 437
? 6 193 666 466 252 363 486
? 6 194 537 265 197 244 310
? 6 199 548 233 524 535 527
? 6 203 262 180 676 620 393
? 6 204 230 370 524 595 274
? 6 206 780 354 610 403 277
? 6 208 380 641 520 760 375
? 6 209 793 149 496 97 451
? 6 211 652 375 614 513 300
? 6 213 502 603 308 691 127
? 6 217 586 616 229 553 663
? 6 221 699 600 580 122 80
? 6 222 246 617 678 260 256
? 6 224 487 749 367 566 753
? 6 227 443 280 562 798 119
? 6 231 205 621 349 544 261
? 6 232 791 98 383 543 512
? 6 236 396 569 385 627 435
? 6 241 692 737 732 345 447
? 6 242 465 338 653 413 594
? 6 247 364 653 465 738 298
? 6 248 298 738 413 338 653
? 6 255 319 561 460 656 467
? 6 258 234 420 499 284 114
? 6 259 328 495 436 449 348
? 6 267 74 316 757 730 120
? 6 269 716 384 472 714 663
? 6 283 99 547 261 349 745
? 6 285 599 685 476 517 377
? 6 296 552 706 649 402 605
? 6 299 679 668 410 589 768
? 6 305 700 628 343 668 299
? 6 306 710 694 504 463 136
? 6 311 525 256 549 440 252
? 6 318 607 173 363 636 728
? 6 323 539 434 546 530 387
? 6 326 413 594 662 344 338
? 6 331 433 400 707 373 445
? 6 332 459 669 273 141 683
? 6 334 235 571 198 350 161
? 6 336 468 214 323 458 530
? 6 352 505 752 684 612 793
? 6 361 729 727 794 610 551
? 6 362 467 665 367 395 308
? 6 365 698 769 297 615 767
? 6 366 682 133 373 195 325
? 6 369 442 513 641 375 696
? 6 378 643 674 759 739 406
? 6 391 677 557 542 608 703
? 6 398 266 418 589 768 353
? 6 399 435 501 765 776 236
? 6 401 592 509 619 598 555
? 6 407 565 470 4 533 486
? 6 411 78 123 212 618 645
? 6 412 109 531 121 31 144
? 6 417 567 237 545 8 16
? 6 419 461 286 764 649 587
? 6 425 546 434 387 384 539
? 6 426 343 700 688 441 305
? 6 428 711 559 510 33 676
? 6 444 751 226 107 632 485
? 6 446 568 294 235 456 759
? 6 450 535 595 651 774 548
? 6 455 27 23 630 60 743
? 6 479 761 243 324 293 110
? 6 481 301 596 519 736 584
? 6 488 647 619 594 401 237
? 6 489 708 185 184 214 458
? 6 492 775 658 295 579 742
? 6 497 115 577 152 143 290
? 6 506 689 778 734 201 43
? 6 511 477 129 317 661 64
? 6 523 406 534 728 466 363
? 6 529 310 313 633 550 36
? 6 554 16 73 346 567 8
? 6 556 158 225 483 238 471
? 6 573 671 340 585 327 0
? 6 582 709 673 627 27 630
? 6 597 714 472 716 269 229
? 6 611 686 320 377 517 54
? 6 637 507 449 495 66 348
? 6 642 452 246 89 601 404
? 6 654 500 604 247 364 602
? 6 655 771 379 344 598 662
? 6 660 249 339 216 436 62
? 6 667 790 583 137 228 136
? 6 687 520 760 360 696 391
? 6 702 441 685 478 476 18
? 6 712 408 56 473 762 49
? 6 720 133 644 195 2 366
? 6 721 684 505 352 722 612
? 6 733 593 522 447 693 117
? 6 741 153 770 139 575 518
? 6 744 307 376 279 445 707
? 6 750 302 528 53 635 623
? 6 772 760 288 672 588 520
? 6 792 590 735 126 571 161
? 6 1 245 356 268 414 355
? 6 6 382 754 290 143 545
? 6 10 116 748 644 560 785
? 6 11 121 109 58 585 327
? 6 13 54 200 155 690 517
? 6 28 110 553 614 616 652
? 6 30 14 337 410 768 589
? 6 37 174 422 672 101 588
? 6 42 405 623 103 53 302
? 6 51 581 134 250 214 34
? 6 59 432 576 300 57 572
? 6 61 198 169 756 235 294
? 6 69 787 784 289 657 516
? 6 76 371 75 220 386 39
? 6 86 212 304 717 651 560
? 6 95 755 782 737 692 35
? 6 96 416 695 284 379 292
? 6 105 282 796 335 675 437
? 6 111 22 152 577 115 497
? 6 112 0 93 504 697 671
? 6 113 41 316 409 493 730
? 6 131 330 485 107 430 751
? 6 140 713 392 254 676 180
? 6 145 469 90 60 698 743
? 6 147 423 688 342 538 44
? 6 148 97 287 188 726 92
? 6 160 572 288 432 88 576
? 6 163 22 533 565 755 522
? 6 171 486 525 549 666 252
? 6 177 72 309 366 133 720
? 6 181 704 454 17 120 777
? 6 194 537 265 197 244 310
? 6 196 374 44 538 753 566
? 6 204 230 370 524 595 274
? 6 210 38 355 414 541 351
? 6 213 502 603 308 691 127
? 6 215 297 769 767 83 137
? 6 217 586 616 229 553 663
? 6 239 150 719 494 14 30
? 6 240 471 263 483 453 383
? 6 253 421 192 176 691 127
? 6 258 234 420 499 284 114
? 6 260 256 678 222 311 490
? 6 264 83 703 608 667 215
? 6 270 40 156 82 605 552
? 6 271 348 66 314 719 646
? 6 276 639 85 746 704 795
? 6 281 388 46 797 503 322
? 6 283 99 547 261 349 745
? 6 296 552 706 649 402 605
? 6 347 541 219 448 19 38
? 6 350 161 756 735 334 783
? 6 357 521 192 253 62 216
? 6 381 218 104 58 516 103
? 6 385 564 627 536 236 709
? 6 389 730 746 704 316 17
? 6 394 794 715 55 125 187
? 6 397 26 723 659 521 430
? 6 407 565 470 4 533 486
? 6 424 151 84 632 339 660
? 6 425 546 434 387 384 539
? 6 428 711 559 510 33 676
? 6 433 331 650 400 682 373
? 6 439 321 512 429 98 791
? 6 451 758 612 613 25 722
? 6 460 467 395 255 362 656
? 6 464 162 508 159 631 427
? 6 480 438 7 732 368 580
? 6 489 708 185 184 214 458
? 6 496 149 92 561 634 45
? 6 501 399 435 765 709 582
? 6 506 689 778 734 201 43
? 6 511 477 129 317 661 64
? 6 514 49 762 439 56 408
? 6 523 406 534 728 466 363
? 6 526 333 183 170 725 320
? 6 542 677 391 557 608 703
? 6 562 301 227 283 443 596
? 6 568 446 235 571 294 759
? 6 569 586 396 236 229 217
? 6 574 71 799 273 141 459
? 6 578 102 322 601 570 404
? 6 579 781 24 766 128 705
? 6 591 47 726 188 287 752
? 6 592 401 509 598 619 662
? 6 600 699 221 281 732 480
? 6 606 386 106 635 750 528
? 6 617 222 246 487 749 731
? 6 618 545 123 6 411 417
? 6 629 176 20 253 421 196
? 6 638 170 576 160 540 572
? 6 640 457 776 94 789 765
? 6 645 748 78 747 304 411
? 6 647 488 448 219 19 347
? 6 654 500 604 247 364 602
? 6 655 771 379 344 598 662
? 6 658 620 295 775 393 492
? 6 669 289 332 683 459 516
? 6 673 582 709 27 455 630
? 6 686 611 320 377 517 54
? 6 687 520 760 360 696 391
? 6 694 306 710 531 109 544
? 6 718 609 20 343 494 150
? 6 721 684 505 352 722 612
? 6 741 153 770 139 575 518
? 6 764 587 402 649 419 543
? 6 786 722 25 613 758 612
? 6 792 590 735 126 571 161
? 6 1 245 356 268 414 355
? 6 5 705 128 274 24 527
? 6 9 518 770 55 715 747
? 6 10 116 748 644 560 785
? 6 11 121 109 58 585 327
? 6 13 54 200 155 690 517
? 6 28 110 553 614 616 652
? 6 29 223 346 693 740 7
? 6 36 197 310 537 313 550
? 6 37 174 422 672 101 588
? 6 42 405 623 103 53 302
? 6 48 291 690 88 278 200
? 6 51 581 134 250 214 34
? 6 59 432 576 300 57 572
? 6 61 198 169 756 235 294
? 6 65 725 293 761 183 540
? 6 67 3 400 376 100 575
? 6 69 787 784 289 657 516
? 6 70 77 280 736 519 301
? 6 76 371 75 220 386 39
? 6 79 225 429 512 321 483
? 6 80 312 372 515 675 631
? 6 81 783 188 735 287 161
? 6 86 212 304 717 651 560
? 6 87 135 668 628 622 679
? 6 91 625 530 324 387 243
? 6 96 416 695 284 379 292
? 6 105 282 796 335 675 437
? 6 108 130 474 166 415 763
? 6 111 22 152 577 115 497
? 6 117 447 522 692 593 345
? 6 118 18 275 155 648 685
? 6 131 330 485 107 430 751
? 6 132 158 626 64 453 471
? 6 138 482 484 731 256 440
? 6 140 713 392 254 676 180
? 6 142 743 68 23 60 272
? 6 145 469 90 60 698 743
? 6 147 423 688 342 538 44
? 6 154 453 263 240 799 543
? 6 157 779 695 15 368 438
? 6 165 257 558 90 68 251
? 6 168 388 503 796 515 322
? 6 171 486 525 549 666 252
? 6 172 788 34 777 120 17
? 6 173 318 636 475 32 607
? 6 175 739 431 674 358 643
? 6 178 580 341 122 15 438
? 6 181 704 454 17 120 777
? 6 182 139 153 100 575 187
? 6 186 351 38 541 414 210
? 6 190 358 665 749 395 731
? 6 191 315 189 278 101 437
? 6 194 537 265 197 244 310
? 6 199 548 233 524 535 527
? 6 202 43 201 622 353 85
? 6 204 230 370 524 595 274
? 6 205 463 231 136 710 228
? 6 206 780 354 610 403 277
? 6 208 380 641 520 760 375
? 6 213 502 603 308 691 127
? 6 224 487 749 367 566 753
? 6 226 444 751 107 485 330
? 6 232 791 98 383 543 512
? 6 239 150 719 494 14 30
? 6 241 692 737 732 345 447
? 6 242 465 338 653 413 594
? 6 248 298 738 413 338 653
? 6 258 234 420 499 284 114
? 6 259 328 495 436 449 348
? 6 262 203 620 180 676 393
? 6 267 74 316 757 730 120
? 6 286 419 649 461 144 706
? 6 296 552 706 649 402 605
? 6 340 573 327 585 671 104
? 6 359 493 409 41 113 316
? 6 361 729 727 794 610 551
? 6 365 698 769 297 615 767
? 6 369 442 513 641 375 696
!
33 61 406 428 510 534 559 664 711 
534 406
664 534
559 61
711 428
33 711
559 33
510 559
510 664
138 190 224 256 358 362 395 440 467 482 484 487 665 731 749 
440 256
484 440
138 484
482 138
731 482
749 731
487 224
749 487
190 749
358 190
395 358
665 395
467 665
467 362
108 130 415 474 763 
474 763
130 474
108 130
415 108
269 384 425 472 597 716 
716 425
597 472
269 597
269 384
716 269
44 46 102 260 322 329 342 423 441 478 490 538 570 578 601 773 
538 44
423 538
342 423
478 342
478 441
601 478
601 570
102 601
102 578
322 102
773 322
329 773
490 329
490 46
490 260
36 156 194 197 265 310 537 
197 36
537 194
537 310
265 537
197 265
156 197
39 75 76 220 371 386 498 615 697 
386 697
76 386
498 615
371 76
75 39
371 75
220 371
498 220
579 766 
579 766
171 486 
171 486
0 21 112 119 136 159 227 228 231 261 283 306 340 349 443 463 504 508 528 562 596 671 701 710 745 
701 21
508 701
508 159
119 508
443 119
227 443
562 227
596 562
283 596
745 283
745 261
349 745
231 349
710 231
463 228
463 136
710 463
710 306
504 710
112 504
0 112
0 671
340 0
528 340
193 363 466 523 
466 193
466 523
466 363
105 796 
105 796
237 448 488 592 619 647 
647 448
488 647
619 488
619 237
592 619
9 125 394 747 794 
125 794
747 9
125 747
394 125
64 129 132 158 238 240 317 453 471 477 511 556 626 661 
158 556
158 471
238 158
477 511
477 661
477 64
238 477
453 240
453 132
626 453
129 626
317 129
238 317
162 178 464 
162 178
464 162
239 253 718 
239 718
253 239
330 721 
721 330
191 
15 80 122 189 221 282 312 341 372 388 427 437 480 515 580 631 699 
437 282
189 437
372 189
515 388
372 515
312 372
631 312
631 427
80 631
122 80
15 341
122 15
580 122
221 480
221 699
580 221
792 
114 234 258 499 532 563 
532 563
499 258
499 234
114 499
532 114
24 52 72 146 177 303 309 
72 177
309 72
146 309
303 146
24 303
52 24
236 385 396 399 435 501 564 569 582 627 709 765 776 
564 385
709 564
709 582
627 709
396 627
236 396
236 569
399 236
399 501
435 399
765 435
776 765
40 82 244 270 552 
270 552
40 270
82 244
82 40
79 321 483 
79 321
79 483
8 16 73 115 143 164 290 417 545 554 567 577 754 779 
577 115
143 577
143 290
754 143
545 754
567 545
8 567
8 417
16 8
73 16
73 164
73 554
73 779
215 667 
667 215
12 242 338 413 465 653 738 
338 242
338 413
465 338
738 465
738 653
12 738
347 351 
347 351
26 397 659 
659 397
26 659
94 166 457 789 
94 166
457 94
457 789
57 59 88 288 300 432 540 572 576 638 
288 88
576 288
576 59
300 576
432 300
572 432
57 572
540 57
638 540
14 20 150 176 421 494 603 629 691 719 
494 176
719 14
150 719
20 150
494 20
629 494
691 603
421 691
629 421
135 299 305 343 426 628 668 679 688 700 
305 426
343 688
700 343
305 700
135 305
668 299
628 668
135 679
628 135
323 336 387 434 468 530 539 546 625 
434 546
434 530
387 625
434 387
539 434
323 539
336 468
336 323
502 
4 32 128 140 167 179 180 203 204 230 254 262 274 295 318 392 393 407 470 475 492 524 533 565 607 620 636 658 676 680 705 713 742 755 775 781 
230 204
274 230
274 524
705 274
128 705
781 128
179 781
533 755
533 407
565 533
470 565
4 470
636 4
475 636
607 318
475 607
32 475
680 32
179 680
742 179
393 658
392 254
392 140
713 392
203 262
713 676
180 713
203 180
393 203
393 295
620 393
620 492
167 620
775 167
775 742
93 106 390 606 
390 93
106 606
390 106
267 409 
267 409
35 95 241 447 522 692 782 
447 522
447 241
692 447
95 692
35 95
782 35
275 
6 382 618 
6 618
6 382
25 81 97 107 148 149 161 188 209 287 352 451 485 505 591 612 613 684 726 752 783 793 
107 485
613 107
25 613
451 25
752 591
352 752
505 352
684 505
612 684
451 612
793 451
209 793
149 209
287 783
287 148
81 161
287 81
726 287
97 726
97 188
149 97
506 507 637 
507 506
637 507
49 56 408 439 473 712 762 
56 439
408 712
408 56
49 408
473 49
762 473
444 632 751 
751 632
444 751
70 736 
70 736
222 246 252 311 525 617 666 678 
252 666
525 252
311 525
222 311
222 617
246 222
246 678
67 
271 
22 111 163 
22 111
22 163
232 383 429 512 
512 429
383 512
383 232
141 273 332 459 669 683 
332 683
273 332
459 669
273 141
459 273
412 694 
694 412
168 281 503 600 
281 600
503 168
281 503
50 68 83 90 145 165 251 257 264 272 297 365 462 469 558 583 630 698 743 767 769 790 
469 145
698 469
365 698
769 365
297 769
251 297
272 50
272 558
743 272
743 630
90 743
68 90
257 68
165 257
251 165
83 251
83 264
767 83
790 767
790 462
790 583
1 245 268 
1 268
1 245
247 500 602 604 654 
604 247
500 654
500 604
602 500
98 514 791 
98 514
791 98
18 48 54 118 155 200 285 320 476 517 599 648 685 690 702 
54 320
517 599
690 48
200 690
54 200
155 54
517 155
285 517
118 648
18 118
685 476
685 702
685 18
285 685
377 611 686 
611 377
686 611
214 458 
458 214
131 430 
131 430
160 
101 278 291 315 
101 315
278 101
278 291
37 174 422 588 672 
672 422
672 37
174 672
588 174
127 192 196 367 374 566 753 
127 192
196 127
374 196
753 374
367 566
753 367
99 547 621 
547 99
621 547
199 233 450 535 548 
535 450
233 548
199 233
535 199
124 
45 92 126 213 255 308 319 460 496 561 590 634 656 735 
213 308
319 213
656 460
561 319
496 561
92 496
656 92
656 255
126 656
590 735
126 590
126 634
45 126
170 183 333 526 725 
170 333
183 170
183 725
526 183
219 
17 34 74 120 134 172 250 454 581 704 730 757 777 788 
250 757
134 250
134 581
34 134
172 34
120 172
777 454
777 704
17 777
120 17
730 120
74 730
788 74
13 
536 640 
640 536
7 117 
117 7
210 355 356 414 
414 356
355 414
210 355
58 104 218 327 
327 58
104 327
104 218
226 722 758 786 
786 226
758 722
786 758
29 223 346 593 693 733 740 
29 740
223 29
346 223
693 346
733 693
733 593
31 77 109 121 280 301 481 519 584 798 
109 121
31 109
584 31
280 798
301 280
77 301
519 77
481 519
584 481
23 27 60 142 455 673 
27 673
60 27
23 142
60 23
455 60
65 293 479 761 
761 65
761 479
761 293
211 360 369 391 442 513 520 608 641 696 703 760 772 
513 211
369 513
442 369
696 442
520 696
391 360
608 703
391 608
520 391
641 520
760 641
772 760
2 133 195 331 366 644 720 
133 331
366 195
133 366
2 133
644 2
720 644
370 595 774 
595 774
595 370
184 185 489 708 
184 489
184 185
708 184
41 113 316 359 493 
41 113
316 41
359 316
493 359
335 675 
675 335
549 728 
728 549
568 
589 609 
609 589
53 103 289 302 381 405 516 623 635 657 750 784 787 
516 381
657 289
516 657
787 784
516 787
103 516
623 103
405 623
302 405
302 53
750 302
750 635
737 
3 100 139 153 279 307 325 373 376 400 433 445 518 575 650 682 707 741 744 
650 433
650 325
400 650
376 400
3 376
518 741
139 518
153 139
575 153
100 575
3 100
279 3
307 279
307 744
707 307
445 707
373 445
682 373
28 110 229 243 324 553 586 614 616 652 663 714 
243 324
110 243
616 110
652 614
553 652
553 28
616 553
586 616
663 586
714 663
714 229
542 557 677 687 
557 687
677 557
677 542
30 43 85 87 201 202 266 276 337 353 389 398 410 418 622 639 689 734 746 768 778 795 
795 276
639 795
85 639
746 389
85 746
202 85
622 87
202 622
43 202
689 734
778 689
201 778
43 201
353 43
353 398
266 353
266 418
768 266
768 30
337 410
768 337
152 497 
497 152
66 216 259 314 328 348 357 449 495 624 646 660 
259 328
495 259
449 495
348 449
348 66
314 348
646 314
624 646
216 624
216 357
660 216
10 78 86 212 304 411 560 645 651 717 748 785 
78 411
304 78
651 86
717 651
304 717
304 212
645 304
560 785
748 560
748 10
645 748
137 205 
205 137
51 181 
51 181
402 
157 284 292 326 345 368 379 401 416 438 509 555 594 598 655 662 695 732 771 
345 732
368 345
438 368
157 438
695 157
695 292
284 695
284 416
379 284
598 379
662 326
771 655
598 771
598 662
401 598
509 555
401 509
594 401
11 573 585 
585 11
573 585
47 
69 225 
225 69
169 175 198 235 294 334 350 378 431 446 456 571 643 674 739 756 759 
756 350
431 674
175 431
739 175
643 739
759 643
759 378
294 759
198 334
294 456
198 756
169 198
235 169
235 294
446 235
571 446
42 
313 529 550 633 
550 313
529 550
633 529
207 420 
207 420
71 154 574 799 
799 154
71 799
574 71
89 147 404 452 642 797 
642 797
89 147
642 404
452 642
452 89
5 527 
527 5
63 123 206 403 491 
63 123
403 63
403 206
491 403
144 263 286 296 419 461 531 543 544 587 605 649 670 681 706 724 764 
543 263
419 543
461 419
286 461
144 286
681 144
587 764
649 587
649 296
706 649
605 706
681 605
670 681
724 670
531 724
531 544
62 84 151 249 339 424 436 521 723 
521 723
62 521
249 62
151 424
84 151
249 84
436 339
249 436
173 
248 298 364 
248 364
298 248
19 38 186 541 
38 19
38 186
541 38
96 344 
344 96
116 
91 217 
217 91
55 182 187 277 354 361 551 610 715 727 729 770 780 
780 354
780 277
610 780
551 610
361 551
729 361
727 729
187 727
187 182
55 187
770 55
715 770
208 375 380 
380 375
208 380
