? 15 0 354 232 334 457 275 342 778 286 700 568 599 23 400 3
? 15 1 152 722 462 629 384 723 453 655 331 582 339 497 33 677
? 15 2 735 720 611 184 276 13 794 510 65 760 284 411 729 691
? 15 4 770 359 285 144 621 167 371 488 274 170 579 656 291 101
? 15 5 382 748 649 708 769 689 62 243 702 287 390 779 445 292
? 15 6 697 33 515 642 117 331 427 663 582 190 629 262 483 152
? 15 7 312 113 109 511 635 761 417 207 600 545 260 524 594 18
? 15 8 369 209 647 560 108 650 728 241 509 775 27 712 54 47
? 15 9 328 618 270 103 313 225 520 351 43 235 423 450 711 552
? 15 10 615 148 244 269 460 401 195 249 320 196 224 314 680 567
? 15 11 733 38 601 682 605 541 441 586 471 375 301 571 50 631
? 15 12 532 59 43 745 675 136 103 694 699 618 552 126 520 278
? 15 14 626 467 595 479 724 282 406 128 429 498 624 696 104 77
? 15 15 477 738 273 290 21 343 194 165 521 261 380 507 625 156
? 15 16 731 338 137 695 542 389 433 172 320 401 314 376 537 572
? 15 17 489 698 399 294 230 583 578 773 323 472 26 39 444 32
? 15 19 569 757 486 361 565 168 132 592 239 500 99 298 605 441
? 15 20 82 764 612 158 51 704 788 671 665 402 25 58 763 771
? 15 22 494 310 68 628 791 257 402 385 665 634 58 585 764 612
? 15 24 589 798 496 512 426 482 127 476 34 333 70 370 780 378
? 15 28 563 356 161 747 648 360 300 85 420 236 77 346 315 624
? 15 29 573 297 301 586 670 332 571 682 50 138 601 652 288 38
? 15 30 304 76 372 636 457 342 474 245 163 367 341 789 607 23
? 15 31 98 550 179 97 666 590 171 321 609 681 469 641 262 483
? 15 35 581 475 493 212 215 438 672 265 270 313 225 72 200 785
? 15 36 701 405 141 487 327 106 604 603 752 253 784 543 166 254
? 15 37 67 45 289 410 319 461 551 746 233 254 742 363 250 166
? 15 40 674 349 340 759 325 198 647 188 598 27 125 776 209 650
? 15 41 416 622 63 131 478 447 730 490 536 237 643 365 48 329
? 15 42 129 226 53 741 470 596 324 94 139 540 400 90 397 393
? 15 44 280 616 446 707 656 144 130 348 223 359 234 613 646 167
? 15 46 795 531 373 205 610 491 717 676 546 204 316 464 247 66
? 15 49 662 242 293 256 176 150 246 677 639 502 633 597 655 424
? 15 52 645 221 485 448 676 491 717 373 610 726 488 732 80 46
? 15 55 553 193 683 123 597 633 754 86 344 502 65 510 276 760
? 15 56 518 308 303 92 101 379 347 317 408 522 285 167 146 57
? 15 60 440 638 659 750 395 268 86 413 766 162 660 436 79 576
? 15 61 577 110 118 115 661 562 135 584 716 685 75 439 95 378
? 15 64 178 463 526 73 623 296 437 374 430 345 679 734 398 227
? 15 69 719 686 564 444 632 578 175 566 548 583 309 799 773 698
? 15 71 181 669 173 99 208 710 772 361 565 189 757 239 500 658
? 15 74 509 108 560 47 369 209 27 8 492 646 647 130 775 728
? 15 78 557 480 576 413 415 316 388 768 247 750 610 795 659 531
? 15 81 142 782 517 458 256 688 266 657 514 211 639 412 706 381
? 15 83 679 437 763 25 51 374 727 296 353 174 740 788 73 734
? 15 84 664 419 346 685 747 236 299 337 315 562 563 356 120 161
? 15 87 94 700 470 596 540 197 538 324 495 119 741 226 400 0
? 15 88 556 591 765 724 570 114 216 237 536 48 63 479 490 282
? 15 89 530 406 449 85 300 648 627 77 624 498 360 595 125 640
? 15 91 680 224 460 148 26 643 244 472 499 294 323 478 447 39
? 15 93 558 606 442 164 534 466 213 311 549 138 121 50 573 571
? 15 96 185 443 614 507 799 521 687 631 625 548 175 343 21 658
? 15 100 122 160 784 603 703 725 543 752 567 306 602 692 250 327
? 15 102 54 712 241 728 668 775 362 694 650 278 258 8 369 420
? 15 105 428 451 366 692 338 695 314 320 306 731 16 160 401 567
? 15 107 793 580 591 765 114 718 288 394 128 32 228 282 48 332
? 15 111 291 464 205 546 274 455 281 66 653 621 373 46 531 795
? 15 112 744 762 468 484 506 501 133 555 206 156 264 505 165 533
? 15 116 365 499 730 447 336 224 516 318 148 196 643 460 302 478
? 15 124 797 644 787 95 716 756 619 544 535 292 229 364 377 403
? 15 134 749 211 387 651 404 172 302 539 458 537 465 516 376 514
? 15 140 357 80 732 792 693 157 259 758 368 726 221 485 147 52
? 15 143 574 672 351 654 235 503 265 251 711 270 423 192 9 212
? 15 145 203 588 57 201 146 283 317 408 92 174 303 308 347 508
? 15 149 383 637 504 678 714 690 358 523 640 159 182 598 188 267
? 15 151 790 186 139 431 500 239 393 168 263 426 569 512 189 757
? 15 153 594 600 207 774 407 18 248 113 635 511 761 524 312 252
? 15 154 561 404 473 392 458 277 517 796 412 755 329 749 177 782
? 15 155 554 169 575 199 191 452 433 386 572 222 218 713 376 537
? 15 180 120 675 236 278 59 346 362 694 745 299 337 136 161 420
? 15 183 721 617 528 253 505 106 141 555 405 166 484 264 468 744
? 15 187 710 772 738 614 658 507 208 521 173 477 96 687 185 71
? 15 202 237 796 570 329 131 216 277 622 479 556 755 41 416 88
? 15 210 522 379 101 317 203 308 739 613 588 704 167 92 593 788
? 15 214 79 162 525 391 436 190 663 767 642 268 497 697 582 502
? 15 217 508 734 283 430 374 145 588 201 174 146 57 203 437 408
? 15 219 736 781 587 435 783 259 579 170 758 307 80 726 157 371
? 15 220 260 227 417 545 753 786 109 398 345 73 463 740 761 178
? 15 231 691 177 729 434 240 392 159 279 611 412 473 424 409 411
? 15 238 634 492 668 699 126 775 791 728 628 54 532 694 102 552
? 15 255 709 267 409 182 104 667 498 696 429 279 240 159 504 449
? 15 271 315 432 715 350 360 466 624 549 595 77 164 213 419 394
? 15 272 742 673 363 414 322 481 746 410 461 533 45 67 37 289
? 15 295 196 302 336 401 516 695 172 731 137 116 16 320 389 387
? 15 305 559 421 520 103 43 136 326 745 619 364 423 12 328 59
? 15 330 513 380 684 777 343 21 705 273 335 261 632 625 194 290
? 15 352 706 514 539 465 657 688 381 651 751 211 81 191 452 176
? 15 355 607 287 779 292 163 769 756 62 649 304 644 127 124 243
? 15 396 547 425 189 263 431 53 181 669 500 71 790 239 139 173
? 15 418 398 786 463 623 227 526 220 178 260 64 753 417 73 545
? 15 422 660 344 743 147 638 683 123 750 659 86 193 55 553 792
? 15 454 229 243 535 403 544 445 364 62 644 748 756 192 292 382
? 15 456 386 572 169 366 451 433 575 155 338 16 731 105 137 542
? 15 459 529 298 426 737 121 333 471 592 512 168 441 370 605 34
? 15 519 3 397 400 620 90 286 741 476 354 599 232 324 780 393
? 15 527 713 222 218 199 554 575 155 339 169 191 352 452 465 706
? 15 608 652 288 566 309 670 332 444 773 564 32 375 297 686 719
? 15 630 766 768 395 440 268 590 171 97 179 60 641 576 413 480
? 15 61 577 110 118 115 661 562 135 584 716 685 75 439 95 378
? 15 70 378 439 75 34 584 370 377 333 737 661 95 118 482 797
? 15 72 200 438 212 265 251 35 248 581 493 672 475 407 574 143
? 15 83 679 437 763 25 51 374 727 296 353 174 740 788 73 734
? 15 87 94 700 470 596 540 197 538 324 495 119 741 226 400 0
? 15 122 100 160 703 725 784 543 603 602 752 250 567 306 327 692
? 15 142 782 81 517 266 458 412 639 256 688 211 657 514 392 381
? 15 153 594 600 207 774 407 18 248 113 635 511 761 524 312 252
? 15 183 721 617 528 253 505 106 141 555 405 166 484 264 468 744
? 15 187 710 772 738 614 658 507 208 521 173 477 96 687 185 71
? 15 230 773 32 583 17 323 294 698 39 718 578 472 489 26 444
? 15 234 348 656 783 223 707 435 616 280 44 579 144 325 781 446
? 15 249 195 461 602 269 250 615 363 567 45 67 703 410 725 10
? 15 257 585 665 628 22 612 68 634 494 402 82 310 158 791 492
? 15 307 368 157 690 523 358 587 678 219 736 259 781 693 284 140
? 15 311 558 121 93 661 606 534 584 737 562 442 164 61 370 439
? 15 318 516 755 336 329 365 730 131 302 749 116 447 622 796 404
? 15 321 609 666 550 469 31 179 98 97 590 262 681 171 641 483
? 15 367 23 163 342 780 599 798 30 496 457 304 589 286 607 232
? 15 385 310 494 791 785 22 215 68 493 475 581 628 402 450 35
? 15 390 702 689 341 245 372 76 474 649 636 5 779 769 304 789
? 15 391 525 79 436 214 162 502 190 497 86 582 642 663 767 697
? 15 418 398 786 463 623 227 526 220 178 260 64 753 417 73 545
? 15 481 414 363 272 742 673 322 461 746 244 410 45 249 533 67
? 15 527 713 222 218 199 554 575 155 339 169 191 352 452 465 706
? 15 568 778 275 334 457 789 0 636 474 342 30 245 76 341 354
? 15 630 766 768 395 440 268 590 171 97 179 60 641 576 413 480
? 15 654 503 574 143 251 192 351 672 235 265 445 711 423 438 212
? 15 708 382 5 748 689 702 445 649 390 769 243 62 192 287 454
? 15 722 1 152 462 384 629 453 723 339 655 331 582 33 497 677
? 15 735 720 2 13 276 184 794 611 65 284 510 760 411 729 754
? 15 739 593 613 646 158 704 130 612 585 210 446 788 82 665 616
? 15 751 381 657 677 176 688 706 256 352 453 514 81 339 293 662
? 15 771 671 58 764 252 402 18 68 774 524 20 635 207 761 740
? 15 777 335 684 705 513 330 399 322 261 489 206 533 380 194 673
? 15 787 619 716 135 124 326 110 364 95 118 115 797 644 544 535
? 15 4 770 359 285 144 621 167 371 488 274 170 579 656 291 101
? 15 6 697 33 515 642 117 331 427 663 582 190 629 262 483 152
? 15 7 312 113 109 511 635 761 417 207 600 545 260 524 594 18
? 15 11 733 38 601 682 605 541 441 586 471 375 301 571 50 631
? 15 14 626 467 595 479 724 282 406 128 429 498 624 696 104 77
? 15 15 477 738 273 290 21 343 194 165 521 261 380 507 625 156
? 15 24 589 798 496 512 426 482 127 476 34 333 70 370 780 378
? 15 36 701 405 141 487 327 106 604 603 752 253 784 543 166 254
? 15 42 129 226 53 741 470 596 324 94 139 540 400 90 397 393
? 15 49 662 242 293 256 176 150 246 677 639 502 633 597 655 424
? 15 56 518 308 303 92 101 379 347 317 408 522 285 167 146 57
? 15 69 719 686 564 444 632 578 175 566 548 583 309 799 773 698
? 15 72 200 438 212 265 251 35 248 581 493 672 475 407 574 143
? 15 78 557 480 576 413 415 316 388 768 247 750 610 795 659 531
? 15 83 679 437 763 25 51 374 727 296 353 174 740 788 73 734
? 15 87 94 700 470 596 540 197 538 324 495 119 741 226 400 0
? 15 89 530 406 449 85 300 648 627 77 624 498 360 595 125 640
? 15 107 793 580 591 765 114 718 288 394 128 32 228 282 48 332
? 15 112 744 762 468 484 506 501 133 555 206 156 264 505 165 533
? 15 122 100 160 703 725 784 543 603 602 752 250 567 306 327 692
? 15 132 565 486 19 361 757 658 99 208 569 687 772 592 168 605
? 15 134 749 211 387 651 404 172 302 539 458 537 465 516 376 514
? 15 138 549 213 350 573 442 432 466 29 394 715 297 93 164 606
? 15 142 782 81 517 266 458 412 639 256 688 211 657 514 392 381
? 15 149 383 637 504 678 714 690 358 523 640 159 182 598 188 267
? 15 153 594 600 207 774 407 18 248 113 635 511 761 524 312 252
? 15 180 120 675 236 278 59 346 362 694 745 299 337 136 161 420
? 15 183 721 617 528 253 505 106 141 555 405 166 484 264 468 744
? 15 186 151 139 790 393 431 90 476 512 426 620 129 397 42 500
? 15 187 710 772 738 614 658 507 208 521 173 477 96 687 185 71
? 15 193 553 55 123 683 344 597 633 754 86 65 510 276 422 502
? 15 202 237 796 570 329 131 216 277 622 479 556 755 41 416 88
? 15 205 464 546 111 66 46 281 795 531 653 373 455 274 291 491
? 15 217 508 734 283 430 374 145 588 201 174 146 57 203 437 408
? 15 221 485 52 726 80 645 448 758 488 259 140 732 676 371 491
? 15 230 773 32 583 17 323 294 698 39 718 578 472 489 26 444
? 15 231 691 177 729 434 240 392 159 279 611 412 473 424 409 411
? 15 233 551 254 319 166 289 264 37 67 604 45 487 253 501 410
? 15 238 634 492 668 699 126 775 791 728 628 54 532 694 102 552
? 15 271 315 432 715 350 360 466 624 549 595 77 164 213 419 394
? 15 305 559 421 520 103 43 136 326 745 619 364 423 12 328 59
? 15 321 609 666 550 469 31 179 98 97 590 262 681 171 641 483
? 15 340 198 125 188 349 40 598 759 627 674 640 325 776 647 258
? 15 348 234 223 656 707 616 280 44 783 144 446 130 435 579 325
? 15 355 607 287 779 292 163 769 756 62 649 304 644 127 124 243
? 15 357 792 732 140 693 147 157 743 80 368 221 485 259 758 726
? 15 391 525 79 436 214 162 502 190 497 86 582 642 663 767 697
? 15 396 547 425 189 263 431 53 181 669 500 71 790 239 139 173
? 15 418 398 786 463 623 227 526 220 178 260 64 753 417 73 545
? 15 428 692 105 451 366 306 314 160 320 338 695 567 100 401 703
? 15 456 386 572 169 366 451 433 575 155 338 16 731 105 137 542
? 15 481 414 363 272 742 673 322 461 746 244 410 45 249 533 67
? 15 527 713 222 218 199 554 575 155 339 169 191 352 452 465 706
? 15 529 459 298 471 592 441 121 168 605 737 426 333 486 50 534
? 15 561 473 154 392 277 177 412 796 404 240 458 517 434 329 279
? 15 568 778 275 334 457 789 0 636 474 342 30 245 76 341 354
? 15 608 652 288 566 309 670 332 444 773 564 32 375 297 686 719
? 15 630 766 768 395 440 268 590 171 97 179 60 641 576 413 480
? 15 654 503 574 143 251 192 351 672 235 265 445 711 423 438 212
? 15 664 84 419 685 562 346 299 337 747 315 236 164 577 356 563
? 15 667 279 240 709 696 104 255 429 409 267 498 277 182 473 231
? 15 708 382 5 748 689 702 445 649 390 769 243 62 192 287 454
? 15 722 1 152 462 384 629 453 723 339 655 331 582 33 497 677
? 15 735 720 2 13 276 184 794 611 65 284 510 760 411 729 754
? 15 751 381 657 677 176 688 706 256 352 453 514 81 339 293 662
? 15 771 671 58 764 252 402 18 68 774 524 20 635 207 761 740
? 15 3 519 397 400 286 620 90 354 232 599 741 476 780 324 496
? 15 27 47 209 560 647 674 369 8 509 108 74 325 40 223 349
? 15 28 563 356 161 747 648 360 300 85 420 236 77 346 315 624
? 15 70 378 439 75 34 584 370 377 333 737 661 95 118 482 797
? 15 72 200 438 212 265 251 35 248 581 493 672 475 407 574 143
? 15 83 679 437 763 25 51 374 727 296 353 174 740 788 73 734
? 15 87 94 700 470 596 540 197 538 324 495 119 741 226 400 0
? 15 91 680 224 460 148 26 643 244 472 499 294 323 478 447 39
? 15 122 100 160 703 725 784 543 603 602 752 250 567 306 327 692
? 15 138 549 213 350 573 442 432 466 29 394 715 297 93 164 606
? 15 142 782 81 517 266 458 412 639 256 688 211 657 514 392 381
? 15 153 594 600 207 774 407 18 248 113 635 511 761 524 312 252
? 15 183 721 617 528 253 505 106 141 555 405 166 484 264 468 744
? 15 187 710 772 738 614 658 507 208 521 173 477 96 687 185 71
? 15 193 553 55 123 683 344 597 633 754 86 65 510 276 422 502
? 15 196 295 401 302 320 336 116 695 314 10 731 365 499 516 16
? 15 204 531 247 66 281 546 653 795 316 46 464 205 455 415 111
? 15 210 522 379 101 317 203 308 739 613 588 704 167 92 593 788
? 15 219 736 781 587 435 783 259 579 170 758 307 80 726 157 371
? 15 230 773 32 583 17 323 294 698 39 718 578 472 489 26 444
? 15 257 585 665 628 22 612 68 634 494 402 82 310 158 791 492
? 15 283 145 588 201 508 57 203 174 217 146 408 317 734 727 92
? 15 311 558 121 93 661 606 534 584 737 562 442 164 61 370 439
? 15 318 516 755 336 329 365 730 131 302 749 116 447 622 796 404
? 15 321 609 666 550 469 31 179 98 97 590 262 681 171 641 483
? 15 348 234 223 656 707 616 280 44 783 144 446 130 435 579 325
? 15 367 23 163 342 780 599 798 30 496 457 304 589 286 607 232
? 15 385 310 494 791 785 22 215 68 493 475 581 628 402 450 35
? 15 391 525 79 436 214 162 502 190 497 86 582 642 663 767 697
? 15 418 398 786 463 623 227 526 220 178 260 64 753 417 73 545
? 15 443 185 96 799 631 687 548 614 507 521 175 625 541 686 632
? 15 481 414 363 272 742 673 322 461 746 244 410 45 249 533 67
? 15 527 713 222 218 199 554 575 155 339 169 191 352 452 465 706
? 15 556 88 570 724 216 591 765 237 479 114 282 63 536 202 128
? 15 565 361 757 132 99 19 569 486 208 239 500 658 669 168 772
? 15 568 778 275 334 457 789 0 636 474 342 30 245 76 341 354
? 15 618 328 9 103 313 225 43 270 450 520 552 12 351 423 235
? 15 630 766 768 395 440 268 590 171 97 179 60 641 576 413 480
? 15 654 503 574 143 251 192 351 672 235 265 445 711 423 438 212
? 15 660 743 750 422 659 388 638 147 413 344 792 480 576 60 732
? 15 693 357 157 140 368 147 792 732 284 13 307 80 743 344 259
? 15 708 382 5 748 689 702 445 649 390 769 243 62 192 287 454
? 15 722 1 152 462 384 629 453 723 339 655 331 582 33 497 677
? 15 735 720 2 13 276 184 794 611 65 284 510 760 411 729 754
? 15 751 381 657 677 176 688 706 256 352 453 514 81 339 293 662
? 15 771 671 58 764 252 402 18 68 774 524 20 635 207 761 740
? 15 777 335 684 705 513 330 399 322 261 489 206 533 380 194 673
? 15 787 619 716 135 124 326 110 364 95 118 115 797 644 544 535
? 15 3 519 397 400 286 620 90 354 232 599 741 476 780 324 496
? 15 4 770 359 285 144 621 167 371 488 274 170 579 656 291 101
? 15 6 697 33 515 642 117 331 427 663 582 190 629 262 483 152
? 15 7 312 113 109 511 635 761 417 207 600 545 260 524 594 18
? 15 11 733 38 601 682 605 541 441 586 471 375 301 571 50 631
? 15 14 626 467 595 479 724 282 406 128 429 498 624 696 104 77
? 15 15 477 738 273 290 21 343 194 165 521 261 380 507 625 156
? 15 24 589 798 496 512 426 482 127 476 34 333 70 370 780 378
? 15 36 701 405 141 487 327 106 604 603 752 253 784 543 166 254
? 15 47 560 74 509 27 108 209 369 8 223 647 130 646 674 492
? 15 49 662 242 293 256 176 150 246 677 639 502 633 597 655 424
? 15 56 518 308 303 92 101 379 347 317 408 522 285 167 146 57
? 15 69 719 686 564 444 632 578 175 566 548 583 309 799 773 698
? 15 72 200 438 212 265 251 35 248 581 493 672 475 407 574 143
? 15 78 557 480 576 413 415 316 388 768 247 750 610 795 659 531
? 15 83 679 437 763 25 51 374 727 296 353 174 740 788 73 734
? 15 87 94 700 470 596 540 197 538 324 495 119 741 226 400 0
? 15 89 530 406 449 85 300 648 627 77 624 498 360 595 125 640
? 15 102 54 712 241 728 668 775 362 694 650 278 258 8 369 420
? 15 107 793 580 591 765 114 718 288 394 128 32 228 282 48 332
? 15 112 744 762 468 484 506 501 133 555 206 156 264 505 165 533
? 15 122 100 160 703 725 784 543 603 602 752 250 567 306 327 692
? 15 134 749 211 387 651 404 172 302 539 458 537 465 516 376 514
? 15 138 549 213 350 573 442 432 466 29 394 715 297 93 164 606
? 15 142 782 81 517 266 458 412 639 256 688 211 657 514 392 381
? 15 149 383 637 504 678 714 690 358 523 640 159 182 598 188 267
? 15 153 594 600 207 774 407 18 248 113 635 511 761 524 312 252
? 15 180 120 675 236 278 59 346 362 694 745 299 337 136 161 420
? 15 183 721 617 528 253 505 106 141 555 405 166 484 264 468 744
? 15 186 151 139 790 393 431 90 476 512 426 620 129 397 42 500
? 15 187 710 772 738 614 658 507 208 521 173 477 96 687 185 71
? 15 193 553 55 123 683 344 597 633 754 86 65 510 276 422 502
? 15 196 295 401 302 320 336 116 695 314 10 731 365 499 516 16
? 15 205 464 546 111 66 46 281 795 531 653 373 455 274 291 491
? 15 221 485 52 726 80 645 448 758 488 259 140 732 676 371 491
? 15 229 535 544 403 454 644 364 756 243 292 62 124 287 619 748
? 15 230 773 32 583 17 323 294 698 39 718 578 472 489 26 444
? 15 238 634 492 668 699 126 775 791 728 628 54 532 694 102 552
? 15 271 315 432 715 350 360 466 624 549 595 77 164 213 419 394
? 15 283 145 588 201 508 57 203 174 217 146 408 317 734 727 92
? 15 305 559 421 520 103 43 136 326 745 619 364 423 12 328 59
? 15 319 254 233 551 166 37 289 67 45 604 264 410 487 543 250
? 15 321 609 666 550 469 31 179 98 97 590 262 681 171 641 483
? 15 340 198 125 188 349 40 598 759 627 674 640 325 776 647 258
? 15 345 740 753 73 296 227 545 220 178 463 260 64 524 679 417
? 15 348 234 223 656 707 616 280 44 783 144 446 130 435 579 325
? 15 355 607 287 779 292 163 769 756 62 649 304 644 127 124 243
? 15 372 76 341 245 474 636 304 30 789 390 689 779 702 607 649
? 15 391 525 79 436 214 162 502 190 497 86 582 642 663 767 697
? 15 396 547 425 189 263 431 53 181 669 500 71 790 239 139 173
? 15 416 41 622 63 478 447 131 730 490 536 643 48 237 365 114
? 15 418 398 786 463 623 227 526 220 178 260 64 753 417 73 545
? 15 428 692 105 451 366 306 314 160 320 338 695 567 100 401 703
? 15 430 734 526 623 508 217 374 64 178 463 437 296 679 73 83
? 15 456 386 572 169 366 451 433 575 155 338 16 731 105 137 542
? 15 481 414 363 272 742 673 322 461 746 244 410 45 249 533 67
? 15 527 713 222 218 199 554 575 155 339 169 191 352 452 465 706
? 15 529 459 298 471 592 441 121 168 605 737 426 333 486 50 534
? 15 556 88 570 724 216 591 765 237 479 114 282 63 536 202 128
? 15 561 473 154 392 277 177 412 796 404 240 458 517 434 329 279
? 15 565 361 757 132 99 19 569 486 208 239 500 658 669 168 772
? 15 568 778 275 334 457 789 0 636 474 342 30 245 76 341 354
? 15 608 652 288 566 309 670 332 444 773 564 32 375 297 686 719
? 15 615 269 10 567 306 195 320 314 401 249 703 602 244 695 250
? 15 630 766 768 395 440 268 590 171 97 179 60 641 576 413 480
? 15 654 503 574 143 251 192 351 672 235 265 445 711 423 438 212
? 15 664 84 419 685 562 346 299 337 747 315 236 164 577 356 563
? 15 667 279 240 709 696 104 255 429 409 267 498 277 182 473 231
? 15 691 231 729 434 177 611 411 159 2 424 735 760 720 409 392
? 15 708 382 5 748 689 702 445 649 390 769 243 62 192 287 454
? 15 717 610 676 491 373 645 46 795 52 448 316 415 205 531 221
? 15 722 1 152 462 384 629 453 723 339 655 331 582 33 497 677
? 15 751 381 657 677 176 688 706 256 352 453 514 81 339 293 662
? 15 771 671 58 764 252 402 18 68 774 524 20 635 207 761 740
? 15 3 519 397 400 286 620 90 354 232 599 741 476 780 324 496
? 15 47 560 74 509 27 108 209 369 8 223 647 130 646 674 492
? 15 70 378 439 75 34 584 370 377 333 737 661 95 118 482 797
? 15 72 200 438 212 265 251 35 248 581 493 672 475 407 574 143
? 15 82 20 612 158 665 704 585 764 788 402 51 257 58 593 25
? 15 87 94 700 470 596 540 197 538 324 495 119 741 226 400 0
? 15 122 100 160 703 725 784 543 603 602 752 250 567 306 327 692
? 15 138 549 213 350 573 442 432 466 29 394 715 297 93 164 606
? 15 142 782 81 517 266 458 412 639 256 688 211 657 514 392 381
? 15 153 594 600 207 774 407 18 248 113 635 511 761 524 312 252
? 15 183 721 617 528 253 505 106 141 555 405 166 484 264 468 744
? 15 187 710 772 738 614 658 507 208 521 173 477 96 687 185 71
? 15 193 553 55 123 683 344 597 633 754 86 65 510 276 422 502
? 15 196 295 401 302 320 336 116 695 314 10 731 365 499 516 16
? 15 204 531 247 66 281 546 653 795 316 46 464 205 455 415 111
? 15 210 522 379 101 317 203 308 739 613 588 704 167 92 593 788
? 15 219 736 781 587 435 783 259 579 170 758 307 80 726 157 371
? 15 225 313 450 270 215 618 9 552 328 785 35 475 581 672 126
? 15 230 773 32 583 17 323 294 698 39 718 578 472 489 26 444
? 15 283 145 588 201 508 57 203 174 217 146 408 317 734 727 92
? 15 300 28 648 89 85 420 161 627 563 356 776 530 360 125 77
? 15 311 558 121 93 661 606 534 584 737 562 442 164 61 370 439
? 15 318 516 755 336 329 365 730 131 302 749 116 447 622 796 404
? 15 321 609 666 550 469 31 179 98 97 590 262 681 171 641 483
? 15 348 234 223 656 707 616 280 44 783 144 446 130 435 579 325
? 15 367 23 163 342 780 599 798 30 496 457 304 589 286 607 232
? 15 385 310 494 791 785 22 215 68 493 475 581 628 402 450 35
? 15 391 525 79 436 214 162 502 190 497 86 582 642 663 767 697
? 15 418 398 786 463 623 227 526 220 178 260 64 753 417 73 545
? 15 481 414 363 272 742 673 322 461 746 244 410 45 249 533 67
? 15 523 358 690 678 714 637 794 307 184 284 368 149 157 383 13
? 15 527 713 222 218 199 554 575 155 339 169 191 352 452 465 706
? 15 532 12 699 126 694 552 59 278 675 43 238 668 450 618 362
? 15 539 465 514 651 352 706 211 688 657 452 191 134 537 387 376
? 15 556 88 570 724 216 591 765 237 479 114 282 63 536 202 128
? 15 565 361 757 132 99 19 569 486 208 239 500 658 669 168 772
? 15 568 778 275 334 457 789 0 636 474 342 30 245 76 341 354
? 15 592 168 298 486 19 605 441 471 569 529 757 361 239 565 459
? 15 630 766 768 395 440 268 590 171 97 179 60 641 576 413 480
? 15 650 258 712 241 647 776 728 8 54 102 775 369 209 349 674
? 15 654 503 574 143 251 192 351 672 235 265 445 711 423 438 212
? 15 660 743 750 422 659 388 638 147 413 344 792 480 576 60 732
? 15 691 231 729 434 177 611 411 159 2 424 735 760 720 409 392
? 15 693 357 157 140 368 147 792 732 284 13 307 80 743 344 259
? 15 708 382 5 748 689 702 445 649 390 769 243 62 192 287 454
? 15 722 1 152 462 384 629 453 723 339 655 331 582 33 497 677
? 15 751 381 657 677 176 688 706 256 352 453 514 81 339 293 662
? 15 771 671 58 764 252 402 18 68 774 524 20 635 207 761 740
? 15 777 335 684 705 513 330 399 322 261 489 206 533 380 194 673
? 15 787 619 716 135 124 326 110 364 95 118 115 797 644 544 535
? 15 3 519 397 400 286 620 90 354 232 599 741 476 780 324 496
? 15 4 770 359 285 144 621 167 371 488 274 170 579 656 291 101
? 15 6 697 33 515 642 117 331 427 663 582 190 629 262 483 152
? 15 7 312 113 109 511 635 761 417 207 600 545 260 524 594 18
? 15 11 733 38 601 682 605 541 441 586 471 375 301 571 50 631
? 15 14 626 467 595 479 724 282 406 128 429 498 624 696 104 77
? 15 15 477 738 273 290 21 343 194 165 521 261 380 507 625 156
? 15 24 589 798 496 512 426 482 127 476 34 333 70 370 780 378
? 15 36 701 405 141 487 327 106 604 603 752 253 784 543 166 254
? 15 42 129 226 53 741 470 596 324 94 139 540 400 90 397 393
? 15 47 560 74 509 27 108 209 369 8 223 647 130 646 674 492
? 15 49 662 242 293 256 176 150 246 677 639 502 633 597 655 424
? 15 56 518 308 303 92 101 379 347 317 408 522 285 167 146 57
? 15 69 719 686 564 444 632 578 175 566 548 583 309 799 773 698
? 15 72 200 438 212 265 251 35 248 581 493 672 475 407 574 143
? 15 78 557 480 576 413 415 316 388 768 247 750 610 795 659 531
? 15 87 94 700 470 596 540 197 538 324 495 119 741 226 400 0
? 15 91 680 224 460 148 26 643 244 472 499 294 323 478 447 39
? 15 107 793 580 591 765 114 718 288 394 128 32 228 282 48 332
? 15 112 744 762 468 484 506 501 133 555 206 156 264 505 165 533
? 15 122 100 160 703 725 784 543 603 602 752 250 567 306 327 692
? 15 138 549 213 350 573 442 432 466 29 394 715 297 93 164 606
? 15 142 782 81 517 266 458 412 639 256 688 211 657 514 392 381
? 15 153 594 600 207 774 407 18 248 113 635 511 761 524 312 252
? 15 180 120 675 236 278 59 346 362 694 745 299 337 136 161 420
? 15 183 721 617 528 253 505 106 141 555 405 166 484 264 468 744
? 15 186 151 139 790 393 431 90 476 512 426 620 129 397 42 500
? 15 187 710 772 738 614 658 507 208 521 173 477 96 687 185 71
!
276 
384 722 
722 384
28 85 300 
28 85
300 28
233 289 746 
289 233
289 746
35 
508 679 
679 508
487 604 
604 487
262 483 641 
483 641
262 483
724 
32 69 175 309 375 443 444 541 548 566 578 583 632 686 718 719 733 773 799 
541 733
375 541
309 375
686 309
799 632
719 69
32 718
773 32
583 773
578 583
444 578
566 444
719 566
686 719
175 686
548 175
799 548
443 799
8 40 47 54 102 209 234 241 258 325 349 362 369 420 435 647 650 668 674 694 728 759 776 
435 234
325 435
759 325
40 759
674 40
349 674
647 349
8 47
8 369
647 8
647 209
776 647
650 776
258 650
694 102
694 420
694 362
668 694
728 668
728 54
258 728
241 258
151 239 263 425 431 500 547 565 569 757 790 
569 565
569 757
239 569
500 239
431 500
790 431
790 151
263 790
547 263
425 547
45 195 249 
249 195
249 45
87 119 334 495 700 
495 119
700 495
700 87
334 700
112 468 484 501 506 555 744 762 
112 506
744 112
484 762
484 555
484 468
744 484
501 744
0 3 226 232 286 324 354 400 519 540 596 599 620 741 780 
599 620
286 599
780 286
232 780
354 232
0 354
741 0
596 540
324 226
324 596
741 324
400 741
519 400
3 519
13 65 140 157 284 357 368 587 693 
13 65
284 13
693 284
157 587
140 357
368 140
157 368
693 157
187 290 710 
187 290
187 710
117 
14 77 89 104 315 360 406 429 449 467 498 530 595 624 626 696 
360 315
624 406
624 360
77 624
595 77
626 595
467 626
14 467
498 14
696 104
429 696
498 429
449 498
89 530
449 89
94 197 470 538 
94 470
538 94
538 197
186 393 476 512 
393 476
512 186
393 512
84 120 161 180 236 278 346 356 419 563 747 
346 161
346 84
278 180
120 278
236 120
346 236
563 346
356 563
747 356
419 747
616 
156 165 194 
165 194
156 165
37 67 106 166 253 254 319 410 461 505 551 617 721 
617 505
721 617
253 721
106 253
166 106
254 166
319 254
410 461
410 67
37 410
319 37
551 319
17 26 39 230 294 323 399 472 489 684 698 
399 684
323 230
323 39
472 323
26 472
294 26
17 294
399 17
489 698
399 489
96 185 208 380 507 513 521 614 625 658 687 772 
208 772
658 208
687 658
185 687
96 185
507 614
96 507
521 96
625 521
380 625
513 380
49 242 293 
293 242
49 293
12 675 711 
675 711
12 675
125 627 640 
627 125
627 640
145 146 201 283 317 
201 317
146 201
146 145
283 146
192 235 351 423 503 654 
235 351
423 235
192 423
503 192
654 503
33 331 515 
33 331
515 33
397 
475 493 
493 475
153 207 600 774 
774 207
600 774
153 600
321 550 681 
321 681
321 550
61 110 115 135 
110 61
135 110
115 135
543 
176 256 381 662 677 706 751 
381 706
176 662
176 677
256 176
381 256
751 381
23 30 163 275 342 367 457 778 
275 778
457 275
342 457
342 23
30 342
163 30
367 163
72 200 212 438 
212 438
200 212
72 200
339 
6 391 
391 6
299 337 
299 337
257 522 585 593 665 
593 522
585 593
665 585
257 665
238 712 791 
238 791
238 712
564 631 
564 631
18 
150 246 424 597 633 
633 597
150 633
424 150
246 424
81 142 782 
81 782
142 81
408 
143 574 672 
143 672
574 143
116 196 295 318 365 404 749 755 
196 295
365 196
318 116
318 365
749 404
755 749
318 755
206 272 322 363 414 533 673 705 742 777 
414 363
272 414
322 272
742 322
673 742
533 673
206 533
777 206
777 705
149 188 198 307 340 358 383 523 598 637 678 690 714 
690 307
198 340
188 198
598 188
383 598
383 149
637 383
678 637
714 678
358 714
358 690
523 358
107 282 591 793 
591 282
107 591
793 107
288 332 
332 288
407 594 
594 407
53 90 
53 90
19 168 298 441 486 592 
298 441
168 298
486 19
168 486
592 168
335 
261 273 330 
261 273
330 261
182 255 267 279 409 504 667 709 
267 182
409 279
267 409
267 504
255 267
709 667
255 709
265 
34 70 93 121 311 378 439 534 562 577 584 661 664 685 
378 34
378 70
439 378
584 439
661 584
534 121
93 534
311 93
661 311
577 661
562 577
562 685
664 562
57 203 588 
203 57
203 588
9 22 43 68 103 126 215 225 270 310 313 328 385 402 450 494 520 532 552 618 628 634 699 785 
68 402
22 68
310 22
628 310
628 634
494 628
385 494
785 385
215 785
450 215
699 532
126 699
552 126
450 552
313 450
313 225
270 313
328 270
9 328
43 9
103 520
43 103
618 43
134 155 169 191 199 211 218 222 452 465 514 527 554 575 651 713 
713 527
222 218
222 713
199 222
554 199
575 169
155 575
554 155
191 554
191 452
465 191
514 465
211 514
211 651
134 211
27 74 108 492 509 560 
74 27
509 74
509 560
108 509
492 108
411 510 611 720 735 754 760 
760 754
760 411
611 760
510 611
720 510
735 720
1 152 453 462 629 655 723 
152 629
1 152
462 1
655 462
453 655
723 453
7 113 312 
312 113
7 312
55 502 
502 55
352 539 657 
539 352
539 657
154 159 177 231 240 266 277 392 412 434 458 473 517 561 639 691 729 
561 154
473 561
729 691
159 729
231 159
177 231
177 434
266 639
412 266
517 458
412 517
392 412
392 177
473 392
240 473
277 240
271 558 648 
271 558
271 648
91 148 224 244 447 460 478 481 499 643 680 730 
447 730
499 447
478 499
643 478
224 643
680 91
460 148
680 460
224 680
244 224
481 244
60 179 268 395 422 440 659 660 750 
268 179
395 268
440 395
60 440
750 60
659 750
660 659
660 422
590 630 666 766 
590 666
630 590
630 766
52 79 80 86 123 147 193 214 221 259 344 373 436 448 485 553 645 683 726 732 736 743 758 792 
79 214
436 79
86 436
123 86
553 193
683 553
123 683
344 123
147 344
147 743
792 147
732 792
52 732
485 52
726 485
259 736
758 259
80 758
726 80
221 726
448 221
448 645
373 448
109 220 260 417 545 
417 220
545 260
417 545
109 417
251 
42 129 139 
129 42
129 139
183 784 
183 784
511 753 
753 511
128 
568 702 
568 702
390 636 779 
636 390
779 636
50 471 571 586 601 682 
586 601
682 586
50 682
571 50
471 571
688 
29 138 164 213 297 350 394 432 442 466 549 573 606 608 652 670 715 
29 138
715 394
432 715
350 432
466 350
466 164
606 466
442 606
549 442
213 549
573 213
29 573
297 29
652 297
670 652
608 670
46 66 78 204 205 247 281 316 413 415 455 464 480 531 546 557 576 653 768 795 
413 768
576 413
480 576
78 480
557 78
415 557
316 415
46 316
653 455
66 653
464 66
546 464
281 546
531 281
531 205
795 46
531 795
247 531
204 247
111 388 491 610 638 676 717 
491 111
388 638
610 388
717 610
676 491
717 676
59 136 559 745 
745 59
136 745
559 136
216 479 556 570 
216 479
570 216
556 570
25 51 158 210 612 704 763 788 
158 612
704 158
763 25
51 763
788 51
704 788
210 704
31 97 98 171 469 609 
97 171
98 97
31 98
609 31
469 609
10 16 100 105 122 137 160 250 269 306 314 320 338 389 401 428 433 542 567 602 615 692 695 703 725 731 
428 105
692 428
269 615
567 269
100 122
703 100
602 725
602 703
602 250
567 602
306 567
160 306
692 160
314 692
320 10
314 320
401 314
695 401
338 695
137 338
542 137
16 433
16 731
542 16
389 542
301 361 
361 301
4 44 130 144 170 274 280 291 359 371 446 488 579 613 621 646 656 707 739 783 
621 4
274 621
274 291
488 274
371 488
170 371
579 170
579 783
656 579
144 359
656 144
707 656
44 707
280 44
446 280
130 446
130 646
739 130
739 613
101 308 
308 101
76 245 304 341 372 474 607 649 689 769 789 
649 689
769 649
607 769
304 607
76 304
474 789
245 474
341 245
76 341
372 76
133 264 528 
264 133
264 528
370 
248 581 
248 581
75 95 118 124 229 292 377 644 716 756 797 
229 644
95 75
716 118
95 716
377 95
797 377
124 797
756 124
292 756
229 292
172 302 336 366 376 386 387 451 456 516 537 572 
516 336
302 516
172 302
387 172
376 387
537 376
451 537
366 451
572 366
456 386
456 572
71 173 181 189 396 669 
71 173
181 71
669 181
189 669
396 189
56 167 285 379 770 
167 379
56 167
285 770
56 285
2 184 794 
794 2
794 184
15 21 343 477 738 
343 21
738 343
477 738
15 477
41 48 63 88 114 131 202 228 237 329 416 490 536 580 622 765 796 
796 202
329 796
131 329
131 622
41 131
416 41
490 416
580 114
228 765
580 228
48 580
63 48
88 237
63 88
536 63
490 536
445 454 
454 445
162 190 427 497 525 582 642 663 697 767 
663 427
582 497
190 582
697 642
697 663
190 697
525 190
162 525
767 162
5 62 243 287 382 708 748 
62 287
62 243
5 62
748 5
748 382
708 748
24 127 355 426 482 496 589 798 
24 426
496 24
589 496
798 589
127 798
127 355
127 482
305 326 364 403 421 535 544 619 787 
305 421
326 305
619 787
619 326
364 619
535 364
403 535
544 403
20 58 82 252 524 671 764 771 
252 524
671 252
671 771
58 671
764 58
20 764
82 20
36 141 327 405 603 701 752 
603 752
327 603
701 327
141 405
36 141
701 36
64 73 83 174 178 217 296 345 353 374 430 437 463 526 623 727 734 740 
727 174
353 727
437 353
734 217
437 83
374 437
734 374
430 734
73 345
296 178
296 740
64 526
73 296
463 73
64 463
623 64
430 623
333 459 529 737 
333 737
459 333
459 529
227 398 418 786 
398 227
786 398
418 786
11 38 99 132 605 
132 99
605 132
11 38
11 605
761 
92 303 347 518 
518 92
347 518
347 303
635 
219 223 348 775 781 
223 775
348 223
781 348
781 219
