? 15 0 505 236 495 387 40 219 771 27 663 151 700 144 268 235
? 15 1 7 675 471 51 732 597 763 753 774 424 154 243 291 348
? 15 2 568 260 331 123 373 688 46 99 402 561 637 760 175 333
? 15 3 512 690 542 534 31 446 629 719 10 288 232 244 20 665
? 15 4 48 654 623 271 185 668 439 217 128 358 68 61 321 606
? 15 5 323 56 191 622 577 465 727 16 677 648 768 210 161 671
? 15 6 196 558 224 610 231 483 63 682 42 64 220 178 189 177
? 15 8 206 79 709 186 656 552 779 494 386 135 466 314 426 149
? 15 9 666 152 230 584 715 345 720 412 150 19 773 343 57 23
? 15 11 109 184 35 686 340 281 312 649 364 535 461 447 338 351
? 15 12 85 602 307 248 630 775 283 643 710 19 785 295 766 259
? 15 13 250 290 127 791 509 74 204 545 332 696 183 61 47 450
? 15 14 370 609 108 18 375 77 247 208 580 616 560 241 398 436
? 15 15 636 421 115 363 328 702 508 396 432 254 736 60 458 394
? 15 17 532 338 256 461 281 364 422 724 362 775 207 283 35 259
? 15 21 135 712 680 571 26 456 466 552 656 494 709 94 769 460
? 15 22 585 59 199 213 650 464 762 148 69 71 396 445 417 319
? 15 24 563 395 738 417 667 254 731 493 327 526 379 365 296 199
? 15 25 575 49 120 78 322 344 745 44 599 679 587 537 787 596
? 15 28 164 793 631 377 36 443 502 176 733 525 524 488 181 313
? 15 29 655 544 291 785 154 763 774 753 454 339 684 307 51 424
? 15 30 262 73 380 410 524 310 480 313 20 10 31 36 488 502
? 15 32 429 147 167 681 330 228 424 707 101 632 454 471 774 753
? 15 33 414 190 742 319 445 476 223 54 747 72 356 762 697 733
? 15 34 285 155 633 278 430 227 510 784 605 106 157 237 564 539
? 15 37 536 794 548 755 482 540 533 52 749 126 178 483 376 166
? 15 38 203 766 259 107 724 362 283 501 295 241 422 646 258 775
? 15 39 299 726 401 664 644 393 80 261 308 438 133 520 717 632
? 15 41 235 717 261 133 80 520 393 495 518 236 664 644 0 90
? 15 43 438 662 644 468 401 420 474 299 80 397 39 268 261 393
? 15 45 551 90 68 750 358 518 439 668 40 266 151 185 695 273
? 15 50 627 453 449 407 730 500 624 481 564 237 678 658 141 693
? 15 53 52 786 556 755 540 302 76 794 376 548 311 300 279 106
? 15 55 634 614 566 170 473 603 111 341 612 698 741 229 389 171
? 15 58 469 255 598 390 555 457 124 103 182 418 434 475 143 159
? 15 62 47 183 592 437 673 450 467 545 590 772 519 92 541 463
? 15 65 306 337 145 426 131 386 91 162 195 326 617 186 197 214
? 15 66 292 704 517 638 357 245 513 367 559 404 315 398 529 626
? 15 67 538 528 565 142 324 778 269 613 523 728 444 757 797 287
? 15 70 287 797 716 385 110 691 324 160 538 477 728 444 757 492
? 15 75 163 246 490 174 169 780 118 553 112 146 723 572 369 409
? 15 81 101 632 352 707 228 282 297 308 681 378 167 330 147 331
? 15 82 406 168 567 311 689 279 157 693 106 601 413 302 678 76
? 15 83 788 211 276 711 606 140 641 718 705 336 128 388 402 333
? 15 84 503 428 451 600 618 708 653 326 462 337 694 617 197 301
? 15 86 496 153 491 294 122 130 765 660 139 251 722 640 764 591
? 15 87 578 321 756 783 217 225 751 239 579 427 661 405 479 687
? 15 88 677 399 284 289 577 628 615 16 56 685 323 546 349 796
? 15 89 486 244 672 719 288 549 651 60 690 770 198 446 355 432
? 15 93 404 782 513 626 171 529 359 741 292 657 559 517 66 659
? 15 95 274 484 442 405 661 751 427 125 687 156 756 472 620 578
? 15 96 267 177 317 511 238 231 610 64 136 196 220 504 6 729
? 15 97 485 138 789 347 790 253 587 679 49 599 94 212 769 543
? 15 98 166 42 749 483 215 569 539 558 220 64 510 6 795 63
? 15 100 172 293 550 194 799 676 647 309 652 371 232 446 770 288
? 15 102 761 714 463 316 92 403 467 673 121 318 590 592 99 264
? 15 104 280 574 161 218 611 415 489 701 648 727 189 180 277 144
? 15 105 642 440 239 579 531 472 479 427 661 87 578 484 751 321
? 15 113 589 381 521 222 435 515 103 325 200 382 391 798 555 384
? 15 114 141 214 730 624 131 237 633 500 162 155 564 195 278 767
? 15 116 273 336 695 520 664 133 393 711 261 518 717 726 358 211
? 15 117 175 541 586 46 519 772 590 735 568 437 402 592 450 2
? 15 119 781 354 619 487 360 613 452 269 369 187 490 669 694 142
? 15 129 583 497 368 527 165 792 205 514 449 460 212 286 769 627
? 15 132 353 620 706 156 758 525 796 361 546 442 685 274 631 95
? 15 134 759 374 507 506 202 455 447 608 234 351 723 535 312 553
? 15 137 477 209 110 492 303 160 547 716 691 385 70 287 757 444
? 15 158 498 470 346 320 607 301 226 573 193 721 451 335 669 530
? 15 173 645 635 572 174 594 780 252 146 163 75 385 691 390 216
? 15 179 746 334 745 305 78 621 120 557 322 149 314 575 787 593
? 15 188 600 523 462 778 653 591 197 617 565 708 694 139 84 528
? 15 192 356 221 304 697 615 392 628 181 742 562 233 747 54 399
? 15 201 441 257 408 270 459 604 296 777 327 516 275 667 526 738
? 15 240 595 522 737 740 361 488 313 176 480 310 758 410 380 525
? 15 242 530 193 721 699 346 455 234 608 554 506 498 683 734 470
? 15 249 419 400 159 475 434 391 124 598 418 325 200 58 469 252
? 15 263 665 476 72 223 190 458 33 414 394 445 733 629 10 742
? 15 265 348 378 576 776 352 707 330 297 228 681 167 101 81 582
? 15 272 383 537 625 743 366 448 596 416 44 543 344 575 679 120
? 15 298 752 584 425 57 343 412 23 372 581 663 387 713 9 700
? 15 329 478 684 350 339 243 436 291 154 544 560 616 411 785 655
? 15 342 593 621 557 334 746 596 743 120 625 179 78 575 745 537
? 15 423 646 258 364 245 315 362 670 357 422 724 338 704 638 259
? 15 431 202 351 150 608 455 207 345 535 152 759 447 256 506 134
? 15 433 143 384 638 798 670 315 555 292 245 103 66 357 513 529
? 15 499 744 216 492 635 691 252 385 716 594 418 419 645 173 400
? 15 570 226 605 767 301 784 618 430 326 607 195 145 428 320 158
? 15 588 349 482 16 178 671 536 63 622 725 323 210 37 533 56
? 15 639 275 674 604 205 257 792 165 408 201 516 441 459 777 368
? 15 692 685 546 577 191 796 125 677 156 620 56 754 88 5 274
? 15 703 233 562 725 533 221 126 697 615 747 192 54 71 399 548
? 15 739 333 760 388 688 373 140 276 402 308 282 705 788 711 726
? 15 748 731 493 736 365 526 563 254 395 24 777 667 516 441 408
? 15 4 48 654 623 271 185 668 439 217 128 358 68 61 321 606
? 15 7 1 675 732 471 597 51 763 753 774 243 348 424 154 291
? 15 14 370 609 108 18 375 77 247 208 580 616 560 241 398 436
? 15 62 47 183 592 437 673 450 467 545 590 772 519 92 541 463
? 15 69 464 300 148 585 71 22 786 126 76 59 762 53 548 417
? 15 83 788 211 276 711 606 140 641 718 705 336 128 388 402 333
? 15 97 485 138 789 347 790 253 587 679 49 599 94 212 769 543
? 15 102 761 714 463 316 92 403 467 673 121 318 590 592 99 264
? 15 107 766 295 38 241 411 203 259 501 616 283 375 785 724 339
? 15 109 11 184 686 35 340 312 649 281 535 447 364 461 338 409
? 15 117 175 541 586 46 519 772 590 735 568 437 402 592 450 2
? 15 118 553 112 723 246 169 163 75 409 374 490 649 507 312 134
? 15 130 765 251 764 86 640 496 491 122 153 294 591 660 557 314
? 15 168 601 82 406 413 693 379 678 311 270 567 689 738 279 296
? 15 182 457 255 409 390 58 469 555 649 146 143 109 572 312 169
? 15 187 452 360 487 619 669 119 781 354 723 573 234 374 506 118
? 15 206 8 79 709 186 386 552 656 779 494 426 466 197 314 135
? 15 215 166 510 749 98 539 376 569 42 483 540 227 220 558 794
? 15 229 698 389 111 170 612 614 515 382 435 222 521 589 381 634
? 15 238 177 231 317 267 610 96 511 196 189 224 489 6 218 64
? 15 248 602 12 307 630 643 85 710 420 775 19 283 397 785 29
? 15 250 13 127 791 290 74 204 509 332 61 479 531 545 696 183
? 15 262 30 380 410 73 480 20 310 524 313 31 10 542 534 488
? 15 266 750 754 687 125 68 45 551 668 439 405 225 783 185 358
? 15 277 180 713 372 700 27 415 218 771 104 611 144 489 425 280
? 15 285 34 155 633 278 430 510 227 157 106 784 237 605 564 567
? 15 289 284 399 628 88 392 181 304 796 615 443 685 677 546 192
? 15 303 209 547 722 477 160 137 757 444 728 110 294 496 153 491
? 15 335 554 504 729 320 699 795 226 346 734 498 136 530 158 470
? 15 355 198 770 60 549 651 432 672 508 89 486 371 702 244 363
? 15 416 448 366 543 272 383 537 44 344 625 743 679 596 253 347
? 15 456 26 712 94 599 21 587 135 656 787 680 322 769 790 571
? 15 473 566 634 170 55 111 614 389 698 229 612 382 515 603 435
? 15 481 407 459 413 453 693 678 601 50 270 406 201 658 604 168
? 15 527 497 583 129 368 792 205 165 514 212 639 449 674 460 275
? 15 581 268 663 474 752 397 23 387 412 298 0 584 236 495 468
? 15 582 637 776 576 561 297 123 331 378 265 264 260 352 282 2
? 15 595 522 240 737 740 488 361 480 310 313 176 410 380 758 525
? 15 636 15 421 736 254 363 508 328 115 702 432 396 60 651 213
? 15 652 647 309 232 100 194 293 550 172 446 20 799 534 288 31
? 15 659 657 171 341 782 603 359 247 108 93 404 370 741 559 14
? 15 662 468 438 43 420 644 401 397 474 454 299 424 429 268 80
? 15 666 9 152 715 345 720 230 19 150 584 412 207 23 773 343
? 15 676 799 371 172 550 293 100 194 770 309 549 647 486 355 198
? 15 682 224 189 210 196 489 671 6 218 231 610 280 63 238 727
? 15 683 773 230 343 57 150 734 9 530 242 699 152 666 136 584
? 15 748 731 493 736 365 526 563 254 395 24 777 667 516 441 408
? 15 793 36 164 176 502 28 524 488 313 631 377 443 310 525 733
? 15 3 512 690 542 534 31 446 629 719 10 288 232 244 20 665
? 15 4 48 654 623 271 185 668 439 217 128 358 68 61 321 606
? 15 7 1 675 732 471 597 51 763 753 774 243 348 424 154 291
? 15 17 532 338 256 461 281 364 422 724 362 775 207 283 35 259
? 15 25 575 49 120 78 322 344 745 44 599 679 587 537 787 596
? 15 32 429 147 167 681 330 228 424 707 101 632 454 471 774 753
? 15 41 235 717 261 133 80 520 393 495 518 236 664 644 0 90
? 15 62 47 183 592 437 673 450 467 545 590 772 519 92 541 463
? 15 65 306 337 145 426 131 386 91 162 195 326 617 186 197 214
? 15 67 538 528 565 142 324 778 269 613 523 728 444 757 797 287
? 15 69 464 300 148 585 71 22 786 126 76 59 762 53 548 417
? 15 83 788 211 276 711 606 140 641 718 705 336 128 388 402 333
? 15 97 485 138 789 347 790 253 587 679 49 599 94 212 769 543
? 15 102 761 714 463 316 92 403 467 673 121 318 590 592 99 264
? 15 105 642 440 239 579 531 472 479 427 661 87 578 484 751 321
? 15 107 766 295 38 241 411 203 259 501 616 283 375 785 724 339
? 15 113 589 381 521 222 435 515 103 325 200 382 391 798 555 384
? 15 116 273 336 695 520 664 133 393 711 261 518 717 726 358 211
? 15 117 175 541 586 46 519 772 590 735 568 437 402 592 450 2
? 15 130 765 251 764 86 640 496 491 122 153 294 591 660 557 314
? 15 139 778 153 523 728 444 757 86 496 565 294 491 547 122 591
? 15 182 457 255 409 390 58 469 555 649 146 143 109 572 312 169
? 15 188 600 523 462 778 653 591 197 617 565 708 694 139 84 528
? 15 199 22 585 213 650 396 417 464 59 328 148 115 762 24 69
? 15 206 8 79 709 186 386 552 656 779 494 426 466 197 314 135
? 15 208 560 436 77 350 609 616 18 375 478 14 329 370 411 241
? 15 215 166 510 749 98 539 376 569 42 483 540 227 220 558 794
? 15 219 144 771 151 505 40 27 0 415 701 611 700 768 387 713
? 15 262 30 380 410 73 480 20 310 524 313 31 10 542 534 488
? 15 263 665 476 72 223 190 458 33 414 394 445 733 629 10 742
? 15 285 34 155 633 278 430 510 227 157 106 784 237 605 564 567
? 15 286 460 571 680 514 466 494 91 21 500 552 449 162 135 712
? 15 305 149 314 179 746 779 745 787 322 334 78 557 251 621 764
? 15 335 554 504 729 320 699 795 226 346 734 498 136 530 158 470
? 15 342 593 621 557 334 746 596 743 120 625 179 78 575 745 537
? 15 353 706 132 758 620 361 156 442 525 274 796 240 631 546 95
? 15 367 517 398 559 501 704 66 580 357 292 359 245 404 258 513
? 15 369 490 781 269 613 119 142 75 163 354 538 528 324 619 174
? 15 416 448 366 543 272 383 537 44 344 625 743 679 596 253 347
? 15 419 400 249 159 475 434 124 391 598 418 325 200 499 252 469
? 15 423 646 258 364 245 315 362 670 357 422 724 338 704 638 259
? 15 431 202 351 150 608 455 207 345 535 152 759 447 256 506 134
? 15 433 143 384 638 798 670 315 555 292 245 103 66 357 513 529
? 15 451 84 428 607 669 708 301 694 653 503 470 573 158 618 360
? 15 465 648 727 161 768 574 701 280 5 611 104 622 415 210 323
? 15 473 566 634 170 55 111 614 389 698 229 612 382 515 603 435
? 15 511 317 267 96 177 136 238 231 734 504 610 64 196 554 729
? 15 527 497 583 129 368 792 205 165 514 212 639 449 674 460 275
? 15 556 302 53 52 311 540 376 786 279 76 106 755 157 794 567
? 15 570 226 605 767 301 784 618 430 326 607 195 145 428 320 158
? 15 595 522 240 737 740 488 361 480 310 313 176 410 380 758 525
? 15 602 248 12 630 85 643 307 710 775 19 283 420 715 785 397
? 15 636 15 421 736 254 363 508 328 115 702 432 396 60 651 213
? 15 652 647 309 232 100 194 293 550 172 446 20 799 534 288 31
? 15 659 657 171 341 782 603 359 247 108 93 404 370 741 559 14
? 15 662 468 438 43 420 644 401 397 474 454 299 424 429 268 80
? 15 676 799 371 172 550 293 100 194 770 309 549 647 486 355 198
? 15 688 373 760 333 388 739 402 2 282 331 46 705 140 276 308
? 15 725 562 703 233 533 221 615 126 399 349 697 588 192 536 628
? 15 744 499 216 492 691 635 385 716 252 110 137 70 477 594 173
? 15 748 731 493 736 365 526 563 254 395 24 777 667 516 441 408
? 15 793 36 164 176 502 28 524 488 313 631 377 443 310 525 733
? 15 4 48 654 623 271 185 668 439 217 128 358 68 61 321 606
? 15 7 1 675 732 471 597 51 763 753 774 243 348 424 154 291
? 15 50 627 453 449 407 730 500 624 481 564 237 678 658 141 693
? 15 62 47 183 592 437 673 450 467 545 590 772 519 92 541 463
? 15 83 788 211 276 711 606 140 641 718 705 336 128 388 402 333
? 15 90 551 45 40 518 151 68 505 495 236 219 235 41 0 750
? 15 97 485 138 789 347 790 253 587 679 49 599 94 212 769 543
? 15 102 761 714 463 316 92 403 467 673 121 318 590 592 99 264
? 15 107 766 295 38 241 411 203 259 501 616 283 375 785 724 339
? 15 114 141 214 730 624 131 237 633 500 162 155 564 195 278 767
? 15 117 175 541 586 46 519 772 590 735 568 437 402 592 450 2
? 15 118 553 112 723 246 169 163 75 409 374 490 649 507 312 134
? 15 130 765 251 764 86 640 496 491 122 153 294 591 660 557 314
? 15 160 757 444 209 728 110 547 477 287 303 70 137 797 716 324
? 15 182 457 255 409 390 58 469 555 649 146 143 109 572 312 169
? 15 206 8 79 709 186 386 552 656 779 494 426 466 197 314 135
? 15 208 560 436 77 350 609 616 18 375 478 14 329 370 411 241
? 15 215 166 510 749 98 539 376 569 42 483 540 227 220 558 794
? 15 239 579 642 427 105 661 440 87 479 578 531 751 321 756 472
? 15 242 530 193 721 699 346 455 234 608 554 506 498 683 734 470
? 15 250 13 127 791 290 74 204 509 332 61 479 531 545 696 183
? 15 262 30 380 410 73 480 20 310 524 313 31 10 542 534 488
? 15 266 750 754 687 125 68 45 551 668 439 405 225 783 185 358
? 15 285 34 155 633 278 430 510 227 157 106 784 237 605 564 567
? 15 289 284 399 628 88 392 181 304 796 615 443 685 677 546 192
? 15 319 445 54 33 414 747 762 190 742 71 59 697 72 476 223
? 15 327 296 667 738 270 201 441 526 601 777 365 395 408 459 379
? 15 335 554 504 729 320 699 795 226 346 734 498 136 530 158 470
? 15 356 192 304 697 742 392 181 221 628 414 733 615 54 190 747
? 15 369 490 781 269 613 119 142 75 163 354 538 528 324 619 174
? 15 416 448 366 543 272 383 537 44 344 625 743 679 596 253 347
? 15 419 400 249 159 475 434 124 391 598 418 325 200 499 252 469
? 15 425 372 298 752 57 713 343 584 277 180 700 27 387 773 663
? 15 451 84 428 607 669 708 301 694 653 503 470 573 158 618 360
? 15 456 26 712 94 599 21 587 135 656 787 680 322 769 790 571
? 15 473 566 634 170 55 111 614 389 698 229 612 382 515 603 435
? 15 511 317 267 96 177 136 238 231 734 504 610 64 196 554 729
? 15 527 497 583 129 368 792 205 165 514 212 639 449 674 460 275
? 15 581 268 663 474 752 397 23 387 412 298 0 584 236 495 468
? 15 582 637 776 576 561 297 123 331 378 265 264 260 352 282 2
? 15 595 522 240 737 740 488 361 480 310 313 176 410 380 758 525
? 15 602 248 12 630 85 643 307 710 775 19 283 420 715 785 397
? 15 636 15 421 736 254 363 508 328 115 702 432 396 60 651 213
? 15 652 647 309 232 100 194 293 550 172 446 20 799 534 288 31
? 15 659 657 171 341 782 603 359 247 108 93 404 370 741 559 14
? 15 662 468 438 43 420 644 401 397 474 454 299 424 429 268 80
? 15 666 9 152 715 345 720 230 19 150 584 412 207 23 773 343
? 15 676 799 371 172 550 293 100 194 770 309 549 647 486 355 198
? 15 682 224 189 210 196 489 671 6 218 231 610 280 63 238 727
? 15 688 373 760 333 388 739 402 2 282 331 46 705 140 276 308
? 15 692 685 546 577 191 796 125 677 156 620 56 754 88 5 274
? 15 719 244 89 288 486 672 690 549 651 446 3 512 60 629 702
? 15 722 303 294 547 122 491 660 496 153 209 86 757 444 160 139
? 15 748 731 493 736 365 526 563 254 395 24 777 667 516 441 408
? 15 793 36 164 176 502 28 524 488 313 631 377 443 310 525 733
? 15 4 48 654 623 271 185 668 439 217 128 358 68 61 321 606
? 15 7 1 675 732 471 597 51 763 753 774 243 348 424 154 291
? 15 11 109 184 35 686 340 281 312 649 364 535 461 447 338 351
? 15 17 532 338 256 461 281 364 422 724 362 775 207 283 35 259
? 15 25 575 49 120 78 322 344 745 44 599 679 587 537 787 596
? 15 29 655 544 291 785 154 763 774 753 454 339 684 307 51 424
? 15 32 429 147 167 681 330 228 424 707 101 632 454 471 774 753
? 15 62 47 183 592 437 673 450 467 545 590 772 519 92 541 463
? 15 65 306 337 145 426 131 386 91 162 195 326 617 186 197 214
? 15 67 538 528 565 142 324 778 269 613 523 728 444 757 797 287
? 15 69 464 300 148 585 71 22 786 126 76 59 762 53 548 417
? 15 81 101 632 352 707 228 282 297 308 681 378 167 330 147 331
? 15 83 788 211 276 711 606 140 641 718 705 336 128 388 402 333
? 15 95 274 484 442 405 661 751 427 125 687 156 756 472 620 578
? 15 97 485 138 789 347 790 253 587 679 49 599 94 212 769 543
? 15 102 761 714 463 316 92 403 467 673 121 318 590 592 99 264
? 15 107 766 295 38 241 411 203 259 501 616 283 375 785 724 339
? 15 113 589 381 521 222 435 515 103 325 200 382 391 798 555 384
? 15 116 273 336 695 520 664 133 393 711 261 518 717 726 358 211
? 15 117 175 541 586 46 519 772 590 735 568 437 402 592 450 2
? 15 118 553 112 723 246 169 163 75 409 374 490 649 507 312 134
? 15 130 765 251 764 86 640 496 491 122 153 294 591 660 557 314
? 15 182 457 255 409 390 58 469 555 649 146 143 109 572 312 169
? 15 187 452 360 487 619 669 119 781 354 723 573 234 374 506 118
? 15 188 600 523 462 778 653 591 197 617 565 708 694 139 84 528
? 15 199 22 585 213 650 396 417 464 59 328 148 115 762 24 69
? 15 206 8 79 709 186 386 552 656 779 494 426 466 197 314 135
? 15 208 560 436 77 350 609 616 18 375 478 14 329 370 411 241
? 15 215 166 510 749 98 539 376 569 42 483 540 227 220 558 794
? 15 239 579 642 427 105 661 440 87 479 578 531 751 321 756 472
? 15 257 408 441 516 201 604 275 777 639 674 459 526 365 270 296
? 15 262 30 380 410 73 480 20 310 524 313 31 10 542 534 488
? 15 263 665 476 72 223 190 458 33 414 394 445 733 629 10 742
? 15 285 34 155 633 278 430 510 227 157 106 784 237 605 564 567
? 15 286 460 571 680 514 466 494 91 21 500 552 449 162 135 712
? 15 305 149 314 179 746 779 745 787 322 334 78 557 251 621 764
? 15 335 554 504 729 320 699 795 226 346 734 498 136 530 158 470
? 15 342 593 621 557 334 746 596 743 120 625 179 78 575 745 537
? 15 349 588 16 482 671 178 536 622 63 725 323 56 210 88 37
? 15 353 706 132 758 620 361 156 442 525 274 796 240 631 546 95
? 15 369 490 781 269 613 119 142 75 163 354 538 528 324 619 174
? 15 379 417 168 738 601 148 327 667 82 296 300 395 270 24 76
? 15 413 693 678 601 481 406 407 168 459 82 270 453 689 658 567
? 15 416 448 366 543 272 383 537 44 344 625 743 679 596 253 347
? 15 419 400 249 159 475 434 124 391 598 418 325 200 499 252 469
? 15 423 646 258 364 245 315 362 670 357 422 724 338 704 638 259
? 15 431 202 351 150 608 455 207 345 535 152 759 447 256 506 134
? 15 433 143 384 638 798 670 315 555 292 245 103 66 357 513 529
? 15 451 84 428 607 669 708 301 694 653 503 470 573 158 618 360
? 15 465 648 727 161 768 574 701 280 5 611 104 622 415 210 323
? 15 473 566 634 170 55 111 614 389 698 229 612 382 515 603 435
? 15 492 744 137 216 691 477 110 716 385 499 70 287 209 160 797
? 15 511 317 267 96 177 136 238 231 734 504 610 64 196 554 729
? 15 527 497 583 129 368 792 205 165 514 212 639 449 674 460 275
? 15 556 302 53 52 311 540 376 786 279 76 106 755 157 794 567
? 15 562 233 703 221 725 615 697 192 533 747 399 628 126 54 356
? 15 570 226 605 767 301 784 618 430 326 607 195 145 428 320 158
? 15 595 522 240 737 740 488 361 480 310 313 176 410 380 758 525
? 15 602 248 12 630 85 643 307 710 775 19 283 420 715 785 397
? 15 626 529 513 93 404 741 292 782 384 171 66 359 638 382 517
? 15 636 15 421 736 254 363 508 328 115 702 432 396 60 651 213
? 15 652 647 309 232 100 194 293 550 172 446 20 799 534 288 31
? 15 659 657 171 341 782 603 359 247 108 93 404 370 741 559 14
? 15 662 468 438 43 420 644 401 397 474 454 299 424 429 268 80
? 15 666 9 152 715 345 720 230 19 150 584 412 207 23 773 343
? 15 676 799 371 172 550 293 100 194 770 309 549 647 486 355 198
? 15 683 773 230 343 57 150 734 9 530 242 699 152 666 136 584
? 15 688 373 760 333 388 739 402 2 282 331 46 705 140 276 308
? 15 719 244 89 288 486 672 690 549 651 446 3 512 60 629 702
? 15 722 303 294 547 122 491 660 496 153 209 86 757 444 160 139
? 15 748 731 493 736 365 526 563 254 395 24 777 667 516 441 408
? 15 780 174 146 572 163 645 75 173 594 169 246 457 390 409 252
? 15 793 36 164 176 502 28 524 488 313 631 377 443 310 525 733
? 15 4 48 654 623 271 185 668 439 217 128 358 68 61 321 606
? 15 7 1 675 732 471 597 51 763 753 774 243 348 424 154 291
? 15 39 299 726 401 664 644 393 80 261 308 438 133 520 717 632
? 15 50 627 453 449 407 730 500 624 481 564 237 678 658 141 693
? 15 62 47 183 592 437 673 450 467 545 590 772 519 92 541 463
? 15 83 788 211 276 711 606 140 641 718 705 336 128 388 402 333
? 15 90 551 45 40 518 151 68 505 495 236 219 235 41 0 750
? 15 97 485 138 789 347 790 253 587 679 49 599 94 212 769 543
? 15 102 761 714 463 316 92 403 467 673 121 318 590 592 99 264
? 15 107 766 295 38 241 411 203 259 501 616 283 375 785 724 339
? 15 117 175 541 586 46 519 772 590 735 568 437 402 592 450 2
? 15 130 765 251 764 86 640 496 491 122 153 294 591 660 557 314
? 15 180 277 713 372 700 27 415 218 104 489 611 771 144 425 280
? 15 182 457 255 409 390 58 469 555 649 146 143 109 572 312 169
? 15 206 8 79 709 186 386 552 656 779 494 426 466 197 314 135
? 15 208 560 436 77 350 609 616 18 375 478 14 329 370 411 241
? 15 215 166 510 749 98 539 376 569 42 483 540 227 220 558 794
? 15 239 579 642 427 105 661 440 87 479 578 531 751 321 756 472
? 15 250 13 127 791 290 74 204 509 332 61 479 531 545 696 183
? 15 262 30 380 410 73 480 20 310 524 313 31 10 542 534 488
? 15 266 750 754 687 125 68 45 551 668 439 405 225 783 185 358
? 15 285 34 155 633 278 430 510 227 157 106 784 237 605 564 567
? 15 289 284 399 628 88 392 181 304 796 615 443 685 677 546 192
? 15 319 445 54 33 414 747 762 190 742 71 59 697 72 476 223
? 15 335 554 504 729 320 699 795 226 346 734 498 136 530 158 470
? 15 367 517 398 559 501 704 66 580 357 292 359 245 404 258 513
? 15 369 490 781 269 613 119 142 75 163 354 538 528 324 619 174
? 15 413 693 678 601 481 406 407 168 459 82 270 453 689 658 567
? 15 416 448 366 543 272 383 537 44 344 625 743 679 596 253 347
? 15 419 400 249 159 475 434 124 391 598 418 325 200 499 252 469
? 15 451 84 428 607 669 708 301 694 653 503 470 573 158 618 360
? 15 456 26 712 94 599 21 587 135 656 787 680 322 769 790 571
? 15 458 394 629 72 665 263 115 396 650 476 213 328 445 59 762
? 15 473 566 634 170 55 111 614 389 698 229 612 382 515 603 435
? 15 511 317 267 96 177 136 238 231 734 504 610 64 196 554 729
? 15 527 497 583 129 368 792 205 165 514 212 639 449 674 460 275
? 15 562 233 703 221 725 615 697 192 533 747 399 628 126 54 356
? 15 581 268 663 474 752 397 23 387 412 298 0 584 236 495 468
? 15 582 637 776 576 561 297 123 331 378 265 264 260 352 282 2
? 15 595 522 240 737 740 488 361 480 310 313 176 410 380 758 525
? 15 602 248 12 630 85 643 307 710 775 19 283 420 715 785 397
? 15 636 15 421 736 254 363 508 328 115 702 432 396 60 651 213
? 15 652 647 309 232 100 194 293 550 172 446 20 799 534 288 31
? 15 659 657 171 341 782 603 359 247 108 93 404 370 741 559 14
? 15 662 468 438 43 420 644 401 397 474 454 299 424 429 268 80
? 15 676 799 371 172 550 293 100 194 770 309 549 647 486 355 198
? 15 682 224 189 210 196 489 671 6 218 231 610 280 63 238 727
? 15 688 373 760 333 388 739 402 2 282 331 46 705 140 276 308
? 15 719 244 89 288 486 672 690 549 651 446 3 512 60 629 702
? 15 721 193 234 573 242 346 506 470 530 498 455 158 608 669 187
? 15 722 303 294 547 122 491 660 496 153 209 86 757 444 160 139
? 15 748 731 493 736 365 526 563 254 395 24 777 667 516 441 408
? 15 793 36 164 176 502 28 524 488 313 631 377 443 310 525 733
? 15 4 48 654 623 271 185 668 439 217 128 358 68 61 321 606
? 15 5 323 56 191 622 577 465 727 16 677 648 768 210 161 671
? 15 7 1 675 732 471 597 51 763 753 774 243 348 424 154 291
? 15 11 109 184 35 686 340 281 312 649 364 535 461 447 338 351
? 15 17 532 338 256 461 281 364 422 724 362 775 207 283 35 259
? 15 25 575 49 120 78 322 344 745 44 599 679 587 537 787 596
? 15 29 655 544 291 785 154 763 774 753 454 339 684 307 51 424
? 15 32 429 147 167 681 330 228 424 707 101 632 454 471 774 753
? 15 37 536 794 548 755 482 540 533 52 749 126 178 483 376 166
? 15 62 47 183 592 437 673 450 467 545 590 772 519 92 541 463
? 15 65 306 337 145 426 131 386 91 162 195 326 617 186 197 214
? 15 67 538 528 565 142 324 778 269 613 523 728 444 757 797 287
? 15 69 464 300 148 585 71 22 786 126 76 59 762 53 548 417
? 15 81 101 632 352 707 228 282 297 308 681 378 167 330 147 331
? 15 83 788 211 276 711 606 140 641 718 705 336 128 388 402 333
? 15 97 485 138 789 347 790 253 587 679 49 599 94 212 769 543
!
97 138 188 426 485 
426 188
138 426
485 138
97 485
119 134 136 158 187 193 226 234 242 301 320 326 346 354 360 374 428 451 452 455 470 487 498 503 506 507 530 554 573 607 608 618 619 669 699 721 734 781 
136 734
554 136
699 554
530 699
242 530
193 242
721 193
234 721
374 507
134 374
506 134
455 608
506 455
234 506
187 234
452 187
619 452
619 487
119 781
354 119
619 354
360 619
360 669
573 360
226 320
301 226
470 573
498 346
158 498
158 470
607 158
301 607
618 301
428 618
428 326
428 503
451 428
58 103 111 113 143 222 381 384 389 433 435 515 555 589 698 798 
698 111
698 389
515 698
381 222
435 381
435 515
589 435
113 589
103 113
143 798
555 58
555 103
143 555
433 143
433 384
279 689 
279 689
55 341 603 
603 55
341 603
52 82 106 114 126 141 157 166 168 215 237 278 302 311 376 406 510 533 540 548 556 564 567 601 624 730 755 794 
82 601
82 168
406 82
311 406
311 302
556 311
106 556
126 533
548 126
794 548
794 755
540 794
540 52
376 540
106 376
510 166
510 215
106 510
157 106
157 567
278 157
564 278
237 564
624 237
730 624
141 730
114 141
28 36 95 132 156 176 274 310 313 353 380 410 442 480 488 525 631 706 758 
380 410
480 380
310 480
313 310
488 313
176 488
36 176
28 36
631 28
525 631
758 525
706 758
274 156
274 95
442 274
132 442
353 132
706 353
13 61 62 74 127 183 204 250 290 
183 62
290 183
127 290
13 250
127 13
74 127
74 61
74 204
3 10 284 289 356 512 665 692 
3 512
10 3
665 10
356 665
289 356
289 692
289 284
39 80 81 101 133 228 261 282 299 308 352 393 401 438 520 632 644 664 717 726 739 
352 101
81 352
282 81
308 282
401 39
644 438
401 644
299 401
80 299
80 393
664 80
133 717
520 133
261 520
664 261
726 664
308 739
632 228
308 632
726 308
75 124 146 163 169 174 246 252 255 390 418 469 490 553 572 594 645 780 
246 553
169 246
163 169
75 490
163 75
174 163
780 174
572 780
572 146
390 572
469 390
469 255
252 469
418 124
252 418
594 252
645 594
42 98 162 220 227 539 569 
227 162
42 220
98 42
569 98
227 569
539 227
45 68 161 185 349 358 439 465 551 574 648 727 750 768 
439 185
358 439
68 358
750 68
45 750
551 45
768 551
465 349
161 574
161 727
648 161
768 648
768 465
66 170 245 258 292 315 357 367 382 473 513 521 529 566 612 614 626 634 638 646 670 704 
382 521
566 473
634 566
170 634
614 170
612 614
382 612
529 382
258 646
357 258
357 367
704 357
66 704
670 315
245 670
245 66
638 245
292 638
513 292
626 513
529 626
109 182 457 635 
457 635
182 457
109 182
34 65 79 91 131 145 155 195 197 206 214 285 306 337 386 430 570 605 617 633 767 784 
65 91
79 206
386 79
197 617
197 386
337 197
306 337
306 65
306 145
195 306
131 195
214 131
767 214
605 570
34 285
633 34
633 155
430 633
605 430
784 605
767 784
229 369 
369 229
15 542 636 
15 542
636 15
100 172 293 534 676 
100 534
172 100
293 172
676 293
60 89 194 198 355 363 371 421 432 486 508 549 550 647 651 652 672 702 719 770 799 
647 652
194 647
550 194
799 550
770 799
198 355
549 198
770 371
549 770
486 549
89 486
672 89
702 421
508 432
363 508
702 363
60 702
651 60
672 651
719 672
130 149 186 272 305 314 342 466 552 593 779 
552 186
552 466
779 552
305 130
342 272
342 593
305 342
779 305
779 314
149 779
50 201 257 270 407 413 449 453 459 481 500 604 627 639 658 674 678 693 
674 257
627 500
627 449
50 627
453 50
678 453
459 270
639 674
201 639
693 413
678 658
693 678
407 693
481 407
459 481
604 201
459 604
22 24 33 53 54 59 69 72 76 115 148 164 181 190 192 199 213 221 223 254 296 300 304 319 327 328 365 377 379 392 395 396 399 408 414 417 441 443 445 464 476 493 502 516 524 526 563 585 615 628 650 667 697 731 733 736 738 742 747 748 762 777 786 793 
181 192
747 54
697 747
221 697
615 221
615 399
628 615
392 628
304 392
181 304
443 181
502 793
502 524
164 502
443 164
377 443
733 377
223 733
742 223
319 742
190 319
33 476
190 33
414 190
445 414
445 72
762 445
396 199
738 327
738 296
667 738
493 748
365 731
777 516
777 441
777 408
526 777
365 526
493 365
24 493
563 667
563 24
395 563
254 395
254 736
115 254
328 115
396 328
213 396
650 213
59 650
59 762
585 59
585 69
22 585
464 22
300 464
786 53
76 786
300 76
148 300
148 417
379 148
99 117 121 264 541 561 586 772 
772 586
541 772
117 541
99 117
264 561
121 99
264 121
9 14 18 19 23 38 57 77 85 93 108 150 152 171 203 207 230 241 247 259 283 295 298 338 339 343 345 359 362 364 370 375 411 412 422 517 559 584 609 616 630 643 657 659 666 710 715 720 724 752 766 773 775 782 785 
559 517
657 659
782 657
782 171
93 782
359 93
359 559
247 359
108 247
370 108
370 14
609 370
375 609
18 375
77 18
616 77
241 616
411 241
785 411
785 339
295 785
19 710
38 203
766 295
38 766
259 38
364 422
338 364
362 338
362 724
259 362
283 259
775 283
85 775
630 85
643 630
19 643
720 19
715 720
345 715
207 345
152 207
150 152
9 150
9 666
230 9
773 230
57 773
343 57
412 23
584 412
584 343
298 584
752 298
107 398 404 501 580 741 
404 741
398 404
501 107
398 501
398 580
2 4 46 48 87 105 123 125 128 147 167 175 217 225 239 260 265 271 297 321 330 331 333 373 378 388 402 405 427 440 472 479 484 531 568 576 578 579 582 606 623 637 641 642 654 661 681 687 688 705 707 718 751 754 756 760 776 783 
147 330
681 147
167 681
707 167
378 707
265 378
576 265
776 576
582 776
637 582
123 637
260 123
2 260
472 484
440 472
642 440
642 239
105 642
531 105
479 531
579 479
87 579
331 297
373 331
373 688
760 373
388 760
568 2
46 568
46 175
402 46
388 402
333 388
705 333
718 705
641 718
606 641
128 606
271 128
654 271
48 654
48 4
623 48
217 623
321 217
87 321
756 87
427 661
578 427
756 578
751 756
783 751
687 754
687 125
405 687
225 405
783 225
6 27 64 96 104 144 177 180 189 196 218 224 231 238 267 277 280 317 335 372 415 483 489 511 558 610 611 682 700 701 713 729 749 771 795 
483 749
558 483
6 558
729 335
729 795
64 729
96 64
189 682
224 189
196 224
196 6
610 196
231 610
96 231
177 96
317 177
267 511
317 267
238 317
218 238
489 280
218 489
104 218
415 104
611 701
415 611
144 415
771 144
27 771
713 27
700 713
277 700
277 180
372 277
5 16 37 56 63 88 178 191 210 233 323 482 536 546 562 577 588 620 622 671 677 685 703 725 796 
796 620
685 796
546 685
677 546
677 88
577 677
191 577
191 5
56 191
323 56
16 323
622 16
671 622
671 210
178 671
178 63
482 178
703 562
233 703
725 233
588 725
536 37
482 536
588 482
47 332 437 450 509 519 545 590 592 696 791 
590 519
592 590
437 592
450 437
47 450
545 47
696 545
332 696
791 332
791 509
35 112 184 202 281 312 340 351 409 431 447 461 535 649 686 759 
281 461
35 281
184 35
351 431
535 351
202 759
535 202
184 535
340 184
686 340
447 686
312 447
649 409
649 312
112 649
735 
425 504 683 
425 504
683 425
11 17 118 173 256 532 723 
118 173
118 723
11 118
532 11
17 256
532 17
83 90 116 140 211 266 273 276 336 518 668 695 711 788 
518 90
695 518
668 266
695 668
273 116
788 83
276 788
695 273
140 276
711 140
336 711
211 336
695 211
232 244 288 309 394 446 458 629 690 
309 232
446 309
288 446
244 288
690 244
629 690
394 629
458 394
92 102 316 318 403 463 467 673 714 761 
316 403
761 316
761 102
714 761
463 714
467 463
467 673
92 467
318 92
71 263 
263 71
67 70 86 110 122 137 139 142 153 159 160 200 209 216 249 251 269 287 294 303 324 325 385 391 400 419 434 444 475 477 491 492 496 499 523 528 538 547 565 591 598 613 640 660 691 716 722 728 744 757 764 765 778 797 
200 325
434 200
391 434
475 391
598 475
159 598
249 159
249 419
400 249
499 400
744 499
216 744
492 216
137 492
757 160
547 303
444 728
757 444
547 757
209 547
477 209
137 477
716 137
716 110
385 716
385 691
70 385
797 70
287 797
324 287
528 565
142 613
269 142
528 269
538 324
528 538
67 528
778 67
523 778
139 523
640 591
764 640
251 764
765 251
86 765
153 139
122 660
294 86
496 153
294 496
491 294
122 491
722 122
0 1 7 12 29 32 41 43 51 151 154 208 219 235 236 243 248 268 291 307 329 348 350 387 397 420 424 429 436 454 468 471 474 478 495 505 544 560 581 597 602 655 662 663 675 684 732 753 763 774 
151 219
505 151
0 505
41 235
495 41
236 495
0 236
387 0
268 387
663 268
581 663
474 581
43 662
468 43
468 397
468 474
420 468
602 420
248 12
248 29
350 436
560 208
350 560
478 350
329 478
684 329
154 684
154 243
291 154
732 291
597 732
675 597
763 675
655 763
429 32
51 348
1 7
51 1
471 51
774 454
424 429
753 471
424 753
774 424
655 774
544 655
307 248
307 602
544 307
84 462 600 653 694 708 
653 708
653 462
653 694
600 653
600 84
21 26 44 49 94 129 165 205 212 253 275 286 347 368 456 460 494 497 514 527 571 583 587 599 679 680 712 769 789 790 792 
571 494
680 571
712 680
21 712
26 21
456 26
599 456
583 527
129 583
205 275
165 205
792 165
497 792
129 497
368 129
514 368
789 347
253 789
587 790
679 44
679 253
49 679
587 49
599 587
94 599
769 94
212 769
514 212
460 514
286 460
20 30 31 73 240 262 361 522 595 737 740 
20 31
73 20
73 262
30 73
740 30
595 361
522 737
522 740
240 522
595 240
8 25 78 120 135 179 322 334 344 366 383 416 448 537 543 557 575 596 621 625 656 709 743 745 746 787 
709 8
709 135
656 709
787 656
575 25
746 557
746 334
179 746
745 179
322 787
745 322
78 745
120 78
120 575
621 120
448 416
366 448
543 366
383 543
537 383
537 344
596 537
743 625
596 743
621 596
40 423 
423 40
