? 14 0 628 68 708 471 517 770 269 582 426 596 531 108 365
? 14 1 139 367 659 599 743 230 39 94 738 620 591 245 796
? 14 2 699 138 589 437 689 764 554 538 145 512 430 532 434
? 14 3 324 683 752 281 487 279 396 222 447 402 167 129 449
? 14 4 48 478 155 357 92 501 576 768 299 333 336 614 664
? 14 5 294 344 516 19 247 102 352 409 767 789 265 206 513
? 14 6 527 347 214 560 563 397 680 740 178 452 261 156 422
? 14 7 87 156 351 703 146 560 661 346 178 50 261 142 347
? 14 8 793 76 737 332 159 595 390 585 221 378 36 639 466
? 14 9 617 733 225 350 574 665 157 707 654 321 270 717 205
? 14 10 58 86 78 586 308 120 498 760 91 455 51 448 73
? 14 11 701 600 17 173 782 651 223 523 662 292 691 739 244
? 14 12 206 234 754 39 743 659 599 620 367 410 344 1 789
? 14 13 317 515 296 746 28 161 334 491 96 451 634 166 63
? 14 14 193 293 256 561 177 798 694 54 66 678 780 765 551
? 14 15 29 326 749 158 307 432 187 475 747 748 467 693 65
? 14 16 596 485 271 708 677 219 509 68 471 675 666 386 24
? 14 18 35 781 251 192 435 339 474 522 188 99 401 459 564
? 14 20 125 570 422 273 540 608 407 777 710 286 450 580 711
? 14 21 472 148 562 721 545 603 577 578 82 753 183 255 518
? 14 22 799 714 134 644 525 427 579 613 354 454 122 421 300
? 14 23 302 688 616 574 157 220 282 514 784 717 590 106 733
? 14 25 637 776 382 191 456 315 483 503 649 208 209 75 735
? 14 26 587 60 772 412 153 318 79 361 288 246 304 211 698
? 14 27 625 555 650 722 379 313 566 758 496 31 444 267 203
? 14 30 38 239 732 40 784 706 160 405 759 348 571 169 557
? 14 32 748 693 289 623 217 542 113 291 559 665 321 330 747
? 14 33 216 687 761 123 549 242 366 609 284 528 730 198 320
? 14 34 671 169 759 706 795 160 121 348 151 266 425 745 38
? 14 37 482 180 565 775 638 440 404 394 774 627 646 128 548
? 14 41 610 690 532 606 626 723 716 512 390 168 466 639 242
? 14 42 89 519 411 790 130 182 588 118 462 194 280 428 468
? 14 43 65 210 147 391 467 398 624 226 601 195 29 418 417
? 14 44 526 647 611 380 368 710 632 777 273 648 570 342 608
? 14 45 539 433 439 726 670 272 263 457 349 197 792 253 36
? 14 46 385 47 162 353 269 628 117 531 612 635 621 582 241
? 14 49 341 490 141 685 104 77 55 702 728 604 414 476 581
? 14 52 63 62 334 769 166 491 175 96 317 298 88 13 296
? 14 53 218 345 607 735 572 461 266 795 75 425 151 382 121
? 14 56 227 633 395 590 583 406 514 615 207 213 742 593 231
? 14 57 112 262 513 657 409 338 247 516 502 500 456 294 410
? 14 59 246 79 567 655 228 211 361 622 288 83 335 301 26
? 14 61 376 325 236 373 673 369 495 224 663 413 553 744 454
? 14 64 264 602 720 493 742 787 172 481 124 314 399 144 692
? 14 67 537 420 327 771 126 254 69 260 337 672 712 438 107
? 14 70 510 712 676 126 287 419 537 469 725 464 67 327 675
? 14 71 711 648 403 785 608 249 380 342 233 127 777 273 710
? 14 72 149 631 792 243 370 424 252 306 658 329 550 277 681
? 14 74 179 233 403 773 785 71 342 249 711 648 85 127 133
? 14 80 152 783 459 204 729 386 401 718 477 24 108 666 219
? 14 81 207 213 651 523 395 633 787 615 56 583 739 17 406
? 14 84 110 362 297 642 364 371 507 791 465 290 132 199 686
? 14 90 85 731 133 709 786 301 249 127 83 450 580 228 335
? 14 93 170 530 640 504 558 278 705 727 443 594 674 343 473
? 14 95 470 150 119 573 137 550 181 681 697 779 636 416 322
? 14 97 400 429 605 718 546 783 660 285 114 484 564 389 741
? 14 98 189 700 387 202 458 668 328 664 50 679 576 333 320
? 14 100 359 417 601 226 393 444 391 624 295 505 650 398 497
? 14 101 292 372 636 619 119 701 600 669 470 131 681 95 662
? 14 103 275 534 584 423 535 441 730 195 381 434 145 609 398
? 14 105 692 667 602 551 742 780 694 239 720 732 784 571 177
? 14 109 235 392 448 760 695 120 789 767 308 91 116 766 455
? 14 111 531 582 426 715 269 136 630 356 682 248 556 184 46
? 14 115 461 375 559 113 654 330 542 569 350 289 345 607 218
? 14 135 524 533 274 581 501 652 203 476 155 414 77 702 492
? 14 140 465 144 791 314 493 54 66 399 186 364 678 316 199
? 14 143 468 613 118 479 588 130 618 182 280 428 519 89 42
? 14 154 547 741 621 263 353 197 253 487 457 568 442 546 396
? 14 163 107 337 260 69 756 420 438 358 384 67 537 254 327
? 14 164 199 744 132 186 642 364 290 124 399 172 481 673 362
? 14 165 211 288 361 340 323 188 318 192 79 435 781 60 153
? 14 171 696 494 377 556 248 383 790 508 462 356 506 653 411
? 14 174 410 754 657 247 338 513 500 262 112 206 12 57 516
? 14 176 215 129 76 737 793 488 585 402 332 8 198 528 568
? 14 185 646 548 704 259 565 440 240 194 627 180 774 482 88
? 14 190 492 463 533 203 625 788 238 274 258 524 719 135 27
? 14 196 593 231 406 615 643 583 590 106 717 227 523 56 207
? 14 200 763 312 276 343 170 530 594 237 278 93 640 446 727
? 14 201 277 252 329 653 489 305 243 521 149 506 241 556 696
? 14 212 355 713 268 430 360 552 322 779 223 645 270 205 662
? 14 229 319 427 354 750 525 413 663 644 714 579 421 369 22
? 14 232 88 298 175 259 548 394 775 180 769 166 482 62 185
? 14 250 592 309 374 575 480 475 432 529 307 757 749 257 326
? 14 283 94 73 796 245 794 455 498 460 91 591 139 448 367
? 14 303 161 184 630 388 641 746 451 715 28 634 541 515 296
? 14 310 778 541 388 520 184 451 469 725 630 161 303 715 746
? 14 311 96 491 672 515 334 13 254 63 384 317 771 438 52
? 14 331 727 446 238 443 237 258 719 788 640 504 530 170 276
? 14 363 75 502 572 569 415 483 649 735 637 736 511 345 409
? 14 408 536 224 686 495 373 507 553 325 297 369 236 61 499
? 14 431 416 697 645 322 445 713 512 268 168 656 150 181 95
? 14 436 751 267 558 497 724 313 566 504 624 555 722 418 797
? 14 453 634 641 28 383 508 296 704 303 377 682 494 185 161
? 14 486 629 505 393 295 366 444 496 614 123 758 31 768 687
? 14 543 762 167 279 222 281 449 389 484 340 285 324 114 683
? 14 544 680 286 407 214 540 527 178 661 347 422 772 698 560
? 14 597 336 740 679 141 92 685 397 664 48 702 104 563 476
? 14 598 230 738 460 139 1 94 367 283 659 599 743 794 796
? 14 684 705 278 674 51 594 473 343 529 312 93 766 757 170
? 14 734 698 335 412 580 450 622 286 709 301 655 540 407 544
? 14 755 485 509 271 24 677 16 219 464 596 152 419 386 666
? 14 3 324 683 752 281 487 279 396 222 447 402 167 129 449
? 14 4 48 478 155 357 92 501 576 768 299 333 336 614 664
? 14 15 29 326 749 158 307 432 187 475 747 748 467 693 65
? 14 18 35 781 251 192 435 339 474 522 188 99 401 459 564
? 14 41 610 690 532 606 626 723 716 512 390 168 466 639 242
? 14 44 526 647 611 380 368 710 632 777 273 648 570 342 608
? 14 59 246 79 567 655 228 211 361 622 288 83 335 301 26
? 14 70 510 712 676 126 287 419 537 469 725 464 67 327 675
? 14 78 86 586 58 10 498 794 308 120 455 760 91 73 51
? 14 82 371 183 578 255 753 316 110 765 562 577 603 21 472
? 14 90 85 731 133 709 786 301 249 127 83 450 580 228 335
? 14 105 692 667 602 551 742 780 694 239 720 732 784 571 177
? 14 117 770 47 729 517 477 628 385 108 46 546 162 471 666
? 14 122 131 300 454 134 669 619 799 691 292 613 22 782 244
? 14 142 146 447 488 402 703 683 87 449 129 752 50 324 3
? 14 147 43 624 467 418 65 210 797 391 226 497 398 187 601
? 14 148 472 21 721 545 562 603 577 578 753 82 518 183 255
? 14 163 107 337 260 69 756 420 438 358 384 67 537 254 327
? 14 174 410 754 657 247 338 513 500 262 112 206 12 57 516
? 14 179 74 233 773 403 785 71 249 342 711 85 648 133 127
? 14 189 98 700 387 202 458 328 664 668 50 576 333 679 320
? 14 200 763 312 276 343 170 530 594 237 278 93 640 446 727
? 14 208 776 456 315 500 338 191 25 262 637 112 57 513 483
? 14 209 503 425 121 266 25 795 191 382 637 315 776 735 649
? 14 220 616 302 23 157 745 688 282 784 574 707 38 151 733
? 14 256 14 293 193 561 177 694 798 780 54 66 678 551 765
? 14 257 480 511 432 592 575 475 415 307 158 250 749 265 736
? 14 272 670 539 439 45 433 726 306 792 656 349 445 181 137
? 14 291 623 693 217 748 381 434 584 32 441 195 29 15 275
? 14 304 772 587 153 60 346 661 318 26 544 351 412 178 543
? 14 305 277 489 201 521 252 457 442 243 726 149 241 329 792
? 14 311 96 491 672 515 334 13 254 63 384 317 771 438 52
? 14 319 229 750 427 354 525 413 421 579 663 644 714 128 369
? 14 365 675 725 469 287 708 16 677 68 0 271 471 596 464
? 14 370 424 631 681 72 550 573 137 428 306 149 636 181 658
? 14 374 309 757 529 766 250 592 695 575 473 480 674 116 475
? 14 378 221 36 349 595 332 466 8 585 793 737 253 159 197
? 14 379 758 650 496 444 31 393 27 359 614 555 100 625 486
? 14 499 507 297 255 110 183 371 686 84 408 224 536 577 82
? 14 534 275 535 103 441 423 584 730 145 716 434 609 195 689
? 14 538 554 764 434 145 321 217 689 2 699 138 441 623 589
? 14 598 230 738 460 139 1 94 367 283 659 599 743 794 796
? 14 604 55 414 77 104 702 476 341 581 49 728 685 652 141
? 14 635 612 241 521 489 442 162 621 136 353 46 305 277 201
? 14 638 404 128 774 627 37 440 421 565 579 482 180 240 646
? 14 671 34 121 795 169 759 425 266 706 209 160 348 503 151
? 14 755 485 509 271 24 677 16 219 464 596 152 419 386 666
? 14 4 48 478 155 357 92 501 576 768 299 333 336 614 664
? 14 5 294 344 516 19 247 102 352 409 767 789 265 206 513
? 14 6 527 347 214 560 563 397 680 740 178 452 261 156 422
? 14 11 701 600 17 173 782 651 223 523 662 292 691 739 244
? 14 18 35 781 251 192 435 339 474 522 188 99 401 459 564
? 14 33 216 687 761 123 549 242 366 609 284 528 730 198 320
? 14 41 610 690 532 606 626 723 716 512 390 168 466 639 242
? 14 44 526 647 611 380 368 710 632 777 273 648 570 342 608
? 14 59 246 79 567 655 228 211 361 622 288 83 335 301 26
? 14 70 510 712 676 126 287 419 537 469 725 464 67 327 675
? 14 78 86 586 58 10 498 794 308 120 455 760 91 73 51
? 14 81 207 213 651 523 395 633 787 615 56 583 739 17 406
? 14 90 85 731 133 709 786 301 249 127 83 450 580 228 335
? 14 105 692 667 602 551 742 780 694 239 720 732 784 571 177
? 14 109 235 392 448 760 695 120 789 767 308 91 116 766 455
? 14 115 461 375 559 113 654 330 542 569 350 289 345 607 218
? 14 118 588 479 130 468 182 143 519 428 89 613 42 280 618
? 14 125 20 570 608 273 422 777 710 540 407 711 127 450 286
? 14 140 465 144 791 314 493 54 66 399 186 364 678 316 199
? 14 148 472 21 721 545 562 603 577 578 753 82 518 183 255
? 14 154 547 741 621 263 353 197 253 487 457 568 442 546 396
? 14 163 107 337 260 69 756 420 438 358 384 67 537 254 327
? 14 164 199 744 132 186 642 364 290 124 399 172 481 673 362
? 14 165 211 288 361 340 323 188 318 192 79 435 781 60 153
? 14 174 410 754 657 247 338 513 500 262 112 206 12 57 516
? 14 179 74 233 773 403 785 71 249 342 711 85 648 133 127
? 14 189 98 700 387 202 458 328 664 668 50 576 333 679 320
? 14 190 492 463 533 203 625 788 238 274 258 524 719 135 27
? 14 196 593 231 406 615 643 583 590 106 717 227 523 56 207
? 14 200 763 312 276 343 170 530 594 237 278 93 640 446 727
? 14 204 459 401 99 152 474 522 80 35 18 339 783 24 564
? 14 212 355 713 268 430 360 552 322 779 223 645 270 205 662
? 14 215 528 198 176 549 76 320 761 639 284 737 8 793 390
? 14 225 350 654 617 733 707 9 607 665 157 461 115 559 113
? 14 234 206 12 39 344 754 789 620 5 599 392 410 659 247
? 14 256 14 293 193 561 177 694 798 780 54 66 678 551 765
? 14 310 778 541 388 520 184 451 469 725 630 161 303 715 746
? 14 311 96 491 672 515 334 13 254 63 384 317 771 438 52
? 14 319 229 750 427 354 525 413 421 579 663 644 714 128 369
? 14 331 727 446 238 443 237 258 719 788 640 504 530 170 276
? 14 372 636 101 681 619 119 479 292 428 470 95 370 424 588
? 14 374 309 757 529 766 250 592 695 575 473 480 674 116 475
? 14 400 97 605 429 718 546 783 660 114 285 729 484 564 80
? 14 405 40 571 557 732 348 160 667 30 551 38 239 759 706
? 14 426 582 531 269 111 715 0 628 630 184 46 778 310 385
? 14 431 416 697 645 322 445 713 512 268 168 656 150 181 95
? 14 436 751 267 558 497 724 313 566 504 624 555 722 418 797
? 14 490 49 341 141 685 104 632 728 702 77 55 368 604 476
? 14 499 507 297 255 110 183 371 686 84 408 224 536 577 82
? 14 538 554 764 434 145 321 217 689 2 699 138 441 623 589
? 14 591 620 245 796 39 599 367 94 448 455 91 283 73 139
? 14 597 336 740 679 141 92 685 397 664 48 702 104 563 476
? 14 598 230 738 460 139 1 94 367 283 659 599 743 794 796
? 14 629 486 505 123 366 687 295 393 768 614 299 609 33 496
? 14 652 274 414 135 524 604 492 533 55 77 581 476 702 104
? 14 658 506 329 790 243 149 252 411 696 424 72 653 519 201
? 14 682 356 248 383 556 715 136 171 377 494 630 111 641 508
? 14 684 705 278 674 51 594 473 343 529 312 93 766 757 170
? 14 688 23 302 282 514 590 616 574 227 784 220 157 406 231
? 14 703 50 7 146 87 142 488 668 156 202 447 351 261 402
? 14 755 485 509 271 24 677 16 219 464 596 152 419 386 666
? 14 762 543 389 340 285 484 279 114 660 222 167 281 318 153
? 14 3 324 683 752 281 487 279 396 222 447 402 167 129 449
? 14 4 48 478 155 357 92 501 576 768 299 333 336 614 664
? 14 31 496 758 379 614 444 650 393 486 27 768 625 357 203
? 14 41 610 690 532 606 626 723 716 512 390 168 466 639 242
? 14 44 526 647 611 380 368 710 632 777 273 648 570 342 608
? 14 47 385 46 162 117 353 628 269 531 770 612 517 635 621
? 14 53 218 345 607 735 572 461 266 795 75 425 151 382 121
? 14 59 246 79 567 655 228 211 361 622 288 83 335 301 26
? 14 61 376 325 236 373 673 369 495 224 663 413 553 744 454
? 14 62 52 63 769 334 166 175 298 317 491 88 96 13 296
? 14 64 264 602 720 493 742 787 172 481 124 314 399 144 692
? 14 70 510 712 676 126 287 419 537 469 725 464 67 327 675
? 14 78 86 586 58 10 498 794 308 120 455 760 91 73 51
? 14 90 85 731 133 709 786 301 249 127 83 450 580 228 335
? 14 105 692 667 602 551 742 780 694 239 720 732 784 571 177
? 14 118 588 479 130 468 182 143 519 428 89 613 42 280 618
? 14 122 131 300 454 134 669 619 799 691 292 613 22 782 244
? 14 147 43 624 467 418 65 210 797 391 226 497 398 187 601
? 14 148 472 21 721 545 562 603 577 578 753 82 518 183 255
? 14 158 747 432 307 15 475 736 749 257 326 511 330 480 569
? 14 159 390 595 8 723 639 626 76 466 793 221 332 737 378
? 14 163 107 337 260 69 756 420 438 358 384 67 537 254 327
? 14 174 410 754 657 247 338 513 500 262 112 206 12 57 516
? 14 179 74 233 773 403 785 71 249 342 711 85 648 133 127
? 14 185 646 548 704 259 565 440 240 194 627 180 774 482 88
? 14 189 98 700 387 202 458 328 664 668 50 576 333 679 320
? 14 200 763 312 276 343 170 530 594 237 278 93 640 446 727
? 14 208 776 456 315 500 338 191 25 262 637 112 57 513 483
? 14 232 88 298 175 259 548 394 775 180 769 166 482 62 185
? 14 251 192 18 781 35 188 435 339 522 474 99 323 401 564
? 14 256 14 293 193 561 177 694 798 780 54 66 678 551 765
? 14 272 670 539 439 45 433 726 306 792 656 349 445 181 137
? 14 291 623 693 217 748 381 434 584 32 441 195 29 15 275
? 14 294 5 516 344 19 102 352 247 409 265 513 767 657 57
? 14 304 772 587 153 60 346 661 318 26 544 351 412 178 543
? 14 311 96 491 672 515 334 13 254 63 384 317 771 438 52
? 14 319 229 750 427 354 525 413 421 579 663 644 714 128 369
? 14 363 75 502 572 569 415 483 649 735 637 736 511 345 409
? 14 365 675 725 469 287 708 16 677 68 0 271 471 596 464
? 14 374 309 757 529 766 250 592 695 575 473 480 674 116 475
? 14 400 97 605 429 718 546 783 660 114 285 729 484 564 80
? 14 417 601 226 100 359 624 391 497 398 43 393 444 147 650
? 14 426 582 531 269 111 715 0 628 630 184 46 778 310 385
? 14 437 2 699 589 138 689 512 645 610 532 764 41 554 145
? 14 453 634 641 28 383 508 296 704 303 377 682 494 185 161
? 14 462 508 377 494 411 790 171 696 383 42 89 704 506 194
? 14 465 140 791 144 314 493 364 186 399 199 316 84 66 54
? 14 477 108 729 770 517 666 386 471 117 68 596 219 80 628
? 14 499 507 297 255 110 183 371 686 84 408 224 536 577 82
? 14 534 275 535 103 441 423 584 730 145 716 434 609 195 689
? 14 538 554 764 434 145 321 217 689 2 699 138 441 623 589
? 14 568 585 253 129 332 737 197 793 752 36 263 487 176 378
? 14 591 620 245 796 39 599 367 94 448 455 91 283 73 139
? 14 598 230 738 460 139 1 94 367 283 659 599 743 794 796
? 14 633 395 56 213 207 742 227 81 590 583 406 615 264 787
? 14 638 404 128 774 627 37 440 421 565 579 482 180 240 646
? 14 652 274 414 135 524 604 492 533 55 77 581 476 702 104
? 14 671 34 121 795 169 759 425 266 706 209 160 348 503 151
? 14 688 23 302 282 514 590 616 574 227 784 220 157 406 231
? 14 698 734 412 335 580 286 622 544 772 540 450 407 26 709
? 14 755 485 509 271 24 677 16 219 464 596 152 419 386 666
? 14 3 324 683 752 281 487 279 396 222 447 402 167 129 449
? 14 4 48 478 155 357 92 501 576 768 299 333 336 614 664
? 14 6 527 347 214 560 563 397 680 740 178 452 261 156 422
? 14 9 617 733 225 350 574 665 157 707 654 321 270 717 205
? 14 11 701 600 17 173 782 651 223 523 662 292 691 739 244
? 14 31 496 758 379 614 444 650 393 486 27 768 625 357 203
? 14 44 526 647 611 380 368 710 632 777 273 648 570 342 608
? 14 59 246 79 567 655 228 211 361 622 288 83 335 301 26
? 14 70 510 712 676 126 287 419 537 469 725 464 67 327 675
? 14 72 149 631 792 243 370 424 252 306 658 329 550 277 681
? 14 78 86 586 58 10 498 794 308 120 455 760 91 73 51
? 14 90 85 731 133 709 786 301 249 127 83 450 580 228 335
? 14 105 692 667 602 551 742 780 694 239 720 732 784 571 177
? 14 106 717 643 231 196 593 574 406 615 583 688 23 552 590
? 14 109 235 392 448 760 695 120 789 767 308 91 116 766 455
? 14 118 588 479 130 468 182 143 519 428 89 613 42 280 618
? 14 125 20 570 608 273 422 777 710 540 407 711 127 450 286
? 14 148 472 21 721 545 562 603 577 578 753 82 518 183 255
? 14 154 547 741 621 263 353 197 253 487 457 568 442 546 396
? 14 158 747 432 307 15 475 736 749 257 326 511 330 480 569
? 14 163 107 337 260 69 756 420 438 358 384 67 537 254 327
? 14 164 199 744 132 186 642 364 290 124 399 172 481 673 362
? 14 165 211 288 361 340 323 188 318 192 79 435 781 60 153
? 14 174 410 754 657 247 338 513 500 262 112 206 12 57 516
? 14 179 74 233 773 403 785 71 249 342 711 85 648 133 127
? 14 189 98 700 387 202 458 328 664 668 50 576 333 679 320
? 14 190 492 463 533 203 625 788 238 274 258 524 719 135 27
? 14 200 763 312 276 343 170 530 594 237 278 93 640 446 727
? 14 204 459 401 99 152 474 522 80 35 18 339 783 24 564
? 14 212 355 713 268 430 360 552 322 779 223 645 270 205 662
? 14 251 192 18 781 35 188 435 339 522 474 99 323 401 564
? 14 256 14 293 193 561 177 694 798 780 54 66 678 551 765
? 14 289 542 113 559 330 32 375 747 748 665 115 693 736 569
? 14 305 277 489 201 521 252 457 442 243 726 149 241 329 792
? 14 311 96 491 672 515 334 13 254 63 384 317 771 438 52
? 14 319 229 750 427 354 525 413 421 579 663 644 714 128 369
? 14 331 727 446 238 443 237 258 719 788 640 504 530 170 276
? 14 349 36 378 221 439 466 433 595 253 197 539 332 45 272
? 14 372 636 101 681 619 119 479 292 428 470 95 370 424 588
? 14 374 309 757 529 766 250 592 695 575 473 480 674 116 475
? 14 400 97 605 429 718 546 783 660 114 285 729 484 564 80
? 14 405 40 571 557 732 348 160 667 30 551 38 239 759 706
? 14 417 601 226 100 359 624 391 497 398 43 393 444 147 650
? 14 426 582 531 269 111 715 0 628 630 184 46 778 310 385
? 14 431 416 697 645 322 445 713 512 268 168 656 150 181 95
? 14 436 751 267 558 497 724 313 566 504 624 555 722 418 797
? 14 462 508 377 494 411 790 171 696 383 42 89 704 506 194
? 14 490 49 341 141 685 104 632 728 702 77 55 368 604 476
? 14 499 507 297 255 110 183 371 686 84 408 224 536 577 82
? 14 520 541 451 388 778 310 746 161 515 672 184 303 13 630
? 14 538 554 764 434 145 321 217 689 2 699 138 441 623 589
? 14 591 620 245 796 39 599 367 94 448 455 91 283 73 139
? 14 597 336 740 679 141 92 685 397 664 48 702 104 563 476
? 14 598 230 738 460 139 1 94 367 283 659 599 743 794 796
? 14 629 486 505 123 366 687 295 393 768 614 299 609 33 496
? 14 635 612 241 521 489 442 162 621 136 353 46 305 277 201
? 14 652 274 414 135 524 604 492 533 55 77 581 476 702 104
? 14 653 329 201 506 252 696 556 521 277 243 171 489 136 241
? 14 684 705 278 674 51 594 473 343 529 312 93 766 757 170
? 14 690 610 41 626 723 532 168 466 606 512 159 390 595 639
? 14 703 50 7 146 87 142 488 668 156 202 447 351 261 402
? 14 755 485 509 271 24 677 16 219 464 596 152 419 386 666
? 14 762 543 389 340 285 484 279 114 660 222 167 281 318 153
? 14 3 324 683 752 281 487 279 396 222 447 402 167 129 449
? 14 4 48 478 155 357 92 501 576 768 299 333 336 614 664
? 14 31 496 758 379 614 444 650 393 486 27 768 625 357 203
? 14 44 526 647 611 380 368 710 632 777 273 648 570 342 608
? 14 47 385 46 162 117 353 628 269 531 770 612 517 635 621
? 14 59 246 79 567 655 228 211 361 622 288 83 335 301 26
? 14 61 376 325 236 373 673 369 495 224 663 413 553 744 454
? 14 70 510 712 676 126 287 419 537 469 725 464 67 327 675
? 14 78 86 586 58 10 498 794 308 120 455 760 91 73 51
? 14 90 85 731 133 709 786 301 249 127 83 450 580 228 335
? 14 105 692 667 602 551 742 780 694 239 720 732 784 571 177
? 14 106 717 643 231 196 593 574 406 615 583 688 23 552 590
? 14 118 588 479 130 468 182 143 519 428 89 613 42 280 618
? 14 122 131 300 454 134 669 619 799 691 292 613 22 782 244
? 14 137 550 573 181 306 95 697 631 150 470 681 370 656 445
? 14 148 472 21 721 545 562 603 577 578 753 82 518 183 255
? 14 158 747 432 307 15 475 736 749 257 326 511 330 480 569
? 14 163 107 337 260 69 756 420 438 358 384 67 537 254 327
? 14 172 481 124 399 787 493 264 186 64 144 199 164 314 791
? 14 174 410 754 657 247 338 513 500 262 112 206 12 57 516
? 14 179 74 233 773 403 785 71 249 342 711 85 648 133 127
? 14 189 98 700 387 202 458 328 664 668 50 576 333 679 320
? 14 200 763 312 276 343 170 530 594 237 278 93 640 446 727
? 14 208 776 456 315 500 338 191 25 262 637 112 57 513 483
? 14 215 528 198 176 549 76 320 761 639 284 737 8 793 390
? 14 220 616 302 23 157 745 688 282 784 574 707 38 151 733
? 14 234 206 12 39 344 754 789 620 5 599 392 410 659 247
? 14 248 356 682 556 136 383 171 494 696 377 653 111 508 715
? 14 251 192 18 781 35 188 435 339 522 474 99 323 401 564
? 14 256 14 293 193 561 177 694 798 780 54 66 678 551 765
? 14 291 623 693 217 748 381 434 584 32 441 195 29 15 275
? 14 294 5 516 344 19 102 352 247 409 265 513 767 657 57
? 14 304 772 587 153 60 346 661 318 26 544 351 412 178 543
? 14 311 96 491 672 515 334 13 254 63 384 317 771 438 52
? 14 319 229 750 427 354 525 413 421 579 663 644 714 128 369
? 14 349 36 378 221 439 466 433 595 253 197 539 332 45 272
? 14 362 642 290 132 84 364 744 297 199 186 686 791 507 164
? 14 365 675 725 469 287 708 16 677 68 0 271 471 596 464
? 14 374 309 757 529 766 250 592 695 575 473 480 674 116 475
? 14 400 97 605 429 718 546 783 660 114 285 729 484 564 80
? 14 415 511 265 257 352 102 19 480 363 575 736 592 569 432
? 14 417 601 226 100 359 624 391 497 398 43 393 444 147 650
? 14 426 582 531 269 111 715 0 628 630 184 46 778 310 385
? 14 462 508 377 494 411 790 171 696 383 42 89 704 506 194
? 14 465 140 791 144 314 493 364 186 399 199 316 84 66 54
? 14 477 108 729 770 517 666 386 471 117 68 596 219 80 628
? 14 499 507 297 255 110 183 371 686 84 408 224 536 577 82
? 14 534 275 535 103 441 423 584 730 145 716 434 609 195 689
? 14 538 554 764 434 145 321 217 689 2 699 138 441 623 589
? 14 568 585 253 129 332 737 197 793 752 36 263 487 176 378
? 14 591 620 245 796 39 599 367 94 448 455 91 283 73 139
? 14 598 230 738 460 139 1 94 367 283 659 599 743 794 796
? 14 627 774 440 565 240 638 646 37 194 404 180 482 185 128
? 14 633 395 56 213 207 742 227 81 590 583 406 615 264 787
? 14 652 274 414 135 524 604 492 533 55 77 581 476 702 104
? 14 658 506 329 790 243 149 252 411 696 424 72 653 519 201
? 14 671 34 121 795 169 759 425 266 706 209 160 348 503 151
? 14 690 610 41 626 723 532 168 466 606 512 159 390 595 639
? 14 698 734 412 335 580 286 622 544 772 540 450 407 26 709
? 14 739 244 173 17 782 691 651 81 523 213 207 11 600 787
? 14 746 161 515 451 13 296 388 303 28 317 520 541 634 184
? 14 755 485 509 271 24 677 16 219 464 596 152 419 386 666
? 14 3 324 683 752 281 487 279 396 222 447 402 167 129 449
? 14 4 48 478 155 357 92 501 576 768 299 333 336 614 664
? 14 6 527 347 214 560 563 397 680 740 178 452 261 156 422
? 14 31 496 758 379 614 444 650 393 486 27 768 625 357 203
!
741 
0 68 471 708 
471 68
708 471
0 708
22 134 421 525 579 750 799 
750 421
579 750
525 579
22 525
134 799
22 134
7 156 178 214 351 527 560 
214 527
178 214
178 560
156 178
7 156
7 351
121 151 157 225 350 425 617 707 733 795 
121 425
795 121
151 795
707 151
350 617
157 733
350 157
225 350
707 225
261 
99 204 401 474 522 
522 474
99 522
401 99
204 401
287 675 
287 675
183 
83 301 335 786 
301 335
83 301
786 83
17 223 322 779 
223 17
779 223
779 322
71 233 773 785 
71 233
785 71
773 785
331 443 727 
443 727
331 443
523 
264 493 602 633 692 694 742 787 
742 602
692 694
742 692
633 742
264 493
264 787
633 264
118 143 
143 118
19 116 294 
19 116
294 19
216 242 390 532 534 535 639 716 730 
639 390
242 639
532 242
716 532
534 716
535 534
730 535
216 730
52 62 63 88 175 185 259 298 334 
88 185
259 88
175 259
175 298
52 175
63 52
63 334
62 63
80 770 
80 770
226 267 313 497 555 566 624 722 
624 226
497 624
313 497
566 313
722 566
267 722
555 267
36 45 197 241 253 263 433 439 442 457 489 521 539 568 653 
439 45
433 439
539 433
197 539
197 568
197 36
253 197
263 253
457 263
442 457
489 442
521 489
521 241
653 521
147 
224 408 495 499 507 536 553 686 
507 499
686 507
408 536
686 408
224 686
495 224
553 495
39 139 367 448 591 599 
599 39
599 139
367 599
448 367
591 448
254 260 672 771 
254 672
254 260
771 254
135 
163 337 420 
420 337
163 420
102 265 352 767 
352 102
265 352
767 265
78 86 586 
586 86
78 586
191 208 315 338 456 500 776 
500 338
208 500
456 208
191 456
315 191
776 315
108 152 219 386 477 596 666 729 
666 152
219 666
386 219
596 386
477 596
108 729
477 108
82 603 753 765 
753 603
753 82
765 753
54 66 193 256 316 465 678 798 
193 256
798 193
66 798
54 678
66 54
316 66
465 316
81 244 651 739 
651 81
739 244
739 651
60 153 304 318 587 661 772 
304 661
587 304
153 587
318 153
318 60
772 318
504 558 
504 558
484 
418 436 473 674 724 751 797 
473 674
724 473
797 418
724 797
751 724
751 436
346 
165 211 288 340 361 
211 361
288 211
165 288
165 340
342 
2 138 145 437 441 538 554 589 623 689 699 764 
764 538
554 764
441 554
623 441
689 623
145 689
699 145
138 699
138 589
2 138
437 2
415 529 
415 529
9 607 665 
9 665
9 607
27 203 359 379 444 625 650 758 
27 203
27 625
650 27
444 359
758 650
444 758
379 444
354 427 644 714 
427 354
644 427
714 644
160 671 706 
160 706
671 160
84 
15 29 65 158 187 250 257 307 309 326 374 381 432 467 475 480 511 575 592 736 747 749 
15 381
467 65
187 467
29 187
15 29
326 15
736 158
747 736
432 747
307 326
250 374
592 250
475 592
307 475
432 307
257 432
511 257
480 511
480 309
480 575
749 480
321 423 
321 423
164 376 454 673 744 
376 454
673 376
744 673
164 744
125 273 380 710 777 
777 380
710 777
273 710
125 273
16 24 271 365 485 509 677 755 
509 755
24 509
485 24
16 485
677 16
271 677
365 271
286 407 412 422 540 544 680 698 734 
422 407
422 680
286 422
544 286
540 734
544 540
412 544
698 412
731 
89 280 411 479 519 588 618 790 
411 790
89 411
588 479
519 588
89 519
618 89
280 618
278 312 594 705 
594 312
278 594
705 278
332 585 737 793 
793 332
793 737
585 793
49 55 414 581 604 652 728 
55 581
55 414
604 55
604 652
49 604
728 49
336 
109 235 344 392 789 
789 344
392 789
235 392
109 235
567 622 655 
567 655
622 567
23 56 220 282 302 574 590 616 688 
590 56
282 590
616 220
302 616
282 302
23 574
282 23
688 282
458 478 664 679 
664 478
679 664
458 679
3 129 154 167 222 279 281 324 396 402 447 487 488 752 
167 281
279 167
222 279
396 222
487 396
487 154
324 487
324 3
447 324
129 402
752 129
447 752
488 447
330 363 375 569 
569 363
569 330
375 569
32 53 113 115 218 461 542 559 654 693 
218 53
461 218
115 461
654 115
113 654
559 113
693 559
693 542
693 32
149 171 201 243 252 329 377 494 506 508 658 696 
377 508
494 377
171 494
696 171
506 696
243 506
329 149
252 201
329 252
329 243
658 329
249 608 711 
711 249
608 711
1 230 598 
230 1
598 230
358 384 438 756 
384 438
384 756
358 384
106 227 406 643 717 
406 227
643 406
717 643
106 717
284 
189 299 328 387 
328 299
387 189
328 387
283 455 460 498 760 794 
760 455
794 760
283 460
794 283
498 794
74 179 403 
74 403
179 74
229 319 
319 229
757 
20 580 
20 580
8 159 723 
159 8
159 723
155 295 357 393 486 496 501 505 614 768 
501 155
357 501
768 614
768 357
496 768
496 393
486 496
295 486
505 295
77 104 141 490 685 702 
702 141
702 104
77 702
685 77
490 685
248 356 383 453 682 
383 453
248 356
682 248
682 383
21 
44 526 611 
611 526
44 611
94 245 796 
796 245
796 94
51 58 684 
51 58
684 51
14 293 561 
561 293
561 14
514 593 615 
615 593
514 615
25 75 209 266 345 382 483 637 649 735 
209 266
25 209
637 25
649 637
75 649
483 75
735 483
735 345
382 735
325 369 373 413 
369 413
325 369
325 373
289 291 584 748 
291 584
748 289
291 748
42 462 468 
42 468
462 42
61 236 663 
236 663
236 61
695 766 
766 695
5 57 112 206 247 262 409 410 502 513 516 
410 206
57 410
247 5
262 112
513 262
513 57
247 513
516 247
409 516
502 409
518 578 
518 578
13 28 96 166 296 311 317 491 515 634 641 769 
491 311
96 491
317 96
515 317
13 515
296 13
166 769
296 166
296 634
28 296
641 28
746 
238 258 274 463 492 788 
788 238
258 788
492 258
274 492
463 274
613 
174 503 657 
657 503
174 657
91 120 308 
91 308
120 91
37 128 394 404 638 775 
37 394
37 775
128 37
404 128
404 638
93 170 237 446 530 640 719 
93 530
640 93
170 640
237 170
446 237
719 446
435 459 
459 435
46 47 162 353 385 547 612 621 635 
621 547
46 385
612 46
162 612
47 162
353 47
621 353
635 621
40 348 405 557 759 
40 759
348 40
557 405
557 348
97 400 546 605 718 783 
718 783
605 718
97 605
546 97
400 546
464 676 
676 464
18 35 251 781 
18 781
35 18
251 35
50 98 333 576 668 700 703 
333 576
98 333
700 98
668 700
50 668
703 50
419 
43 100 103 195 210 217 391 398 417 434 601 
434 217
103 434
195 103
398 195
398 391
43 398
210 43
601 210
100 601
417 100
221 349 466 595 606 626 
626 606
466 626
466 595
221 466
349 221
114 188 192 285 339 389 429 543 564 660 762 
192 188
564 192
114 389
564 339
114 564
285 114
285 429
660 285
762 660
762 543
92 
110 371 
371 110
11 173 292 600 662 701 782 
173 782
600 173
600 292
11 600
701 11
701 662
67 
33 123 366 549 609 629 687 761 
761 549
33 761
687 33
366 687
609 366
123 609
123 629
124 172 199 364 481 642 791 
124 364
481 172
124 481
642 124
199 791
642 199
41 610 690 
610 690
41 610
10 
30 34 38 169 177 551 571 667 732 745 780 
780 177
551 780
667 551
571 667
732 571
30 732
38 30
169 38
169 34
745 169
207 213 395 
213 207
395 213
136 
137 168 205 212 268 270 355 360 416 430 431 512 552 645 697 713 
360 552
430 360
205 270
430 205
212 430
355 212
268 355
713 268
645 713
512 645
512 168
697 512
431 697
416 431
137 416
190 524 533 
533 524
190 533
341 476 
341 476
76 378 
76 378
105 140 239 
105 239
140 105
6 347 397 452 563 597 740 
563 452
6 347
563 6
397 563
740 397
597 740
69 107 327 
69 327
107 69
368 632 647 
632 368
647 632
310 469 520 725 778 
469 725
310 469
778 310
520 778
132 290 297 362 399 
362 297
132 399
290 132
362 290
200 276 343 763 
763 343
276 763
200 276
72 277 305 556 726 792 
792 556
277 72
726 792
305 726
305 277
73 620 
73 620
275 572 
572 275
127 450 570 
127 450
570 127
101 130 182 370 372 428 619 636 
130 182
428 130
370 428
636 370
619 636
372 619
101 372
683 
26 323 
323 26
95 119 150 181 272 306 424 445 470 550 573 631 656 670 681 
424 681
631 424
550 631
306 550
272 670
306 272
181 306
656 445
181 656
573 181
119 150
119 470
95 119
573 95
117 517 628 
117 628
517 117
12 234 659 738 743 754 
754 12
659 738
743 659
754 743
234 754
87 142 146 449 
87 449
146 87
146 142
148 472 545 562 721 
472 562
721 472
545 721
148 545
85 90 133 709 
709 85
709 133
90 709
161 426 451 
161 451
426 161
180 194 232 240 440 482 548 565 627 646 704 774 
194 704
240 194
240 627
774 240
440 774
646 440
482 646
482 565
180 482
232 180
548 232
537 
255 577 
255 577
176 198 202 215 320 528 
320 202
215 320
198 528
215 198
215 176
122 131 300 669 691 
131 691
122 300
131 122
131 669
196 231 583 
196 583
231 196
4 31 48 
4 48
31 4
64 144 186 314 720 
144 186
314 144
720 314
64 720
784 
70 126 510 712 
712 126
510 712
70 510
111 184 269 303 388 531 541 582 630 715 
531 269
531 582
111 531
388 541
630 388
715 111
184 715
630 184
303 630
59 79 228 246 
79 228
246 79
59 246
648 
