? 6 0 622 481 271 461 163
? 6 1 580 213 100 82 241
? 6 2 327 293 154 210 309
? 6 3 501 382 409 243 41
? 6 4 758 297 230 309 48
? 6 5 533 738 350 405 290
? 6 6 568 166 690 88 364
? 6 7 80 472 68 597 10
? 6 8 78 211 668 757 363
? 6 9 685 793 364 96 286
? 6 11 541 166 673 568 194
? 6 12 403 81 90 543 267
? 6 13 401 796 370 144 167
? 6 14 677 22 148 319 161
? 6 15 643 549 458 669 202
? 6 16 387 325 760 627 786
? 6 17 316 108 312 506 584
? 6 18 382 782 3 501 420
? 6 19 391 224 100 674 630
? 6 20 351 500 130 433 711
? 6 21 799 617 459 134 435
? 6 23 511 513 699 725 306
? 6 24 40 743 366 762 63
? 6 25 107 655 609 208 636
? 6 26 354 205 548 522 223
? 6 27 386 576 69 446 471
? 6 28 103 423 179 363 78
? 6 29 330 464 735 589 43
? 6 30 136 510 570 188 591
? 6 31 157 59 474 262 170
? 6 32 249 734 395 372 637
? 6 33 395 249 637 146 173
? 6 34 689 773 378 371 273
? 6 35 535 135 412 480 303
? 6 36 37 698 771 165 694
? 6 38 111 400 736 426 164
? 6 39 372 734 745 75 32
? 6 42 308 768 486 652 287
? 6 44 209 756 609 208 655
? 6 45 540 647 520 451 231
? 6 46 676 389 204 476 775
? 6 47 585 547 318 692 781
? 6 49 94 568 264 407 106
? 6 50 126 191 315 507 292
? 6 51 396 152 234 688 116
? 6 52 128 525 486 383 463
? 6 53 654 557 375 305 333
? 6 54 307 155 672 593 715
? 6 55 536 527 524 394 368
? 6 56 120 134 437 435 489
? 6 57 670 537 694 698 594
? 6 58 437 220 70 186 180
? 6 60 148 22 14 91 745
? 6 61 649 272 645 313 780
? 6 62 539 592 491 475 317
? 6 64 616 135 436 535 561
? 6 65 105 638 129 133 665
? 6 66 749 231 520 455 247
? 6 67 313 144 448 556 645
? 6 71 747 524 368 377 595
? 6 72 779 659 140 131 582
? 6 73 201 443 82 462 397
? 6 74 478 222 633 253 452
? 6 76 350 533 738 434 614
? 6 77 214 753 521 750 390
? 6 79 324 605 744 601 223
? 6 83 680 345 122 342 89
? 6 84 257 168 339 259 397
? 6 85 444 466 710 767 494
? 6 86 570 188 591 270 517
? 6 87 304 282 212 587 798
? 6 92 338 352 204 527 422
? 6 93 507 288 315 126 793
? 6 95 261 413 353 751 418
? 6 97 360 673 347 75 106
? 6 98 219 519 317 739 766
? 6 99 658 295 717 775 401
? 6 101 252 518 284 696 761
? 6 102 769 590 405 198 508
? 6 104 438 608 299 153 553
? 6 109 320 696 538 244 156
? 6 110 646 518 101 746 127
? 6 112 189 177 661 612 729
? 6 113 615 487 665 70 209
? 6 114 432 741 590 596 226
? 6 115 269 314 523 650 304
? 6 117 281 610 43 121 172
? 6 118 263 661 530 246 69
? 6 119 349 723 170 662 59
? 6 123 206 706 138 691 504
? 6 124 441 375 274 557 654
? 6 125 684 635 702 329 428
? 6 132 573 337 230 297 48
? 6 137 566 727 412 471 147
? 6 139 563 657 529 502 311
? 6 141 321 639 514 50 292
? 6 142 572 508 405 634 199
? 6 143 795 503 241 532 322
? 6 145 355 362 336 545 782
? 6 149 154 419 578 327 293
? 6 150 194 481 660 622 181
? 6 151 792 378 515 371 335
? 6 158 545 706 63 504 355
? 6 159 431 169 200 697 237
? 6 160 653 294 494 630 721
? 6 162 559 714 424 291 704
? 6 171 198 769 659 578 582
? 6 174 621 683 348 344 356
? 6 175 146 430 33 173 764
? 6 176 203 311 275 502 388
? 6 178 489 483 667 182 180
? 6 183 374 788 598 467 575
? 6 184 357 692 547 108 216
? 6 185 716 436 616 260 236
? 6 187 246 189 177 237 498
? 6 190 720 754 634 232 385
? 6 192 285 569 256 571 588
? 6 193 270 517 591 86 621
? 6 195 531 534 500 130 770
? 6 196 620 161 497 677 319
? 6 197 346 512 731 482 544
? 6 207 662 681 789 723 349
? 6 215 640 404 414 550 449
? 6 217 749 344 247 193 440
? 6 218 687 574 642 672 307
? 6 221 379 208 439 609 756
? 6 225 785 538 579 442 495
? 6 227 595 563 657 139 778
? 6 228 485 755 343 458 309
? 6 229 402 365 603 528 613
? 6 233 717 268 422 476 394
? 6 235 554 573 628 132 298
? 6 238 564 750 515 77 214
? 6 239 787 542 544 210 712
? 6 240 291 685 793 765 651
? 6 242 656 29 330 464 735
? 6 245 722 567 342 122 345
? 6 248 108 17 506 316 606
? 6 250 532 742 375 654 305
? 6 251 784 152 688 51 797
? 6 254 581 460 186 180 170
? 6 255 530 326 246 263 118
? 6 258 335 353 332 261 418
? 6 265 128 52 463 383 525
? 6 266 454 774 618 448 713
? 6 276 593 280 672 307 642
? 6 277 133 759 719 468 571
? 6 278 558 493 472 516 604
? 6 279 380 588 656 589 242
? 6 283 430 764 575 467 175
? 6 289 737 27 727 412 480
? 6 296 607 721 770 534 195
? 6 300 778 671 227 477 629
? 6 301 631 543 726 90 81
? 6 302 700 41 406 473 219
? 6 310 611 509 172 682 625
? 6 323 359 647 416 579 488
? 6 328 450 600 675 786 718
? 6 331 606 445 584 506 287
? 6 334 236 718 456 367 701
? 6 340 306 463 453 383 513
? 6 341 419 751 210 544 149
? 6 358 429 637 91 381 467
? 6 361 179 103 28 711 626
? 6 369 794 561 260 305 710
? 6 373 202 421 549 136 15
? 6 376 303 561 466 85 64
? 6 384 396 234 417 51 116
? 6 392 686 664 761 80 10
? 6 393 791 733 420 612 501
? 6 398 695 766 629 519 671
? 6 399 719 468 277 380 588
? 6 408 635 781 125 329 47
? 6 410 725 511 308 513 768
? 6 411 439 752 379 107 191
? 6 415 773 332 346 731 197
? 6 425 746 724 442 555 667
? 6 427 417 116 234 475 384
? 6 447 200 697 431 453 159
? 6 457 565 244 488 604 492
? 6 465 498 763 187 237 697
? 6 469 789 681 59 662 181
? 6 470 526 583 275 203 176
? 6 479 679 707 775 403 618
? 6 484 496 426 298 736 554
? 6 490 732 602 212 495 282
? 6 499 82 201 213 580 73
? 6 505 729 420 177 189 612
? 6 546 148 677 381 14 497
? 6 551 614 434 121 509 199
? 6 552 540 447 663 693 748
? 6 560 657 267 563 81 139
? 6 562 666 312 316 652 17
? 6 577 226 440 314 633 741
? 6 586 315 651 321 126 93
? 6 599 648 388 176 311 203
? 6 619 780 649 645 608 61
? 6 623 18 505 743 63 545
? 6 624 777 385 281 117 617
? 6 632 709 797 688 152 251
? 6 641 319 703 161 660 620
? 6 644 492 416 516 604 565
? 6 678 754 385 523 190 720
? 6 705 452 451 478 455 74
? 6 708 730 783 474 127 461
? 6 728 337 132 573 235 297
? 6 740 322 274 441 124 257
? 6 772 271 461 518 0 163
? 6 776 626 668 78 757 363
? 6 790 387 333 627 760 16
? 6 5 533 738 350 405 290
? 6 6 568 166 690 88 364
? 6 7 80 472 68 597 10
? 6 11 541 166 673 568 194
? 6 12 403 81 90 543 267
? 6 24 40 743 366 762 63
? 6 26 354 205 548 522 223
? 6 31 157 59 474 262 170
? 6 34 689 773 378 371 273
? 6 35 535 135 412 480 303
? 6 37 504 691 698 36 706
? 6 38 111 400 736 426 164
? 6 44 209 756 609 208 655
? 6 45 540 647 520 451 231
? 6 53 654 557 375 305 333
? 6 54 307 155 672 593 715
? 6 62 539 592 491 475 317
? 6 65 105 638 129 133 665
? 6 76 350 533 738 434 614
? 6 87 304 282 212 587 798
? 6 89 122 345 567 83 245
? 6 94 264 49 407 106 704
? 6 96 704 407 364 424 9
? 6 98 219 519 317 739 766
? 6 102 769 590 405 198 508
? 6 110 646 518 101 746 127
? 6 115 269 314 523 650 304
? 6 120 437 56 220 487 256
? 6 143 795 503 241 532 322
? 6 151 792 378 515 371 335
? 6 160 653 294 494 630 721
? 6 167 796 144 774 618 13
? 6 171 198 769 659 578 582
? 6 178 489 483 667 182 180
? 6 183 374 788 598 467 575
? 6 207 662 681 789 723 349
? 6 211 757 8 73 668 78
? 6 216 767 184 466 108 357
? 6 221 379 208 439 609 756
? 6 222 74 455 478 633 451
? 6 243 409 3 501 41 394
? 6 250 532 742 375 654 305
? 6 259 339 462 168 84 257
? 6 265 128 52 463 383 525
? 6 279 380 588 656 589 242
? 6 280 482 276 731 593 155
? 6 283 430 764 575 467 175
? 6 284 252 761 101 156 518
? 6 285 192 588 777 589 380
? 6 286 88 364 690 6 9
? 6 289 737 27 727 412 480
? 6 296 607 721 770 534 195
? 6 301 631 543 726 90 81
? 6 324 79 601 223 605 522
? 6 325 786 16 627 387 701
? 6 326 255 530 246 237 169
? 6 338 92 352 204 595 527
? 6 343 485 228 582 458 140
? 6 347 703 541 75 641 97
? 6 348 174 594 621 683 188
? 6 351 20 500 130 711 175
? 6 356 247 683 344 174 621
? 6 359 323 647 416 644 457
? 6 365 402 438 229 272 104
? 6 377 629 671 695 747 71
? 6 386 446 576 27 69 118
? 6 389 46 267 204 676 403
? 6 392 686 664 761 80 10
? 6 399 719 468 277 380 588
? 6 406 368 536 700 524 747
? 6 411 439 752 379 107 191
? 6 414 449 640 765 404 215
? 6 415 773 332 346 731 197
? 6 427 417 116 234 475 384
? 6 445 584 506 287 331 606
? 6 454 266 774 618 713 448
? 6 456 718 367 236 334 613
? 6 459 617 21 799 523 678
? 6 469 789 681 59 662 181
? 6 473 782 336 362 41 302
? 6 479 679 707 775 403 618
? 6 493 516 558 604 492 278
? 6 499 82 201 213 580 73
? 6 510 30 570 131 591 517
? 6 512 346 197 544 731 341
? 6 521 753 214 390 77 735
? 6 526 470 583 388 203 275
? 6 529 502 311 275 203 176
? 6 542 787 574 239 218 687
? 6 550 215 640 514 414 404
? 6 551 614 434 121 509 199
? 6 553 153 299 608 675 104
? 6 555 746 483 127 425 708
? 6 559 162 714 424 291 404
? 6 566 147 137 453 265 463
? 6 572 142 508 405 634 432
? 6 581 254 460 180 186 262
? 6 585 47 547 692 562 744
? 6 599 648 388 176 311 203
? 6 603 480 229 402 135 535
? 6 610 117 121 281 172 43
? 6 615 487 113 70 220 759
? 6 619 780 649 645 608 61
? 6 625 390 682 521 753 611
? 6 632 709 797 688 152 251
? 6 666 562 652 312 316 17
? 6 670 537 57 698 694 594
? 6 674 224 391 433 19 100
? 6 684 428 125 534 531 130
? 6 693 663 697 763 200 447
? 6 699 725 23 511 410 416
? 6 712 787 758 4 239 297
? 6 722 245 567 689 715 273
? 6 724 495 442 425 667 785
? 6 728 337 132 573 235 297
? 6 733 791 393 501 268 409
? 6 771 784 484 251 736 426
? 6 779 72 140 131 659 582
? 6 783 730 708 474 461 181
? 6 0 622 481 271 461 163
? 6 2 327 293 154 210 309
? 6 5 533 738 350 405 290
? 6 7 80 472 68 597 10
? 6 11 541 166 673 568 194
? 6 12 403 81 90 543 267
? 6 15 643 549 458 669 202
? 6 24 40 743 366 762 63
? 6 25 107 655 609 208 636
? 6 26 354 205 548 522 223
? 6 28 103 423 179 363 78
? 6 29 330 464 735 589 43
? 6 31 157 59 474 262 170
? 6 33 395 249 637 146 173
? 6 34 689 773 378 371 273
? 6 35 535 135 412 480 303
? 6 38 111 400 736 426 164
? 6 39 372 734 745 75 32
? 6 42 308 768 486 652 287
? 6 44 209 756 609 208 655
? 6 45 540 647 520 451 231
? 6 50 126 191 315 507 292
? 6 53 654 557 375 305 333
? 6 54 307 155 672 593 715
? 6 55 536 527 524 394 368
? 6 60 148 22 14 91 745
? 6 62 539 592 491 475 317
? 6 65 105 638 129 133 665
? 6 66 749 231 520 455 247
? 6 67 313 144 448 556 645
? 6 76 350 533 738 434 614
? 6 87 304 282 212 587 798
? 6 89 122 345 567 83 245
? 6 93 507 288 315 126 793
? 6 94 264 49 407 106 704
? 6 95 261 413 353 751 418
? 6 96 704 407 364 424 9
? 6 98 219 519 317 739 766
? 6 102 769 590 405 198 508
? 6 109 320 696 538 244 156
? 6 110 646 518 101 746 127
? 6 112 189 177 661 612 729
? 6 114 432 741 590 596 226
? 6 115 269 314 523 650 304
? 6 119 349 723 170 662 59
? 6 120 437 56 220 487 256
? 6 123 206 706 138 691 504
? 6 141 321 639 514 50 292
? 6 143 795 503 241 532 322
? 6 145 355 362 336 545 782
? 6 150 194 481 660 622 181
? 6 151 792 378 515 371 335
? 6 160 653 294 494 630 721
? 6 165 549 421 669 15 373
? 6 171 198 769 659 578 582
? 6 178 489 483 667 182 180
? 6 183 374 788 598 467 575
? 6 185 716 436 616 260 236
? 6 207 662 681 789 723 349
? 6 211 757 8 73 668 78
? 6 217 749 344 247 193 440
? 6 221 379 208 439 609 756
? 6 222 74 455 478 633 451
? 6 225 785 538 579 442 495
? 6 227 595 563 657 139 778
? 6 232 634 720 199 190 754
? 6 233 717 268 422 476 394
? 6 238 564 750 515 77 214
? 6 240 291 685 793 765 651
? 6 243 409 3 501 41 394
? 6 248 108 17 506 316 606
!
279 656 
279 656
27 35 69 135 137 147 255 303 326 376 386 412 466 471 530 535 566 727 737 
530 255
530 326
69 530
147 566
137 147
471 137
69 471
69 386
27 69
727 737
27 727
412 27
412 35
412 135
535 412
303 535
466 303
466 376
265 463 
265 463
296 
15 228 343 458 485 549 643 669 755 
228 343
755 228
485 755
643 15
669 643
549 669
458 549
485 458
23 42 306 308 312 383 410 486 511 513 562 652 666 699 725 768 
513 383
410 513
23 410
511 23
768 511
562 312
652 562
652 666
486 652
308 486
42 308
768 42
725 768
725 699
306 725
197 332 378 
332 378
332 197
168 339 
168 339
37 63 123 138 206 504 623 691 694 698 706 743 
698 694
37 698
691 37
206 691
504 206
138 504
123 138
706 123
63 623
63 743
706 63
217 344 356 
344 356
217 344
185 436 716 
185 716
185 436
109 320 
109 320
94 96 
96 94
6 364 424 651 685 704 
704 424
364 704
364 6
685 364
651 685
129 277 571 638 665 
129 665
129 638
277 129
277 571
91 381 
91 381
66 247 455 
66 455
66 247
13 67 144 167 313 370 401 556 618 645 796 
167 618
13 167
370 401
556 645
556 313
67 556
144 67
796 144
370 796
13 370
3 18 177 243 393 420 501 733 791 
420 177
791 733
420 18
393 791
501 393
3 243
501 3
420 501
59 181 207 662 
662 207
662 59
181 662
102 596 741 
741 102
741 596
275 470 502 526 583 
583 470
502 583
275 502
275 526
76 199 405 434 738 
738 405
434 738
434 76
199 434
334 456 718 
718 456
718 334
189 263 
263 189
119 
143 790 
143 790
379 411 756 
379 756
411 379
36 165 426 736 771 
771 426
165 36
771 165
736 771
21 190 232 314 385 459 523 617 678 720 754 777 799 
523 314
190 523
459 678
799 459
21 799
617 21
385 617
720 232
190 720
754 190
385 754
777 385
132 235 337 400 628 728 
628 400
337 728
235 337
628 235
628 132
11 97 347 
347 11
347 97
57 86 174 188 348 537 594 670 683 
594 670
57 537
594 57
348 594
174 348
683 174
188 683
188 86
7 10 68 80 244 252 278 284 359 392 416 457 472 492 493 516 518 538 558 565 579 597 604 644 646 664 686 696 761 
518 646
252 518
696 284
761 696
761 252
664 761
392 664
80 392
565 244
516 565
10 686
10 7
80 10
68 80
597 68
472 597
278 472
278 558
516 278
493 516
492 493
457 492
457 359
416 457
579 538
416 579
644 416
604 644
151 371 792 
151 371
151 792
26 196 354 497 548 620 
26 354
548 26
497 548
196 497
620 196
25 44 655 
25 655
44 25
104 153 236 328 367 450 553 600 619 675 
367 236
328 367
553 619
328 450
600 328
104 553
153 104
675 153
675 600
38 111 
38 111
51 152 234 251 384 396 417 427 475 539 592 688 709 784 797 
592 539
475 592
384 475
384 427
417 384
417 234
396 417
688 396
784 251
797 784
797 709
152 797
688 152
51 688
374 
31 783 
783 31
14 39 60 75 106 148 360 372 546 677 734 745 
360 106
75 360
734 75
745 734
372 39
745 372
60 745
14 60
148 546
14 148
677 14
46 92 99 204 268 295 338 422 476 658 676 717 775 
338 92
204 338
46 204
676 46
775 676
99 295
658 99
717 658
268 717
268 422
476 268
775 476
317 
50 
300 477 519 629 695 739 766 
739 766
519 739
695 519
300 477
629 300
695 629
115 435 
435 115
289 480 
289 480
157 163 170 262 271 461 474 481 622 730 772 
170 157
262 170
474 262
730 474
461 730
271 461
481 271
481 622
163 481
772 163
95 276 687 
276 95
687 276
108 331 445 506 584 606 
506 108
606 331
506 445
606 506
584 606
117 121 610 
117 121
610 117
32 
389 
0 101 127 483 708 
127 0
127 101
127 483
708 127
231 
93 240 288 586 
288 240
93 586
93 288
112 118 246 446 505 612 661 729 
118 446
118 246
661 118
612 112
612 661
729 612
729 505
61 229 272 299 365 402 438 528 603 608 613 780 
528 613
229 528
402 603
402 229
365 402
438 365
608 438
608 299
780 608
780 61
272 780
175 183 283 430 467 575 598 764 788 
575 467
788 183
598 788
575 598
764 575
764 283
430 764
175 430
142 572 634 
142 634
572 142
54 155 280 307 342 574 593 642 672 715 
715 342
715 54
155 280
715 155
593 715
307 593
672 307
642 672
642 574
2 48 149 154 210 218 230 239 293 297 298 309 327 419 484 496 542 554 573 712 787 
239 218
239 787
239 712
210 239
210 542
419 210
149 419
154 149
2 154
327 2
327 293
309 327
48 309
48 230
573 48
573 297
298 573
298 554
496 298
484 496
215 404 449 550 640 
404 449
404 640
215 404
550 215
158 362 545 
545 158
545 362
43 77 172 238 281 330 335 390 515 521 564 611 625 682 735 750 753 
43 281
43 172
735 43
735 330
625 735
390 750
611 521
611 625
390 611
753 682
77 753
515 335
238 515
564 238
77 564
390 77
29 242 464 589 
589 242
589 464
29 589
164 
140 202 582 779 
140 202
140 582
779 140
81 90 543 726 
543 81
90 543
726 90
122 245 273 345 567 689 722 773 
689 773
273 689
567 273
567 245
122 567
122 345
722 122
161 166 194 319 541 641 660 673 690 703 
166 690
166 673
541 166
194 541
660 194
161 660
319 161
641 319
641 703
4 758 
758 4
56 58 134 178 180 182 220 489 667 
56 134
56 220
489 56
489 667
180 489
182 178
180 182
58 180
266 454 713 774 
774 266
713 774
713 454
19 
5 578 
578 5
1 82 100 130 201 213 224 241 391 433 499 500 503 532 534 580 674 795 
130 534
500 130
433 500
580 213
503 532
241 503
241 795
1 241
580 1
580 499
82 580
82 201
100 82
391 100
224 391
674 224
433 674
9 107 126 191 315 439 507 752 793 
752 439
191 752
191 107
507 191
507 126
315 507
793 315
9 793
34 415 
415 34
219 529 778 
778 219
529 778
310 
287 
8 28 73 78 84 179 211 259 361 363 397 423 462 626 668 711 757 776 
711 28
361 711
361 179
626 361
776 626
668 776
363 8
78 363
78 423
668 211
78 668
757 78
73 757
397 73
397 462
84 259
397 84
55 71 139 145 227 233 302 336 352 355 368 382 394 406 473 524 527 536 560 563 595 657 700 747 782 
394 233
55 394
368 55
139 560
657 227
139 657
563 139
595 563
524 595
368 524
527 352
536 527
368 536
747 368
747 71
406 747
302 406
336 302
336 355
336 145
473 336
473 700
782 473
782 382
208 209 609 636 
208 209
609 208
636 609
65 221 
221 65
12 301 403 631 
12 403
631 12
631 301
52 128 525 
128 52
525 128
114 226 432 440 577 749 
440 749
577 440
114 432
226 114
577 226
469 681 789 
789 681
469 789
290 350 509 533 614 
290 533
350 290
614 350
509 614
41 98 409 
41 98
409 41
214 
341 346 482 512 544 731 
346 512
731 482
346 731
341 346
544 341
443 
169 187 200 237 447 465 498 552 663 693 697 748 763 
748 552
663 748
447 663
697 447
763 465
763 693
237 169
498 237
187 498
763 187
697 200
763 697
62 377 398 491 671 
491 62
377 491
671 377
398 671
162 291 559 714 
162 291
714 162
559 714
16 53 124 250 305 325 333 375 387 557 627 654 701 742 760 786 
325 701
786 325
627 786
387 627
16 387
760 16
557 760
742 250
654 742
305 333
654 305
557 654
375 53
557 375
124 557
40 366 762 
366 762
366 40
223 
448 479 679 707 
679 707
679 448
479 679
184 216 
184 216
141 292 321 514 639 
639 292
141 639
514 141
321 514
24 
136 373 
136 373
87 212 253 269 304 587 602 633 650 732 798 
253 633
212 253
650 269
798 587
212 798
304 87
304 650
212 304
732 212
732 602
110 225 425 442 495 555 724 746 785 
495 724
746 110
442 746
425 555
442 425
495 442
225 495
785 225
257 274 322 441 740 
740 257
274 322
740 441
274 740
349 723 
349 723
615 
22 150 
150 22
282 323 490 
490 282
323 490
414 765 
765 414
17 248 316 
248 17
316 248
70 113 192 256 285 380 437 468 487 569 588 759 
113 70
487 113
487 759
437 487
256 437
569 285
256 569
588 468
588 380
256 588
192 256
79 205 324 408 522 547 601 605 744 781 
522 205
605 522
781 605
781 408
547 781
744 547
744 324
79 744
601 79
576 649 
649 576
47 64 85 260 294 357 369 444 494 561 616 653 692 710 767 794 
692 47
357 692
767 357
494 767
653 294
494 653
444 494
85 444
616 64
616 260
561 616
794 561
710 794
710 369
85 710
30 131 171 193 198 270 508 510 517 570 590 591 659 769 
591 193
591 270
570 591
510 570
659 171
198 508
769 198
769 590
659 769
131 659
510 131
30 510
30 517
45 74 451 452 520 540 647 705 
540 647
520 540
451 520
451 45
74 451
452 74
705 452
176 203 311 388 599 648 
648 311
648 599
203 648
203 176
388 203
125 160 195 318 329 585 607 630 635 702 721 770 
770 195
607 770
721 160
721 630
607 721
702 607
318 585
329 318
329 635
702 329
125 702
159 340 431 453 
453 340
159 453
431 159
267 
222 478 621 
222 621
222 478
116 632 
632 116
551 624 
624 551
156 488 
488 156
105 133 399 719 
133 105
719 133
399 719
33 173 249 358 429 637 
358 429
249 173
637 33
637 249
358 637
20 146 351 395 428 531 684 
146 395
351 146
20 351
428 20
684 531
684 428
120 186 254 460 581 
581 120
254 581
460 254
186 460
83 89 680 
83 89
83 680
258 261 353 413 418 751 
418 413
258 418
353 258
751 261
353 751
49 88 264 286 407 568 
407 264
49 407
568 49
88 568
286 88
72 421 
421 72
103 
