? 6 0 205 213 583 232 2
? 6 1 626 314 249 645 782
? 6 3 789 599 290 230 67
? 6 4 55 699 487 348 728
? 6 5 441 631 320 95 522
? 6 6 669 743 286 628 786
? 6 7 324 357 124 359 170
? 6 8 738 171 776 227 621
? 6 9 718 44 691 619 650
? 6 10 216 133 685 741 434
? 6 11 605 481 222 63 682
? 6 12 776 799 293 171 521
? 6 13 79 271 551 354 299
? 6 14 495 760 476 51 174
? 6 15 336 285 403 344 511
? 6 16 332 36 671 730 121
? 6 17 408 696 355 65 462
? 6 18 716 161 586 97 260
? 6 19 237 469 265 432 555
? 6 20 625 714 367 784 35
? 6 21 272 311 717 43 628
? 6 22 438 110 382 338 111
? 6 23 390 69 574 292 529
? 6 24 397 231 217 606 580
? 6 25 695 666 162 580 57
? 6 26 299 345 354 271 353
? 6 27 546 603 613 456 506
? 6 28 623 236 688 658 405
? 6 29 589 798 432 62 265
? 6 30 713 706 199 40 565
? 6 31 551 577 648 659 329
? 6 32 751 668 520 49 166
? 6 33 510 739 758 447 149
? 6 34 504 177 418 684 328
? 6 37 525 245 471 659 392
? 6 38 601 728 541 283 114
? 6 39 150 342 593 291 101
? 6 41 187 622 339 322 451
? 6 42 137 486 505 130 268
? 6 45 349 133 216 200 579
? 6 46 753 691 569 788 718
? 6 47 640 115 671 444 428
? 6 48 358 478 752 183 136
? 6 50 700 774 341 83 639
? 6 52 148 519 107 572 369
? 6 53 537 108 182 235 76
? 6 54 190 790 335 679 118
? 6 56 440 66 656 463 610
? 6 58 185 515 269 218 63
? 6 59 203 243 477 555 436
? 6 60 607 425 259 404 528
? 6 61 548 474 507 129 748
? 6 64 285 336 677 365 344
? 6 68 485 636 480 447 380
? 6 70 378 720 600 160 226
? 6 71 557 382 246 547 22
? 6 72 771 255 204 307 573
? 6 73 117 552 279 527 335
? 6 74 532 381 366 220 646
? 6 75 326 152 635 431 462
? 6 77 683 224 660 703 609
? 6 78 723 76 277 566 53
? 6 80 183 752 196 102 136
? 6 81 221 297 686 319 361
? 6 82 141 614 523 693 433
? 6 84 134 144 289 351 350
? 6 85 704 333 122 292 224
? 6 86 710 385 453 168 128
? 6 87 368 749 106 240 193
? 6 88 426 765 487 246 728
? 6 89 766 412 360 396 638
? 6 90 587 742 464 482 177
? 6 91 186 745 362 443 356
? 6 92 578 422 233 564 452
? 6 93 701 649 262 257 705
? 6 94 534 148 141 572 52
? 6 96 678 301 384 773 687
? 6 98 189 703 415 707 77
? 6 99 794 195 109 106 207
? 6 100 309 270 446 545 792
? 6 103 612 470 762 727 399
? 6 104 735 460 719 558 531
? 6 105 590 478 180 143 416
? 6 112 536 138 157 497 181
? 6 113 348 274 740 488 281
? 6 116 764 457 372 492 544
? 6 119 341 547 700 315 774
? 6 120 719 460 500 608 655
? 6 123 391 651 573 307 270
? 6 125 375 732 494 653 235
? 6 126 302 467 291 178 316
? 6 127 602 606 253 57 240
? 6 131 313 383 215 734 576
? 6 132 101 202 711 291 276
? 6 135 503 482 320 631 413
? 6 139 398 763 284 359 40
? 6 140 629 571 142 176 157
? 6 145 546 793 420 27 263
? 6 146 775 788 650 718 44
? 6 147 364 511 344 282 744
? 6 151 223 717 406 272 188
? 6 153 665 664 50 639 149
? 6 154 288 163 210 627 694
? 6 155 782 645 626 248 331
? 6 156 401 475 435 372 457
? 6 158 251 396 766 754 360
? 6 159 477 172 442 681 59
? 6 164 437 306 781 530 209
? 6 165 201 175 421 702 461
? 6 167 229 339 544 622 451
? 6 169 498 407 452 578 600
? 6 173 588 611 489 297 499
? 6 179 731 542 434 604 592
? 6 184 535 427 198 49 295
? 6 191 192 617 677 761 689
? 6 194 294 695 672 377 624
? 6 197 512 37 525 646 632
? 6 206 618 575 386 298 734
? 6 208 262 649 644 257 701
? 6 211 521 543 799 12 755
? 6 212 722 334 395 290 759
? 6 214 630 791 32 751 668
? 6 219 176 571 533 670 140
? 6 225 692 642 491 726 493
? 6 228 563 670 604 454 238
? 6 234 363 275 712 352 315
? 6 239 565 616 199 713 706
? 6 241 417 729 27 546 613
? 6 242 404 464 528 567 60
? 6 244 260 18 233 716 595
? 6 247 374 323 504 182 235
? 6 250 198 402 393 310 184
? 6 252 397 261 231 217 24
? 6 254 679 685 200 349 10
? 6 256 488 120 500 460 274
? 6 258 281 522 655 488 740
? 6 264 483 579 369 227 52
? 6 266 209 436 458 779 781
? 6 267 410 497 181 296 629
? 6 273 592 608 783 670 460
? 6 278 304 287 788 775 146
? 6 280 733 51 95 413 495
? 6 300 371 725 83 774 327
? 6 303 664 502 697 661 387
? 6 305 423 298 526 797 447
? 6 308 767 518 329 647 648
? 6 312 753 616 569 388 239
? 6 317 334 440 67 599 56
? 6 318 596 479 330 791 524
? 6 321 549 400 750 370 232
? 6 325 506 172 456 168 128
? 6 337 721 350 144 443 362
? 6 340 309 792 446 448 709
? 6 343 2 411 583 761 0
? 6 346 561 284 359 388 763
? 6 347 785 570 591 568 353
? 6 373 539 662 560 634 421
? 6 376 472 490 390 210 516
? 6 379 455 316 707 667 514
? 6 389 484 787 622 229 195
? 6 394 633 540 192 617 191
? 6 409 658 507 548 61 623
? 6 414 35 136 367 714 625
? 6 419 283 114 747 541 673
? 6 424 310 393 545 198 270
? 6 429 138 112 405 236 688
? 6 430 576 383 509 439 143
? 6 445 615 516 472 154 121
? 6 449 620 363 654 275 234
? 6 450 657 118 212 778 54
? 6 459 597 458 530 779 781
? 6 465 584 218 269 777 114
? 6 466 709 750 651 448 792
? 6 468 559 564 213 583 422
? 6 473 508 142 682 138 157
? 6 496 624 536 377 112 672
? 6 501 276 101 132 711 202
? 6 513 772 170 324 124 431
? 6 517 644 649 418 684 208
? 6 538 108 537 53 1 705
? 6 550 527 476 279 14 531
? 6 553 770 698 453 385 556
? 6 554 248 155 782 645 1
? 6 562 585 598 736 439 509
? 6 581 643 416 680 105 164
? 6 582 529 122 333 85 292
? 6 594 751 32 214 787 520
? 6 637 380 417 480 485 196
? 6 641 404 268 505 42 259
? 6 652 651 204 307 123 573
? 6 663 724 795 406 188 43
? 6 674 97 586 716 677 343
? 6 675 372 764 435 544 156
? 6 676 621 395 8 759 738
? 6 690 757 767 717 647 308
? 6 708 715 502 661 686 361
? 6 737 366 432 589 29 798
? 6 746 531 174 476 51 733
? 6 756 796 540 340 493 642
? 6 768 377 672 25 410 181
? 6 769 351 605 289 688 682
? 6 780 328 177 34 366 504
? 6 3 789 599 290 230 67
? 6 13 79 271 551 354 299
? 6 31 551 577 648 659 329
? 6 36 332 16 121 730 671
? 6 46 753 691 569 788 718
? 6 48 358 478 752 183 136
? 6 62 798 29 589 432 265
? 6 65 17 398 408 696 40
? 6 68 485 636 480 447 380
? 6 69 23 574 390 529 122
? 6 75 326 152 635 431 462
? 6 91 186 745 362 443 356
? 6 92 578 422 233 564 452
? 6 98 189 703 415 707 77
? 6 99 794 195 109 106 207
? 6 102 797 183 80 196 736
? 6 111 263 110 438 770 338
? 6 129 61 548 474 294 748
? 6 130 486 137 42 487 505
? 6 134 84 144 289 351 623
? 6 145 546 793 420 27 263
? 6 162 666 580 57 25 253
? 6 166 668 49 32 330 479
? 6 169 498 407 452 578 600
? 6 173 588 611 489 297 499
? 6 178 514 316 126 302 455
? 6 180 143 590 509 439 430
? 6 201 165 175 702 421 461
? 6 220 381 74 26 347 632
? 6 222 63 777 673 269 11
? 6 223 151 717 406 272 188
? 6 238 454 523 693 614 82
? 6 247 374 323 504 182 235
? 6 249 626 314 331 645 1
? 6 255 72 771 204 307 573
? 6 256 488 120 500 460 274
? 6 261 121 730 252 671 231
? 6 267 410 497 181 296 629
? 6 277 723 78 786 566 76
? 6 286 669 6 743 786 201
? 6 293 638 412 171 12 470
? 6 301 96 678 765 246 71
? 6 304 287 278 788 388 124
? 6 313 131 215 734 383 576
? 6 322 451 507 339 474 61
? 6 327 371 300 725 119 595
? 6 337 721 350 144 443 362
? 6 352 712 234 636 149 363
? 6 355 696 656 17 408 66
? 6 357 359 763 7 462 324
? 6 365 677 344 64 285 674
? 6 368 106 87 109 749 207
? 6 370 400 232 205 0 213
? 6 378 70 720 160 600 226
? 6 386 736 206 618 562 734
? 6 399 727 762 470 360 103
? 6 403 15 481 511 336 11
? 6 419 283 114 747 541 673
? 6 427 184 535 100 166 49
? 6 428 115 207 640 444 47
? 6 467 707 126 316 455 379
? 6 468 559 564 213 583 422
? 6 471 392 245 37 525 560
? 6 473 508 142 682 138 157
? 6 475 457 156 401 491 443
? 6 483 264 369 579 52 227
? 6 484 389 787 594 622 214
? 6 490 210 627 154 288 609
? 6 492 726 524 457 596 318
? 6 519 52 572 107 148 369
? 6 526 423 298 305 206 575
? 6 534 94 148 572 519 52
? 6 538 108 537 53 1 705
? 6 539 662 373 634 560 421
? 6 561 346 359 284 7 388
? 6 563 228 604 670 454 267
? 6 567 268 5 242 441 631
? 6 582 529 122 333 85 292
? 6 585 598 562 736 478 439
? 6 593 150 39 342 162 291
? 6 602 127 253 57 695 606
? 6 607 60 425 259 528 404
? 6 610 463 440 56 66 656
? 6 619 691 9 718 43 44
? 6 633 394 540 192 617 191
? 6 643 581 416 680 105 164
? 6 653 732 125 375 494 646
? 6 654 420 620 793 449 263
? 6 675 372 764 435 544 156
? 6 681 172 442 168 325 159
? 6 683 77 224 660 609 703
? 6 687 384 773 744 678 541
? 6 698 453 556 385 553 770
? 6 704 85 755 762 543 224
? 6 710 86 168 385 259 453
? 6 722 212 334 290 395 599
? 6 729 714 625 613 367 20
? 6 735 558 104 531 741 550
? 6 742 587 177 90 482 328
? 6 746 531 174 476 51 733
? 6 757 690 717 272 223 151
? 6 758 33 510 447 739 636
? 6 760 331 14 249 495 117
? 6 772 513 170 124 324 7
? 6 778 759 200 579 264 212
? 6 783 592 608 273 542 104
? 6 784 20 477 625 367 714
? 6 785 570 347 436 469 237
? 6 790 335 552 73 190 117
? 6 2 343 583 411 0 564
? 6 3 789 599 290 230 67
? 6 4 55 699 487 348 728
? 6 13 79 271 551 354 299
? 6 19 237 469 265 432 555
? 6 22 438 110 382 338 111
? 6 31 551 577 648 659 329
? 6 36 332 16 121 730 671
? 6 38 601 728 541 283 114
? 6 41 187 622 339 322 451
? 6 45 349 133 216 200 579
? 6 46 753 691 569 788 718
? 6 48 358 478 752 183 136
? 6 58 185 515 269 218 63
? 6 62 798 29 589 432 265
? 6 68 485 636 480 447 380
? 6 69 23 574 390 529 122
? 6 75 326 152 635 431 462
? 6 81 221 297 686 319 361
? 6 89 766 412 360 396 638
? 6 91 186 745 362 443 356
? 6 92 578 422 233 564 452
? 6 93 701 649 262 257 705
? 6 98 189 703 415 707 77
? 6 99 794 195 109 106 207
? 6 116 764 457 372 492 544
? 6 134 84 144 289 351 623
? 6 135 503 482 320 631 413
? 6 137 486 42 505 130 699
? 6 141 82 614 202 711 433
? 6 145 546 793 420 27 263
? 6 147 364 511 344 282 744
? 6 153 665 664 50 639 149
? 6 158 251 396 766 754 360
? 6 161 586 716 18 97 282
? 6 163 288 694 154 609 660
? 6 167 229 339 544 622 451
? 6 169 498 407 452 578 600
? 6 173 588 611 489 297 499
? 6 178 514 316 126 302 455
? 6 179 731 542 434 604 592
? 6 180 143 590 509 439 430
? 6 193 240 748 749 127 87
? 6 194 294 695 672 377 624
? 6 197 512 37 525 646 632
? 6 203 59 243 477 555 436
? 6 208 262 649 644 257 701
? 6 211 521 543 799 12 755
? 6 219 176 571 533 670 140
? 6 225 692 642 491 726 493
? 6 238 454 523 693 614 82
? 6 241 417 729 27 546 613
? 6 244 260 18 233 716 595
? 6 247 374 323 504 182 235
? 6 248 554 155 782 645 1
? 6 250 198 402 393 310 184
? 6 255 72 771 204 307 573
? 6 256 488 120 500 460 274
? 6 261 121 730 252 671 231
? 6 266 209 436 458 779 781
? 6 276 501 101 132 711 202
? 6 280 733 51 95 413 495
? 6 293 638 412 171 12 470
? 6 295 49 520 535 751 32
? 6 303 664 502 697 661 387
? 6 304 287 278 788 388 124
? 6 311 21 272 628 717 43
? 6 312 753 616 569 388 239
? 6 313 131 215 734 383 576
? 6 317 334 440 67 599 56
? 6 321 549 400 750 370 232
? 6 337 721 350 144 443 362
? 6 340 309 792 446 448 709
? 6 341 700 774 50 83 119
? 6 345 299 26 353 568 271
? 6 357 359 763 7 462 324
? 6 378 70 720 160 600 226
? 6 391 573 307 123 424 310
? 6 409 658 507 548 61 623
? 6 414 35 136 367 714 625
? 6 419 283 114 747 541 673
? 6 426 88 246 338 382 110
? 6 429 138 112 405 236 688
? 6 437 164 306 781 530 209
? 6 444 368 749 240 47 115
? 6 445 615 516 472 154 121
? 6 450 657 118 212 778 54
? 6 459 597 458 530 779 781
? 6 465 584 218 269 777 114
!
798 
246 382 426 
246 382
426 246
328 780 
780 328
396 766 
766 396
633 
86 259 528 641 710 
641 528
259 641
710 259
710 86
64 97 191 192 365 394 540 674 677 756 796 
674 97
677 674
677 64
677 365
191 677
192 191
394 192
540 394
756 540
796 756
1 538 
538 1
605 
305 423 526 
423 305
423 526
521 
37 245 392 471 
245 37
392 245
471 392
473 
47 115 428 640 
640 47
115 640
428 115
5 34 90 108 135 177 182 235 247 320 323 374 441 482 503 504 537 587 631 684 705 742 
108 705
108 537
182 108
182 235
374 182
374 247
323 374
504 323
684 504
34 684
441 5
320 441
631 320
503 631
135 503
482 135
482 90
587 482
587 742
177 587
34 177
452 498 
498 452
114 218 269 465 515 584 777 
465 114
584 465
218 515
269 218
584 269
777 584
417 
176 219 533 571 670 
219 571
176 219
533 176
670 533
45 
784 
3 67 230 290 395 599 
599 67
230 599
290 230
290 3
395 290
732 
11 481 
481 11
387 
224 
0 232 370 400 617 689 761 
232 0
400 370
232 400
689 232
689 617
761 689
186 
89 
206 386 618 734 
618 734
618 206
386 618
39 126 178 291 302 316 467 514 
126 514
316 467
126 178
126 316
302 126
291 302
291 39
96 282 283 384 541 678 687 744 765 773 
541 283
687 541
744 687
744 282
773 744
384 773
678 384
678 96
765 678
35 136 414 
136 35
414 136
48 
26 
419 747 
419 747
303 502 661 
661 502
303 661
152 326 
326 152
99 195 
99 195
33 380 447 485 637 
447 33
485 447
380 485
637 380
789 
586 716 
716 586
239 616 
616 239
42 60 130 137 242 268 404 425 486 505 567 607 699 
505 699
486 130
486 137
42 486
505 42
268 505
567 268
242 567
404 242
60 607
425 60
404 425
10 133 179 216 254 335 434 542 592 604 679 685 731 
604 592
731 604
179 731
542 179
434 542
133 434
216 133
10 216
685 10
254 685
679 254
335 679
17 355 408 696 
17 408
696 17
355 696
122 292 333 
122 333
292 122
220 347 570 785 
347 220
570 785
347 570
671 
100 309 446 448 
309 100
309 448
309 446
427 
27 241 263 420 546 613 729 793 
613 241
613 729
27 613
546 27
793 546
420 793
263 420
50 83 149 153 315 341 510 639 664 665 700 739 774 
739 510
149 739
665 149
153 665
664 153
639 664
50 639
700 50
700 341
774 83
700 774
315 700
399 
81 221 319 361 686 708 715 
221 319
81 221
686 81
686 361
708 686
715 708
390 574 
574 390
129 194 294 748 
129 748
294 129
294 194
30 199 284 346 565 706 713 
284 346
713 284
30 706
713 30
565 199
713 565
225 318 475 491 493 596 642 692 726 
491 475
493 642
225 493
692 225
491 692
726 491
596 726
596 318
125 494 
494 125
16 217 231 252 397 730 
730 16
231 730
217 231
397 217
252 397
82 141 433 614 693 711 
141 711
82 693
614 433
82 614
141 82
21 151 188 223 272 406 663 717 724 795 
272 21
717 272
151 717
151 223
406 151
188 406
795 188
663 795
724 663
236 
132 202 276 501 
202 132
501 202
276 501
116 167 544 
544 116
167 544
112 
110 
58 63 185 222 
58 185
63 58
222 63
95 280 413 733 
280 733
413 280
95 413
22 111 438 453 553 770 
438 22
111 438
553 453
770 553
111 770
758 
401 435 
401 435
41 339 451 
339 451
41 339
2 205 213 343 564 583 
583 564
213 205
583 213
343 583
2 343
697 
138 377 429 496 536 624 682 
377 624
496 377
536 496
138 536
138 429
682 138
76 78 566 723 
723 566
76 723
78 76
49 166 184 198 250 270 295 310 393 402 535 545 668 
668 166
49 668
295 49
535 295
184 535
402 184
250 402
198 250
310 198
393 310
545 393
270 545
38 487 728 
728 487
38 728
601 
104 746 783 
104 746
783 104
160 226 720 
226 160
720 226
308 690 757 
690 308
690 757
368 444 
368 444
170 431 513 772 
513 431
513 170
772 513
357 561 
357 561
98 189 379 415 455 667 707 
98 189
707 98
707 415
379 707
455 379
667 455
6 201 286 669 743 786 
286 201
6 286
669 6
743 669
786 743
25 142 157 181 267 296 410 497 508 672 695 768 
508 142
157 508
497 157
497 296
410 497
410 267
181 410
768 181
672 768
672 695
25 672
483 
80 102 143 183 196 358 430 478 509 590 752 797 
509 430
143 509
590 143
478 590
358 478
183 358
752 183
80 752
196 80
102 196
797 102
462 635 656 
635 656
635 462
187 
32 214 389 484 520 594 622 630 751 787 791 
389 622
389 484
787 389
594 787
214 594
751 520
32 751
214 32
630 214
791 630
77 660 683 703 
703 660
77 703
683 77
54 117 118 190 212 450 552 657 759 778 790 
778 759
212 778
657 212
118 657
450 118
54 450
190 54
790 190
552 117
790 552
175 
146 
4 
229 322 
322 229
464 
197 525 632 
632 197
632 525
338 
75 
88 301 
301 88
277 628 
277 628
416 581 643 680 
581 416
581 643
680 581
140 228 273 563 629 
140 273
228 563
140 228
629 140
489 499 611 
489 499
611 489
120 258 460 500 522 608 655 719 
500 719
460 608
460 120
500 460
655 500
258 655
258 522
9 43 46 619 753 
46 753
619 46
619 43
619 9
36 332 
36 332
128 159 168 385 442 556 681 698 
698 385
556 698
128 556
442 159
681 442
168 681
168 128
156 372 675 764 
372 764
156 372
675 156
523 
439 
432 
373 539 634 662 
662 634
373 539
662 373
407 
13 31 
13 31
472 609 
472 609
44 569 691 718 775 788 
788 569
718 788
718 44
718 691
775 718
59 203 209 237 243 436 469 477 555 
436 209
469 237
555 469
436 555
59 436
243 59
203 243
477 203
334 621 676 722 
722 334
676 722
621 676
271 299 345 353 354 568 591 
354 271
299 354
345 299
353 345
568 353
591 568
405 
56 440 463 610 
440 56
463 440
610 463
336 
312 388 
388 312
207 
211 543 755 
543 211
543 755
91 356 
356 91
14 51 73 155 174 249 279 314 331 476 495 527 531 550 558 626 645 735 741 760 782 
645 626
155 645
782 155
331 782
249 314
331 249
760 331
14 760
527 14
279 73
527 279
476 527
550 476
735 741
558 735
531 558
51 495
174 51
531 174
550 531
200 349 
349 200
421 461 560 647 702 767 
421 560
702 421
461 702
647 461
767 647
150 162 342 593 666 
162 666
593 162
150 342
593 150
85 
53 
7 40 124 139 324 359 398 763 
7 124
7 324
359 7
763 359
139 763
398 40
139 398
103 158 251 360 470 612 704 727 754 762 
251 158
754 251
360 754
103 360
470 727
612 470
103 612
762 103
704 762
66 317 
317 66
72 123 204 255 307 391 573 651 652 771 
391 123
573 391
72 255
771 72
204 771
307 573
204 307
652 204
651 652
52 94 534 
94 52
534 94
19 265 
19 265
418 
562 585 598 736 
598 585
562 736
598 562
321 466 549 709 750 792 
709 792
466 709
750 466
321 549
750 321
330 457 479 492 524 
492 457
524 492
330 479
524 330
70 378 600 
70 600
378 70
55 113 256 274 281 348 488 740 
488 281
274 256
488 274
740 488
113 740
348 55
113 348
367 
131 313 576 
131 576
313 131
458 459 597 779 
458 779
597 458
597 459
74 366 375 381 512 532 646 653 737 
653 375
646 653
646 512
532 646
74 532
74 381
366 74
366 737
23 69 529 582 
23 69
529 23
582 529
215 383 
383 215
227 264 369 579 
369 227
264 369
579 264
107 148 519 572 
572 107
148 572
519 148
311 650 
311 650
275 
278 287 304 
278 287
304 278
121 261 445 
121 445
261 121
79 329 518 551 577 648 659 
551 79
659 551
577 659
329 577
648 329
518 648
105 164 180 
105 164
180 105
208 257 262 517 644 649 701 
262 257
701 262
649 701
644 649
644 208
517 644
161 
266 
298 575 
298 575
173 297 588 
588 297
173 588
144 289 337 350 351 362 443 688 721 745 769 
289 688
144 337
443 362
443 745
721 443
144 721
144 350
351 144
351 289
769 351
68 480 636 
636 480
68 636
248 554 
248 554
101 
65 
57 87 106 109 127 193 240 253 580 602 606 749 794 
109 794
106 109
87 106
749 87
193 749
127 193
127 602
253 127
57 253
57 580
606 57
240 606
169 411 468 559 
468 169
559 411
468 559
12 
29 62 589 
589 29
62 589
238 454 
238 454
673 
306 437 530 781 
306 530
437 306
437 781
340 
93 
18 71 119 233 244 260 300 327 371 547 557 595 725 
244 233
260 244
260 18
595 260
327 595
371 300
371 725
327 371
119 327
547 119
557 547
71 557
422 
92 578 
92 578
8 171 293 412 638 738 776 799 
776 799
776 293
171 776
412 638
171 412
738 171
8 738
145 172 325 456 506 603 654 
145 654
603 145
603 456
325 172
506 325
506 603
165 
234 352 363 449 620 712 
620 449
363 620
234 363
712 234
712 352
154 163 210 288 376 490 516 615 627 694 
210 376
210 490
154 210
516 615
154 516
288 154
694 288
163 694
627 163
24 
28 61 84 134 409 474 507 548 623 658 
658 28
507 474
61 548
507 61
409 507
658 409
623 658
84 134
623 84
15 147 285 344 364 403 511 
344 285
147 344
364 147
511 364
403 511
403 15
424 
20 625 714 
625 714
20 625
