? 14 0 254 419 245 789 755 639 408 430 507 232 599 790 667
? 14 1 624 155 333 261 576 751 435 177 390 6 208 446 627
? 14 2 263 478 752 547 416 563 490 18 195 468 269 522 427
? 14 3 615 519 201 429 560 743 114 359 397 692 688 764 722
? 14 4 690 221 549 425 23 486 153 606 669 713 636 183 346
? 14 5 588 322 207 90 780 286 71 657 73 38 70 156 443
? 14 7 732 76 285 391 168 545 29 306 256 576 751 527 40
? 14 8 213 63 211 380 314 433 762 612 42 82 58 126 580
? 14 9 331 760 377 282 645 632 646 247 573 206 469 393 745
? 14 10 534 787 283 328 584 156 443 657 705 324 103 482 296
? 14 11 740 219 44 94 754 771 405 224 199 388 381 205 508
? 14 12 69 582 698 317 471 385 173 318 274 666 306 109 727
? 14 13 339 270 253 790 625 640 46 755 97 430 789 629 192
? 14 14 239 240 461 610 614 412 85 180 308 712 233 735 373
? 14 15 700 503 689 610 95 558 233 386 20 714 121 517 671
? 14 16 17 370 484 65 242 187 244 86 382 647 479 531 504
? 14 19 620 767 178 50 520 350 262 521 718 209 616 562 418
? 14 21 150 309 338 134 235 226 307 162 304 406 93 600 287
? 14 22 575 163 362 686 602 214 57 550 272 796 33 452 302
? 14 24 683 249 506 746 210 410 330 41 216 772 66 376 372
? 14 25 462 706 753 675 238 532 215 717 597 524 222 730 695
? 14 26 774 669 636 713 797 712 735 85 180 549 308 240 614
? 14 27 169 720 668 342 619 113 742 354 136 174 332 196 783
? 14 28 483 68 762 145 612 58 476 514 82 98 129 433 792
? 14 30 644 229 190 564 736 324 296 787 283 443 584 482 103
? 14 31 364 791 768 48 525 105 369 120 551 492 662 756 613
? 14 32 223 456 761 426 631 739 764 102 722 334 455 429 617
? 14 34 654 495 559 148 280 228 352 502 664 518 42 176 569
? 14 35 656 91 775 135 295 552 158 29 256 421 142 76 727
? 14 36 291 773 608 652 275 220 778 371 559 579 450 577 510
? 14 37 149 231 260 757 374 603 628 763 411 39 455 102 691
? 14 43 641 376 321 695 171 423 238 772 81 719 372 330 216
? 14 45 525 48 651 364 756 637 737 768 31 662 674 268 613
? 14 47 323 438 340 718 530 521 224 94 402 520 199 262 219
? 14 49 524 597 327 258 694 462 675 480 215 753 222 417 770
? 14 51 60 72 663 528 67 137 358 432 217 697 398 699 793
? 14 52 723 440 796 415 57 643 517 602 278 558 689 125 181
? 14 53 497 248 264 383 305 404 281 473 427 420 269 106 543
? 14 54 670 516 650 453 109 401 623 198 436 553 708 471 385
? 14 55 326 633 316 349 399 763 319 710 554 341 260 556 757
? 14 56 487 185 750 267 542 594 96 218 315 124 526 574 605
? 14 59 92 538 356 93 162 307 114 226 470 702 150 596 134
? 14 61 765 64 373 783 747 354 386 136 461 714 14 239 332
? 14 62 84 678 626 710 154 349 533 671 294 554 319 20 95
? 14 74 237 672 661 141 172 212 687 637 737 194 414 206 651
? 14 75 779 721 498 464 577 347 241 367 778 107 182 193 510
? 14 77 726 784 271 106 638 473 305 565 335 248 529 766 693
? 14 78 200 499 396 585 165 288 413 108 411 320 39 676 375
? 14 79 451 511 105 442 379 203 458 768 701 369 31 791 613
? 14 80 112 557 343 592 71 578 546 505 600 366 477 780 166
? 14 83 227 590 336 138 157 523 259 422 485 704 355 457 41
? 14 87 701 276 491 442 128 679 389 381 205 508 463 184 511
? 14 88 673 485 266 259 110 598 292 704 355 684 504 531 336
? 14 89 86 414 484 370 172 647 17 504 684 531 242 16 672
? 14 99 500 494 127 798 428 147 119 573 632 489 218 646 247
? 14 100 725 337 131 541 361 653 457 144 312 655 707 251 782
? 14 101 581 708 769 595 436 274 401 453 109 561 582 384 759
? 14 104 368 320 676 360 288 452 475 302 214 299 301 272 396
? 14 111 795 191 770 417 448 583 694 300 444 493 394 472 236
? 14 115 586 711 392 433 58 580 107 277 68 483 738 514 476
? 14 116 421 142 727 775 225 35 666 656 317 91 173 135 295
? 14 117 781 192 629 252 758 46 97 786 204 648 140 441 466
? 14 118 728 680 649 243 407 113 733 665 619 342 742 294 174
? 14 122 741 665 696 395 290 659 788 785 728 618 556 243 447
? 14 123 709 403 400 749 568 179 536 693 335 724 143 264 501
? 14 130 164 189 284 467 187 601 539 479 466 65 140 465 551
? 14 132 543 420 431 269 404 18 383 427 357 53 281 468 569
? 14 133 738 535 367 277 733 107 711 407 586 680 748 115 243
? 14 139 70 739 456 593 634 445 722 73 426 761 207 481 223
? 14 146 434 160 470 555 702 359 508 44 463 679 381 128 560
? 14 151 446 208 177 186 333 474 677 1 777 435 155 6 624
? 14 152 482 564 103 324 682 604 279 283 182 705 787 190 347
? 14 159 205 389 660 681 609 250 754 685 276 740 424 432 491
? 14 161 627 363 261 365 513 6 435 561 1 624 298 202 155
? 14 167 734 599 480 245 258 667 419 0 516 254 639 327 553
? 14 170 607 344 449 667 384 553 409 430 639 595 245 755 453
? 14 175 677 474 279 777 190 182 564 186 621 152 229 482 347
? 14 188 460 567 255 617 334 555 764 731 345 388 776 560 631
? 14 197 313 287 297 204 465 304 235 252 140 466 284 467 189
? 14 230 515 234 372 772 410 210 361 330 695 591 707 683 506
? 14 246 799 674 613 488 662 458 184 699 509 310 697 793 526
? 14 257 121 437 325 181 589 233 278 308 412 180 610 614 85
? 14 265 477 289 505 592 572 343 540 298 794 202 409 71 80
? 14 273 81 423 439 719 311 321 171 43 376 641 329 717 216
? 14 293 459 275 621 773 652 371 510 638 777 450 778 608 36
? 14 303 413 454 731 499 603 39 345 630 628 200 411 165 567
? 14 348 220 450 608 371 176 569 652 537 357 431 352 559 773
? 14 351 571 634 593 481 445 73 696 741 328 618 534 139 156
? 14 353 445 788 785 447 691 659 426 761 556 102 593 395 634
? 14 378 312 782 655 131 251 653 716 144 337 422 725 100 496
? 14 387 591 599 408 327 258 480 232 734 215 597 707 524 675
? 14 512 492 369 551 539 791 120 379 105 31 164 189 596 130
? 14 544 587 729 496 570 703 355 704 266 716 422 786 598 479
? 14 548 315 67 663 96 605 594 574 137 487 56 542 750 310
? 14 566 196 792 27 720 169 98 535 332 113 514 476 145 668
? 14 611 745 393 268 377 124 645 282 469 760 267 247 206 185
? 14 622 236 444 394 222 730 694 417 191 532 111 795 329 770
? 14 635 493 623 300 448 472 198 650 385 471 583 173 54 698
? 14 642 352 357 569 176 654 431 518 228 664 34 543 132 348
? 14 658 776 405 345 454 388 402 630 731 771 567 530 375 44
? 14 715 398 424 217 72 660 418 609 432 767 178 562 60 250
? 14 744 209 616 350 438 475 718 520 521 47 530 323 375 396
? 14 3 615 519 201 429 560 743 114 359 397 692 688 764 722
? 14 7 732 76 285 391 168 545 29 306 256 576 751 527 40
? 14 9 331 760 377 282 645 632 646 247 573 206 469 393 745
? 14 11 740 219 44 94 754 771 405 224 199 388 381 205 508
? 14 12 69 582 698 317 471 385 173 318 274 666 306 109 727
? 14 13 339 270 253 790 625 640 46 755 97 430 789 629 192
? 14 19 620 767 178 50 520 350 262 521 718 209 616 562 418
? 14 21 150 309 338 134 235 226 307 162 304 406 93 600 287
? 14 62 84 678 626 710 154 349 533 671 294 554 319 20 95
? 14 64 765 61 373 747 783 461 735 14 712 239 354 240 386
? 14 83 227 590 336 138 157 523 259 422 485 704 355 457 41
? 14 99 500 494 127 798 428 147 119 573 632 489 218 646 247
? 14 101 581 708 769 595 436 274 401 453 109 561 582 384 759
? 14 108 585 411 78 39 374 200 499 260 288 399 603 676 231
? 14 112 557 578 80 366 546 166 343 600 648 406 441 592 71
? 14 117 781 192 629 252 758 46 97 786 204 648 140 441 466
? 14 125 299 415 399 676 320 440 52 108 316 585 723 104 288
? 14 126 211 380 63 502 148 8 82 612 280 314 213 762 129
? 14 153 606 425 486 33 690 550 346 183 23 549 643 4 713
? 14 175 677 474 279 777 190 182 564 186 621 152 229 482 347
? 14 179 536 749 724 693 335 264 143 522 497 123 248 473 403
? 14 193 748 464 618 733 243 407 367 721 75 133 779 680 665
? 14 195 468 522 490 427 269 547 383 404 724 143 416 420 18
? 14 225 173 317 300 727 493 142 116 635 385 666 471 12 421
? 14 234 230 515 361 372 772 410 707 591 210 541 330 695 457
? 14 241 498 580 579 392 577 721 291 107 115 433 711 586 213
? 14 263 2 478 752 547 416 490 563 18 195 468 522 269 427
? 14 293 459 275 621 773 652 371 510 638 777 450 778 608 36
? 14 301 302 360 272 452 368 475 214 104 686 320 616 676 744
? 14 303 413 454 731 499 603 39 345 630 628 200 411 165 567
? 14 311 719 439 171 423 273 66 81 376 216 43 746 641 321
? 14 313 197 287 297 204 465 304 235 252 140 466 467 284 309
? 14 322 90 286 5 71 736 296 540 443 505 289 657 584 592
? 14 325 589 181 257 437 121 278 233 308 412 180 183 346 614
? 14 351 571 634 593 481 445 73 696 741 328 618 534 139 156
? 14 365 561 161 794 513 627 595 363 769 298 261 202 101 759
? 14 390 751 576 527 624 155 168 759 1 306 391 318 261 285
? 14 434 160 146 359 555 470 560 702 114 463 92 44 59 538
? 14 488 184 697 793 685 799 246 699 276 528 389 509 458 87
? 14 501 256 545 29 552 158 76 295 135 568 40 656 91 35
? 14 503 689 700 558 517 15 20 95 278 233 121 415 440 671
? 14 507 232 144 653 408 541 707 254 0 789 100 419 591 131
? 14 537 106 281 271 371 348 450 652 220 459 608 638 784 431
? 14 566 196 792 27 720 169 98 535 332 113 514 476 145 668
? 14 575 163 22 362 686 602 550 214 33 57 796 272 452 302
? 14 611 745 393 268 377 124 645 282 469 760 267 247 206 185
? 14 633 316 55 326 399 349 710 763 319 626 554 108 341 678
? 14 642 352 357 569 176 654 431 518 228 664 34 543 132 348
? 14 681 250 418 754 199 562 159 660 424 224 609 219 205 94
? 14 703 570 729 479 496 601 544 758 587 786 65 716 244 187
? 14 766 40 529 565 726 77 545 784 693 501 335 403 271 638
? 14 797 636 713 308 180 85 412 614 437 26 774 240 239 712
? 14 3 615 519 201 429 560 743 114 359 397 692 688 764 722
? 14 7 732 76 285 391 168 545 29 306 256 576 751 527 40
? 14 9 331 760 377 282 645 632 646 247 573 206 469 393 745
? 14 10 534 787 283 328 584 156 443 657 705 324 103 482 296
? 14 11 740 219 44 94 754 771 405 224 199 388 381 205 508
? 14 13 339 270 253 790 625 640 46 755 97 430 789 629 192
? 14 19 620 767 178 50 520 350 262 521 718 209 616 562 418
? 14 21 150 309 338 134 235 226 307 162 304 406 93 600 287
? 14 28 483 68 762 145 612 58 476 514 82 98 129 433 792
? 14 37 149 231 260 757 374 603 628 763 411 39 455 102 691
? 14 45 525 48 651 364 756 637 737 768 31 662 674 268 613
? 14 49 524 597 327 258 694 462 675 480 215 753 222 417 770
? 14 51 60 72 663 528 67 137 358 432 217 697 398 699 793
? 14 62 84 678 626 710 154 349 533 671 294 554 319 20 95
? 14 64 765 61 373 747 783 461 735 14 712 239 354 240 386
? 14 70 139 207 73 739 38 481 722 688 456 593 634 692 588
? 14 74 237 672 661 141 172 212 687 637 737 194 414 206 651
? 14 79 451 511 105 442 379 203 458 768 701 369 31 791 613
? 14 83 227 590 336 138 157 523 259 422 485 704 355 457 41
? 14 89 86 414 484 370 172 647 17 504 684 531 242 16 672
? 14 99 500 494 127 798 428 147 119 573 632 489 218 646 247
? 14 112 557 578 80 366 546 166 343 600 648 406 441 592 71
? 14 117 781 192 629 252 758 46 97 786 204 648 140 441 466
? 14 118 728 680 649 243 407 113 733 665 619 342 742 294 174
? 14 122 741 665 696 395 290 659 788 785 728 618 556 243 447
? 14 151 446 208 177 186 333 474 677 1 777 435 155 6 624
? 14 167 734 599 480 245 258 667 419 0 516 254 639 327 553
? 14 170 607 344 449 667 384 553 409 430 639 595 245 755 453
? 14 175 677 474 279 777 190 182 564 186 621 152 229 482 347
? 14 179 536 749 724 693 335 264 143 522 497 123 248 473 403
? 14 188 460 567 255 617 334 555 764 731 345 388 776 560 631
? 14 198 472 623 650 583 448 635 54 516 493 770 670 300 385
? 14 221 4 549 669 690 23 713 636 774 26 425 486 797 606
? 14 234 230 515 361 372 772 410 707 591 210 541 330 695 457
? 14 249 506 24 683 41 210 410 746 330 157 216 138 772 515
? 14 263 2 478 752 547 416 490 563 18 195 468 522 269 427
? 14 265 477 289 505 592 572 343 540 298 794 202 409 71 80
? 14 292 598 531 504 110 673 244 88 242 266 86 485 684 587
? 14 293 459 275 621 773 652 371 510 638 777 450 778 608 36
? 14 301 302 360 272 452 368 475 214 104 686 320 616 676 744
? 14 303 413 454 731 499 603 39 345 630 628 200 411 165 567
? 14 305 473 248 264 335 497 53 106 281 693 77 271 383 536
? 14 311 719 439 171 423 273 66 81 376 216 43 746 641 321
? 14 313 197 287 297 204 465 304 235 252 140 466 467 284 309
? 14 314 42 213 280 8 148 579 495 211 63 559 380 580 433
? 14 340 224 199 262 47 718 521 94 562 323 520 219 418 754
? 14 351 571 634 593 481 445 73 696 741 328 618 534 139 156
? 14 353 445 788 785 447 691 659 426 761 556 102 593 395 634
? 14 356 93 92 162 226 114 59 307 134 538 397 150 338 3
? 14 387 591 599 408 327 258 480 232 734 215 597 707 524 675
? 14 400 709 568 403 123 749 501 693 536 158 179 40 766 545
? 14 434 160 146 359 555 470 560 702 114 463 92 44 59 538
? 14 503 689 700 558 517 15 20 95 278 233 121 415 440 671
? 14 542 594 526 185 56 487 124 267 574 310 605 750 315 96
? 14 548 315 67 663 96 605 594 574 137 487 56 542 750 310
? 14 566 196 792 27 720 169 98 535 332 113 514 476 145 668
? 14 575 163 22 362 686 602 550 214 33 57 796 272 452 302
? 14 596 338 379 203 307 538 539 59 150 162 512 235 492 369
? 14 604 682 705 103 482 152 324 283 182 347 564 328 279 787
? 14 611 745 393 268 377 124 645 282 469 760 267 247 206 185
? 14 622 236 444 394 222 730 694 417 191 532 111 795 329 770
? 14 633 316 55 326 399 349 710 763 319 626 554 108 341 678
? 14 642 352 357 569 176 654 431 518 228 664 34 543 132 348
? 14 644 30 229 190 736 564 296 324 6 363 443 435 482 584
? 14 655 251 782 312 378 131 337 725 422 523 100 653 144 457
? 14 703 570 729 479 496 601 544 758 587 786 65 716 244 187
? 14 715 398 424 217 72 660 418 609 432 767 178 562 60 250
? 14 775 35 656 91 135 295 421 552 158 142 116 29 256 727
? 14 780 588 600 5 71 557 80 207 322 134 112 38 546 397
? 14 7 732 76 285 391 168 545 29 306 256 576 751 527 40
? 14 9 331 760 377 282 645 632 646 247 573 206 469 393 745
? 14 11 740 219 44 94 754 771 405 224 199 388 381 205 508
? 14 12 69 582 698 317 471 385 173 318 274 666 306 109 727
? 14 13 339 270 253 790 625 640 46 755 97 430 789 629 192
? 14 19 620 767 178 50 520 350 262 521 718 209 616 562 418
? 14 21 150 309 338 134 235 226 307 162 304 406 93 600 287
? 14 25 462 706 753 675 238 532 215 717 597 524 222 730 695
? 14 32 223 456 761 426 631 739 764 102 722 334 455 429 617
? 14 48 364 525 31 768 45 756 791 651 120 662 551 105 613
? 14 62 84 678 626 710 154 349 533 671 294 554 319 20 95
? 14 64 765 61 373 747 783 461 735 14 712 239 354 240 386
? 14 70 139 207 73 739 38 481 722 688 456 593 634 692 588
? 14 83 227 590 336 138 157 523 259 422 485 704 355 457 41
? 14 99 500 494 127 798 428 147 119 573 632 489 218 646 247
? 14 101 581 708 769 595 436 274 401 453 109 561 582 384 759
? 14 117 781 192 629 252 758 46 97 786 204 648 140 441 466
? 14 126 211 380 63 502 148 8 82 612 280 314 213 762 129
? 14 133 738 535 367 277 733 107 711 407 586 680 748 115 243
? 14 153 606 425 486 33 690 550 346 183 23 549 643 4 713
? 14 175 677 474 279 777 190 182 564 186 621 152 229 482 347
? 14 198 472 623 650 583 448 635 54 516 493 770 670 300 385
? 14 208 177 446 151 333 186 1 155 624 435 576 751 285 6
? 14 234 230 515 361 372 772 410 707 591 210 541 330 695 457
? 14 263 2 478 752 547 416 490 563 18 195 468 522 269 427
? 14 293 459 275 621 773 652 371 510 638 777 450 778 608 36
? 14 299 125 676 415 320 399 104 440 288 368 52 57 585 108
? 14 301 302 360 272 452 368 475 214 104 686 320 616 676 744
? 14 303 413 454 731 499 603 39 345 630 628 200 411 165 567
? 14 305 473 248 264 335 497 53 106 281 693 77 271 383 536
? 14 311 719 439 171 423 273 66 81 376 216 43 746 641 321
? 14 313 197 287 297 204 465 304 235 252 140 466 467 284 309
? 14 325 589 181 257 437 121 278 233 308 412 180 183 346 614
? 14 342 619 742 174 113 27 668 649 169 720 533 136 154 118
? 14 351 571 634 593 481 445 73 696 741 328 618 534 139 156
? 14 374 260 231 37 149 411 39 603 757 628 108 763 585 303
? 14 382 647 16 17 187 370 484 194 756 65 651 414 120 130
? 14 434 160 146 359 555 470 560 702 114 463 92 44 59 538
? 14 438 530 323 47 375 402 744 630 165 718 521 340 396 94
? 14 442 511 701 79 87 451 276 128 458 463 491 203 105 799
? 14 488 184 697 793 685 799 246 699 276 528 389 509 458 87
? 14 503 689 700 558 517 15 20 95 278 233 121 415 440 671
? 14 506 683 249 210 41 410 24 330 746 157 515 772 230 138
? 14 507 232 144 653 408 541 707 254 0 789 100 419 591 131
? 14 519 201 429 615 3 743 692 688 722 397 764 38 560 456
? 14 566 196 792 27 720 169 98 535 332 113 514 476 145 668
? 14 575 163 22 362 686 602 550 214 33 57 796 272 452 302
? 14 611 745 393 268 377 124 645 282 469 760 267 247 206 185
? 14 633 316 55 326 399 349 710 763 319 626 554 108 341 678
? 14 642 352 357 569 176 654 431 518 228 664 34 543 132 348
? 14 655 251 782 312 378 131 337 725 422 523 100 653 144 457
? 14 658 776 405 345 454 388 402 630 731 771 567 530 375 44
? 14 673 88 485 266 259 598 110 292 704 355 504 684 531 336
? 14 679 508 381 491 128 740 205 87 463 701 146 44 11 276
? 14 681 250 418 754 199 562 159 660 424 224 609 219 205 94
? 14 703 570 729 479 496 601 544 758 587 786 65 716 244 187
? 14 723 52 440 643 796 517 415 57 278 602 558 689 181 503
? 14 775 35 656 91 135 295 421 552 158 142 116 29 256 727
? 14 797 636 713 308 180 85 412 614 437 26 774 240 239 712
? 14 7 732 76 285 391 168 545 29 306 256 576 751 527 40
? 14 9 331 760 377 282 645 632 646 247 573 206 469 393 745
? 14 10 534 787 283 328 584 156 443 657 705 324 103 482 296
? 14 12 69 582 698 317 471 385 173 318 274 666 306 109 727
? 14 13 339 270 253 790 625 640 46 755 97 430 789 629 192
? 14 19 620 767 178 50 520 350 262 521 718 209 616 562 418
? 14 21 150 309 338 134 235 226 307 162 304 406 93 600 287
? 14 28 483 68 762 145 612 58 476 514 82 98 129 433 792
? 14 42 314 280 213 148 495 579 559 8 291 34 580 211 63
? 14 48 364 525 31 768 45 756 791 651 120 662 551 105 613
? 14 49 524 597 327 258 694 462 675 480 215 753 222 417 770
? 14 51 60 72 663 528 67 137 358 432 217 697 398 699 793
? 14 62 84 678 626 710 154 349 533 671 294 554 319 20 95
? 14 64 765 61 373 747 783 461 735 14 712 239 354 240 386
? 14 70 139 207 73 739 38 481 722 688 456 593 634 692 588
? 14 74 237 672 661 141 172 212 687 637 737 194 414 206 651
? 14 83 227 590 336 138 157 523 259 422 485 704 355 457 41
? 14 89 86 414 484 370 172 647 17 504 684 531 242 16 672
? 14 99 500 494 127 798 428 147 119 573 632 489 218 646 247
? 14 101 581 708 769 595 436 274 401 453 109 561 582 384 759
? 14 111 795 191 770 417 448 583 694 300 444 493 394 472 236
? 14 112 557 578 80 366 546 166 343 600 648 406 441 592 71
? 14 117 781 192 629 252 758 46 97 786 204 648 140 441 466
? 14 122 741 665 696 395 290 659 788 785 728 618 556 243 447
? 14 164 189 467 284 465 539 466 130 140 197 204 313 287 601
? 14 167 734 599 480 245 258 667 419 0 516 254 639 327 553
? 14 170 607 344 449 667 384 553 409 430 639 595 245 755 453
? 14 175 677 474 279 777 190 182 564 186 621 152 229 482 347
? 14 179 536 749 724 693 335 264 143 522 497 123 248 473 403
? 14 188 460 567 255 617 334 555 764 731 345 388 776 560 631
? 14 193 748 464 618 733 243 407 367 721 75 133 779 680 665
? 14 198 472 623 650 583 448 635 54 516 493 770 670 300 385
? 14 208 177 446 151 333 186 1 155 624 435 576 751 285 6
? 14 221 4 549 669 690 23 713 636 774 26 425 486 797 606
? 14 225 173 317 300 727 493 142 116 635 385 666 471 12 421
? 14 234 230 515 361 372 772 410 707 591 210 541 330 695 457
? 14 241 498 580 579 392 577 721 291 107 115 433 711 586 213
? 14 263 2 478 752 547 416 490 563 18 195 468 522 269 427
? 14 265 477 289 505 592 572 343 540 298 794 202 409 71 80
? 14 277 514 476 711 586 115 738 792 58 483 98 68 133 145
? 14 286 90 443 296 657 584 322 736 156 5 10 73 534 481
? 14 293 459 275 621 773 652 371 510 638 777 450 778 608 36
? 14 299 125 676 415 320 399 104 440 288 368 52 57 585 108
? 14 301 302 360 272 452 368 475 214 104 686 320 616 676 744
? 14 305 473 248 264 335 497 53 106 281 693 77 271 383 536
? 14 311 719 439 171 423 273 66 81 376 216 43 746 641 321
? 14 342 619 742 174 113 27 668 649 169 720 533 136 154 118
? 14 351 571 634 593 481 445 73 696 741 328 618 534 139 156
? 14 353 445 788 785 447 691 659 426 761 556 102 593 395 634
? 14 356 93 92 162 226 114 59 307 134 538 397 150 338 3
? 14 363 627 513 161 6 365 202 298 261 435 572 794 644 561
? 14 387 591 599 408 327 258 480 232 734 215 597 707 524 675
? 14 390 751 576 527 624 155 168 759 1 306 391 318 261 285
? 14 400 709 568 403 123 749 501 693 536 158 179 40 766 545
? 14 420 132 543 269 404 383 427 431 468 53 18 281 497 195
? 14 434 160 146 359 555 470 560 702 114 463 92 44 59 538
? 14 442 511 701 79 87 451 276 128 458 463 491 203 105 799
? 14 502 664 228 148 518 126 34 280 654 495 352 42 314 211
? 14 506 683 249 210 41 410 24 330 746 157 515 772 230 138
? 14 509 310 574 605 137 699 526 67 594 542 528 124 697 315
? 14 512 492 369 551 539 791 120 379 105 31 164 189 596 130
? 14 519 201 429 615 3 743 692 688 722 397 764 38 560 456
? 14 537 106 281 271 371 348 450 652 220 459 608 638 784 431
? 14 548 315 67 663 96 605 594 574 137 487 56 542 750 310
? 14 565 529 766 726 77 40 784 638 271 208 151 177 446 545
? 14 566 196 792 27 720 169 98 535 332 113 514 476 145 668
? 14 575 163 22 362 686 602 550 214 33 57 796 272 452 302
? 14 604 682 705 103 482 152 324 283 182 347 564 328 279 787
? 14 611 745 393 268 377 124 645 282 469 760 267 247 206 185
? 14 622 236 444 394 222 730 694 417 191 532 111 795 329 770
? 14 633 316 55 326 399 349 710 763 319 626 554 108 341 678
? 14 642 352 357 569 176 654 431 518 228 664 34 543 132 348
? 14 655 251 782 312 378 131 337 725 422 523 100 653 144 457
? 14 703 570 729 479 496 601 544 758 587 786 65 716 244 187
? 14 714 386 783 671 136 354 533 15 95 154 61 20 765 678
? 14 715 398 424 217 72 660 418 609 432 767 178 562 60 250
? 14 775 35 656 91 135 295 421 552 158 142 116 29 256 727
? 14 780 588 600 5 71 557 80 207 322 134 112 38 546 397
? 14 7 732 76 285 391 168 545 29 306 256 576 751 527 40
? 14 9 331 760 377 282 645 632 646 247 573 206 469 393 745
? 14 13 339 270 253 790 625 640 46 755 97 430 789 629 192
? 14 19 620 767 178 50 520 350 262 521 718 209 616 562 418
? 14 21 150 309 338 134 235 226 307 162 304 406 93 600 287
? 14 48 364 525 31 768 45 756 791 651 120 662 551 105 613
? 14 62 84 678 626 710 154 349 533 671 294 554 319 20 95
? 14 64 765 61 373 747 783 461 735 14 712 239 354 240 386
? 14 70 139 207 73 739 38 481 722 688 456 593 634 692 588
? 14 78 200 499 396 585 165 288 413 108 411 320 39 676 375
? 14 83 227 590 336 138 157 523 259 422 485 704 355 457 41
? 14 99 500 494 127 798 428 147 119 573 632 489 218 646 247
? 14 101 581 708 769 595 436 274 401 453 109 561 582 384 759
? 14 117 781 192 629 252 758 46 97 786 204 648 140 441 466
? 14 129 82 612 762 28 380 63 211 68 483 145 8 126 58
? 14 153 606 425 486 33 690 550 346 183 23 549 643 4 713
? 14 175 677 474 279 777 190 182 564 186 621 152 229 482 347
? 14 198 472 623 650 583 448 635 54 516 493 770 670 300 385
? 14 234 230 515 361 372 772 410 707 591 210 541 330 695 457
? 14 238 695 25 753 706 675 641 215 462 717 532 43 372 772
? 14 263 2 478 752 547 416 490 563 18 195 468 522 269 427
? 14 293 459 275 621 773 652 371 510 638 777 450 778 608 36
? 14 299 125 676 415 320 399 104 440 288 368 52 57 585 108
? 14 301 302 360 272 452 368 475 214 104 686 320 616 676 744
? 14 303 413 454 731 499 603 39 345 630 628 200 411 165 567
? 14 305 473 248 264 335 497 53 106 281 693 77 271 383 536
? 14 311 719 439 171 423 273 66 81 376 216 43 746 641 321
? 14 313 197 287 297 204 465 304 235 252 140 466 467 284 309
? 14 325 589 181 257 437 121 278 233 308 412 180 183 346 614
? 14 342 619 742 174 113 27 668 649 169 720 533 136 154 118
? 14 351 571 634 593 481 445 73 696 741 328 618 534 139 156
? 14 365 561 161 794 513 627 595 363 769 298 261 202 101 759
? 14 374 260 231 37 149 411 39 603 757 628 108 763 585 303
? 14 420 132 543 269 404 383 427 431 468 53 18 281 497 195
? 14 434 160 146 359 555 470 560 702 114 463 92 44 59 538
? 14 442 511 701 79 87 451 276 128 458 463 491 203 105 799
? 14 488 184 697 793 685 799 246 699 276 528 389 509 458 87
? 14 503 689 700 558 517 15 20 95 278 233 121 415 440 671
? 14 505 592 477 265 289 343 71 540 80 572 322 202 298 409
? 14 506 683 249 210 41 410 24 330 746 157 515 772 230 138
!
661 
642 
180 183 346 589 606 
183 606
183 346
589 183
589 180
413 
24 66 506 746 
746 66
24 746
506 24
14 26 85 240 549 712 735 774 797 
774 549
26 774
712 26
240 85
14 240
712 14
735 712
797 735
120 369 492 512 551 
551 120
512 551
492 369
512 492
123 168 400 403 545 709 
545 168
403 545
123 400
709 123
403 709
395 
253 
122 243 290 407 728 733 738 
728 122
290 728
243 290
733 243
407 733
738 407
2 263 
263 2
146 
786 
195 490 
195 490
419 480 734 
480 419
734 480
58 68 98 107 115 145 392 433 476 514 566 579 580 792 
433 580
58 433
476 58
145 68
98 566
514 98
792 514
145 792
476 145
115 476
392 115
107 392
579 107
78 104 320 368 375 676 
368 104
676 368
320 676
78 320
375 78
28 82 277 483 762 
762 82
28 762
483 28
483 277
13 755 
755 13
659 
632 
87 159 389 488 
389 159
488 389
488 87
52 153 723 
52 153
723 52
10 30 328 443 584 657 736 
584 328
584 657
443 584
443 10
736 443
736 30
164 197 313 465 
197 313
465 197
465 164
502 
3 201 223 434 456 555 560 615 688 692 722 743 764 
560 434
560 555
615 560
688 615
722 688
743 722
201 743
201 3
764 201
764 692
764 456
223 764
324 705 
705 324
548 574 
548 574
231 260 374 757 
260 231
757 260
374 757
154 174 342 533 649 742 
533 154
742 533
742 174
649 742
342 649
377 
232 372 387 597 695 772 
372 772
695 372
597 695
387 597
232 387
436 471 
436 471
19 50 178 418 520 620 681 767 
520 19
620 520
178 620
418 50
178 767
418 178
681 418
4 486 690 
690 486
690 4
5 38 70 73 139 207 286 351 353 445 481 556 593 634 665 696 741 785 
556 741
785 556
785 665
353 785
445 353
634 207
634 70
634 351
634 445
696 634
73 696
481 139
593 481
73 593
38 73
5 38
286 5
269 404 
404 269
236 444 622 
444 236
622 444
125 299 415 503 
415 125
415 503
299 415
118 
287 304 
287 304
57 
261 624 
261 624
245 344 516 
344 245
516 344
744 
428 494 500 
428 500
494 428
111 300 394 472 795 
300 472
394 300
795 111
394 795
45 105 364 525 613 662 674 
364 105
364 45
525 364
525 613
662 525
674 662
41 249 
249 41
165 200 303 345 454 567 658 
454 200
345 454
345 165
567 303
345 567
658 345
101 298 561 595 627 759 769 
595 769
561 595
759 101
561 759
298 561
627 298
648 
250 
86 292 504 531 
292 504
86 531
292 86
191 198 
198 191
77 229 459 474 537 638 777 784 
638 77
459 638
474 229
777 474
459 777
784 459
537 784
15 20 181 257 278 437 440 517 558 610 614 689 700 
700 20
689 700
689 15
517 440
558 517
689 558
278 689
257 278
181 257
437 181
614 437
610 614
282 489 573 
573 282
489 573
218 
141 331 
141 331
1 285 390 527 576 
576 527
285 576
1 285
390 1
89 242 
89 242
230 234 330 683 
330 230
330 683
234 330
138 
21 134 
21 134
46 
40 208 248 335 529 766 
335 248
529 335
766 529
40 766
208 40
32 255 334 460 617 739 
334 739
460 334
617 460
617 255
32 617
8 
239 308 783 
239 783
308 239
71 80 161 166 202 265 289 322 343 363 513 540 588 592 644 794 
71 322
71 166
71 588
71 592
540 71
343 540
343 80
265 343
289 265
202 289
202 794
513 202
161 513
363 161
644 363
56 96 127 147 247 267 594 745 750 
147 127
247 147
247 745
267 247
96 267
96 56
96 594
750 96
27 680 
680 27
16 17 244 370 484 587 647 
370 647
17 484
17 370
16 17
244 16
587 244
142 
23 221 425 669 
23 669
425 23
221 425
11 60 432 660 715 740 
60 715
432 60
660 432
740 660
11 740
482 618 
618 482
220 293 348 
220 348
293 220
35 135 158 
158 35
135 158
271 565 
565 271
102 426 691 761 788 
102 426
761 691
102 761
788 102
720 
203 451 756 768 
768 756
203 768
203 451
129 133 193 612 
129 612
133 129
193 133
361 410 
361 410
94 188 388 731 776 
388 731
388 94
776 388
776 188
62 84 294 
294 84
62 294
383 
44 219 340 359 402 405 530 771 
405 219
44 359
44 771
405 44
402 405
530 340
530 402
143 179 693 749 
693 749
143 693
179 143
12 317 727 
727 317
12 727
170 384 409 581 
384 409
384 581
170 384
297 
9 393 469 
469 393
9 469
316 678 
316 678
212 458 637 651 791 799 
458 791
212 651
637 212
458 637
799 458
167 258 327 599 
327 258
599 327
167 599
33 214 550 643 796 
550 214
33 796
550 33
643 550
189 284 
189 284
72 217 310 315 358 487 526 663 
217 72
358 217
663 358
310 663
487 315
310 487
526 310
83 88 110 157 259 266 336 485 598 673 684 704 
110 684
673 110
673 259
88 673
266 88
704 266
157 83
485 157
336 485
704 336
598 704
7 29 732 
732 29
7 732
151 177 333 446 
177 446
333 177
151 333
112 366 546 578 
546 366
578 546
112 578
100 131 355 408 457 507 541 707 
100 408
707 100
457 355
707 457
707 131
707 541
507 707
264 536 724 
724 264
724 536
160 
64 373 
64 373
116 173 421 775 
116 173
421 116
775 421
53 497 
53 497
222 225 417 448 493 583 635 770 
770 493
770 222
770 417
448 770
583 448
635 583
225 635
59 92 114 162 235 307 309 338 356 467 539 596 
114 59
92 114
356 92
162 356
162 307
338 162
235 338
309 235
467 309
539 467
596 539
152 
36 241 275 371 450 510 577 608 621 652 773 778 
621 510
450 621
778 450
608 773
608 652
36 608
371 36
275 371
778 275
241 778
577 241
55 326 341 399 633 
326 341
399 326
55 399
633 55
719 
470 685 702 
702 470
685 702
716 
479 496 544 570 703 729 
570 496
544 570
729 544
729 479
703 729
132 228 664 
228 132
664 228
18 468 563 
468 18
563 468
625 
227 251 312 378 422 523 590 725 782 
378 312
251 378
422 251
782 422
523 782
523 227
523 590
725 523
74 172 194 237 414 672 687 737 
74 687
672 74
414 672
414 172
237 414
194 237
194 737
49 524 694 
524 694
524 49
81 238 321 730 
81 321
238 81
730 238
192 
441 781 
781 441
713 
447 
323 
686 
515 591 
591 515
176 281 352 357 420 431 518 543 569 654 
431 281
176 569
357 176
654 518
352 654
357 352
543 357
543 431
420 543
69 318 623 650 666 698 
623 650
698 623
318 666
69 318
698 69
305 473 522 726 
473 522
473 305
726 473
367 464 498 586 711 721 748 
464 748
711 586
367 711
498 367
721 498
464 721
449 
51 137 398 424 609 
51 137
398 51
424 398
609 424
144 337 653 655 
337 144
653 337
655 653
429 519 631 
429 631
519 429
401 582 
582 401
43 171 216 641 
171 216
43 171
641 43
99 798 
99 798
534 
95 671 
671 95
76 91 256 295 306 391 501 552 568 656 751 
391 306
76 391
751 76
256 751
295 656
91 295
552 91
256 552
568 256
568 501
47 262 272 301 302 360 396 452 475 521 562 602 616 718 
718 47
562 718
262 562
616 262
616 521
475 616
360 475
452 602
272 452
302 301
302 272
360 302
396 360
210 
106 435 
435 106
34 42 63 126 148 211 280 314 380 495 559 
148 34
314 42
380 63
211 380
280 211
280 314
148 126
148 495
280 148
559 280
477 505 572 
477 505
477 572
119 
48 382 
382 48
206 611 645 646 
206 646
206 645
611 206
155 365 
365 155
325 
273 423 
273 423
760 
22 163 362 575 
163 362
22 163
575 22
25 215 329 462 532 675 706 717 753 
706 215
675 706
462 675
753 462
25 753
532 25
532 329
717 532
600 
108 
226 397 
226 397
79 128 184 199 205 224 246 276 381 463 491 508 509 511 528 679 697 699 701 754 793 
754 224
205 754
381 205
381 199
381 508
128 381
128 463
128 491
701 128
276 701
511 79
276 511
246 276
184 246
793 509
528 793
699 528
697 699
184 697
679 184
54 109 274 385 670 708 
385 109
274 708
385 274
54 385
670 54
254 453 553 607 667 
667 254
553 667
607 553
607 453
121 233 412 636 
233 121
412 636
412 233
113 136 169 332 354 386 619 668 714 
113 619
169 113
668 332
668 169
136 668
386 136
386 354
714 386
379 442 538 
379 442
379 538
196 535 
535 196
37 39 149 288 411 438 499 585 603 628 630 
37 149
603 37
603 628
411 603
585 288
411 585
499 39
411 499
630 411
438 630
31 124 185 268 542 
268 31
124 268
185 124
542 185
6 175 186 190 279 347 564 677 
677 347
564 677
190 564
279 190
186 175
186 279
6 186
90 156 296 571 
156 571
296 156
90 296
209 350 
350 209
213 291 
291 213
150 406 557 780 
406 150
557 406
780 557
0 270 639 640 789 790 
270 640
790 270
789 790
0 789
639 0
427 
75 103 182 283 604 682 779 787 
283 787
103 283
682 103
604 682
182 604
779 182
779 75
339 430 629 
430 629
339 430
311 376 439 
311 439
311 376
416 478 547 752 
547 416
478 547
752 478
93 
97 
65 117 130 140 187 204 252 466 601 758 
252 204
140 252
140 466
758 140
758 117
601 758
65 601
187 65
130 187
319 349 455 554 626 710 763 
626 554
710 626
710 349
319 710
763 319
455 763
61 461 747 765 
765 461
61 765
747 61
67 605 
67 605
