? 3 0 788 101
? 3 1 642 291
? 3 2 765 72
? 3 3 577 386
? 3 4 197 481
? 3 5 628 286
? 3 6 250 18
? 3 7 770 525
? 3 8 233 300
? 3 9 477 362
? 3 10 757 121
? 3 11 376 799
? 3 12 285 797
? 3 13 29 453
? 3 14 268 311
? 3 15 456 131
? 3 16 791 325
? 3 17 347 689
? 3 19 67 424
? 3 20 336 497
? 3 21 505 725
? 3 22 125 38
? 3 23 63 607
? 3 24 307 386
? 3 25 620 333
? 3 26 523 777
? 3 27 499 670
? 3 28 302 254
? 3 30 34 164
? 3 31 645 584
? 3 32 673 437
? 3 33 324 407
? 3 35 472 514
? 3 36 549 328
? 3 37 315 480
? 3 39 262 154
? 3 40 785 504
? 3 41 465 673
? 3 42 587 619
? 3 43 478 614
? 3 44 73 625
? 3 45 135 751
? 3 46 286 5
? 3 47 669 341
? 3 48 366 301
? 3 49 161 480
? 3 50 732 603
? 3 51 444 183
? 3 52 182 231
? 3 53 264 348
? 3 54 728 485
? 3 55 755 542
? 3 56 617 714
? 3 57 332 587
? 3 58 289 576
? 3 59 484 254
? 3 60 662 141
? 3 61 315 37
? 3 62 767 629
? 3 64 440 312
? 3 65 287 643
? 3 66 754 648
? 3 68 173 672
? 3 69 193 269
? 3 70 248 95
? 3 71 793 516
? 3 74 513 696
? 3 75 391 227
? 3 76 466 54
? 3 77 115 508
? 3 78 787 145
? 3 79 457 780
? 3 80 732 603
? 3 81 687 388
? 3 82 138 135
? 3 83 223 569
? 3 84 180 759
? 3 85 198 16
? 3 86 204 455
? 3 87 298 683
? 3 88 479 366
? 3 89 388 299
? 3 90 567 704
? 3 91 371 202
? 3 92 291 1
? 3 93 476 360
? 3 94 192 618
? 3 96 210 586
? 3 97 628 226
? 3 98 627 604
? 3 99 102 377
? 3 100 615 473
? 3 103 654 716
? 3 104 242 188
? 3 105 796 637
? 3 106 404 780
? 3 107 733 335
? 3 108 610 784
? 3 109 623 594
? 3 110 153 203
? 3 111 517 639
? 3 112 494 572
? 3 113 326 763
? 3 114 101 279
? 3 116 420 463
? 3 117 352 509
? 3 118 261 290
? 3 119 389 480
? 3 120 241 781
? 3 122 742 532
? 3 123 464 559
? 3 124 595 218
? 3 126 615 100
? 3 127 750 173
? 3 128 460 53
? 3 129 791 448
? 3 130 780 106
? 3 132 378 169
? 3 133 790 628
? 3 134 425 758
? 3 136 640 497
? 3 137 225 551
? 3 139 551 682
? 3 140 599 402
? 3 142 508 115
? 3 143 500 145
? 3 144 270 574
? 3 146 221 320
? 3 147 734 361
? 3 148 253 493
? 3 149 375 459
? 3 150 189 774
? 3 151 450 669
? 3 152 278 408
? 3 155 690 695
? 3 156 317 235
? 3 157 229 729
? 3 158 419 358
? 3 159 182 325
? 3 160 743 239
? 3 162 269 69
? 3 163 652 534
? 3 165 418 702
? 3 166 306 723
? 3 167 794 414
? 3 168 401 507
? 3 170 309 582
? 3 171 410 235
? 3 172 569 223
? 3 174 607 23
? 3 175 304 775
? 3 176 436 518
? 3 177 209 776
? 3 178 437 244
? 3 179 698 215
? 3 181 758 343
? 3 184 533 622
? 3 185 765 2
? 3 186 199 265
? 3 187 379 614
? 3 190 616 357
? 3 191 432 671
? 3 194 243 539
? 3 195 482 642
? 3 196 372 765
? 3 200 703 557
? 3 201 655 406
? 3 205 469 143
? 3 206 481 4
? 3 207 385 213
? 3 208 492 579
? 3 211 228 197
? 3 212 214 452
? 3 216 618 192
? 3 217 245 327
? 3 219 591 704
? 3 220 238 630
? 3 222 588 329
? 3 224 625 556
? 3 230 631 340
? 3 232 156 602
? 3 234 350 266
? 3 236 408 519
? 3 237 157 229
? 3 240 257 122
? 3 246 580 379
? 3 247 104 188
? 3 249 488 733
? 3 251 449 550
? 3 252 412 467
? 3 255 95 541
? 3 256 657 633
? 3 258 300 744
? 3 259 458 529
? 3 260 587 57
? 3 263 591 544
? 3 267 458 529
? 3 271 521 530
? 3 272 443 547
? 3 273 321 580
? 3 274 709 610
? 3 275 636 284
? 3 276 378 132
? 3 277 354 324
? 3 280 416 128
? 3 281 753 726
? 3 282 593 170
? 3 283 50 364
? 3 288 369 633
? 3 292 616 357
? 3 293 674 696
? 3 294 481 4
? 3 295 202 566
? 3 296 379 246
? 3 297 483 575
? 3 303 681 763
? 3 305 240 532
? 3 308 677 498
? 3 310 547 251
? 3 313 434 483
? 3 314 221 146
? 3 316 303 105
? 3 318 552 760
? 3 319 771 518
? 3 322 442 471
? 3 323 358 675
? 3 330 555 647
? 3 331 332 470
? 3 334 347 694
? 3 337 393 136
? 3 338 146 457
? 3 339 243 539
? 3 342 490 528
? 3 344 489 427
? 3 345 254 484
? 3 346 769 540
? 3 349 676 799
? 3 351 63 525
? 3 353 600 572
? 3 355 168 507
? 3 356 777 715
? 3 359 173 448
? 3 363 438 9
? 3 365 620 739
? 3 367 447 414
? 3 368 668 549
? 3 370 632 402
? 3 373 553 650
? 3 374 491 621
? 3 380 697 596
? 3 381 762 744
? 3 382 461 388
? 3 383 168 24
? 3 384 268 372
? 3 387 427 678
? 3 390 226 790
? 3 392 500 145
? 3 394 440 598
? 3 395 307 386
? 3 396 474 703
? 3 397 445 242
? 3 398 423 734
? 3 399 537 327
? 3 400 798 554
? 3 403 646 435
? 3 405 77 535
? 3 409 553 730
? 3 411 562 645
? 3 413 212 452
? 3 415 406 655
? 3 417 711 183
? 3 421 708 735
? 3 422 428 13
? 3 426 664 768
? 3 429 169 186
? 3 430 536 712
? 3 431 313 297
? 3 433 621 761
? 3 439 141 662
? 3 441 125 59
? 3 446 584 31
? 3 451 590 588
? 3 454 252 412
? 3 462 654 670
? 3 468 787 705
? 3 475 444 183
? 3 486 622 533
? 3 487 774 189
? 3 495 727 564
? 3 496 756 49
? 3 501 452 214
? 3 502 546 757
? 3 503 279 101
? 3 506 573 298
? 3 510 485 728
? 3 511 667 564
? 3 512 366 48
? 3 515 561 516
? 3 520 740 318
? 3 522 482 641
? 3 524 494 747
? 3 526 750 127
? 3 527 737 3
? 3 531 720 707
? 3 538 700 528
? 3 543 592 306
? 3 545 279 114
? 3 548 666 786
? 3 558 685 676
? 3 560 282 234
? 3 563 783 629
? 3 565 428 13
? 3 568 472 748
? 3 570 643 287
? 3 571 693 777
? 3 578 692 363
? 3 581 467 475
? 3 583 797 285
? 3 585 266 350
? 3 589 513 160
? 3 597 699 190
? 3 601 681 763
? 3 605 87 722
? 3 606 651 390
? 3 608 184 533
? 3 609 649 585
? 3 611 729 544
? 3 612 509 117
? 3 613 75 391
? 3 624 221 314
? 3 626 705 698
? 3 634 552 760
? 3 635 641 738
? 3 638 418 702
? 3 644 593 343
? 3 653 455 34
? 3 656 340 631
? 3 658 586 96
? 3 659 604 656
? 3 660 332 331
? 3 661 740 76
? 3 663 689 686
? 3 665 393 601
? 3 679 639 517
? 3 680 175 304
? 3 684 712 430
? 3 688 419 158
? 3 691 223 569
? 3 701 179 329
? 3 706 745 339
? 3 710 796 637
? 3 713 679 639
? 3 717 649 255
? 3 718 524 494
? 3 719 266 350
? 3 721 520 788
? 3 724 458 259
? 3 731 357 190
? 3 736 289 398
? 3 741 747 524
? 3 746 348 264
? 3 749 582 309
? 3 752 227 391
? 3 764 727 495
? 3 766 475 444
? 3 772 138 725
? 3 773 603 732
? 3 778 671 18
? 3 779 61 781
? 3 782 498 99
? 3 789 639 679
? 3 792 80 189
? 3 795 656 340
? 3 0 788 101
? 3 7 770 525
? 3 8 233 300
? 3 11 376 799
? 3 14 268 311
? 3 15 456 131
? 3 19 67 424
? 3 20 336 497
? 3 25 620 333
? 3 27 499 670
? 3 29 453 13
? 3 30 34 164
? 3 32 673 437
? 3 33 324 407
? 3 35 472 514
? 3 38 149 375
? 3 39 262 154
? 3 40 785 504
? 3 41 465 673
? 3 42 587 619
? 3 43 478 614
? 3 46 286 5
? 3 51 444 183
? 3 52 182 231
? 3 55 755 542
? 3 60 662 141
? 3 64 440 312
!
40 48 200 222 396 451 474 512 557 588 590 703 785 
40 785
590 40
451 590
588 451
222 588
200 222
512 48
557 512
474 396
703 474
703 557
703 200
7 167 367 414 447 794 
414 7
167 794
447 167
447 367
447 414
22 26 38 59 83 108 125 149 172 223 254 274 345 356 375 441 484 523 569 610 691 709 715 777 784 
149 375
38 149
22 38
125 22
441 125
59 441
484 59
254 484
345 254
274 345
569 691
569 172
223 569
83 223
274 83
610 274
108 784
610 108
709 610
715 709
356 715
26 523
777 26
777 356
41 376 465 
41 376
41 465
344 427 439 489 
344 439
344 427
489 344
132 186 199 265 378 429 
378 132
429 378
186 199
186 265
429 186
1 16 85 92 127 129 173 195 198 291 359 403 435 448 482 526 635 641 642 646 738 791 
198 85
16 198
791 16
129 791
448 129
359 448
173 359
127 173
526 127
646 526
403 435
646 403
92 646
92 1
291 92
642 291
482 642
738 635
641 738
482 641
482 195
19 53 124 218 264 348 595 746 
264 19
595 124
218 595
746 218
348 53
264 348
746 264
8 233 258 300 347 381 744 762 
8 347
762 381
744 762
300 258
233 8
300 233
744 300
44 77 405 535 625 
405 77
535 405
44 535
44 625
119 389 
119 389
663 
64 312 394 440 
440 394
440 312
440 64
17 334 365 620 686 689 694 739 
620 686
365 739
365 620
694 365
334 694
17 334
689 17
112 353 494 495 511 524 564 572 600 718 727 741 747 764 
718 511
495 764
564 727
564 495
718 564
718 524
494 718
353 600
572 353
494 572
494 112
747 494
747 741
75 227 391 548 613 666 786 
227 391
75 227
613 75
786 613
786 548
666 786
273 
23 174 351 525 607 770 
607 174
23 607
351 23
525 770
351 525
319 323 771 
319 323
319 771
111 517 713 726 789 
111 726
517 111
789 517
789 713
66 290 426 648 664 754 768 
768 290
648 66
648 754
426 648
768 426
664 768
3 24 307 383 386 395 527 577 737 
24 383
307 24
307 395
386 307
577 386
3 577
527 3
527 737
110 153 373 409 553 650 730 
153 110
730 153
730 409
553 730
650 553
650 373
33 324 407 
407 324
33 407
155 424 674 690 695 
690 424
695 674
155 690
695 155
9 56 362 363 438 477 596 617 714 
56 714
617 56
9 617
362 596
477 362
9 477
363 9
363 438
42 571 587 619 693 
587 42
619 587
693 619
693 571
69 117 162 193 245 269 352 509 612 
509 245
69 162
193 69
117 612
509 117
352 509
193 352
269 193
116 252 412 420 454 463 467 475 581 
581 475
463 581
116 420
463 116
467 463
454 412
252 454
252 467
11 752 
752 11
98 230 287 340 570 604 627 631 643 656 659 795 
287 570
287 643
230 287
631 230
659 631
340 795
98 627
604 98
659 604
656 659
656 340
205 275 284 636 657 707 720 
707 720
205 707
636 205
275 657
284 275
636 284
163 349 534 558 652 676 685 799 
163 799
534 652
163 534
558 163
558 685
676 558
676 349
609 649 
649 609
36 203 328 368 549 560 668 
328 203
368 560
368 668
549 368
36 328
549 36
28 
115 142 156 171 232 235 317 410 602 
142 115
410 142
171 410
317 171
232 156
602 232
317 602
235 317
169 598 
598 169
94 
67 96 210 586 658 
210 67
96 658
210 96
586 210
260 470 
470 260
60 141 662 
60 141
662 60
6 18 58 250 289 322 361 398 423 442 471 576 734 736 
6 18
250 6
442 250
322 442
471 322
576 471
58 576
289 58
736 289
398 736
423 398
734 423
734 361
13 422 428 565 
565 13
428 565
428 422
37 49 61 74 160 161 241 293 315 480 496 513 589 696 743 756 779 781 
696 293
513 696
513 74
589 513
743 589
781 779
496 756
49 496
49 161
480 49
37 480
315 37
61 315
781 61
781 241
743 781
160 743
79 106 130 146 207 213 221 256 288 314 320 338 385 404 457 624 633 780 
633 256
288 633
213 288
213 385
213 207
780 213
457 338
106 130
404 106
780 404
79 780
457 79
146 457
314 624
146 314
146 320
146 221
78 88 143 145 179 215 301 329 346 366 392 468 479 500 540 626 698 701 705 769 787 
701 329
179 701
215 179
698 215
705 698
705 626
468 705
787 468
78 787
145 78
500 143
145 500
392 145
346 392
540 346
540 769
88 540
479 88
366 479
366 301
224 
51 217 766 
766 217
51 766
2 14 20 72 105 113 136 196 268 303 311 316 326 336 337 372 393 497 601 640 665 681 763 765 
316 105
303 316
681 303
326 113
763 326
763 681
601 763
393 601
393 665
337 393
136 337
336 20
497 336
136 497
640 136
72 640
311 14
268 311
372 268
372 196
765 372
765 72
765 2
15 50 80 131 150 189 212 214 283 364 400 413 452 456 487 501 554 556 603 732 773 774 792 798 
501 556
452 501
452 214
212 452
413 212
456 413
456 15
131 456
283 131
364 283
554 364
554 400
798 554
50 798
774 487
189 150
189 774
80 189
80 792
773 80
773 603
732 773
732 50
12 176 285 436 518 583 661 721 797 
436 176
518 436
661 518
661 721
285 661
285 583
12 285
797 12
99 102 183 308 377 417 430 444 498 536 677 684 711 712 782 
183 444
417 183
417 711
677 417
308 677
498 308
782 498
102 782
712 684
536 712
536 430
377 536
102 377
99 102
330 445 
445 330
433 578 692 
692 433
692 578
168 355 401 507 
168 401
168 507
355 168
133 178 244 390 437 606 651 673 790 
437 673
244 437
178 244
651 178
651 606
390 651
790 390
790 133
148 253 415 493 
493 415
493 148
253 493
100 158 358 419 473 615 675 688 
615 473
100 615
675 100
419 688
158 419
358 158
675 358
55 234 266 309 350 582 585 719 749 755 
55 755
309 55
749 309
582 749
719 582
350 719
350 234
266 350
585 266
30 34 164 251 272 310 449 547 550 653 
34 653
34 164
30 34
310 30
547 310
547 272
251 547
449 251
550 449
459 508 667 
508 667
459 508
0 54 76 101 318 466 485 510 520 552 634 728 740 760 788 
101 0
788 101
520 788
760 634
552 760
318 552
520 318
740 520
54 740
485 728
485 510
54 485
76 54
76 466
750 
208 271 492 521 530 542 579 
208 579
271 208
492 542
530 492
530 521
530 271
31 107 152 236 249 278 335 408 446 488 519 584 645 733 
31 446
31 645
584 31
519 584
236 519
408 236
152 408
278 152
249 278
335 107
249 488
733 249
733 335
57 62 120 122 240 257 305 331 332 532 563 629 660 742 767 783 
332 57
332 331
660 332
305 660
767 120
305 240
532 305
62 532
563 783
629 563
767 629
62 767
122 62
122 257
122 742
29 453 759 
29 759
453 29
166 190 192 292 306 357 543 592 597 616 618 699 723 731 
192 618
616 192
592 543
306 592
306 723
306 166
699 306
597 699
190 597
731 190
616 292
357 616
731 357
302 397 
397 302
126 
52 109 159 182 191 231 325 432 594 623 671 753 778 
231 753
325 159
182 325
182 52
231 182
594 231
109 594
623 109
778 623
432 778
671 191
671 432
369 531 
531 369
71 277 354 515 516 561 793 
354 277
793 354
71 793
516 71
515 561
516 515
184 486 533 622 
622 486
184 622
184 533
341 370 
341 370
327 399 537 
327 537
399 327
91 202 295 371 374 380 491 566 621 697 761 
697 761
697 380
374 697
491 374
371 91
202 371
295 202
566 295
491 566
621 491
4 128 177 197 206 209 211 228 239 280 294 416 460 481 776 
128 460
280 128
416 280
209 416
776 239
177 209
776 177
294 776
481 294
481 206
4 481
228 211
197 228
4 197
21 45 82 90 135 138 505 567 638 702 704 725 751 772 
638 702
751 638
704 90
567 704
751 567
45 751
135 45
82 135
138 82
772 138
21 505
725 21
725 772
65 
147 608 
608 147
25 220 238 333 342 490 528 538 630 700 
333 25
238 333
220 238
630 220
528 630
342 538
528 700
342 490
528 342
555 647 
647 555
68 134 170 181 282 343 425 593 644 672 758 
672 68
425 672
425 134
758 425
343 758
343 181
644 343
593 644
593 170
593 282
47 140 151 402 450 599 632 669 
140 632
402 599
140 402
450 140
151 450
669 151
669 47
63 185 384 
384 63
185 384
522 605 722 
722 522
605 722
84 114 180 279 503 545 
180 84
503 180
279 545
279 503
279 114
35 472 514 568 748 
35 748
514 35
472 514
568 472
32 276 
276 32
27 39 103 154 262 462 469 499 504 654 670 716 
499 469
670 499
670 27
462 670
154 462
262 504
262 39
154 262
103 154
654 716
654 103
259 267 387 458 529 678 724 
678 387
529 678
724 259
458 724
458 267
458 529
157 219 229 237 263 544 591 611 639 679 729 
679 639
237 679
544 263
157 237
157 229
729 157
611 729
544 611
591 544
591 219
5 43 46 97 104 137 139 187 188 201 225 226 242 246 247 286 296 321 379 406 421 478 551 580 614 628 655 682 708 735 
655 406
201 655
421 201
708 735
421 708
188 421
188 247
242 188
242 104
682 242
551 139
551 682
225 551
225 137
296 225
246 296
580 321
246 580
379 246
187 379
614 187
614 43
478 614
226 478
226 97
286 46
286 5
628 286
628 226
10 70 81 89 95 121 123 144 248 255 270 382 388 461 464 502 541 546 559 574 687 757 
541 255
95 541
70 95
248 70
121 248
757 121
757 10
502 757
546 502
574 546
144 574
270 144
464 270
464 123
559 464
461 559
461 382
388 461
81 687
388 81
388 89
165 411 418 562 
418 411
562 165
418 562
216 299 
216 299
281 717 
717 281
73 93 118 261 
118 73
118 93
118 261
175 304 360 476 637 680 710 775 796 
476 360
680 476
710 637
796 710
775 796
175 680
175 304
775 175
86 87 194 204 243 297 298 313 339 431 434 443 455 483 506 539 573 575 683 706 745 
573 443
573 506
298 573
683 298
683 87
194 683
539 194
539 243
339 539
745 339
706 745
434 706
431 434
483 431
455 86
204 455
575 204
297 575
483 297
313 483
