? 7 0 123 464 756 548 112 489
? 7 1 420 791 282 768 629 630
? 7 2 516 730 409 688 203 90
? 7 3 561 177 439 63 679 528
? 7 4 128 483 651 281 136 367
? 7 5 318 45 479 114 278 188
? 7 6 248 369 183 538 630 768
? 7 7 55 657 514 559 576 580
? 7 8 354 46 110 777 324 787
? 7 9 697 652 674 299 724 487
? 7 10 661 192 193 725 726 168
? 7 11 415 180 293 339 56 506
? 7 12 540 438 308 103 701 226
? 7 13 622 656 379 207 584 186
? 7 14 660 759 611 678 596 659
? 7 15 357 169 720 209 186 377
? 7 16 232 761 457 24 42 53
? 7 17 290 145 395 79 70 642
? 7 18 440 455 556 594 103 356
? 7 19 481 419 210 534 211 509
? 7 20 718 75 675 332 301 710
? 7 21 233 629 457 53 245 1
? 7 22 116 429 781 296 259 453
? 7 23 783 280 706 727 637 550
? 7 25 492 175 333 586 137 640
? 7 26 308 57 796 349 786 12
? 7 27 343 505 65 587 798 424
? 7 28 575 562 632 698 553 518
? 7 29 321 390 240 424 538 587
? 7 30 738 364 93 545 568 243
? 7 31 112 712 536 179 469 396
? 7 32 305 506 743 381 56 501
? 7 33 201 224 428 560 204 378
? 7 34 752 474 714 468 716 551
? 7 35 89 277 482 87 778 246
? 7 36 70 628 427 227 465 503
? 7 37 247 689 482 389 449 181
? 7 38 571 501 509 727 105 289
? 7 39 517 380 266 680 288 231
? 7 40 323 650 300 203 370 456
? 7 41 627 453 781 634 42 245
? 7 43 217 311 644 276 461 671
? 7 44 212 208 400 447 393 176
? 7 47 122 588 641 58 494 59
? 7 48 491 702 739 142 74 114
? 7 49 55 244 576 691 7 672
? 7 50 243 98 368 594 93 545
? 7 51 484 466 394 574 668 742
? 7 52 408 448 676 458 583 229
? 7 54 572 696 792 346 325 748
? 7 60 337 582 435 426 221 157
? 7 61 64 635 179 469 403 712
? 7 62 417 215 211 722 790 339
? 7 66 674 67 68 146 251 780
? 7 69 117 558 789 382 767 85
? 7 71 257 535 73 797 741 462
? 7 72 507 445 467 519 686 732
? 7 76 723 23 372 763 305 706
? 7 77 476 663 235 205 91 270
? 7 78 728 794 83 81 132 403
? 7 80 274 306 383 633 640 432
? 7 82 614 332 273 294 486 191
? 7 84 153 510 775 81 132 256
? 7 86 598 121 504 664 530 582
? 7 88 442 520 499 590 711 265
? 7 92 785 134 75 745 315 252
? 7 94 216 155 646 213 336 747
? 7 95 736 142 486 739 273 491
? 7 96 421 198 374 502 312 412
? 7 97 150 195 155 709 434 646
? 7 99 757 297 716 764 143 241
? 7 100 165 382 589 85 682 493
? 7 101 731 618 262 144 645 642
? 7 102 667 362 253 776 236 98
? 7 104 770 695 333 25 137 154
? 7 106 219 423 553 173 118 575
? 7 107 584 147 414 379 320 13
? 7 108 375 749 335 410 471 463
? 7 109 570 197 288 624 680 688
? 7 111 692 199 292 793 463 373
? 7 113 475 578 573 31 141 694
? 7 115 178 470 347 91 250 418
? 7 119 358 636 717 608 690 349
? 7 120 105 289 338 419 38 509
? 7 124 543 698 632 518 562 28
? 7 125 461 311 546 621 283 593
? 7 126 585 699 260 648 747 638
? 7 127 221 426 435 60 337 355
? 7 129 557 581 788 200 459 340
? 7 130 377 249 90 209 720 409
? 7 131 275 799 742 394 574 466
? 7 133 360 328 545 364 532 754
? 7 135 425 607 765 600 771 615
? 7 138 583 480 279 434 220 602
? 7 139 352 237 374 190 793 312
? 7 140 228 753 524 347 250 579
? 7 148 404 779 231 353 744 599
? 7 149 673 405 602 220 563 229
? 7 151 739 273 498 491 614 5
? 7 152 187 181 449 689 350 389
? 7 156 422 493 291 682 589 764
? 7 158 171 669 413 533 433 795
? 7 159 521 272 361 460 527 512
? 7 160 655 223 157 530 170 508
? 7 161 230 539 407 385 670 654
? 7 162 472 751 388 654 351 385
? 7 163 191 431 206 294 134 75
? 7 164 49 244 703 450 467 576
? 7 166 24 733 761 232 386 16
? 7 167 547 263 737 647 664 605
? 7 172 488 623 380 744 353 542
? 7 174 229 510 563 735 309 673
? 7 182 677 514 657 559 593 555
? 7 184 355 192 193 661 726 10
? 7 185 249 130 620 377 90 599
? 7 189 477 256 606 704 524 153
? 7 194 218 497 595 626 746 444
? 7 196 786 57 617 526 796 26
? 7 202 296 207 429 693 707 456
? 7 214 523 234 754 597 532 565
? 7 222 639 643 645 436 63 262
? 7 225 625 284 58 701 47 513
? 7 238 330 744 331 542 454 384
? 7 239 613 500 455 568 626 243
? 7 242 402 695 154 690 665 104
? 7 254 765 607 590 771 499 265
? 7 255 755 772 773 784 259 22
? 7 258 443 329 110 473 609 715
? 7 261 268 418 317 708 45 278
? 7 264 758 365 684 453 610 295
? 7 267 384 567 406 326 454 331
? 7 269 687 767 653 789 512 558
? 7 271 522 362 726 234 236 193
? 7 285 795 180 158 171 415 669
? 7 286 372 373 463 410 692 292
? 7 287 319 334 740 708 317 451
? 7 298 344 490 348 383 535 274
? 7 302 536 396 662 475 325 346
? 7 303 579 441 250 524 347 753
? 7 304 592 644 671 217 276 313
? 7 307 729 700 320 147 551 716
? 7 310 430 554 691 705 244 672
? 7 314 168 725 661 10 223 655
? 7 316 787 354 617 636 196 8
? 7 322 391 485 681 58 284 692
? 7 327 662 748 325 346 302 483
? 7 341 276 542 677 555 182 623
? 7 342 766 462 797 544 502 312
? 7 345 633 387 274 383 175 586
? 7 359 525 356 253 556 103 776
? 7 363 611 74 142 659 702 678
? 7 366 485 226 284 413 681 701
? 7 371 577 616 566 79 321 395
? 7 376 513 608 446 717 665 349
? 7 392 719 619 246 624 350 197
? 7 397 495 604 367 694 573 529
? 7 398 683 173 28 698 575 124
? 7 399 552 498 190 471 374 749
? 7 401 528 561 177 183 369 3
? 7 411 763 681 433 723 533 372
? 7 416 446 641 494 665 513 376
? 7 437 450 467 507 445 72 519
? 7 452 176 400 393 212 44 208
? 7 478 486 301 710 736 675 332
? 7 496 444 777 595 541 564 734
? 7 511 713 407 251 670 66 388
? 7 515 715 685 609 517 313 592
? 7 531 53 348 1 457 629 21
? 7 537 473 87 778 277 35 258
? 7 549 603 459 615 340 135 788
? 7 569 668 216 150 155 195 51
? 7 591 114 188 585 126 48 74
? 7 601 503 204 428 427 378 628
? 7 612 780 790 146 67 68 19
? 7 631 597 523 565 184 214 355
? 7 649 749 614 206 431 498 552
? 7 658 735 309 510 51 484 606
? 7 666 387 59 588 352 47 494
? 7 721 63 784 772 643 222 143
? 7 750 769 227 628 427 465 36
? 7 760 315 745 762 550 338 785
? 7 774 279 220 434 480 602 405
? 7 782 350 152 203 187 449 181
? 7 14 660 759 611 678 596 659
? 7 20 718 75 675 332 301 710
? 7 27 343 505 65 587 798 424
? 7 30 738 364 93 545 568 243
? 7 37 247 689 482 389 449 181
? 7 41 627 453 781 634 42 245
? 7 43 217 311 644 276 461 671
? 7 46 324 8 671 541 313 110
? 7 61 64 635 179 469 403 712
? 7 77 476 663 235 205 91 270
? 7 80 274 306 383 633 640 432
? 7 89 35 482 277 87 778 247
? 7 96 421 198 374 502 312 412
? 7 100 165 382 589 85 682 493
? 7 111 692 199 292 793 463 373
? 7 118 560 378 33 428 201 423
? 7 122 588 47 58 793 199 391
? 7 129 557 581 788 200 459 340
? 7 131 275 799 742 394 574 466
? 7 138 583 480 279 434 220 602
? 7 144 262 618 101 731 436 642
? 7 174 229 510 563 735 309 673
? 7 185 249 130 620 377 90 599
? 7 240 424 390 538 587 29 505
? 7 252 785 745 315 92 760 75
? 7 257 73 535 71 797 462 741
? 7 263 605 647 167 547 737 351
? 7 283 546 703 519 125 621 580
? 7 299 487 652 724 9 67 674
? 7 310 430 554 691 705 244 672
? 7 318 45 5 188 114 268 278
? 7 319 287 334 740 708 451 317
? 7 322 391 485 681 58 284 692
? 7 326 406 567 384 267 331 454
? 7 328 133 360 368 532 754 98
? 7 329 258 609 715 719 443 685
? 7 335 410 108 375 706 280 463
? 7 336 213 646 659 711 596 678
? 7 357 15 169 409 720 209 130
? 7 370 456 300 693 295 610 650
? 7 386 306 432 166 640 761 80
? 7 398 683 173 28 698 575 124
? 7 399 552 498 190 471 374 749
? 7 414 186 107 656 13 584 15
? 7 420 1 791 768 282 630 629
? 7 441 489 579 250 470 235 303
? 7 447 208 44 705 672 691 212
? 7 448 458 676 52 408 229 563
? 7 452 176 400 393 212 44 208
? 7 468 752 422 34 156 682 764
? 7 472 162 751 388 654 251 385
? 7 474 34 714 752 468 551 716
? 7 479 412 278 5 45 198 502
? 7 497 746 194 218 626 595 444
? 7 500 239 613 568 243 93 738
? 7 508 170 655 223 160 230 215
? 7 515 715 685 609 517 313 592
? 7 520 442 88 711 499 590 213
? 7 526 196 617 786 564 57 218
? 7 527 512 159 521 687 460 269
? 7 529 136 141 578 281 694 573
? 7 534 210 419 509 481 19 571
? 7 539 161 230 407 670 385 654
? 7 540 12 438 103 308 701 226
? 7 543 124 698 632 518 562 767
? 7 544 312 237 766 421 342 352
? 7 548 464 0 403 123 794 83
? 7 566 616 371 577 369 321 528
? 7 570 109 197 288 680 624 688
? 7 598 664 86 167 547 737 121
? 7 600 771 425 765 607 254 265
? 7 601 503 204 428 427 378 628
? 7 603 549 615 459 340 252 788
? 7 604 397 495 367 694 573 77
? 7 612 780 790 146 67 68 19
? 7 622 13 207 379 584 656 693
? 7 637 550 280 783 762 706 23
? 7 651 395 128 4 483 290 79
? 7 653 789 269 687 767 558 69
? 7 686 734 621 546 461 283 125
? 7 696 572 54 792 396 325 346
? 7 697 9 674 652 299 66 251
? 7 700 307 729 320 147 716 551
? 7 713 511 670 251 407 388 385
? 7 722 211 339 62 210 534 417
? 7 732 445 507 72 437 568 30
? 7 733 166 247 37 24 389 689
? 7 743 506 32 305 381 534 56
? 7 757 99 297 716 241 143 700
? 7 758 365 264 295 453 610 707
? 7 769 465 750 227 628 36 427
? 7 774 279 220 434 480 602 405
? 7 775 132 84 153 510 81 256
? 7 779 148 404 353 231 744 238
? 7 3 561 177 439 63 679 528
? 7 6 248 369 183 538 630 768
? 7 7 55 657 514 559 576 580
? 7 11 415 180 293 339 56 506
? 7 14 660 759 611 678 596 659
? 7 17 290 145 395 79 70 642
? 7 18 440 455 556 594 103 356
? 7 20 718 75 675 332 301 710
? 7 25 492 175 333 586 137 640
? 7 27 343 505 65 587 798 424
? 7 39 517 380 266 680 288 231
? 7 41 627 453 781 634 42 245
? 7 43 217 311 644 276 461 671
? 7 61 64 635 179 469 403 712
? 7 78 728 794 83 81 132 403
? 7 94 216 155 646 213 336 747
? 7 96 421 198 374 502 312 412
? 7 100 165 382 589 85 682 493
? 7 106 219 423 553 173 118 575
? 7 111 692 199 292 793 463 373
? 7 117 69 558 382 85 682 589
? 7 119 358 636 717 608 690 349
? 7 129 557 581 788 200 459 340
? 7 131 275 799 742 394 574 466
? 7 134 92 163 745 191 294 762
? 7 138 583 480 279 434 220 602
? 7 139 352 237 374 190 793 312
? 7 140 228 753 524 347 250 579
? 7 149 673 405 602 220 563 229
? 7 151 739 273 498 491 614 5
? 7 164 49 244 703 450 467 576
? 7 174 229 510 563 735 309 673
? 7 178 470 250 347 115 91 753
? 7 182 677 514 657 559 593 555
? 7 185 249 130 620 377 90 599
? 7 189 477 256 606 704 524 153
? 7 201 224 33 428 204 145 503
? 7 202 296 207 429 693 707 456
? 7 205 270 663 334 317 77 476
? 7 221 426 127 60 435 337 355
? 7 233 21 629 457 245 53 768
? 7 240 424 390 538 587 29 505
? 7 255 755 772 773 784 259 22
? 7 257 73 535 71 797 462 741
? 7 260 638 126 585 699 799 131
? 7 261 268 418 317 708 45 278
? 7 263 605 647 167 547 737 351
? 7 271 522 362 726 234 236 193
? 7 272 361 159 521 460 518 512
? 7 285 795 180 158 171 415 669
? 7 286 372 373 463 410 692 292
? 7 291 764 156 493 422 682 589
? 7 298 344 490 348 383 535 274
? 7 304 592 644 671 217 276 313
? 7 310 430 554 691 705 244 672
? 7 314 168 725 661 10 223 655
? 7 316 787 354 617 636 196 8
? 7 318 45 5 188 114 268 278
? 7 319 287 334 740 708 451 317
? 7 322 391 485 681 58 284 692
? 7 323 40 300 610 370 650 203
? 7 326 406 567 384 267 331 454
? 7 329 258 609 715 719 443 685
? 7 330 542 238 744 454 623 384
? 7 338 289 105 760 727 315 38
? 7 345 633 387 274 383 175 586
? 7 357 15 169 409 720 209 130
? 7 359 525 356 253 556 103 776
? 7 363 611 74 142 659 702 678
? 7 366 485 226 284 413 681 701
? 7 376 513 608 446 717 665 349
? 7 398 683 173 28 698 575 124
? 7 399 552 498 190 471 374 749
? 7 402 242 154 695 690 104 770
? 7 411 763 681 433 723 533 372
? 7 414 186 107 656 13 584 15
? 7 420 1 791 768 282 630 629
? 7 448 458 676 52 408 229 563
? 7 452 176 400 393 212 44 208
? 7 472 162 751 388 654 251 385
? 7 474 34 714 752 468 551 716
? 7 478 486 301 710 736 675 332
? 7 488 172 623 380 744 517 592
? 7 497 746 194 218 626 595 444
? 7 500 239 613 568 243 93 738
? 7 504 121 86 435 337 582 598
? 7 515 715 685 609 517 313 592
? 7 516 2 730 409 688 90 203
? 7 526 196 617 786 564 57 218
? 7 527 512 159 521 687 460 269
? 7 531 53 348 1 457 629 21
? 7 537 473 87 778 277 35 258
? 7 539 161 230 407 670 385 654
? 7 540 12 438 103 308 701 226
? 7 570 109 197 288 680 624 688
? 7 577 371 616 566 79 436 679
? 7 578 141 281 136 529 475 573
? 7 591 114 188 585 126 48 74
? 7 601 503 204 428 427 378 628
? 7 604 397 495 367 694 573 77
? 7 612 780 790 146 67 68 19
? 7 618 262 144 101 731 645 436
? 7 619 392 246 350 719 449 482
? 7 625 225 284 701 12 226 376
? 7 631 597 523 565 184 214 355
? 7 639 222 645 643 262 618 436
? 7 648 747 699 126 585 74 591
? 7 651 395 128 4 483 290 79
? 7 653 789 269 687 767 558 69
? 7 658 735 309 510 51 484 606
? 7 662 325 346 748 302 396 327
? 7 666 387 59 588 352 47 494
? 7 667 102 776 362 253 236 98
? 7 684 389 264 689 42 365 758
? 7 696 572 54 792 396 325 346
? 7 709 434 195 150 97 774 279
? 7 713 511 670 251 407 388 385
? 7 721 63 784 772 643 222 143
? 7 724 652 299 487 9 697 67
? 7 756 123 489 0 441 235 476
? 7 757 99 297 716 241 143 700
? 7 769 465 750 227 628 36 427
? 7 775 132 84 153 510 81 256
!
160 168 223 314 
314 168
223 314
223 160
543 
148 172 330 353 404 744 
404 148
353 404
744 353
744 330
172 744
546 621 
546 621
444 
60 221 337 426 
337 60
426 337
221 426
488 623 
488 623
199 292 373 
292 373
199 292
133 360 532 754 
754 532
360 754
133 360
158 180 285 
285 158
180 285
302 327 465 662 748 
327 465
662 748
327 302
662 327
390 538 
390 538
83 132 153 728 
83 728
132 153
83 132
416 
512 653 687 767 789 
687 512
767 687
767 789
653 767
340 
64 179 469 
64 469
179 64
322 
4 128 136 281 483 529 
4 483
136 4
529 281
136 529
128 136
356 594 
356 594
319 
0 31 112 123 464 756 
123 756
0 123
464 0
112 464
112 31
317 334 
334 317
2 90 130 203 209 409 782 
130 209
130 409
90 130
2 90
203 2
782 203
304 313 
313 304
80 274 344 490 
344 490
274 344
80 274
152 187 350 
187 350
152 187
76 108 280 372 375 410 550 637 706 745 749 762 
108 749
375 108
410 375
372 410
76 372
706 76
280 706
280 637
550 280
550 762
745 550
318 
224 428 
224 428
200 
3 177 
177 3
149 563 673 
673 563
149 673
25 
23 
639 
48 94 95 126 142 216 569 736 747 
95 736
142 95
48 142
126 48
747 126
94 747
216 94
569 216
51 131 275 
275 51
131 275
69 117 558 
117 69
117 558
10 192 661 725 
10 661
10 192
10 725
162 251 472 751 
751 251
162 472
751 162
61 635 
61 635
525 
75 135 252 332 478 549 603 607 615 718 785 
332 478
718 332
75 718
785 75
252 785
603 252
549 603
615 549
607 615
607 135
42 245 457 
42 457
42 245
308 316 358 636 796 
796 308
358 796
636 358
636 316
30 568 613 
568 613
30 568
279 434 583 709 
434 583
434 279
709 434
239 
41 
405 774 
774 405
33 106 118 201 204 219 378 560 
378 204
33 378
33 201
560 33
219 106
118 219
560 118
459 
78 403 794 
794 403
794 78
81 256 477 704 
256 81
477 256
704 477
596 600 660 678 771 
660 678
596 660
600 596
600 771
182 580 
580 182
139 190 198 237 312 352 374 412 502 544 552 
139 190
237 139
412 198
374 552
374 412
312 374
312 502
237 312
352 237
544 352
91 476 
476 91
43 
35 110 277 473 537 778 
277 778
35 277
473 35
473 537
110 473
104 119 154 402 690 695 770 
690 119
154 402
154 690
770 154
695 104
770 695
96 451 
451 96
11 
9 487 652 697 
487 652
9 487
697 9
435 582 
435 582
666 
309 510 658 735 
309 735
510 309
658 510
647 
627 
622 
5 45 114 278 479 
5 114
45 5
278 45
479 278
18 359 440 455 556 
556 359
440 556
18 440
455 18
101 262 618 645 
645 618
101 262
645 101
526 
516 
140 303 489 579 
303 489
579 140
579 303
115 178 228 250 347 441 470 524 
115 250
470 115
178 470
347 178
524 228
347 524
441 347
321 371 566 616 
371 321
616 371
566 616
468 
411 669 
411 669
436 
47 58 59 122 284 485 494 588 625 641 692 793 
793 692
588 793
58 122
58 485
58 284
588 58
59 588
494 59
47 494
47 625
641 47
88 254 425 442 499 590 765 
88 442
590 88
499 590
254 499
765 254
765 425
37 116 181 264 389 453 482 610 634 684 689 781 
181 482
37 181
389 37
689 389
684 689
781 116
781 634
453 781
264 453
684 264
610 684
17 70 144 145 642 731 
731 144
642 731
145 642
145 17
70 145
87 
68 
21 298 348 531 
531 21
348 298
531 348
19 62 67 146 170 215 299 417 508 534 612 655 674 780 790 
170 655
508 170
215 508
417 215
62 417
790 62
780 612
674 299
67 674
780 67
146 780
790 146
19 790
534 19
63 222 401 439 528 561 643 679 
643 222
63 643
439 63
679 439
561 679
528 561
401 528
240 424 
240 424
315 335 783 
783 315
783 335
241 700 757 
241 700
757 241
53 232 
232 53
73 535 741 
73 535
741 73
66 724 
66 724
20 
686 
540 
388 511 713 
713 388
713 511
44 208 212 400 447 
400 212
44 400
208 44
447 208
79 395 651 
79 395
651 79
290 
193 271 522 726 
522 271
726 193
522 726
286 
367 495 604 
604 367
604 495
92 
593 
257 
50 98 102 253 362 368 667 776 
102 362
102 776
667 102
253 667
98 253
50 98
368 50
427 601 628 
427 628
601 427
29 587 
29 587
207 295 365 429 456 707 758 
456 207
295 456
295 365
707 429
295 707
758 295
56 305 381 415 723 
305 723
305 381
56 305
415 56
84 606 
606 84
272 361 460 521 
521 460
272 361
521 272
210 211 293 339 419 481 509 571 722 727 
339 293
722 339
722 211
571 727
509 571
419 509
481 419
210 481
722 210
93 243 500 738 
93 738
93 243
500 93
301 486 675 710 
486 675
710 301
486 710
89 
86 
14 
394 466 484 742 
394 742
466 394
484 466
171 433 533 795 
171 795
433 171
433 533
792 
788 
214 565 631 
565 631
565 214
159 527 632 
159 632
527 159
288 570 
570 288
111 463 471 
463 111
471 463
97 155 195 213 265 336 646 659 711 759 
659 759
213 659
97 195
155 97
646 155
213 646
336 213
711 336
711 265
197 246 392 619 624 688 719 
197 688
624 197
619 624
392 246
719 392
619 719
548 712 
548 712
176 393 452 
176 393
452 176
8 46 57 125 196 311 324 354 461 496 541 564 617 734 777 786 787 
311 125
461 311
734 461
541 734
324 541
564 496
617 564
786 57
196 786
617 196
787 617
787 354
8 787
777 8
324 46
777 324
169 186 414 656 720 
169 720
186 169
656 186
414 656
52 229 408 676 
676 229
52 676
408 52
217 276 341 592 644 671 685 715 
715 685
592 715
276 592
217 671
644 217
276 644
341 276
364 545 
545 364
242 349 376 446 513 608 665 717 
717 376
717 349
608 717
513 608
446 513
665 446
242 665
1 233 282 420 629 630 768 791 
791 630
282 791
282 420
1 282
768 1
629 768
233 629
480 602 
480 602
577 
506 
366 391 413 681 763 
681 366
681 763
681 391
413 681
15 357 377 730 
357 377
357 730
357 15
174 448 458 
458 174
448 458
443 515 
443 515
205 
188 261 418 
418 261
418 188
175 345 387 492 
345 387
175 492
345 175
799 
310 430 
430 310
554 
157 161 230 351 385 407 530 547 654 664 670 
161 230
670 161
407 670
654 407
385 654
351 385
547 351
664 547
530 664
530 157
449 
28 124 173 398 423 518 553 562 575 683 698 
553 423
173 553
683 398
173 683
28 173
28 575
124 28
698 124
562 698
518 562
238 331 
238 331
74 260 363 585 591 611 638 648 699 702 
363 611
702 363
74 702
585 74
585 591
638 585
260 638
699 260
699 648
22 40 202 296 300 323 370 650 693 755 773 
773 755
22 773
296 22
202 296
693 202
370 693
323 650
300 323
40 300
370 40
34 85 156 165 291 382 422 474 493 589 682 714 752 764 
34 474
714 34
752 714
682 752
156 422
682 156
682 382
682 85
589 682
165 589
493 165
291 493
764 291
38 105 120 289 338 760 
338 760
289 338
105 120
105 289
38 105
151 273 491 739 
273 151
739 491
273 739
138 150 
150 138
421 
220 
100 
26 
386 
503 
268 287 708 740 
740 287
708 740
268 708
12 103 
12 103
6 183 248 369 
248 6
369 183
248 369
36 227 750 769 
227 36
750 769
227 750
505 798 
798 505
13 107 147 379 584 
379 13
584 147
584 107
379 584
129 557 581 
581 557
129 581
189 775 
775 189
121 167 263 504 598 605 737 
504 121
598 504
605 263
605 167
737 605
598 737
520 
77 113 141 235 270 397 475 573 578 663 694 
663 270
663 235
77 663
694 77
475 578
141 475
397 694
573 397
573 141
113 573
32 501 743 
32 743
32 501
267 326 384 406 454 542 567 
267 326
267 406
384 267
567 384
454 567
542 454
71 342 462 766 797 
797 71
462 797
342 462
342 766
574 668 
668 574
16 24 137 166 247 306 333 383 432 586 633 640 733 761 
633 383
586 633
137 586
640 137
640 333
432 640
306 432
166 306
733 247
166 733
24 166
16 24
761 16
39 109 231 266 680 779 
680 109
266 680
39 266
231 39
779 231
249 
539 
27 65 343 
65 343
27 65
258 329 380 517 609 
609 258
517 380
609 517
329 609
255 259 721 772 784 
772 784
772 721
772 255
259 772
225 226 438 701 
701 438
226 701
225 226
7 49 55 244 283 450 514 519 555 559 576 657 672 677 691 703 705 
283 519
703 283
7 55
672 7
672 691
672 705
49 672
244 450
49 244
576 49
576 703
559 576
514 555
657 514
677 657
677 559
54 325 346 396 536 572 696 
325 696
572 54
346 572
325 346
396 325
536 396
143 
328 
753 
595 626 
626 595
269 
185 599 620 
620 185
620 599
134 163 191 206 294 399 431 498 614 649 
163 134
431 163
191 294
206 191
206 431
649 206
498 399
614 498
649 614
99 297 307 320 551 716 729 
716 551
297 99
716 297
307 716
729 307
320 729
127 184 234 236 355 523 597 
355 127
597 355
184 597
523 184
234 523
234 236
82 
72 164 194 218 437 445 467 497 507 732 746 
194 218
746 194
746 497
72 746
467 437
467 164
72 467
445 72
507 445
732 507
