? 3 0 300 680
? 3 1 695 297
? 3 2 72 470
? 3 3 28 197
? 3 4 734 494
? 3 5 461 757
? 3 6 280 252
? 3 7 349 517
? 3 8 679 379
? 3 9 39 698
? 3 10 335 452
? 3 11 306 749
? 3 12 785 242
? 3 13 657 569
? 3 14 496 674
? 3 15 675 40
? 3 16 338 376
? 3 17 222 463
? 3 18 605 431
? 3 19 314 215
? 3 20 498 202
? 3 21 450 262
? 3 22 123 720
? 3 23 340 728
? 3 24 619 346
? 3 25 30 473
? 3 26 449 648
? 3 27 760 560
? 3 29 666 294
? 3 31 330 365
? 3 32 778 267
? 3 33 347 477
? 3 34 551 329
? 3 35 354 685
? 3 36 795 770
? 3 37 770 430
? 3 38 673 705
? 3 41 510 447
? 3 42 50 542
? 3 43 390 687
? 3 44 673 705
? 3 45 758 725
? 3 46 737 497
? 3 47 588 236
? 3 48 648 273
? 3 49 462 277
? 3 51 670 152
? 3 52 439 292
? 3 53 515 159
? 3 54 353 373
? 3 55 110 660
? 3 56 725 176
? 3 57 354 685
? 3 58 631 205
? 3 59 548 264
? 3 60 437 31
? 3 61 245 266
? 3 62 220 372
? 3 63 544 152
? 3 64 491 160
? 3 65 664 172
? 3 66 506 720
? 3 67 566 324
? 3 68 281 332
? 3 69 4 226
? 3 70 218 68
? 3 71 204 177
? 3 73 442 643
? 3 74 709 691
? 3 75 755 602
? 3 76 283 402
? 3 77 361 449
? 3 78 565 622
? 3 79 224 684
? 3 80 359 303
? 3 81 140 413
? 3 82 297 526
? 3 83 216 632
? 3 84 87 782
? 3 85 114 251
? 3 86 203 319
? 3 88 799 436
? 3 89 645 96
? 3 90 155 692
? 3 91 344 447
? 3 92 386 512
? 3 93 567 537
? 3 94 286 284
? 3 95 585 256
? 3 97 454 751
? 3 98 375 662
? 3 99 713 421
? 3 100 274 171
? 3 101 493 149
? 3 102 794 628
? 3 103 695 680
? 3 104 721 330
? 3 105 278 296
? 3 106 668 256
? 3 107 465 783
? 3 108 719 577
? 3 109 96 747
? 3 111 300 680
? 3 112 405 168
? 3 113 389 786
? 3 115 298 333
? 3 116 334 208
? 3 117 189 378
? 3 118 27 633
? 3 119 332 281
? 3 120 344 461
? 3 121 366 779
? 3 122 716 438
? 3 124 393 282
? 3 125 451 422
? 3 126 147 312
? 3 127 589 674
? 3 128 786 210
? 3 129 516 700
? 3 130 547 481
? 3 131 586 552
? 3 132 223 368
? 3 133 592 689
? 3 134 370 166
? 3 135 446 781
? 3 136 467 236
? 3 137 578 324
? 3 138 790 253
? 3 139 199 646
? 3 141 710 39
? 3 142 618 601
? 3 143 559 573
? 3 144 788 645
? 3 145 299 22
? 3 146 557 507
? 3 148 198 381
? 3 150 176 185
? 3 151 229 470
? 3 153 475 350
? 3 154 741 331
? 3 156 597 585
? 3 157 448 460
? 3 158 483 725
? 3 161 603 231
? 3 162 351 239
? 3 163 264 249
? 3 164 271 183
? 3 165 759 372
? 3 167 263 465
? 3 169 543 584
? 3 170 520 85
? 3 173 455 739
? 3 174 221 311
? 3 175 361 250
? 3 178 206 184
? 3 179 495 376
? 3 180 308 581
? 3 181 761 546
? 3 182 479 709
? 3 186 200 426
? 3 187 593 353
? 3 188 377 579
? 3 190 340 222
? 3 191 662 640
? 3 192 703 655
? 3 193 775 485
? 3 194 688 610
? 3 195 515 639
? 3 196 646 676
? 3 201 669 725
? 3 207 247 428
? 3 209 638 37
? 3 211 111 573
? 3 212 272 269
? 3 213 247 290
? 3 214 629 173
? 3 217 664 65
? 3 219 576 17
? 3 225 320 679
? 3 227 121 366
? 3 228 575 323
? 3 230 652 126
? 3 232 641 387
? 3 233 669 76
? 3 234 337 798
? 3 235 689 647
? 3 237 409 243
? 3 238 352 763
? 3 240 613 617
? 3 241 514 686
? 3 244 302 419
? 3 246 539 727
? 3 248 699 680
? 3 254 287 485
? 3 255 764 259
? 3 257 643 442
? 3 258 146 728
? 3 260 532 279
? 3 261 329 262
? 3 265 607 206
? 3 268 406 794
? 3 270 326 105
? 3 275 398 587
? 3 276 280 656
? 3 285 21 450
? 3 288 309 403
? 3 289 357 422
? 3 291 621 379
? 3 293 533 624
? 3 295 767 314
? 3 301 412 388
? 3 304 298 115
? 3 305 404 759
? 3 307 143 559
? 3 310 590 748
? 3 313 683 675
? 3 315 626 318
? 3 316 417 231
? 3 317 540 128
? 3 321 322 678
? 3 325 783 736
? 3 327 597 585
? 3 328 577 719
? 3 336 493 166
? 3 339 453 242
? 3 341 582 471
? 3 342 704 726
? 3 343 484 502
? 3 345 753 576
? 3 348 599 11
? 3 355 494 734
? 3 356 643 257
? 3 358 380 249
? 3 360 469 93
? 3 362 455 173
? 3 363 414 708
? 3 364 385 408
? 3 367 598 277
? 3 369 569 13
? 3 371 296 278
? 3 374 66 299
? 3 382 480 454
? 3 383 269 272
? 3 384 435 501
? 3 391 568 489
? 3 392 642 660
? 3 394 791 432
? 3 395 216 418
? 3 396 768 598
? 3 397 504 630
? 3 399 681 564
? 3 400 773 693
? 3 401 468 772
? 3 407 425 178
? 3 410 264 163
? 3 411 592 647
? 3 415 205 631
? 3 416 555 315
? 3 420 199 139
? 3 423 766 263
? 3 424 203 86
? 3 427 379 434
? 3 429 636 466
? 3 433 611 253
? 3 440 736 325
? 3 441 244 185
? 3 443 754 530
? 3 444 631 415
? 3 445 521 458
? 3 456 706 540
? 3 457 710 415
? 3 459 607 769
? 3 464 690 217
? 3 472 274 171
? 3 474 558 390
? 3 476 231 316
? 3 478 595 574
? 3 482 732 739
? 3 486 717 502
? 3 487 756 150
? 3 488 567 744
? 3 490 290 213
? 3 492 550 489
? 3 499 570 331
? 3 500 434 292
? 3 503 782 534
? 3 505 621 291
? 3 508 492 550
? 3 509 744 738
? 3 511 573 571
? 3 513 409 469
? 3 518 704 746
? 3 519 234 798
? 3 522 755 177
? 3 523 410 171
? 3 524 665 221
? 3 525 649 137
? 3 527 402 517
? 3 528 748 30
? 3 529 329 261
? 3 531 740 743
? 3 535 614 317
? 3 536 707 125
? 3 538 750 42
? 3 541 719 769
? 3 545 728 340
? 3 549 666 640
? 3 553 243 658
? 3 554 465 263
? 3 556 788 144
? 3 561 99 713
? 3 562 319 203
? 3 563 543 169
? 3 572 696 609
? 3 580 714 152
? 3 583 276 280
? 3 591 473 154
? 3 594 301 495
? 3 596 635 701
? 3 600 799 88
? 3 604 537 738
? 3 606 405 619
? 3 608 75 602
? 3 612 733 742
? 3 615 637 765
? 3 616 646 736
? 3 620 697 183
? 3 623 670 514
? 3 625 431 702
? 3 627 650 784
? 3 634 102 628
? 3 644 408 417
? 3 651 471 341
? 3 653 655 703
? 3 654 380 430
? 3 659 690 464
? 3 661 796 376
? 3 663 303 80
? 3 667 606 113
? 3 671 193 775
? 3 672 501 435
? 3 677 693 448
? 3 682 651 341
? 3 694 455 362
? 3 711 210 128
? 3 712 466 596
? 3 715 42 542
? 3 718 372 3
? 3 722 381 148
? 3 723 584 169
? 3 724 748 534
? 3 729 249 410
? 3 730 149 166
? 3 731 435 501
? 3 735 205 58
? 3 745 477 347
? 3 752 65 664
? 3 762 49 462
? 3 771 595 478
? 3 774 578 563
? 3 776 333 368
? 3 777 344 91
? 3 780 436 799
? 3 787 512 414
? 3 789 765 575
? 3 792 385 364
? 3 793 614 784
? 3 797 428 40
? 3 1 695 297
? 3 2 72 470
? 3 5 461 757
? 3 8 679 379
? 3 10 335 452
? 3 14 496 674
? 3 19 314 215
? 3 23 340 728
? 3 24 619 346
? 3 25 30 473
? 3 26 449 648
? 3 32 778 267
? 3 35 354 685
? 3 36 795 770
? 3 38 673 705
? 3 41 510 447
? 3 43 390 687
? 3 44 673 705
? 3 47 588 236
? 3 50 42 542
? 3 54 353 373
? 3 55 110 660
? 3 56 725 176
? 3 57 354 685
? 3 63 544 152
? 3 67 566 324
? 3 69 4 226
? 3 73 442 643
? 3 74 709 691
? 3 77 361 449
? 3 78 565 622
? 3 81 140 413
!
341 651 
341 651
288 309 
309 288
138 
1 297 
297 1
295 767 
295 767
100 
382 454 480 751 
382 480
454 382
454 751
89 
531 740 743 
743 531
743 740
57 
213 290 
290 213
38 
35 
26 
10 
612 733 742 
733 612
742 733
9 
21 262 285 450 
450 262
21 285
450 21
22 66 299 506 720 
66 299
506 66
720 506
22 720
331 570 741 
331 570
741 331
456 540 706 
706 540
706 456
596 635 701 
701 635
701 596
281 332 
281 332
260 532 
260 532
774 
768 
762 
723 
232 641 
232 641
583 
225 679 
225 679
491 
463 
379 427 434 500 
427 379
434 427
434 500
441 
214 629 
214 629
45 56 176 185 255 259 483 725 758 
259 255
483 259
725 483
45 758
725 45
176 185
725 176
725 56
407 
209 638 
209 638
400 
388 
317 
220 
127 
118 
195 639 
195 639
103 
97 
190 340 
190 340
790 
722 
721 
705 
18 431 605 702 
18 605
431 18
431 702
117 189 
189 117
237 243 409 513 553 658 
237 513
243 553
243 658
409 243
409 237
399 564 681 
681 399
681 564
700 
698 
642 
616 
234 337 519 632 798 
337 632
519 234
798 519
798 337
556 
507 
186 200 
186 200
196 646 676 
196 646
676 196
14 496 674 
674 496
674 14
115 298 304 333 
115 304
333 115
333 298
481 
460 
112 168 
168 112
62 165 372 404 718 759 
372 62
372 718
759 404
165 759
372 165
164 271 
164 271
148 198 
148 198
426 
130 547 
130 547
396 
346 
322 
129 516 
129 516
39 58 141 205 415 457 631 710 
141 39
710 141
457 710
415 457
205 415
58 205
631 58
294 
266 
139 162 193 199 239 351 420 485 671 775 
139 420
139 199
351 139
351 162
239 351
775 239
671 193
775 671
775 485
250 
109 747 
109 747
514 623 670 
623 514
670 623
61 245 
61 245
238 
235 
106 256 668 
668 256
668 106
197 
102 406 628 634 794 
794 406
634 628
102 634
794 102
101 301 412 493 
101 493
412 101
301 412
6 276 280 656 
280 6
280 656
280 276
145 
614 627 650 784 793 
614 793
784 614
650 627
784 650
53 515 
53 515
52 439 
52 439
606 619 667 
606 619
667 606
41 91 120 344 447 510 
344 91
510 41
447 510
344 447
344 120
206 265 459 607 769 
607 206
607 265
769 607
769 459
46 737 
46 737
34 551 
34 551
29 666 
29 666
36 
8 
764 
552 
541 
55 110 660 
660 55
660 110
144 788 
788 144
478 771 
771 478
105 278 296 371 
296 105
296 371
278 296
497 
488 
387 
385 
374 
352 763 
763 352
40 207 247 428 
428 40
207 428
247 207
279 
268 
244 302 408 419 
419 408
244 419
244 302
253 
13 569 657 
657 569
657 13
222 
93 95 156 327 567 585 597 
93 567
327 93
597 327
597 156
585 597
585 95
306 749 
749 306
92 363 386 414 512 708 787 
414 787
708 363
708 414
512 708
92 386
512 92
142 180 308 342 581 601 618 704 726 
308 581
180 308
342 180
142 618
601 142
726 601
704 726
704 342
228 575 615 637 765 
575 228
765 575
615 637
765 615
219 
435 731 
731 435
149 730 
730 149
132 
74 
64 
486 717 
717 486
50 715 
715 50
293 533 624 
624 533
624 293
161 231 316 417 476 603 
316 417
476 316
161 476
231 603
231 161
99 713 
713 99
51 
126 147 230 312 593 652 
652 593
652 230
126 652
312 147
126 312
44 
75 522 602 608 755 
602 522
75 608
755 75
755 602
24 
797 
777 
688 
472 620 697 
620 472
620 697
685 
625 
210 711 
711 210
543 
509 537 604 738 744 
738 509
604 537
738 604
744 738
535 
240 613 617 
617 613
617 240
452 
655 703 
703 655
123 433 611 
433 123
611 433
107 325 440 736 783 
783 107
736 783
736 440
736 325
12 242 339 785 
242 339
12 785
242 12
173 694 
694 173
392 
381 
318 
292 
221 282 311 393 
282 393
311 282
221 311
155 692 
692 155
236 
241 686 
686 241
72 470 594 
470 72
594 470
183 
4 226 355 494 734 
4 226
734 4
494 355
734 494
79 684 
684 79
0 28 111 143 211 248 300 307 511 559 571 573 680 
511 28
511 571
573 511
143 307
143 559
573 143
211 573
111 211
300 111
0 300
680 0
680 248
175 
158 
157 
140 
471 682 
682 471
83 216 395 418 
395 418
216 395
216 83
212 269 272 383 429 466 636 
272 383
212 272
269 212
466 269
466 429
466 636
73 
25 473 591 
473 25
591 473
321 678 
678 321
108 328 577 645 719 
328 645
577 328
719 108
719 577
37 
94 263 286 423 465 554 766 
94 286
263 94
766 423
263 766
263 554
465 263
23 
19 
501 672 
672 501
789 
169 563 584 
169 584
563 169
735 
582 
558 
31 178 184 365 
365 31
184 365
178 184
303 663 
663 303
525 649 
649 525
432 
86 319 562 
319 86
562 319
425 
378 
633 653 
633 653
315 626 
626 315
134 166 336 370 
166 336
370 134
166 370
369 
360 
354 
227 
181 546 761 
761 181
546 761
208 
291 621 
621 291
261 529 
529 261
246 539 727 
727 246
539 727
492 508 
508 492
320 474 
474 320
202 
187 
104 
443 530 754 
754 443
530 754
136 467 
467 136
96 
146 160 258 557 
557 160
146 258
146 557
203 424 
424 203
401 468 
401 468
15 357 422 675 683 
357 422
675 357
675 683
675 15
174 524 665 
524 174
524 665
76 233 283 402 669 
402 283
76 402
669 76
669 233
335 458 521 
458 335
521 458
80 359 
359 80
78 
353 373 
353 373
116 334 
334 116
98 375 549 640 662 
640 549
662 640
375 98
662 375
137 324 566 578 
324 566
137 324
137 578
85 170 520 
520 85
520 170
695 
133 224 592 647 689 
592 224
647 592
689 133
647 689
648 
589 
475 
329 
252 
192 
48 273 
273 48
177 
124 
114 251 
251 114
49 277 367 462 598 
49 462
277 49
598 277
598 367
151 229 
229 151
194 610 
194 610
113 
171 274 
171 274
153 350 
153 350
772 
125 451 536 707 
707 536
125 707
125 451
673 
504 
7 349 517 
7 349
517 7
88 436 780 799 
88 799
436 88
780 436
131 586 
131 586
490 
343 484 502 
343 484
502 343
469 
453 
391 489 568 
391 568
489 391
68 119 
119 68
71 204 
71 204
60 437 
60 437
770 795 
795 770
330 
150 487 756 
756 150
487 756
448 677 693 773 
677 448
693 677
773 693
313 
364 792 
792 364
84 87 310 503 528 534 590 724 748 782 
84 87
782 84
503 782
534 503
724 534
310 724
590 310
748 590
748 528
284 
191 
67 
461 757 
757 461
479 691 709 
709 691
479 709
135 446 781 
446 781
446 135
122 438 716 
438 716
438 122
5 
518 746 
746 518
380 430 654 
380 654
430 380
644 
27 560 572 609 696 760 
609 572
696 609
560 696
760 560
27 760
405 
257 
182 
326 397 630 
630 326
397 630
384 394 791 
791 384
394 791
167 
43 390 687 
687 43
390 687
600 
661 796 
661 796
523 
444 
403 
47 588 
588 47
17 345 576 753 
576 17
753 576
753 345
54 
128 389 786 
786 128
389 786
3 
550 
527 
505 
574 595 
574 595
411 
59 163 249 264 358 410 548 
249 358
163 249
59 548
264 59
163 264
410 163
565 622 
565 622
159 
42 538 542 750 
42 542
750 42
750 538
188 377 579 
579 188
377 579
20 275 398 498 587 
20 498
398 20
398 275
587 398
2 
421 561 
561 421
65 172 217 464 555 659 664 690 752 
690 555
464 659
464 690
217 464
65 217
752 65
664 752
664 172
545 728 
545 728
82 526 
526 82
270 445 
445 270
305 
63 152 544 580 714 
152 544
152 63
580 152
580 714
16 179 338 376 495 
16 338
376 16
495 376
495 179
416 729 
416 729
32 
81 413 
413 81
323 
289 
201 
223 368 776 
368 223
368 776
121 366 779 
366 779
366 121
69 
254 287 
287 254
712 
77 361 449 
361 449
361 77
30 
356 442 643 
643 442
356 643
699 
267 778 
267 778
11 348 599 
348 11
348 599
70 218 
218 70
90 
215 314 
215 314
33 347 477 745 
347 33
745 347
745 477
362 455 482 732 739 
732 482
739 732
455 739
455 362
154 499 
154 499
