? 12 0 393 350 471 259 551 46 734 295 12 201 169
? 12 1 121 694 117 374 672 752 272 29 286 73 474
? 12 2 12 169 352 296 557 779 201 295 504 265 259
? 12 3 637 561 249 682 172 153 736 618 652 516 644
? 12 4 343 441 35 749 514 757 353 692 358 774 658
? 12 5 627 794 395 792 478 16 345 348 497 537 150
? 12 6 695 750 392 443 31 488 287 48 789 226 608
? 12 7 755 166 451 462 18 621 704 619 89 455 20
? 12 8 668 341 602 318 376 232 47 115 174 303 603
? 12 9 797 700 70 716 424 252 687 200 493 250 796
? 12 10 430 675 38 628 152 354 227 497 777 274 765
? 12 11 778 33 311 40 410 316 631 184 195 510 493
? 12 13 723 231 365 126 346 520 251 189 49 574 397
? 12 14 305 254 388 248 370 103 60 344 280 291 74
? 12 15 600 42 782 606 717 659 622 649 731 654 360
? 12 17 96 195 399 307 33 778 97 119 271 510 442
? 12 19 620 193 666 501 129 599 331 356 750 753 54
? 12 21 104 124 118 433 440 69 419 477 208 26 589
? 12 22 710 328 317 708 267 461 705 204 784 452 164
? 12 23 453 212 596 285 669 576 228 563 139 578 491
? 12 24 123 586 36 762 731 278 65 397 532 131 251
? 12 25 428 730 298 513 120 144 485 303 427 170 314
? 12 27 247 472 157 338 432 183 306 613 76 548 270
? 12 28 751 604 450 754 95 336 81 463 72 468 722
? 12 30 661 54 444 714 770 331 535 356 223 168 739
? 12 32 351 663 774 653 757 442 271 799 198 644 119
? 12 34 635 335 744 707 769 181 719 276 698 50 141
? 12 37 84 61 559 402 273 207 77 78 732 487 404
? 12 39 372 429 426 175 686 460 509 662 684 617 58
? 12 41 567 753 648 535 54 634 331 666 101 629 620
? 12 43 499 94 230 143 650 227 348 671 274 521 354
? 12 44 321 783 577 619 676 20 447 681 795 176 451
? 12 45 569 763 185 91 793 135 614 426 429 297 509
? 12 51 151 502 798 590 531 715 308 188 234 339 524
? 12 52 607 525 475 507 546 791 511 107 281 381 72
? 12 53 540 537 292 345 727 478 395 767 547 792 503
? 12 55 384 585 337 332 496 575 147 170 364 485 484
? 12 56 706 268 390 543 643 154 359 222 386 764 680
? 12 57 465 689 322 312 299 679 636 581 530 454 425
? 12 59 612 301 677 109 741 728 102 361 73 137 371
? 12 62 568 180 632 249 67 764 222 736 105 153 3
? 12 63 373 729 114 300 244 591 264 346 449 738 397
? 12 64 128 572 525 415 791 712 475 52 511 546 607
? 12 66 574 558 523 667 549 340 640 214 795 704 681
? 12 68 647 69 196 83 490 477 177 320 233 419 539
? 12 71 482 294 280 284 788 466 500 305 327 103 678
? 12 75 257 291 785 206 103 515 370 111 773 697 280
? 12 79 282 334 176 577 756 783 447 297 662 44 58
? 12 80 88 680 154 735 643 748 422 217 703 386 706
? 12 82 161 526 711 184 631 316 410 70 486 797 11
? 12 85 732 187 207 404 402 48 436 273 789 216 438
? 12 86 745 560 139 98 683 285 203 605 326 409 446
? 12 87 182 272 725 693 362 790 394 29 286 713 445
? 12 90 758 495 310 559 304 61 84 534 615 209 93
? 12 92 342 737 110 360 134 219 418 473 649 566 654
? 12 99 519 416 738 264 413 225 387 431 147 114 330
? 12 100 630 483 512 489 702 115 232 171 601 508 211
? 12 106 664 160 721 355 705 368 461 708 267 317 328
? 12 108 598 544 638 330 387 720 646 743 333 148 255
? 12 112 349 767 168 405 547 661 727 521 396 412 770
? 12 113 611 414 400 210 142 580 517 357 593 215 167
? 12 116 459 279 617 398 276 752 175 686 684 694 460
? 12 122 685 573 737 696 566 344 92 342 219 788 718
? 12 125 93 592 534 394 304 29 528 286 182 87 445
? 12 127 237 381 522 546 633 791 780 475 607 525 52
? 12 130 498 149 456 762 610 467 532 36 718 565 434
? 12 132 136 145 366 371 733 385 102 379 209 109 361
? 12 133 470 323 283 656 380 530 315 746 545 595 266
? 12 138 202 164 550 240 437 368 664 655 461 204 665
? 12 140 339 234 188 614 715 288 542 763 742 135 308
? 12 146 329 150 197 407 777 16 554 794 497 152 503
? 12 155 698 642 398 474 276 137 34 335 744 635 672
? 12 156 415 572 128 733 712 385 366 371 64 136 511
? 12 158 747 761 435 533 759 270 403 616 306 183 548
? 12 159 773 111 785 587 327 697 515 75 466 500 257
? 12 162 779 352 557 160 355 584 721 106 203 683 2
? 12 163 243 224 290 217 556 464 603 406 186 359 643
? 12 165 594 391 434 565 60 467 610 239 74 248 388
? 12 173 358 660 626 319 529 760 658 514 709 749 771
? 12 178 236 670 735 422 225 431 413 748 781 641 519
? 12 179 186 341 406 364 603 303 476 213 8 170 469
? 12 190 411 269 199 409 446 734 551 417 560 605 46
? 12 191 775 211 601 325 314 232 174 47 421 235 318
? 12 192 220 215 167 357 101 580 786 48 216 634 142
? 12 194 579 646 487 638 78 720 148 77 544 536 598
? 12 205 516 652 307 399 238 799 119 561 96 637 3
? 12 218 654 473 418 649 134 110 419 208 782 606 92
? 12 221 597 401 315 380 746 260 595 570 266 323 656
? 12 229 506 555 289 522 633 505 127 450 381 237 780
? 12 241 449 275 591 462 18 49 300 520 255 89 729
? 12 242 639 701 634 256 629 101 690 648 369 564 363
? 12 245 423 363 538 369 699 378 701 671 639 256 739
? 12 246 484 213 476 469 575 781 332 641 147 413 364
? 12 253 458 412 405 547 396 727 427 235 767 421 313
? 12 258 644 172 618 682 653 673 561 774 637 293 652
? 12 261 608 488 536 148 31 287 726 392 443 480 438
? 12 262 367 787 464 651 571 290 768 556 359 224 252
? 12 263 457 657 448 588 507 107 281 511 72 517 52
? 12 277 765 324 274 581 354 628 430 38 425 227 377
? 12 302 494 292 452 503 582 204 53 164 540 552 784
? 12 309 552 665 240 655 382 550 437 512 483 489 563
? 12 347 609 624 687 796 583 578 716 250 424 389 669
? 12 375 250 624 609 797 347 711 417 326 70 526 9
? 12 383 216 786 436 615 404 142 593 85 580 167 732
? 12 408 311 768 195 40 778 33 238 11 399 493 17
? 12 420 388 658 74 370 248 254 206 60 291 239 692
? 12 439 445 394 790 528 182 166 755 125 451 7 87
? 12 479 740 486 510 97 631 410 316 161 82 11 184
? 12 481 379 145 588 385 448 657 366 457 132 615 758
? 12 492 589 477 320 83 233 472 613 69 548 623 157
? 12 518 776 76 297 135 432 793 185 569 183 45 338
? 12 527 386 532 131 680 88 154 703 36 268 748 764
? 12 541 389 562 200 376 796 583 424 553 687 651 716
? 12 625 645 417 199 161 479 711 82 486 190 526 269
? 12 674 714 356 313 168 513 396 349 661 30 331 193
? 12 688 369 256 690 639 378 423 538 564 245 701 454
? 12 691 480 226 726 287 443 608 772 599 261 695 536
? 12 724 545 679 299 322 266 656 595 530 283 323 57
? 12 766 605 265 504 46 734 683 446 551 409 560 203
? 12 5 627 794 395 792 478 16 345 348 497 537 150
? 12 50 719 181 460 684 509 744 335 769 175 372 617
? 12 62 568 180 632 249 67 764 222 736 105 153 3
? 12 81 95 517 72 281 604 107 400 751 754 468 28
? 12 91 45 793 569 185 426 429 763 509 297 39 372
? 12 104 21 589 124 118 477 492 433 69 440 83 419
? 12 108 598 544 638 330 387 720 646 743 333 148 255
? 12 112 349 767 168 405 547 661 727 521 396 412 770
? 12 126 365 723 189 622 13 539 231 717 251 659 42
? 12 129 501 599 19 620 513 193 226 666 691 480 356
? 12 141 769 707 635 34 181 524 719 744 335 50 308
? 12 144 427 730 421 235 313 325 396 428 412 25 314
? 12 146 329 150 197 407 777 16 554 794 497 152 503
? 12 165 594 391 434 565 60 467 610 239 74 248 388
? 12 171 508 702 553 491 115 100 489 483 583 630 602
? 12 187 732 85 48 207 789 404 273 402 438 31 488
? 12 191 775 211 601 325 314 232 174 47 421 235 318
? 12 192 220 215 167 357 101 580 786 48 216 634 142
? 12 198 271 442 119 663 799 96 307 32 351 17 399
? 12 210 611 414 400 113 468 517 564 580 357 215 81
? 12 214 795 667 676 681 20 783 321 756 66 176 44
? 12 223 699 363 629 535 444 739 54 701 648 30 567
? 12 230 499 671 43 650 143 94 739 274 245 227 377
? 12 242 639 701 634 256 629 101 690 648 369 564 363
? 12 260 401 221 597 289 555 506 570 505 315 746 380
? 12 284 788 71 678 500 294 466 482 327 280 696 573
? 12 288 742 616 759 776 533 135 435 403 140 518 158
? 12 293 673 618 105 239 692 258 682 172 644 353 74
? 12 296 201 2 295 12 169 352 779 259 557 471 393
? 12 298 120 303 25 174 47 485 428 170 730 314 325
? 12 367 262 359 556 464 290 224 787 643 651 768 571
? 12 384 337 55 585 147 575 332 496 484 772 246 170
? 12 390 543 268 56 706 222 764 67 736 153 154 359
? 12 416 99 519 387 147 413 575 738 225 484 264 337
? 12 456 498 130 467 149 565 632 610 594 568 62 434
? 12 495 758 90 310 209 304 145 534 559 615 61 84
? 12 502 798 590 531 151 308 51 715 524 234 188 542
? 12 586 24 123 36 131 762 278 65 397 703 532 731
? 12 600 15 42 782 606 731 717 659 622 649 251 360
? 12 612 728 677 361 109 73 59 301 741 102 117 374
? 12 623 761 548 589 747 492 158 270 306 157 472 183
? 12 636 312 689 425 57 581 465 530 324 299 322 277
? 12 640 177 490 340 558 523 189 539 549 574 196 66
? 12 647 68 196 69 490 83 177 539 477 640 233 320
? 12 674 714 356 313 168 513 396 349 661 30 331 193
? 12 709 771 760 529 697 319 587 515 626 111 173 159
? 12 713 362 725 790 447 693 182 58 87 445 394 662
? 12 722 463 336 266 595 28 751 604 505 724 450 545
? 12 1 121 694 117 374 672 752 272 29 286 73 474
? 12 4 343 441 35 749 514 757 353 692 358 774 658
? 12 5 627 794 395 792 478 16 345 348 497 537 150
? 12 9 797 700 70 716 424 252 687 200 493 250 796
? 12 10 430 675 38 628 152 354 227 497 777 274 765
? 12 26 118 124 440 219 208 433 342 696 110 134 419
? 12 37 84 61 559 402 273 207 77 78 732 487 404
? 12 41 567 753 648 535 54 634 331 666 101 629 620
? 12 63 373 729 114 300 244 591 264 346 449 738 397
? 12 79 282 334 176 577 756 783 447 297 662 44 58
? 12 80 88 680 154 735 643 748 422 217 703 386 706
? 12 86 745 560 139 98 683 285 203 605 326 409 446
? 12 91 45 793 569 185 426 429 763 509 297 39 372
? 12 97 510 740 479 17 486 33 778 195 11 96 410
? 12 106 664 160 721 355 705 368 461 708 267 317 328
? 12 108 598 544 638 330 387 720 646 743 333 148 255
? 12 112 349 767 168 405 547 661 727 521 396 412 770
? 12 116 459 279 617 398 276 752 175 686 684 694 460
? 12 122 685 573 737 696 566 344 92 342 219 788 718
? 12 126 365 723 189 622 13 539 231 717 251 659 42
? 12 133 470 323 283 656 380 530 315 746 545 595 266
? 12 137 642 741 474 672 155 59 698 398 728 612 117
? 12 138 202 164 550 240 437 368 664 655 461 204 665
? 12 141 769 707 635 34 181 524 719 744 335 50 308
? 12 144 427 730 421 235 313 325 396 428 412 25 314
? 12 146 329 150 197 407 777 16 554 794 497 152 503
? 12 156 415 572 128 733 712 385 366 371 64 136 511
? 12 162 779 352 557 160 355 584 721 106 203 683 2
? 12 165 594 391 434 565 60 467 610 239 74 248 388
? 12 178 236 670 735 422 225 431 413 748 781 641 519
? 12 179 186 341 406 364 603 303 476 213 8 170 469
? 12 191 775 211 601 325 314 232 174 47 421 235 318
? 12 192 220 215 167 357 101 580 786 48 216 634 142
? 12 194 579 646 487 638 78 720 148 77 544 536 598
? 12 198 271 442 119 663 799 96 307 32 351 17 399
? 12 212 596 23 576 228 453 563 285 669 491 489 578
? 12 229 506 555 289 522 633 505 127 450 381 237 780
? 12 230 499 671 43 650 143 94 739 274 245 227 377
? 12 242 639 701 634 256 629 101 690 648 369 564 363
? 12 243 163 224 290 556 217 464 603 406 186 359 562
? 12 247 27 472 613 157 233 338 320 548 306 183 432
? 12 253 458 412 405 547 396 727 427 235 767 421 313
? 12 263 457 657 448 588 507 107 281 511 72 517 52
? 12 275 241 449 591 300 462 255 18 49 520 89 729
? 12 296 201 2 295 12 169 352 779 259 557 471 393
? 12 298 120 303 25 174 47 485 428 170 730 314 325
? 12 309 552 665 240 655 382 550 437 512 483 489 563
? 12 311 40 11 778 33 408 768 195 493 410 316 184
? 12 350 0 393 471 259 551 46 295 734 201 12 199
? 12 367 262 359 556 464 290 224 787 643 651 768 571
? 12 375 250 624 609 797 347 711 417 326 70 526 9
? 12 384 337 55 585 147 575 332 496 484 772 246 170
? 12 390 543 268 56 706 222 764 67 736 153 154 359
? 12 411 190 269 409 446 199 734 551 560 605 417 46
? 12 420 388 658 74 370 248 254 206 60 291 239 692
? 12 436 404 383 216 85 207 732 402 786 615 559 187
? 12 439 445 394 790 528 182 166 755 125 451 7 87
? 12 452 204 494 582 784 302 317 164 503 22 328 554
? 12 455 621 89 720 743 255 330 638 7 646 598 755
? 12 456 498 130 467 149 565 632 610 594 568 62 434
? 12 473 418 654 218 649 134 110 92 782 360 208 419
? 12 495 758 90 310 209 304 145 534 559 615 61 84
? 12 502 798 590 531 151 308 51 715 524 234 188 542
? 12 527 386 532 131 680 88 154 703 36 268 748 764
? 12 541 389 562 200 376 796 583 424 553 687 651 716
? 12 570 746 597 315 401 380 221 260 470 133 595 323
? 12 586 24 123 36 131 762 278 65 397 703 532 731
? 12 592 93 304 534 125 310 286 61 209 29 90 84
? 12 593 142 786 615 113 457 383 400 580 588 357 216
? 12 600 15 42 782 606 731 717 659 622 649 251 360
? 12 602 668 8 318 115 508 232 341 553 376 171 541
? 12 623 761 548 589 747 492 158 270 306 157 472 183
? 12 625 645 417 199 161 479 711 82 486 190 526 269
? 12 636 312 689 425 57 581 465 530 324 299 322 277
? 12 647 68 196 69 490 83 177 539 477 640 233 320
? 12 660 358 173 626 658 514 749 319 441 35 529 760
? 12 667 795 214 66 681 704 20 676 549 574 321 558
? 12 674 714 356 313 168 513 396 349 661 30 331 193
? 12 688 369 256 690 639 378 423 538 564 245 701 454
? 12 709 771 760 529 697 319 587 515 626 111 173 159
? 12 710 328 22 267 317 705 708 461 204 106 452 784
? 12 713 362 725 790 447 693 182 58 87 445 394 662
? 12 750 6 695 443 620 19 753 392 599 666 501 193
? 12 766 605 265 504 46 734 683 446 551 409 560 203
? 12 5 627 794 395 792 478 16 345 348 497 537 150
? 12 14 305 254 388 248 370 103 60 344 280 291 74
? 12 71 482 294 280 284 788 466 500 305 327 103 678
? 12 91 45 793 569 185 426 429 763 509 297 39 372
? 12 97 510 740 479 17 486 33 778 195 11 96 410
? 12 100 630 483 512 489 702 115 232 171 601 508 211
? 12 104 21 589 124 118 477 492 433 69 440 83 419
? 12 108 598 544 638 330 387 720 646 743 333 148 255
? 12 112 349 767 168 405 547 661 727 521 396 412 770
? 12 126 365 723 189 622 13 539 231 717 251 659 42
? 12 129 501 599 19 620 513 193 226 666 691 480 356
? 12 132 136 145 366 371 733 385 102 379 209 109 361
? 12 137 642 741 474 672 155 59 698 398 728 612 117
? 12 141 769 707 635 34 181 524 719 744 335 50 308
? 12 144 427 730 421 235 313 325 396 428 412 25 314
? 12 146 329 150 197 407 777 16 554 794 497 152 503
? 12 165 594 391 434 565 60 467 610 239 74 248 388
? 12 191 775 211 601 325 314 232 174 47 421 235 318
? 12 192 220 215 167 357 101 580 786 48 216 634 142
? 12 198 271 442 119 663 799 96 307 32 351 17 399
? 12 205 516 652 307 399 238 799 119 561 96 637 3
? 12 210 611 414 400 113 468 517 564 580 357 215 81
? 12 223 699 363 629 535 444 739 54 701 648 30 567
? 12 230 499 671 43 650 143 94 739 274 245 227 377
? 12 242 639 701 634 256 629 101 690 648 369 564 363
? 12 288 742 616 759 776 533 135 435 403 140 518 158
? 12 293 673 618 105 239 692 258 682 172 644 353 74
? 12 296 201 2 295 12 169 352 779 259 557 471 393
? 12 298 120 303 25 174 47 485 428 170 730 314 325
? 12 311 40 11 778 33 408 768 195 493 410 316 184
? 12 367 262 359 556 464 290 224 787 643 651 768 571
? 12 384 337 55 585 147 575 332 496 484 772 246 170
? 12 390 543 268 56 706 222 764 67 736 153 154 359
? 12 416 99 519 387 147 413 575 738 225 484 264 337
? 12 432 338 76 27 183 518 756 157 306 247 776 176
? 12 455 621 89 720 743 255 330 638 7 646 598 755
? 12 456 498 130 467 149 565 632 610 594 568 62 434
? 12 473 418 654 218 649 134 110 92 782 360 208 419
? 12 481 379 145 588 385 448 657 366 457 132 615 758
? 12 494 452 302 204 164 582 503 317 292 784 138 328
? 12 495 758 90 310 209 304 145 534 559 615 61 84
? 12 502 798 590 531 151 308 51 715 524 234 188 542
? 12 507 511 52 448 263 657 712 607 588 525 457 107
? 12 522 633 127 381 237 780 546 791 229 475 754 607
? 12 552 309 240 665 655 382 550 437 138 512 483 563
? 12 570 746 597 315 401 380 221 260 470 133 595 323
? 12 586 24 123 36 131 762 278 65 397 703 532 731
? 12 593 142 786 615 113 457 383 400 580 588 357 216
? 12 600 15 42 782 606 731 717 659 622 649 251 360
? 12 619 321 451 44 20 676 681 166 783 577 795 704
? 12 623 761 548 589 747 492 158 270 306 157 472 183
? 12 624 609 347 250 375 578 687 669 716 796 797 326
? 12 636 312 689 425 57 581 465 530 324 299 322 277
? 12 647 68 196 69 490 83 177 539 477 640 233 320
? 12 667 795 214 66 681 704 20 676 549 574 321 558
? 12 668 602 8 318 341 115 232 376 508 553 171 47
? 12 674 714 356 313 168 513 396 349 661 30 331 193
? 12 709 771 760 529 697 319 587 515 626 111 173 159
? 12 713 362 725 790 447 693 182 58 87 445 394 662
? 12 718 566 360 610 92 737 122 434 344 685 130 649
? 12 722 463 336 266 595 28 751 604 505 724 450 545
? 12 773 159 785 327 111 466 294 75 500 482 587 280
? 12 789 31 488 187 392 48 438 732 273 85 207 261
? 12 1 121 694 117 374 672 752 272 29 286 73 474
? 12 4 343 441 35 749 514 757 353 692 358 774 658
? 12 5 627 794 395 792 478 16 345 348 497 537 150
? 12 9 797 700 70 716 424 252 687 200 493 250 796
? 12 10 430 675 38 628 152 354 227 497 777 274 765
? 12 26 118 124 440 219 208 433 342 696 110 134 419
? 12 37 84 61 559 402 273 207 77 78 732 487 404
? 12 41 567 753 648 535 54 634 331 666 101 629 620
? 12 53 540 537 292 345 727 478 395 767 547 792 503
? 12 63 373 729 114 300 244 591 264 346 449 738 397
? 12 79 282 334 176 577 756 783 447 297 662 44 58
? 12 80 88 680 154 735 643 748 422 217 703 386 706
? 12 86 745 560 139 98 683 285 203 605 326 409 446
? 12 91 45 793 569 185 426 429 763 509 297 39 372
? 12 97 510 740 479 17 486 33 778 195 11 96 410
? 12 108 598 544 638 330 387 720 646 743 333 148 255
? 12 112 349 767 168 405 547 661 727 521 396 412 770
? 12 116 459 279 617 398 276 752 175 686 684 694 460
? 12 126 365 723 189 622 13 539 231 717 251 659 42
? 12 137 642 741 474 672 155 59 698 398 728 612 117
? 12 141 769 707 635 34 181 524 719 744 335 50 308
? 12 144 427 730 421 235 313 325 396 428 412 25 314
? 12 146 329 150 197 407 777 16 554 794 497 152 503
? 12 156 415 572 128 733 712 385 366 371 64 136 511
? 12 162 779 352 557 160 355 584 721 106 203 683 2
? 12 165 594 391 434 565 60 467 610 239 74 248 388
? 12 178 236 670 735 422 225 431 413 748 781 641 519
? 12 179 186 341 406 364 603 303 476 213 8 170 469
? 12 180 568 62 67 632 764 249 222 736 153 543 3
? 12 191 775 211 601 325 314 232 174 47 421 235 318
? 12 192 220 215 167 357 101 580 786 48 216 634 142
? 12 194 579 646 487 638 78 720 148 77 544 536 598
? 12 198 271 442 119 663 799 96 307 32 351 17 399
? 12 202 138 550 437 368 164 664 240 721 584 655 461
? 12 206 291 257 370 75 254 103 420 388 658 785 248
? 12 228 576 563 212 596 489 23 491 453 702 382 483
? 12 230 499 671 43 650 143 94 739 274 245 227 377
? 12 242 639 701 634 256 629 101 690 648 369 564 363
? 12 243 163 224 290 556 217 464 603 406 186 359 562
? 12 253 458 412 405 547 396 727 427 235 767 421 313
? 12 275 241 449 591 300 462 255 18 49 520 89 729
? 12 284 788 71 678 500 294 466 482 327 280 696 573
? 12 289 506 555 229 505 260 401 633 450 522 221 336
? 12 296 201 2 295 12 169 352 779 259 557 471 393
? 12 298 120 303 25 174 47 485 428 170 730 314 325
? 12 301 102 109 677 361 612 371 59 136 733 728 132
? 12 311 40 11 778 33 408 768 195 493 410 316 184
? 12 339 140 234 188 614 715 542 308 531 524 151 51
? 12 340 558 640 549 490 523 177 66 574 189 233 539
? 12 350 0 393 471 259 551 46 295 734 201 12 199
? 12 367 262 359 556 464 290 224 787 643 651 768 571
? 12 384 337 55 585 147 575 332 496 484 772 246 170
? 12 390 543 268 56 706 222 764 67 736 153 154 359
? 12 411 190 269 409 446 199 734 551 560 605 417 46
? 12 436 404 383 216 85 207 732 402 786 615 559 187
? 12 439 445 394 790 528 182 166 755 125 451 7 87
? 12 444 739 770 223 30 661 671 699 363 650 143 535
? 12 454 378 377 538 465 322 581 57 245 299 689 312
? 12 455 621 89 720 743 255 330 638 7 646 598 755
? 12 456 498 130 467 149 565 632 610 594 568 62 434
? 12 468 564 210 414 690 611 400 517 81 604 113 95
? 12 473 418 654 218 649 134 110 92 782 360 208 419
? 12 480 691 226 287 726 443 608 695 261 599 772 536
? 12 495 758 90 310 209 304 145 534 559 615 61 84
? 12 502 798 590 531 151 308 51 715 524 234 188 542
? 12 504 265 46 766 169 12 605 734 557 551 352 2
? 12 507 511 52 448 263 657 712 607 588 525 457 107
? 12 527 386 532 131 680 88 154 703 36 268 748 764
? 12 552 309 240 665 655 382 550 437 138 512 483 563
? 12 570 746 597 315 401 380 221 260 470 133 595 323
? 12 586 24 123 36 131 762 278 65 397 703 532 731
? 12 592 93 304 534 125 310 286 61 209 29 90 84
? 12 593 142 786 615 113 457 383 400 580 588 357 216
? 12 600 15 42 782 606 731 717 659 622 649 251 360
? 12 623 761 548 589 747 492 158 270 306 157 472 183
? 12 624 609 347 250 375 578 687 669 716 796 797 326
? 12 625 645 417 199 161 479 711 82 486 190 526 269
? 12 636 312 689 425 57 581 465 530 324 299 322 277
? 12 647 68 196 69 490 83 177 539 477 640 233 320
? 12 660 358 173 626 658 514 749 319 441 35 529 760
? 12 667 795 214 66 681 704 20 676 549 574 321 558
? 12 668 602 8 318 341 115 232 376 508 553 171 47
? 12 674 714 356 313 168 513 396 349 661 30 331 193
? 12 679 299 724 545 322 530 656 57 465 283 323 266
? 12 688 369 256 690 639 378 423 538 564 245 701 454
? 12 709 771 760 529 697 319 587 515 626 111 173 159
!
22 452 784 
22 452
784 22
55 170 485 575 
55 575
170 55
485 170
145 379 481 758 
145 758
379 145
481 379
703 
390 543 
390 543
620 750 753 
753 750
753 620
482 
298 303 
298 303
374 
185 297 569 614 763 793 
763 569
793 297
185 793
763 185
614 763
43 94 377 499 
94 499
43 94
377 43
230 
215 
80 
67 
109 677 728 
109 677
728 109
250 375 687 797 
250 687
797 250
375 797
178 236 670 
236 178
670 236
0 
7 439 445 451 528 
445 7
439 445
451 439
528 451
690 
199 625 645 
625 199
645 625
60 74 248 254 291 370 388 658 785 
388 658
74 60
248 74
388 248
370 388
370 254
291 370
785 291
157 472 613 
472 157
613 472
382 
327 
348 478 537 540 627 792 
792 537
478 627
348 478
792 348
540 792
320 
329 503 582 
503 329
582 503
263 
18 49 462 520 591 
462 18
591 462
49 591
520 49
12 296 
296 12
24 278 
278 24
169 
85 
87 125 182 362 725 
87 182
87 125
725 87
362 725
56 
113 210 400 468 517 611 
113 517
400 113
400 611
210 400
468 210
260 401 
260 401
167 192 
192 167
44 58 282 447 577 756 783 
447 58
577 447
44 577
282 44
783 282
756 783
47 191 
191 47
165 434 
165 434
228 563 576 
228 563
576 228
162 721 
162 721
748 
274 354 430 675 765 
274 430
274 765
675 274
354 675
246 332 476 484 
246 476
246 484
332 246
551 
65 346 397 717 731 
731 717
731 65
397 731
346 397
407 
131 527 532 
131 532
527 131
387 
146 554 
146 554
285 560 683 745 
745 560
745 683
285 745
213 364 496 
364 213
496 364
341 
280 
220 
204 302 494 
494 302
494 204
190 
107 281 588 657 
588 657
107 588
281 107
175 460 684 
684 175
460 684
144 730 
144 730
267 317 328 705 710 
328 317
705 328
267 705
267 710
124 
14 
4 
82 161 347 410 526 711 
161 410
526 161
82 526
711 82
347 711
779 
277 312 324 581 
324 312
324 581
277 324
98 139 
139 98
734 
111 159 206 587 773 
159 587
111 159
773 111
206 773
96 238 307 399 
399 96
399 307
238 399
172 516 561 637 652 
637 561
516 637
516 652
172 516
640 
21 26 118 219 
118 21
26 118
219 26
79 176 334 338 
176 338
334 79
176 334
115 171 232 491 508 553 601 775 
601 775
115 601
171 553
232 171
508 232
508 115
491 508
138 437 
138 437
405 427 458 
405 427
458 405
132 361 
132 361
589 
579 
557 
343 441 749 
343 749
441 343
126 189 
126 189
402 
25 120 
120 25
305 344 566 718 737 
344 305
566 737
566 344
718 566
83 104 
104 83
41 331 
41 331
357 383 436 
383 357
436 383
269 411 417 
269 417
411 269
32 351 
32 351
168 292 412 547 727 767 
412 168
767 412
547 767
727 547
292 727
709 771 
709 771
356 
155 698 
698 155
301 
300 
443 691 
691 443
423 688 
688 423
662 686 
686 662
500 678 
678 500
241 
492 623 
623 492
15 600 
600 15
207 
295 350 393 
393 295
350 393
570 597 
570 597
340 549 558 
558 549
340 558
133 283 323 
283 323
283 133
91 
158 288 403 533 742 759 761 
761 158
533 761
403 533
759 403
742 759
742 288
51 542 
542 51
378 538 
538 378
34 
777 
135 140 188 234 
234 188
140 234
135 140
130 149 498 565 
498 565
149 498
130 149
446 
518 616 
518 616
489 512 
512 489
386 
3 153 222 736 
736 222
153 736
3 153
309 
336 463 595 722 
722 595
463 336
722 463
143 245 650 671 
143 245
671 143
650 671
116 279 459 
116 459
279 116
197 
240 552 655 665 
665 655
240 665
552 240
177 
81 
84 487 
487 84
272 394 693 713 790 
693 272
693 394
790 693
713 790
35 173 514 626 660 
35 514
660 35
173 626
660 173
19 
646 
466 
205 408 
408 205
454 
385 448 507 733 
385 733
448 385
507 448
129 226 261 501 599 666 
501 599
666 501
129 666
226 129
261 226
255 275 330 
255 330
275 255
384 585 
384 585
17 311 
311 17
372 
75 103 257 
257 103
257 75
259 471 
259 471
333 
93 209 304 310 592 615 
310 615
209 310
304 209
592 304
93 592
202 664 
202 664
308 
286 
20 66 574 676 704 795 
66 574
20 66
676 795
20 676
704 20
27 247 432 
27 432
247 27
196 
265 504 605 766 
265 605
766 265
504 766
88 
223 701 739 
223 701
223 739
163 217 735 
217 163
217 735
36 
389 578 583 602 609 
578 609
389 578
583 389
602 583
769 
663 
194 638 743 
638 743
194 638
106 160 203 355 584 
584 203
355 106
160 355
584 160
632 
23 453 596 669 
596 23
453 669
453 596
6 31 187 273 287 392 438 488 536 608 695 
187 31
488 187
488 273
488 438
287 488
287 392
536 287
608 536
695 608
6 695
64 156 
156 64
550 
50 141 
141 50
122 696 
122 696
544 
179 406 556 
406 556
179 406
469 
54 363 444 535 567 629 648 699 
648 567
629 363
648 629
54 648
535 54
699 535
444 699
414 
358 
1 121 694 
121 694
121 1
294 
359 367 643 680 
643 359
643 680
367 643
100 211 630 
100 211
100 630
151 
92 
108 598 
108 598
791 
224 290 464 571 651 
224 290
464 224
651 464
571 651
493 
369 
352 
105 249 
105 249
86 326 
86 326
289 
5 497 
5 497
251 
8 318 376 541 562 
318 8
376 318
562 376
562 541
102 136 366 371 
366 102
371 136
366 371
212 
46 
786 
59 117 612 
612 117
59 612
404 
112 349 521 661 770 
349 112
661 770
349 661
521 349
642 741 
741 642
715 
706 
40 316 768 
40 768
40 316
37 61 559 
61 559
37 61
239 293 618 682 
293 239
618 682
293 618
649 
114 738 
738 114
634 
483 702 
702 483
449 
174 668 
668 174
29 
63 99 244 373 413 431 519 729 
373 63
729 373
244 729
431 244
413 431
413 519
99 413
523 667 
667 523
673 
271 442 799 
442 271
799 442
101 564 
564 101
428 
365 539 
539 365
502 590 
502 590
524 531 798 
531 524
798 531
71 284 342 573 685 788 
573 342
788 573
788 71
788 284
685 788
422 
268 
90 495 
495 90
225 641 781 
641 225
781 641
181 276 335 707 
181 707
335 181
276 335
391 420 
420 391
319 515 529 697 760 
529 697
529 319
760 529
515 760
398 752 
398 752
635 719 744 
744 635
719 744
201 
76 183 270 306 435 548 747 776 
435 776
747 435
548 306
183 548
270 183
270 747
76 270
45 339 
339 45
147 264 337 416 480 726 772 
147 264
147 416
772 147
772 480
772 337
726 772
13 231 622 723 
13 723
13 622
231 13
313 513 674 
513 313
674 513
69 208 433 440 
433 69
433 440
208 433
299 322 465 530 545 679 724 
322 465
299 322
530 299
545 530
724 545
679 724
68 233 647 
68 233
647 68
28 72 95 229 450 505 506 555 604 751 754 
604 95
72 604
754 72
505 229
555 506
505 555
450 505
28 751
450 28
754 450
148 
221 315 380 470 656 746 
221 746
380 221
380 315
470 380
656 470
425 636 689 
636 689
636 425
477 
57 266 
266 57
10 38 628 
38 10
628 38
325 
253 421 
253 421
617 
110 218 360 418 654 782 
782 360
110 782
218 110
218 418
654 218
457 
235 
258 353 644 653 692 757 774 
258 644
353 258
353 774
353 692
757 353
653 757
127 237 381 522 633 780 
237 522
381 237
127 381
633 127
633 780
193 
242 639 
242 639
720 
62 180 568 764 
568 62
764 568
180 764
42 606 659 
42 659
606 42
164 368 461 708 
461 708
461 368
164 461
186 243 603 
603 186
603 243
610 
142 580 593 
142 580
593 142
152 227 
227 152
123 586 762 
123 762
586 123
134 419 473 
134 419
473 134
119 198 
198 119
73 137 474 672 
672 73
474 672
137 474
70 184 
184 70
490 
794 
97 479 486 740 
740 486
740 479
97 740
77 78 
78 77
409 
11 33 195 510 631 778 
33 195
510 33
778 510
11 778
631 11
53 150 345 395 
395 150
345 395
53 345
456 467 594 
467 594
456 467
2 
534 
16 
154 
200 424 624 700 716 796 
700 200
424 700
796 424
796 716
624 796
256 
314 
9 252 
9 252
52 128 415 475 511 525 546 572 607 712 
572 415
128 572
511 128
475 52
546 475
525 546
511 525
712 511
607 712
39 426 429 509 
426 509
426 429
39 426
89 455 621 
621 89
455 621
396 
262 787 
787 262
166 214 321 619 681 755 
166 755
681 166
321 681
321 214
619 321
30 714 
714 30
48 216 732 789 
48 216
732 48
789 732
