? 7 0 660 471 14 87 700 644
? 7 1 80 285 316 318 444 312
? 7 2 563 692 424 604 403 281
? 7 3 432 234 664 372 384 694
? 7 4 420 693 725 586 143 795
? 7 5 560 73 750 391 509 413
? 7 6 508 566 98 614 629 360
? 7 7 311 167 168 721 295 185
? 7 8 50 779 272 209 628 584
? 7 9 733 407 305 486 457 341
? 7 10 388 255 297 152 290 148
? 7 11 335 287 437 564 719 373
? 7 12 544 765 423 295 448 503
? 7 13 795 644 420 660 693 456
? 7 15 372 588 432 326 664 3
? 7 16 454 119 565 261 177 674
? 7 17 330 685 620 394 529 47
? 7 18 24 51 83 360 44 98
? 7 19 14 276 122 732 644 350
? 7 20 145 669 58 537 216 601
? 7 21 291 257 772 25 155 261
? 7 22 203 175 550 217 506 681
? 7 23 99 490 394 705 685 529
? 7 26 181 757 706 661 240 618
? 7 27 68 622 182 587 502 568
? 7 28 178 675 691 557 430 239
? 7 29 408 182 473 670 378 93
? 7 30 580 453 146 97 197 526
? 7 31 648 92 300 359 472 36
? 7 32 659 76 592 60 80 285
? 7 33 465 136 364 551 267 421
? 7 34 497 778 455 203 175 217
? 7 35 567 595 511 636 270 259
? 7 37 101 344 416 520 358 589
? 7 38 798 398 153 356 95 327
? 7 39 773 768 103 224 532 351
? 7 40 550 308 601 537 727 338
? 7 41 719 238 335 519 11 437
? 7 42 510 344 358 204 589 647
? 7 43 353 227 753 125 376 621
? 7 45 389 662 105 690 615 713
? 7 46 531 602 695 728 274 616
? 7 48 585 325 159 25 460 299
? 7 49 480 782 651 237 520 393
? 7 52 493 296 723 576 709 730
? 7 53 789 571 246 449 715 747
? 7 54 94 446 249 386 670 473
? 7 55 512 414 65 154 242 623
? 7 56 609 409 632 678 258 496
? 7 57 86 115 146 524 292 746
? 7 59 158 492 722 273 404 342
? 7 61 707 401 149 282 38 356
? 7 62 734 390 379 218 440 204
? 7 63 758 84 517 681 538 506
? 7 64 638 333 93 217 378 190
? 7 66 241 634 698 441 774 174
? 7 67 173 491 111 494 171 189
? 7 69 477 481 470 376 761 184
? 7 70 549 244 548 294 604 563
? 7 71 539 682 117 195 483 306
? 7 72 769 330 230 17 620 522
? 7 74 79 652 569 490 705 780
? 7 75 596 744 322 148 388 412
? 7 77 657 219 760 280 449 715
? 7 78 727 382 283 729 338 505
? 7 81 339 236 142 780 788 529
? 7 82 525 703 463 377 671 171
? 7 85 89 714 200 646 605 179
? 7 88 771 570 671 742 58 395
? 7 90 583 487 450 598 515 689
? 7 91 387 272 722 682 223 117
? 7 96 134 688 187 179 633 540
? 7 100 110 319 337 536 369 163
? 7 102 431 231 299 177 485 321
? 7 104 600 630 323 435 406 445
? 7 106 545 514 676 503 205 515
? 7 107 777 228 434 384 326 664
? 7 108 528 196 127 131 191 164
? 7 109 489 95 356 327 426 770
? 7 112 784 626 507 494 171 111
? 7 113 324 724 221 172 467 319
? 7 114 516 519 402 554 566 347
? 7 116 405 248 786 590 428 313
? 7 118 469 791 205 475 514 545
? 7 120 284 568 385 68 488 610
? 7 121 690 380 781 397 105 45
? 7 123 649 547 439 298 607 686
? 7 124 619 772 257 291 233 675
? 7 126 426 513 391 398 413 327
? 7 128 156 491 189 173 67 50
? 7 129 679 708 464 754 277 427
? 7 130 192 792 751 375 297 470
? 7 132 737 371 207 307 663 451
? 7 133 684 256 639 161 135 686
? 7 137 163 499 362 552 369 337
? 7 138 799 661 181 247 618 26
? 7 139 144 354 400 484 665 264
? 7 140 625 599 282 461 593 561
? 7 141 640 462 267 362 551 220
? 7 147 498 788 280 543 331 349
? 7 150 450 598 467 183 689 90
? 7 151 577 478 336 303 293 702
? 7 157 495 214 206 797 557 592
? 7 160 534 553 650 623 433 304
? 7 162 169 220 267 465 33 591
? 7 165 198 720 304 229 433 334
? 7 166 580 483 97 348 195 507
? 7 170 264 665 354 202 479 144
? 7 176 250 343 383 603 310 440
? 7 180 366 649 328 259 686 123
? 7 186 200 89 646 527 738 164
? 7 188 350 456 586 143 693 777
? 7 193 579 444 464 129 332 243
? 7 194 105 643 690 389 45 271
? 7 199 562 668 474 672 558 767
? 7 201 332 212 417 518 444 776
? 7 208 396 538 506 517 478 63
? 7 210 268 233 674 523 289 447
? 7 211 357 486 526 9 407 733
? 7 213 504 411 262 552 216 499
? 7 215 739 572 673 677 576 493
? 7 222 747 246 372 15 72 320
? 7 225 767 370 474 672 263 562
? 7 226 395 377 749 703 671 245
? 7 232 655 605 83 633 646 24
? 7 235 787 658 367 527 445 131
? 7 251 374 571 174 741 752 575
? 7 252 728 274 536 616 695 602
? 7 253 554 576 493 402 709 52
? 7 254 161 135 639 445 133 611
? 7 260 381 122 732 306 276 117
? 7 265 559 269 410 184 761 704
? 7 266 763 696 363 373 429 680
? 7 275 400 152 297 341 484 139
? 7 278 522 230 708 464 442 243
? 7 279 355 582 793 759 346 775
? 7 286 461 599 304 521 433 153
? 7 288 468 717 442 627 243 620
? 7 301 584 50 209 505 156 729
? 7 302 755 412 36 443 419 322
? 7 309 542 653 281 404 273 492
? 7 314 606 386 425 94 242 54
? 7 315 293 779 577 303 628 151
? 7 317 458 376 481 761 184 353
? 7 329 270 361 680 595 363 567
? 7 340 523 617 268 683 289 447
? 7 345 745 438 725 736 701 535
? 7 352 699 663 737 207 132 371
? 7 365 712 455 229 778 334 497
? 7 368 197 746 524 292 526 146
? 7 392 496 678 258 457 305 733
? 7 399 578 191 697 530 574 108
? 7 415 610 488 385 616 482 284
? 7 418 455 175 642 203 365 573
? 7 422 447 452 289 667 149 210
? 7 436 413 513 645 476 798 398
? 7 459 723 296 771 88 749 226
? 7 466 735 341 250 733 9 305
? 7 500 742 463 671 525 283 570
? 7 501 269 322 75 704 744 410
? 7 533 424 775 659 355 666 279
? 7 541 378 333 497 473 249 778
? 7 546 770 426 126 109 489 327
? 7 555 711 705 490 79 717 288
? 7 556 393 480 49 574 782 687
? 7 581 672 199 562 60 767 403
? 7 594 700 292 86 115 524 170
? 7 597 206 718 318 316 312 495
? 7 608 653 228 122 107 777 492
? 7 612 783 578 574 393 532 191
? 7 613 545 106 172 475 676 514
? 7 624 706 757 26 181 240 661
? 7 631 224 343 603 103 383 773
? 7 635 768 785 224 726 532 39
? 7 637 441 621 774 353 634 66
? 7 641 730 421 654 709 364 136
? 7 656 87 471 745 660 438 345
? 7 710 342 628 294 8 779 315
? 7 716 764 460 159 585 548 299
? 7 731 369 362 462 141 221 467
? 7 740 720 321 485 573 165 140
? 7 743 754 60 427 679 581 277
? 7 748 47 349 331 543 320 769
? 7 756 521 476 645 509 436 413
? 7 762 794 103 773 379 351 603
? 7 766 702 338 336 478 505 396
? 7 790 485 84 642 431 573 102
? 7 796 529 543 331 394 47 142
? 7 5 560 73 750 391 509 413
? 7 7 311 167 168 721 295 185
? 7 12 544 765 423 295 448 503
? 7 16 454 119 565 261 177 674
? 7 22 203 175 550 217 506 681
? 7 23 99 490 394 705 685 529
? 7 28 178 675 691 557 430 239
? 7 31 648 92 300 359 472 36
? 7 35 567 595 511 636 270 259
? 7 42 510 344 358 204 589 647
? 7 44 360 51 629 18 98 439
? 7 46 531 602 695 728 274 616
? 7 56 609 409 632 678 258 496
? 7 57 86 115 146 524 292 746
? 7 59 158 492 722 273 404 342
? 7 62 734 390 379 218 440 204
? 7 65 154 55 414 512 623 553
? 7 77 657 219 760 280 449 715
? 7 101 37 520 651 416 344 237
? 7 114 516 519 402 554 566 347
? 7 124 619 772 257 291 233 675
? 7 125 227 375 192 376 43 69
? 7 134 96 540 633 688 187 179
? 7 155 430 346 691 21 759 582
? 7 157 495 214 206 797 557 592
? 7 162 169 220 267 465 33 591
? 7 190 552 411 504 638 213 337
? 7 194 105 643 690 389 45 271
? 7 201 332 212 417 518 444 776
? 7 202 479 471 700 753 170 87
? 7 211 357 486 526 9 407 733
? 7 223 682 494 195 348 91 67
? 7 225 767 370 474 672 263 562
? 7 234 3 432 694 277 427 384
? 7 238 41 169 220 162 721 583
? 7 252 728 274 536 616 695 602
? 7 254 161 135 639 445 133 611
? 7 262 654 216 213 504 411 730
? 7 287 11 564 437 335 373 719
? 7 290 255 10 218 310 388 152
? 7 298 607 439 123 547 629 44
? 7 308 40 601 550 537 638 217
? 7 309 542 653 281 404 273 492
? 7 313 786 520 651 416 782 248
? 7 323 600 104 630 435 406 131
? 7 366 259 649 328 180 511 123
? 7 381 260 306 732 122 117 276
? 7 418 455 175 642 203 365 573
? 7 419 443 412 36 322 302 410
? 7 425 587 314 408 182 386 29
? 7 451 307 240 207 618 132 247
? 7 453 146 483 57 580 30 166
? 7 482 415 610 172 385 616 252
? 7 498 147 788 280 543 331 349
? 7 508 6 566 98 614 629 360
? 7 546 770 426 126 109 489 327
? 7 549 70 294 244 548 542 628
? 7 555 711 705 490 79 717 288
? 7 561 593 667 321 625 119 177
? 7 575 219 715 449 760 251 77
? 7 590 116 510 405 786 42 300
? 7 596 75 322 744 755 412 443
? 7 597 206 718 318 316 312 495
? 7 627 717 243 518 468 288 417
? 7 637 441 621 774 353 634 66
? 7 640 141 462 267 220 551 169
? 7 650 534 160 433 553 304 623
? 7 658 787 611 235 135 367 639
? 7 666 797 214 775 592 557 76
? 7 669 145 20 537 58 727 601
? 7 673 572 215 739 677 576 688
? 7 697 399 578 574 191 108 783
? 7 699 352 737 207 663 132 363
? 7 713 615 245 749 662 45 389
? 7 726 530 785 635 191 532 768
? 7 731 369 362 462 141 221 467
? 7 736 535 438 701 345 745 725
? 7 738 258 496 409 635 186 632
? 7 743 754 60 427 679 581 277
? 7 751 484 375 192 130 144 354
? 7 752 698 174 241 251 741 66
? 7 756 521 476 645 509 436 413
? 7 781 507 784 97 380 397 121
? 7 791 205 118 469 514 503 475
? 7 793 355 279 582 604 759 346
? 7 799 138 247 661 618 181 240
? 7 0 660 471 14 87 700 644
? 7 1 80 285 316 318 444 312
? 7 2 563 692 424 604 403 281
? 7 5 560 73 750 391 509 413
? 7 7 311 167 168 721 295 185
? 7 12 544 765 423 295 448 503
? 7 13 795 644 420 660 693 456
? 7 16 454 119 565 261 177 674
? 7 19 14 276 122 732 644 350
? 7 22 203 175 550 217 506 681
? 7 23 99 490 394 705 685 529
? 7 28 178 675 691 557 430 239
? 7 31 648 92 300 359 472 36
? 7 35 567 595 511 636 270 259
? 7 38 798 398 153 356 95 327
? 7 46 531 602 695 728 274 616
? 7 48 585 325 159 25 460 299
? 7 53 789 571 246 449 715 747
? 7 56 609 409 632 678 258 496
? 7 59 158 492 722 273 404 342
? 7 61 707 401 149 282 38 356
? 7 62 734 390 379 218 440 204
? 7 65 154 55 414 512 623 553
? 7 71 539 682 117 195 483 306
? 7 72 769 330 230 17 620 522
? 7 74 79 652 569 490 705 780
? 7 78 727 382 283 729 338 505
? 7 81 339 236 142 780 788 529
? 7 82 525 703 463 377 671 171
? 7 83 655 24 18 98 51 614
? 7 84 758 63 681 517 790 506
? 7 85 89 714 200 646 605 179
? 7 90 583 487 450 598 515 689
? 7 93 378 333 64 29 541 408
? 7 100 110 319 337 536 369 163
? 7 111 171 173 626 491 67 189
? 7 113 324 724 221 172 467 319
? 7 114 516 519 402 554 566 347
? 7 120 284 568 385 68 488 610
? 7 124 619 772 257 291 233 675
? 7 128 156 491 189 173 67 50
? 7 134 96 540 633 688 187 179
? 7 148 744 388 792 75 10 501
? 7 150 450 598 467 183 689 90
? 7 151 577 478 336 303 293 702
? 7 157 495 214 206 797 557 592
? 7 164 127 196 527 131 528 108
? 7 188 350 456 586 143 693 777
? 7 193 579 444 464 129 332 243
? 7 194 105 643 690 389 45 271
? 7 201 332 212 417 518 444 776
? 7 209 584 293 301 779 50 151
? 7 211 357 486 526 9 407 733
? 7 225 767 370 474 672 263 562
? 7 231 102 299 431 177 565 325
? 7 232 655 605 83 633 646 24
? 7 234 3 432 694 277 427 384
? 7 253 554 576 493 402 709 52
? 7 254 161 135 639 445 133 611
? 7 256 684 133 161 639 180 254
? 7 262 654 216 213 504 411 730
? 7 265 559 269 410 184 761 704
? 7 266 763 696 363 373 429 680
? 7 272 387 91 722 8 50 59
? 7 275 400 152 297 341 484 139
? 7 278 522 230 708 464 442 243
? 7 286 461 599 304 521 433 153
? 7 287 11 564 437 335 373 719
? 7 290 255 10 218 310 388 152
? 7 308 40 601 550 537 638 217
? 7 309 542 653 281 404 273 492
? 7 317 458 376 481 761 184 353
? 7 323 600 104 630 435 406 131
? 7 326 588 434 664 384 777 107
? 7 329 270 361 680 595 363 567
? 7 340 523 617 268 683 289 447
? 7 366 259 649 328 180 511 123
? 7 368 197 746 524 292 526 146
? 7 374 741 174 571 251 53 535
? 7 381 260 306 732 122 117 276
? 7 383 176 343 250 603 631 466
? 7 392 496 678 258 457 305 733
? 7 395 226 377 749 703 671 88
? 7 396 208 538 506 517 478 63
? 7 418 455 175 642 203 365 573
? 7 419 443 412 36 322 302 410
? 7 422 447 452 289 667 149 210
? 7 428 248 405 116 786 313 590
? 7 451 307 240 207 618 132 247
? 7 453 146 483 57 580 30 166
? 7 459 723 296 771 88 749 226
? 7 470 477 704 69 761 184 481
? 7 498 147 788 280 543 331 349
? 7 502 622 587 27 68 182 120
? 7 508 6 566 98 614 629 360
? 7 513 398 413 436 391 126 509
? 7 546 770 426 126 109 489 327
? 7 555 711 705 490 79 717 288
? 7 556 393 480 49 574 782 687
? 7 558 263 474 668 370 562 199
? 7 570 771 88 58 742 671 500
? 7 591 347 465 554 162 33 519
? 7 594 700 292 86 115 524 170
? 7 596 75 322 744 755 412 443
? 7 597 206 718 318 316 312 495
? 7 612 783 578 574 393 532 191
? 7 613 545 106 172 475 676 514
? 7 624 706 757 26 181 240 661
? 7 627 717 243 518 468 288 417
? 7 637 441 621 774 353 634 66
? 7 640 141 462 267 220 551 169
? 7 650 534 160 433 553 304 623
? 7 656 87 471 745 660 438 345
? 7 669 145 20 537 58 727 601
? 7 677 572 215 673 402 739 516
? 7 699 352 737 207 663 132 363
? 7 710 342 628 294 8 779 315
? 7 712 365 334 229 778 455 497
? 7 716 764 460 159 585 548 299
? 7 726 530 785 635 191 532 768
? 7 731 369 362 462 141 221 467
? 7 736 535 438 701 345 745 725
? 7 743 754 60 427 679 581 277
? 7 751 484 375 192 130 144 354
? 7 756 521 476 645 509 436 413
? 7 762 794 103 773 379 351 603
!
137 
71 
62 204 358 379 416 647 734 
204 379
204 647
734 62
204 734
358 204
416 358
74 555 
555 74
141 220 362 499 640 
362 220
141 640
362 141
499 362
65 
33 
216 411 723 730 
730 411
730 723
730 216
31 
88 570 771 
88 771
570 88
178 206 214 430 557 592 659 666 797 
797 206
214 797
557 214
557 666
557 430
557 178
592 557
659 592
546 770 
546 770
76 533 
533 76
12 
508 614 
508 614
716 
461 521 645 
521 645
461 521
423 503 
503 423
68 120 284 415 488 610 622 
68 622
68 284
120 68
488 120
610 488
415 610
663 
265 410 559 
559 265
410 559
404 492 
492 404
359 472 
472 359
438 535 
438 535
104 406 
406 104
567 
518 
504 
420 
343 383 
383 343
402 
122 381 
381 122
252 274 482 602 728 
274 602
728 274
252 728
482 252
329 361 363 699 
363 329
363 361
699 363
342 
317 
293 336 478 
336 478
293 336
156 338 491 505 729 766 
766 338
156 491
505 156
505 729
766 505
248 405 786 
405 786
248 405
143 188 350 
350 188
143 350
328 366 
366 328
323 600 
323 600
105 271 
271 105
111 189 626 
111 189
111 626
9 407 466 486 733 
486 407
9 486
9 733
466 9
162 238 
238 162
256 547 684 686 
686 547
684 256
686 684
58 283 395 500 742 
500 283
742 500
742 58
395 742
262 
211 357 
211 357
134 540 
134 540
77 449 789 
449 789
77 449
119 447 
119 447
44 51 98 
51 98
44 51
49 393 480 651 
480 49
393 480
651 393
30 146 524 
146 524
30 146
159 
21 261 772 
21 772
21 261
124 
114 566 
114 566
38 
174 241 571 698 741 752 
741 571
174 741
698 174
241 698
752 241
7 
736 
685 
0 87 
87 0
643 
553 
465 
40 308 537 638 
40 537
638 40
638 308
459 
59 273 
59 273
147 280 349 543 748 788 
349 543
788 147
280 788
349 280
748 349
56 258 
56 258
138 247 799 
799 247
799 138
334 
54 94 242 446 512 670 
242 512
94 242
54 94
446 54
670 446
218 250 255 290 310 388 440 
388 255
310 388
218 310
218 290
440 218
250 440
79 652 780 
652 79
780 652
46 531 
46 531
34 455 
34 455
299 548 764 
548 299
764 548
313 
467 598 724 
467 598
724 467
22 396 
22 396
291 
278 
179 688 714 
179 688
714 179
183 
157 
497 712 778 
778 497
712 778
90 450 487 583 
487 450
583 487
583 90
150 
268 289 340 617 683 
340 289
617 340
683 617
268 683
126 
166 483 580 682 
483 682
166 483
580 166
20 145 
20 145
39 103 351 631 762 773 
773 39
351 762
773 351
773 103
631 773
230 464 708 
708 230
708 464
61 149 707 
61 149
707 61
429 680 696 
680 429
696 680
85 
64 
215 572 677 
215 572
677 215
35 
107 228 434 608 664 777 
107 228
608 107
777 434
777 664
608 777
735 
16 140 177 561 565 593 
565 16
177 565
561 177
593 140
593 561
678 
8 301 
8 301
82 171 226 245 377 703 749 
171 82
703 171
749 226
703 749
377 703
245 377
545 
294 542 549 710 
549 542
294 710
549 294
5 391 
5 391
106 515 676 689 
676 106
515 676
515 689
202 345 471 479 701 745 753 
745 701
345 745
471 345
202 471
753 479
202 753
603 794 
794 603
199 225 263 370 558 672 
672 199
672 225
263 672
263 370
558 263
460 
48 231 325 485 
325 48
231 325
485 231
448 
186 224 532 635 738 
738 186
635 738
532 635
224 532
15 222 372 432 747 
372 432
15 372
222 15
222 747
493 673 739 
739 493
673 739
102 165 229 321 431 573 642 720 
431 102
321 431
720 229
720 165
573 642
720 573
321 720
522 769 
769 522
170 660 700 
700 170
660 700
544 765 
765 544
390 
352 
297 
53 
172 324 613 
172 324
613 172
774 
110 163 190 337 369 552 731 
369 731
163 369
110 163
337 110
552 337
190 552
266 763 
763 266
116 428 590 
116 428
590 116
767 
560 750 
750 560
721 
346 582 793 
346 793
582 346
60 743 
743 60
650 
597 718 
718 597
209 315 584 628 779 
779 584
628 315
779 628
209 779
576 709 
709 576
243 288 442 468 
468 288
243 468
442 243
136 169 221 267 364 462 551 641 
462 221
267 462
267 169
551 267
136 551
136 641
136 364
581 668 679 
581 668
581 679
490 569 711 
490 711
569 490
353 458 637 
353 637
458 353
463 671 
671 463
502 587 
587 502
534 
523 
253 
249 
219 374 
374 219
17 23 47 99 394 529 620 705 
99 705
394 99
529 23
394 529
17 394
620 17
47 620
108 127 164 191 196 527 528 530 726 783 785 
530 785
191 530
191 726
191 783
108 191
127 108
528 164
127 528
196 127
527 196
223 
27 29 93 182 333 541 
182 29
182 27
93 182
333 93
541 333
373 437 564 
437 373
437 564
305 392 457 
305 457
392 305
117 306 387 
117 306
387 117
213 
292 368 746 
292 746
368 292
92 
130 139 152 470 484 
139 152
484 139
130 484
130 470
129 277 427 579 754 
427 277
754 427
129 754
129 579
24 360 
360 24
715 
327 356 401 489 
489 327
356 489
356 401
100 319 536 
319 536
319 100
695 
630 
525 
11 287 
287 11
389 
298 607 629 
298 629
298 607
144 192 264 354 375 400 665 792 
144 264
375 144
192 375
665 400
354 665
192 354
792 192
96 232 633 
633 96
232 633
36 269 302 412 443 648 744 755 
36 648
302 36
412 302
412 443
744 412
744 755
744 269
37 42 344 520 782 
520 782
37 520
344 37
42 344
236 339 
236 339
205 514 
205 514
335 
154 160 304 414 433 599 623 625 
414 154
623 414
160 623
433 160
304 433
599 304
625 599
330 
89 200 
200 89
314 386 425 606 
606 425
314 606
314 386
41 347 519 554 591 
347 591
347 554
519 347
41 519
322 
270 
153 198 286 
286 153
198 286
78 382 727 
78 727
78 382
19 260 276 
276 260
19 276
101 
279 355 759 775 
355 759
775 355
279 775
32 285 312 316 318 
312 318
316 312
285 316
32 285
210 454 667 674 
674 454
210 674
210 667
55 
6 
13 14 644 
644 14
13 644
732 
653 
28 155 233 239 619 675 691 
619 233
239 619
675 239
675 28
691 675
155 691
18 83 605 646 655 
646 605
655 646
655 83
18 655
201 444 776 
444 201
776 444
413 476 756 
756 413
756 476
2 281 309 403 424 563 604 692 
424 403
563 424
281 309
2 281
563 2
692 563
604 692
50 67 91 158 173 272 494 722 
272 50
722 272
722 158
91 722
67 91
173 67
494 173
275 341 751 
275 341
751 275
615 662 713 
662 615
713 662
367 
151 303 577 702 
577 702
577 303
151 577
193 
185 
237 556 687 
556 237
687 556
4 456 586 693 725 
456 693
586 456
4 586
4 725
441 621 634 
634 441
621 634
43 69 125 184 227 376 481 501 704 761 
376 43
481 376
761 481
125 227
69 125
761 69
761 184
704 761
501 704
112 195 348 539 
195 539
348 195
112 348
176 
128 
10 75 148 596 
75 596
10 75
10 148
168 311 
168 311
45 121 194 380 397 507 690 781 784 
45 194
690 45
121 690
121 397
380 121
784 380
784 781
507 784
66 
167 295 
167 295
516 
95 109 
95 109
175 203 217 378 408 418 473 550 
175 550
175 418
175 203
217 175
378 217
408 378
473 408
419 
385 
72 320 331 498 796 
320 72
331 320
331 498
796 331
409 609 632 
632 409
609 632
398 426 436 509 513 798 
398 426
398 798
436 398
509 436
513 509
282 
257 
57 115 
57 115
669 
578 
1 80 
1 80
496 
118 469 475 791 
469 475
118 469
791 118
113 
300 510 589 
510 300
589 510
123 180 259 439 511 595 636 649 
636 595
511 636
259 511
180 259
649 180
123 649
439 123
717 
63 84 538 790 
84 538
63 84
790 63
365 740 
740 365
477 
70 
719 
795 
594 656 
656 594
132 207 240 307 371 451 618 661 737 
132 618
207 307
737 207
132 737
240 132
240 661
451 240
371 451
246 326 588 
588 246
588 326
208 506 517 681 758 
506 208
517 681
517 506
758 517
26 624 706 757 
26 757
624 26
706 624
25 244 585 
585 244
585 25
568 616 
568 616
474 562 
474 562
97 453 
453 97
422 452 
452 422
399 574 612 697 
574 612
399 574
697 399
768 
601 
73 
3 234 384 694 
234 3
384 234
694 384
131 435 
435 131
187 
495 
197 526 
197 526
81 142 
142 81
181 
52 296 421 654 
296 52
421 296
654 421
212 332 417 627 
212 332
417 212
627 417
86 
251 575 657 760 
760 657
575 760
575 251
133 135 161 235 254 445 611 639 658 787 
658 787
135 658
161 254
133 161
611 133
135 611
639 135
445 639
235 445
