? 7 0 636 637 310 786 239 187
? 7 1 403 229 428 489 202 430
? 7 2 742 96 584 572 768 707
? 7 3 135 32 571 696 360 603
? 7 4 537 614 559 210 274 225
? 7 5 546 793 767 442 534 461
? 7 6 727 36 766 669 411 576
? 7 7 216 606 648 627 258 72
? 7 8 389 313 447 348 226 488
? 7 9 513 507 573 410 195 215
? 7 10 84 661 730 626 772 600
? 7 11 579 586 563 736 433 777
? 7 12 320 259 38 104 523 321
? 7 13 217 785 758 168 688 472
? 7 14 771 376 460 81 327 214
? 7 15 743 293 280 733 748 340
? 7 16 470 416 551 161 726 312
? 7 17 328 98 515 492 485 642
? 7 18 709 244 535 57 435 472
? 7 19 411 790 476 681 88 548
? 7 20 138 331 71 481 363 703
? 7 21 444 448 251 688 635 625
? 7 22 478 159 749 268 315 385
? 7 23 316 782 678 413 511 299
? 7 24 750 113 377 97 622 632
? 7 25 297 300 600 689 626 686
? 7 26 679 95 577 436 544 707
? 7 27 201 134 29 746 554 440
? 7 28 414 222 372 345 737 718
? 7 30 319 720 346 147 367 545
? 7 31 334 303 394 128 780 786
? 7 33 731 466 745 320 302 38
? 7 34 630 361 136 609 760 322
? 7 35 660 171 588 423 276 132
? 7 37 608 744 283 384 181 343
? 7 39 323 108 83 526 182 106
? 7 40 795 385 67 315 377 750
? 7 41 127 250 500 601 753 404
? 7 42 233 242 740 585 536 206
? 7 43 490 282 539 261 245 89
? 7 44 649 247 556 592 651 690
? 7 45 788 574 494 146 226 581
? 7 46 799 658 220 232 271 80
? 7 47 126 702 682 369 434 179
? 7 48 685 100 71 666 76 311
? 7 49 392 434 54 109 369 682
? 7 50 206 740 119 242 273 233
? 7 51 787 669 99 36 6 766
? 7 52 343 243 657 99 715 744
? 7 53 205 652 413 678 706 358
? 7 55 647 358 474 652 451 205
? 7 56 508 752 52 343 744 769
? 7 58 438 325 615 175 506 488
? 7 59 169 249 186 538 238 664
? 7 60 783 454 575 329 281 441
? 7 61 455 596 166 64 553 670
? 7 62 718 345 421 737 160 775
? 7 63 176 772 457 732 661 446
? 7 65 586 76 777 736 11 579
? 7 66 280 293 655 200 141 388
? 7 68 704 791 145 105 236 67
? 7 69 617 629 383 491 775 90
? 7 70 276 423 660 658 694 132
? 7 73 330 628 188 332 641 144
? 7 74 77 209 765 450 734 393
? 7 75 404 189 422 200 141 250
? 7 78 650 346 104 645 523 38
? 7 79 399 155 295 213 277 618
? 7 82 170 634 587 578 158 194
? 7 85 183 194 587 634 578 211
? 7 86 211 415 85 578 158 183
? 7 87 133 292 125 599 675 94
? 7 91 665 429 443 621 102 281
? 7 92 715 463 243 284 608 580
? 7 93 318 517 395 751 231 499
? 7 101 768 237 130 584 659 742
? 7 103 591 111 487 445 710 770
? 7 107 552 757 272 355 557 228
? 7 110 430 312 553 254 726 1
? 7 112 357 607 532 289 88 681
? 7 114 166 596 720 670 147 274
? 7 115 215 529 195 278 507 410
? 7 116 562 633 289 407 748 697
? 7 117 182 503 323 108 729 39
? 7 118 654 29 746 672 27 134
? 7 120 268 779 218 797 759 202
? 7 121 157 712 402 420 514 640
? 7 122 273 119 520 50 193 206
? 7 123 504 524 191 227 301 656
? 7 124 472 217 259 321 275 635
? 7 129 625 701 333 444 156 448
? 7 131 262 495 703 212 71 755
? 7 137 452 754 591 90 491 604
? 7 139 236 356 266 561 67 541
? 7 140 662 756 530 449 341 290
? 7 142 263 550 288 473 609 286
? 7 143 696 543 762 774 380 684
? 7 148 544 185 436 408 347 639
? 7 149 458 464 270 192 603 479
? 7 150 763 172 221 467 728 161
? 7 151 620 480 699 638 490 326
? 7 152 797 489 159 764 14 229
? 7 153 204 668 427 680 598 722
? 7 154 589 199 602 441 636 621
? 7 162 514 712 782 157 174 121
? 7 163 676 445 327 674 671 728
? 7 164 235 613 486 440 741 554
? 7 165 694 132 418 70 276 423
? 7 167 424 296 240 398 502 585
? 7 173 32 72 380 543 406 335
? 7 177 560 315 749 385 341 478
? 7 178 355 757 552 582 107 287
? 7 180 781 761 719 267 739 379
? 7 184 568 567 203 546 690 324
? 7 190 417 505 692 776 393 793
? 7 196 733 365 395 751 412 362
? 7 197 381 717 761 721 687 719
? 7 198 303 498 641 144 334 780
? 7 207 598 451 358 652 680 706
? 7 208 584 592 572 237 101 649
? 7 219 349 433 714 405 579 76
? 7 223 483 155 277 264 295 619
? 7 224 737 538 160 186 62 345
? 7 230 255 501 147 314 64 789
? 7 234 588 475 794 279 565 193
? 7 241 597 558 256 610 753 500
? 7 246 700 340 228 557 272 280
? 7 248 382 698 573 513 9 370
? 7 252 553 225 317 274 455 110
? 7 253 741 486 201 554 164 235
? 7 257 324 461 203 738 716 184
? 7 260 653 639 291 640 121 408
? 7 265 299 459 511 316 23 352
? 7 269 600 730 84 686 626 10
? 7 285 764 497 353 510 159 214
? 7 294 611 378 673 697 613 633
? 7 298 372 28 414 638 222 87
? 7 304 644 469 796 311 350 593
? 7 305 400 677 525 792 623 520
? 7 306 534 442 461 767 324 738
? 7 307 510 238 249 337 605 169
? 7 308 96 717 583 721 714 687
? 7 309 106 527 462 83 39 526
? 7 336 509 100 540 666 525 623
? 7 338 710 503 496 182 111 487
? 7 339 264 619 465 213 483 368
? 7 342 496 111 445 728 338 526
? 7 344 482 425 373 549 240 616
? 7 351 516 370 555 663 221 581
? 7 354 722 492 515 668 598 179
? 7 359 292 528 87 471 426 186
? 7 364 383 399 284 778 618 79
? 7 366 794 193 520 234 171 588
? 7 371 386 484 695 314 759 64
? 7 374 410 195 735 215 507 513
? 7 375 518 437 557 246 228 412
? 7 387 279 623 677 475 565 666
? 7 390 301 191 656 524 123 566
? 7 391 680 427 451 529 55 207
? 7 396 708 348 175 682 369 434
? 7 397 57 566 535 244 656 458
? 7 401 170 188 634 628 587 82
? 7 409 631 80 286 419 322 271
? 7 431 615 547 729 488 58 438
? 7 432 477 239 589 187 154 773
? 7 439 555 467 663 136 516 521
? 7 453 736 468 777 419 322 374
? 7 456 711 563 735 11 579 687
? 7 493 287 582 723 753 127 500
? 7 512 168 333 785 688 758 625
? 7 519 360 479 227 571 258 627
? 7 522 362 570 365 569 196 733
? 7 531 435 275 535 566 472 124
? 7 533 174 474 647 379 640 739
? 7 542 141 601 404 200 250 75
? 7 564 144 198 303 105 188 641
? 7 590 772 10 84 626 689 132
? 7 594 769 411 36 19 6 508
? 7 595 352 485 723 493 241 265
? 7 612 398 502 296 424 21 167
? 7 624 576 378 727 112 607 611
? 7 643 300 724 559 297 689 25
? 7 646 706 207 511 598 652 358
? 7 667 671 551 416 693 676 726
? 7 683 181 90 491 452 69 283
? 7 691 402 420 157 747 514 712
? 7 705 447 226 527 389 574 462
? 7 713 541 561 353 266 497 795
? 7 725 521 161 467 470 172 439
? 7 784 773 187 637 239 326 94
? 7 798 218 759 254 779 371 484
? 7 3 135 32 571 696 360 603
? 7 7 216 606 648 627 258 72
? 7 35 660 171 588 423 276 132
? 7 41 127 250 500 601 753 404
? 7 46 799 658 220 232 271 80
? 7 61 455 596 166 64 553 670
? 7 74 77 209 765 450 734 393
? 7 89 775 778 261 539 383 617
? 7 97 622 24 632 113 750 377
? 7 102 281 621 602 441 199 454
? 7 103 591 111 487 445 710 770
? 7 109 54 392 49 325 506 434
? 7 117 182 503 323 108 729 39
? 7 122 273 119 520 50 193 206
? 7 125 133 675 599 310 87 128
? 7 129 625 701 333 444 156 448
? 7 140 662 756 530 449 341 290
? 7 145 105 394 704 791 236 68
? 7 146 788 45 581 574 9 494
? 7 151 620 480 699 638 490 326
? 7 162 514 712 782 157 174 121
? 7 165 694 132 418 70 276 423
? 7 173 32 72 380 543 406 335
? 7 176 63 457 446 732 772 661
? 7 189 256 610 75 404 597 500
? 7 197 381 717 761 721 687 719
? 7 210 614 4 220 232 537 559
? 7 223 483 155 277 264 295 619
? 7 230 255 501 147 314 64 789
? 7 231 93 318 499 437 517 395
? 7 245 282 490 43 368 618 261
? 7 247 651 556 44 734 350 649
? 7 262 703 131 495 212 755 481
? 7 263 288 142 550 473 631 80
? 7 267 291 781 180 739 379 640
? 7 270 464 192 458 149 603 571
? 7 302 731 745 33 466 549 686
? 7 305 400 677 525 792 623 520
? 7 306 534 442 461 767 324 738
? 7 313 488 389 8 83 323 58
? 7 317 252 288 142 263 550 312
? 7 329 441 454 199 60 281 602
? 7 330 641 73 498 144 564 188
? 7 331 138 481 20 363 419 755
? 7 332 628 188 73 401 183 587
? 7 336 509 100 540 666 525 623
? 7 339 264 619 465 213 483 368
? 7 347 747 420 402 639 653 157
? 7 356 236 139 471 528 145 426
? 7 357 112 532 607 289 88 681
? 7 359 292 528 87 471 426 186
? 7 366 794 193 520 234 171 588
? 7 373 240 344 482 446 585 536
? 7 376 460 214 14 771 664 81
? 7 384 283 37 487 608 503 710
? 7 388 289 748 743 357 112 15
? 7 390 301 191 656 524 123 566
? 7 396 708 348 175 682 369 434
? 7 415 86 774 158 578 211 762
? 7 417 190 690 793 568 44 649
? 7 425 745 549 344 731 302 482
? 7 443 429 665 91 621 102 281
? 7 469 593 350 644 304 796 450
? 7 518 437 517 375 412 751 93
? 7 531 435 275 535 566 472 124
? 7 545 367 627 319 606 258 504
? 7 547 729 431 615 117 744 752
? 7 548 19 392 411 49 790 594
? 7 560 177 622 632 341 315 335
? 7 569 362 522 570 365 196 499
? 7 577 95 707 26 768 679 436
? 7 604 770 754 664 460 137 538
? 7 605 337 307 426 238 249 510
? 7 612 398 502 296 424 21 167
? 7 616 482 732 549 661 446 344
? 7 642 98 597 328 702 241 256
? 7 643 300 724 559 297 689 25
? 7 654 118 29 672 746 27 134
? 7 657 99 580 243 52 715 343
? 7 659 130 567 101 237 768 203
? 7 674 81 327 445 771 163 770
? 7 684 774 380 543 335 632 97
? 7 691 402 420 157 747 514 712
? 7 693 671 667 551 416 726 676
? 7 695 64 386 314 371 501 230
? 7 698 382 248 573 468 34 513
? 7 700 340 246 228 280 293 557
? 7 713 541 561 353 266 497 795
? 7 716 738 257 324 203 461 679
? 7 760 361 136 521 34 630 439
? 7 2 742 96 584 572 768 707
? 7 3 135 32 571 696 360 603
? 7 5 546 793 767 442 534 461
? 7 7 216 606 648 627 258 72
? 7 13 217 785 758 168 688 472
? 7 17 328 98 515 492 485 642
? 7 18 709 244 535 57 435 472
? 7 22 478 159 749 268 315 385
? 7 30 319 720 346 147 367 545
? 7 31 334 303 394 128 780 786
? 7 35 660 171 588 423 276 132
? 7 41 127 250 500 601 753 404
? 7 46 799 658 220 232 271 80
? 7 48 685 100 71 666 76 311
? 7 51 787 669 99 36 6 766
? 7 53 205 652 413 678 706 358
? 7 56 508 752 52 343 744 769
? 7 59 169 249 186 538 238 664
? 7 61 455 596 166 64 553 670
? 7 65 586 76 777 736 11 579
? 7 74 77 209 765 450 734 393
? 7 78 650 346 104 645 523 38
? 7 92 715 463 243 284 608 580
? 7 94 599 133 675 310 637 125
? 7 103 591 111 487 445 710 770
? 7 109 54 392 49 325 506 434
? 7 115 215 529 195 278 507 410
? 7 120 268 779 218 797 759 202
? 7 122 273 119 520 50 193 206
? 7 126 47 702 682 369 434 642
? 7 129 625 701 333 444 156 448
? 7 140 662 756 530 449 341 290
? 7 143 696 543 762 774 380 684
? 7 148 544 185 436 408 347 639
? 7 150 763 172 221 467 728 161
? 7 151 620 480 699 638 490 326
? 7 152 797 489 159 764 14 229
? 7 153 204 668 427 680 598 722
? 7 154 589 199 602 441 636 621
? 7 162 514 712 782 157 174 121
? 7 165 694 132 418 70 276 423
? 7 170 634 82 587 401 194 578
? 7 173 32 72 380 543 406 335
? 7 176 63 457 446 732 772 661
? 7 178 355 757 552 582 107 287
? 7 179 668 47 126 354 722 396
? 7 189 256 610 75 404 597 500
? 7 197 381 717 761 721 687 719
? 7 223 483 155 277 264 295 619
? 7 224 737 538 160 186 62 345
? 7 242 740 206 50 42 233 119
? 7 247 651 556 44 734 350 649
? 7 253 741 486 201 554 164 235
? 7 254 798 553 218 202 455 759
? 7 260 653 639 291 640 121 408
? 7 262 703 131 495 212 755 481
? 7 267 291 781 180 739 379 640
? 7 269 600 730 84 686 626 10
? 7 270 464 192 458 149 603 571
? 7 272 228 557 107 552 757 246
? 7 294 611 378 673 697 613 633
? 7 305 400 677 525 792 623 520
? 7 306 534 442 461 767 324 738
? 7 308 96 717 583 721 714 687
? 7 309 106 527 462 83 39 526
? 7 318 93 499 231 517 395 365
? 7 321 259 635 124 217 251 320
? 7 329 441 454 199 60 281 602
? 7 332 628 188 73 401 183 587
? 7 336 509 100 540 666 525 623
? 7 339 264 619 465 213 483 368
? 7 349 219 405 433 304 644 311
? 7 351 516 370 555 663 221 581
? 7 359 292 528 87 471 426 186
? 7 364 383 399 284 778 618 79
? 7 366 794 193 520 234 171 588
? 7 376 460 214 14 771 664 81
? 7 387 279 623 677 475 565 666
? 7 388 289 748 743 357 112 15
? 7 390 301 191 656 524 123 566
? 7 391 680 427 451 529 55 207
? 7 397 57 566 535 244 656 458
? 7 403 1 229 428 489 202 430
? 7 407 633 697 562 116 294 570
? 7 409 631 80 286 419 322 271
? 7 414 28 222 372 345 775 718
? 7 417 190 690 793 568 44 649
? 7 422 200 75 655 404 189 141
? 7 425 745 549 344 731 302 482
? 7 443 429 665 91 621 102 281
? 7 447 226 705 389 8 494 574
? 7 453 736 468 777 419 322 374
? 7 456 711 563 735 11 579 687
? 7 459 511 265 316 299 23 646
? 7 469 593 350 644 304 796 450
? 7 473 550 609 286 142 631 630
? 7 476 790 88 681 532 607 19
? 7 479 227 603 571 360 519 135
? 7 496 342 338 526 111 108 182
? 7 498 641 198 330 144 303 564
? 7 505 393 776 692 190 734 247
? 7 518 437 517 375 412 751 93
? 7 531 435 275 535 566 472 124
? 7 533 174 474 647 379 640 739
? 7 569 362 522 570 365 196 499
? 7 575 783 60 454 329 281 441
? 7 576 624 727 378 112 607 766
? 7 577 95 707 26 768 679 436
? 7 592 649 237 208 584 130 44
? 7 595 352 485 723 493 241 265
? 7 605 337 307 426 238 249 510
? 7 612 398 502 296 424 21 167
? 7 614 4 537 274 210 225 559
? 7 629 69 617 775 421 491 62
? 7 643 300 724 559 297 689 25
? 7 654 118 29 672 746 27 134
? 7 657 99 580 243 52 715 343
? 7 659 130 567 101 237 768 203
? 7 691 402 420 157 747 514 712
!
267 291 379 639 739 
291 639
379 291
739 379
267 739
46 80 142 220 232 263 271 276 286 288 317 409 550 631 658 694 799 
276 694
658 276
658 46
658 799
220 658
232 220
80 232
80 271
631 80
409 286
631 409
550 631
142 550
142 263
288 142
317 288
225 
265 352 595 
352 265
352 595
24 97 211 315 377 415 750 762 
415 211
415 762
97 415
24 97
24 750
377 24
377 315
93 231 375 437 517 518 
517 93
231 517
437 231
437 375
518 437
152 
59 169 249 510 
510 249
169 510
169 59
305 400 792 
400 792
305 400
192 270 464 
192 464
270 192
402 747 
747 402
114 724 
724 114
70 132 165 
70 132
165 70
3 135 696 
135 696
3 135
119 206 233 242 740 
233 119
740 233
206 740
242 206
1 16 312 416 551 667 671 676 726 
726 1
726 312
551 726
671 551
671 676
667 671
416 667
16 416
10 661 730 
730 661
730 10
9 34 136 150 161 221 248 322 351 361 370 382 419 439 467 468 516 521 555 573 581 609 630 663 698 763 788 
370 9
516 555
763 150
467 663
521 161
136 521
439 136
361 439
34 361
630 34
609 630
322 609
322 419
468 322
698 468
382 698
248 382
573 248
370 573
581 788
370 581
351 370
516 351
221 516
763 221
467 763
333 512 625 701 758 785 
625 701
625 333
512 625
785 758
512 785
120 159 268 489 
159 489
268 159
120 268
304 469 593 644 
593 469
304 593
644 304
576 611 
576 611
42 167 240 296 398 424 502 536 585 612 
585 42
536 240
296 612
167 502
296 398
167 296
424 167
585 424
536 585
66 
228 246 272 557 700 
557 272
246 700
557 246
228 557
760 
359 
22 113 173 177 335 341 380 385 406 478 543 560 622 632 684 749 756 774 
341 756
335 341
380 684
406 173
380 406
380 774
380 543
335 380
632 335
622 632
622 113
560 622
385 177
385 22
749 385
749 478
560 749
14 81 90 103 111 137 163 172 182 214 327 338 342 376 421 445 452 460 487 491 496 503 591 604 674 683 710 728 754 764 770 771 775 
775 421
81 674
81 376
214 764
81 214
460 81
771 460
771 14
327 771
163 327
728 163
728 172
342 728
338 342
338 496
710 338
591 137
182 503
710 182
487 103
710 487
591 710
445 591
111 445
770 111
604 770
754 604
90 754
452 90
452 683
491 452
775 491
55 153 207 215 278 413 511 513 529 598 646 652 680 
511 413
646 511
207 646
680 207
215 513
278 215
529 278
680 529
680 153
680 598
55 680
652 55
109 431 615 
431 109
615 431
53 205 358 451 474 533 647 678 706 782 
678 782
53 678
205 53
706 205
358 706
647 358
647 474
647 533
451 647
56 384 
384 56
2 48 76 96 219 308 405 433 583 714 
76 48
433 76
96 583
96 2
308 96
714 308
405 714
219 405
433 219
195 374 410 711 735 
735 711
374 735
410 374
195 410
118 223 
223 118
75 141 189 256 404 500 542 610 
500 610
75 189
404 542
404 500
141 404
75 141
256 75
89 245 261 282 339 539 778 
245 339
539 89
282 245
261 282
261 539
778 261
50 122 
122 50
20 71 138 212 495 
212 495
138 212
20 71
20 138
45 146 447 494 574 705 
45 146
574 45
574 494
705 574
447 705
23 299 316 
23 299
316 23
522 733 
733 522
6 51 669 766 787 
6 766
787 51
669 787
6 669
470 725 
725 470
184 306 592 
184 306
592 184
180 381 717 719 721 761 781 
717 721
719 717
180 719
781 180
761 781
761 381
332 
115 668 
668 115
412 499 569 
499 412
569 499
429 665 
429 665
13 18 57 124 168 217 244 251 275 321 435 444 472 535 635 688 709 
688 444
688 168
251 688
217 321
472 13
709 18
435 709
57 244
535 57
435 535
275 124
435 275
472 435
217 472
635 217
251 635
12 33 38 78 84 104 259 269 320 344 425 466 482 523 549 600 616 626 645 650 686 731 745 
600 626
600 269
84 600
686 84
466 686
745 425
549 731
482 616
482 344
549 482
745 549
33 745
33 466
320 33
320 38
320 259
78 650
645 78
104 645
523 104
12 523
320 12
123 149 191 227 458 479 524 656 
458 149
479 458
524 479
524 123
656 524
227 656
227 191
121 157 260 420 514 640 653 691 712 
121 514
640 121
640 260
653 640
420 691
420 712
420 157
653 420
107 355 493 552 582 723 757 
723 493
582 723
107 582
355 107
355 552
757 355
329 454 575 621 783 
454 621
329 454
783 329
783 575
262 
30 61 64 147 166 252 255 301 314 319 346 367 386 390 455 501 504 545 553 596 670 720 
301 390
504 301
367 504
367 545
346 367
30 346
319 30
147 319
147 255
720 147
670 720
670 596
166 670
455 166
64 386
501 314
64 501
455 64
455 61
553 455
252 553
19 36 117 325 392 411 547 548 594 752 769 
411 19
411 36
548 411
392 548
392 325
594 392
117 547
752 117
769 752
594 769
693 
373 446 457 732 
446 373
446 732
457 446
4 25 210 274 297 300 537 559 590 689 772 
590 772
537 274
4 210
537 4
559 537
300 559
25 300
297 25
689 297
590 689
35 279 565 
565 35
565 279
65 349 453 777 
65 349
777 65
453 777
67 105 144 186 188 198 236 238 303 307 330 334 337 356 426 471 528 538 605 641 664 704 
303 334
144 330
641 188
144 198
144 641
303 144
105 303
426 605
538 664
238 538
337 238
307 337
426 307
426 186
528 426
471 528
356 471
236 356
105 236
704 105
67 704
196 318 362 365 395 751 
365 318
362 365
196 362
395 196
395 751
531 
110 403 428 430 
430 110
430 403
430 428
178 287 642 
287 642
287 178
74 77 209 393 450 505 734 765 796 
450 796
209 74
450 209
765 450
734 765
393 734
393 77
505 393
203 257 324 461 534 716 738 
324 203
461 257
534 324
461 534
738 461
716 738
63 176 
176 63
156 
69 79 155 213 264 364 368 383 399 617 618 619 629 
619 368
619 155
619 264
213 619
618 213
69 629
617 69
383 617
364 383
399 364
79 399
618 79
202 218 229 254 484 759 779 797 798 
229 797
202 229
759 202
218 779
759 218
798 759
798 254
484 798
208 
116 294 378 407 562 570 633 673 697 
562 570
116 562
633 116
633 378
673 633
294 673
294 697
407 294
27 29 134 164 201 235 253 440 486 554 613 741 746 
29 746
164 253
201 164
27 201
29 27
134 29
554 134
554 486
741 554
613 741
235 440
613 235
7 32 216 258 571 627 648 
571 32
627 571
258 7
648 258
216 648
627 216
230 371 530 695 789 
371 530
230 789
695 230
695 371
473 614 
614 473
26 148 185 347 544 679 
679 26
544 679
148 544
185 148
347 185
193 520 588 660 677 
520 677
520 193
588 520
660 588
68 82 145 158 170 498 564 791 
564 498
791 564
791 145
68 158
82 170
791 82
791 68
40 139 266 285 353 497 541 561 713 795 
285 497
541 139
541 561
266 541
266 713
353 266
795 40
353 795
285 353
396 
11 456 563 579 586 687 736 
736 11
579 736
579 456
563 579
563 687
586 563
5 190 442 546 692 767 793 
190 692
793 190
442 793
442 767
5 442
546 5
171 234 366 794 
794 171
794 234
366 794
8 47 49 58 83 108 175 226 313 348 389 434 438 488 506 682 708 729 
108 729
83 108
488 83
488 58
226 488
8 226
389 313
8 389
348 8
348 175
708 348
682 708
47 682
434 47
434 49
506 434
438 506
408 577 
577 408
41 98 127 241 250 328 485 558 597 601 753 
98 328
485 98
241 485
241 597
558 241
753 41
601 250
127 601
753 127
558 753
417 776 
776 417
181 718 
718 181
94 151 326 432 443 477 480 784 
432 443
477 432
784 477
480 151
326 480
784 326
784 94
44 247 556 649 651 
44 649
247 44
651 247
556 651
17 54 126 179 354 369 492 515 702 722 
369 54
702 369
126 702
722 492
515 17
354 515
722 354
126 722
179 126
162 174 204 391 427 
174 162
391 174
427 204
427 391
131 331 363 481 703 755 
131 703
755 131
481 755
363 481
331 363
31 60 91 102 128 133 154 199 281 394 441 589 602 636 780 786 
60 441
281 60
91 281
102 91
199 102
199 154
199 602
636 199
636 589
786 636
780 786
31 780
128 31
128 394
133 128
100 311 336 350 666 685 
311 350
100 685
666 336
100 666
311 100
387 475 509 525 623 
387 475
623 509
623 525
387 623
21 129 448 
448 21
129 448
15 88 112 200 280 289 293 340 357 388 422 476 532 607 624 655 681 727 743 748 
743 112
743 748
357 743
655 422
200 655
388 200
357 388
15 357
280 293
340 280
15 340
289 15
681 289
532 681
532 476
532 88
607 532
624 607
727 624
39 106 309 323 462 526 527 
39 323
106 39
527 106
527 462
527 309
527 526
73 85 86 183 194 401 578 587 628 634 
578 194
86 578
587 85
628 73
401 628
634 401
587 634
183 587
86 183
37 52 92 99 243 283 284 343 463 580 608 657 715 744 
243 657
580 243
284 580
715 284
463 715
92 463
608 92
283 608
37 283
744 37
99 343
52 99
744 52
197 
277 295 483 654 672 
277 295
672 654
277 672
277 483
273 540 
540 273
459 507 
459 507
290 449 662 
290 662
449 290
62 160 224 345 737 
224 160
345 62
737 345
224 737
603 
72 140 
140 72
95 101 130 237 436 567 568 572 584 659 690 707 742 768 
95 436
707 95
742 707
584 742
584 659
768 572
768 584
237 768
130 237
101 130
567 101
568 567
690 568
418 423 643 
418 643
418 423
397 519 566 
566 519
397 566
465 
508 790 
790 508
0 28 43 87 187 222 239 292 298 310 372 414 490 599 620 637 638 675 699 773 
490 43
638 490
699 620
638 699
298 638
28 372
222 28
222 414
298 222
87 298
87 292
675 87
599 675
310 599
0 310
239 0
637 239
187 773
637 187
302 
125 
143 360 606 
360 606
143 360
