? 12 0 726 736 24 617 259 2 769 554 663 709 9
? 12 1 276 434 147 492 215 171 557 199 244 792 734
? 12 3 13 10 186 70 213 418 225 649 502 724 347
? 12 4 51 119 541 208 605 778 66 30 431 592 365
? 12 5 560 782 220 630 410 7 330 674 155 25 693
? 12 6 576 689 224 612 775 265 326 634 776 269 251
? 12 8 95 16 733 531 473 42 181 115 254 64 59
? 12 11 685 122 378 88 25 155 674 542 468 226 630
? 12 12 198 796 467 106 353 185 258 683 691 92 475
? 12 14 407 110 357 385 376 235 512 540 93 78 234
? 12 15 269 211 265 342 28 634 460 576 224 786 612
? 12 17 499 747 40 669 33 702 226 21 468 274 67
? 12 18 168 420 533 550 69 469 87 738 298 732 153
? 12 19 476 370 723 681 470 43 602 435 233 99 369
? 12 20 703 206 227 335 582 241 425 377 690 362 566
? 12 22 176 371 731 409 628 474 350 716 654 85 366
? 12 23 417 637 318 510 686 558 228 147 557 244 755
? 12 26 345 327 592 200 605 97 598 87 66 119 541
? 12 27 257 86 341 565 196 615 494 221 166 266 267
? 12 29 79 656 384 427 391 664 564 139 82 619 312
? 12 31 542 682 687 294 496 102 466 735 88 62 122
? 12 32 614 591 321 684 772 582 599 673 551 237 305
? 12 34 76 164 205 545 317 74 448 662 285 218 349
? 12 35 648 128 427 619 486 312 746 751 79 29 193
? 12 36 324 755 729 288 558 449 545 789 281 637 686
? 12 37 679 328 262 583 568 788 668 386 742 256 767
? 12 38 404 697 790 242 636 574 580 446 387 311 39
? 12 41 310 752 133 263 529 750 653 441 466 503 294
? 12 44 451 293 72 39 259 516 9 2 736 446 611
? 12 45 746 486 128 442 154 35 648 390 619 312 421
? 12 46 243 231 650 116 225 402 213 418 70 771 465
? 12 47 159 715 169 548 622 120 201 290 137 609 214
? 12 48 232 282 690 770 179 703 163 20 335 367 206
? 12 49 760 268 388 411 664 312 619 384 427 746 486
? 12 50 129 543 96 480 270 643 661 202 712 604 184
? 12 52 719 615 291 295 166 396 341 675 86 266 565
? 12 53 787 239 628 301 389 731 85 58 447 546 284
? 12 54 77 526 624 260 479 595 514 81 695 94 550
? 12 55 734 492 434 249 1 270 712 276 96 199 184
? 12 56 651 671 348 785 428 461 80 332 360 544 509
? 12 57 797 315 172 167 237 392 551 673 180 563 114
? 12 60 264 303 621 457 602 470 336 590 370 236 438
? 12 61 398 707 471 124 626 178 633 552 477 162 350
? 12 63 766 739 239 546 389 447 284 787 333 53 253
? 12 65 485 691 323 475 696 258 198 792 199 106 796
? 12 68 660 299 708 757 710 283 397 501 103 356 272
? 12 71 381 571 109 156 640 380 722 300 711 585 194
? 12 73 308 338 716 474 146 491 125 777 618 547 359
? 12 75 267 280 266 522 320 349 218 482 317 166 74
? 12 83 160 309 578 764 645 272 536 422 455 399 212
? 12 84 445 699 274 89 702 410 607 21 33 430 67
? 12 90 412 149 112 613 729 510 558 449 789 92 281
? 12 91 749 440 423 450 325 672 675 187 511 396 360
? 12 98 314 575 135 678 600 555 248 647 484 503 177
? 12 100 737 754 439 625 768 395 608 316 311 617 517
? 12 101 132 459 542 687 294 122 682 31 685 378 466
? 12 104 372 666 225 243 465 368 142 523 179 251 13
? 12 105 530 653 484 441 714 503 252 263 750 527 135
? 12 107 271 222 718 635 62 332 741 118 561 735 191
? 12 108 636 446 344 404 261 331 287 38 790 584 697
? 12 111 562 143 773 515 233 700 670 519 631 573 572
? 12 113 430 744 502 649 421 704 463 408 699 186 688
? 12 117 676 347 390 154 131 402 45 418 70 443 10
? 12 121 464 462 382 665 177 659 170 322 597 273 714
? 12 123 334 416 728 281 789 17 126 747 449 499 669
? 12 127 241 566 425 581 582 362 207 227 206 321 343
? 12 130 655 413 255 525 216 520 629 759 152 740 742
? 12 134 594 661 730 426 643 202 184 129 270 50 727
? 12 136 579 472 444 728 304 191 635 735 102 416 281
? 12 138 570 183 346 701 305 577 601 307 537 99 195
? 12 140 753 158 157 354 532 569 586 494 223 727 426
? 12 141 424 791 549 497 618 596 125 491 308 278 73
? 12 144 275 638 505 329 528 641 593 217 540 82 722
? 12 145 319 459 534 377 362 581 132 425 566 693 330
? 12 148 547 716 474 73 308 618 654 338 497 549 491
? 12 150 539 667 748 589 414 725 519 644 394 333 559
? 12 151 657 776 513 775 706 337 296 246 689 326 454
? 12 161 799 677 236 364 758 590 508 369 457 429 489
? 12 165 374 490 647 600 419 432 405 478 756 314 175
? 12 173 340 553 611 751 663 361 193 648 24 128 259
? 12 174 189 780 456 431 458 30 433 778 745 209 208
? 12 182 489 524 457 236 508 28 161 758 799 677 364
? 12 188 717 217 361 24 663 769 380 709 139 193 564
? 12 190 195 498 559 253 644 680 701 180 570 307 284
? 12 192 765 234 78 93 711 593 376 238 329 194 722
? 12 197 487 743 137 66 548 365 159 592 51 4 715
? 12 203 556 313 698 248 678 322 555 273 177 212 455
? 12 204 64 616 115 585 181 156 109 254 300 473 733
? 12 210 597 170 462 382 606 544 665 511 121 527 464
? 12 219 460 772 721 342 518 438 684 591 28 15 211
? 12 229 642 488 525 287 331 387 655 740 584 759 413
? 12 230 351 363 538 273 672 322 187 588 511 170 382
? 12 240 245 391 652 82 656 512 641 375 540 528 505
? 12 247 683 774 353 504 705 781 796 375 388 620 411
? 12 250 343 756 507 603 405 207 795 692 392 563 581
? 12 277 784 607 89 67 627 445 702 623 292 463 408
? 12 279 620 613 623 627 185 467 92 112 292 353 784
? 12 286 493 162 400 477 552 720 58 409 707 85 393
? 12 289 639 573 572 429 631 798 435 610 469 632 732
? 12 297 794 443 779 131 116 261 516 771 402 500 676
? 12 302 306 483 352 745 209 401 433 458 567 358 521
? 12 339 453 437 114 680 180 495 393 498 172 315 167
? 12 355 422 587 160 83 212 455 309 645 272 762 764
? 12 373 713 436 254 452 517 473 616 64 204 59 608
? 12 379 406 326 290 763 657 776 481 201 706 513 224
? 12 383 598 358 97 87 479 514 260 200 327 94 345
? 12 403 415 724 704 7 699 163 220 560 186 502 770
? 12 506 561 191 304 509 332 671 635 444 222 271 718
? 12 535 727 604 221 202 730 480 643 196 494 661 50
? 12 646 153 732 632 298 610 793 69 364 429 738 214
? 12 658 399 471 536 432 356 578 764 633 398 103 178
? 12 694 120 214 622 738 793 153 298 69 169 646 609
? 12 761 142 465 454 243 666 650 231 368 296 337 246
? 12 783 365 668 197 152 487 548 216 51 328 583 66
? 12 34 76 164 205 545 317 74 448 662 285 218 349
? 12 40 499 292 67 702 17 607 112 274 747 784 445
? 12 43 99 370 183 470 537 19 577 681 394 476 336
? 12 52 719 615 291 295 166 396 341 675 86 266 565
? 12 63 766 739 239 546 389 447 284 787 333 53 253
? 12 75 267 280 266 522 320 349 218 482 317 166 74
? 12 77 54 526 624 260 479 595 514 81 695 94 550
? 12 80 428 785 360 651 461 56 675 396 671 509 295
? 12 100 737 754 439 625 768 395 608 316 311 617 517
? 12 140 753 158 157 354 532 569 586 494 223 727 426
? 12 141 424 791 549 497 618 596 125 491 308 278 73
? 12 146 359 338 777 73 308 474 716 491 125 497 278
? 12 151 657 776 513 775 706 337 296 246 689 326 454
? 12 165 374 490 647 600 419 432 405 478 756 314 175
? 12 173 340 553 611 751 663 361 193 648 24 128 259
? 12 174 189 780 456 431 458 30 433 778 745 209 208
? 12 192 765 234 78 93 711 593 376 238 329 194 722
? 12 215 171 244 147 228 1 434 492 276 686 557 712
? 12 232 282 48 770 690 163 179 7 220 367 415 560
? 12 235 110 385 14 475 258 485 407 65 691 357 376
? 12 240 245 391 652 82 656 512 641 375 540 528 505
? 12 242 574 697 38 404 311 790 580 387 636 446 316
? 12 249 55 734 184 270 492 434 129 96 543 712 1
? 12 256 767 386 246 262 337 679 296 454 151 513 37
? 12 275 144 329 638 505 593 722 528 641 540 217 82
? 12 277 784 607 89 67 627 445 702 623 292 463 408
? 12 279 620 613 623 627 185 467 92 112 292 353 784
? 12 324 755 36 288 558 729 686 637 545 449 448 789
? 12 344 500 779 261 108 584 331 771 740 297 794 516
? 12 366 350 501 777 283 359 176 409 124 146 626 757
? 12 371 654 22 628 731 176 148 474 716 787 53 85
? 12 397 710 299 708 660 68 757 283 278 501 359 103
? 12 417 318 23 557 637 510 147 228 106 244 686 92
? 12 420 18 69 168 533 469 550 298 732 153 738 610
? 12 495 114 393 453 720 339 563 437 172 315 400 301
? 12 507 756 207 343 250 581 405 566 362 795 127 692
? 12 515 700 773 233 631 572 143 573 639 562 723 435
? 12 518 219 460 772 703 684 342 15 211 591 721 20
? 12 521 567 401 94 352 358 302 514 209 483 306 745
? 12 523 251 786 612 368 634 367 666 576 372 265 179
? 12 524 489 457 182 28 621 236 438 342 303 264 161
? 12 531 42 16 95 8 473 733 59 254 608 181 64
? 12 568 583 742 328 679 262 37 668 520 386 255 152
? 12 588 762 538 587 313 363 212 351 230 273 455 203
? 12 589 667 394 681 670 748 183 150 519 43 539 138
? 12 594 426 134 730 661 202 643 569 354 532 140 727
? 12 599 305 336 537 577 684 591 99 772 346 32 601
? 12 629 759 740 584 525 413 331 655 488 642 130 287
? 12 658 399 471 536 432 356 578 764 633 398 103 178
? 12 688 408 442 463 744 421 430 746 45 113 760 277
? 12 694 120 214 622 738 793 153 298 69 169 646 609
? 12 696 323 65 691 485 792 199 475 198 258 276 106
? 12 725 333 414 766 739 539 253 150 644 63 546 559
? 12 726 0 617 736 2 554 259 9 24 517 316 769
? 12 741 118 252 718 271 107 529 222 441 750 752 653
? 12 749 91 440 423 450 325 672 675 187 511 396 719
? 12 788 37 328 679 668 262 583 706 513 568 548 386
? 12 798 469 289 81 695 573 639 550 572 631 610 773
? 12 3 13 10 186 70 213 418 225 649 502 724 347
? 12 6 576 689 224 612 775 265 326 634 776 269 251
? 12 11 685 122 378 88 25 155 674 542 468 226 630
? 12 12 198 796 467 106 353 185 258 683 691 92 475
? 12 21 33 468 226 155 410 669 674 747 17 630 499
? 12 26 345 327 592 200 605 97 598 87 66 119 541
? 12 34 76 164 205 545 317 74 448 662 285 218 349
? 12 40 499 292 67 702 17 607 112 274 747 784 445
? 12 41 310 752 133 263 529 750 653 441 466 503 294
? 12 46 243 231 650 116 225 402 213 418 70 771 465
? 12 47 159 715 169 548 622 120 201 290 137 609 214
? 12 52 719 615 291 295 166 396 341 675 86 266 565
? 12 60 264 303 621 457 602 470 336 590 370 236 438
? 12 61 398 707 471 124 626 178 633 552 477 162 350
? 12 71 381 571 109 156 640 380 722 300 711 585 194
? 12 72 39 9 2 554 451 580 44 790 293 446 259
? 12 75 267 280 266 522 320 349 218 482 317 166 74
? 12 77 54 526 624 260 479 595 514 81 695 94 550
? 12 79 29 139 564 193 656 391 82 35 528 427 384
? 12 83 160 309 578 764 645 272 536 422 455 399 212
? 12 84 445 699 274 89 702 410 607 21 33 430 67
? 12 90 412 149 112 613 729 510 558 449 789 92 281
? 12 98 314 575 135 678 600 555 248 647 484 503 177
? 12 100 737 754 439 625 768 395 608 316 311 617 517
? 12 101 132 459 542 687 294 122 682 31 685 378 466
? 12 111 562 143 773 515 233 700 670 519 631 573 572
? 12 117 676 347 390 154 131 402 45 418 70 443 10
? 12 126 88 416 102 728 735 123 31 11 472 579 669
? 12 141 424 791 549 497 618 596 125 491 308 278 73
? 12 142 465 761 666 368 243 454 650 231 104 372 296
? 12 145 319 459 534 377 362 581 132 425 566 693 330
? 12 157 158 753 140 586 494 354 532 569 223 727 535
? 12 165 374 490 647 600 419 432 405 478 756 314 175
? 12 173 340 553 611 751 663 361 193 648 24 128 259
? 12 174 189 780 456 431 458 30 433 778 745 209 208
? 12 190 195 498 559 253 644 680 701 180 570 307 284
? 12 192 765 234 78 93 711 593 376 238 329 194 722
? 12 215 171 244 147 228 1 434 492 276 686 557 712
? 12 221 604 535 196 727 565 320 480 257 494 75 266
? 12 229 642 488 525 287 331 387 655 740 584 759 413
? 12 240 245 391 652 82 656 512 641 375 540 528 505
? 12 242 574 697 38 404 311 790 580 387 636 446 316
? 12 247 683 774 353 504 705 781 796 375 388 620 411
? 12 249 55 734 184 270 492 434 129 96 543 712 1
? 12 256 767 386 246 262 337 679 296 454 151 513 37
? 12 275 144 329 638 505 593 722 528 641 540 217 82
? 12 279 620 613 623 627 185 467 92 112 292 353 784
? 12 286 493 162 400 477 552 720 58 409 707 85 393
? 12 324 755 36 288 558 729 686 637 545 449 448 789
? 12 334 123 281 789 728 416 449 412 579 126 17 729
? 12 348 56 651 671 461 544 332 785 428 718 527 606
? 12 355 422 587 160 83 212 455 309 645 272 762 764
? 12 371 654 22 628 731 176 148 474 716 787 53 85
? 12 373 713 436 254 452 517 473 616 64 204 59 608
? 12 385 110 235 14 376 93 407 78 357 234 765 192
? 12 392 797 57 237 315 172 563 167 551 673 343 250
? 12 397 710 299 708 660 68 757 283 278 501 359 103
? 12 403 415 724 704 7 699 163 220 560 186 502 770
? 12 406 379 326 290 763 481 224 776 201 657 706 6
? 12 417 318 23 557 637 510 147 228 106 244 686 92
? 12 420 18 69 168 533 469 550 298 732 153 738 610
? 12 444 304 191 136 635 472 579 561 506 107 222 271
? 12 462 665 121 382 464 606 210 597 170 659 714 527
? 12 496 466 682 294 118 687 62 31 752 529 735 542
? 12 500 344 779 771 297 116 261 794 443 650 231 108
? 12 507 756 207 343 250 581 405 566 362 795 127 692
? 12 508 758 364 677 609 161 481 799 182 793 763 201
? 12 524 489 457 182 28 621 236 438 342 303 264 161
? 12 531 42 16 95 8 473 733 59 254 608 181 64
? 12 556 698 248 555 203 678 645 313 455 309 212 177
? 12 594 426 134 730 661 202 643 569 354 532 140 727
? 12 603 692 795 563 250 405 343 756 720 175 419 392
? 12 629 759 740 584 525 413 331 655 488 642 130 287
? 12 658 399 471 536 432 356 578 764 633 398 103 178
? 12 694 120 214 622 738 793 153 298 69 169 646 609
? 12 696 323 65 691 485 792 199 475 198 258 276 106
? 12 709 769 380 452 436 188 0 24 109 156 71 726
? 12 717 217 361 188 139 564 193 528 663 79 553 24
? 12 725 333 414 766 739 539 253 150 644 63 546 559
? 12 743 137 487 197 66 592 159 26 548 715 119 345
? 12 744 421 430 113 408 463 649 502 688 442 154 390
? 12 749 91 440 423 450 325 672 675 187 511 396 719
? 12 782 5 330 560 630 25 220 693 378 534 674 7
? 12 4 51 119 541 208 605 778 66 30 431 592 365
? 12 13 3 213 70 225 10 186 418 104 724 243 46
? 12 27 257 86 341 565 196 615 494 221 166 266 267
? 12 34 76 164 205 545 317 74 448 662 285 218 349
? 12 40 499 292 67 702 17 607 112 274 747 784 445
? 12 43 99 370 183 470 537 19 577 681 394 476 336
? 12 49 760 268 388 411 664 312 619 384 427 746 486
? 12 52 719 615 291 295 166 396 341 675 86 266 565
? 12 77 54 526 624 260 479 595 514 81 695 94 550
? 12 80 428 785 360 651 461 56 675 396 671 509 295
? 12 100 737 754 439 625 768 395 608 316 311 617 517
? 12 105 530 653 484 441 714 503 252 263 750 527 135
? 12 115 585 204 181 64 616 156 109 300 254 473 733
? 12 138 570 183 346 701 305 577 601 307 537 99 195
? 12 141 424 791 549 497 618 596 125 491 308 278 73
? 12 142 465 761 666 368 243 454 650 231 104 372 296
? 12 146 359 338 777 73 308 474 716 491 125 497 278
? 12 157 158 753 140 586 494 354 532 569 223 727 535
? 12 165 374 490 647 600 419 432 405 478 756 314 175
? 12 173 340 553 611 751 663 361 193 648 24 128 259
? 12 174 189 780 456 431 458 30 433 778 745 209 208
? 12 215 171 244 147 228 1 434 492 276 686 557 712
? 12 216 152 255 520 130 742 568 583 413 655 668 328
? 12 230 351 363 538 273 672 322 187 588 511 170 382
? 12 232 282 48 770 690 163 179 7 220 367 415 560
? 12 239 389 787 53 447 546 63 301 284 628 731 766
? 12 240 245 391 652 82 656 512 641 375 540 528 505
? 12 242 574 697 38 404 311 790 580 387 636 446 316
? 12 249 55 734 184 270 492 434 129 96 543 712 1
? 12 256 767 386 246 262 337 679 296 454 151 513 37
? 12 275 144 329 638 505 593 722 528 641 540 217 82
? 12 277 784 607 89 67 627 445 702 623 292 463 408
? 12 279 620 613 623 627 185 467 92 112 292 353 784
? 12 302 306 483 352 745 209 401 433 458 567 358 521
? 12 321 614 32 582 591 673 237 551 684 227 127 241
? 12 324 755 36 288 558 729 686 637 545 449 448 789
? 12 327 200 345 26 97 598 87 592 605 119 541 533
? 12 334 123 281 789 728 416 449 412 579 126 17 729
? 12 366 350 501 777 283 359 176 409 124 146 626 757
? 12 369 590 602 435 799 303 236 161 429 677 476 457
? 12 371 654 22 628 731 176 148 474 716 787 53 85
? 12 383 598 358 97 87 479 514 260 200 327 94 345
? 12 385 110 235 14 376 93 407 78 357 234 765 192
? 12 397 710 299 708 660 68 757 283 278 501 359 103
? 12 417 318 23 557 637 510 147 228 106 244 686 92
? 12 420 18 69 168 533 469 550 298 732 153 738 610
? 12 444 304 191 136 635 472 579 561 506 107 222 271
? 12 453 339 437 114 495 393 680 180 172 315 498 301
? 12 462 665 121 382 464 606 210 597 170 659 714 527
? 12 482 522 74 280 317 75 267 509 266 164 34 291
? 12 500 344 779 771 297 116 261 794 443 650 231 108
? 12 507 756 207 343 250 581 405 566 362 795 127 692
? 12 515 700 773 233 631 572 143 573 639 562 723 435
? 12 516 261 293 794 297 44 443 676 779 451 131 611
? 12 518 219 460 772 703 684 342 15 211 591 721 20
? 12 523 251 786 612 368 634 367 666 576 372 265 179
? 12 524 489 457 182 28 621 236 438 342 303 264 161
? 12 531 42 16 95 8 473 733 59 254 608 181 64
? 12 544 461 210 325 348 606 597 785 360 56 511 651
? 12 594 426 134 730 661 202 643 569 354 532 140 727
? 12 599 305 336 537 577 684 591 99 772 346 32 601
? 12 629 759 740 584 525 413 331 655 488 642 130 287
? 12 632 610 732 646 153 298 429 469 69 793 364 289
? 12 658 399 471 536 432 356 578 764 633 398 103 178
? 12 694 120 214 622 738 793 153 298 69 169 646 609
? 12 696 323 65 691 485 792 199 475 198 258 276 106
? 12 725 333 414 766 739 539 253 150 644 63 546 559
? 12 741 118 252 718 271 107 529 222 441 750 752 653
? 12 744 421 430 113 408 463 649 502 688 442 154 390
? 12 749 91 440 423 450 325 672 675 187 511 396 719
? 12 758 364 508 677 161 799 793 646 609 182 214 153
? 12 783 365 668 197 152 487 548 216 51 328 583 66
? 12 788 37 328 679 668 262 583 706 513 568 548 386
? 12 12 198 796 467 106 353 185 258 683 691 92 475
? 12 21 33 468 226 155 410 669 674 747 17 630 499
? 12 40 499 292 67 702 17 607 112 274 747 784 445
? 12 41 310 752 133 263 529 750 653 441 466 503 294
? 12 43 99 370 183 470 537 19 577 681 394 476 336
? 12 47 159 715 169 548 622 120 201 290 137 609 214
? 12 50 129 543 96 480 270 643 661 202 712 604 184
? 12 52 719 615 291 295 166 396 341 675 86 266 565
? 12 58 85 731 301 53 628 493 286 393 787 720 495
? 12 60 264 303 621 457 602 470 336 590 370 236 438
? 12 61 398 707 471 124 626 178 633 552 477 162 350
? 12 77 54 526 624 260 479 595 514 81 695 94 550
? 12 83 160 309 578 764 645 272 536 422 455 399 212
? 12 84 445 699 274 89 702 410 607 21 33 430 67
? 12 90 412 149 112 613 729 510 558 449 789 92 281
? 12 98 314 575 135 678 600 555 248 647 484 503 177
? 12 100 737 754 439 625 768 395 608 316 311 617 517
? 12 101 132 459 542 687 294 122 682 31 685 378 466
? 12 111 562 143 773 515 233 700 670 519 631 573 572
? 12 117 676 347 390 154 131 402 45 418 70 443 10
? 12 141 424 791 549 497 618 596 125 491 308 278 73
? 12 142 465 761 666 368 243 454 650 231 104 372 296
? 12 145 319 459 534 377 362 581 132 425 566 693 330
? 12 157 158 753 140 586 494 354 532 569 223 727 535
? 12 165 374 490 647 600 419 432 405 478 756 314 175
? 12 173 340 553 611 751 663 361 193 648 24 128 259
? 12 174 189 780 456 431 458 30 433 778 745 209 208
? 12 190 195 498 559 253 644 680 701 180 570 307 284
? 12 215 171 244 147 228 1 434 492 276 686 557 712
? 12 221 604 535 196 727 565 320 480 257 494 75 266
? 12 229 642 488 525 287 331 387 655 740 584 759 413
? 12 239 389 787 53 447 546 63 301 284 628 731 766
? 12 240 245 391 652 82 656 512 641 375 540 528 505
? 12 242 574 697 38 404 311 790 580 387 636 446 316
? 12 247 683 774 353 504 705 781 796 375 388 620 411
? 12 249 55 734 184 270 492 434 129 96 543 712 1
? 12 256 767 386 246 262 337 679 296 454 151 513 37
? 12 269 224 15 265 28 576 6 342 211 634 612 182
? 12 275 144 329 638 505 593 722 528 641 540 217 82
? 12 277 784 607 89 67 627 445 702 623 292 463 408
? 12 279 620 613 623 627 185 467 92 112 292 353 784
? 12 324 755 36 288 558 729 686 637 545 449 448 789
? 12 334 123 281 789 728 416 449 412 579 126 17 729
? 12 335 206 20 227 703 425 377 241 362 582 566 690
? 12 355 422 587 160 83 212 455 309 645 272 762 764
? 12 371 654 22 628 731 176 148 474 716 787 53 85
? 12 373 713 436 254 452 517 473 616 64 204 59 608
? 12 381 571 71 711 722 640 194 238 329 380 192 765
? 12 385 110 235 14 376 93 407 78 357 234 765 192
? 12 397 710 299 708 660 68 757 283 278 501 359 103
? 12 403 415 724 704 7 699 163 220 560 186 502 770
? 12 406 379 326 290 763 481 224 776 201 657 706 6
? 12 417 318 23 557 637 510 147 228 106 244 686 92
? 12 420 18 69 168 533 469 550 298 732 153 738 610
? 12 444 304 191 136 635 472 579 561 506 107 222 271
? 12 462 665 121 382 464 606 210 597 170 659 714 527
? 12 482 522 74 280 317 75 267 509 266 164 34 291
? 12 486 746 619 312 45 35 427 128 648 760 442 49
? 12 500 344 779 771 297 116 261 794 443 650 231 108
? 12 507 756 207 343 250 581 405 566 362 795 127 692
? 12 521 567 401 94 352 358 302 514 209 483 306 745
? 12 524 489 457 182 28 621 236 438 342 303 264 161
? 12 531 42 16 95 8 473 733 59 254 608 181 64
? 12 547 148 716 618 474 308 73 497 549 338 654 491
? 12 551 673 237 797 167 601 57 315 307 172 346 321
? 12 556 698 248 555 203 678 645 313 455 309 212 177
? 12 589 667 394 681 670 748 183 150 519 43 539 138
? 12 594 426 134 730 661 202 643 569 354 532 140 727
? 12 603 692 795 563 250 405 343 756 720 175 419 392
? 12 629 759 740 584 525 413 331 655 488 642 130 287
? 12 658 399 471 536 432 356 578 764 633 398 103 178
? 12 662 285 545 76 34 74 304 317 191 509 506 36
!
1 4 18 19 22 26 27 28 30 34 36 43 47 50 51 52 53 54 55 56 57 58 60 61 62 63 65 66 69 74 75 76 77 80 81 85 86 87 91 94 96 97 102 107 111 113 114 117 118 119 120 124 126 129 131 134 137 138 140 143 148 150 152 153 157 158 159 161 162 164 166 167 168 169 172 174 176 178 180 183 184 187 189 190 191 192 195 196 197 200 201 202 205 208 209 214 215 216 218 221 222 223 230 233 236 239 247 249 253 255 257 260 264 266 267 269 270 271 277 279 280 283 284 285 286 288 289 290 291 295 298 301 302 303 304 306 307 315 317 320 323 324 325 326 327 332 333 334 339 341 345 348 349 350 352 354 355 357 358 360 363 364 365 366 369 370 371 379 383 389 393 394 396 398 400 401 406 407 408 409 414 416 420 422 423 426 428 429 430 431 433 434 435 437 440 447 448 450 453 456 457 458 461 463 469 471 472 474 476 479 480 481 482 483 487 489 492 493 494 495 496 498 501 506 508 509 511 514 515 519 520 521 522 524 526 532 533 535 538 539 541 543 544 545 546 547 548 550 552 559 561 562 563 565 567 568 569 570 572 573 583 586 587 589 590 592 594 595 598 599 602 603 604 605 609 610 615 622 624 626 628 631 632 635 639 643 644 646 651 654 658 661 662 667 670 671 672 675 676 677 680 681 694 695 696 700 701 707 712 715 716 718 719 720 723 725 727 729 730 731 732 734 735 738 739 741 742 743 744 745 748 749 753 755 758 762 763 766 773 778 780 783 785 787 788 793 798 799 
277 192
676 131
407 357
247 407
676 117
408 676
279 247
430 113
463 744
430 463
408 430
277 408
279 277
334 279
334 324
543 215
323 65
323 696
55 323
158 157
354 140
753 158
354 753
586 354
586 223
532 586
569 532
134 569
416 334
126 416
735 126
271 62
271 741
320 221
671 332
785 461
522 75
735 496
735 102
635 735
107 118
635 107
635 561
191 635
191 304
522 280
349 522
349 320
205 448
164 205
218 349
317 218
164 317
545 164
288 36
288 729
755 288
545 755
76 545
76 34
74 76
285 74
662 285
506 662
191 472
222 718
271 222
191 271
506 191
671 506
671 509
651 671
651 348
56 651
428 56
360 544
785 360
428 785
80 428
675 80
184 134
270 184
96 270
55 249
734 1
734 55
492 734
434 492
712 434
96 712
543 96
129 543
643 129
615 52
341 615
27 341
565 27
291 482
480 50
535 480
604 535
643 604
426 594
730 426
202 730
202 661
643 202
727 643
494 727
257 494
257 196
565 257
86 565
266 86
267 266
166 267
291 166
295 291
396 295
675 719
675 396
423 675
91 440
91 423
749 91
450 749
325 450
187 325
187 511
672 187
230 672
538 230
363 538
762 363
587 762
422 587
355 422
658 355
501 283
366 501
124 366
471 658
178 471
124 178
124 626
61 124
603 61
563 603
739 563
725 739
167 725
161 269
60 599
524 60
632 694
610 289
610 429
632 610
738 632
81 695
54 81
18 168
533 18
327 533
97 327
487 743
433 302
433 458
306 433
352 567
521 352
94 521
624 479
54 77
624 54
260 624
526 260
514 526
94 514
383 94
358 383
209 358
306 483
745 306
209 401
745 209
189 745
30 189
30 174
456 30
780 456
431 780
778 208
778 431
541 778
605 541
583 788
742 583
568 742
520 568
255 520
216 255
152 216
783 152
365 783
365 4
197 365
87 598
97 87
200 97
605 200
605 119
345 605
345 26
592 345
66 592
66 197
66 51
487 66
548 159
548 487
137 548
47 137
169 47
524 28
364 524
646 364
326 406
379 326
763 379
609 763
201 609
201 481
715 201
715 290
169 715
622 169
298 120
214 298
550 420
550 595
469 550
69 469
738 732
738 69
153 738
153 646
214 153
622 214
793 622
508 793
677 758
799 677
508 799
161 508
183 43
138 183
570 138
701 570
498 453
190 195
701 190
307 701
498 307
680 498
680 437
559 644
253 559
180 253
180 680
114 180
172 167
57 172
315 57
114 315
495 114
85 58
731 85
493 286
409 493
731 409
474 547
654 371
22 654
716 148
474 716
22 474
731 22
53 239
53 787
628 53
731 628
176 731
350 176
707 350
552 707
398 552
162 398
400 162
720 400
393 339
393 720
495 393
301 495
447 301
389 447
562 143
111 562
670 111
519 670
748 519
150 748
284 63
284 389
546 284
766 546
333 766
414 333
539 414
150 539
394 150
667 394
589 667
681 589
681 19
602 681
370 602
370 476
435 370
572 723
303 264
236 303
457 489
457 161
236 457
590 236
369 590
435 369
639 435
233 515
773 233
773 700
572 773
631 572
639 631
573 639
798 573
0 2 3 5 6 7 8 9 10 11 12 13 14 15 16 17 20 21 23 24 25 29 31 32 33 35 37 38 39 40 41 42 44 45 46 48 49 59 64 67 68 70 71 72 73 78 79 82 83 84 88 89 90 92 93 95 98 99 100 101 103 104 105 106 108 109 110 112 115 116 121 122 123 125 127 128 130 132 133 135 136 139 141 142 144 145 146 147 149 151 154 155 156 160 163 165 170 171 173 175 177 179 181 182 185 186 188 193 194 198 199 203 204 206 207 210 211 212 213 217 219 220 224 225 226 227 228 229 231 232 234 235 237 238 240 241 242 243 244 245 246 248 250 251 252 254 256 258 259 261 262 263 265 268 272 273 274 275 276 278 281 282 287 292 293 294 296 297 299 300 305 308 309 310 311 312 313 314 316 318 319 321 322 328 329 330 331 335 336 337 338 340 342 343 344 346 347 351 353 356 359 361 362 367 368 372 373 374 375 376 377 378 380 381 382 384 385 386 387 388 390 391 392 395 397 399 402 403 404 405 410 411 412 413 415 417 418 419 421 424 425 427 432 436 438 439 441 442 443 444 445 446 449 451 452 454 455 459 460 462 464 465 466 467 468 470 473 475 477 478 484 485 486 488 490 491 497 499 500 502 503 504 505 507 510 512 513 516 517 518 523 525 527 528 529 530 531 534 536 537 540 542 549 551 553 554 555 556 557 558 560 564 566 571 574 575 576 577 578 579 580 581 582 584 585 588 591 593 596 597 600 601 606 607 608 611 612 613 614 616 617 618 619 620 621 623 625 627 629 630 633 634 636 637 638 640 641 642 645 647 648 649 650 652 653 655 656 657 659 660 663 664 665 666 668 669 673 674 678 679 682 683 684 685 686 687 688 689 690 691 692 693 697 698 699 702 703 704 705 706 708 709 710 711 713 714 717 721 722 724 726 728 733 736 737 740 746 747 750 751 752 754 756 757 759 760 761 764 765 767 768 769 770 771 772 774 775 776 777 779 781 782 784 786 789 790 791 792 794 795 796 797 
470 99
470 336
537 470
577 537
601 577
346 601
551 346
673 551
797 673
237 797
614 237
321 614
32 321
684 32
591 305
684 591
460 684
518 460
20 518
206 335
227 206
582 241
227 582
703 227
20 703
127 20
560 782
560 232
534 560
534 693
145 534
319 145
459 319
101 459
132 101
687 132
682 687
122 11
248 203
698 248
105 530
484 105
250 392
581 377
566 581
425 566
362 425
127 362
250 127
343 250
207 343
633 477
756 207
756 507
795 692
405 795
405 756
419 405
175 419
432 175
432 633
490 432
647 490
647 314
600 647
374 478
374 165
600 374
575 600
135 484
135 98
575 135
503 575
133 503
653 133
678 556
678 177
555 678
698 555
645 698
618 791
491 618
424 141
497 424
549 497
549 491
125 549
338 125
73 338
73 308
777 73
777 146
359 777
278 359
278 596
710 278
710 397
299 710
708 299
757 708
68 757
660 68
103 660
103 356
578 103
764 578
272 160
764 272
536 764
399 536
309 399
212 313
309 83
455 309
645 455
212 645
588 212
351 588
273 351
273 322
464 273
464 462
597 210
382 597
382 170
464 382
121 464
659 121
714 659
665 714
527 665
527 606
252 527
750 252
529 750
441 529
441 653
263 441
752 263
310 752
682 542
466 682
310 466
41 310
294 41
31 294
88 31
122 88
378 25
685 378
122 685
468 122
630 468
669 21
17 226
747 17
33 747
669 33
630 669
674 630
155 674
410 155
445 410
274 445
84 274
699 84
415 699
7 415
403 7
502 403
186 649
704 186
502 704
724 502
724 163
5 330
220 5
770 724
770 220
690 770
282 690
48 367
282 48
179 282
179 786
104 179
452 436
713 452
8 733
531 8
95 531
144 638
540 144
722 275
329 722
593 329
540 593
234 540
110 235
14 110
14 385
765 234
376 14
93 376
765 93
78 765
711 78
238 711
194 238
640 194
571 640
300 571
115 300
585 115
156 585
254 373
156 109
204 156
254 713
64 204
181 64
473 181
473 616
16 473
95 16
42 95
59 42
608 254
608 59
395 608
737 395
104 225
104 372
46 104
650 46
574 242
500 344
779 500
251 142
761 231
761 465
368 761
251 368
251 523
612 251
342 721
621 438
342 621
342 182
219 342
219 772
15 219
15 211
265 15
265 224
265 634
612 265
576 612
775 576
706 775
776 689
6 776
706 6
706 657
513 706
151 513
679 151
328 668
262 328
37 262
679 37
386 679
767 386
767 256
246 767
454 337
296 246
454 296
666 454
243 666
650 243
116 650
771 116
779 771
261 779
108 261
636 108
44 516
293 44
446 293
446 404
636 446
584 636
759 629
413 130
413 655
759 413
740 759
331 584
740 331
525 740
642 525
488 642
229 488
287 229
387 287
574 387
580 574
311 580
439 100
625 439
768 625
737 768
754 737
311 754
311 316
697 311
697 38
790 697
72 790
39 72
9 39
9 554
2 9
617 2
617 517
0 617
0 726
24 0
663 173
188 217
24 188
24 769
139 24
71 709
71 381
380 71
139 380
564 139
391 564
652 240
656 652
375 504
375 512
505 528
641 505
375 641
245 375
82 245
391 82
656 391
29 656
193 79
611 451
259 611
736 259
663 736
193 717
553 361
340 553
648 340
751 663
193 751
648 193
128 648
35 128
29 35
29 427
619 29
664 411
149 90
613 149
136 444
579 136
579 728
281 579
789 281
276 199
276 171
147 276
318 147
23 318
557 23
789 123
412 789
449 412
558 449
637 558
228 244
557 228
686 557
637 686
510 637
112 613
292 112
67 40
67 499
89 702
89 607
67 89
784 67
292 784
627 292
627 623
467 627
92 510
467 92
185 467
353 185
353 620
12 353
796 12
106 417
792 106
198 792
485 198
475 485
691 475
258 691
796 258
683 796
705 683
774 705
388 774
388 781
268 388
619 268
664 384
619 664
49 619
746 49
746 45
746 312
154 746
688 760
3 13
418 3
70 213
297 794
443 297
402 443
70 402
418 70
10 418
347 10
390 347
154 390
442 154
421 442
421 688
486 421
