? 5 0 732 471 92 376
? 5 1 577 756 186 759
? 5 2 557 597 310 620
? 5 3 332 747 500 391
? 5 4 744 373 442 758
? 5 5 468 150 123 603
? 5 6 717 426 575 293
? 5 7 25 149 709 108
? 5 8 343 612 393 730
? 5 9 782 264 458 728
? 5 10 799 298 385 502
? 5 11 289 623 564 602
? 5 12 481 186 756 114
? 5 13 597 620 635 22
? 5 14 695 161 127 467
? 5 15 430 725 746 742
? 5 16 286 82 87 755
? 5 17 224 178 288 89
? 5 18 158 264 317 782
? 5 19 93 537 451 502
? 5 20 797 179 619 364
? 5 21 493 206 529 775
? 5 23 492 616 675 795
? 5 24 267 411 552 490
? 5 26 252 575 717 6
? 5 27 685 759 716 41
? 5 28 508 702 419 176
? 5 29 550 339 273 398
? 5 30 628 325 356 336
? 5 31 283 393 333 684
? 5 32 424 618 328 413
? 5 33 607 718 657 482
? 5 34 372 532 435 230
? 5 35 656 760 177 344
? 5 36 729 360 722 220
? 5 37 528 510 458 707
? 5 38 526 615 200 700
? 5 39 586 512 75 754
? 5 40 91 275 403 370
? 5 42 379 444 196 377
? 5 43 609 423 419 176
? 5 44 621 315 740 139
? 5 45 686 439 396 553
? 5 46 625 487 144 276
? 5 47 341 159 400 279
? 5 48 68 668 796 498
? 5 49 652 489 305 748
? 5 50 131 793 603 59
? 5 51 791 627 639 444
? 5 52 284 99 138 653
? 5 53 248 581 22 142
? 5 54 464 673 306 187
? 5 55 498 435 230 324
? 5 56 69 257 233 536
? 5 57 568 320 578 782
? 5 58 229 450 194 638
? 5 60 205 517 76 448
? 5 61 132 574 307 368
? 5 62 211 534 131 700
? 5 63 318 676 769 752
? 5 64 326 687 313 698
? 5 65 351 452 130 654
? 5 66 777 83 112 292
? 5 67 347 721 455 152
? 5 70 299 748 77 710
? 5 71 613 541 594 259
? 5 72 781 483 227 475
? 5 73 427 456 318 752
? 5 74 189 335 564 742
? 5 78 535 459 672 29
? 5 79 485 584 200 594
? 5 80 326 580 723 646
? 5 81 598 231 486 783
? 5 84 757 594 79 481
? 5 85 610 128 438 495
? 5 86 172 425 556 249
? 5 88 217 157 679 779
? 5 90 352 747 185 3
? 5 94 146 459 516 672
? 5 95 445 287 311 103
? 5 96 539 418 617 253
? 5 97 381 674 269 122
? 5 98 630 660 263 683
? 5 100 361 48 796 68
? 5 101 126 252 496 118
? 5 102 766 307 177 291
? 5 104 573 404 392 466
? 5 105 719 363 795 278
? 5 106 561 261 296 517
? 5 107 590 642 172 588
? 5 109 346 653 147 520
? 5 110 362 797 364 20
? 5 111 714 218 354 544
? 5 113 126 118 496 636
? 5 115 383 559 234 343
? 5 116 89 201 129 178
? 5 117 342 217 157 604
? 5 119 645 678 151 521
? 5 120 602 329 289 447
? 5 121 646 468 5 59
? 5 124 366 763 199 140
? 5 125 643 274 348 460
? 5 133 162 694 724 137
? 5 134 423 626 176 43
? 5 135 704 208 497 405
? 5 136 735 677 562 600
? 5 141 367 768 378 565
? 5 143 132 641 144 368
? 5 145 213 285 586 222
? 5 148 329 447 516 244
? 5 153 599 680 395 778
? 5 154 446 667 637 397
? 5 155 25 108 701 7
? 5 156 207 743 449 356
? 5 160 181 579 422 258
? 5 163 546 794 567 714
? 5 164 321 279 433 331
? 5 165 313 687 698 410
? 5 166 696 475 465 650
? 5 167 239 413 296 618
? 5 168 636 551 113 92
? 5 169 713 193 397 154
? 5 170 59 462 700 131
? 5 171 202 722 83 583
? 5 173 709 648 327 7
? 5 174 431 261 127 695
? 5 175 353 340 270 300
? 5 180 749 373 442 183
? 5 182 571 510 519 707
? 5 184 491 543 274 474
? 5 188 651 305 195 237
? 5 190 605 612 393 220
? 5 191 738 271 345 394
? 5 192 495 85 128 784
? 5 197 523 325 461 30
? 5 198 243 241 506 690
? 5 203 693 395 599 608
? 5 204 549 309 490 483
? 5 209 596 640 702 624
? 5 210 463 415 389 712
? 5 212 472 551 792 454
? 5 214 711 87 755 249
? 5 215 692 469 609 563
? 5 216 232 753 511 691
? 5 219 509 386 566 644
? 5 221 538 720 522 548
? 5 223 518 555 529 404
? 5 225 731 536 97 674
? 5 226 563 614 476 692
? 5 228 390 715 501 399
? 5 235 440 713 193 169
? 5 236 385 585 415 502
? 5 238 138 262 294 671
? 5 240 773 273 706 576
? 5 242 439 565 768 141
? 5 245 752 769 427 620
? 5 246 726 251 560 715
? 5 247 707 761 510 480
? 5 250 241 198 243 690
? 5 254 602 623 229 447
? 5 255 159 400 655 611
? 5 256 408 679 663 297
? 5 260 792 758 454 744
? 5 265 353 175 340 540
? 5 266 402 331 279 422
? 5 268 598 745 783 81
? 5 272 661 139 370 275
? 5 277 337 771 381 122
? 5 280 292 655 112 777
? 5 281 727 668 796 68
? 5 282 771 122 437 99
? 5 290 433 331 422 321
? 5 295 394 438 412 271
? 5 301 525 457 479 737
? 5 302 569 531 276 370
? 5 303 507 185 688 747
? 5 304 751 519 513 571
? 5 308 449 789 334 699
? 5 312 395 599 380 153
? 5 314 682 194 638 58
? 5 316 683 129 137 443
? 5 319 648 327 572 149
? 5 322 323 452 384 473
? 5 330 471 732 0 676
? 5 338 26 6 371 456
? 5 349 527 417 352 90
? 5 350 670 578 513 568
? 5 355 432 696 465 650
? 5 357 629 772 780 524
? 5 358 499 741 576 671
? 5 359 505 441 253 587
? 5 365 530 424 477 69
? 5 369 389 463 793 593
? 5 374 775 206 647 418
? 5 375 470 363 346 520
? 5 382 681 725 151 521
? 5 387 633 768 367 378
? 5 388 764 328 239 477
? 5 401 750 436 654 191
? 5 406 644 545 219 473
? 5 407 450 486 638 229
? 5 409 687 64 434 165
? 5 414 666 567 570 544
? 5 416 548 522 235 193
? 5 420 311 128 130 103
? 5 421 69 56 365 20
? 5 428 476 378 614 624
? 5 429 293 426 6 717
? 5 453 259 347 541 478
? 5 484 253 617 734 359
? 5 488 524 780 251 514
? 5 494 788 675 616 262
? 5 503 530 477 562 600
? 5 504 622 535 29 78
? 5 515 733 547 481 12
? 5 533 727 695 14 174
? 5 542 195 237 708 651
? 5 554 220 605 730 360
? 5 558 706 479 576 111
? 5 582 595 127 431 91
? 5 589 762 637 397 446
? 5 591 615 699 461 526
? 5 592 540 581 323 384
? 5 601 770 631 478 41
? 5 606 183 442 749 373
? 5 632 606 183 454 442
? 5 634 556 425 665 82
? 5 649 658 455 534 211
? 5 659 776 508 176 626
? 5 662 772 437 629 357
? 5 664 552 705 512 754
? 5 669 309 483 345 549
? 5 689 570 278 795 414
? 5 697 371 786 338 265
? 5 703 790 748 299 77
? 5 736 724 734 694 133
? 5 739 665 112 588 292
? 5 765 798 90 352 349
? 5 767 790 703 542 708
? 5 774 227 738 781 345
? 5 785 737 716 354 94
? 5 787 514 507 303 747
? 5 1 577 756 186 759
? 5 4 744 373 442 758
? 5 8 343 612 393 730
? 5 10 799 298 385 502
? 5 24 267 411 552 490
? 5 27 685 759 716 41
? 5 31 283 393 333 684
? 5 38 526 615 200 700
? 5 39 586 512 75 754
? 5 49 652 489 305 748
? 5 51 791 627 639 444
? 5 52 284 99 138 653
? 5 53 248 581 22 142
? 5 55 498 435 230 324
? 5 60 205 517 76 448
? 5 62 211 534 131 700
? 5 65 351 452 130 654
? 5 71 613 541 594 259
? 5 84 757 594 79 481
? 5 88 217 157 679 779
? 5 98 630 660 263 683
? 5 101 126 252 496 118
? 5 102 766 307 177 291
? 5 104 573 404 392 466
? 5 105 719 363 795 278
? 5 117 342 217 157 604
? 5 120 602 329 289 447
? 5 123 234 150 559 5
? 5 136 735 677 562 600
? 5 140 199 124 366 250
? 5 163 546 794 567 714
? 5 166 696 475 465 650
? 5 167 239 413 296 618
? 5 168 636 551 113 92
? 5 179 20 364 797 180
? 5 182 571 510 519 707
? 5 184 491 543 274 474
? 5 187 306 641 474 54
? 5 189 335 74 718 33
? 5 190 605 612 393 220
? 5 196 444 670 42 791
? 5 197 523 325 461 30
? 5 201 288 178 116 89
? 5 208 704 135 177 61
? 5 212 472 551 792 454
? 5 213 145 285 222 586
? 5 214 711 87 755 249
? 5 215 692 469 609 563
? 5 216 232 753 511 691
? 5 223 518 555 529 404
? 5 224 17 628 336 356
? 5 226 563 614 476 692
? 5 228 390 715 501 399
? 5 231 81 783 53 598
? 5 236 385 585 415 502
? 5 238 138 262 294 671
? 5 242 439 565 768 141
? 5 247 707 761 510 480
? 5 256 408 679 663 297
? 5 257 536 56 731 69
? 5 260 792 758 454 744
? 5 269 674 381 97 122
? 5 270 353 175 340 371
? 5 272 661 139 370 275
? 5 277 337 771 381 122
? 5 280 292 655 112 777
? 5 281 727 668 796 68
? 5 286 16 87 755 82
? 5 295 394 438 412 271
? 5 300 340 175 353 265
? 5 301 525 457 479 737
? 5 308 449 789 334 699
? 5 310 557 2 622 244
? 5 312 395 599 380 153
? 5 314 682 194 638 58
? 5 316 683 129 137 443
? 5 317 264 9 782 158
? 5 319 648 327 572 149
? 5 320 528 458 57 782
? 5 322 323 452 384 473
? 5 330 471 732 0 676
? 5 332 3 747 500 391
? 5 339 550 398 391 500
? 5 341 298 47 799 10
? 5 348 643 125 609 692
? 5 361 100 796 480 48
? 5 362 364 110 797 20
? 5 375 470 363 346 520
? 5 377 379 42 673 627
? 5 382 681 725 151 521
? 5 383 580 115 646 234
? 5 386 509 219 566 406
? 5 387 633 768 367 378
? 5 396 686 45 553 711
? 5 402 266 279 331 400
? 5 403 40 275 370 91
? 5 405 497 451 537 502
? 5 409 687 64 434 165
? 5 416 548 522 235 193
? 5 417 527 349 352 185
? 5 429 293 426 6 717
? 5 430 742 15 725 521
? 5 432 355 745 650 696
? 5 436 750 783 401 268
? 5 460 274 125 491 543
? 5 462 170 723 59 699
? 5 467 139 161 14 272
? 5 482 657 701 33 607
? 5 493 21 104 667 573
? 5 503 530 477 562 600
? 5 532 372 342 693 117
? 5 538 221 720 522 548
? 5 545 473 384 322 406
? 5 547 288 733 178 515
? 5 560 233 726 246 56
? 5 561 106 261 517 431
? 5 569 302 272 370 275
? 5 579 181 160 258 665
? 5 583 83 611 283 171
? 5 587 529 418 253 223
? 5 593 603 793 468 5
? 5 596 209 640 702 624
? 5 608 297 680 203 679
? 5 610 85 654 438 128
? 5 619 20 797 503 530
? 5 631 770 601 478 794
? 5 634 556 425 665 82
? 5 635 22 13 142 786
? 5 642 172 590 107 588
? 5 647 374 775 206 539
? 5 658 649 534 455 211
? 5 678 645 119 151 521
? 5 705 754 664 512 552
? 5 710 77 299 70 748
? 5 712 760 463 389 35
? 5 721 152 67 347 478
? 5 728 9 458 264 782
? 5 736 724 734 694 133
? 5 740 315 44 621 571
? 5 741 358 576 499 671
? 5 743 207 156 449 308
? 5 746 222 285 15 725
? 5 751 304 519 513 571
? 5 762 589 446 637 154
? 5 763 366 124 441 505
? 5 764 600 562 388 477
? 5 773 240 576 558 706
? 5 778 153 599 680 312
? 5 784 495 85 192 438
? 5 788 494 262 616 294
? 5 1 577 756 186 759
? 5 4 744 373 442 758
? 5 8 343 612 393 730
? 5 11 289 623 564 602
? 5 18 158 264 317 782
? 5 19 93 537 451 502
? 5 24 267 411 552 490
? 5 27 685 759 716 41
!
236 415 585 
585 415
585 236
28 508 659 702 776 
28 702
508 28
659 508
659 776
109 138 147 294 346 653 
109 346
147 109
653 147
138 653
294 138
8 612 
8 612
188 195 237 542 651 
195 188
237 195
237 542
651 237
327 
6 575 
6 575
65 95 103 128 130 287 311 420 445 509 
103 509
130 65
103 130
287 103
95 287
445 95
311 445
420 311
128 420
268 
30 325 336 356 628 
30 325
356 30
336 356
628 336
90 765 
765 90
515 733 
733 515
635 786 
635 786
56 69 257 365 421 424 477 530 562 600 735 
530 600
562 735
530 562
477 530
365 477
421 69
56 257
421 56
365 421
365 424
596 640 
596 640
38 197 523 
523 38
523 197
80 115 383 559 580 646 723 
115 559
383 115
646 383
580 646
80 580
723 80
199 
280 777 
280 777
81 
175 265 300 340 353 540 
340 300
353 175
340 353
265 340
265 540
136 179 
136 179
71 
37 320 728 
728 37
320 728
367 565 633 768 
768 565
633 768
367 633
319 572 648 
572 648
319 572
611 
96 253 359 441 617 
253 441
359 253
617 359
617 96
339 
127 174 
127 174
303 507 688 
688 507
303 688
281 
146 329 447 516 
516 146
447 516
329 447
72 227 271 345 465 475 483 650 696 738 774 781 
696 465
650 696
475 650
781 475
227 781
774 227
738 774
271 738
345 271
483 345
483 72
171 283 393 583 684 
283 393
283 684
583 283
583 171
98 316 
98 316
212 260 758 
260 212
260 758
213 
60 76 205 
76 60
205 76
276 302 487 531 569 
276 487
302 276
531 302
569 531
19 93 135 208 405 451 497 537 
135 208
93 451
19 93
537 19
405 537
497 405
135 497
122 269 282 381 437 629 662 674 772 780 
122 674
122 269
122 381
437 122
437 282
662 437
629 662
772 629
772 780
156 207 308 743 
156 743
207 156
308 207
78 244 310 459 504 535 557 622 672 
622 504
557 244
557 310
622 557
535 622
459 78
535 459
535 672
86 249 556 634 
634 556
86 634
249 86
163 770 
770 163
485 
200 584 
584 200
185 349 352 417 527 798 
352 798
352 527
349 417
352 349
185 352
286 
165 409 410 730 
410 730
165 410
165 409
7 25 108 149 173 709 
25 149
7 25
709 173
709 7
108 709
190 220 605 
190 605
190 220
167 239 296 
239 296
167 239
23 105 278 492 689 795 
278 689
795 105
795 278
23 795
23 492
36 66 83 202 360 554 722 729 
360 554
360 729
36 360
722 36
202 722
83 202
83 66
761 
566 
85 192 495 610 784 
85 610
192 85
495 192
495 784
334 789 
334 789
116 129 443 736 
443 736
129 116
129 443
54 184 474 491 543 
474 54
543 184
543 491
474 543
12 79 84 114 259 453 478 481 541 594 613 757 
12 114
481 12
757 481
757 84
594 757
594 79
613 594
541 613
453 541
453 259
478 453
33 189 482 607 657 701 718 
33 701
33 657
189 33
607 482
718 607
718 189
484 
31 333 
333 31
295 
214 
157 342 604 779 
157 342
157 604
779 157
209 378 428 476 624 
624 378
624 209
428 624
428 476
148 
216 511 691 753 
753 511
691 216
753 691
719 
224 461 
224 461
58 194 229 254 314 407 450 638 682 
229 254
58 229
407 58
638 407
682 314
638 682
194 638
450 194
218 354 546 714 785 794 
354 785
218 354
714 218
546 714
794 546
458 
99 277 771 
771 277
99 771
14 100 431 480 533 668 695 727 796 
796 480
796 100
668 796
727 668
533 727
14 533
695 14
431 695
238 788 
788 238
42 379 444 627 639 791 
444 627
42 379
444 42
639 444
791 639
243 
15 222 725 746 
15 725
746 15
746 222
513 751 
751 513
193 397 522 637 713 
193 522
713 193
397 713
397 637
107 172 588 590 642 739 
107 172
590 107
588 590
588 642
739 588
35 102 291 307 344 656 760 766 
307 766
291 307
291 102
344 291
656 760
344 656
35 344
577 756 759 
577 759
756 577
231 
186 
170 449 462 526 591 615 699 
615 526
591 615
699 591
462 170
699 462
699 449
41 601 685 
41 685
601 41
518 587 
518 587
45 396 439 553 686 
45 439
45 686
553 45
396 553
125 164 266 290 321 331 433 460 643 
125 643
460 125
164 460
433 266
164 321
331 164
433 290
331 433
39 75 145 166 285 355 432 586 664 705 754 
145 285
586 145
75 586
75 39
754 75
754 664
705 754
166 705
355 166
355 432
32 328 388 618 764 
32 618
328 32
388 328
388 764
94 120 301 737 
94 120
737 301
737 94
10 47 112 159 160 181 255 258 279 292 298 341 385 400 402 422 502 579 655 665 799 
502 10
298 502
279 402
298 385
799 298
47 799
279 47
400 279
159 341
400 159
400 255
655 400
655 112
292 655
665 292
181 665
258 579
181 258
160 181
422 160
221 538 548 720 
720 538
221 548
720 221
3 29 228 246 251 332 390 391 398 399 488 500 501 514 524 550 715 726 747 787 
398 29
550 398
391 550
747 391
3 500
3 332
747 3
787 747
514 787
251 514
524 488
251 524
726 251
715 726
715 501
399 228
390 399
715 390
246 715
110 362 677 
110 677
362 110
343 
52 
9 18 158 264 317 
264 9
158 264
18 158
317 18
0 2 63 92 245 330 376 427 471 597 620 636 676 732 752 769 
92 636
376 92
471 376
471 330
676 471
0 732
676 0
63 676
769 63
752 769
752 427
597 2
620 597
245 620
752 245
70 77 489 710 
77 489
77 70
710 77
284 337 
337 284
13 22 53 142 248 581 592 
248 53
142 248
581 142
22 13
581 22
592 581
97 225 233 536 560 731 
233 560
731 233
225 97
731 225
731 536
274 306 348 464 704 
274 704
274 348
306 274
306 464
16 82 87 425 711 755 
82 425
16 82
87 16
755 87
711 755
17 89 178 201 288 
89 17
178 201
178 89
288 178
263 630 660 683 
263 630
683 660
683 263
49 
547 
262 494 671 675 
262 671
494 262
675 494
4 180 
180 4
1 74 335 
335 1
335 74
139 272 315 621 661 
315 621
139 315
272 661
139 272
322 545 697 
545 697
322 545
48 55 68 361 435 
55 435
48 55
48 361
68 48
256 297 408 663 
256 297
663 256
663 408
161 182 467 
161 467
182 161
67 152 347 631 721 
721 631
67 152
347 67
721 347
141 387 
141 387
693 778 
778 693
27 716 
716 27
242 
226 614 
614 226
273 357 
273 357
126 
235 416 440 589 762 
235 416
440 235
589 440
589 762
153 203 217 312 380 395 599 608 679 680 
679 217
608 679
380 312
153 380
153 599
395 153
680 395
203 608
680 203
46 51 625 740 
51 740
625 51
625 46
50 59 62 131 150 211 369 389 455 463 468 534 593 603 649 658 700 793 
463 389
463 593
793 463
793 369
50 793
131 50
649 455
211 649
211 62
211 658
534 211
131 534
59 131
603 150
603 468
59 603
59 700
11 289 564 602 623 
11 289
564 11
623 602
564 623
5 121 123 
5 121
123 5
40 91 275 370 403 582 595 
370 275
91 370
40 403
91 40
582 91
582 595
106 261 448 517 561 
517 448
106 517
261 106
561 261
299 305 652 703 708 748 767 790 
748 299
652 748
305 652
708 305
767 708
703 767
790 703
61 132 143 144 187 368 377 574 641 673 
574 368
61 574
132 61
143 132
143 144
641 143
187 641
673 187
673 377
21 206 223 374 418 539 647 775 
418 223
539 418
647 539
206 647
775 206
775 21
775 374
133 137 162 694 724 734 
133 734
162 133
694 162
137 724
694 137
104 154 169 446 493 529 555 573 667 
154 446
529 555
493 529
573 104
493 573
667 493
154 667
154 169
183 373 442 454 472 606 632 744 749 792 
454 472
792 454
744 792
373 749
373 744
373 442
606 373
632 183
606 632
240 358 457 479 499 558 576 706 741 773 
479 457
558 479
558 706
240 558
240 773
576 240
499 741
358 499
576 358
210 234 
234 210
177 712 
712 177
364 503 619 797 
797 364
619 797
619 503
525 
113 118 168 496 551 
113 551
113 168
118 113
496 118
57 196 350 568 578 670 782 
57 782
568 57
670 196
350 670
568 350
568 578
20 
43 134 176 215 419 423 469 563 609 626 692 
692 563
469 692
609 43
609 215
609 469
419 609
423 419
626 134
626 423
176 626
363 375 470 520 616 
363 616
470 520
363 470
375 363
119 151 382 430 521 645 678 742 
521 678
645 119
151 645
151 382
521 151
742 521
742 430
412 
24 204 267 309 411 490 512 549 552 669 
411 24
267 411
549 267
204 669
309 204
549 309
552 512
490 552
549 490
124 140 198 241 250 366 392 404 466 505 506 690 763 
404 392
466 404
241 466
198 506
241 198
250 241
250 690
140 250
366 140
124 763
124 366
505 124
26 73 101 252 293 318 338 371 426 429 456 717 
426 429
426 293
717 426
252 717
252 101
26 252
318 73
456 318
338 456
26 338
371 26
155 
270 
247 304 510 519 528 571 707 
519 510
571 304
519 571
707 519
707 247
528 707
219 323 384 386 406 473 644 
406 386
644 219
406 644
473 323
473 384
406 473
88 
34 117 230 324 372 498 532 
532 117
34 532
230 34
324 498
230 324
372 230
413 
191 351 394 401 436 438 452 486 598 654 745 750 783 
394 438
191 394
654 191
654 351
654 452
401 654
750 401
436 750
598 745
783 436
598 783
486 598
232 
64 313 326 434 687 698 
64 434
326 64
687 326
698 313
687 698
44 
111 414 544 567 570 666 
544 567
544 111
666 544
666 414
666 570
681 
