? 13 0 5 257 317 52 84 724 7 242 783 640 772 221
? 13 1 352 549 137 103 98 46 185 202 644 62 524 382
? 13 2 519 686 254 87 107 15 436 39 55 773 47 403
? 13 3 788 54 615 101 518 252 357 247 165 330 441 83
? 13 4 795 248 577 331 494 718 37 29 540 232 53 644
? 13 6 489 315 351 797 457 780 437 293 639 601 717 414
? 13 8 652 126 173 666 106 238 288 621 65 30 265 716
? 13 9 736 605 59 536 74 31 503 34 612 49 128 139
? 13 10 504 372 703 728 786 525 517 83 672 353 766 279
? 13 11 774 229 122 624 695 32 747 252 121 760 701 674
? 13 12 182 584 279 105 330 204 357 755 83 165 788 10
? 13 13 124 749 731 538 204 568 755 544 105 650 584 321
? 13 14 263 589 177 195 401 509 311 721 502 592 794 785
? 13 16 100 748 143 17 348 198 653 92 581 70 579 412
? 13 18 684 402 681 680 472 215 314 798 89 237 737 535
? 13 19 365 693 745 451 523 58 573 409 711 469 115 337
? 13 20 720 773 562 389 47 686 295 551 543 669 55 519
? 13 21 376 201 411 394 446 642 614 309 318 231 628 93
? 13 22 241 285 602 752 404 506 391 355 527 627 125 585
? 13 23 251 702 575 625 558 91 216 776 120 395 284 529
? 13 24 275 473 448 791 41 769 67 466 574 379 465 613
? 13 25 410 94 572 42 264 209 208 335 228 367 459 109
? 13 26 569 343 399 128 49 483 579 653 198 392 148 748
? 13 27 71 121 79 207 699 630 187 583 35 452 421 750
? 13 28 375 747 190 368 674 701 760 712 445 32 668 267
? 13 33 463 380 493 85 622 344 751 616 338 468 102 135
? 13 36 480 163 265 799 278 78 199 310 180 345 48 362
? 13 38 497 722 667 205 108 732 771 430 235 75 396 358
? 13 40 777 590 219 230 228 222 277 208 619 412 553 479
? 13 43 328 360 281 770 564 406 96 440 132 45 81 258
? 13 44 682 620 514 585 424 627 450 756 423 752 547 445
? 13 50 678 414 639 717 531 694 305 738 341 127 442 462
? 13 51 739 393 133 618 641 367 741 533 377 298 550 498
? 13 56 753 282 213 587 582 417 420 99 290 236 276 362
? 13 57 660 600 598 379 66 212 142 405 397 662 339 291
? 13 60 136 610 608 336 280 296 737 176 719 539 148 218
? 13 61 321 433 768 568 256 504 544 154 517 372 353 111
? 13 63 495 135 616 622 595 264 390 521 619 209 493 344
? 13 64 299 160 664 370 632 594 39 775 301 346 141 603
? 13 68 382 644 29 46 98 524 202 62 1 352 137 37
? 13 69 505 273 366 152 237 746 89 556 567 104 461 680
? 13 72 277 553 555 407 120 246 219 575 186 700 777 529
? 13 73 233 255 609 771 434 144 123 714 97 636 522 396
? 13 76 193 478 675 227 455 758 565 656 77 244 319 646
? 13 80 447 312 289 307 322 563 740 779 359 508 790 334
? 13 82 224 326 671 443 510 427 395 91 149 284 216 781
? 13 86 349 670 474 270 339 659 212 754 397 119 334 499
? 13 88 157 90 188 794 358 651 460 793 205 108 117 361
? 13 95 327 697 184 596 467 733 158 141 692 370 632 785
? 13 110 383 477 696 665 573 469 115 19 223 409 365 486
? 13 112 153 162 369 617 154 256 484 416 658 172 560 768
? 13 113 591 175 637 528 657 606 706 513 146 261 688 689
? 13 114 542 762 364 548 726 676 75 729 667 398 444 178
? 13 116 757 266 563 541 676 130 364 613 307 715 599 322
? 13 118 164 167 250 234 361 301 346 467 733 117 606 299
? 13 129 428 214 239 714 225 325 559 471 631 705 73 294
? 13 131 210 350 527 687 220 387 384 223 425 274 302 665
? 13 134 302 759 166 665 158 223 486 350 189 131 687 297
? 13 138 673 698 449 663 580 475 332 603 439 775 15 707
? 13 140 181 435 259 240 471 293 559 235 177 437 589 522
? 13 145 725 708 738 305 316 211 127 488 99 324 694 50
? 13 147 515 151 354 789 297 373 782 386 464 161 580 663
? 13 150 171 77 772 634 313 454 792 735 319 84 500 675
? 13 155 304 537 787 649 532 565 647 656 485 168 758 217
? 13 156 333 356 253 779 246 790 287 453 700 388 359 586
? 13 159 197 249 243 296 176 374 298 535 323 104 487 737
? 13 169 444 262 729 751 308 75 338 463 102 468 85 33
? 13 170 654 623 586 633 453 529 790 93 231 400 356 246
? 13 174 501 456 363 679 626 723 546 432 192 381 481 578
? 13 179 183 65 413 291 662 466 238 621 666 405 106 41
? 13 191 532 787 217 649 438 168 304 155 537 347 487 570
? 13 194 283 743 267 593 419 712 445 756 306 576 643 668
? 13 196 429 607 308 287 599 704 102 359 338 468 322 307
? 13 200 189 592 311 502 166 509 721 677 195 697 486 457
? 13 203 640 783 648 221 784 496 7 242 724 317 52 385
? 13 206 546 192 363 611 218 679 174 645 719 456 381 501
? 13 226 458 482 707 672 439 728 475 786 766 247 353 703
? 13 245 520 361 793 234 250 606 511 167 175 164 261 651
? 13 260 178 342 268 398 123 144 465 636 609 761 255 434
? 13 269 320 526 323 273 567 552 104 505 366 535 69 89
? 13 271 340 614 492 628 499 394 309 635 411 371 446 659
? 13 272 378 101 408 699 71 683 121 247 252 624 3 122
? 13 286 329 161 35 125 373 583 274 425 187 207 79 384
? 13 292 683 763 386 373 187 789 207 699 580 449 79 408
? 13 300 710 399 148 336 539 581 348 392 280 719 645 136
? 13 303 604 690 534 540 53 422 718 564 765 132 258 494
? 13 415 578 481 626 713 432 734 501 456 723 139 174 381
? 13 418 709 199 571 48 30 716 294 431 345 310 239 288
? 13 426 371 45 440 635 96 81 281 492 406 340 770 43
? 13 470 78 661 278 629 799 480 276 163 265 36 530 180
? 13 476 588 679 723 796 192 174 363 546 206 501 456 432
? 13 490 741 17 581 539 710 348 133 92 498 100 739 298
? 13 491 347 570 487 393 298 133 243 438 533 741 159 197
? 13 507 508 119 499 740 334 628 309 474 446 289 394 754
? 13 512 730 511 135 793 622 520 380 460 521 245 261 33
? 13 516 734 713 524 34 98 549 1 103 352 415 605 137
? 13 545 513 55 688 47 706 107 686 519 528 20 637 113
? 13 554 765 718 53 422 534 540 604 303 690 4 248 494
? 13 557 452 701 760 747 630 423 421 28 445 424 750 27
? 13 561 484 389 256 669 658 551 87 720 436 295 162 773
? 13 566 220 696 391 223 665 115 383 469 527 573 110 210
? 13 597 295 551 669 618 658 562 484 641 550 377 543 720
? 13 638 631 290 325 420 417 294 214 587 488 236 431 99
? 13 655 650 767 778 385 172 538 648 749 731 784 544 496
? 13 685 441 518 54 165 252 3 357 774 122 695 788 624
? 13 691 781 185 137 149 62 202 352 103 1 510 46 549
? 13 727 704 479 390 619 607 468 102 344 388 429 616 338
? 13 742 746 461 556 152 646 455 505 366 244 227 69 478
? 13 744 462 341 694 337 678 127 50 745 414 711 58 639
? 13 764 232 427 360 132 318 224 671 770 326 494 43 443
? 13 18 684 402 681 680 472 215 314 798 89 237 737 535
? 13 25 410 94 572 42 264 209 208 335 228 367 459 109
? 13 31 612 59 536 216 776 91 625 9 395 149 74 503
? 13 44 682 620 514 585 424 627 450 756 423 752 547 445
? 13 67 791 275 769 24 726 448 548 762 473 178 260 613
? 13 68 382 644 29 46 98 524 202 62 1 352 137 37
? 13 70 92 498 17 100 143 16 42 748 739 348 228 230
? 13 111 766 353 517 672 482 728 372 458 504 436 226 87
? 13 138 673 698 449 663 580 475 332 603 439 775 15 707
? 13 157 90 88 358 188 460 794 793 651 205 108 117 497
? 13 181 140 435 240 259 471 293 437 559 428 797 522 235
? 13 184 733 785 95 697 467 721 327 189 509 311 166 200
? 13 213 282 582 56 587 99 753 417 420 290 316 236 708
? 13 222 412 579 230 653 198 343 483 143 777 590 40 555
? 13 253 156 246 333 356 700 388 453 779 287 790 586 407
? 13 285 241 22 602 752 404 506 355 391 125 627 527 585
? 13 324 705 225 211 488 305 738 442 708 531 214 717 325
? 13 354 515 297 151 147 464 782 789 692 663 580 596 594
? 13 400 93 284 231 654 623 170 318 443 201 633 586 529
? 13 413 291 183 179 662 405 65 41 466 379 57 666 238
? 13 470 78 661 278 629 799 480 276 163 265 36 530 180
? 13 485 647 537 155 304 649 787 532 560 217 724 221 242
? 13 495 619 63 209 390 264 479 208 616 727 94 410 572
? 13 500 772 150 313 171 84 77 735 634 257 5 454 792
? 13 512 730 511 135 793 622 520 380 460 521 245 261 33
? 13 526 320 269 323 273 552 104 567 487 535 249 347 505
? 13 566 220 696 391 223 665 115 383 469 527 573 110 210
? 13 569 128 49 26 503 736 74 399 392 343 483 9 148
? 13 595 521 689 146 109 261 135 63 511 528 637 572 512
? 13 597 295 551 669 618 658 562 484 641 550 377 543 720
? 13 601 780 711 58 477 19 457 337 365 351 745 6 486
? 13 642 318 376 770 81 21 201 360 45 411 440 43 371
? 13 643 576 306 593 712 419 283 194 743 668 267 368 445
? 13 657 591 113 175 606 637 688 107 403 528 346 513 301
? 13 660 57 212 600 339 598 397 66 379 715 142 270 405
? 13 757 116 266 563 541 676 130 307 364 599 715 613 322
? 13 767 778 655 172 650 416 648 496 385 544 617 538 731
? 13 795 577 331 248 4 37 494 232 29 62 202 644 46
? 13 796 588 215 314 608 476 472 798 610 681 737 18 684
? 13 0 5 257 317 52 84 724 7 242 783 640 772 221
? 13 2 519 686 254 87 107 15 436 39 55 773 47 403
? 13 13 124 749 731 538 204 568 755 544 105 650 584 321
? 13 14 263 589 177 195 401 509 311 721 502 592 794 785
? 13 23 251 702 575 625 558 91 216 776 120 395 284 529
? 13 25 410 94 572 42 264 209 208 335 228 367 459 109
? 13 31 612 59 536 216 776 91 625 9 395 149 74 503
? 13 38 497 722 667 205 108 732 771 430 235 75 396 358
? 13 44 682 620 514 585 424 627 450 756 423 752 547 445
? 13 61 321 433 768 568 256 504 544 154 517 372 353 111
? 13 67 791 275 769 24 726 448 548 762 473 178 260 613
? 13 68 382 644 29 46 98 524 202 62 1 352 137 37
? 13 76 193 478 675 227 455 758 565 656 77 244 319 646
? 13 80 447 312 289 307 322 563 740 779 359 508 790 334
? 13 82 224 326 671 443 510 427 395 91 149 284 216 781
? 13 86 349 670 474 270 339 659 212 754 397 119 334 499
? 13 96 440 45 281 406 43 426 81 328 770 371 360 258
? 13 97 434 636 144 714 571 233 239 761 73 609 255 268
? 13 112 153 162 369 617 154 256 484 416 658 172 560 768
? 13 114 542 762 364 548 726 676 75 729 667 398 444 178
? 13 118 164 167 250 234 361 301 346 467 733 117 606 299
? 13 126 8 652 265 173 163 288 480 666 36 106 799 30
? 13 129 428 214 239 714 225 325 559 471 631 705 73 294
? 13 134 302 759 166 665 158 223 486 350 189 131 687 297
? 13 138 673 698 449 663 580 475 332 603 439 775 15 707
? 13 157 90 88 358 188 460 794 793 651 205 108 117 497
? 13 160 299 64 664 39 370 301 346 403 775 632 594 254
? 13 168 565 787 155 304 552 191 532 649 656 758 537 76
? 13 169 444 262 729 751 308 75 338 463 102 468 85 33
? 13 181 140 435 240 259 471 293 437 559 428 797 522 235
? 13 182 12 584 279 330 357 105 83 204 165 755 788 525
? 13 184 733 785 95 697 467 721 327 189 509 311 166 200
? 13 185 137 691 352 781 103 149 549 1 62 202 536 612
? 13 186 555 702 483 558 277 72 575 120 251 222 343 503
? 13 190 375 368 668 674 28 32 712 306 747 283 194 695
? 13 196 429 607 308 287 599 704 102 359 338 468 322 307
? 13 199 30 48 709 345 418 288 310 716 36 431 480 163
? 13 213 282 582 56 587 99 753 417 420 290 316 236 708
? 13 218 645 719 392 280 611 206 546 148 192 363 381 336
? 13 229 11 624 122 774 121 695 747 252 71 760 32 701
? 13 253 156 246 333 356 700 388 453 779 287 790 586 407
? 13 272 378 101 408 699 71 683 121 247 252 624 3 122
? 13 285 241 22 602 752 404 506 355 391 125 627 527 585
? 13 286 329 161 35 125 373 583 274 425 187 207 79 384
? 13 292 683 763 386 373 187 789 207 699 580 449 79 408
? 13 296 176 159 249 197 60 737 374 136 336 539 608 610
? 13 315 489 6 797 639 437 717 293 414 531 351 442 457
? 13 342 260 178 268 398 123 144 636 465 609 761 434 255
? 13 354 515 297 151 147 464 782 789 692 663 580 596 594
? 13 362 180 310 236 345 431 48 276 36 629 78 278 290
? 13 387 384 687 425 350 161 131 274 151 210 297 302 125
? 13 413 291 183 179 662 405 65 41 466 379 57 666 238
? 13 422 534 765 53 604 718 303 554 690 540 494 564 4
? 13 470 78 661 278 629 799 480 276 163 265 36 530 180
? 13 492 635 340 271 371 426 614 81 628 45 394 499 309
? 13 495 619 63 209 390 264 479 208 616 727 94 410 572
? 13 500 772 150 313 171 84 77 735 634 257 5 454 792
? 13 507 508 119 499 740 334 628 309 474 446 289 394 754
? 13 523 409 693 451 365 469 19 573 115 745 58 696 383
? 13 533 570 393 618 438 491 51 597 133 658 347 369 298
? 13 545 513 55 688 47 706 107 686 519 528 20 637 113
? 13 556 461 746 742 152 646 69 505 366 455 244 227 478
? 13 557 452 701 760 747 630 423 421 28 445 424 750 27
? 13 566 220 696 391 223 665 115 383 469 527 573 110 210
? 13 569 128 49 26 503 736 74 399 392 343 483 9 148
? 13 638 631 290 325 420 417 294 214 587 488 236 431 99
? 13 643 576 306 593 712 419 283 194 743 668 267 368 445
? 13 654 170 623 586 93 633 529 400 231 453 790 284 407
? 13 660 57 212 600 339 598 397 66 379 715 142 270 405
? 13 685 441 518 54 165 252 3 357 774 122 695 788 624
? 13 725 145 127 738 305 708 316 694 211 341 488 50 678
? 13 734 516 713 34 415 524 98 549 605 481 1 578 103
? 13 744 462 341 694 337 678 127 50 745 414 711 58 639
? 13 757 116 266 563 541 676 130 307 364 599 715 613 322
? 13 764 232 427 360 132 318 224 671 770 326 494 43 443
? 13 795 577 331 248 4 37 494 232 29 62 202 644 46
? 13 7 317 640 783 52 242 724 0 203 221 5 257 648
? 13 10 504 372 703 728 786 525 517 83 672 353 766 279
? 13 18 684 402 681 680 472 215 314 798 89 237 737 535
? 13 25 410 94 572 42 264 209 208 335 228 367 459 109
? 13 31 612 59 536 216 776 91 625 9 395 149 74 503
? 13 44 682 620 514 585 424 627 450 756 423 752 547 445
? 13 67 791 275 769 24 726 448 548 762 473 178 260 613
? 13 68 382 644 29 46 98 524 202 62 1 352 137 37
? 13 70 92 498 17 100 143 16 42 748 739 348 228 230
? 13 96 440 45 281 406 43 426 81 328 770 371 360 258
? 13 138 673 698 449 663 580 475 332 603 439 775 15 707
? 13 139 381 481 611 456 605 501 626 174 736 578 34 415
? 13 141 596 327 632 692 594 370 95 464 158 467 64 299
? 13 157 90 88 358 188 460 794 793 651 205 108 117 497
? 13 181 140 435 240 259 471 293 437 559 428 797 522 235
? 13 184 733 785 95 697 467 721 327 189 509 311 166 200
? 13 185 137 691 352 781 103 149 549 1 62 202 536 612
? 13 199 30 48 709 345 418 288 310 716 36 431 480 163
? 13 213 282 582 56 587 99 753 417 420 290 316 236 708
? 13 217 532 649 787 537 191 304 560 155 485 438 617 168
? 13 218 645 719 392 280 611 206 546 148 192 363 381 336
? 13 243 298 159 197 741 133 491 249 487 347 393 490 296
? 13 253 156 246 333 356 700 388 453 779 287 790 586 407
? 13 285 241 22 602 752 404 506 355 391 125 627 527 585
? 13 300 710 399 148 336 539 581 348 392 280 719 645 136
? 13 324 705 225 211 488 305 738 442 708 531 214 717 325
? 13 354 515 297 151 147 464 782 789 692 663 580 596 594
? 13 389 720 773 20 669 551 561 295 686 562 519 47 87
? 13 413 291 183 179 662 405 65 41 466 379 57 666 238
? 13 422 534 765 53 604 718 303 554 690 540 494 564 4
? 13 429 607 102 338 196 468 308 704 85 287 727 751 344
? 13 458 226 482 672 707 439 766 728 111 353 475 673 698
? 13 465 761 268 636 342 260 178 144 434 473 97 571 791
? 13 470 78 661 278 629 799 480 276 163 265 36 530 180
? 13 476 588 679 723 796 192 174 363 546 206 501 456 432
? 13 477 110 383 486 601 780 573 19 696 58 665 711 365
? 13 492 635 340 271 371 426 614 81 628 45 394 499 309
? 13 493 344 616 85 380 33 622 463 468 390 102 338 751
? 13 495 619 63 209 390 264 479 208 616 727 94 410 572
? 13 500 772 150 313 171 84 77 735 634 257 5 454 792
? 13 512 730 511 135 793 622 520 380 460 521 245 261 33
? 13 526 320 269 323 273 552 104 567 487 535 249 347 505
? 13 533 570 393 618 438 491 51 597 133 658 347 369 298
? 13 555 186 277 72 483 553 222 702 120 575 777 558 343
? 13 556 461 746 742 152 646 69 505 366 455 244 227 478
? 13 566 220 696 391 223 665 115 383 469 527 573 110 210
? 13 569 128 49 26 503 736 74 399 392 343 483 9 148
? 13 574 142 613 448 379 41 130 66 769 600 598 275 24
? 13 589 177 263 14 401 235 140 108 181 195 259 435 430
? 13 590 40 777 228 230 208 222 219 412 619 209 143 277
? 13 592 502 311 200 677 509 195 721 189 166 457 486 351
? 13 595 521 689 146 109 261 135 63 511 528 637 572 512
? 13 615 525 247 786 788 83 703 3 330 378 101 54 10
? 13 621 238 106 466 173 288 65 716 473 179 666 30 8
? 13 642 318 376 770 81 21 201 360 45 411 440 43 371
? 13 643 576 306 593 712 419 283 194 743 668 267 368 445
? 13 654 170 623 586 93 633 529 400 231 453 790 284 407
? 13 659 499 86 349 474 670 270 271 507 628 339 119 492
? 13 660 57 212 600 339 598 397 66 379 715 142 270 405
? 13 706 513 528 637 545 688 113 591 109 146 175 55 657
? 13 734 516 713 34 415 524 98 549 605 481 1 578 103
? 13 757 116 266 563 541 676 130 307 364 599 715 613 322
? 13 767 778 655 172 650 416 648 496 385 544 617 538 731
? 13 784 385 203 648 496 640 655 783 650 221 767 778 7
? 13 795 577 331 248 4 37 494 232 29 62 202 644 46
? 13 2 519 686 254 87 107 15 436 39 55 773 47 403
? 13 13 124 749 731 538 204 568 755 544 105 650 584 321
? 13 18 684 402 681 680 472 215 314 798 89 237 737 535
? 13 23 251 702 575 625 558 91 216 776 120 395 284 529
? 13 25 410 94 572 42 264 209 208 335 228 367 459 109
? 13 27 71 121 79 207 699 630 187 583 35 452 421 750
? 13 31 612 59 536 216 776 91 625 9 395 149 74 503
? 13 38 497 722 667 205 108 732 771 430 235 75 396 358
? 13 44 682 620 514 585 424 627 450 756 423 752 547 445
? 13 61 321 433 768 568 256 504 544 154 517 372 353 111
? 13 67 791 275 769 24 726 448 548 762 473 178 260 613
? 13 68 382 644 29 46 98 524 202 62 1 352 137 37
? 13 80 447 312 289 307 322 563 740 779 359 508 790 334
? 13 82 224 326 671 443 510 427 395 91 149 284 216 781
? 13 96 440 45 281 406 43 426 81 328 770 371 360 258
? 13 112 153 162 369 617 154 256 484 416 658 172 560 768
? 13 114 542 762 364 548 726 676 75 729 667 398 444 178
? 13 118 164 167 250 234 361 301 346 467 733 117 606 299
? 13 126 8 652 265 173 163 288 480 666 36 106 799 30
? 13 129 428 214 239 714 225 325 559 471 631 705 73 294
? 13 134 302 759 166 665 158 223 486 350 189 131 687 297
? 13 138 673 698 449 663 580 475 332 603 439 775 15 707
? 13 157 90 88 358 188 460 794 793 651 205 108 117 497
? 13 160 299 64 664 39 370 301 346 403 775 632 594 254
? 13 169 444 262 729 751 308 75 338 463 102 468 85 33
? 13 182 12 584 279 330 357 105 83 204 165 755 788 525
? 13 184 733 785 95 697 467 721 327 189 509 311 166 200
? 13 185 137 691 352 781 103 149 549 1 62 202 536 612
? 13 190 375 368 668 674 28 32 712 306 747 283 194 695
? 13 199 30 48 709 345 418 288 310 716 36 431 480 163
? 13 213 282 582 56 587 99 753 417 420 290 316 236 708
? 13 217 532 649 787 537 191 304 560 155 485 438 617 168
? 13 218 645 719 392 280 611 206 546 148 192 363 381 336
? 13 229 11 624 122 774 121 695 747 252 71 760 32 701
? 13 253 156 246 333 356 700 388 453 779 287 790 586 407
? 13 272 378 101 408 699 71 683 121 247 252 624 3 122
? 13 285 241 22 602 752 404 506 355 391 125 627 527 585
? 13 286 329 161 35 125 373 583 274 425 187 207 79 384
? 13 292 683 763 386 373 187 789 207 699 580 449 79 408
? 13 296 176 159 249 197 60 737 374 136 336 539 608 610
? 13 315 489 6 797 639 437 717 293 414 531 351 442 457
? 13 354 515 297 151 147 464 782 789 692 663 580 596 594
? 13 362 180 310 236 345 431 48 276 36 629 78 278 290
? 13 377 550 641 543 459 367 562 618 335 597 295 20 51
? 13 387 384 687 425 350 161 131 274 151 210 297 302 125
? 13 413 291 183 179 662 405 65 41 466 379 57 666 238
? 13 422 534 765 53 604 718 303 554 690 540 494 564 4
? 13 429 607 102 338 196 468 308 704 85 287 727 751 344
? 13 465 761 268 636 342 260 178 144 434 473 97 571 791
? 13 470 78 661 278 629 799 480 276 163 265 36 530 180
? 13 490 741 17 581 539 710 348 133 92 498 100 739 298
? 13 495 619 63 209 390 264 479 208 616 727 94 410 572
? 13 500 772 150 313 171 84 77 735 634 257 5 454 792
? 13 523 409 693 451 365 469 19 573 115 745 58 696 383
? 13 533 570 393 618 438 491 51 597 133 658 347 369 298
? 13 552 567 269 526 320 168 366 505 273 323 478 455 76
? 13 555 186 277 72 483 553 222 702 120 575 777 558 343
? 13 556 461 746 742 152 646 69 505 366 455 244 227 478
? 13 557 452 701 760 747 630 423 421 28 445 424 750 27
? 13 566 220 696 391 223 665 115 383 469 527 573 110 210
? 13 569 128 49 26 503 736 74 399 392 343 483 9 148
? 13 592 502 311 200 677 509 195 721 189 166 457 486 351
? 13 601 780 711 58 477 19 457 337 365 351 745 6 486
? 13 638 631 290 325 420 417 294 214 587 488 236 431 99
? 13 643 576 306 593 712 419 283 194 743 668 267 368 445
? 13 647 485 537 155 304 656 758 792 319 454 649 565 787
? 13 653 198 579 412 343 748 222 16 143 100 230 483 26
? 13 654 170 623 586 93 633 529 400 231 453 790 284 407
? 13 659 499 86 349 474 670 270 271 507 628 339 119 492
? 13 660 57 212 600 339 598 397 66 379 715 142 270 405
? 13 685 441 518 54 165 252 3 357 774 122 695 788 624
? 13 706 513 528 637 545 688 113 591 109 146 175 55 657
? 13 725 145 127 738 305 708 316 694 211 341 488 50 678
? 13 734 516 713 34 415 524 98 549 605 481 1 578 103
? 13 744 462 341 694 337 678 127 50 745 414 711 58 639
? 13 754 334 119 270 474 670 541 349 397 715 212 86 339
? 13 757 116 266 563 541 676 130 307 364 599 715 613 322
? 13 764 232 427 360 132 318 224 671 770 326 494 43 443
? 13 795 577 331 248 4 37 494 232 29 62 202 644 46
? 13 796 588 215 314 608 476 472 798 610 681 737 18 684
? 13 7 317 640 783 52 242 724 0 203 221 5 257 648
? 13 25 410 94 572 42 264 209 208 335 228 367 459 109
? 13 31 612 59 536 216 776 91 625 9 395 149 74 503
? 13 44 682 620 514 585 424 627 450 756 423 752 547 445
? 13 67 791 275 769 24 726 448 548 762 473 178 260 613
? 13 68 382 644 29 46 98 524 202 62 1 352 137 37
? 13 70 92 498 17 100 143 16 42 748 739 348 228 230
? 13 96 440 45 281 406 43 426 81 328 770 371 360 258
? 13 123 398 609 255 342 178 260 144 233 268 73 636 434
? 13 138 673 698 449 663 580 475 332 603 439 775 15 707
? 13 139 381 481 611 456 605 501 626 174 736 578 34 415
? 13 141 596 327 632 692 594 370 95 464 158 467 64 299
? 13 157 90 88 358 188 460 794 793 651 205 108 117 497
? 13 181 140 435 240 259 471 293 437 559 428 797 522 235
? 13 184 733 785 95 697 467 721 327 189 509 311 166 200
? 13 185 137 691 352 781 103 149 549 1 62 202 536 612
? 13 199 30 48 709 345 418 288 310 716 36 431 480 163
? 13 213 282 582 56 587 99 753 417 420 290 316 236 708
? 13 217 532 649 787 537 191 304 560 155 485 438 617 168
? 13 218 645 719 392 280 611 206 546 148 192 363 381 336
? 13 243 298 159 197 741 133 491 249 487 347 393 490 296
? 13 245 520 361 793 234 250 606 511 167 175 164 261 651
? 13 253 156 246 333 356 700 388 453 779 287 790 586 407
? 13 285 241 22 602 752 404 506 355 391 125 627 527 585
? 13 324 705 225 211 488 305 738 442 708 531 214 717 325
? 13 354 515 297 151 147 464 782 789 692 663 580 596 594
? 13 389 720 773 20 669 551 561 295 686 562 519 47 87
? 13 396 522 559 732 430 771 235 435 722 471 73 140 255
? 13 401 589 235 108 430 177 14 732 263 794 205 140 435
? 13 411 446 394 21 309 201 614 376 628 740 340 271 231
!
0 1 2 3 4 5 6 7 8 9 10 11 12 13 14 15 16 17 18 19 20 21 22 23 24 25 26 27 28 29 30 31 32 33 34 35 36 37 38 39 40 41 42 43 44 45 46 47 48 49 50 51 52 53 54 55 56 57 58 59 60 61 62 63 64 65 66 67 68 69 70 71 72 73 74 75 76 77 78 79 80 81 82 83 84 85 86 87 88 89 90 91 92 93 94 95 96 97 98 99 100 101 102 103 104 105 106 107 108 109 110 111 112 113 114 115 116 117 118 119 120 121 122 123 124 125 126 127 128 129 130 131 132 133 134 135 136 137 138 139 140 141 142 143 144 145 146 147 148 149 150 151 152 153 154 155 156 157 158 159 160 161 162 163 164 165 166 167 168 169 170 171 172 173 174 175 176 177 178 179 180 181 182 183 184 185 186 187 188 189 190 191 192 193 194 195 196 197 198 199 200 201 202 203 204 205 206 207 208 209 210 211 212 213 214 215 216 217 218 219 220 221 222 223 224 225 226 227 228 229 230 231 232 233 234 235 236 237 238 239 240 241 242 243 244 245 246 247 248 249 250 251 252 253 254 255 256 257 258 259 260 261 262 263 264 265 266 267 268 269 270 271 272 273 274 275 276 277 278 279 280 281 282 283 284 285 286 287 288 289 290 291 292 293 294 295 296 297 298 299 300 301 302 303 304 305 306 307 308 309 310 311 312 313 314 315 316 317 318 319 320 321 322 323 324 325 326 327 328 329 330 331 332 333 334 335 336 337 338 339 340 341 342 343 344 345 346 347 348 349 350 351 352 353 354 355 356 357 358 359 360 361 362 363 364 365 366 367 368 369 370 371 372 373 374 375 376 377 378 379 380 381 382 383 384 385 386 387 388 389 390 391 392 393 394 395 396 397 398 399 400 401 402 403 404 405 406 407 408 409 410 411 412 413 414 415 416 417 418 419 420 421 422 423 424 425 426 427 428 429 430 431 432 433 434 435 436 437 438 439 440 441 442 443 444 445 446 447 448 449 450 451 452 453 454 455 456 457 458 459 460 461 462 463 464 465 466 467 468 469 470 471 472 473 474 475 476 477 478 479 480 481 482 483 484 485 486 487 488 489 490 491 492 493 494 495 496 497 498 499 500 501 502 503 504 505 506 507 508 509 510 511 512 513 514 515 516 517 518 519 520 521 522 523 524 525 526 527 528 529 530 531 532 533 534 535 536 537 538 539 540 541 542 543 544 545 546 547 548 549 550 551 552 553 554 555 556 557 558 559 560 561 562 563 564 565 566 567 568 569 570 571 572 573 574 575 576 577 578 579 580 581 582 583 584 585 586 587 588 589 590 591 592 593 594 595 596 597 598 599 600 601 602 603 604 605 606 607 608 609 610 611 612 613 614 615 616 617 618 619 620 621 622 623 624 625 626 627 628 629 630 631 632 633 634 635 636 637 638 639 640 641 642 643 644 645 646 647 648 649 650 651 652 653 654 655 656 657 658 659 660 661 662 663 664 665 666 667 668 669 670 671 672 673 674 675 676 677 678 679 680 681 682 683 684 685 686 687 688 689 690 691 692 693 694 695 696 697 698 699 700 701 702 703 704 705 706 707 708 709 710 711 712 713 714 715 716 717 718 719 720 721 722 723 724 725 726 727 728 729 730 731 732 733 734 735 736 737 738 739 740 741 742 743 744 745 746 747 748 749 750 751 752 753 754 755 756 757 758 759 760 761 762 763 764 765 766 767 768 769 770 771 772 773 774 775 776 777 778 779 780 781 782 783 784 785 786 787 788 789 790 791 792 793 794 795 796 797 798 799 
285 404
22 285
241 22
110 241
145 725
305 145
305 738
745 305
110 477
409 110
523 745
451 523
409 693
451 409
293 451
777 590
777 40
575 777
90 751
88 90
794 88
401 794
117 401
664 138
160 141
664 160
346 664
346 301
733 346
659 270
340 659
323 552
741 490
298 741
243 298
159 243
104 323
273 104
535 273
535 89
249 535
374 176
249 374
159 249
197 159
296 197
60 296
218 60
569 218
49 569
736 49
139 736
415 139
796 215
588 796
476 588
723 476
432 723
578 432
415 578
713 415
516 734
516 713
524 516
98 524
68 98
281 258
406 281
43 406
635 340
371 635
426 45
371 426
81 371
360 764
81 96
440 81
43 440
770 43
770 328
360 770
132 360
132 564
540 132
554 765
718 554
718 53
4 718
795 4
382 68
46 382
251 23
120 575
251 120
284 251
443 284
443 224
395 443
558 702
216 558
612 31
625 776
91 395
216 91
625 216
612 625
59 612
536 59
536 9
352 536
549 185
62 781
549 352
1 549
103 1
137 103
202 137
46 29
62 46
644 62
202 644
691 202
149 691
510 149
671 510
671 82
326 671
232 326
534 422
303 534
303 604
690 303
540 690
494 540
248 494
577 248
577 795
331 577
37 331
232 37
427 232
400 427
87 436
256 87
151 147
350 151
162 369
484 658
162 484
154 162
788 615
3 788
54 3
518 54
685 518
441 685
165 441
357 165
330 357
182 330
12 182
755 12
620 44
286 329
35 286
583 35
750 583
452 557
630 452
421 630
750 421
547 750
450 547
424 450
756 620
682 756
423 682
627 752
585 627
424 585
423 424
514 423
445 514
445 267
283 445
194 283
419 194
743 419
593 743
576 643
593 576
712 593
306 712
668 306
368 668
190 368
375 190
28 375
701 28
760 701
747 760
11 747
32 11
32 674
695 32
122 229
121 71
122 121
122 774
624 122
252 272
624 695
252 624
101 252
79 27
384 687
387 384
350 387
131 350
223 131
220 566
210 527
220 210
115 469
383 115
383 573
696 383
665 696
223 665
220 223
391 220
125 274
506 391
602 506
355 602
125 355
425 125
161 425
373 161
386 373
763 386
187 763
207 79
187 207
683 187
699 683
408 699
378 408
101 378
247 101
786 247
525 786
525 703
83 525
279 83
755 279
13 124
204 105
755 584
204 755
13 204
749 13
433 61
256 768
154 256
321 154
433 321
568 433
749 538
544 568
731 544
731 749
650 731
767 650
385 784
655 385
172 767
778 172
655 778
496 655
648 496
203 648
640 203
7 640
5 724
783 221
242 783
317 242
52 7
317 52
5 317
0 5
257 0
257 772
84 257
171 84
454 319
150 500
454 792
634 454
171 634
77 171
150 77
313 150
735 313
227 735
746 556
647 485
304 647
416 112
416 153
617 416
560 617
649 560
191 168
787 191
537 649
532 537
532 217
787 532
304 787
155 304
565 155
758 656
565 758
76 565
675 76
193 675
244 193
244 227
646 244
742 646
746 742
461 746
152 461
366 152
550 377
543 550
562 543
773 562
521 595
521 689
261 521
261 146
606 261
730 512
511 730
520 511
651 117
651 188
793 651
520 793
245 520
234 245
606 234
606 175
113 606
591 657
113 591
688 706
637 113
528 637
513 528
688 513
545 688
55 545
686 55
47 686
773 47
20 773
295 20
51 739
389 561
551 389
295 720
551 295
669 551
597 669
618 597
618 641
51 618
570 51
570 533
393 570
491 438
393 133
491 393
487 491
347 487
526 347
320 526
269 320
478 455
366 478
567 366
269 567
505 269
69 505
237 69
402 18
680 237
402 680
684 402
472 684
681 472
681 314
798 681
737 798
608 737
610 608
136 610
336 136
539 300
539 336
148 539
100 16
17 100
710 17
581 710
348 581
748 348
198 748
198 653
412 198
579 412
343 579
456 363
174 679
174 456
206 174
481 626
605 34
481 605
501 481
381 501
611 381
546 611
206 192
546 206
645 546
719 645
280 719
392 280
399 392
148 399
26 148
74 503
128 74
483 128
343 26
343 483
222 343
186 222
186 555
277 186
72 277
553 72
219 553
388 219
429 196
609 233
607 429
463 493
459 335
367 459
42 367
70 42
92 70
92 498
143 92
230 143
228 230
94 25
572 109
208 228
209 208
410 209
94 410
264 94
264 572
63 264
135 63
622 135
380 622
33 380
463 33
85 463
619 495
479 619
390 479
727 390
616 727
344 616
85 344
338 85
102 308
338 102
468 338
607 468
704 607
388 704
700 388
156 700
156 253
333 156
633 170
231 633
93 400
231 93
411 231
394 411
376 642
376 318
21 376
21 201
394 21
309 394
628 309
271 492
614 271
499 507
628 499
628 614
446 628
740 446
397 66
397 660
212 397
339 212
670 339
474 670
86 474
349 86
119 349
119 754
334 119
508 334
740 508
289 740
312 289
80 312
447 80
322 447
460 157
358 460
497 358
762 114
364 762
779 359
623 654
529 623
453 529
246 407
453 246
453 586
356 453
333 356
333 287
779 333
779 790
322 779
307 599
307 322
563 307
266 563
116 266
116 757
364 116
676 364
444 676
169 262
444 169
729 444
75 729
497 75
108 205
497 108
38 497
771 38
771 667
722 771
430 722
732 430
396 732
73 396
609 73
609 255
144 609
753 56
236 753
362 236
431 362
214 638
214 325
294 214
294 631
431 294
310 48
345 310
431 345
418 431
709 418
571 709
571 636
239 571
517 111
372 10
766 672
353 766
504 353
372 504
517 372
728 517
482 728
226 482
458 226
475 458
2 519
39 2
403 107
254 403
39 254
15 39
439 707
475 439
673 475
698 673
15 698
332 15
603 332
775 603
64 775
789 292
64 299
370 64
370 632
594 370
464 594
663 782
663 449
580 789
663 580
515 663
464 515
692 464
596 692
158 596
759 158
302 759
297 354
302 297
134 302
166 134
677 486
311 677
164 118
250 361
164 250
167 164
733 167
733 184
733 785
467 733
327 467
95 327
697 95
189 697
166 189
311 166
200 311
195 200
502 592
721 502
195 721
509 195
263 509
14 263
177 14
589 177
235 589
6 315
717 6
639 414
442 531
717 442
639 717
462 639
678 462
50 678
694 50
694 127
341 694
744 341
337 744
19 365
711 19
337 711
58 337
780 58
780 601
351 780
351 457
489 351
797 489
293 437
293 797
240 293
140 240
435 140
282 213
582 282
417 582
417 587
290 417
290 420
99 290
316 99
316 708
488 316
211 488
324 211
705 324
225 705
428 225
259 181
435 235
259 435
471 259
559 522
471 559
428 471
129 428
714 129
714 239
144 714
97 144
434 123
434 97
761 434
761 465
342 761
398 342
106 621
106 238
30 106
30 716
288 30
199 288
265 199
629 530
276 629
661 276
661 470
78 661
78 180
278 78
799 278
265 36
480 265
163 799
480 163
126 480
652 126
8 652
8 173
666 8
65 666
179 65
466 179
41 466
769 41
548 542
260 268
178 398
791 67
726 548
178 726
260 178
791 260
473 791
275 473
275 769
24 275
183 413
291 183
405 291
662 405
57 662
379 57
142 379
600 142
598 600
715 598
715 541
130 715
613 130
448 613
448 24
574 448
