? 3 0 614 23
? 3 1 181 390
? 3 2 689 189
? 3 3 310 210
? 3 4 388 205
? 3 5 309 40
? 3 6 494 420
? 3 7 761 358
? 3 8 171 364
? 3 9 381 453
? 3 10 593 45
? 3 11 398 58
? 3 12 329 438
? 3 13 754 320
? 3 14 256 241
? 3 15 676 671
? 3 16 301 137
? 3 17 662 358
? 3 18 348 281
? 3 19 117 529
? 3 20 477 655
? 3 21 89 130
? 3 22 664 500
? 3 24 609 185
? 3 25 60 741
? 3 26 472 73
? 3 27 766 435
? 3 28 297 160
? 3 29 44 531
? 3 30 135 400
? 3 31 603 575
? 3 32 682 487
? 3 33 782 417
? 3 34 593 10
? 3 35 446 456
? 3 36 637 381
? 3 37 684 529
? 3 38 46 795
? 3 39 69 691
? 3 41 632 566
? 3 42 611 321
? 3 43 138 173
? 3 47 375 763
? 3 48 488 650
? 3 49 180 405
? 3 50 512 741
? 3 51 641 165
? 3 52 737 369
? 3 53 441 162
? 3 54 747 483
? 3 55 672 416
? 3 56 497 737
? 3 57 767 41
? 3 59 514 772
? 3 61 610 503
? 3 62 522 727
? 3 63 599 241
? 3 64 583 535
? 3 65 225 399
? 3 66 491 187
? 3 67 111 346
? 3 68 423 468
? 3 70 788 287
? 3 71 623 402
? 3 72 192 203
? 3 74 791 177
? 3 75 179 437
? 3 76 427 771
? 3 77 589 610
? 3 78 401 774
? 3 79 378 583
? 3 80 365 222
? 3 81 429 759
? 3 82 601 753
? 3 83 199 50
? 3 84 293 351
? 3 85 724 218
? 3 86 266 474
? 3 87 371 451
? 3 88 679 628
? 3 90 263 405
? 3 91 223 308
? 3 92 170 366
? 3 93 361 134
? 3 94 496 314
? 3 95 122 353
? 3 96 763 685
? 3 97 236 248
? 3 98 347 129
? 3 99 755 450
? 3 100 163 566
? 3 101 169 462
? 3 102 745 341
? 3 103 116 385
? 3 104 648 281
? 3 105 588 418
? 3 106 328 539
? 3 107 250 592
? 3 108 425 158
? 3 109 665 147
? 3 110 95 122
? 3 112 711 191
? 3 113 502 696
? 3 114 253 493
? 3 115 234 796
? 3 118 8 233
? 3 119 343 462
? 3 120 513 580
? 3 121 459 168
? 3 123 504 105
? 3 124 438 12
? 3 125 166 274
? 3 126 784 480
? 3 127 247 452
? 3 128 144 212
? 3 131 420 6
? 3 132 276 508
? 3 133 379 424
? 3 136 592 708
? 3 139 442 502
? 3 140 618 471
? 3 141 533 43
? 3 142 289 298
? 3 143 244 572
? 3 145 339 172
? 3 146 89 130
? 3 148 432 447
? 3 149 227 267
? 3 150 558 413
? 3 151 524 510
? 3 152 181 78
? 3 153 783 212
? 3 154 237 444
? 3 155 577 553
? 3 156 317 232
? 3 157 135 400
? 3 159 305 304
? 3 161 470 555
? 3 164 613 611
? 3 167 144 291
? 3 174 582 585
? 3 175 374 561
? 3 176 587 486
? 3 178 574 714
? 3 182 457 311
? 3 183 377 596
? 3 184 173 581
? 3 186 570 549
? 3 188 626 756
? 3 190 792 318
? 3 193 592 629
? 3 194 402 688
? 3 195 568 485
? 3 196 455 244
? 3 197 790 318
? 3 198 372 548
? 3 200 540 233
? 3 201 319 799
? 3 202 750 630
? 3 204 263 615
? 3 206 638 311
? 3 207 664 696
? 3 208 330 414
? 3 209 673 460
? 3 211 721 651
? 3 213 448 117
? 3 214 273 756
? 3 215 385 116
? 3 216 31 601
? 3 217 292 770
? 3 219 536 690
? 3 220 467 663
? 3 221 424 379
? 3 224 697 507
? 3 226 712 294
? 3 228 528 280
? 3 229 232 246
? 3 230 692 305
? 3 231 704 690
? 3 235 699 681
? 3 238 51 165
? 3 239 628 637
? 3 240 677 735
? 3 242 168 121
? 3 243 332 590
? 3 245 266 394
? 3 249 422 426
? 3 251 666 146
? 3 252 223 463
? 3 254 573 114
? 3 255 713 134
? 3 257 116 103
? 3 258 653 475
? 3 259 300 720
? 3 260 594 323
? 3 261 755 551
? 3 262 736 147
? 3 264 799 319
? 3 265 703 390
? 3 268 44 307
? 3 269 526 769
? 3 270 792 318
? 3 271 673 460
? 3 272 749 74
? 3 275 793 665
? 3 277 505 188
? 3 278 744 172
? 3 279 726 350
? 3 282 272 749
? 3 283 183 532
? 3 284 327 607
? 3 285 573 158
? 3 286 705 691
? 3 288 608 659
? 3 290 616 674
? 3 295 506 553
? 3 296 716 394
? 3 299 392 625
? 3 302 577 155
? 3 303 510 94
? 3 306 478 794
? 3 312 669 647
? 3 313 224 722
? 3 315 562 713
? 3 316 531 44
? 3 322 620 349
? 3 324 362 765
? 3 325 481 627
? 3 326 579 194
? 3 331 595 196
? 3 333 347 98
? 3 334 363 473
? 3 335 352 643
? 3 336 387 661
? 3 337 663 467
? 3 338 757 482
? 3 340 559 53
? 3 342 400 103
? 3 344 725 687
? 3 345 452 247
? 3 354 39 69
? 3 355 717 784
? 3 356 650 477
? 3 357 335 550
? 3 359 325 627
? 3 360 523 383
? 3 367 671 676
? 3 368 563 657
? 3 370 406 464
? 3 373 647 24
? 3 376 396 421
? 3 380 728 552
? 3 382 225 486
? 3 384 393 639
? 3 386 641 165
? 3 389 744 172
? 3 391 28 593
? 3 395 655 670
? 3 397 148 619
? 3 403 635 661
? 3 404 746 509
? 3 407 769 630
? 3 408 489 550
? 3 409 564 667
? 3 410 639 406
? 3 411 473 334
? 3 412 775 276
? 3 415 389 280
? 3 419 612 501
? 3 428 192 606
? 3 430 653 258
? 3 431 786 568
? 3 433 509 746
? 3 434 585 582
? 3 436 646 686
? 3 439 501 423
? 3 440 654 61
? 3 443 765 454
? 3 445 320 348
? 3 449 533 138
? 3 458 527 451
? 3 461 517 760
? 3 465 279 656
? 3 466 686 437
? 3 469 618 140
? 3 476 600 503
? 3 479 335 352
? 3 484 457 182
? 3 490 325 771
? 3 492 638 311
? 3 495 742 751
? 3 498 605 743
? 3 499 774 639
? 3 511 405 180
? 3 515 228 642
? 3 516 132 508
? 3 518 177 74
? 3 519 454 292
? 3 520 267 798
? 3 521 543 658
? 3 525 561 236
? 3 530 720 560
? 3 534 687 606
? 3 537 731 503
? 3 538 40 309
? 3 541 65 168
? 3 542 719 742
? 3 544 197 790
? 3 545 298 11
? 3 546 728 234
? 3 547 457 182
? 3 554 735 717
? 3 556 89 21
? 3 557 483 747
? 3 565 708 253
? 3 567 560 715
? 3 569 524 151
? 3 571 784 126
? 3 576 779 195
? 3 578 624 625
? 3 584 719 189
? 3 586 645 702
? 3 591 703 110
? 3 597 205 710
? 3 598 777 558
? 3 602 161 470
? 3 604 324 685
? 3 617 648 698
? 3 621 568 195
? 3 622 346 795
? 3 631 615 511
? 3 633 566 41
? 3 634 680 336
? 3 636 737 574
? 3 640 778 738
? 3 644 717 355
? 3 649 379 424
? 3 652 246 667
? 3 660 233 540
? 3 668 552 152
? 3 675 740 462
? 3 678 556 367
? 3 683 365 756
? 3 693 203 534
? 3 694 516 99
? 3 695 418 588
? 3 700 16 796
? 3 701 739 514
? 3 706 75 631
? 3 707 718 369
? 3 709 772 59
? 3 723 702 386
? 3 729 218 724
? 3 730 523 383
? 3 732 256 14
? 3 733 388 721
? 3 734 170 92
? 3 748 749 474
? 3 752 643 352
? 3 758 46 795
? 3 762 760 461
? 3 764 711 55
? 3 768 782 33
? 3 773 393 406
? 3 776 603 575
? 3 780 715 411
? 3 781 45 343
? 3 785 407 630
? 3 787 703 253
? 3 789 185 609
? 3 797 563 501
? 3 0 614 23
? 3 1 181 390
? 3 4 388 205
? 3 5 309 40
? 3 7 761 358
? 3 13 754 320
? 3 15 676 671
? 3 17 662 358
? 3 18 348 281
? 3 22 664 500
? 3 25 60 741
? 3 26 472 73
? 3 27 766 435
? 3 29 44 531
? 3 37 684 529
? 3 38 46 795
? 3 52 737 369
? 3 54 747 483
? 3 62 522 727
? 3 63 599 241
? 3 64 583 535
? 3 66 491 187
? 3 67 111 346
? 3 71 623 402
? 3 72 192 203
? 3 76 427 771
? 3 79 378 583
? 3 81 429 759
? 3 82 601 753
!
88 378 679 
88 378
88 679
521 536 543 658 690 
521 658
543 521
536 543
536 690
643 768 782 
768 643
768 782
93 134 255 361 562 713 
713 562
93 361
134 93
255 134
713 255
259 530 560 567 715 720 780 
720 259
530 720
560 530
567 560
715 567
780 715
229 246 411 652 
652 411
246 229
246 652
5 40 240 258 309 355 430 475 538 644 653 677 717 735 
258 475
653 258
430 653
5 430
309 5
538 309
538 40
644 538
677 735
240 677
717 240
355 644
717 355
31 165 214 238 273 386 575 586 603 641 645 702 723 776 
575 31
603 575
776 603
641 776
273 214
723 273
165 723
165 238
641 165
386 641
702 386
702 645
702 586
128 144 167 224 291 507 697 722 
224 722
507 224
697 507
291 697
291 167
144 291
144 128
19 48 117 213 235 448 681 699 
19 48
699 235
681 699
213 681
448 213
117 448
117 19
9 22 36 113 139 381 442 453 500 502 628 637 664 696 
637 628
36 637
381 36
9 381
453 9
22 453
139 442
502 139
113 502
696 113
500 22
664 500
696 664
154 
334 363 409 473 564 667 
334 473
363 334
564 363
409 564
667 409
42 164 288 608 611 659 
611 164
42 611
659 42
659 608
659 288
0 23 509 614 746 
614 0
23 614
746 23
509 746
38 46 67 91 111 223 243 308 332 346 463 590 622 675 740 758 795 
332 243
590 332
346 590
46 758
795 46
795 38
622 795
346 622
346 111
67 346
308 67
740 675
463 740
308 463
223 308
223 91
133 239 379 424 649 
133 239
379 649
424 133
424 379
433 754 
754 433
20 37 87 356 371 395 451 477 529 655 670 684 
529 37
529 684
670 529
395 670
655 395
477 655
477 356
20 477
87 20
371 87
451 371
226 294 712 
294 226
712 294
401 410 499 
410 401
499 410
96 137 323 482 594 602 757 
602 96
323 602
594 323
482 594
482 137
757 482
299 392 522 578 624 625 
624 522
578 624
625 578
299 392
625 299
219 
102 745 
745 102
158 285 290 425 616 674 
158 425
285 158
674 285
616 674
616 290
61 77 271 370 384 393 406 440 464 476 503 537 589 600 610 639 640 654 731 738 773 778 
778 271
778 640
738 778
476 600
503 476
537 731
503 537
610 503
654 440
61 654
610 61
77 610
589 77
738 589
464 738
406 464
406 370
639 406
393 773
384 393
639 384
25 50 60 83 161 199 470 741 
161 470
83 161
199 83
50 199
60 25
741 60
50 741
106 328 539 
106 539
106 328
457 
11 35 58 66 86 97 98 129 142 175 187 196 236 245 248 266 289 298 347 374 446 455 456 474 491 525 545 561 
455 196
129 455
98 129
347 98
298 347
35 456
446 35
289 446
298 545
11 58
298 11
289 298
289 142
248 289
97 248
236 97
525 236
561 525
374 561
374 175
66 374
491 187
66 491
245 66
474 86
266 245
474 266
8 118 171 200 233 364 540 660 
118 171
540 200
540 660
233 540
118 233
8 118
8 364
74 177 201 249 260 264 270 272 282 319 422 426 518 748 749 791 799 
201 260
201 270
749 748
749 282
749 272
74 749
74 791
177 74
518 177
799 518
422 249
426 422
799 426
799 201
319 264
799 319
3 210 310 333 
3 333
310 210
3 310
320 
209 479 752 
479 209
479 752
162 441 
162 441
76 125 274 325 359 427 481 627 771 
125 274
481 125
325 359
427 76
771 427
325 771
325 481
325 627
313 
89 321 613 
321 89
613 321
54 483 557 747 
483 557
747 483
747 54
489 
32 293 487 682 
682 293
682 487
682 32
51 68 80 94 151 188 222 277 303 314 365 368 419 423 439 468 496 501 505 510 524 563 569 612 626 657 683 756 797 
505 51
505 797
505 277
188 505
188 626
756 188
365 756
365 683
80 365
222 80
303 222
151 569
524 151
510 524
510 303
94 510
94 496
314 94
368 314
68 423
468 68
657 468
368 657
563 368
501 563
419 612
501 419
501 439
143 244 331 572 595 716 
595 716
331 595
244 331
143 244
572 143
10 34 45 119 284 327 343 462 576 593 607 779 781 
779 576
327 779
327 284
607 327
343 607
119 462
343 119
781 343
45 781
10 45
34 10
593 34
221 
29 44 55 70 112 140 190 191 197 268 287 307 316 318 416 469 471 531 544 618 650 672 711 764 788 790 792 
788 650
191 112
711 191
764 711
55 764
70 788
287 70
416 287
672 416
55 672
268 55
44 316
531 29
44 531
268 44
307 268
469 307
618 469
140 618
471 140
792 471
197 544
790 197
318 790
792 318
792 190
398 
372 617 648 698 
698 372
617 698
648 617
555 
52 121 168 178 369 459 520 574 636 707 714 718 737 
168 121
459 168
718 459
718 707
369 718
369 52
737 369
636 737
178 636
714 520
714 178
574 714
546 
498 
84 101 169 186 549 570 
186 84
169 101
186 169
570 549
570 186
4 120 149 205 211 267 388 513 580 597 651 710 721 733 798 
267 149
798 267
710 798
597 710
205 597
205 4
388 205
120 388
580 513
120 580
721 120
721 211
721 733
721 651
207 220 467 
207 220
467 207
27 114 155 254 295 302 435 506 553 573 577 766 787 
766 27
435 766
506 435
295 506
577 302
155 577
553 155
295 553
114 295
114 787
573 114
573 254
174 434 582 585 
582 434
582 174
582 585
104 198 315 548 
198 104
548 315
548 198
6 24 131 148 185 231 279 312 350 373 397 420 432 447 465 494 609 619 647 656 669 704 726 789 
231 704
420 231
420 131
494 420
6 494
726 6
148 432
447 148
619 447
619 397
656 619
656 465
279 656
350 726
279 350
647 279
24 373
185 789
609 185
24 609
647 24
647 669
647 312
296 394 
394 296
30 103 116 135 157 215 257 342 385 400 
116 215
103 257
116 385
103 116
342 103
400 342
135 157
30 135
400 30
335 352 357 408 550 
335 352
357 335
550 357
408 550
105 109 147 262 275 418 588 665 695 736 793 
275 793
665 275
109 665
147 109
736 147
736 262
695 736
105 695
105 588
418 105
53 458 488 527 
527 53
527 488
527 458
461 517 760 762 
461 762
461 760
517 461
126 145 172 228 278 280 339 389 415 480 515 528 554 571 642 744 784 
784 554
339 145
172 339
744 278
744 172
389 744
415 389
280 415
528 280
228 528
515 228
642 515
480 642
126 480
784 126
784 571
56 73 242 497 
56 73
497 242
497 56
166 490 
166 490
92 170 366 734 
92 366
170 734
92 170
71 159 194 304 326 402 579 623 688 
304 159
71 304
402 71
623 402
194 623
579 326
194 579
194 688
12 59 156 232 317 329 336 387 403 438 514 634 635 661 680 701 709 739 772 
438 12
329 438
772 329
772 709
514 772
514 59
701 514
739 701
317 739
156 317
232 156
680 232
661 635
661 403
387 661
336 387
634 336
634 680
484 
341 
337 376 396 421 605 663 743 
663 337
396 663
376 396
421 376
743 421
743 605
202 217 269 292 360 383 407 454 519 523 526 630 730 750 769 770 785 
770 217
519 770
519 292
454 519
730 454
523 360
383 523
730 383
526 730
407 785
750 202
630 750
407 630
526 407
526 269
769 526
351 
15 21 39 69 130 286 354 367 556 671 676 678 691 705 
21 130
556 21
678 556
367 678
676 367
676 671
15 676
286 15
286 705
69 286
39 354
691 39
691 69
82 216 601 753 
753 82
601 216
601 753
28 391 
391 28
13 18 43 138 141 173 184 281 348 445 449 533 581 
348 13
348 18
348 445
281 348
533 281
173 581
173 184
138 173
138 43
449 138
533 449
533 141
541 
108 
49 75 90 179 180 182 204 263 311 405 436 437 511 547 615 631 646 686 706 
182 311
547 182
204 547
263 204
615 263
631 615
706 631
75 706
437 75
436 646
686 436
437 686
179 437
180 179
180 49
511 180
405 90
511 405
338 
1 16 33 78 95 110 115 122 152 181 234 265 301 353 380 390 417 552 591 668 700 703 728 774 796 
417 33
796 417
16 301
700 16
796 700
115 796
234 115
728 234
728 380
552 728
552 668
152 552
95 353
95 122
110 95
591 110
703 591
265 703
390 265
390 1
181 390
152 181
78 152
774 78
85 206 218 492 638 724 729 
638 492
206 638
85 206
218 729
85 218
724 85
99 132 150 261 276 412 413 450 508 516 551 558 598 694 755 775 777 
150 598
413 150
558 413
777 558
261 777
551 261
450 551
775 412
276 775
508 276
132 508
516 132
694 516
99 694
450 99
755 450
124 
62 727 
62 727
306 478 794 
794 306
794 478
237 322 349 444 620 
444 237
349 444
349 620
349 322
160 195 297 431 485 568 621 786 
160 297
485 160
195 485
568 621
568 195
786 568
786 431
14 63 127 208 241 247 256 330 345 414 452 599 732 
14 63
256 732
241 256
241 14
599 241
330 599
330 414
208 330
345 208
127 345
452 247
452 127
17 358 662 
17 358
662 17
230 305 340 559 692 
559 305
230 692
559 230
340 559
466 
41 100 163 566 632 633 
566 632
100 163
566 100
566 633
566 41
460 673 
460 673
2 7 183 189 283 377 495 532 542 584 596 689 719 742 751 761 
761 7
377 761
377 596
183 377
283 183
532 283
189 532
751 495
2 689
189 2
189 584
719 189
542 719
742 542
742 751
65 81 176 225 382 399 429 486 587 759 
429 81
759 429
399 759
176 587
486 176
382 486
225 382
399 225
399 65
123 300 504 
123 300
123 504
153 212 404 783 
153 404
153 212
153 783
26 227 472 
472 26
227 472
146 251 252 666 
251 252
666 251
146 666
47 107 136 193 250 253 324 362 375 443 493 565 592 604 629 685 708 763 765 
765 443
362 765
324 362
604 324
685 604
47 375
763 47
685 763
629 685
629 193
250 629
107 250
592 107
136 592
708 136
708 565
253 708
253 493
64 72 79 192 203 344 428 534 535 583 606 687 693 725 
535 64
583 535
583 79
725 583
725 687
344 725
534 344
192 428
203 693
192 203
192 72
606 192
606 534
57 512 767 
57 512
57 767
