? 5 0 304 116 560 677
? 5 1 701 430 112 410
? 5 2 170 457 539 782
? 5 3 654 325 259 540
? 5 4 721 734 240 183
? 5 5 559 597 631 353
? 5 6 485 323 450 548
? 5 7 395 604 194 354
? 5 8 31 623 738 244
? 5 9 331 405 346 124
? 5 10 176 236 267 146
? 5 11 653 214 362 146
? 5 12 432 668 516 771
? 5 13 191 579 473 461
? 5 14 551 716 123 753
? 5 15 224 770 159 260
? 5 16 142 130 279 484
? 5 17 28 467 151 681
? 5 18 489 510 641 472
? 5 19 57 271 673 720
? 5 20 708 275 662 225
? 5 21 66 558 353 595
? 5 22 342 334 367 234
? 5 23 86 201 573 74
? 5 24 751 603 639 150
? 5 25 218 777 34 166
? 5 26 87 419 727 633
? 5 27 533 694 166 34
? 5 29 577 105 596 417
? 5 30 640 339 76 712
? 5 32 648 669 129 125
? 5 33 185 377 273 588
? 5 35 314 742 452 711
? 5 36 641 684 299 96
? 5 37 177 380 660 315
? 5 38 680 145 631 784
? 5 39 535 333 390 463
? 5 40 657 482 434 563
? 5 41 343 591 128 413
? 5 42 298 737 467 28
? 5 43 50 70 345 600
? 5 44 689 209 273 487
? 5 45 609 702 506 491
? 5 46 543 584 794 541
? 5 47 352 665 496 82
? 5 48 743 402 280 596
? 5 49 223 253 622 504
? 5 51 263 483 79 501
? 5 52 772 706 492 740
? 5 53 526 223 505 253
? 5 54 493 497 500 729
? 5 55 795 526 505 197
? 5 56 310 565 646 161
? 5 58 210 447 305 323
? 5 59 531 241 77 749
? 5 60 155 527 779 681
? 5 61 99 247 568 235
? 5 62 711 452 691 35
? 5 63 683 633 650 171
? 5 64 307 704 334 342
? 5 65 138 779 60 361
? 5 67 203 387 541 320
? 5 68 215 115 97 237
? 5 69 287 440 445 284
? 5 71 354 244 395 216
? 5 72 329 439 280 402
? 5 73 172 638 769 490
? 5 75 756 567 651 781
? 5 78 278 561 370 356
? 5 80 663 359 587 145
? 5 81 340 333 535 39
? 5 83 715 479 317 378
? 5 84 586 324 696 484
? 5 85 403 374 167 490
? 5 88 546 680 38 631
? 5 89 433 608 269 566
? 5 90 116 119 725 363
? 5 91 533 166 27 719
? 5 92 422 175 303 556
? 5 93 610 767 687 370
? 5 94 536 308 588 273
? 5 95 161 310 56 565
? 5 98 636 449 241 487
? 5 100 546 469 102 649
? 5 101 404 175 238 700
? 5 103 461 574 111 598
? 5 104 76 640 339 30
? 5 106 542 736 791 645
? 5 107 670 518 472 230
? 5 108 471 296 111 764
? 5 109 315 463 660 340
? 5 110 401 135 553 480
? 5 113 788 674 617 513
? 5 114 659 679 429 136
? 5 117 476 149 201 747
? 5 118 306 220 466 607
? 5 120 576 317 181 715
? 5 121 601 523 761 504
? 5 122 440 616 132 287
? 5 126 160 481 718 276
? 5 127 174 245 509 719
? 5 131 264 417 206 257
? 5 133 507 547 789 372
? 5 134 45 506 491 448
? 5 137 765 569 17 204
? 5 139 370 561 726 776
? 5 140 698 355 82 627
? 5 141 594 597 762 239
? 5 143 190 528 219 412
? 5 144 559 66 788 353
? 5 147 713 652 186 292
? 5 148 364 411 299 229
? 5 152 534 344 153 787
? 5 154 503 538 668 645
? 5 156 186 388 267 792
? 5 157 300 188 412 309
? 5 158 620 385 376 478
? 5 162 500 168 198 611
? 5 163 435 470 620 278
? 5 164 258 249 589 192
? 5 165 618 520 581 624
? 5 169 50 231 77 43
? 5 173 384 643 554 475
? 5 178 508 564 360 200
? 5 179 678 605 246 502
? 5 180 426 315 660 356
? 5 182 291 350 599 509
? 5 184 618 622 520 165
? 5 187 674 690 617 788
? 5 189 196 382 592 446
? 5 193 532 327 265 785
? 5 195 529 790 248 290
? 5 199 378 241 377 231
? 5 202 685 396 774 237
? 5 205 671 230 518 208
? 5 207 389 197 360 795
? 5 211 744 613 301 388
? 5 212 473 191 759 277
? 5 213 639 751 24 616
? 5 217 614 332 286 475
? 5 221 233 222 706 52
? 5 226 319 406 123 753
? 5 227 311 396 537 139
? 5 228 316 208 229 18
? 5 232 212 557 95 780
? 5 242 326 646 438 486
? 5 243 288 455 313 474
? 5 250 305 492 706 58
? 5 251 398 454 503 736
? 5 252 695 628 499 748
? 5 254 723 709 371 664
? 5 255 260 632 705 392
? 5 256 477 519 276 590
? 5 261 420 181 645 542
? 5 262 690 617 674 187
? 5 266 702 609 720 45
? 5 268 728 606 490 638
? 5 270 739 289 545 512
? 5 272 318 366 96 469
? 5 274 629 239 634 372
? 5 281 786 304 0 441
? 5 282 421 696 565 56
? 5 283 686 798 303 571
? 5 285 279 16 475 217
? 5 293 669 404 615 32
? 5 294 724 431 498 599
? 5 295 99 247 155 568
? 5 297 290 195 742 790
? 5 302 695 667 748 499
? 5 312 768 514 369 291
? 5 321 121 601 761 213
? 5 322 585 660 550 180
? 5 328 414 259 60 654
? 5 330 459 462 451 442
? 5 335 430 112 1 687
? 5 336 439 357 72 329
? 5 337 469 366 568 272
? 5 338 428 675 168 54
? 5 341 383 750 149 117
? 5 347 468 524 125 648
? 5 348 760 718 590 481
? 5 349 474 787 313 455
? 5 351 393 345 600 746
? 5 358 593 552 557 298
? 5 365 398 251 432 454
? 5 368 701 112 430 581
? 5 373 755 580 665 496
? 5 375 168 482 563 657
? 5 379 423 409 456 789
? 5 381 530 740 666 772
? 5 386 644 785 265 222
? 5 391 399 216 200 635
? 5 394 763 397 651 443
? 5 400 796 519 621 771
? 5 407 651 675 75 563
? 5 408 758 752 737 42
? 5 415 413 301 343 613
? 5 416 782 735 457 473
? 5 418 513 625 362 214
? 5 424 590 348 718 519
? 5 425 582 446 612 592
? 5 427 481 718 126 348
? 5 436 783 658 443 763
? 5 437 451 462 289 512
? 5 444 769 490 73 85
? 5 453 371 198 254 709
? 5 458 564 508 178 200
? 5 460 731 667 748 628
? 5 464 307 704 320 387
? 5 465 703 632 705 760
? 5 488 544 604 628 575
? 5 494 615 700 129 589
? 5 495 707 183 16 285
? 5 511 752 758 572 745
? 5 515 591 41 343 203
? 5 517 491 506 720 608
? 5 521 766 759 277 780
? 5 522 699 341 383 562
? 5 525 343 591 515 41
? 5 549 455 320 387 67
? 5 555 578 236 329 72
? 5 570 790 248 529 195
? 5 583 516 732 783 436
? 5 602 410 1 693 312
? 5 619 731 642 662 460
? 5 626 567 756 781 397
? 5 630 502 246 678 179
? 5 637 799 237 136 685
? 5 647 722 764 606 697
? 5 655 443 773 783 436
? 5 656 738 623 244 571
? 5 661 746 600 749 393
? 5 672 501 79 74 483
? 5 676 434 773 655 40
? 5 682 606 268 728 722
? 5 688 359 663 80 587
? 5 692 451 545 437 750
? 5 710 573 201 23 419
? 5 714 153 344 474 787
? 5 717 327 532 193 265
? 5 730 785 102 386 649
? 5 733 48 29 743 577
? 5 741 596 280 439 72
? 5 754 793 427 799 481
? 5 757 729 2 170 497
? 5 775 606 374 728 764
? 5 778 512 289 97 115
? 5 797 699 562 672 747
? 5 8 31 623 738 244
? 5 9 331 405 346 124
? 5 13 191 579 473 461
? 5 14 551 716 123 753
? 5 15 224 770 159 260
? 5 21 66 558 353 595
? 5 26 87 419 727 633
? 5 36 641 684 299 96
? 5 37 177 380 660 315
? 5 44 689 209 273 487
? 5 49 223 253 622 504
? 5 51 263 483 79 501
? 5 57 271 19 673 720
? 5 61 99 247 568 235
? 5 78 278 561 370 356
? 5 83 715 479 317 378
? 5 84 586 324 696 484
? 5 91 533 166 27 719
? 5 100 546 469 102 649
? 5 103 461 574 111 598
? 5 105 577 596 29 417
? 5 110 401 135 553 480
? 5 114 659 679 429 136
? 5 127 174 245 509 719
? 5 131 264 417 206 257
? 5 132 616 122 440 287
? 5 134 45 506 491 448
? 5 138 65 361 779 151
? 5 140 698 355 82 627
? 5 142 130 16 384 279
? 5 147 713 652 186 292
? 5 150 238 603 24 404
? 5 154 503 538 668 645
? 5 160 126 276 481 427
? 5 164 258 249 589 192
? 5 167 374 403 111 85
? 5 172 73 638 769 268
? 5 173 384 643 554 475
? 5 188 309 157 412 209
? 5 194 556 7 575 604
? 5 205 671 230 518 208
? 5 207 389 197 360 795
? 5 210 58 447 305 323
? 5 218 25 777 719 34
? 5 219 143 412 190 528
? 5 220 118 306 479 466
? 5 221 233 222 706 52
? 5 225 302 667 695 662
? 5 234 447 22 210 307
? 5 240 183 4 734 721
? 5 252 695 628 499 748
? 5 256 477 519 276 590
? 5 269 608 566 673 89
? 5 270 739 289 545 512
? 5 282 421 696 565 56
? 5 283 686 798 303 571
? 5 284 445 440 287 122
? 5 288 243 313 297 455
? 5 294 724 431 498 599
? 5 300 157 412 219 143
? 5 308 94 536 588 479
? 5 311 227 537 767 139
? 5 314 35 711 742 452
? 5 318 272 366 96 235
? 5 319 123 716 406 551
? 5 325 654 3 414 259
? 5 335 430 112 1 687
? 5 336 439 357 72 329
? 5 349 474 787 313 455
? 5 351 393 345 600 746
? 5 352 548 82 698 485
? 5 363 119 90 116 574
? 5 365 398 251 432 454
? 5 369 312 159 768 514
? 5 382 316 228 189 592
? 5 385 550 158 376 478
? 5 407 651 675 75 563
? 5 411 148 299 364 229
? 5 418 513 625 362 214
? 5 420 576 261 120 181
? 5 422 92 175 303 556
? 5 423 379 206 264 257
? 5 426 356 278 180 726
? 5 433 89 566 304 0
? 5 435 163 470 620 78
? 5 450 683 171 6 63
? 5 453 371 198 254 709
? 5 456 409 379 423 789
? 5 458 564 508 178 200
? 5 459 442 330 755 81
? 5 468 524 125 347 648
? 5 476 117 201 149 23
? 5 486 326 675 242 338
? 5 493 54 497 500 729
? 5 507 133 372 547 629
? 5 510 472 489 670 18
? 5 517 491 506 720 608
? 5 521 766 759 277 780
? 5 525 343 591 515 41
? 5 527 681 779 151 60
? 5 530 381 794 740 584
? 5 534 152 344 275 153
? 5 540 233 3 221 727
? 5 543 46 584 794 541
? 5 552 358 593 780 557
? 5 560 677 725 0 304
? 5 569 745 448 752 758
? 5 572 76 30 511 104
? 5 578 555 329 236 72
? 5 582 425 411 274 629
? 5 605 179 678 246 502
? 5 611 162 375 168 657
? 5 612 592 364 446 411
? 5 614 332 217 739 286
? 5 624 701 127 174 1
? 5 630 502 246 678 179
? 5 635 399 290 529 391
? 5 636 449 98 487 377
? 5 644 222 386 221 785
? 5 647 722 764 606 697
? 5 650 633 63 683 580
? 5 653 11 176 146 362
? 5 666 381 265 530 386
? 5 676 434 773 655 40
? 5 682 606 268 728 722
? 5 688 359 663 80 587
? 5 691 627 355 62 140
? 5 692 451 545 437 750
? 5 694 27 533 406 34
? 5 714 153 344 474 787
? 5 723 254 709 2 757
? 5 732 771 516 621 583
? 5 733 48 29 743 577
? 5 735 296 416 579 664
? 5 741 596 280 439 72
? 5 744 388 211 792 553
? 5 762 96 594 141 239
? 5 765 137 681 17 247
? 5 774 776 202 726 396
? 5 778 512 289 97 115
? 5 784 587 359 663 38
? 5 786 281 304 441 0
? 5 791 106 542 736 454
? 5 793 754 799 136 427
? 5 796 400 519 154 771
? 5 797 699 562 672 747
? 5 8 31 623 738 244
? 5 9 331 405 346 124
? 5 10 176 236 267 146
? 5 12 432 668 516 771
? 5 13 191 579 473 461
? 5 14 551 716 123 753
!
69 122 287 445 
287 122
445 69
445 287
44 
346 405 
405 346
40 162 394 397 434 436 443 482 563 611 655 657 658 676 763 773 781 
611 162
657 611
657 563
482 657
40 482
40 676
434 40
773 434
773 655
443 773
394 443
763 394
397 781
763 397
436 763
436 658
30 104 339 640 712 
30 640
104 30
339 104
712 339
191 212 232 277 358 461 473 521 557 579 593 759 766 780 
557 358
557 593
232 557
780 232
766 521
780 759
277 780
191 579
473 191
473 461
277 473
277 766
212 277
16 130 279 495 707 
16 130
16 279
495 16
707 495
124 331 
331 124
106 261 538 645 736 
538 261
645 736
645 106
645 538
153 344 714 
153 344
714 153
24 213 603 639 751 
24 603
24 751
639 24
639 213
379 409 423 789 
789 409
379 789
423 379
199 
410 509 602 693 
602 509
693 602
410 693
49 121 223 253 321 504 526 622 761 
121 761
121 321
504 121
622 504
622 223
253 49
253 622
526 253
46 52 58 233 305 381 447 492 530 543 584 706 740 772 794 
52 233
772 52
46 543
584 46
584 794
740 584
740 530
772 740
447 58
305 447
492 305
706 492
772 706
381 772
284 440 
284 440
110 135 
110 135
692 
18 229 
18 229
648 
23 26 86 87 117 149 201 341 419 476 573 633 650 727 
633 650
633 26
87 633
727 87
419 727
23 419
23 86
117 23
117 149
117 341
201 117
201 476
201 573
552 
90 116 119 363 
116 90
119 116
363 119
158 385 435 470 620 
158 385
620 158
470 435
620 470
147 652 713 
713 147
713 652
177 
154 796 
796 154
80 663 688 
80 663
688 80
195 200 216 248 288 290 297 391 399 508 529 564 570 635 790 
200 564
200 508
399 200
391 399
391 216
635 391
290 635
195 290
248 195
529 570
248 529
790 248
297 790
297 288
247 295 337 366 
295 247
366 295
337 366
35 62 243 314 452 455 711 742 
243 455
742 243
711 742
452 35
711 452
711 314
62 711
275 460 619 642 662 731 748 
731 748
460 731
619 460
642 619
662 642
662 275
217 286 332 475 
217 475
286 217
332 286
55 
8 31 571 656 686 738 798 
686 798
571 686
31 571
8 31
656 8
656 738
78 180 278 356 370 380 426 561 660 726 774 776 
660 380
180 660
278 180
356 426
356 278
370 356
370 78
370 561
726 370
776 774
726 776
152 534 
534 152
266 491 506 702 
506 491
702 506
266 702
172 647 682 
682 647
682 172
91 
98 487 636 
98 487
636 98
4 365 432 516 583 732 734 
734 4
732 734
583 732
516 583
432 365
516 432
25 166 719 777 
719 166
25 719
25 777
228 510 
510 228
102 327 717 730 
327 717
730 327
730 102
488 544 
488 544
246 502 630 
246 502
630 246
797 
347 468 
468 347
3 325 
325 3
53 322 376 478 505 550 585 
585 322
550 585
376 550
376 478
505 376
505 53
183 240 
183 240
179 605 678 
678 179
605 678
132 616 
132 616
27 533 
27 533
126 160 255 256 276 348 424 427 465 477 481 519 590 705 718 760 
705 255
465 705
760 465
590 760
590 348
276 590
276 481
477 276
477 256
519 477
424 519
718 424
718 160
427 126
718 427
783 
83 94 308 317 378 479 715 
94 308
479 94
715 378
715 83
479 715
479 317
140 458 627 691 
140 458
627 140
691 627
189 196 382 612 
189 382
196 189
612 196
601 694 753 
753 694
601 753
304 560 725 
560 725
560 304
66 353 558 
66 353
558 66
5 96 141 239 272 559 594 597 631 680 762 
96 272
96 762
141 96
141 239
594 141
597 594
5 597
559 5
631 680
559 631
710 
14 123 226 319 406 551 716 
716 123
551 14
716 551
319 716
226 319
406 226
120 181 420 576 
120 181
576 120
576 420
271 517 720 
271 720
517 271
37 39 81 109 315 333 340 390 463 535 
315 37
109 315
340 109
535 340
333 390
535 333
39 81
535 39
535 463
754 793 
793 754
689 
182 291 312 350 369 514 
312 369
514 312
291 514
350 291
350 182
93 118 139 220 311 392 466 537 607 610 632 703 767 
220 118
607 220
607 466
703 607
632 703
392 632
537 392
311 537
767 311
610 93
767 610
767 139
134 572 
572 134
185 273 449 536 588 
185 449
273 185
588 273
588 536
371 453 497 
453 497
453 371
569 
292 401 
401 292
164 249 
164 249
148 274 411 425 446 582 592 629 634 
446 592
425 446
274 634
274 629
582 274
425 582
411 148
425 411
7 71 194 244 354 395 575 604 623 
244 623
354 244
71 354
7 194
575 7
604 575
395 604
395 71
82 373 580 665 755 
665 82
580 665
580 755
580 373
133 372 507 547 
547 372
133 547
507 133
36 100 
36 100
163 
324 484 567 626 
567 626
324 567
484 324
6 47 63 171 323 352 450 485 548 683 698 
352 698
352 47
485 352
323 485
6 450
171 63
683 171
6 683
6 323
548 6
215 778 
778 215
22 64 234 334 342 367 
342 64
367 342
22 367
22 234
334 22
12 251 398 400 454 503 542 621 668 771 791 
771 12
771 400
771 621
668 771
503 668
251 503
251 398
454 251
542 454
542 791
431 498 599 724 
724 599
498 724
431 498
105 257 417 
417 257
417 105
67 203 320 343 387 515 525 541 591 
591 525
591 343
515 591
203 515
320 203
67 320
387 541
387 67
270 545 614 
270 614
270 545
721 
113 653 
653 113
457 
2 54 170 198 254 428 500 664 709 723 729 757 
54 428
500 54
500 198
729 500
757 729
170 757
2 170
723 2
254 723
709 254
664 709
359 587 
587 359
29 48 280 402 577 596 733 743 
29 48
29 733
596 29
280 402
743 280
577 596
743 577
61 99 235 318 568 
235 99
235 318
568 235
568 61
89 269 433 566 608 
89 433
566 269
608 89
566 608
204 
205 208 230 316 518 671 
671 205
518 671
518 230
208 518
316 208
108 111 296 416 471 539 735 782 
782 539
416 782
296 111
108 471
296 108
735 296
735 416
150 523 
523 150
15 260 
15 260
68 97 115 227 237 289 330 396 437 442 451 459 462 512 739 
462 459
442 462
330 442
451 330
451 437
289 451
289 97
739 289
512 739
115 512
68 115
237 68
396 227
237 396
41 128 211 413 613 744 
41 128
413 41
744 413
211 744
211 613
238 293 
293 238
210 250 
210 250
187 262 336 357 439 617 674 690 
357 336
357 439
187 357
690 617
690 187
690 262
690 674
168 493 
168 493
192 258 589 
589 192
258 589
34 
142 173 384 643 
384 173
643 142
384 643
159 224 770 
770 159
224 770
33 59 77 169 231 241 377 531 749 
77 231
77 169
749 77
59 749
531 59
241 531
377 241
377 33
207 360 389 795 
389 207
360 389
360 795
13 598 
13 598
375 
131 206 264 
206 264
206 131
193 221 222 265 386 532 785 
222 221
386 222
532 193
265 532
785 265
386 785
188 190 219 300 
190 188
190 300
219 190
136 202 429 637 659 679 685 799 
799 637
685 799
659 429
679 659
136 679
685 136
685 202
143 157 209 309 412 528 
412 209
157 309
412 157
143 412
143 528
127 174 245 624 
174 127
174 245
174 624
21 144 595 
21 595
144 21
32 92 101 125 129 175 283 303 404 422 494 524 556 615 669 700 
125 524
32 125
32 129
32 669
615 32
615 494
700 615
303 283
92 422
92 303
175 92
175 556
101 175
700 101
404 700
383 522 562 672 699 747 750 
672 747
699 672
699 562
522 699
383 522
383 750
313 
70 345 351 393 600 746 
746 600
393 746
393 351
345 393
70 345
65 138 361 
65 361
138 65
73 444 490 638 769 
490 638
73 444
769 73
490 769
76 103 574 
574 76
103 574
107 299 364 472 489 641 670 684 
299 364
641 299
641 684
489 641
472 489
670 472
670 107
56 84 95 161 282 310 326 421 565 586 646 696 
95 161
310 95
565 310
696 282
586 84
696 586
421 696
565 421
565 56
646 565
646 326
51 
74 79 263 483 501 
501 263
79 501
74 79
483 74
19 57 673 
57 673
57 19
28 42 45 298 408 448 467 511 609 737 745 752 758 
45 609
448 45
745 448
511 745
752 511
752 758
408 752
737 408
467 42
28 467
737 28
737 298
114 
178 197 
197 178
307 355 464 549 704 
704 355
704 549
464 307
464 704
0 281 441 786 
281 0
441 281
786 441
349 474 787 
787 349
787 474
496 
38 88 469 546 649 784 
649 469
546 649
546 88
38 546
784 38
306 
167 374 403 728 
403 167
374 403
728 374
10 156 186 267 301 388 415 553 792 
792 553
267 10
156 267
156 186
388 156
388 792
301 388
301 415
75 242 338 407 438 486 651 675 756 
651 756
75 651
675 75
675 338
675 407
486 675
242 486
242 438
741 
20 225 252 302 499 628 667 708 
20 708
225 20
302 225
667 302
628 252
628 499
667 628
85 677 
677 85
1 112 165 184 335 368 430 520 581 618 687 701 
1 687
430 1
112 335
430 112
701 430
368 701
581 368
165 520
581 165
618 581
618 184
695 
644 666 
666 644
218 294 768 
294 218
768 294
17 60 137 151 155 259 328 414 527 540 654 681 765 779 
654 414
259 654
259 540
60 259
151 527
779 151
681 779
137 765
17 137
681 17
155 681
60 155
60 328
43 50 661 
50 43
661 50
9 480 
480 9
285 554 
285 554
11 72 146 176 214 236 329 362 418 513 555 578 625 788 
329 72
555 329
555 578
236 555
176 236
146 176
11 146
362 11
513 362
625 214
625 418
513 625
788 513
145 456 
145 456
268 606 697 722 764 775 
606 268
722 697
606 722
764 606
775 764
