? 3 0 724 477
? 3 1 217 115
? 3 2 561 93
? 3 3 102 124
? 3 4 720 270
? 3 5 453 559
? 3 6 32 121
? 3 7 766 45
? 3 8 17 141
? 3 9 626 341
? 3 10 181 776
? 3 11 208 236
? 3 12 306 638
? 3 13 242 529
? 3 14 36 780
? 3 15 774 599
? 3 16 643 517
? 3 18 748 439
? 3 19 597 607
? 3 20 713 162
? 3 21 137 218
? 3 22 769 199
? 3 23 174 435
? 3 24 271 234
? 3 25 705 146
? 3 26 163 85
? 3 27 384 310
? 3 28 518 53
? 3 29 68 310
? 3 30 210 206
? 3 31 595 631
? 3 33 758 580
? 3 34 383 252
? 3 35 558 405
? 3 37 98 546
? 3 38 278 505
? 3 39 254 125
? 3 40 797 355
? 3 41 370 531
? 3 42 92 245
? 3 43 62 667
? 3 44 400 617
? 3 46 487 346
? 3 47 542 447
? 3 48 195 356
? 3 49 261 104
? 3 50 738 359
? 3 51 608 534
? 3 52 75 469
? 3 54 602 682
? 3 55 415 128
? 3 56 22 769
? 3 57 317 784
? 3 58 721 643
? 3 59 335 160
? 3 60 585 495
? 3 61 258 641
? 3 63 425 197
? 3 64 337 153
? 3 65 84 211
? 3 66 581 761
? 3 67 790 88
? 3 69 60 100
? 3 70 635 192
? 3 71 204 668
? 3 72 397 543
? 3 73 746 710
? 3 74 644 364
? 3 76 111 509
? 3 77 460 492
? 3 78 640 489
? 3 79 468 433
? 3 80 238 651
? 3 81 789 676
? 3 82 276 240
? 3 83 612 755
? 3 86 90 700
? 3 87 131 220
? 3 89 601 692
? 3 91 109 159
? 3 94 679 444
? 3 95 186 148
? 3 96 497 292
? 3 97 143 726
? 3 99 366 757
? 3 101 604 792
? 3 103 465 454
? 3 105 724 0
? 3 106 739 544
? 3 107 705 263
? 3 108 405 558
? 3 110 423 580
? 3 112 619 201
? 3 113 198 134
? 3 114 470 638
? 3 116 197 762
? 3 117 268 663
? 3 118 466 566
? 3 119 722 515
? 3 120 351 587
? 3 122 456 493
? 3 123 689 447
? 3 126 46 346
? 3 127 222 629
? 3 129 449 729
? 3 130 531 370
? 3 132 108 405
? 3 133 186 95
? 3 135 598 437
? 3 136 763 510
? 3 138 348 699
? 3 139 140 799
? 3 142 533 328
? 3 144 318 637
? 3 145 727 689
? 3 147 467 289
? 3 149 357 158
? 3 150 434 153
? 3 151 374 796
? 3 152 300 173
? 3 154 223 231
? 3 155 279 172
? 3 156 357 778
? 3 157 728 354
? 3 161 464 694
? 3 164 617 44
? 3 165 362 349
? 3 166 262 682
? 3 167 344 408
? 3 168 707 636
? 3 169 798 556
? 3 170 648 798
? 3 171 603 752
? 3 175 335 59
? 3 176 685 347
? 3 177 268 594
? 3 178 448 471
? 3 179 183 407
? 3 180 488 415
? 3 182 162 372
? 3 184 216 687
? 3 185 292 392
? 3 187 553 341
? 3 188 354 440
? 3 189 672 203
? 3 190 339 777
? 3 191 652 395
? 3 193 669 697
? 3 194 274 275
? 3 196 452 183
? 3 200 125 504
? 3 202 230 575
? 3 205 431 0
? 3 207 338 396
? 3 209 283 683
? 3 212 220 739
? 3 213 219 538
? 3 214 285 519
? 3 215 784 680
? 3 221 612 707
? 3 224 717 155
? 3 225 686 629
? 3 226 315 564
? 3 227 567 692
? 3 228 309 729
? 3 229 795 657
? 3 232 325 340
? 3 233 371 688
? 3 235 708 207
? 3 237 250 275
? 3 239 358 362
? 3 241 699 138
? 3 243 253 703
? 3 244 429 495
? 3 246 343 280
? 3 247 650 264
? 3 248 385 73
? 3 249 725 417
? 3 251 723 401
? 3 255 540 266
? 3 256 369 662
? 3 257 399 742
? 3 259 572 439
? 3 260 124 102
? 3 265 469 75
? 3 267 546 622
? 3 269 72 526
? 3 272 653 481
? 3 273 689 123
? 3 277 535 787
? 3 281 524 137
? 3 282 639 508
? 3 284 532 613
? 3 286 27 384
? 3 287 321 772
? 3 288 380 782
? 3 290 590 451
? 3 291 637 20
? 3 293 675 420
? 3 294 709 642
? 3 295 594 177
? 3 296 757 604
? 3 297 561 93
? 3 298 41 686
? 3 299 199 22
? 3 301 627 737
? 3 302 683 770
? 3 303 710 312
? 3 304 773 582
? 3 305 472 166
? 3 307 694 132
? 3 308 606 570
? 3 311 584 777
? 3 313 754 513
? 3 314 678 660
? 3 316 625 414
? 3 319 334 657
? 3 320 68 95
? 3 322 1 217
? 3 323 494 424
? 3 324 702 311
? 3 326 288 380
? 3 327 727 145
? 3 329 760 714
? 3 330 466 373
? 3 331 611 507
? 3 332 783 631
? 3 333 530 315
? 3 336 431 477
? 3 342 389 771
? 3 345 483 168
? 3 350 417 725
? 3 352 109 91
? 3 353 407 183
? 3 360 598 437
? 3 361 254 382
? 3 363 654 715
? 3 365 499 506
? 3 367 557 535
? 3 368 712 428
? 3 375 496 772
? 3 376 771 389
? 3 377 523 621
? 3 378 733 550
? 3 379 693 164
? 3 381 674 715
? 3 386 500 510
? 3 387 521 644
? 3 388 614 539
? 3 390 329 394
? 3 391 17 141
? 3 393 652 719
? 3 398 348 138
? 3 402 560 5
? 3 403 347 176
? 3 404 558 334
? 3 406 735 582
? 3 409 659 593
? 3 410 663 485
? 3 411 223 154
? 3 412 422 133
? 3 413 353 183
? 3 416 443 280
? 3 418 181 776
? 3 419 270 720
? 3 421 681 536
? 3 426 773 490
? 3 427 482 394
? 3 430 556 767
? 3 432 752 618
? 3 436 230 579
? 3 438 718 2
? 3 441 197 706
? 3 442 791 163
? 3 445 396 338
? 3 446 562 450
? 3 455 594 295
? 3 457 583 759
? 3 458 734 459
? 3 461 745 21
? 3 462 266 255
? 3 463 237 274
? 3 473 258 649
? 3 474 480 701
? 3 475 156 433
? 3 476 448 471
? 3 478 596 521
? 3 479 753 206
? 3 484 293 208
? 3 486 611 331
? 3 491 575 630
? 3 498 740 392
? 3 501 30 210
? 3 502 744 600
? 3 503 464 694
? 3 511 569 107
? 3 512 433 516
? 3 514 115 698
? 3 520 322 1
? 3 522 396 679
? 3 525 793 76
? 3 527 7 45
? 3 528 218 619
? 3 537 451 758
? 3 541 715 654
? 3 545 12 638
? 3 547 632 44
? 3 548 744 658
? 3 549 234 24
? 3 551 235 708
? 3 552 452 308
? 3 554 271 99
? 3 555 655 516
? 3 563 784 680
? 3 565 758 762
? 3 568 261 104
? 3 571 88 450
? 3 573 591 606
? 3 574 500 510
? 3 576 338 676
? 3 577 730 292
? 3 578 212 739
? 3 586 492 158
? 3 588 489 239
? 3 589 759 664
? 3 592 55 415
? 3 605 277 535
? 3 609 84 65
? 3 610 294 709
? 3 615 98 744
? 3 616 570 606
? 3 620 692 567
? 3 623 371 504
? 3 624 572 439
? 3 628 649 473
? 3 633 484 208
? 3 634 685 176
? 3 645 402 545
? 3 646 211 609
? 3 647 656 300
? 3 661 135 360
? 3 665 589 664
? 3 666 196 413
? 3 670 788 741
? 3 671 765 677
? 3 673 472 81
? 3 684 655 431
? 3 690 564 530
? 3 691 651 592
? 3 695 77 270
? 3 696 278 505
? 3 704 715 381
? 3 711 622 267
? 3 716 749 129
? 3 731 505 794
? 3 732 765 671
? 3 736 795 586
? 3 743 796 342
? 3 747 146 399
? 3 750 203 189
? 3 751 593 786
? 3 756 761 229
? 3 764 201 369
? 3 768 642 294
? 3 775 471 797
? 3 779 167 444
? 3 781 231 762
? 3 785 581 52
? 3 3 102 124
? 3 4 720 270
? 3 6 32 121
? 3 8 17 141
? 3 10 181 776
? 3 13 242 529
? 3 14 36 780
? 3 15 774 599
? 3 16 643 517
? 3 18 748 439
? 3 26 163 85
? 3 28 518 53
? 3 29 68 310
? 3 31 595 631
? 3 33 758 580
? 3 34 383 252
? 3 35 558 405
? 3 37 98 546
? 3 39 254 125
? 3 40 797 355
? 3 42 92 245
? 3 43 62 667
? 3 47 542 447
? 3 48 195 356
? 3 49 261 104
? 3 51 608 534
? 3 54 602 682
? 3 56 22 769
? 3 58 721 643
? 3 61 258 641
? 3 64 337 153
? 3 66 581 761
!
42 155 172 224 279 717 
155 42
279 172
155 279
717 155
717 224
117 177 268 295 410 455 485 594 663 
410 485
117 410
594 455
594 295
268 594
268 177
663 268
663 117
622 
532 
367 
348 398 
398 348
27 68 95 133 148 186 310 384 412 422 
384 27
310 384
68 310
148 68
186 148
412 422
133 412
186 133
95 186
60 69 429 495 585 
60 69
60 585
495 60
429 495
1 115 217 322 514 520 698 
322 520
1 322
217 1
514 698
115 514
217 115
167 344 
344 167
147 
434 
77 79 149 156 158 282 357 433 460 468 475 508 639 695 778 
77 695
460 77
158 460
158 149
357 158
357 778
156 357
475 156
282 475
282 508
639 282
468 639
433 468
433 79
52 66 75 265 469 577 581 756 761 785 
785 577
75 785
581 66
761 756
581 761
52 581
469 265
52 469
52 75
11 208 236 293 420 484 675 
420 675
293 420
208 293
11 236
208 11
208 484
238 
193 365 499 506 669 697 
697 669
365 499
506 365
697 506
697 193
57 129 309 317 449 680 716 729 749 784 
716 749
129 716
729 309
129 729
449 129
317 449
57 317
784 57
784 680
165 239 358 
239 165
358 239
59 335 368 428 712 
335 59
712 335
428 368
428 712
89 227 301 567 601 692 
601 301
601 89
692 601
567 227
692 567
228 
20 162 291 474 480 701 713 
701 474
480 701
162 480
20 291
20 713
162 20
47 
681 
22 199 299 
199 22
299 199
90 160 
160 90
2 93 297 438 454 561 718 
2 454
93 297
93 561
2 93
438 718
2 438
673 
39 125 200 254 361 382 504 587 
382 587
361 382
254 361
254 39
125 254
200 125
504 200
555 
82 240 276 
276 82
240 276
24 78 234 271 489 549 588 640 
24 271
234 24
549 234
640 549
78 640
489 78
489 588
168 409 483 593 659 751 786 
168 483
659 168
786 751
659 409
593 659
786 593
74 233 364 371 387 478 521 596 644 
233 371
644 233
521 387
521 596
521 478
644 521
74 364
644 74
213 219 538 
538 213
219 538
61 258 473 628 641 649 
641 61
258 641
649 258
649 628
649 473
46 126 346 487 
46 126
46 487
46 346
92 245 
245 92
63 65 84 116 154 197 211 223 231 255 266 411 425 441 462 609 646 706 762 781 
609 646
65 609
211 65
84 211
425 84
266 462
266 255
706 266
441 706
63 441
231 781
223 411
231 223
231 154
762 231
63 425
197 63
197 116
762 197
206 210 294 479 610 642 709 753 768 
206 210
753 206
479 753
642 479
294 610
294 709
768 294
642 768
421 688 
688 421
175 
4 144 270 318 374 419 637 720 796 
374 796
270 374
720 419
720 270
4 720
318 4
637 144
637 318
461 745 
461 745
64 150 153 
153 64
150 153
10 181 408 418 776 
418 408
776 10
181 776
418 181
249 350 417 481 725 
249 481
725 350
417 249
417 725
33 110 290 423 451 537 565 580 590 758 
537 565
451 537
590 290
451 590
758 451
423 110
580 423
580 33
758 580
73 248 303 312 385 710 746 
303 312
710 303
73 710
248 385
73 248
746 73
123 145 327 447 542 689 727 
447 542
123 447
689 123
727 689
727 327
727 145
0 105 205 330 336 349 362 373 431 466 477 566 724 
362 349
566 362
466 566
373 466
330 373
105 330
724 105
477 724
0 477
205 0
431 205
431 336
139 140 152 173 300 647 656 799 
139 140
799 139
656 799
647 656
152 173
300 152
300 647
190 209 277 283 302 311 324 339 535 557 584 605 683 702 777 787 
683 302
209 683
283 209
702 283
311 702
311 324
311 584
777 311
777 190
339 777
557 339
277 605
787 277
535 787
535 557
388 539 574 614 721 
721 574
614 539
614 721
388 614
54 81 94 166 202 207 230 262 305 338 396 436 444 445 472 575 576 579 602 676 679 682 779 789 
444 779
679 444
679 94
396 679
338 445
338 207
338 396
676 338
676 576
81 676
81 789
472 81
472 305
166 472
682 166
682 262
682 54
602 682
436 602
579 436
230 579
575 230
575 202
138 241 699 
138 241
138 699
235 551 708 
551 708
551 235
44 135 164 360 379 400 437 547 598 617 632 661 693 
164 693
164 379
164 617
44 164
44 400
547 44
632 547
360 632
661 135
360 661
598 437
360 598
442 
119 
345 
19 414 597 607 
607 414
19 607
19 597
372 376 743 771 
743 372
771 743
771 376
37 
120 351 
351 120
286 320 
286 320
169 170 502 548 556 600 648 658 744 798 
648 170
798 648
169 798
556 169
658 556
548 658
744 548
502 600
744 502
70 103 
103 70
34 252 383 
383 252
383 34
13 273 
13 273
8 17 141 719 
141 17
8 141
719 8
15 243 253 703 
703 15
243 253
703 243
5 67 88 100 191 313 395 402 450 453 513 559 560 571 652 754 790 
453 100
5 560
453 559
5 453
402 5
652 402
313 513
754 313
88 754
450 571
88 450
790 88
67 790
191 67
652 395
652 191
40 96 178 185 292 392 448 471 476 497 730 
730 40
471 476
471 448
178 471
730 178
292 730
96 497
292 96
185 392
292 185
29 
21 112 137 201 218 246 280 343 524 528 619 
137 524
137 21
218 137
528 218
619 528
201 619
201 112
343 201
280 343
280 246
9 187 341 553 620 626 
341 620
9 626
341 9
553 341
553 187
102 124 260 331 459 486 507 611 734 
734 459
124 734
124 260
102 124
611 102
507 331
611 507
611 486
184 323 424 494 687 
687 184
323 687
494 424
323 494
623 
247 650 
650 247
534 608 
608 534
80 592 651 691 
651 592
651 80
691 651
23 97 143 174 435 672 726 
23 672
435 174
23 435
726 23
143 97
726 143
337 
83 176 221 259 264 342 347 389 403 439 572 612 624 634 636 685 707 748 755 
439 264
439 624
342 389
748 342
439 748
572 439
259 572
636 259
636 221
403 347
176 634
176 685
403 176
755 403
755 83
612 755
707 612
707 636
87 106 131 212 220 544 670 739 741 788 
788 670
741 788
106 741
544 106
131 87
220 131
220 212
739 220
739 544
118 355 797 
355 118
355 797
49 104 261 
104 261
49 104
214 314 519 660 678 
214 519
660 214
678 660
314 678
43 62 329 378 394 427 482 550 667 714 733 740 760 
43 740
667 43
62 667
733 62
378 733
550 378
394 550
482 427
394 482
329 394
760 714
329 760
627 737 
627 737
28 53 157 354 512 516 518 655 684 728 
655 684
516 655
516 512
518 516
53 28
53 518
157 53
354 157
728 354
14 36 780 
780 14
36 780
256 369 443 662 764 
369 443
764 369
256 764
256 662
192 272 635 653 
635 192
653 635
653 272
285 
188 226 315 333 440 530 536 564 690 
440 536
440 188
226 440
315 226
530 690
333 530
315 333
564 315
599 774 
599 774
18 
26 85 142 163 328 533 
163 26
85 163
533 85
533 328
533 142
6 32 121 630 
121 32
121 6
630 121
179 183 196 308 353 377 407 413 452 523 552 570 573 591 606 616 621 
377 616
183 179
407 353
183 407
413 183
196 413
452 552
452 196
308 452
573 591
377 523
621 377
570 621
308 570
606 308
606 573
136 284 386 500 510 763 
386 284
763 136
510 763
500 386
500 510
56 316 625 769 
56 769
316 56
625 316
25 55 180 257 399 415 488 705 742 747 
415 55
180 415
488 180
742 488
399 742
399 257
747 399
25 747
705 25
113 134 198 401 723 
723 401
198 723
198 113
198 134
182 
35 108 132 229 307 319 334 404 405 492 558 586 657 694 736 795 
307 694
132 307
108 132
558 108
558 35
558 405
404 558
334 404
319 334
657 319
229 657
795 229
736 795
586 736
492 586
12 41 114 127 130 222 225 298 306 370 432 470 531 545 603 618 629 638 686 752 
12 545
638 12
638 306
470 638
114 470
130 114
225 298
222 127
629 222
686 629
686 225
41 686
531 130
531 370
41 531
618 41
432 618
752 603
752 432
613 
98 267 546 615 
98 267
98 615
546 98
568 
194 237 250 274 275 463 515 722 
515 722
250 515
275 194
237 250
463 237
274 463
274 275
31 72 232 269 325 332 340 363 381 397 526 541 543 595 631 654 674 704 715 783 
72 269
397 543
72 397
526 72
340 526
340 325
232 340
595 232
595 31
631 595
783 631
783 332
654 783
363 654
541 363
381 674
381 704
715 541
715 381
465 
204 527 
527 204
107 263 511 569 
107 263
107 569
511 107
50 99 101 296 359 366 529 604 738 757 792 
738 529
50 359
738 50
792 738
101 792
604 101
757 604
757 296
99 757
99 366
458 522 
522 458
189 203 750 
189 203
750 189
16 58 289 467 517 643 
643 58
517 643
517 16
289 517
467 289
251 391 
391 251
86 195 356 700 770 
195 356
700 195
700 770
86 700
122 493 525 793 
793 525
122 793
493 122
76 111 242 456 509 
509 456
111 242
111 509
76 111
128 
7 45 71 668 766 
766 7
766 45
668 766
71 668
554 791 
791 554
48 
578 
491 
540 
498 775 
775 498
244 446 562 645 
244 645
562 244
446 562
288 326 380 782 
380 782
380 326
380 288
38 91 109 146 159 278 287 304 321 352 375 406 426 490 496 505 582 671 677 696 731 732 735 765 772 773 794 
352 146
352 109
91 352
91 159
731 91
278 696
38 278
505 38
505 731
794 505
375 794
765 732
765 671
677 765
772 677
375 496
772 375
321 772
321 287
735 321
735 406
582 735
426 490
773 426
582 773
582 304
281 416 
281 416
51 215 563 
215 51
563 215
390 
171 
3 
393 666 
666 393
30 501 633 
30 633
501 30
151 
430 711 767 
430 711
430 767
161 216 457 464 503 583 589 664 665 759 
161 216
464 503
161 464
583 161
589 665
664 589
457 583
759 457
664 759
