? 7 0 650 695 602 698 592 426
? 7 1 590 305 268 672 584 527
? 7 2 225 21 787 317 290 209
? 7 3 14 295 255 620 375 291
? 7 4 121 74 705 214 140 474
? 7 5 341 556 735 332 765 647
? 7 6 382 315 387 376 786 763
? 7 7 789 451 576 301 525 646
? 7 8 683 213 293 144 601 499
? 7 9 70 762 176 331 682 346
? 7 10 417 329 497 495 210 132
? 7 11 13 197 555 388 596 390
? 7 12 781 325 494 614 741 509
? 7 15 759 670 391 608 79 136
? 7 16 648 396 389 591 216 475
? 7 17 36 773 793 542 96 251
? 7 18 82 547 518 272 548 364
? 7 19 197 663 679 11 379 463
? 7 20 432 343 665 232 88 374
? 7 22 515 169 258 534 564 467
? 7 23 675 449 103 358 482 76
? 7 24 247 577 353 573 645 37
? 7 25 51 239 471 729 475 703
? 7 26 362 723 604 546 333 199
? 7 27 232 88 548 665 432 547
? 7 28 509 219 741 12 325 781
? 7 29 244 690 457 265 407 609
? 7 30 776 56 335 583 441 721
? 7 31 719 593 356 745 644 269
? 7 32 198 151 662 445 569 722
? 7 33 117 607 280 233 692 557
? 7 34 347 269 719 31 745 276
? 7 35 566 80 153 248 691 102
? 7 38 224 131 157 180 277 584
? 7 39 324 371 385 581 436 260
? 7 40 412 562 149 754 179 253
? 7 41 716 728 361 108 733 37
? 7 42 113 485 503 120 467 250
? 7 43 747 367 220 408 717 678
? 7 44 414 561 262 61 112 627
? 7 45 508 254 256 141 521 642
? 7 46 240 310 296 242 365 257
? 7 47 618 697 205 427 65 351
? 7 48 235 612 610 554 568 384
? 7 49 557 711 300 187 275 69
? 7 50 436 581 371 459 255 324
? 7 52 635 489 590 305 358 1
? 7 53 314 136 405 79 304 162
? 7 54 510 352 267 124 183 623
? 7 55 491 733 468 476 98 456
? 7 57 372 563 784 416 715 605
? 7 58 369 651 764 700 646 451
? 7 59 93 530 770 111 77 458
? 7 60 97 568 139 610 427 777
? 7 62 462 86 319 513 612 289
? 7 63 201 204 700 301 651 576
? 7 64 765 422 735 453 198 445
? 7 66 727 479 621 110 740 214
? 7 67 250 327 503 167 790 533
? 7 68 544 165 368 516 726 645
? 7 71 297 523 116 481 647 158
? 7 72 631 288 349 622 606 428
? 7 73 313 56 776 237 30 583
? 7 75 623 278 267 315 382 434
? 7 78 528 487 84 302 565 669
? 7 81 101 514 567 718 286 73
? 7 83 227 188 145 504 483 743
? 7 85 628 744 389 556 5 591
? 7 87 429 566 691 80 35 707
? 7 89 573 247 306 141 521 254
? 7 90 785 674 480 404 531 195
? 7 91 686 442 492 185 152 415
? 7 92 351 299 484 693 98 205
? 7 94 104 684 96 531 674 753
? 7 95 130 619 249 190 725 739
? 7 99 105 409 397 708 292 212
? 7 100 452 677 202 796 331 682
? 7 106 673 638 448 410 486 768
? 7 107 681 701 363 630 128 229
? 7 109 600 124 614 781 494 12
? 7 114 502 185 442 686 234 339
? 7 115 736 311 774 642 772 306
? 7 118 138 532 791 654 506 605
? 7 119 283 236 553 760 208 393
? 7 122 345 454 246 411 383 209
? 7 123 753 195 531 328 480 439
? 7 125 388 495 555 329 197 13
? 7 126 129 230 577 400 517 779
? 7 127 541 507 164 519 211 184
? 7 133 560 207 657 796 202 496
? 7 134 281 522 722 748 758 365
? 7 135 652 355 794 428 440 713
? 7 137 256 797 760 508 553 45
? 7 142 649 742 546 199 205 252
? 7 143 303 298 217 764 58 629
? 7 146 194 356 551 593 644 312
? 7 147 529 580 543 688 200 450
? 7 148 587 418 549 653 471 703
? 7 150 611 285 555 13 390 748
? 7 154 461 660 594 724 718 167
? 7 155 478 174 308 798 586 540
? 7 156 732 772 233 311 446 280
? 7 159 706 699 168 545 750 74
? 7 160 228 766 550 296 571 240
? 7 161 274 655 714 459 734 39
? 7 163 721 335 441 309 377 769
? 7 166 639 443 215 464 357 172
? 7 170 746 617 411 500 601 454
? 7 171 266 696 616 671 680 526
? 7 173 392 636 284 423 320 446
? 7 175 645 544 353 368 68 498
? 7 177 656 476 455 537 323 430
? 7 178 193 218 767 520 496 316
? 7 181 453 676 241 469 386 422
? 7 182 632 226 505 307 747 151
? 7 186 572 589 338 328 684 595
? 7 189 629 196 217 228 303 143
? 7 191 575 730 223 354 613 737
? 7 192 521 254 129 45 230 508
? 7 203 524 792 266 616 200 543
? 7 206 585 631 713 72 774 350
? 7 221 320 433 392 731 535 173
? 7 222 687 385 381 39 324 406
? 7 231 493 685 749 739 725 796
? 7 238 755 426 664 695 592 472
? 7 243 326 689 473 605 336 563
? 7 245 430 656 447 455 537 458
? 7 259 565 669 501 84 528 535
? 7 261 323 456 476 235 322 48
? 7 263 595 574 439 731 328 433
? 7 264 384 472 755 435 664 775
? 7 270 321 734 767 381 161 385
? 7 271 588 440 794 135 582 652
? 7 273 153 80 35 691 657 566
? 7 279 694 401 721 309 303 143
? 7 282 784 715 421 761 237 563
? 7 287 390 596 611 564 463 379
? 7 294 312 593 751 31 719 356
? 7 318 783 799 295 260 344 255
? 7 330 470 771 158 297 234 71
? 7 334 237 473 583 313 563 73
? 7 337 394 380 778 725 739 710
? 7 340 348 756 720 626 466 403
? 7 342 420 176 215 465 77 166
? 7 359 743 438 188 668 483 460
? 7 360 582 511 477 320 271 392
? 7 366 183 532 791 124 352 654
? 7 370 752 737 373 613 400 191
? 7 378 242 365 611 390 287 310
? 7 395 117 405 136 233 759 692
? 7 398 527 268 584 438 668 1
? 7 399 415 701 525 681 107 7
? 7 402 777 554 610 289 488 97
? 7 413 709 606 622 190 249 708
? 7 419 425 788 504 460 224 145
? 7 424 184 472 664 431 513 319
? 7 437 162 393 79 512 208 314
? 7 444 536 640 552 220 383 782
? 7 490 627 591 112 414 262 562
? 7 538 350 713 774 355 477 652
? 7 539 586 597 540 798 499 500
? 7 558 308 798 667 408 678 478
? 7 559 333 336 658 689 583 243
? 7 570 478 253 174 155 412 308
? 7 578 346 70 337 710 778 458
? 7 579 519 211 164 291 620 507
? 7 598 435 530 775 111 770 59
? 7 599 251 277 36 131 773 404
? 7 603 523 216 647 481 71 396
? 7 615 103 23 449 675 542 482
? 7 624 289 488 86 462 402 554
? 7 625 569 758 666 571 662 722
? 7 633 344 406 783 799 318 687
? 7 634 116 469 422 152 158 297
? 7 637 218 496 520 316 178 767
? 7 641 217 196 567 298 704 101
? 7 643 61 561 149 179 44 414
? 7 659 621 474 479 705 121 66
? 7 661 644 745 551 327 356 761
? 7 702 782 748 522 285 150 281
? 7 712 290 209 170 617 601 454
? 7 738 742 626 756 348 720 769
? 7 757 740 276 110 66 727 168
? 7 780 666 571 201 63 625 204
? 7 795 275 187 300 480 711 195
? 7 6 382 315 387 376 786 763
? 7 15 759 670 391 608 79 136
? 7 19 197 663 679 11 379 463
? 7 22 515 169 258 534 564 467
? 7 24 247 577 353 573 645 37
? 7 28 509 219 741 12 325 781
? 7 32 198 151 662 445 569 722
? 7 49 557 711 300 187 275 69
? 7 53 314 136 405 79 304 162
? 7 57 372 563 784 416 715 605
? 7 65 427 139 468 98 491 618
? 7 83 227 188 145 504 483 743
? 7 108 716 368 41 645 37 544
? 7 119 283 236 553 760 208 393
? 7 122 345 454 246 411 383 209
? 7 125 388 495 555 329 197 13
? 7 128 630 363 681 701 466 107
? 7 132 210 497 285 329 10 417
? 7 137 256 797 760 508 553 45
? 7 140 4 750 74 376 121 387
? 7 144 597 213 540 8 683 499
? 7 159 706 699 168 545 750 74
? 7 165 726 68 516 544 368 645
? 7 172 443 166 357 176 639 215
? 7 180 157 486 410 224 38 768
? 7 192 521 254 129 45 230 508
? 7 193 178 767 321 218 357 734
? 7 203 524 792 266 616 200 543
? 7 206 585 631 713 72 774 350
? 7 207 560 133 796 202 496 316
? 7 221 320 433 392 731 535 173
? 7 222 687 385 381 39 324 406
? 7 229 401 107 363 646 694 630
? 7 231 493 685 749 739 725 796
? 7 248 102 566 35 153 80 273
? 7 257 515 46 22 240 704 258
? 7 263 595 574 439 731 328 433
? 7 264 384 472 755 435 664 775
? 7 284 423 173 636 446 280 392
? 7 286 421 237 514 313 81 533
? 7 292 349 212 409 606 709 622
? 7 317 787 225 2 417 10 21
? 7 332 647 216 5 603 556 481
? 7 339 234 760 502 114 236 137
? 7 343 374 665 20 184 432 541
? 7 354 575 223 730 779 191 517
? 7 360 582 511 477 320 271 392
? 7 364 518 272 18 434 407 244
? 7 373 37 370 400 752 728 41
? 7 386 676 204 301 201 241 181
? 7 397 105 99 409 175 516 212
? 7 399 415 701 525 681 107 7
? 7 403 340 720 756 348 299 466
? 7 418 549 587 148 653 471 688
? 7 429 87 691 80 566 35 707
? 7 448 638 673 106 162 314 512
? 7 457 265 690 325 741 29 219
? 7 464 639 166 443 357 215 420
? 7 487 78 302 528 84 565 707
? 7 492 91 152 686 442 185 469
? 7 498 353 175 212 247 631 292
? 7 505 226 640 632 182 220 747
? 7 506 416 605 372 138 118 326
? 7 526 671 483 696 188 743 83
? 7 539 586 597 540 798 499 500
? 7 588 271 440 794 135 428 652
? 7 604 362 494 781 600 26 12
? 7 609 690 265 510 29 614 244
? 7 624 289 488 86 462 402 554
? 7 650 0 602 695 431 375 592
? 7 659 621 474 479 705 121 66
? 7 677 452 100 710 682 331 493
? 7 680 696 171 671 266 616 526
? 7 693 484 98 361 728 351 92
? 7 697 618 47 28 219 509 427
? 7 698 0 14 650 50 459 255
? 7 717 754 367 667 408 43 678
? 7 729 25 51 283 771 236 239
? 7 732 156 772 311 233 446 423
? 7 738 742 626 756 348 720 769
? 7 746 411 170 454 617 500 209
? 7 751 294 276 269 312 757 593
? 7 785 404 674 90 773 531 277
? 7 788 145 504 227 83 460 419
? 7 790 533 167 514 761 327 67
? 7 793 17 36 773 251 489 103
? 7 795 275 187 300 480 711 195
? 7 3 14 295 255 620 375 291
? 7 6 382 315 387 376 786 763
? 7 15 759 670 391 608 79 136
? 7 19 197 663 679 11 379 463
? 7 24 247 577 353 573 645 37
? 7 27 232 88 548 665 432 547
? 7 30 776 56 335 583 441 721
? 7 32 198 151 662 445 569 722
? 7 33 117 607 280 233 692 557
? 7 40 412 562 149 754 179 253
? 7 42 113 485 503 120 467 250
? 7 44 414 561 262 61 112 627
? 7 49 557 711 300 187 275 69
? 7 52 635 489 590 305 358 1
? 7 53 314 136 405 79 304 162
? 7 54 510 352 267 124 183 623
? 7 57 372 563 784 416 715 605
? 7 60 97 568 139 610 427 777
? 7 62 462 86 319 513 612 289
? 7 75 623 278 267 315 382 434
? 7 76 482 449 675 23 358 103
? 7 82 547 18 548 407 272 364
? 7 85 628 744 389 556 5 591
? 7 89 573 247 306 141 521 254
? 7 93 59 465 77 111 530 458
? 7 94 104 684 96 531 674 753
? 7 95 130 619 249 190 725 739
? 7 109 600 124 614 781 494 12
? 7 110 740 479 66 727 757 276
? 7 115 736 311 774 642 772 306
? 7 119 283 236 553 760 208 393
? 7 122 345 454 246 411 383 209
? 7 125 388 495 555 329 197 13
? 7 142 649 742 546 199 205 252
? 7 144 597 213 540 8 683 499
? 7 146 194 356 551 593 644 312
? 7 147 529 580 543 688 200 450
? 7 154 461 660 594 724 718 167
? 7 159 706 699 168 545 750 74
? 7 163 721 335 441 309 377 769
? 7 165 726 68 516 544 368 645
? 7 177 656 476 455 537 323 430
? 7 186 572 589 338 328 684 595
? 7 189 629 196 217 228 303 143
? 7 192 521 254 129 45 230 508
? 7 203 524 792 266 616 200 543
? 7 206 585 631 713 72 774 350
? 7 207 560 133 796 202 496 316
? 7 210 132 497 329 285 10 417
? 7 214 121 474 74 705 727 4
? 7 221 320 433 392 731 535 173
? 7 222 687 385 381 39 324 406
? 7 231 493 685 749 739 725 796
? 7 235 48 568 610 261 612 60
? 7 238 755 426 664 695 592 472
? 7 245 430 656 447 455 537 458
? 7 248 102 566 35 153 80 273
? 7 259 565 669 501 84 528 535
? 7 263 595 574 439 731 328 433
? 7 264 384 472 755 435 664 775
? 7 284 423 173 636 446 280 392
? 7 288 622 606 709 72 349 428
? 7 293 601 617 500 499 170 8
? 7 298 143 217 303 641 721 279
? 7 307 747 182 226 632 43 505
? 7 317 787 225 2 417 10 21
? 7 321 734 270 767 193 714 274
? 7 322 770 530 323 59 598 430
? 7 330 470 771 158 297 234 71
? 7 341 5 735 556 765 332 64
? 7 342 420 176 215 465 77 166
? 7 343 374 665 20 184 432 541
? 7 347 34 269 719 745 31 276
? 7 359 743 438 188 668 483 460
? 7 360 582 511 477 320 271 392
? 7 369 651 700 58 451 576 646
? 7 380 725 394 337 739 749 778
? 7 395 117 405 136 233 759 692
? 7 398 527 268 584 438 668 1
? 7 399 415 701 525 681 107 7
? 7 413 709 606 622 190 249 708
? 7 418 549 587 148 653 471 688
? 7 421 286 237 514 533 761 282
? 7 424 184 472 664 431 513 319
? 7 425 419 788 504 460 668 584
? 7 429 87 691 80 566 35 707
? 7 437 162 393 79 512 208 314
? 7 444 536 640 552 220 383 782
? 7 448 638 673 106 162 314 512
? 7 464 639 166 443 357 215 420
? 7 473 563 243 334 326 605 336
? 7 475 51 580 648 25 16 147
? 7 502 114 185 442 234 686 339
? 7 507 164 127 519 541 211 579
? 7 539 586 597 540 798 499 500
? 7 542 17 96 104 773 36 793
? 7 550 766 571 160 228 296 758
? 7 558 308 798 667 408 678 478
? 7 559 333 336 658 689 583 243
? 7 570 478 253 174 155 412 308
? 7 575 354 191 223 730 779 613
? 7 588 271 440 794 135 428 652
? 7 596 463 379 287 564 390 169
? 7 599 251 277 36 131 773 404
? 7 615 103 23 449 675 542 482
? 7 624 289 488 86 462 402 554
? 7 633 344 406 783 799 318 687
? 7 634 116 469 422 152 158 297
? 7 637 218 496 520 316 178 767
? 7 643 61 561 149 179 44 414
? 7 655 714 459 274 161 464 734
? 7 657 133 153 273 560 796 35
? 7 659 621 474 479 705 121 66
? 7 661 644 745 551 327 356 761
? 7 672 590 1 131 305 268 584
? 7 680 696 171 671 266 616 526
? 7 703 239 471 653 587 549 418
? 7 704 594 567 196 718 257 641
? 7 712 290 209 170 617 601 454
? 7 717 754 367 667 408 43 678
? 7 723 546 199 252 26 658 333
? 7 732 156 772 311 233 446 423
? 7 733 361 728 41 716 55 693
? 7 738 742 626 756 348 720 769
? 7 746 411 170 454 617 500 209
? 7 762 331 682 9 70 710 172
? 7 791 532 118 366 689 138 326
? 7 795 275 187 300 480 711 195
!
3 20 127 164 184 211 232 291 374 375 424 431 432 507 519 541 579 602 620 650 665 695 
602 650
695 602
431 695
211 507
519 211
432 232
432 665
20 432
374 20
541 374
424 431
184 424
541 184
127 541
519 127
579 519
291 579
375 291
620 375
620 3
164 620
37 41 68 108 165 212 409 498 716 726 
212 409
498 212
68 498
726 68
165 726
716 165
716 108
716 37
716 41
64 91 116 152 181 185 234 241 386 422 442 453 469 481 492 502 634 676 686 
502 234
185 502
686 185
442 686
91 442
492 91
469 492
116 481
152 469
116 152
634 116
422 634
64 422
241 181
676 386
241 676
453 241
453 64
18 82 547 548 
18 82
547 18
548 547
5 16 25 51 61 71 85 147 149 200 216 239 332 341 389 396 450 471 475 490 523 529 543 556 561 562 580 587 591 603 616 628 647 648 688 703 729 735 744 765 
561 61
149 561
562 149
490 562
591 490
389 591
744 389
85 744
628 85
5 628
765 341
556 5
765 556
735 765
471 703
471 587
239 471
239 729
51 239
25 51
475 25
200 450
200 616
543 200
529 543
147 529
580 147
580 688
475 580
16 475
648 16
396 648
216 396
216 603
332 216
647 332
523 71
647 523
735 647
7 58 63 107 128 229 340 348 363 369 399 403 415 451 466 525 576 630 646 651 681 700 701 764 789 
340 348
466 340
466 403
128 466
681 128
107 229
701 363
107 630
681 701
107 681
7 107
646 7
646 764
369 646
58 651
369 58
700 369
700 63
576 700
789 576
451 789
415 399
525 415
451 525
27 
43 220 367 408 444 505 640 667 678 717 747 
640 505
640 444
220 640
747 220
678 667
408 678
367 408
367 717
43 367
747 43
788 
30 56 73 101 143 163 189 196 217 228 279 298 303 309 333 335 377 401 559 567 583 594 629 641 658 694 718 721 776 
333 559
658 333
583 658
56 30
776 583
56 776
73 56
718 73
594 718
567 594
567 101
641 567
196 641
196 228
189 196
217 189
303 629
143 303
217 143
298 217
721 298
721 335
163 721
309 163
309 377
401 309
694 401
694 279
55 92 177 191 235 322 323 354 361 370 373 400 456 468 476 693 728 730 752 779 
354 779
191 354
191 730
752 191
752 400
370 752
373 370
728 373
728 361
693 728
693 92
468 693
55 468
456 55
323 235
323 322
476 177
323 476
456 323
78 84 302 328 433 487 528 565 595 669 731 
595 328
433 595
433 731
669 433
669 78
302 487
528 302
84 528
565 84
669 565
141 
737 
33 79 136 162 304 314 391 405 692 759 
79 314
79 162
391 79
136 391
136 759
405 136
304 405
692 304
692 33
155 174 253 308 412 478 558 570 798 
253 412
570 253
478 558
478 798
155 478
155 308
174 155
570 174
72 130 190 206 249 288 380 394 413 578 585 619 622 631 685 708 709 725 739 749 778 
585 206
631 585
72 631
288 72
709 288
709 622
190 709
190 130
413 190
249 413
249 708
619 249
725 619
749 685
739 749
725 739
778 725
394 380
778 394
578 778
0 14 88 161 255 295 321 343 655 698 799 
343 88
14 343
698 0
655 698
655 321
655 161
799 655
255 799
295 255
295 14
38 69 90 106 131 157 180 224 277 404 410 448 486 584 638 672 673 768 
768 69
673 448
673 638
106 673
768 106
486 768
410 486
180 410
157 180
224 157
38 224
131 38
404 90
277 404
131 277
672 131
584 672
15 119 137 208 236 283 339 393 553 608 670 760 
670 15
608 670
553 608
553 760
393 119
553 393
208 553
236 208
236 283
137 236
137 339
45 126 129 192 223 230 256 508 517 613 797 
223 613
517 223
256 797
45 256
45 508
192 45
129 192
129 230
126 129
126 517
114 158 204 297 301 330 470 575 771 
575 114
301 575
204 301
297 204
330 297
330 470
771 158
330 771
75 376 382 545 
376 545
376 75
376 382
12 29 219 244 265 325 407 457 494 509 609 614 690 741 781 
244 407
29 244
690 29
690 457
265 609
690 265
614 690
325 509
219 325
12 219
12 741
781 12
614 781
494 614
145 148 227 418 437 460 504 512 549 653 
504 460
227 504
145 227
148 145
512 437
653 512
653 418
148 549
653 148
50 133 166 176 178 193 202 207 215 218 260 274 316 357 436 443 459 464 496 520 560 581 637 639 714 767 796 
133 207
560 133
796 560
496 796
316 202
316 496
520 316
637 520
178 637
193 178
767 218
193 767
357 193
215 176
443 166
357 443
639 215
357 639
464 357
714 464
274 714
459 274
50 459
436 50
260 436
581 260
48 60 62 65 86 98 139 261 289 299 319 351 402 427 462 484 488 491 513 554 568 610 612 618 624 733 
299 484
351 299
48 261
488 624
289 488
86 289
462 86
62 462
319 62
513 319
612 513
48 612
568 48
554 402
610 554
568 610
60 568
139 60
427 139
427 618
65 427
98 65
98 351
491 98
491 733
52 76 251 419 425 449 482 599 615 
425 419
599 425
599 251
52 599
76 52
449 615
482 449
76 482
2 21 225 290 317 411 500 539 540 597 712 746 787 
597 540
500 597
500 539
746 500
411 746
712 411
21 712
2 317
787 2
225 787
21 225
290 21
97 264 
97 264
83 171 188 203 266 483 524 526 671 696 743 792 
171 696
266 171
524 203
792 524
266 792
671 266
526 671
188 526
188 743
483 188
83 483
284 
1 268 305 359 398 438 527 590 635 668 
438 359
668 438
527 668
527 398
268 527
1 268
590 1
305 590
635 305
441 
6 54 109 124 183 267 272 278 315 352 364 387 434 510 518 600 623 763 786 
315 278
109 600
124 109
54 124
183 54
352 183
267 352
763 6
387 763
315 387
315 786
267 315
510 267
623 510
434 623
364 434
518 364
272 518
67 81 110 154 167 286 356 461 514 660 724 
356 110
67 356
167 67
514 167
514 286
514 81
724 514
154 660
461 154
724 461
17 23 36 94 96 103 104 123 358 489 531 542 674 675 684 753 773 785 793 
358 489
23 358
675 23
103 675
793 103
36 17
36 793
773 36
773 542
104 684
96 104
773 96
785 773
674 785
531 94
531 674
753 531
123 753
32 182 226 307 632 680 754 
754 680
226 754
182 32
226 307
632 226
182 632
53 117 233 395 
233 53
233 395
117 233
57 740 
57 740
95 
259 795 
795 259
362 604 777 
604 777
362 604
210 495 
495 210
151 160 170 198 201 209 246 281 296 310 345 383 445 454 522 536 550 552 569 571 601 617 625 662 666 702 722 758 766 780 782 
170 617
601 170
454 601
454 209
246 454
345 246
383 345
552 383
536 552
782 536
702 782
522 702
281 522
758 281
550 758
296 310
550 296
766 550
160 766
571 160
569 571
569 625
569 722
445 569
198 151
445 198
662 445
666 662
780 666
780 201
10 11 13 22 46 132 134 150 240 242 257 258 285 329 365 378 379 388 417 497 515 555 611 704 748 
11 379
388 11
497 132
10 417
497 10
329 497
555 329
13 555
13 388
150 13
150 285
611 150
748 134
611 748
378 611
240 378
257 704
257 240
258 257
515 22
258 515
242 258
242 46
365 242
626 720 738 742 756 769 
742 769
742 626
756 742
756 720
738 756
9 35 70 80 100 102 153 172 248 331 337 346 452 493 566 677 682 710 762 
35 80
566 35
153 566
102 153
102 248
493 102
100 493
762 172
710 337
682 710
452 677
452 100
331 452
331 682
762 331
9 762
70 9
70 346
24 59 77 89 93 99 105 111 175 238 245 247 254 306 342 353 368 384 397 420 426 430 435 447 455 458 465 472 516 521 530 537 544 573 577 592 598 645 656 664 736 755 770 775 
254 521
306 254
306 736
89 306
247 89
544 516
573 577
573 24
247 573
353 247
645 353
544 368
544 645
175 544
397 175
99 397
105 99
537 105
447 537
656 447
656 455
656 430
245 656
458 245
77 458
420 342
465 420
77 465
93 77
59 93
111 59
598 111
530 598
435 530
472 238
472 384
664 472
592 664
426 592
755 426
775 755
435 775
770 435
31 34 146 194 269 347 551 593 644 661 719 745 
194 146
551 194
593 551
347 34
719 347
745 719
644 745
644 661
644 593
31 644
31 269
275 
39 222 270 318 324 344 371 381 385 406 633 687 734 783 
783 318
633 783
687 222
270 734
381 270
633 344
406 633
687 406
385 687
324 39
381 324
385 381
371 385
8 122 144 213 293 499 586 683 
213 586
293 122
683 293
213 144
8 499
683 8
213 683
40 44 112 179 262 414 627 643 
44 262
414 112
414 627
44 414
643 44
179 40
643 179
26 28 47 118 142 199 205 252 366 532 546 649 654 697 723 791 
697 28
47 697
205 47
649 205
142 649
546 142
546 252
546 199
723 546
26 723
791 26
791 366
532 791
654 118
532 654
292 349 606 
292 349
606 292
19 125 197 287 390 463 596 663 679 
197 125
596 197
596 390
19 663
679 19
463 679
596 463
596 287
42 113 120 138 169 237 243 250 282 313 326 327 334 336 372 416 421 467 473 485 503 506 533 534 563 564 605 689 715 761 784 790 
564 169
534 564
467 534
120 467
485 120
113 485
42 113
503 42
250 503
327 250
506 138
372 506
784 715
563 784
372 563
416 372
605 416
243 605
326 243
689 326
336 689
473 336
334 473
237 334
237 421
237 313
282 237
761 282
327 533
761 327
790 761
135 271 355 360 428 440 477 511 535 582 588 652 713 794 
360 535
135 588
652 135
271 477
511 360
511 582
271 511
794 271
652 428
794 652
794 440
713 794
355 713
4 66 74 121 140 159 168 214 276 294 312 474 479 621 659 699 705 706 727 750 751 757 
312 294
751 312
276 751
757 276
168 757
168 159
706 168
699 706
750 699
140 750
74 140
4 74
121 4
214 121
621 214
705 659
474 705
621 474
66 479
621 66
727 621
186 195 263 300 338 439 480 572 574 589 
574 300
195 480
439 195
574 439
263 574
589 263
572 589
186 338
572 186
87 221 231 273 429 501 657 691 707 
221 501
707 221
657 231
273 657
691 273
429 691
87 707
429 87
49 115 156 173 187 280 311 320 350 392 423 446 538 557 607 636 642 711 732 772 774 
711 187
557 711
557 49
607 557
280 607
156 280
446 732
392 423
392 320
173 392
636 173
446 636
156 446
311 156
772 642
311 772
115 311
774 115
774 350
538 774
