? 8 0 12 595 418 443 373 522 483
? 8 1 739 470 109 136 441 691 527
? 8 2 728 510 503 490 553 157 791
? 8 3 353 549 242 404 23 751 284
? 8 4 781 766 506 577 305 241 103
? 8 5 362 487 352 324 604 355 169
? 8 6 90 464 263 153 368 690 619
? 8 7 252 435 680 62 228 447 56
? 8 8 785 383 174 675 539 667 159
? 8 9 293 75 629 391 737 274 121
? 8 10 520 191 231 35 573 725 488
? 8 11 579 422 92 646 419 246 390
? 8 13 581 441 445 109 216 470 527
? 8 14 710 366 386 628 618 537 407
? 8 15 22 773 453 220 719 714 202
? 8 16 166 401 670 770 209 304 71
? 8 17 139 723 515 47 722 193 234
? 8 18 763 644 289 593 677 622 117
? 8 19 708 273 436 754 61 24 431
? 8 20 466 512 637 219 473 668 557
? 8 21 389 97 457 698 594 382 494
? 8 25 61 313 267 436 685 612 736
? 8 26 108 449 303 759 224 329 83
? 8 27 558 729 266 398 695 745 740
? 8 28 275 63 521 66 163 684 302
? 8 29 476 407 279 472 471 292 701
? 8 30 361 544 270 365 702 282 607
? 8 31 188 660 552 603 57 182 621
? 8 32 505 307 123 65 732 643 204
? 8 33 588 256 643 424 732 777 551
? 8 34 359 559 420 334 400 568 487
? 8 36 434 95 417 259 423 315 645
? 8 37 714 726 325 202 15 22 694
? 8 38 101 776 119 296 602 115 479
? 8 39 230 743 326 46 312 496 393
? 8 40 707 253 265 67 257 350 756
? 8 41 138 543 762 756 67 795 295
? 8 42 688 134 75 596 200 202 82
? 8 43 633 173 451 211 610 272 411
? 8 44 357 462 494 410 744 698 152
? 8 45 185 615 188 660 501 654 652
? 8 48 607 282 365 205 617 702 361
? 8 49 274 737 157 791 596 713 461
? 8 50 335 66 177 302 684 757 237
? 8 51 298 227 589 183 232 486 291
? 8 52 155 467 647 522 624 727 418
? 8 53 799 158 128 103 96 98 262
? 8 54 376 85 547 459 597 88 561
? 8 55 450 580 68 463 465 535 294
? 8 58 196 697 446 570 663 251 73
? 8 59 590 89 84 180 552 352 578
? 8 60 612 164 736 143 168 657 267
? 8 64 276 679 104 290 150 469 300
? 8 69 346 635 511 761 323 532 99
? 8 70 725 35 165 191 231 10 520
? 8 72 260 517 784 212 731 567 367
? 8 74 499 137 697 73 532 578 58
? 8 76 142 454 686 562 733 540 130
? 8 77 634 546 421 526 370 601 673
? 8 78 522 491 418 12 649 0 378
? 8 79 198 641 378 197 214 171 306
? 8 80 550 625 616 432 777 787 662
? 8 81 255 783 129 448 458 712 317
? 8 86 345 772 23 549 235 338 752
? 8 87 236 583 333 433 541 585 348
? 8 91 502 480 285 140 308 225 489
? 8 93 299 442 735 55 326 372 286
? 8 94 716 474 594 682 658 545 640
? 8 100 482 610 451 411 125 784 533
? 8 102 483 321 650 179 149 681 271
? 8 105 475 615 162 501 654 652 390
? 8 106 280 507 666 207 567 367 694
? 8 107 329 310 447 375 248 206 303
? 8 110 671 126 693 429 113 775 750
? 8 111 289 622 775 677 763 526 546
? 8 112 605 197 171 722 460 301 585
? 8 114 356 387 144 247 140 174 480
? 8 116 184 653 210 148 388 369 611
? 8 118 425 204 266 398 630 729 123
? 8 120 179 758 158 98 149 513 264
? 8 122 468 237 563 131 177 614 724
? 8 124 657 156 143 164 267 168 249
? 8 127 740 71 745 304 770 166 363
? 8 132 178 711 574 481 169 598 324
? 8 133 704 374 219 637 557 20 512
? 8 135 569 332 703 222 239 272 534
? 8 141 395 351 565 170 768 50 236
? 8 145 344 330 656 440 371 796 294
? 8 146 343 774 533 784 482 100 733
? 8 147 186 439 792 731 765 367 281
? 8 151 240 509 384 538 152 382 692
? 8 154 412 317 712 783 458 540 706
? 8 160 642 639 738 431 685 496 672
? 8 161 277 471 472 331 498 407 476
? 8 167 683 125 566 533 482 455 536
? 8 172 251 769 446 354 570 196 374
? 8 175 238 626 550 80 599 750 777
? 8 176 402 523 741 300 584 373 624
? 8 181 623 479 320 296 115 624 284
? 8 187 717 712 778 250 412 461 154
? 8 189 751 327 631 414 23 203 338
? 8 190 514 399 699 397 405 306 244
? 8 192 244 306 234 399 699 190 641
? 8 194 692 509 538 240 151 410 462
? 8 195 765 281 211 439 731 782 43
? 8 199 291 477 591 653 718 227 720
? 8 201 545 658 258 682 416 500 716
? 8 208 746 257 715 117 593 265 755
? 8 213 504 382 156 339 349 384 21
? 8 215 787 432 616 789 625 627 790
? 8 217 16 71 745 797 166 740 127
? 8 218 348 314 541 247 236 438 87
? 8 221 597 700 548 674 547 163 54
? 8 223 380 121 391 613 427 609 629
? 8 226 508 438 755 233 318 265 257
? 8 229 528 562 454 733 76 498 774
? 8 243 130 458 540 448 686 76 255
? 8 245 303 248 556 575 759 329 734
? 8 254 571 652 654 162 501 150 290
? 8 261 309 748 396 587 530 403 743
? 8 268 492 270 311 519 617 301 365
? 8 269 757 394 302 309 684 689 560
? 8 278 430 638 369 288 611 536 388
? 8 283 767 220 719 453 200 749 82
? 8 287 390 531 165 385 475 725 89
? 8 297 295 795 543 138 41 644 790
? 8 316 84 753 409 355 377 518 89
? 8 319 115 296 90 38 727 181 52
? 8 322 536 222 566 125 288 167 482
? 8 328 406 312 24 608 561 754 46
? 8 336 400 568 678 559 341 359 34
? 8 337 452 263 397 514 153 542 368
? 8 340 372 691 535 527 216 136 299
? 8 342 620 669 742 600 364 493 749
? 8 347 747 341 336 651 678 598 400
? 8 358 614 468 131 563 159 444 122
? 8 360 609 113 659 750 126 693 427
? 8 379 780 709 564 794 392 606 83
? 8 381 68 580 465 450 685 440 55
? 8 408 798 516 551 687 256 364 777
? 8 413 555 119 101 602 776 503 38
? 8 415 674 519 548 301 241 696 460
? 8 426 73 532 663 557 697 58 637
? 8 428 788 645 259 429 315 95 693
? 8 437 752 235 345 448 772 86 555
? 8 456 681 491 650 544 595 665 483
? 8 478 586 469 419 571 276 64 254
? 8 484 445 216 13 527 340 691 735
? 8 485 627 424 790 524 787 797 215
? 8 495 676 403 705 530 286 689 560
? 8 497 350 664 253 756 40 707 67
? 8 525 661 488 486 529 520 385 589
? 8 554 423 632 417 619 690 368 153
? 8 572 782 281 765 592 195 239 211
? 8 576 271 679 741 300 321 104 402
? 8 582 414 718 327 631 720 203 760
? 8 636 604 137 334 362 487 769 578
? 8 648 150 290 679 513 64 652 654
? 8 655 246 661 646 589 92 525 291
? 8 721 730 449 323 635 224 511 668
? 8 764 473 219 709 668 20 466 780
? 8 771 600 629 293 669 493 742 599
? 8 779 673 47 723 515 234 421 233
? 8 786 98 96 158 758 252 799 513
? 8 793 603 57 228 435 185 660 62
? 8 1 739 470 109 136 441 691 527
? 8 5 362 487 352 324 604 355 169
? 8 17 139 723 515 47 722 193 234
? 8 25 61 313 267 436 685 612 736
? 8 30 361 544 270 365 702 282 607
? 8 36 434 95 417 259 423 315 645
? 8 37 714 726 325 202 15 22 694
? 8 48 607 282 365 205 617 702 361
? 8 56 62 680 228 185 7 252 435
? 8 85 54 547 416 376 88 459 597
? 8 108 26 449 303 329 759 224 310
? 8 116 184 653 210 148 388 369 611
? 8 120 179 758 158 98 149 513 264
? 8 124 657 156 143 164 267 168 249
? 8 128 799 53 96 734 556 575 158
? 8 132 178 711 574 481 169 598 324
? 8 133 704 374 219 637 557 20 512
? 8 134 688 42 202 726 200 596 719
? 8 145 344 330 656 440 371 796 294
? 8 155 467 52 624 443 522 418 12
? 8 172 251 769 446 354 570 196 374
? 8 180 552 621 182 590 59 531 578
? 8 183 486 589 232 298 661 525 488
? 8 189 751 327 631 414 23 203 338
? 8 194 692 509 538 240 151 410 462
? 8 208 746 257 715 117 593 265 755
? 8 214 171 378 79 544 30 198 491
? 8 217 16 71 745 797 166 740 127
? 8 218 348 314 541 247 236 438 87
? 8 225 285 209 670 401 363 770 489
? 8 238 175 599 626 613 427 659 750
? 8 242 353 3 549 751 404 23 523
? 8 258 201 545 658 500 416 682 349
? 8 262 305 103 617 766 48 506 365
? 8 268 492 270 311 519 617 301 365
? 8 273 500 19 436 339 708 349 258
? 8 277 161 498 471 472 562 528 229
? 8 280 207 106 666 507 694 367 325
? 8 287 390 531 165 385 475 725 89
? 8 292 203 29 701 618 476 720 631
? 8 308 140 502 480 667 539 675 91
? 8 316 84 753 409 355 377 518 89
? 8 319 115 296 90 38 727 181 52
? 8 360 609 113 659 750 126 693 427
? 8 366 710 14 628 386 537 618 210
? 8 370 601 542 634 526 546 77 788
? 8 379 780 709 564 794 392 606 83
? 8 380 223 632 121 391 554 274 737
? 8 387 356 247 144 114 318 314 383
? 8 389 21 97 457 698 594 494 640
? 8 393 672 463 639 642 496 160 46
? 8 394 560 757 269 689 530 309 396
? 8 406 328 312 608 24 561 46 496
? 8 413 555 119 101 602 776 503 38
? 8 425 204 118 266 398 695 630 123
? 8 430 278 369 638 611 288 388 116
? 8 444 159 614 785 8 383 314 565
? 8 452 337 263 397 514 153 727 464
? 8 456 681 491 650 544 595 665 483
? 8 474 94 577 88 506 716 682 85
? 8 484 445 216 13 527 340 691 735
? 8 485 627 424 790 524 787 797 215
? 8 490 728 690 632 619 791 2 157
? 8 516 798 551 408 687 364 256 777
? 8 529 385 520 231 525 488 165 725
? 8 534 592 332 239 569 703 782 135
? 8 553 602 503 510 776 119 101 728
? 8 576 271 679 741 300 321 104 402
? 8 579 11 422 92 390 475 419 162
? 8 584 373 402 443 176 624 12 0
? 8 620 342 364 742 669 600 749 493
? 8 647 727 52 649 522 155 405 397
? 8 662 789 625 616 432 550 80 110
? 8 671 126 110 693 429 113 428 360
? 8 676 495 560 403 689 530 724 394
? 8 705 286 735 442 743 403 299 326
? 8 706 317 142 154 567 733 412 686
? 8 744 794 410 392 44 462 357 379
? 8 747 347 341 336 651 598 678 400
? 8 748 261 587 309 396 743 230 530
? 8 760 646 246 414 422 419 582 92
? 8 761 99 346 206 69 635 323 511
? 8 768 170 696 351 460 585 333 674
? 8 778 187 694 250 325 461 714 37
? 8 792 367 186 147 212 507 439 731
? 8 1 739 470 109 136 441 691 527
? 8 4 781 766 506 577 305 241 103
? 8 5 362 487 352 324 604 355 169
? 8 6 90 464 263 153 368 690 619
? 8 9 293 75 629 391 737 274 121
? 8 17 139 723 515 47 722 193 234
? 8 25 61 313 267 436 685 612 736
? 8 27 558 729 266 398 695 745 740
? 8 28 275 63 521 66 163 684 302
? 8 32 505 307 123 65 732 643 204
? 8 35 191 725 70 231 165 10 520
? 8 36 434 95 417 259 423 315 645
? 8 39 230 743 326 46 312 496 393
? 8 40 707 253 265 67 257 350 756
? 8 45 185 615 188 660 501 654 652
? 8 49 274 737 157 791 596 713 461
? 8 51 298 227 589 183 232 486 291
? 8 56 62 680 228 185 7 252 435
? 8 57 603 793 660 99 188 228 31
? 8 60 612 164 736 143 168 657 267
? 8 72 260 517 784 212 731 567 367
? 8 74 499 137 697 73 532 578 58
? 8 81 255 783 129 448 458 712 317
? 8 86 345 772 23 549 235 338 752
? 8 93 299 442 735 55 326 372 286
? 8 102 483 321 650 179 149 681 271
? 8 105 475 615 162 501 654 652 390
? 8 112 605 197 171 722 460 301 585
? 8 120 179 758 158 98 149 513 264
? 8 124 657 156 143 164 267 168 249
? 8 132 178 711 574 481 169 598 324
? 8 133 704 374 219 637 557 20 512
? 8 134 688 42 202 726 200 596 719
? 8 141 395 351 565 170 768 50 236
? 8 145 344 330 656 440 371 796 294
? 8 146 343 774 533 784 482 100 733
? 8 172 251 769 446 354 570 196 374
? 8 173 633 43 451 272 411 610 211
? 8 180 552 621 182 590 59 531 578
? 8 189 751 327 631 414 23 203 338
? 8 194 692 509 538 240 151 410 462
? 8 199 291 477 591 653 718 227 720
? 8 205 264 665 282 607 48 702 149
? 8 208 746 257 715 117 593 265 755
? 8 213 504 382 156 339 349 384 21
? 8 214 171 378 79 544 30 198 491
? 8 217 16 71 745 797 166 740 127
? 8 218 348 314 541 247 236 438 87
? 8 222 322 135 703 411 536 272 451
? 8 226 508 438 755 233 318 265 257
? 8 237 563 122 177 131 468 335 50
? 8 238 175 599 626 613 427 659 750
? 8 243 130 458 540 448 686 76 255
? 8 245 303 248 556 575 759 329 734
? 8 262 305 103 617 766 48 506 365
? 8 268 492 270 311 519 617 301 365
? 8 273 500 19 436 339 708 349 258
? 8 279 331 29 472 476 701 471 345
? 8 283 767 220 719 453 200 749 82
? 8 287 390 531 165 385 475 725 89
? 8 289 677 111 117 715 18 593 622
? 8 292 203 29 701 618 476 720 631
? 8 297 295 795 543 138 41 644 790
? 8 316 84 753 409 355 377 518 89
? 8 319 115 296 90 38 727 181 52
? 8 320 623 284 479 404 181 296 549
? 8 358 614 468 131 563 159 444 122
? 8 370 601 542 634 526 546 77 788
? 8 375 447 248 107 556 252 329 7
? 8 381 68 580 465 450 685 440 55
? 8 386 14 618 710 366 628 407 476
? 8 387 356 247 144 114 318 314 383
? 8 389 21 97 457 698 594 494 640
? 8 399 514 190 192 542 699 397 244
? 8 413 555 119 101 602 776 503 38
? 8 415 674 519 548 301 241 696 460
? 8 420 359 559 34 178 487 324 334
? 8 425 204 118 266 398 695 630 123
? 8 426 73 532 663 557 697 58 637
? 8 430 278 369 638 611 288 388 116
? 8 433 193 508 87 438 583 515 233
? 8 437 752 235 345 448 772 86 555
? 8 452 337 263 397 514 153 727 464
? 8 455 537 683 498 533 774 167 343
? 8 456 681 491 650 544 595 665 483
? 8 459 376 561 54 608 85 328 597
? 8 469 586 478 419 276 104 64 189
? 8 484 445 216 13 527 340 691 735
? 8 485 627 424 790 524 787 797 215
? 8 497 350 664 253 756 40 707 67
? 8 516 798 551 408 687 364 256 777
? 8 529 385 520 231 525 488 165 725
? 8 534 592 332 239 569 703 782 135
? 8 535 372 340 136 294 55 796 691
? 8 539 675 667 174 8 383 785 140
? 8 564 606 379 780 709 83 392 224
? 8 566 167 125 536 683 322 288 482
? 8 576 271 679 741 300 321 104 402
? 8 579 11 422 92 390 475 419 162
? 8 581 441 13 109 470 527 1 445
? 8 584 373 402 443 176 624 12 0
? 8 588 33 256 643 732 424 65 505
? 8 620 342 364 742 669 600 749 493
? 8 636 604 137 334 362 487 769 578
? 8 639 642 160 738 431 496 46 672
? 8 648 150 290 679 513 64 652 654
? 8 662 789 625 616 432 550 80 110
? 8 666 280 207 694 106 325 507 714
? 8 670 401 209 166 770 363 16 225
? 8 671 126 110 693 429 113 428 360
? 8 705 286 735 442 743 403 299 326
? 8 717 187 129 713 81 712 250 461
? 8 721 730 449 323 635 224 511 668
? 8 747 347 341 336 651 598 678 400
? 8 748 261 587 309 396 743 230 530
? 8 762 543 41 138 756 350 664 67
? 8 763 622 644 18 111 289 775 677
? 8 764 473 219 709 668 20 466 780
? 8 771 600 629 293 669 493 742 599
? 8 773 22 15 453 220 714 719 37
? 8 779 673 47 723 515 234 421 233
? 8 786 98 96 158 758 252 799 513
? 8 792 367 186 147 212 507 439 731
? 8 5 362 487 352 324 604 355 169
? 8 17 139 723 515 47 722 193 234
? 8 25 61 313 267 436 685 612 736
? 8 35 191 725 70 231 165 10 520
? 8 36 434 95 417 259 423 315 645
? 8 44 357 462 494 410 744 698 152
? 8 56 62 680 228 185 7 252 435
? 8 78 522 491 418 12 649 0 378
? 8 94 716 474 594 682 658 545 640
? 8 108 26 449 303 329 759 224 310
? 8 120 179 758 158 98 149 513 264
? 8 124 657 156 143 164 267 168 249
? 8 128 799 53 96 734 556 575 158
? 8 132 178 711 574 481 169 598 324
? 8 133 704 374 219 637 557 20 512
? 8 134 688 42 202 726 200 596 719
? 8 145 344 330 656 440 371 796 294
? 8 163 521 275 608 63 561 221 28
? 8 172 251 769 446 354 570 196 374
? 8 180 552 621 182 590 59 531 578
? 8 183 486 589 232 298 661 525 488
? 8 194 692 509 538 240 151 410 462
? 8 195 765 281 211 439 731 782 43
? 8 205 264 665 282 607 48 702 149
? 8 206 99 761 310 107 346 435 69
? 8 208 746 257 715 117 593 265 755
? 8 214 171 378 79 544 30 198 491
!
16 32 33 65 71 80 118 123 127 138 166 204 209 215 253 256 266 297 304 342 350 363 364 398 408 424 425 432 485 497 505 516 524 543 550 551 588 616 620 625 627 630 643 662 664 670 687 695 732 740 745 756 770 777 787 789 790 797 798 
625 662
118 425
204 695
398 204
266 398
118 266
123 118
123 630
32 123
798 516
505 32
732 505
65 732
643 65
588 643
33 588
424 524
33 424
777 33
551 798
408 551
342 620
364 342
408 364
256 408
687 256
777 687
550 777
80 550
625 80
789 625
616 789
432 616
787 432
497 253
756 497
664 350
756 664
138 756
138 543
297 138
790 297
627 215
790 627
790 787
797 790
797 485
127 797
745 127
209 670
16 209
71 745
71 770
166 16
166 363
740 71
166 740
304 166
1 4 8 13 19 21 24 25 28 39 44 46 50 54 55 60 61 63 66 68 85 88 91 93 94 97 103 109 122 124 131 136 140 143 144 145 151 152 156 160 163 164 168 174 177 194 201 213 221 225 230 237 240 241 249 258 261 262 267 268 269 273 275 285 286 294 299 302 305 308 309 312 313 326 328 330 335 339 340 344 349 356 357 358 371 372 376 381 382 384 389 393 394 396 401 403 406 410 415 416 431 436 440 441 442 445 450 457 459 462 463 465 468 470 474 480 484 489 492 494 495 496 500 502 504 506 509 521 527 530 535 538 539 545 547 548 560 561 563 577 580 581 587 594 597 608 612 614 639 640 642 656 657 658 667 672 675 676 682 684 685 689 691 692 698 700 705 708 716 724 735 736 738 739 743 748 754 757 766 781 785 796 
225 401
489 225
285 489
480 285
308 667
140 308
356 144
140 356
91 502
480 91
140 480
675 140
675 539
174 675
8 174
785 8
358 785
4 492
349 500
504 349
339 504
339 273
258 339
85 459
60 164
313 25
736 313
168 736
168 60
143 168
640 389
657 249
143 657
156 143
156 124
213 156
21 213
21 640
382 21
384 382
151 384
538 194
538 692
240 538
151 509
240 151
410 240
462 410
698 462
44 152
357 44
494 357
494 698
97 494
457 97
594 457
94 594
201 258
682 201
682 85
716 682
94 716
88 94
781 268
672 639
672 580
781 262
548 415
700 548
4 103
781 4
305 781
506 305
766 506
241 766
577 241
658 416
545 658
474 545
577 474
88 577
547 88
700 547
221 700
275 221
394 757
122 614
237 122
468 358
131 468
131 563
237 131
177 237
50 177
335 50
394 396
269 394
309 269
302 309
275 163
521 275
28 521
63 28
66 63
66 335
684 66
684 302
689 684
530 689
530 748
560 724
743 230
587 743
261 587
530 261
560 530
676 560
495 676
286 495
442 705
299 442
286 299
286 735
403 286
326 403
326 393
326 93
312 326
312 406
431 312
344 330
145 344
13 484
13 445
581 13
1 581
441 1
739 441
136 739
796 136
796 371
340 796
691 109
340 372
527 470
691 527
340 691
535 340
450 535
294 450
440 381
294 145
656 294
440 656
68 440
465 68
55 465
463 55
160 463
608 24
376 597
54 376
561 54
608 561
328 608
46 328
46 39
496 46
160 496
642 672
160 642
738 160
431 738
19 431
61 685
267 612
436 267
61 436
19 61
708 19
754 708
18 40 41 67 111 117 126 193 208 217 226 257 265 289 295 318 593 622 644 671 677 707 715 722 723 746 755 762 763 775 795 
723 722
193 723
226 193
795 217
775 126
775 671
763 775
318 226
755 318
622 763
41 762
67 40
795 295
41 795
67 41
67 707
257 67
755 265
257 755
593 257
18 593
18 644
622 18
622 111
677 622
746 208
117 677
117 746
117 715
289 117
150 
5 15 22 31 34 37 43 51 57 58 59 73 74 100 116 132 135 137 147 148 154 169 172 173 178 180 184 186 195 196 199 207 211 227 239 245 251 254 272 278 280 281 290 298 316 324 325 332 334 336 341 347 352 354 355 359 362 369 374 375 400 407 411 420 426 430 446 451 455 466 473 481 487 499 512 518 529 532 534 537 552 557 559 564 568 569 570 571 572 574 578 590 592 598 604 606 610 611 621 633 636 637 638 651 653 663 666 678 694 697 703 711 714 731 747 765 769 782 792 793 
254 290
571 254
180 571
606 245
57 375
564 606
473 564
31 793
31 57
578 31
621 180
590 59
552 590
621 552
578 621
636 578
137 636
196 137
426 663
473 466
512 473
73 426
697 73
499 532
74 499
697 74
697 58
570 697
637 512
557 637
374 557
251 374
196 251
446 570
196 446
769 196
354 769
354 172
568 354
568 34
400 568
678 336
651 678
400 651
359 400
334 359
420 334
178 420
347 747
341 347
598 341
711 598
178 711
169 132
481 169
574 481
178 574
487 178
487 559
604 5
362 352
604 362
324 604
324 487
355 324
518 355
316 518
529 316
51 529
694 154
325 37
694 666
207 694
714 207
22 714
325 22
325 15
280 325
731 280
51 298
227 51
199 227
653 199
184 653
148 184
116 148
430 116
611 369
638 430
611 638
611 278
537 611
537 407
455 537
100 455
411 100
135 569
135 332
703 135
272 703
534 272
592 534
239 592
782 239
211 782
411 173
451 411
610 451
633 610
211 633
43 211
195 43
281 195
731 792
731 186
147 731
281 147
281 765
572 281
0 2 3 6 7 9 10 11 12 14 20 23 26 29 30 35 36 38 42 45 47 48 49 52 53 56 62 64 69 70 72 75 76 77 78 79 82 83 84 86 87 89 90 92 95 96 98 99 101 102 104 105 106 107 108 110 112 113 114 115 119 120 121 125 128 129 130 133 134 141 142 146 149 153 155 157 158 159 161 162 165 167 170 171 175 176 179 181 182 183 185 187 188 189 190 191 197 198 200 202 203 205 206 210 212 214 219 220 222 223 224 228 229 231 232 233 234 235 236 238 242 243 244 246 247 248 250 252 255 259 260 263 264 270 271 274 276 277 279 282 283 284 287 288 291 292 293 296 300 301 303 306 310 311 314 315 317 319 320 321 322 323 327 329 331 333 337 338 343 345 346 348 351 353 360 361 365 366 367 368 373 377 378 379 383 385 386 387 388 390 391 392 395 397 399 402 404 405 409 412 413 414 417 418 419 421 422 423 427 428 429 433 434 435 437 438 439 443 444 447 448 449 452 453 454 458 460 461 464 467 469 471 472 475 476 477 478 479 482 483 486 488 490 491 493 498 501 503 507 508 510 511 513 514 515 517 519 520 522 523 525 526 528 531 533 536 540 542 544 546 549 553 554 555 556 562 565 566 567 573 575 576 579 582 583 586 589 591 595 596 599 600 601 602 603 605 607 609 613 615 617 618 619 623 624 626 628 629 631 632 634 635 641 645 646 648 649 650 652 654 655 659 660 661 665 668 669 673 674 679 680 681 683 686 688 690 693 696 701 702 704 706 709 710 712 713 717 718 719 720 721 725 726 727 728 730 733 734 737 741 742 744 749 750 751 752 753 758 759 760 761 764 767 768 771 772 773 774 776 778 779 780 783 784 786 788 791 794 799 
794 744
794 83
392 794
392 709
780 392
780 379
20 780
219 764
704 133
219 704
20 219
668 20
730 668
323 721
323 730
635 323
346 635
511 346
69 511
99 69
761 99
206 761
107 206
575 734
303 575
303 759
108 303
310 108
248 556
310 248
449 224
449 26
329 449
310 329
107 310
447 107
435 447
62 435
70 573
409 70
189 469
414 189
760 414
582 760
683 343
566 683
167 566
454 540
562 229
733 562
142 454
733 142
774 733
498 774
498 277
498 161
528 498
76 528
458 76
686 243
686 130
458 686
783 458
783 317
712 783
412 712
706 412
567 706
517 567
367 106
367 439
367 507
212 367
517 212
72 517
260 72
784 260
146 784
533 146
125 533
167 482
167 125
536 167
322 222
536 322
288 536
388 288
210 388
366 210
628 366
14 628
14 386
710 14
618 710
720 618
718 582
477 718
720 477
591 720
291 591
655 291
488 183
520 191
10 520
165 10
165 231
385 165
525 385
486 232
486 589
488 486
525 488
661 525
655 661
92 655
753 409
531 182
531 287
475 531
390 475
753 377
84 753
89 84
725 35
89 725
390 89
11 390
92 11
92 579
646 92
422 646
246 422
419 246
679 576
64 679
276 64
586 276
478 586
419 478
162 419
501 162
654 501
654 652
654 105
615 654
45 615
660 45
660 603
185 188
185 660
228 185
228 62
7 228
7 56
680 7
252 680
786 252
513 120
758 786
799 128
53 799
158 53
264 149
98 264
158 96
158 98
179 158
513 648
513 758
179 513
102 179
271 102
791 490
296 319
788 645
788 634
259 788
315 259
391 223
121 391
613 121
599 238
626 599
175 626
427 175
613 427
609 613
659 750
609 659
113 609
113 360
429 113
110 429
693 110
428 693
95 428
95 417
434 36
315 95
434 315
423 434
554 423
690 554
368 337
464 452
368 464
368 6
690 368
153 690
619 153
632 619
791 632
493 771
493 600
293 493
75 293
767 283
749 767
669 742
749 669
82 749
75 82
596 75
453 200
773 453
220 773
726 134
202 726
42 202
719 220
42 719
688 42
596 688
737 596
737 9
274 629
737 274
791 737
49 791
157 49
776 296
776 553
602 776
101 602
503 101
510 503
728 510
2 728
157 2
157 713
461 157
461 778
187 461
250 187
717 250
129 717
467 52
727 467
514 405
244 514
397 244
263 397
727 263
727 155
90 727
115 90
115 38
181 115
320 181
284 320
284 623
479 284
119 479
129 255
448 129
555 448
555 413
555 119
437 555
235 437
752 235
345 86
345 772
345 752
279 345
29 279
701 292
203 701
471 331
29 472
476 471
29 476
203 29
631 203
327 631
338 327
751 338
751 23
353 751
549 404
353 549
3 353
242 3
523 242
300 523
402 176
402 104
300 741
402 300
271 402
681 491
321 681
321 271
483 321
205 665
282 205
282 48
282 607
544 282
650 483
595 650
544 595
30 544
30 214
171 30
373 624
0 373
443 0
522 443
418 12
522 418
78 522
78 649
378 78
198 79
378 198
171 378
112 171
605 112
301 605
617 361
365 702
617 365
519 617
270 519
301 270
301 311
696 301
674 696
768 674
768 460
141 768
170 141
395 170
351 395
383 565
159 444
383 159
314 383
247 387
247 114
314 247
348 314
236 348
351 236
333 351
433 333
87 433
87 583
438 87
508 438
515 508
515 233
47 515
47 234
779 47
421 779
673 421
546 673
526 601
546 526
77 546
542 77
399 542
306 399
306 190
641 306
641 197
17 27 81 139 192 216 218 307 370 380 456 541 558 584 585 647 699 729 
192 81
541 216
456 380
699 584
17 541
647 456
585 218
585 139
17 585
699 647
192 17
192 699
370 192
307 370
27 307
27 558
27 729
