? 8 0 415 207 283 724 165 572 310
? 8 1 86 789 656 605 796 19 574
? 8 2 627 174 399 444 204 636 127
? 8 3 89 649 668 756 104 263 767
? 8 4 711 411 482 595 94 651 694
? 8 5 466 437 715 641 102 253 551
? 8 6 357 163 191 748 680 738 352
? 8 7 136 563 498 353 664 97 189
? 8 8 31 407 115 42 389 535 697
? 8 9 402 447 243 440 380 479 137
? 8 10 44 759 793 746 754 622 439
? 8 11 85 295 750 577 150 489 277
? 8 12 56 195 634 17 22 270 725
? 8 13 92 499 551 544 175 102 653
? 8 14 524 130 478 377 221 262 422
? 8 15 792 471 413 736 470 131 536
? 8 16 239 161 589 183 449 741 673
? 8 18 476 635 568 366 717 798 401
? 8 20 93 179 454 350 205 625 678
? 8 21 316 240 333 236 497 787 193
? 8 23 420 465 487 505 758 403 480
? 8 24 42 81 535 484 697 31 171
? 8 25 597 322 318 395 694 742 331
? 8 26 284 225 149 731 95 448 534
? 8 27 701 696 522 182 144 263 143
? 8 28 443 774 291 138 48 777 669
? 8 29 459 545 740 560 393 521 496
? 8 30 41 223 633 388 749 414 658
? 8 32 280 255 658 483 542 342 65
? 8 33 90 120 761 744 467 671 368
? 8 34 388 223 109 633 660 632 749
? 8 35 580 124 673 71 475 785 161
? 8 36 203 213 288 461 480 465 487
? 8 37 72 587 252 502 525 151 583
? 8 38 729 356 406 458 267 384 798
? 8 39 582 643 164 344 456 243 447
? 8 40 250 52 378 492 375 552 245
? 8 43 149 534 731 95 26 225 364
? 8 45 520 541 63 590 705 532 614
? 8 46 290 87 564 123 767 134 263
? 8 47 125 690 470 536 15 425 305
? 8 49 638 757 765 583 746 439 525
? 8 50 19 73 789 656 728 86 796
? 8 51 362 642 416 570 303 713 430
? 8 53 485 770 678 244 170 205 482
? 8 54 779 681 530 606 469 186 516
? 8 55 177 348 647 500 493 261 778
? 8 57 620 354 319 140 679 718 479
? 8 58 107 369 784 105 593 271 180
? 8 59 657 610 735 676 325 389 288
? 8 60 118 664 76 498 619 294 640
? 8 61 146 772 751 167 691 128 143
? 8 62 186 606 469 98 579 335 70
? 8 64 278 628 654 675 412 100 48
? 8 66 345 685 302 285 259 548 702
? 8 67 108 282 246 96 512 764 608
? 8 68 533 375 492 378 122 180 250
? 8 69 733 745 438 331 395 184 651
? 8 74 644 448 247 173 284 26 351
? 8 75 427 224 776 611 152 504 332
? 8 77 374 296 172 782 287 209 200
? 8 78 409 63 699 587 502 72 45
? 8 79 178 603 387 598 229 181 778
? 8 80 538 334 247 117 260 703 452
? 8 82 559 567 241 193 787 316 645
? 8 83 355 672 670 385 698 392 645
? 8 84 602 451 347 139 594 242 433
? 8 88 296 780 615 287 514 782 77
? 8 91 211 523 298 771 453 145 457
? 8 99 424 383 474 403 505 783 575
? 8 101 113 121 624 736 131 272 15
? 8 103 565 663 426 737 156 679 319
? 8 106 158 600 527 790 307 159 264
? 8 110 734 194 217 519 653 175 394
? 8 111 460 133 599 155 783 444 125
? 8 112 578 190 326 588 328 445 706
? 8 114 219 716 358 662 631 747 179
? 8 116 371 646 183 321 741 621 293
? 8 119 317 220 168 226 98 516 186
? 8 126 788 688 312 311 473 307 790
? 8 129 404 336 743 150 577 217 85
? 8 132 652 323 786 65 755 442 184
? 8 135 249 528 797 511 720 518 373
? 8 141 684 127 725 210 270 174 421
? 8 142 198 712 744 648 368 761 337
? 8 147 655 309 704 637 477 739 233
? 8 148 221 262 222 665 524 478 629
? 8 153 450 279 426 751 146 772 61
? 8 154 117 703 441 334 452 523 538
? 8 157 562 188 650 475 341 785 724
? 8 160 519 408 394 734 110 194 743
? 8 162 496 521 719 560 490 459 363
? 8 166 513 236 497 601 240 333 561
? 8 169 201 439 746 234 795 695 666
? 8 176 710 702 257 640 539 398 619
? 8 185 473 231 436 396 739 139 688
? 8 187 428 468 268 700 372 579 397
? 8 192 463 659 693 573 431 335 469
? 8 196 165 275 159 232 677 572 264
? 8 197 728 740 760 50 19 73 656
? 8 199 346 405 547 554 315 750 237
? 8 202 763 775 727 352 626 553 748
? 8 206 571 586 753 216 723 667 144
? 8 208 364 306 276 682 726 435 43
? 8 212 431 190 370 463 659 706 693
? 8 214 708 546 259 543 400 756 667
? 8 215 604 253 102 591 494 437 346
? 8 218 228 414 432 721 749 633 638
? 8 227 453 506 298 771 569 137 507
? 8 230 768 773 561 601 513 339 766
? 8 235 799 256 71 673 341 580 35
? 8 238 180 107 273 369 410 58 503
? 8 248 376 627 444 495 2 383 460
? 8 251 507 623 145 137 453 440 771
? 8 254 488 592 661 122 556 404 336
? 8 258 625 205 595 454 678 482 689
? 8 265 370 650 341 256 706 212 326
? 8 266 314 508 429 283 445 588 207
? 8 269 365 373 434 720 382 512 191
? 8 274 613 612 343 417 707 623 752
? 8 281 167 128 452 351 61 691 146
? 8 286 721 391 432 340 630 695 228
? 8 289 313 776 152 361 504 379 596
? 8 292 781 410 593 780 287 105 503
? 8 297 573 397 659 463 293 192 70
? 8 299 480 420 465 390 418 213 596
? 8 300 464 372 621 759 700 622 224
? 8 301 504 152 427 313 75 776 468
? 8 304 546 667 723 276 584 726 306
? 8 308 616 550 798 140 620 458 366
? 8 320 545 597 322 25 29 393 459
? 8 324 380 569 751 506 156 772 402
? 8 327 731 225 149 284 753 26 723
? 8 329 430 303 540 123 367 491 318
? 8 330 557 797 511 135 690 191 155
? 8 338 742 318 442 430 540 303 329
? 8 349 325 184 438 786 657 59 481
? 8 359 392 698 670 526 581 502 151
? 8 360 655 704 147 790 126 309 688
? 8 381 456 406 356 164 38 616 582
? 8 386 333 672 241 497 385 316 559
? 8 419 674 575 576 722 474 618 738
? 8 423 491 367 134 104 767 540 87
? 8 446 769 510 566 607 541 705 594
? 8 455 391 735 676 288 721 542 342
? 8 462 517 563 501 136 189 7 353
? 8 472 529 337 368 350 671 669 709
? 8 486 494 237 591 130 377 215 315
? 8 509 766 477 339 233 637 309 147
? 8 515 310 677 275 165 196 0 159
? 8 531 143 687 182 691 696 701 27
? 8 537 267 729 714 356 38 503 406
? 8 549 413 131 471 792 204 15 636
? 8 555 271 629 784 369 58 105 107
? 8 558 754 622 741 621 793 44 699
? 8 585 273 714 381 164 456 643 356
? 8 609 122 150 85 11 592 404 277
? 8 617 467 120 90 727 761 387 553
? 8 639 626 631 662 763 576 467 202
? 8 683 760 197 728 278 654 412 86
? 8 686 514 401 384 615 458 88 798
? 8 692 794 161 785 124 449 231 475
? 8 730 305 425 690 624 511 518 47
? 8 732 171 697 689 484 595 258 454
? 8 762 718 479 354 402 156 380 57
? 8 791 770 100 709 170 777 669 412
? 8 3 89 649 668 756 104 263 767
? 8 16 239 161 589 183 449 741 673
? 8 18 476 635 568 366 717 798 401
? 8 22 270 56 12 725 195 17 634
? 8 23 420 465 487 505 758 403 480
? 8 24 42 81 535 484 697 31 171
? 8 39 582 643 164 344 456 243 447
? 8 40 250 52 378 492 375 552 245
? 8 51 362 642 416 570 303 713 430
? 8 66 345 685 302 285 259 548 702
? 8 80 538 334 247 117 260 703 452
? 8 93 20 205 678 454 625 350 179
? 8 94 694 331 395 733 745 25 4
? 8 97 584 726 682 353 7 664 136
? 8 99 424 383 474 403 505 783 575
? 8 101 113 121 624 736 131 272 15
? 8 111 460 133 599 155 783 444 125
? 8 116 371 646 183 321 741 621 293
? 8 118 60 664 76 498 619 294 539
? 8 119 317 220 168 226 98 516 186
? 8 141 684 127 725 210 270 174 421
? 8 163 6 357 748 191 680 352 738
? 8 169 201 439 746 234 795 695 666
? 8 177 55 348 500 647 493 261 778
? 8 178 79 603 387 598 229 778 181
? 8 200 172 374 209 782 77 296 581
? 8 211 523 91 334 117 154 80 298
? 8 214 708 546 259 543 400 756 667
? 8 227 453 506 298 771 569 137 507
? 8 242 433 602 347 451 84 233 594
? 8 248 376 627 444 495 2 383 460
? 8 252 525 37 72 587 765 151 502
? 8 254 488 592 661 122 556 404 336
? 8 257 398 710 176 640 539 619 702
? 8 265 370 650 341 256 706 212 326
? 8 268 468 579 187 22 301 428 270
? 8 279 153 450 426 642 687 570 146
? 8 289 313 776 152 361 504 379 596
? 8 290 123 46 87 564 767 134 491
? 8 292 781 410 593 780 287 105 503
? 8 295 750 11 405 85 554 277 577
? 8 300 464 372 621 759 700 622 224
? 8 311 307 312 527 126 788 158 264
? 8 320 545 597 322 25 29 393 459
? 8 328 530 190 779 681 578 112 54
? 8 332 611 75 776 224 596 427 390
? 8 349 325 184 438 786 657 59 481
? 8 359 392 698 670 526 581 502 151
? 8 363 490 400 543 719 756 104 668
? 8 382 553 727 365 269 202 748 352
? 8 411 711 4 482 595 258 651 732
? 8 434 512 608 269 365 108 382 282
? 8 435 353 208 364 682 726 189 97
? 8 441 154 703 117 452 167 334 523
? 8 443 28 774 291 138 48 777 669
? 8 455 391 735 676 288 721 542 342
? 8 457 612 613 145 274 623 752 91
? 8 461 630 234 36 391 286 666 340
? 8 462 517 563 501 136 189 7 353
? 8 466 5 437 715 641 102 551 253
? 8 483 737 32 280 255 663 717 713
? 8 489 577 217 85 11 653 750 150
? 8 499 92 13 544 175 551 653 102
? 8 508 429 314 266 445 588 326 283
? 8 515 310 677 275 165 196 0 159
? 8 528 518 135 249 511 797 720 246
? 8 532 590 614 520 355 45 670 83
? 8 533 68 122 592 238 273 488 180
? 8 547 315 199 405 552 422 237 245
? 8 549 413 131 471 792 204 15 636
? 8 550 308 140 620 616 798 366 57
? 8 555 271 629 784 369 58 105 107
? 8 565 103 663 426 156 319 679 737
? 8 571 206 586 216 753 144 723 667
? 8 605 796 574 1 789 19 50 656
? 8 607 705 446 541 594 769 510 566
? 8 617 467 120 90 727 761 387 553
? 8 618 722 599 575 133 474 783 674
? 8 632 660 109 635 717 476 18 401
? 8 648 368 337 774 142 529 28 198
? 8 652 132 786 323 65 442 755 184
? 8 675 64 48 628 100 278 777 291
? 8 707 343 417 274 613 612 623 556
? 8 716 114 219 358 747 631 662 179
? 8 730 305 425 690 624 511 518 47
? 8 762 718 479 354 402 156 380 57
? 8 764 96 608 67 512 108 282 434
? 8 773 230 768 385 242 433 561 590
? 8 794 785 475 124 692 188 562 35
? 8 799 235 256 71 673 341 580 35
? 8 3 89 649 668 756 104 263 767
? 8 8 31 407 115 42 389 535 697
? 8 9 402 447 243 440 380 479 137
? 8 10 44 759 793 746 754 622 439
? 8 14 524 130 478 377 221 262 422
? 8 16 239 161 589 183 449 741 673
? 8 21 316 240 333 236 497 787 193
? 8 23 420 465 487 505 758 403 480
? 8 24 42 81 535 484 697 31 171
? 8 30 41 223 633 388 749 414 658
? 8 33 90 120 761 744 467 671 368
? 8 34 388 223 109 633 660 632 749
? 8 39 582 643 164 344 456 243 447
? 8 40 250 52 378 492 375 552 245
? 8 43 149 534 731 95 26 225 364
? 8 51 362 642 416 570 303 713 430
? 8 62 186 606 469 98 579 335 70
? 8 66 345 685 302 285 259 548 702
? 8 74 644 448 247 173 284 26 351
? 8 78 409 63 699 587 502 72 45
? 8 82 559 567 241 193 787 316 645
? 8 93 20 205 678 454 625 350 179
? 8 94 694 331 395 733 745 25 4
? 8 99 424 383 474 403 505 783 575
? 8 101 113 121 624 736 131 272 15
? 8 106 158 600 527 790 307 159 264
? 8 111 460 133 599 155 783 444 125
? 8 116 371 646 183 321 741 621 293
? 8 118 60 664 76 498 619 294 539
? 8 119 317 220 168 226 98 516 186
? 8 129 404 336 743 150 577 217 85
? 8 141 684 127 725 210 270 174 421
? 8 162 496 521 719 560 490 459 363
? 8 163 6 357 748 191 680 352 738
? 8 166 513 236 497 601 240 333 561
? 8 169 201 439 746 234 795 695 666
? 8 177 55 348 500 647 493 261 778
? 8 178 79 603 387 598 229 778 181
? 8 185 473 231 436 396 739 139 688
? 8 195 17 56 12 22 634 270 272
? 8 200 172 374 209 782 77 296 581
? 8 203 36 213 288 610 487 735 465
? 8 207 415 0 283 724 266 314 310
? 8 211 523 91 334 117 154 80 298
? 8 214 708 546 259 543 400 756 667
? 8 215 604 253 102 591 494 437 346
? 8 218 228 414 432 721 749 633 638
? 8 222 665 262 245 52 148 552 478
? 8 227 453 506 298 771 569 137 507
? 8 232 264 159 572 196 527 165 307
? 8 244 485 53 393 170 482 711 4
? 8 248 376 627 444 495 2 383 460
? 8 251 507 623 145 137 453 440 771
? 8 252 525 37 72 587 765 151 502
? 8 254 488 592 661 122 556 404 336
? 8 257 398 710 176 640 539 619 702
? 8 260 173 74 448 247 95 538 80
? 8 265 370 650 341 256 706 212 326
? 8 268 468 579 187 22 301 428 270
? 8 276 306 682 726 584 208 364 723
? 8 289 313 776 152 361 504 379 596
? 8 290 123 46 87 564 767 134 491
? 8 292 781 410 593 780 287 105 503
? 8 295 750 11 405 85 554 277 577
? 8 299 480 420 465 390 418 213 596
? 8 300 464 372 621 759 700 622 224
? 8 304 546 667 723 276 584 726 306
? 8 320 545 597 322 25 29 393 459
? 8 327 731 225 149 284 753 26 723
? 8 330 557 797 511 135 690 191 155
? 8 332 611 75 776 224 596 427 390
? 8 338 742 318 442 430 540 303 329
? 8 347 602 433 139 84 242 739 233
? 8 349 325 184 438 786 657 59 481
? 8 359 392 698 670 526 581 502 151
? 8 373 720 365 269 249 191 135 357
? 8 394 194 734 519 408 110 160 217
? 8 397 70 428 335 297 293 187 573
? 8 399 2 636 627 174 444 204 536
? 8 411 711 4 482 595 258 651 732
? 8 419 674 575 576 722 474 618 738
? 8 431 463 659 192 693 212 573 190
? 8 435 353 208 364 682 726 189 97
? 8 443 28 774 291 138 48 777 669
? 8 455 391 735 676 288 721 542 342
? 8 462 517 563 501 136 189 7 353
? 8 466 5 437 715 641 102 551 253
? 8 472 529 337 368 350 671 669 709
? 8 486 494 237 591 130 377 215 315
? 8 489 577 217 85 11 653 750 150
? 8 499 92 13 544 175 551 653 102
? 8 509 766 477 339 233 637 309 147
? 8 515 310 677 275 165 196 0 159
? 8 531 143 687 182 691 696 701 27
? 8 533 68 122 592 238 273 488 180
? 8 537 267 729 714 356 38 503 406
? 8 549 413 131 471 792 204 15 636
? 8 550 308 140 620 616 798 366 57
? 8 555 271 629 784 369 58 105 107
? 8 565 103 663 426 156 319 679 737
? 8 568 476 18 366 635 717 679 140
? 8 571 206 586 216 753 144 723 667
? 8 585 273 714 381 164 456 643 356
? 8 605 796 574 1 789 19 50 656
? 8 607 705 446 541 594 769 510 566
? 8 609 122 150 85 11 592 404 277
? 8 614 532 590 520 355 670 45 83
? 8 617 467 120 90 727 761 387 553
? 8 639 626 631 662 763 576 467 202
? 8 648 368 337 774 142 529 28 198
? 8 652 132 786 323 65 442 755 184
? 8 654 628 278 64 675 412 48 291
? 8 683 760 197 728 278 654 412 86
? 8 704 655 147 309 637 739 436 360
? 8 707 343 417 274 613 612 623 556
? 8 712 744 142 761 198 120 90 33
? 8 716 114 219 358 747 631 662 179
? 8 730 305 425 690 624 511 518 47
? 8 752 274 613 612 417 343 707 457
? 8 757 638 49 746 695 439 432 340
? 8 762 718 479 354 402 156 380 57
? 8 764 96 608 67 512 108 282 434
? 8 775 352 202 748 763 680 576 738
? 8 791 770 100 709 170 777 669 412
? 8 799 235 256 71 673 341 580 35
? 8 3 89 649 668 756 104 263 767
? 8 16 239 161 589 183 449 741 673
? 8 23 420 465 487 505 758 403 480
? 8 24 42 81 535 484 697 31 171
? 8 32 280 255 658 483 542 342 65
? 8 39 582 643 164 344 456 243 447
? 8 40 250 52 378 492 375 552 245
? 8 43 149 534 731 95 26 225 364
? 8 51 362 642 416 570 303 713 430
? 8 61 146 772 751 167 691 128 143
? 8 66 345 685 302 285 259 548 702
? 8 69 733 745 438 331 395 184 651
? 8 73 50 19 740 728 496 796 789
? 8 88 296 780 615 287 514 782 77
? 8 93 20 205 678 454 625 350 179
? 8 94 694 331 395 733 745 25 4
? 8 99 424 383 474 403 505 783 575
? 8 101 113 121 624 736 131 272 15
? 8 111 460 133 599 155 783 444 125
!
212 256 341 562 650 
650 256
341 212
650 341
562 650
260 334 
260 334
778 
558 621 741 754 793 
621 741
754 621
793 754
558 793
762 
91 117 211 523 538 
523 117
91 211
523 91
538 523
753 
28 648 774 
28 774
648 28
655 
533 
251 453 
251 453
464 
449 
474 575 618 
474 575
618 474
36 461 465 480 487 
465 480
487 465
36 487
461 36
410 
14 222 
222 14
218 721 
218 721
172 374 
172 374
100 170 
170 100
330 557 797 
557 797
557 330
400 
237 315 547 
315 237
547 315
163 191 
163 191
266 508 588 
266 588
508 266
363 
348 
336 
144 216 
144 216
60 498 664 
60 664
498 60
298 
292 
116 371 
116 371
94 733 
94 733
95 173 225 448 534 
534 225
534 95
448 534
448 173
231 396 473 688 
396 231
473 396
688 473
76 294 
76 294
200 
139 185 436 
436 139
436 185
199 
160 
192 431 573 
573 192
431 573
118 
392 581 698 
581 698
392 581
271 369 784 
784 271
369 784
66 
1 
787 
691 
67 246 249 269 528 720 
246 67
528 246
249 528
720 249
269 720
605 
75 224 
75 224
571 
556 
102 346 604 
604 102
346 604
546 
485 
61 128 
61 128
41 388 
41 388
15 131 204 413 470 471 792 
792 131
413 792
413 15
471 413
471 204
470 471
11 295 554 
295 11
295 554
434 
420 
359 
349 
8 535 
8 535
332 
666 795 
795 666
300 
3 263 522 767 
263 767
263 3
522 263
50 789 
789 50
37 765 
765 37
83 151 355 502 587 670 672 
502 587
151 502
670 151
355 670
83 355
672 83
276 
286 288 391 
391 288
286 391
716 747 
747 716
88 287 780 
780 287
88 780
252 
242 
239 
110 743 
743 110
54 530 693 
54 693
54 530
433 451 510 566 594 
510 566
594 510
433 594
433 451
175 
171 
136 
307 311 788 
307 311
788 307
119 
305 730 
730 305
99 
127 725 
725 127
93 
626 662 763 
626 662
763 626
62 
33 90 744 
90 33
744 90
309 704 
704 309
52 245 478 492 
52 492
245 52
478 245
64 654 
654 64
426 450 737 
426 450
737 426
74 247 281 351 703 
247 703
247 74
351 247
351 281
297 335 372 397 469 
397 372
397 297
335 397
335 469
32 
31 
442 652 
652 442
308 620 
620 308
0 283 314 415 
283 0
283 314
415 283
590 614 
614 590
9 
7 
799 
108 608 
608 108
783 
82 316 386 567 
567 82
316 567
386 316
777 
617 
609 
602 
541 607 
607 541
79 598 
598 79
206 586 
586 206
408 
358 
282 365 382 512 
512 282
365 512
365 382
106 360 600 790 
600 106
790 600
360 790
319 568 
568 319
58 555 
555 58
354 
47 425 511 518 536 624 636 
511 518
511 425
624 511
47 624
536 47
536 636
515 677 
515 677
322 
238 273 714 
273 238
714 273
320 
278 675 683 
278 675
683 278
368 472 671 
472 368
671 472
506 771 
506 771
501 517 
501 517
92 499 
499 92
285 
130 148 221 262 377 524 
377 130
524 377
262 524
221 262
148 221
257 
227 
77 
318 329 338 597 742 
742 597
742 318
742 338
329 742
708 
280 483 
483 280
5 466 
466 5
145 274 457 612 623 752 
612 623
274 612
752 274
457 752
145 457
462 563 
462 563
707 
684 
559 
552 
549 
455 676 
455 676
138 443 
443 138
544 
105 629 665 
629 105
665 629
493 
380 
435 682 
435 682
398 702 
398 702
167 324 441 751 772 
167 441
772 751
772 167
324 772
291 
345 685 
345 685
293 321 
321 293
284 
289 504 
289 504
35 71 235 580 673 794 
235 71
673 235
580 673
35 580
794 35
233 339 477 509 739 766 
339 766
509 339
477 509
233 477
739 233
220 
219 
254 404 
254 404
248 495 
248 495
214 259 
214 259
230 513 561 601 768 
561 601
768 561
230 768
230 513
189 
89 162 490 543 719 756 
756 89
543 756
490 543
162 490
719 162
150 277 405 750 
277 150
750 405
277 750
202 467 553 727 
727 467
727 553
202 727
87 123 134 423 564 
564 87
123 564
423 123
134 423
40 180 250 375 
250 40
250 375
180 250
120 
143 182 
182 143
26 97 364 731 
26 731
364 26
97 364
107 
101 
69 
181 229 
181 229
103 565 663 
565 103
663 565
27 
178 603 
178 603
13 
646 
628 
177 500 
177 500
168 226 
168 226
463 
440 
86 574 728 796 
796 574
86 796
86 728
255 342 658 
255 342
658 255
241 526 645 
645 526
645 241
422 
56 195 634 
56 195
634 56
409 
179 205 350 454 625 689 
625 350
205 179
454 625
205 454
689 205
373 
310 
234 
210 
149 
29 197 393 412 459 496 521 545 560 740 760 
412 760
197 412
740 197
496 560
459 496
459 545
29 459
29 393
521 29
740 521
125 
124 157 475 692 785 
475 157
475 124
692 475
785 692
114 
104 
68 122 488 592 
592 122
68 592
68 488
53 244 678 709 770 
53 244
770 53
770 678
770 709
186 317 516 606 681 779 
606 186
779 606
516 779
516 317
681 516
141 270 
141 270
20 
427 611 776 
427 776
611 427
649 
85 129 
129 85
126 312 
126 312
253 486 591 
591 253
591 486
381 456 585 
585 456
585 381
137 507 569 
507 137
569 507
84 347 
84 347
640 
343 
19 73 
73 19
302 
152 
411 482 711 732 
482 411
711 482
732 711
208 327 723 726 
726 208
723 726
723 327
65 755 
65 755
132 
55 
514 615 782 
615 782
514 615
10 44 746 757 759 
44 10
759 44
746 759
757 746
194 217 394 519 734 
194 394
519 194
734 519
734 217
656 
30 223 
30 223
142 198 712 761 
142 761
198 142
712 198
570 
46 290 491 
46 290
491 46
243 402 447 479 679 718 
479 402
243 447
479 243
718 479
679 718
525 
669 791 
791 669
446 
593 781 
781 593
403 
378 
353 
489 577 653 
577 653
489 577
331 
187 268 301 428 468 579 700 
468 700
187 268
428 579
187 428
301 187
468 301
296 
299 390 418 
299 390
418 299
115 389 407 
407 115
407 389
265 
639 775 
775 639
532 773 
773 532
96 764 
764 96
57 140 366 384 401 476 798 
140 57
366 140
476 366
798 476
401 798
401 384
155 
147 
48 
2 399 627 
2 627
399 2
39 
641 715 
715 641
690 
661 
551 
497 
619 710 
710 619
209 686 
686 209
213 
207 
18 109 632 635 660 717 
660 717
109 660
632 18
109 632
635 109
261 647 
647 261
43 644 
644 43
135 352 357 
357 135
357 352
161 
21 166 193 236 240 333 385 
21 240
236 21
236 166
333 193
333 236
385 333
452 
383 
42 
340 630 695 
340 695
340 630
17 
548 
325 438 481 
438 481
325 438
550 616 
616 550
159 165 188 196 232 264 275 527 572 724 
275 165
196 275
159 196
527 159
264 527
232 264
572 232
724 572
188 724
6 680 722 738 748 
748 6
738 748
738 680
722 738
542 
417 613 
613 417
45 520 705 769 
45 520
705 45
705 769
176 539 
539 176
215 494 
494 215
429 445 
429 445
444 
439 
424 505 
424 505
637 
387 
174 421 
421 174
379 596 
379 596
376 460 
376 460
304 306 584 
584 304
306 584
313 361 
361 313
667 
303 362 367 416 430 540 642 
303 416
642 303
430 642
430 362
540 430
367 540
437 
146 153 279 
153 146
279 153
183 
337 529 
337 529
63 72 78 699 
63 78
699 63
699 72
203 735 
203 735
158 
169 201 
169 201
156 
133 
111 599 
111 599
484 
80 154 
80 154
531 687 696 701 
696 531
701 696
687 701
668 
70 659 
70 659
98 
633 
419 576 631 674 
576 631
674 576
674 419
258 595 651 697 
595 697
258 595
651 258
59 184 323 610 657 786 
786 59
786 323
657 786
657 184
610 657
38 164 267 344 356 406 458 537 582 643 729 
643 344
582 643
164 582
356 164
406 356
38 406
267 38
729 537
267 729
458 267
112 190 326 328 370 578 706 
370 706
326 370
112 326
578 112
578 190
328 578
51 713 
51 713
34 749 
34 749
24 81 
24 81
736 
23 758 
23 758
4 25 395 694 745 
395 4
395 25
745 395
694 745
16 589 
16 589
113 121 272 
121 113
272 121
12 22 
12 22
503 
49 228 414 432 583 638 
432 414
432 228
638 432
49 638
583 49
622 
