? 15 0 595 654 16 274 677 134 748 687 465 530 76 343 681 774
? 15 1 95 243 296 592 462 127 798 554 756 553 100 458 268 675
? 15 2 672 253 148 163 215 172 447 390 294 494 551 615 725 287
? 15 3 733 404 666 721 569 421 372 109 87 77 389 102 704 680
? 15 4 688 730 266 335 380 27 575 799 587 747 642 242 622 346
? 15 5 758 48 665 64 534 55 222 11 292 745 376 395 25 393
? 15 6 713 629 780 32 13 500 415 525 378 523 123 122 541 118
? 15 7 353 377 551 294 339 494 163 401 169 797 287 177 597 447
? 15 8 607 482 749 385 784 266 46 226 335 688 155 39 538 199
? 15 9 442 676 91 295 391 400 513 753 561 322 670 44 703 452
? 15 10 556 529 364 744 524 723 381 603 467 392 159 43 568 89
? 15 12 750 521 490 557 716 565 657 121 453 423 277 370 347 74
? 15 14 664 489 540 487 743 257 499 365 128 444 783 383 563 518
? 15 15 234 105 106 119 795 371 424 706 19 602 328 366 112 96
? 15 17 262 766 432 155 346 308 622 226 614 749 784 160 543 276
? 15 18 237 399 83 343 711 474 427 76 240 359 717 765 681 229
? 15 20 497 582 652 422 227 708 29 539 329 675 472 548 150 312
? 15 21 199 230 567 39 607 501 31 552 483 385 747 340 799 283
? 15 22 434 523 715 525 32 149 776 611 306 324 99 6 780 132
? 15 23 206 54 317 498 695 478 491 197 620 612 348 790 85 755
? 15 24 78 249 164 367 174 72 403 122 123 338 572 288 378 564
? 15 26 722 56 142 644 674 135 327 414 186 204 647 429 137 94
? 15 28 107 684 320 322 452 405 410 302 33 528 391 720 437 333
? 15 30 576 641 114 360 459 737 476 598 493 519 170 316 195 520
? 15 34 303 158 425 446 281 265 244 258 685 113 692 650 173 40
? 15 35 636 631 71 165 718 175 218 772 457 600 342 450 51 328
? 15 36 130 49 558 111 398 653 373 283 42 340 742 634 793 242
? 15 37 767 350 38 99 451 369 306 279 583 254 727 286 625 773
? 15 41 759 517 85 412 537 510 291 293 197 171 443 498 103 245
? 15 45 485 448 290 420 375 259 264 768 223 251 509 573 261 147
? 15 47 305 96 532 506 124 624 662 371 112 332 661 409 515 496
? 15 50 337 617 782 116 358 152 194 191 649 273 536 527 90 436
? 15 52 196 731 764 177 59 585 64 207 88 797 376 169 69 287
? 15 53 700 247 388 198 375 326 251 147 358 448 290 194 638 752
? 15 57 658 190 80 621 630 496 219 332 710 645 634 602 119 506
? 15 58 610 463 568 315 138 781 460 709 469 467 524 723 744 507
? 15 60 277 601 89 121 549 252 43 168 565 729 336 210 347 486
? 15 61 344 609 674 570 94 647 126 135 56 608 233 186 137 166
? 15 62 354 430 545 108 604 93 656 651 627 183 740 218 772 175
? 15 63 686 246 535 516 468 213 102 184 383 389 271 441 599 503
? 15 65 505 694 756 584 180 678 704 228 77 668 577 243 511 462
? 15 66 726 341 239 770 396 631 788 299 255 394 419 289 671 473
? 15 67 786 120 370 74 235 423 282 599 743 557 257 383 750 441
? 15 68 696 203 541 753 455 241 526 475 699 318 683 623 132 780
? 15 70 511 588 228 97 411 220 694 495 577 77 224 136 643 454
? 15 73 352 552 225 586 219 209 501 39 21 428 483 567 645 113
? 15 75 507 779 330 709 460 484 138 689 416 469 701 463 58 467
? 15 79 705 141 633 101 763 712 217 104 533 559 546 181 361 660
? 15 81 685 244 40 323 183 406 446 265 173 319 740 544 258 34
? 15 82 176 504 632 594 466 321 796 735 216 613 646 698 531 280
? 15 84 794 386 456 649 160 543 146 308 619 116 90 617 782 273
? 15 86 736 397 205 300 697 682 231 445 221 698 280 250 151 796
? 15 92 719 157 178 134 351 274 774 761 240 162 179 76 546 359
? 15 98 349 382 693 314 789 25 440 608 233 665 393 166 570 48
? 15 110 170 154 408 459 724 316 431 520 493 519 641 576 30 732
? 15 115 606 581 492 182 566 436 363 46 538 439 385 482 481 191
? 15 117 596 618 374 734 477 457 544 301 342 651 718 140 623 156
? 15 125 661 646 216 124 624 735 741 662 321 466 532 221 594 698
? 15 129 188 387 272 667 193 785 214 304 402 414 508 768 379 647
? 15 131 728 256 232 691 739 238 410 44 413 438 561 302 297 295
? 15 133 755 348 317 417 612 775 185 620 435 615 206 212 103 23
? 15 139 550 542 626 512 278 236 677 151 757 654 655 426 255 445
? 15 143 418 192 284 760 480 357 101 560 104 248 547 633 533 679
? 15 144 167 431 732 201 356 368 717 681 384 520 465 154 427 530
? 15 145 777 211 412 267 443 245 41 171 510 590 759 517 285 88
? 15 153 589 593 648 598 161 702 263 754 356 502 519 426 195 493
? 15 187 179 162 275 361 719 181 714 707 141 574 559 178 217 229
? 15 189 553 675 29 462 313 637 704 311 497 584 756 721 95 77
? 15 200 136 334 668 577 571 220 180 639 224 678 118 228 703 505
? 15 202 310 297 260 669 762 734 413 477 580 307 238 156 544 319
? 15 208 248 357 562 560 547 72 480 284 418 760 572 249 78 174
? 15 269 522 793 532 662 398 742 741 305 47 634 124 125 661 506
? 15 270 546 625 325 712 761 778 787 351 763 673 579 769 533 583
? 15 298 90 638 536 273 782 456 358 617 700 50 53 247 649 337
? 15 309 449 424 19 602 366 328 627 165 175 772 621 218 604 93
? 15 331 663 204 142 307 722 438 379 238 659 402 691 508 26 580
? 15 345 429 640 644 327 479 791 186 628 137 26 438 142 471 722
? 15 355 437 390 725 33 720 333 447 405 514 148 407 775 458 494
? 15 362 264 223 573 509 485 259 233 420 768 45 440 570 785 448
? 15 433 619 614 543 386 160 794 308 262 17 84 432 766 146 346
? 15 461 773 464 286 727 671 394 792 279 289 583 788 419 769 473
? 15 470 574 701 660 707 714 416 559 484 361 181 217 330 779 507
? 15 488 655 697 231 151 409 682 736 397 515 706 112 300 86 221
? 15 555 161 702 250 236 205 445 512 280 613 502 682 86 736 593
? 15 578 51 450 473 419 149 464 289 286 671 71 715 451 461 600
? 15 591 281 738 752 147 261 692 388 251 198 290 425 304 34 303
? 15 605 579 687 769 778 677 325 792 774 239 341 727 394 761 351
? 15 616 268 798 458 400 452 127 391 514 333 296 720 405 322 592
? 15 635 670 513 678 334 668 180 91 703 400 243 676 200 571 127
? 15 690 751 159 453 347 657 282 603 381 716 43 521 74 121 557
? 15 746 659 580 319 508 406 307 323 379 40 331 402 204 669 193
? 15 771 650 428 363 113 483 258 158 303 606 115 581 173 39 385
? 15 5 758 48 665 64 534 55 222 11 292 745 376 395 25 393
? 15 66 726 341 239 770 396 631 788 299 255 394 419 289 671 473
? 15 79 705 141 633 101 763 712 217 104 533 559 546 181 361 660
? 15 81 685 244 40 323 183 406 446 265 173 319 740 544 258 34
? 15 83 18 167 732 237 474 717 427 399 343 681 144 530 431 368
? 15 87 271 421 109 102 569 468 516 666 733 3 389 63 686 372
? 15 100 554 312 435 417 212 592 95 539 775 1 582 296 472 675
? 15 120 74 67 370 786 282 423 557 235 750 521 599 743 657 257
? 15 140 132 699 318 455 203 611 683 623 324 156 374 696 301 434
? 15 164 367 122 24 78 123 174 403 249 500 288 378 72 629 713
? 15 184 213 535 503 441 246 686 599 63 235 516 468 423 102 786
? 15 192 143 760 418 284 480 101 633 660 547 357 104 560 248 469
? 15 210 252 549 168 336 729 486 601 60 89 277 121 392 565 43
? 15 211 777 145 267 412 443 245 41 510 171 590 517 759 285 88
? 15 241 561 696 68 44 295 232 753 455 683 156 203 318 623 256
? 15 275 187 361 714 574 707 179 181 162 559 470 217 141 719 705
? 15 276 481 439 146 538 182 308 566 226 46 784 432 155 749 492
? 15 291 537 293 103 172 615 759 185 215 197 612 510 85 253 171
? 15 311 313 637 29 708 497 189 675 20 372 553 227 721 462 422
? 15 314 693 98 382 349 789 25 440 665 608 48 233 393 745 166
? 15 315 781 610 58 547 760 568 463 480 469 138 563 357 709 460
? 15 326 247 375 448 53 700 420 259 45 485 251 638 290 509 147
? 15 338 495 224 643 97 454 564 518 249 572 220 367 136 24 288
? 15 339 353 7 377 551 597 294 401 534 494 169 163 177 797 471
? 15 344 609 61 674 126 570 186 137 608 395 166 94 393 647 292
? 15 360 476 114 195 531 737 754 598 30 576 641 589 493 519 502
? 15 365 444 411 454 489 518 14 680 643 564 97 540 664 389 257
? 15 369 254 767 38 37 350 673 787 99 625 306 679 403 451 174
? 15 380 575 27 730 799 335 747 642 587 242 688 4 31 42 266
? 15 407 401 725 437 447 494 33 377 294 528 353 355 7 551 320
? 15 490 565 12 729 121 716 601 277 521 336 750 557 657 60 347
? 15 526 475 753 541 415 13 780 68 118 703 676 696 571 639 32
? 15 548 329 422 227 652 790 150 582 491 472 478 539 20 620 54
? 15 556 10 723 744 524 467 529 364 381 603 689 392 568 159 463
? 15 578 51 450 473 419 149 464 289 286 671 71 715 451 461 600
? 15 586 225 209 73 352 113 173 740 552 428 645 258 219 656 771
? 15 628 597 471 401 791 479 345 528 11 429 534 339 377 353 407
? 15 658 57 630 710 634 496 80 190 332 219 506 621 742 119 501
? 15 695 54 478 491 23 206 790 317 150 620 498 329 548 472 422
? 15 724 408 459 170 110 641 576 154 30 316 493 520 519 114 737
? 15 751 690 159 282 453 381 603 783 568 657 74 563 347 610 524
? 15 764 585 88 590 285 52 196 69 731 207 59 171 245 177 797
? 15 765 359 229 711 178 240 157 399 76 237 162 18 719 92 134
? 15 2 672 253 148 163 215 172 447 390 294 494 551 615 725 287
? 15 5 758 48 665 64 534 55 222 11 292 745 376 395 25 393
? 15 6 713 629 780 32 13 500 415 525 378 523 123 122 541 118
? 15 8 607 482 749 385 784 266 46 226 335 688 155 39 538 199
? 15 9 442 676 91 295 391 400 513 753 561 322 670 44 703 452
? 15 16 76 134 0 274 595 343 748 240 474 530 427 681 157 654
? 15 28 107 684 320 322 452 405 410 302 33 528 391 720 437 333
? 15 49 36 558 111 130 373 653 283 42 340 242 31 642 398 567
? 15 66 726 341 239 770 396 631 788 299 255 394 419 289 671 473
? 15 70 511 588 228 97 411 220 694 495 577 77 224 136 643 454
? 15 79 705 141 633 101 763 712 217 104 533 559 546 181 361 660
? 15 81 685 244 40 323 183 406 446 265 173 319 740 544 258 34
? 15 82 176 504 632 594 466 321 796 735 216 613 646 698 531 280
? 15 84 794 386 456 649 160 543 146 308 619 116 90 617 782 273
? 15 105 795 15 371 106 706 112 234 515 119 96 409 424 328 299
? 15 108 354 93 430 604 62 651 545 627 218 772 656 457 175 183
? 15 128 499 783 563 487 664 743 540 14 489 257 562 751 67 383
? 15 139 550 542 626 512 278 236 677 151 757 654 655 426 255 445
? 15 152 191 527 194 337 50 436 116 358 617 566 198 752 782 492
? 15 153 589 593 648 598 161 702 263 754 356 502 519 426 195 493
? 15 158 303 34 425 258 446 281 650 771 244 113 265 685 428 363
? 15 164 367 122 24 78 123 174 403 249 500 288 378 72 629 713
? 15 184 213 535 503 441 246 686 599 63 235 516 468 423 102 786
? 15 188 387 129 272 785 214 414 647 193 667 94 135 402 304 768
? 15 208 248 357 562 560 547 72 480 284 418 760 572 249 78 174
? 15 210 252 549 168 336 729 486 601 60 89 277 121 392 565 43
? 15 211 777 145 267 412 443 245 41 510 171 590 517 759 285 88
? 15 230 567 199 21 31 340 501 283 373 747 799 552 607 39 111
? 15 260 310 762 202 297 477 669 413 734 156 238 623 683 580 307
? 15 269 522 793 532 662 398 742 741 305 47 634 124 125 661 506
? 15 275 187 361 714 574 707 179 181 162 559 470 217 141 719 705
? 15 276 481 439 146 538 182 308 566 226 46 784 432 155 749 492
? 15 298 90 638 536 273 782 456 358 617 700 50 53 247 649 337
? 15 301 342 600 324 718 374 776 457 71 140 611 117 596 132 715
? 15 309 449 424 19 602 366 328 627 165 175 772 621 218 604 93
? 15 314 693 98 382 349 789 25 440 665 608 48 233 393 745 166
? 15 360 476 114 195 531 737 754 598 30 576 641 589 493 519 502
? 15 380 575 27 730 799 335 747 642 587 242 688 4 31 42 266
? 15 384 465 368 201 748 530 263 681 717 595 426 278 757 356 427
? 15 421 569 109 87 271 666 3 372 733 102 721 404 468 516 389
? 15 433 619 614 543 386 160 794 308 262 17 84 432 766 146 346
? 15 434 523 22 32 611 525 715 699 132 541 776 780 324 149 6
? 15 488 655 697 231 151 409 682 736 397 515 706 112 300 86 221
? 15 490 565 12 729 121 716 601 277 521 336 750 557 657 60 347
? 15 555 161 702 250 236 205 445 512 280 613 502 682 86 736 593
? 15 556 10 723 744 524 467 529 364 381 603 689 392 568 159 463
? 15 573 223 509 264 259 485 362 420 45 448 768 375 233 326 440
? 15 578 51 450 473 419 149 464 289 286 671 71 715 451 461 600
? 15 591 281 738 752 147 261 692 388 251 198 290 425 304 34 303
? 15 605 579 687 769 778 677 325 792 774 239 341 727 394 761 351
? 15 616 268 798 458 400 452 127 391 514 333 296 720 405 322 592
? 15 618 117 596 374 734 477 544 623 156 762 140 310 202 683 260
? 15 636 35 71 631 718 165 175 218 600 772 450 457 51 342 473
? 15 658 57 630 710 634 496 80 190 332 219 506 621 742 119 501
? 15 659 508 746 379 402 204 331 193 214 580 307 663 667 129 414
? 15 679 254 673 104 533 560 284 418 248 787 403 369 357 174 143
? 15 724 408 459 170 110 641 576 154 30 316 493 520 519 114 737
? 15 728 131 256 691 739 232 410 238 44 302 438 413 561 295 640
? 15 764 585 88 590 285 52 196 69 731 207 59 171 245 177 797
? 15 779 330 507 75 484 416 701 709 460 469 138 689 463 470 660
? 15 791 479 11 471 327 137 186 395 292 644 429 345 597 628 222
? 15 5 758 48 665 64 534 55 222 11 292 745 376 395 25 393
? 15 65 505 694 756 584 180 678 704 228 77 668 577 243 511 462
? 15 66 726 341 239 770 396 631 788 299 255 394 419 289 671 473
? 15 79 705 141 633 101 763 712 217 104 533 559 546 181 361 660
? 15 81 685 244 40 323 183 406 446 265 173 319 740 544 258 34
? 15 83 18 167 732 237 474 717 427 399 343 681 144 530 431 368
? 15 100 554 312 435 417 212 592 95 539 775 1 582 296 472 675
? 15 105 795 15 371 106 706 112 234 515 119 96 409 424 328 299
? 15 120 74 67 370 786 282 423 557 235 750 521 599 743 657 257
? 15 133 755 348 317 417 612 775 185 620 435 615 206 212 103 23
? 15 158 303 34 425 258 446 281 650 771 244 113 265 685 428 363
? 15 164 367 122 24 78 123 174 403 249 500 288 378 72 629 713
? 15 184 213 535 503 441 246 686 599 63 235 516 468 423 102 786
? 15 192 143 760 418 284 480 101 633 660 547 357 104 560 248 469
? 15 210 252 549 168 336 729 486 601 60 89 277 121 392 565 43
? 15 211 777 145 267 412 443 245 41 510 171 590 517 759 285 88
? 15 241 561 696 68 44 295 232 753 455 683 156 203 318 623 256
? 15 270 546 625 325 712 761 778 787 351 763 673 579 769 533 583
? 15 275 187 361 714 574 707 179 181 162 559 470 217 141 719 705
? 15 276 481 439 146 538 182 308 566 226 46 784 432 155 749 492
? 15 291 537 293 103 172 615 759 185 215 197 612 510 85 253 171
? 15 306 525 99 37 767 22 350 713 149 523 369 451 32 715 6
? 15 311 313 637 29 708 497 189 675 20 372 553 227 721 462 422
? 15 314 693 98 382 349 789 25 440 665 608 48 233 393 745 166
? 15 315 781 610 58 547 760 568 463 480 469 138 563 357 709 460
? 15 334 668 200 571 703 180 635 678 513 136 577 639 670 118 91
? 15 338 495 224 643 97 454 564 518 249 572 220 367 136 24 288
? 15 339 353 7 377 551 597 294 401 534 494 169 163 177 797 471
? 15 344 609 61 674 126 570 186 137 608 395 166 94 393 647 292
? 15 355 437 390 725 33 720 333 447 405 514 148 407 775 458 494
? 15 360 476 114 195 531 737 754 598 30 576 641 589 493 519 502
? 15 365 444 411 454 489 518 14 680 643 564 97 540 664 389 257
? 15 380 575 27 730 799 335 747 642 587 242 688 4 31 42 266
? 15 421 569 109 87 271 666 3 372 733 102 721 404 468 516 389
? 15 434 523 22 32 611 525 715 699 132 541 776 780 324 149 6
? 15 490 565 12 729 121 716 601 277 521 336 750 557 657 60 347
? 15 545 656 62 430 604 354 740 108 183 93 627 651 209 645 772
? 15 548 329 422 227 652 790 150 582 491 472 478 539 20 620 54
? 15 556 10 723 744 524 467 529 364 381 603 689 392 568 159 463
? 15 578 51 450 473 419 149 464 289 286 671 71 715 451 461 600
? 15 581 606 115 492 436 566 182 363 538 191 46 527 439 650 481
? 15 586 225 209 73 352 113 173 740 552 428 645 258 219 656 771
? 15 594 466 632 504 321 216 82 735 646 176 796 125 741 698 280
? 15 614 262 433 17 543 160 308 432 766 619 386 794 346 622 155
? 15 624 124 661 125 221 662 532 47 409 646 300 735 231 216 397
? 15 658 57 630 710 634 496 80 190 332 219 506 621 742 119 501
? 15 659 508 746 379 402 204 331 193 214 580 307 663 667 129 414
? 15 692 738 281 265 667 591 193 261 304 446 425 34 406 323 303
? 15 695 54 478 491 23 206 790 317 150 620 498 329 548 472 422
? 15 724 408 459 170 110 641 576 154 30 316 493 520 519 114 737
? 15 764 585 88 590 285 52 196 69 731 207 59 171 245 177 797
? 15 765 359 229 711 178 240 157 399 76 237 162 18 719 92 134
? 15 779 330 507 75 484 416 701 709 460 469 138 689 463 470 660
? 15 785 272 387 188 129 768 94 647 414 135 214 304 674 61 667
? 15 2 672 253 148 163 215 172 447 390 294 494 551 615 725 287
? 15 5 758 48 665 64 534 55 222 11 292 745 376 395 25 393
? 15 8 607 482 749 385 784 266 46 226 335 688 155 39 538 199
? 15 9 442 676 91 295 391 400 513 753 561 322 670 44 703 452
? 15 16 76 134 0 274 595 343 748 240 474 530 427 681 157 654
? 15 28 107 684 320 322 452 405 410 302 33 528 391 720 437 333
? 15 49 36 558 111 130 373 653 283 42 340 242 31 642 398 567
? 15 56 135 26 674 647 414 94 722 142 214 609 204 186 327 644
? 15 66 726 341 239 770 396 631 788 299 255 394 419 289 671 473
? 15 70 511 588 228 97 411 220 694 495 577 77 224 136 643 454
? 15 79 705 141 633 101 763 712 217 104 533 559 546 181 361 660
? 15 81 685 244 40 323 183 406 446 265 173 319 740 544 258 34
? 15 84 794 386 456 649 160 543 146 308 619 116 90 617 782 273
? 15 105 795 15 371 106 706 112 234 515 119 96 409 424 328 299
? 15 128 499 783 563 487 664 743 540 14 489 257 562 751 67 383
? 15 139 550 542 626 512 278 236 677 151 757 654 655 426 255 445
? 15 152 191 527 194 337 50 436 116 358 617 566 198 752 782 492
? 15 153 589 593 648 598 161 702 263 754 356 502 519 426 195 493
? 15 158 303 34 425 258 446 281 650 771 244 113 265 685 428 363
? 15 164 367 122 24 78 123 174 403 249 500 288 378 72 629 713
? 15 184 213 535 503 441 246 686 599 63 235 516 468 423 102 786
? 15 201 356 384 263 144 648 368 465 593 426 757 520 530 717 681
? 15 208 248 357 562 560 547 72 480 284 418 760 572 249 78 174
? 15 210 252 549 168 336 729 486 601 60 89 277 121 392 565 43
? 15 211 777 145 267 412 443 245 41 510 171 590 517 759 285 88
? 15 230 567 199 21 31 340 501 283 373 747 799 552 607 39 111
? 15 243 1 127 296 95 798 756 592 678 462 670 635 180 65 505
? 15 247 326 375 700 53 448 638 420 251 45 388 259 290 485 147
? 15 269 522 793 532 662 398 742 741 305 47 634 124 125 661 506
? 15 275 187 361 714 574 707 179 181 162 559 470 217 141 719 705
? 15 276 481 439 146 538 182 308 566 226 46 784 432 155 749 492
? 15 279 583 727 773 792 451 461 286 769 464 350 38 37 394 767
? 15 298 90 638 536 273 782 456 358 617 700 50 53 247 649 337
? 15 306 525 99 37 767 22 350 713 149 523 369 451 32 715 6
? 15 309 449 424 19 602 366 328 627 165 175 772 621 218 604 93
? 15 314 693 98 382 349 789 25 440 665 608 48 233 393 745 166
? 15 334 668 200 571 703 180 635 678 513 136 577 639 670 118 91
? 15 339 353 7 377 551 597 294 401 534 494 169 163 177 797 471
? 15 360 476 114 195 531 737 754 598 30 576 641 589 493 519 502
? 15 380 575 27 730 799 335 747 642 587 242 688 4 31 42 266
? 15 421 569 109 87 271 666 3 372 733 102 721 404 468 516 389
? 15 434 523 22 32 611 525 715 699 132 541 776 780 324 149 6
? 15 475 526 541 415 780 13 753 68 118 32 703 696 6 639 571
? 15 483 39 385 482 428 363 771 21 607 650 115 46 606 8 199
? 15 488 655 697 231 151 409 682 736 397 515 706 112 300 86 221
? 15 490 565 12 729 121 716 601 277 521 336 750 557 657 60 347
? 15 555 161 702 250 236 205 445 512 280 613 502 682 86 736 593
? 15 556 10 723 744 524 467 529 364 381 603 689 392 568 159 463
? 15 573 223 509 264 259 485 362 420 45 448 768 375 233 326 440
? 15 578 51 450 473 419 149 464 289 286 671 71 715 451 461 600
? 15 594 466 632 504 321 216 82 735 646 176 796 125 741 698 280
? 15 605 579 687 769 778 677 325 792 774 239 341 727 394 761 351
? 15 614 262 433 17 543 160 308 432 766 619 386 794 346 622 155
? 15 616 268 798 458 400 452 127 391 514 333 296 720 405 322 592
? 15 618 117 596 374 734 477 544 623 156 762 140 310 202 683 260
? 15 636 35 71 631 718 165 175 218 600 772 450 457 51 342 473
? 15 640 345 429 438 644 142 739 26 722 327 691 663 302 479 186
? 15 658 57 630 710 634 496 80 190 332 219 506 621 742 119 501
? 15 659 508 746 379 402 204 331 193 214 580 307 663 667 129 414
? 15 679 254 673 104 533 560 284 418 248 787 403 369 357 174 143
? 15 692 738 281 265 667 591 193 261 304 446 425 34 406 323 303
? 15 724 408 459 170 110 641 576 154 30 316 493 520 519 114 737
? 15 728 131 256 691 739 232 410 238 44 302 438 413 561 295 640
? 15 732 167 431 144 83 717 154 427 681 474 110 368 201 530 356
? 15 764 585 88 590 285 52 196 69 731 207 59 171 245 177 797
? 15 779 330 507 75 484 416 701 709 460 469 138 689 463 470 660
? 15 785 272 387 188 129 768 94 647 414 135 214 304 674 61 667
? 15 791 479 11 471 327 137 186 395 292 644 429 345 597 628 222
? 15 5 758 48 665 64 534 55 222 11 292 745 376 395 25 393
? 15 56 135 26 674 647 414 94 722 142 214 609 204 186 327 644
? 15 66 726 341 239 770 396 631 788 299 255 394 419 289 671 473
? 15 79 705 141 633 101 763 712 217 104 533 559 546 181 361 660
? 15 81 685 244 40 323 183 406 446 265 173 319 740 544 258 34
? 15 84 794 386 456 649 160 543 146 308 619 116 90 617 782 273
? 15 100 554 312 435 417 212 592 95 539 775 1 582 296 472 675
? 15 105 795 15 371 106 706 112 234 515 119 96 409 424 328 299
? 15 120 74 67 370 786 282 423 557 235 750 521 599 743 657 257
? 15 158 303 34 425 258 446 281 650 771 244 113 265 685 428 363
? 15 164 367 122 24 78 123 174 403 249 500 288 378 72 629 713
? 15 184 213 535 503 441 246 686 599 63 235 516 468 423 102 786
? 15 192 143 760 418 284 480 101 633 660 547 357 104 560 248 469
? 15 210 252 549 168 336 729 486 601 60 89 277 121 392 565 43
? 15 211 777 145 267 412 443 245 41 510 171 590 517 759 285 88
? 15 229 765 359 178 711 240 157 399 76 237 162 719 18 179 92
? 15 241 561 696 68 44 295 232 753 455 683 156 203 318 623 256
? 15 243 1 127 296 95 798 756 592 678 462 670 635 180 65 505
? 15 275 187 361 714 574 707 179 181 162 559 470 217 141 719 705
? 15 276 481 439 146 538 182 308 566 226 46 784 432 155 749 492
? 15 291 537 293 103 172 615 759 185 215 197 612 510 85 253 171
? 15 301 342 600 324 718 374 776 457 71 140 611 117 596 132 715
? 15 306 525 99 37 767 22 350 713 149 523 369 451 32 715 6
? 15 311 313 637 29 708 497 189 675 20 372 553 227 721 462 422
? 15 314 693 98 382 349 789 25 440 665 608 48 233 393 745 166
? 15 315 781 610 58 547 760 568 463 480 469 138 563 357 709 460
? 15 334 668 200 571 703 180 635 678 513 136 577 639 670 118 91
? 15 338 495 224 643 97 454 564 518 249 572 220 367 136 24 288
? 15 339 353 7 377 551 597 294 401 534 494 169 163 177 797 471
? 15 344 609 61 674 126 570 186 137 608 395 166 94 393 647 292
? 15 355 437 390 725 33 720 333 447 405 514 148 407 775 458 494
? 15 360 476 114 195 531 737 754 598 30 576 641 589 493 519 502
? 15 365 444 411 454 489 518 14 680 643 564 97 540 664 389 257
? 15 380 575 27 730 799 335 747 642 587 242 688 4 31 42 266
? 15 421 569 109 87 271 666 3 372 733 102 721 404 468 516 389
? 15 434 523 22 32 611 525 715 699 132 541 776 780 324 149 6
? 15 490 565 12 729 121 716 601 277 521 336 750 557 657 60 347
? 15 545 656 62 430 604 354 740 108 183 93 627 651 209 645 772
? 15 548 329 422 227 652 790 150 582 491 472 478 539 20 620 54
? 15 556 10 723 744 524 467 529 364 381 603 689 392 568 159 463
? 15 578 51 450 473 419 149 464 289 286 671 71 715 451 461 600
? 15 581 606 115 492 436 566 182 363 538 191 46 527 439 650 481
? 15 586 225 209 73 352 113 173 740 552 428 645 258 219 656 771
? 15 594 466 632 504 321 216 82 735 646 176 796 125 741 698 280
? 15 613 280 250 796 502 698 176 555 161 86 205 735 300 445 82
? 15 614 262 433 17 543 160 308 432 766 619 386 794 346 622 155
? 15 624 124 661 125 221 662 532 47 409 646 300 735 231 216 397
? 15 658 57 630 710 634 496 80 190 332 219 506 621 742 119 501
? 15 659 508 746 379 402 204 331 193 214 580 307 663 667 129 414
? 15 669 297 413 202 310 307 580 260 238 762 734 477 319 746 331
? 15 692 738 281 265 667 591 193 261 304 446 425 34 406 323 303
? 15 695 54 478 491 23 206 790 317 150 620 498 329 548 472 422
? 15 724 408 459 170 110 641 576 154 30 316 493 520 519 114 737
? 15 732 167 431 144 83 717 154 427 681 474 110 368 201 530 356
? 15 764 585 88 590 285 52 196 69 731 207 59 171 245 177 797
? 15 779 330 507 75 484 416 701 709 460 469 138 689 463 470 660
? 15 785 272 387 188 129 768 94 647 414 135 214 304 674 61 667
? 15 793 522 742 398 634 630 269 305 506 332 532 496 36 47 658
? 15 2 672 253 148 163 215 172 447 390 294 494 551 615 725 287
? 15 5 758 48 665 64 534 55 222 11 292 745 376 395 25 393
? 15 9 442 676 91 295 391 400 513 753 561 322 670 44 703 452
? 15 13 415 780 629 118 6 475 500 378 639 526 713 541 32 571
? 15 16 76 134 0 274 595 343 748 240 474 530 427 681 157 654
? 15 28 107 684 320 322 452 405 410 302 33 528 391 720 437 333
? 15 49 36 558 111 130 373 653 283 42 340 242 31 642 398 567
? 15 56 135 26 674 647 414 94 722 142 214 609 204 186 327 644
? 15 66 726 341 239 770 396 631 788 299 255 394 419 289 671 473
? 15 70 511 588 228 97 411 220 694 495 577 77 224 136 643 454
? 15 79 705 141 633 101 763 712 217 104 533 559 546 181 361 660
? 15 81 685 244 40 323 183 406 446 265 173 319 740 544 258 34
? 15 84 794 386 456 649 160 543 146 308 619 116 90 617 782 273
? 15 105 795 15 371 106 706 112 234 515 119 96 409 424 328 299
? 15 128 499 783 563 487 664 743 540 14 489 257 562 751 67 383
? 15 133 755 348 317 417 612 775 185 620 435 615 206 212 103 23
? 15 139 550 542 626 512 278 236 677 151 757 654 655 426 255 445
? 15 152 191 527 194 337 50 436 116 358 617 566 198 752 782 492
? 15 153 589 593 648 598 161 702 263 754 356 502 519 426 195 493
? 15 158 303 34 425 258 446 281 650 771 244 113 265 685 428 363
? 15 164 367 122 24 78 123 174 403 249 500 288 378 72 629 713
? 15 184 213 535 503 441 246 686 599 63 235 516 468 423 102 786
? 15 208 248 357 562 560 547 72 480 284 418 760 572 249 78 174
? 15 210 252 549 168 336 729 486 601 60 89 277 121 392 565 43
!
164 306 
164 306
162 275 416 484 714 
416 484
714 416
275 714
275 162
25 98 223 233 259 264 314 362 382 420 440 485 509 573 693 
693 25
693 314
98 693
382 98
440 382
233 440
362 233
264 362
420 264
485 420
259 485
223 259
509 223
573 509
195 464 
195 464
110 139 201 542 550 598 732 754 
598 754
110 598
732 110
201 732
542 201
139 550
139 542
5 11 48 61 135 137 186 188 272 292 327 345 387 429 479 534 609 628 647 665 674 758 785 791 
48 5
48 665
758 48
534 758
292 534
11 292
628 11
345 628
429 345
479 429
479 327
186 479
647 785
188 387
272 188
647 272
135 647
61 135
186 137
674 61
609 674
186 609
791 186
21 57 73 80 111 190 219 283 340 352 373 501 552 567 621 627 645 710 
80 190
373 501
567 21
283 567
373 283
373 111
340 373
710 340
621 627
73 552
352 73
219 352
219 710
621 219
80 57
621 80
645 621
18 83 144 167 178 229 237 343 359 368 399 427 431 465 474 530 595 681 711 717 748 765 
144 431
167 144
83 167
474 83
765 229
178 765
359 178
399 359
711 399
18 711
18 237
474 18
343 474
427 343
465 427
748 595
681 748
368 717
368 530
681 368
465 681
50 90 116 273 298 337 358 456 536 617 638 649 782 
90 638
649 116
617 649
50 782
337 50
617 337
536 617
90 536
90 358
90 273
456 90
298 456
154 161 205 250 280 316 493 502 519 520 555 589 613 
316 154
520 316
519 520
493 519
589 493
502 589
502 161
250 502
205 280
555 205
250 555
250 613
24 72 78 122 123 249 367 518 564 572 643 
123 122
367 123
78 72
24 78
24 367
249 24
572 249
518 572
643 518
564 643
9 28 44 68 203 232 256 295 318 391 400 410 455 561 670 676 753 
561 232
256 561
44 256
44 295
410 44
410 28
391 410
400 670
9 400
391 9
676 391
753 676
68 753
318 68
318 455
203 318
53 113 152 158 194 225 247 290 326 375 448 650 700 
113 225
650 113
158 650
194 158
152 194
700 152
375 700
247 326
290 448
375 290
247 375
247 53
65 70 77 97 136 180 220 224 228 288 365 411 454 495 505 511 577 584 588 668 678 694 704 
136 288
495 588
495 224
495 136
97 495
97 70
411 365
411 454
97 411
220 97
228 220
511 228
577 511
180 668
678 180
577 678
694 577
77 694
704 77
65 505
704 65
704 584
17 46 115 146 155 182 191 226 262 276 308 346 432 436 439 481 482 483 492 527 538 566 581 606 622 749 766 784 
191 527
581 191
115 606
581 115
492 581
346 17
262 346
622 262
155 622
749 155
146 276
432 766
749 784
226 749
432 226
308 432
146 308
481 146
566 436
182 481
439 182
439 566
492 439
46 492
46 538
482 46
483 482
105 397 515 795 
515 397
795 515
105 795
14 338 444 489 540 
444 14
444 338
540 444
489 540
1 127 243 268 296 322 333 405 452 458 514 554 592 616 720 798 
322 452
405 322
333 405
720 333
458 720
514 458
616 514
296 243
1 554
592 1
592 798
296 592
268 296
127 268
616 127
659 692 738 746 
659 746
692 659
692 738
160 386 433 543 619 794 
543 160
794 543
386 794
619 386
619 433
34 40 45 81 147 198 244 251 261 265 281 303 319 323 388 406 425 446 544 591 685 752 
319 544
323 319
406 244
685 406
685 81
323 685
40 323
446 40
265 446
303 265
34 303
425 34
281 425
147 281
251 45
147 251
591 147
591 261
752 591
388 198
388 752
10 12 43 58 60 75 89 121 159 168 210 252 277 330 336 347 381 392 453 467 486 490 507 524 529 549 556 565 568 601 603 610 657 689 690 723 729 744 779 
507 779
330 507
75 330
689 75
467 689
58 610
568 58
744 568
467 744
723 467
10 723
603 10
603 556
524 603
524 381
159 524
43 159
690 43
657 690
12 490
565 12
392 529
486 392
168 486
252 168
252 210
549 252
601 549
729 336
121 729
601 121
89 601
89 60
277 89
565 277
657 565
657 347
453 657
4 15 31 36 39 42 47 49 106 119 130 199 234 242 266 305 309 332 335 385 398 424 449 496 506 558 575 587 602 607 630 634 642 653 688 730 742 747 793 799 
607 39
607 385
199 607
799 199
4 266
730 4
575 730
799 575
799 31
747 799
335 747
688 335
587 688
642 587
642 242
653 642
558 653
42 558
36 42
36 49
130 36
398 130
398 793
742 398
634 742
630 634
332 630
47 332
47 305
506 47
506 496
119 506
234 15
234 119
106 234
424 106
449 424
309 449
602 309
7 166 222 294 339 344 349 393 395 471 597 608 644 789 
349 789
166 349
166 608
393 166
222 393
395 222
344 395
471 344
471 644
597 471
339 597
339 7
339 294
0 16 22 32 37 38 51 66 76 79 82 86 99 101 104 124 125 132 134 141 149 151 153 157 176 179 181 187 216 217 218 221 231 236 239 240 254 255 263 270 274 278 279 286 289 300 301 324 325 341 342 350 351 361 369 384 394 396 419 426 434 445 451 457 461 466 470 473 475 488 504 512 523 525 533 541 546 559 574 578 579 583 593 600 605 611 624 625 626 631 633 646 648 654 655 661 662 671 673 677 682 687 697 698 702 705 707 712 715 719 726 727 735 736 757 761 763 767 769 770 773 774 776 778 780 787 788 792 796 
796 698
216 796
176 216
504 82
735 504
735 176
466 735
646 466
125 646
662 125
662 124
661 662
624 661
221 624
300 221
231 488
300 231
682 300
445 682
761 625
761 325
270 761
778 270
687 605
774 687
351 774
778 351
579 778
38 279
254 38
369 254
350 37
369 350
787 369
673 787
533 673
141 79
712 141
712 546
533 712
533 104
633 533
633 705
763 633
101 763
217 101
707 470
574 707
559 574
181 217
559 181
361 559
187 361
179 187
719 179
157 719
134 157
240 134
76 240
16 76
0 16
274 0
654 274
677 654
579 677
727 579
769 727
769 583
769 792
773 769
461 773
457 218
342 457
342 301
600 342
776 324
611 132
776 611
149 776
149 600
715 149
780 475
780 434
541 780
32 541
523 525
523 32
22 523
715 22
99 715
767 99
451 767
286 578
286 451
461 286
51 461
726 66
396 726
255 396
631 394
473 51
289 419
473 289
671 473
631 671
788 631
770 788
341 770
341 239
255 341
626 255
151 626
697 151
736 697
736 655
445 736
86 445
236 86
648 153
702 648
702 593
512 702
512 236
426 512
426 263
757 426
278 757
384 278
67 74 282 521 557 599 716 750 
599 67
74 599
716 750
521 716
557 521
282 557
74 282
6 334 378 415 629 713 
629 6
378 713
629 378
415 629
334 415
100 442 635 
442 100
635 442
2 41 59 69 88 163 169 171 172 177 196 215 245 253 285 287 353 377 401 407 443 494 510 551 590 731 759 797 
41 759
171 41
510 171
443 510
245 590
443 245
88 443
285 88
731 285
69 731
177 69
196 59
177 196
169 177
169 797
163 169
215 172
253 215
2 253
287 2
163 287
551 163
494 551
401 494
353 401
377 353
407 377
91 118 200 513 571 639 703 
639 200
91 513
703 91
118 703
571 118
639 571
84 614 
84 614
174 212 
212 174
128 257 315 383 487 499 563 664 743 781 783 
499 487
128 499
664 128
257 383
743 257
664 743
783 664
563 783
781 563
315 781
143 192 403 418 679 
679 403
418 679
192 418
143 192
52 55 64 85 197 207 291 376 585 745 764 
85 197
291 85
207 291
764 207
55 745
55 64
376 55
52 376
764 52
764 585
13 117 140 156 202 241 310 374 477 526 596 618 623 683 696 699 734 
526 13
696 526
618 310
699 696
699 241
140 699
618 596
623 156
623 683
202 623
477 202
734 477
117 734
374 140
618 374
117 618
20 29 54 95 109 150 227 271 311 312 329 372 389 404 417 421 422 435 462 472 478 491 497 539 548 553 569 582 620 637 652 675 695 708 756 775 790 
389 404
569 389
569 421
271 569
109 271
372 109
637 372
311 637
708 311
150 652
227 708
422 548
422 227
329 422
150 329
790 150
54 695
478 54
491 478
790 491
620 790
435 620
417 775
312 417
435 312
539 435
472 582
539 472
497 539
462 553
462 756
95 462
675 95
29 675
20 29
497 20
26 56 94 129 142 193 204 214 238 260 297 304 307 331 379 402 413 414 508 663 667 669 722 762 768 
260 762
669 260
297 669
413 297
307 413
307 238
331 307
663 331
204 663
304 768
193 304
414 379
402 508
214 402
667 193
129 667
214 129
94 214
414 94
414 204
722 414
722 142
26 722
56 26
23 103 133 185 206 293 317 348 498 537 612 615 755 
293 537
103 293
185 103
615 185
612 615
317 612
348 755
133 348
206 23
498 206
317 498
133 317
138 460 463 469 660 701 709 
660 701
469 660
138 463
460 138
709 460
469 709
92 356 531 
356 92
531 356
30 114 170 360 408 459 476 576 641 724 737 
737 114
737 360
476 737
576 476
641 576
459 641
459 30
170 459
408 170
724 408
33 107 148 302 320 355 390 437 447 528 672 684 691 725 739 
691 739
302 691
684 302
437 355
148 672
390 447
148 390
725 148
437 725
33 437
107 33
107 320
684 107
528 684
112 269 321 371 409 522 532 594 632 706 741 
112 371
706 112
409 706
532 409
269 522
269 532
741 269
321 741
321 632
594 321
208 248 284 357 480 547 560 562 760 
760 547
480 760
284 480
560 284
357 560
357 248
208 357
208 562
120 235 364 370 751 
751 364
120 751
235 120
370 235
500 
3 63 87 102 184 189 213 246 313 423 441 468 503 516 535 666 680 686 721 733 786 
441 786
441 423
503 441
468 87
516 468
246 184
213 246
535 213
503 535
686 503
63 686
102 63
102 516
680 102
733 680
313 189
721 313
3 666
721 3
733 721
8 27 96 209 230 363 380 428 545 586 656 658 771 
658 96
230 27
230 380
658 230
545 658
363 8
771 363
428 771
586 428
545 656
209 545
586 209
126 145 211 267 412 438 517 570 640 777 
640 438
126 640
126 570
777 126
412 517
777 412
145 211
777 145
267 777
131 580 728 
580 131
728 580
19 35 62 71 93 108 165 173 175 183 258 299 328 354 366 430 450 604 636 651 718 740 772 
173 258
740 173
183 740
62 183
430 62
108 430
328 19
328 366
328 299
175 328
71 450
35 71
35 636
175 35
165 175
772 165
772 718
772 354
604 772
93 604
108 93
651 108
