? 9 0 722 724 767 633 250 111 104 244
? 9 1 188 38 23 174 207 53 343 71
? 9 2 103 4 757 120 128 9 488 632
? 9 3 481 778 622 748 718 159 234 459
? 9 5 531 197 552 603 749 662 406 441
? 9 6 504 563 193 137 37 492 755 263
? 9 7 267 295 765 409 690 20 314 614
? 9 8 736 292 554 473 631 528 723 199
? 9 10 458 56 182 69 98 424 251 318
? 9 11 792 549 159 234 756 748 459 64
? 9 12 91 752 294 765 469 164 133 20
? 9 13 721 407 70 468 688 725 780 231
? 9 14 115 324 179 61 669 534 130 660
? 9 15 210 367 796 452 791 703 405 16
? 9 17 614 690 224 581 322 314 772 310
? 9 18 253 303 620 330 526 472 418 695
? 9 19 743 21 341 340 355 76 134 221
? 9 22 99 430 73 527 544 468 36 750
? 9 24 725 698 688 687 70 721 13 416
? 9 25 562 354 564 145 226 378 411 490
? 9 26 72 333 266 706 680 775 227 560
? 9 27 263 755 296 584 735 193 6 610
? 9 28 547 384 260 198 44 139 209 346
? 9 29 717 656 83 491 370 79 740 141
? 9 30 571 579 573 321 759 113 277 399
? 9 31 509 646 745 542 711 362 323 102
? 9 32 97 577 643 678 501 437 241 142
? 9 33 498 381 511 433 316 720 704 734
? 9 34 545 360 387 65 391 311 565 749
? 9 35 37 193 292 473 672 137 296 6
? 9 39 606 550 602 572 425 338 327 478
? 9 40 291 68 144 529 166 478 453 425
? 9 41 442 470 149 116 437 519 142 382
? 9 42 168 689 414 764 477 769 398 359
? 9 43 429 515 475 219 774 328 761 540
? 9 45 94 661 388 645 284 741 264 255
? 9 46 484 116 437 126 602 678 572 643
? 9 47 640 788 403 307 204 535 205 331
? 9 48 658 401 682 423 485 133 712 469
? 9 49 264 324 388 14 115 94 45 534
? 9 50 408 464 247 209 630 589 623 211
? 9 51 770 513 173 342 229 299 55 496
? 9 52 300 233 273 522 558 160 392 553
? 9 54 184 635 536 671 537 206 415 613
? 9 57 753 639 303 236 253 418 603 18
? 9 58 153 276 288 298 345 574 107 125
? 9 59 530 555 471 228 492 62 53 272
? 9 60 760 101 157 686 781 460 372 799
? 9 63 757 488 515 219 9 43 475 429
? 9 66 477 435 403 307 42 689 640 769
? 9 67 693 344 445 673 410 523 634 347
? 9 74 397 214 444 268 90 350 548 627
? 9 75 456 293 763 474 465 329 681 396
? 9 77 499 700 274 294 777 336 220 245
? 9 78 257 674 185 448 208 196 510 215
? 9 80 140 81 694 540 742 768 615 118
? 9 82 95 139 23 260 384 71 343 239
? 9 84 9 488 515 43 63 757 2 429
? 9 85 217 175 385 124 616 323 147 258
? 9 86 599 592 218 249 129 679 638 428
? 9 87 644 377 794 283 375 704 213 316
? 9 88 200 585 221 311 412 743 341 391
? 9 89 641 772 581 310 482 556 434 598
? 9 92 422 402 413 491 463 587 493 317
? 9 93 623 490 226 744 247 354 589 25
? 9 96 707 667 130 225 431 561 534 374
? 9 100 373 697 108 190 439 238 394 604
? 9 105 740 295 409 317 493 314 267 491
? 9 106 187 608 495 306 223 615 219 742
? 9 109 594 771 314 230 224 322 186 302
? 9 110 611 535 205 505 486 214 788 739
? 9 112 506 479 216 692 285 537 660 671
? 9 114 417 211 464 343 630 732 38 198
? 9 117 467 181 356 44 332 346 209 637
? 9 119 494 463 178 493 777 422 317 351
? 9 121 462 569 269 439 697 215 394 731
? 9 122 199 723 345 107 528 574 298 125
? 9 123 330 507 502 472 131 526 585 662
? 9 127 670 271 141 389 79 656 512 483
? 9 132 541 729 416 231 160 780 687 273
? 9 135 405 452 16 790 702 304 796 210
? 9 136 172 395 192 701 320 517 359 364
? 9 138 578 631 508 672 473 125 528 312
? 9 143 227 449 521 308 586 680 795 64
? 9 146 758 383 660 762 61 669 663 406
? 9 148 142 149 798 782 442 167 628 470
? 9 150 83 771 302 36 582 527 29 430
? 9 151 450 357 666 626 323 711 362 385
? 9 152 390 203 618 476 575 596 163 297
? 9 154 519 327 382 677 602 550 176 348
? 9 155 776 62 272 245 336 101 471 177
? 9 156 590 363 637 470 382 782 442 149
? 9 158 787 600 775 560 285 305 287 191
? 9 161 400 675 290 372 747 799 252 500
? 9 162 521 64 756 143 453 438 449 308
? 9 165 371 514 128 347 605 4 344 503
? 9 169 728 459 335 234 206 159 549 792
? 9 170 108 489 713 754 651 373 297 190
? 9 171 727 399 113 277 573 607 241 571
? 9 180 365 636 650 520 559 309 222 313
? 9 183 379 282 616 265 448 217 185 147
? 9 189 131 315 502 419 585 779 412 306
? 9 194 145 378 732 354 630 25 211 226
? 9 195 362 270 711 583 745 349 357 542
? 9 201 364 350 517 701 414 168 359 764
? 9 202 334 163 738 301 713 754 427 297
? 9 212 708 278 524 655 557 525 348 176
? 9 232 496 342 55 638 679 229 249 592
? 9 235 730 299 222 173 51 313 636 55
? 9 237 229 95 513 71 239 770 342 240
? 9 242 398 434 598 588 556 689 764 42
? 9 243 601 104 724 111 0 558 722 767
? 9 246 336 776 164 245 155 712 700 423
? 9 248 308 795 449 266 227 438 64 72
? 9 254 98 737 424 607 281 69 773 727
? 9 256 337 668 726 718 622 465 329 293
? 9 259 444 120 103 691 632 214 757 2
? 9 261 570 262 649 208 361 784 719 674
? 9 275 454 280 518 747 290 576 355 372
? 9 279 546 793 551 457 715 767 111 450
? 9 286 358 604 731 394 380 190 596 651
? 9 289 652 619 478 369 606 338 684 39
? 9 319 654 706 617 333 368 421 657 560
? 9 325 538 366 659 609 281 789 404 705
? 9 326 522 273 160 687 416 233 52 24
? 9 339 634 739 445 523 486 371 344 514
? 9 352 647 716 361 393 751 404 653 649
? 9 353 593 655 525 524 173 786 287 51
? 9 376 118 768 81 694 140 80 779 419
? 9 386 709 516 191 559 313 650 663 309
? 9 420 621 683 580 785 624 482 588 434
? 9 426 633 696 250 591 446 722 244 670
? 9 432 251 575 676 318 458 301 203 56
? 9 436 703 367 696 15 543 210 796 452
? 9 440 346 260 28 547 384 637 44 82
? 9 443 351 587 178 610 413 422 463 494
? 9 447 567 368 677 176 348 684 338 421
? 9 451 318 676 251 458 301 432 10 56
? 9 455 612 410 693 67 523 445 634 344
? 9 461 396 681 763 613 474 415 216 671
? 9 466 228 492 563 38 137 59 504 530
? 9 480 783 712 485 157 423 213 686 48
? 9 487 503 605 347 128 165 4 673 371
? 9 497 421 642 619 617 369 648 684 368
? 9 532 744 562 710 566 490 411 751 653
? 9 533 134 428 76 500 766 565 129 86
? 9 539 568 665 412 734 433 21 511 340
? 9 595 230 322 594 186 109 224 310 614
? 9 597 393 653 352 751 566 589 538 744
? 9 625 553 392 591 300 670 446 558 233
? 9 629 789 685 719 784 404 203 152 575
? 9 664 626 258 124 666 385 323 85 151
? 9 699 192 320 785 658 172 682 580 401
? 9 714 695 620 526 376 472 118 768 18
? 9 733 102 510 31 509 147 710 542 411
? 9 746 208 361 649 751 570 566 647 352
? 9 797 734 576 665 340 355 511 280 21
? 9 12 91 752 294 765 469 164 133 20
? 9 26 72 333 266 706 680 775 227 560
? 9 30 571 579 573 321 759 113 277 399
? 9 40 291 68 144 529 166 478 453 425
? 9 49 264 324 388 14 115 94 45 534
? 9 58 153 276 288 298 345 574 107 125
? 9 60 760 101 157 686 781 460 372 799
? 9 73 544 750 430 99 36 22 483 780
? 9 75 456 293 763 474 465 329 681 396
? 9 90 548 720 704 498 397 381 33 316
? 9 92 422 402 413 491 463 587 493 317
? 9 106 187 608 495 306 223 615 219 742
? 9 110 611 535 205 505 486 214 788 739
? 9 112 506 479 216 692 285 537 660 671
? 9 121 462 569 269 439 697 215 394 731
? 9 127 670 271 141 389 79 656 512 483
? 9 136 172 395 192 701 320 517 359 364
? 9 138 578 631 508 672 473 125 528 312
? 9 154 519 327 382 677 602 550 176 348
? 9 170 108 489 713 754 651 373 297 190
? 9 174 207 252 188 675 1 240 799 239
? 9 180 365 636 650 520 559 309 222 313
? 9 182 366 56 10 98 281 424 458 69
? 9 194 145 378 732 354 630 25 211 226
? 9 196 215 185 448 674 265 282 78 462
? 9 202 334 163 738 301 713 754 427 297
? 9 220 20 777 499 294 409 119 494 765
? 9 225 431 707 236 96 561 667 197 531
? 9 237 229 95 513 71 239 770 342 240
? 9 238 108 100 373 170 427 697 489 651
? 9 255 681 741 94 264 284 75 45 461
? 9 259 444 120 103 691 632 214 757 2
? 9 262 731 261 269 215 286 569 674 358
? 9 270 583 195 362 711 349 542 509 745
? 9 283 644 375 377 87 395 213 320 682
? 9 304 790 452 796 135 210 702 271 15
? 9 305 285 600 775 692 158 506 537 112
? 9 326 522 273 160 687 416 233 52 24
? 9 353 593 655 525 524 173 786 287 51
? 9 363 590 637 156 782 470 149 442 382
? 9 370 702 79 717 402 141 656 413 29
? 9 380 596 286 190 358 651 297 604 394
? 9 386 709 516 191 559 313 650 663 309
? 9 387 749 65 34 552 545 520 360 441
? 9 407 468 13 70 721 780 231 688 729
? 9 408 50 589 209 464 247 623 198 630
? 9 420 621 683 580 785 624 482 588 434
? 9 436 703 367 696 15 543 210 796 452
? 9 451 318 676 251 458 301 432 10 56
? 9 454 518 275 747 280 290 372 576 686
? 9 457 551 793 279 546 450 298 715 357
? 9 467 117 181 356 44 332 346 209 408
? 9 484 116 46 602 437 126 572 327 519
? 9 507 65 662 311 123 391 221 585 545
? 9 536 415 613 54 184 635 671 206 396
? 9 555 530 59 471 53 760 460 781 62
? 9 557 278 382 708 348 176 156 154 677
? 9 564 349 25 411 562 710 145 583 554
? 9 567 368 447 421 617 684 497 338 677
? 9 586 648 642 680 521 369 143 227 497
? 9 597 393 653 352 751 566 589 538 744
? 9 612 455 410 693 67 523 445 634 344
? 9 627 268 769 307 477 350 640 201 47
? 9 628 167 241 798 773 577 142 148 727
? 9 641 310 772 581 89 17 482 690 614
? 9 645 661 284 45 94 741 726 388 329
? 9 646 745 31 323 509 711 362 385 175
? 9 652 289 619 478 369 684 338 606 39
? 9 654 319 657 706 287 560 617 786 775
? 9 659 609 705 281 773 737 332 254 366
? 9 668 337 256 622 718 726 778 293 465
? 9 698 24 725 688 687 721 70 13 407
? 9 753 57 603 236 303 197 253 639 18
? 9 762 663 383 758 146 660 191 692 516
? 9 774 761 328 540 43 429 694 515 80
? 9 783 480 485 157 712 423 686 213 377
? 9 787 158 191 600 692 285 775 709 560
? 9 797 734 576 665 340 355 511 280 21
? 9 0 722 724 767 633 250 111 104 244
? 9 3 481 778 622 748 718 159 234 459
? 9 5 531 197 552 603 749 662 406 441
? 9 8 736 292 554 473 631 528 723 199
? 9 11 792 549 159 234 756 748 459 64
? 9 12 91 752 294 765 469 164 133 20
? 9 19 743 21 341 340 355 76 134 221
? 9 26 72 333 266 706 680 775 227 560
? 9 28 547 384 260 198 44 139 209 346
? 9 30 571 579 573 321 759 113 277 399
? 9 32 97 577 643 678 501 437 241 142
? 9 35 37 193 292 473 672 137 296 6
? 9 40 291 68 144 529 166 478 453 425
? 9 49 264 324 388 14 115 94 45 534
? 9 58 153 276 288 298 345 574 107 125
? 9 60 760 101 157 686 781 460 372 799
? 9 66 477 435 403 307 42 689 640 769
? 9 74 397 214 444 268 90 350 548 627
? 9 77 499 700 274 294 777 336 220 245
? 9 92 422 402 413 491 463 587 493 317
? 9 93 623 490 226 744 247 354 589 25
? 9 105 740 295 409 317 493 314 267 491
? 9 106 187 608 495 306 223 615 219 742
? 9 110 611 535 205 505 486 214 788 739
? 9 114 417 211 464 343 630 732 38 198
? 9 121 462 569 269 439 697 215 394 731
? 9 127 670 271 141 389 79 656 512 483
? 9 131 189 502 419 315 123 585 779 330
? 9 132 541 729 416 231 160 780 687 273
? 9 136 172 395 192 701 320 517 359 364
? 9 138 578 631 508 672 473 125 528 312
? 9 150 83 771 302 36 582 527 29 430
? 9 152 390 203 618 476 575 596 163 297
? 9 161 400 675 290 372 747 799 252 500
? 9 162 521 64 756 143 453 438 449 308
? 9 169 728 459 335 234 206 159 549 792
? 9 177 272 245 62 492 155 471 700 504
? 9 179 534 14 130 115 61 324 669 96
? 9 180 365 636 650 520 559 309 222 313
? 9 182 366 56 10 98 281 424 458 69
? 9 183 379 282 616 265 448 217 185 147
? 9 186 594 302 582 109 595 527 771 230
? 9 194 145 378 732 354 630 25 211 226
? 9 196 215 185 448 674 265 282 78 462
? 9 200 88 585 221 311 743 412 341 391
? 9 202 334 163 738 301 713 754 427 297
? 9 204 205 788 486 535 739 47 110 640
? 9 228 466 59 530 492 38 53 555 563
? 9 235 730 299 222 173 51 313 636 55
? 9 237 229 95 513 71 239 770 342 240
? 9 238 108 100 373 170 427 697 489 651
? 9 243 601 104 724 111 0 558 722 767
? 9 246 336 776 164 245 155 712 700 423
? 9 248 308 795 449 266 227 438 64 72
? 9 259 444 120 103 691 632 214 757 2
? 9 270 583 195 362 711 349 542 509 745
? 9 305 285 600 775 692 158 506 537 112
? 9 325 538 366 659 609 281 789 404 705
? 9 326 522 273 160 687 416 233 52 24
? 9 331 403 47 640 204 435 788 523 205
? 9 351 443 587 178 413 422 92 463 494
? 9 353 593 655 525 524 173 786 287 51
? 9 363 590 637 156 782 470 149 442 382
? 9 370 702 79 717 402 141 656 413 29
? 9 374 561 534 130 707 96 179 431 225
? 9 380 596 286 190 358 651 297 604 394
? 9 381 498 33 511 433 316 720 704 734
? 9 386 709 516 191 559 313 650 663 309
? 9 387 749 65 34 552 545 520 360 441
? 9 420 621 683 580 785 624 482 588 434
? 9 426 633 696 250 591 446 722 244 670
? 9 436 703 367 696 15 543 210 796 452
? 9 440 346 260 28 547 384 637 44 82
? 9 451 318 676 251 458 301 432 10 56
? 9 456 293 75 465 329 718 474 763 741
? 9 467 117 181 356 44 332 346 209 408
? 9 475 219 429 742 43 615 223 515 495
? 9 484 116 46 602 437 126 572 327 519
? 9 487 503 605 347 128 165 4 673 371
? 9 507 65 662 311 123 391 221 585 545
? 9 532 744 562 710 566 490 411 751 653
? 9 536 415 613 54 184 635 671 206 396
? 9 539 568 665 412 734 433 21 511 340
? 9 557 278 382 708 348 176 156 154 677
? 9 567 368 447 421 617 684 497 338 677
? 9 584 735 610 296 312 755 263 27 672
? 9 586 648 642 680 521 369 143 227 497
? 9 597 393 653 352 751 566 589 538 744
? 9 599 592 86 249 679 218 638 129 496
? 9 612 455 410 693 67 523 445 634 344
? 9 645 661 284 45 94 741 726 388 329
? 9 646 745 31 323 509 711 362 385 175
? 9 652 289 619 478 369 684 338 606 39
? 9 654 319 657 706 287 560 617 786 775
? 9 664 626 258 124 666 385 323 85 151
? 9 668 337 256 622 718 726 778 293 465
? 9 695 714 526 472 620 330 376 419 18
? 9 698 24 725 688 687 721 70 13 407
? 9 716 647 361 404 649 352 746 685 570
? 9 719 784 685 629 789 404 649 261 716
? 9 733 102 510 31 509 147 710 542 411
? 9 766 500 533 134 76 428 747 400 161
? 9 774 761 328 540 43 429 694 515 80
? 9 783 480 485 157 712 423 686 213 377
? 9 790 304 135 452 702 796 271 210 79
? 9 791 405 16 15 210 452 796 367 312
? 9 794 87 704 316 644 576 377 686 283
? 9 797 734 576 665 340 355 511 280 21
? 9 7 267 295 765 409 690 20 314 614
? 9 12 91 752 294 765 469 164 133 20
? 9 26 72 333 266 706 680 775 227 560
? 9 30 571 579 573 321 759 113 277 399
? 9 40 291 68 144 529 166 478 453 425
? 9 41 442 470 149 116 437 519 142 382
? 9 49 264 324 388 14 115 94 45 534
? 9 58 153 276 288 298 345 574 107 125
? 9 60 760 101 157 686 781 460 372 799
? 9 81 140 80 694 768 118 540 742 779
? 9 84 9 488 515 43 63 757 2 429
? 9 90 548 720 704 498 397 381 33 316
? 9 106 187 608 495 306 223 615 219 742
? 9 121 462 569 269 439 697 215 394 731
? 9 122 199 723 345 107 528 574 298 125
? 9 127 670 271 141 389 79 656 512 483
? 9 131 189 502 419 315 123 585 779 330
? 9 136 172 395 192 701 320 517 359 364
? 9 138 578 631 508 672 473 125 528 312
? 9 146 758 383 660 762 61 669 663 406
? 9 152 390 203 618 476 575 596 163 297
? 9 168 414 42 764 689 359 201 769 517
? 9 171 727 399 113 277 573 607 241 571
? 9 174 207 252 188 675 1 240 799 239
? 9 180 365 636 650 520 559 309 222 313
? 9 182 366 56 10 98 281 424 458 69
? 9 194 145 378 732 354 630 25 211 226
? 9 196 215 185 448 674 265 282 78 462
? 9 202 334 163 738 301 713 754 427 297
? 9 212 708 278 524 655 557 525 348 176
? 9 228 466 59 530 492 38 53 555 563
? 9 232 496 342 55 638 679 229 249 592
? 9 237 229 95 513 71 239 770 342 240
? 9 238 108 100 373 170 427 697 489 651
? 9 242 398 434 598 588 556 689 764 42
? 9 254 98 737 424 607 281 69 773 727
? 9 255 681 741 94 264 284 75 45 461
? 9 257 78 674 185 448 208 196 570 510
? 9 259 444 120 103 691 632 214 757 2
? 9 262 731 261 269 215 286 569 674 358
? 9 270 583 195 362 711 349 542 509 745
? 9 300 392 233 553 558 52 273 522 625
? 9 305 285 600 775 692 158 506 537 112
? 9 326 522 273 160 687 416 233 52 24
? 9 339 634 739 445 523 486 371 344 514
? 9 351 443 587 178 413 422 92 463 494
? 9 353 593 655 525 524 173 786 287 51
? 9 363 590 637 156 782 470 149 442 382
? 9 370 702 79 717 402 141 656 413 29
? 9 380 596 286 190 358 651 297 604 394
? 9 386 709 516 191 559 313 650 663 309
? 9 387 749 65 34 552 545 520 360 441
? 9 420 621 683 580 785 624 482 588 434
? 9 436 703 367 696 15 543 210 796 452
? 9 450 357 151 457 551 546 666 298 279
? 9 451 318 676 251 458 301 432 10 56
? 9 454 518 275 747 280 290 372 576 686
!
42 242 398 477 556 588 598 689 769 
42 398
42 477
769 42
689 769
588 689
556 588
242 556
598 242
52 233 273 300 392 522 543 553 591 625 670 696 
553 591
696 543
670 696
553 670
392 553
273 300
273 52
233 273
522 233
392 522
625 392
35 193 263 296 473 672 755 
473 672
35 473
296 35
755 296
193 755
263 193
367 370 702 
702 367
370 702
579 
22 36 73 99 430 527 544 582 750 
750 544
73 750
22 73
99 430
22 99
527 22
527 36
582 527
143 421 497 586 642 648 
497 421
642 497
648 586
642 648
642 143
436 703 
436 703
156 212 278 348 
348 156
278 348
212 278
390 
108 170 
170 108
104 111 243 250 601 
243 104
601 243
111 601
111 250
373 
259 
222 
26 
489 713 
713 489
633 
33 316 720 
33 720
316 33
593 
187 306 495 
495 187
306 495
21 340 355 454 518 568 576 665 734 
518 454
576 518
340 576
355 21
355 340
734 355
665 734
568 665
1 51 55 71 95 173 229 232 237 239 513 638 770 
51 173
55 51
232 55
638 232
229 638
229 237
95 229
71 95
770 513
239 770
71 239
1 71
525 
31 323 357 362 385 509 542 583 666 711 
385 666
323 385
362 323
509 31
509 542
711 509
362 583
362 711
357 362
182 366 458 538 
366 538
182 458
182 366
120 
69 98 113 167 277 281 571 573 607 705 727 737 773 
113 573
571 113
571 277
607 571
607 727
737 607
98 737
281 705
281 69
98 281
773 98
773 167
117 325 332 467 609 659 
609 325
332 117
332 467
659 332
609 659
645 661 
661 645
119 220 274 294 422 499 777 
777 422
274 294
777 274
777 119
499 777
220 499
29 79 83 127 141 271 304 483 656 717 
29 83
79 127
79 483
717 29
79 717
141 79
141 656
271 141
304 271
85 646 
646 85
3 256 329 337 396 465 474 536 622 668 718 726 763 778 
396 536
474 396
763 474
465 763
718 465
778 3
622 718
778 622
337 778
337 668
329 337
726 256
329 726
190 297 754 
297 754
190 297
434 581 
581 434
174 188 207 
207 174
188 207
161 252 675 
252 675
161 252
102 710 733 
733 710
102 733
532 653 
532 653
249 428 
428 249
386 758 
386 758
380 731 
380 731
613 
228 246 
228 246
162 335 
162 335
185 215 261 265 282 361 448 570 616 674 
570 361
674 570
265 282
448 616
265 185
448 265
215 448
674 215
261 674
107 298 457 
298 107
457 298
105 295 317 740 
317 740
105 317
105 295
20 48 77 133 155 164 172 192 201 320 336 359 364 395 423 469 480 485 492 517 682 701 712 
155 492
336 77
336 155
712 336
480 712
485 480
485 423
48 485
133 48
164 20
133 164
133 469
682 133
395 682
701 364
517 701
320 192
320 395
359 320
172 359
517 172
201 517
132 416 
132 416
62 177 245 272 471 700 776 
245 776
62 471
245 700
177 245
177 272
177 62
697 
2 9 74 444 
2 9
444 2
74 444
6 37 53 59 101 137 157 466 504 530 555 563 686 781 799 
157 686
101 157
799 101
781 799
555 781
53 555
59 466
59 53
530 59
563 530
137 563
137 6
137 37
504 137
90 498 
90 498
65 360 531 552 565 749 
565 360
749 531
65 749
65 552
565 65
318 451 676 
451 318
451 676
14 49 
49 14
17 89 109 230 302 310 322 594 614 641 690 771 772 
230 594
771 302
109 771
230 109
322 230
690 322
310 690
89 310
641 89
17 641
772 17
772 614
28 82 440 
440 28
440 82
479 
15 210 452 791 796 
210 15
452 796
210 452
791 210
432 
427 
183 196 379 
379 196
379 183
351 443 587 
443 587
351 443
389 
433 797 
797 433
505 611 
505 611
84 223 475 515 540 742 
515 540
515 84
223 515
223 742
475 223
16 135 405 790 
135 790
405 135
16 405
124 151 279 450 546 626 664 715 767 793 
793 767
715 793
279 715
546 279
450 546
151 450
664 124
626 664
151 626
34 387 
387 34
150 186 
150 186
5 18 57 197 236 253 303 418 441 520 545 603 639 753 
441 545
418 18
639 418
253 639
57 253
303 57
603 303
197 5
753 197
603 753
441 520
603 441
236 603
115 146 
146 115
138 578 
138 578
78 147 175 208 217 257 404 510 649 784 
217 175
147 217
510 147
78 510
257 78
208 257
649 208
649 404
784 649
8 27 292 584 736 
27 584
292 27
8 292
736 8
131 
168 350 381 548 644 704 794 
794 644
704 794
381 704
548 381
350 548
168 350
24 160 326 541 687 
541 160
687 326
687 24
541 687
152 163 203 476 575 618 629 685 719 789 
476 163
618 476
575 618
575 203
152 575
629 152
789 629
685 789
685 719
270 349 564 
349 564
270 349
529 643 
643 529
122 
420 595 
595 420
45 94 284 293 388 456 
388 45
94 388
284 94
293 284
456 293
169 206 459 481 728 
728 206
169 728
459 169
459 481
149 557 
557 149
87 213 283 375 377 658 783 
213 658
213 283
375 213
377 375
377 87
783 377
655 
401 482 580 621 624 683 699 785 
580 482
624 580
621 683
785 621
785 624
699 785
401 699
32 126 166 327 425 453 484 521 572 678 
166 521
572 327
453 166
425 453
572 425
126 572
484 126
678 484
678 32
399 
110 331 403 435 486 788 
110 486
788 110
331 788
403 331
435 403
309 383 516 650 663 669 762 
650 309
663 650
383 663
383 516
383 669
762 383
88 200 221 412 511 539 
412 511
88 221
88 200
412 88
412 539
11 234 748 756 
748 234
11 748
756 11
112 235 285 299 313 365 496 559 600 636 679 692 709 730 787 
285 600
692 112
285 692
787 285
709 787
313 235
313 709
365 313
559 365
636 559
299 636
299 730
496 299
496 679
195 411 
411 195
70 231 468 698 
231 468
70 231
698 70
339 371 410 445 605 634 
445 410
634 339
445 634
371 445
371 605
100 238 651 
100 651
238 100
154 
227 305 449 567 617 680 706 775 795 
795 449
227 795
775 305
706 775
227 680
706 227
617 706
567 617
244 722 
244 722
202 334 738 
738 334
202 738
39 176 289 368 369 478 550 606 619 652 684 
684 368
478 684
39 478
619 39
619 652
369 619
289 369
606 289
550 606
550 176
58 276 288 
276 288
58 276
50 
0 426 446 558 724 
724 0
558 724
446 558
426 446
429 
10 56 251 254 424 
56 10
251 56
424 251
424 254
4 67 128 344 347 487 514 523 673 
347 487
673 347
67 673
344 67
344 523
514 344
128 4
514 128
180 
47 204 205 268 307 535 627 640 
535 205
204 535
47 204
640 47
307 640
627 307
268 627
80 81 140 328 694 774 
80 81
140 80
694 140
328 694
328 774
60 
40 68 291 
68 291
40 68
64 159 308 438 549 792 
549 159
792 549
64 792
438 64
308 438
41 46 97 116 142 148 171 241 382 437 442 470 501 519 577 602 628 637 798 
470 442
637 470
382 637
519 382
519 602
142 519
142 148
41 142
116 46
41 116
437 41
97 437
501 97
577 501
241 798
241 171
577 241
628 577
118 376 695 761 
118 761
118 376
695 118
38 44 181 209 346 356 384 393 464 547 589 
384 547
44 384
181 356
346 181
44 346
209 44
589 209
589 393
464 589
464 38
75 264 681 741 
681 75
741 264
681 741
76 129 134 280 372 400 460 500 533 743 747 760 766 
533 129
76 533
76 743
134 76
500 134
400 500
372 400
760 460
372 760
747 372
747 280
766 747
158 191 
158 191
745 
66 414 
66 414
103 214 397 632 691 
691 632
691 103
214 691
397 214
462 
121 262 269 394 439 569 
569 394
439 121
269 439
569 269
262 569
54 184 216 415 461 506 537 635 671 
415 54
537 415
506 537
216 506
671 216
635 184
671 635
461 671
258 551 
551 258
72 266 560 654 
72 266
560 72
654 560
23 114 139 198 260 408 
198 408
23 139
260 23
198 114
260 198
12 91 765 
765 91
12 765
363 590 782 
590 363
782 590
165 455 612 693 
693 165
455 693
612 455
30 321 759 
321 30
759 321
19 507 
507 19
338 447 677 
677 338
677 447
286 358 596 604 
286 596
286 358
604 286
25 93 145 194 211 226 247 343 352 354 378 417 490 562 566 597 623 630 716 732 744 746 751 
417 343
211 417
354 211
744 354
247 623
490 562
490 25
247 490
630 247
145 194
630 145
378 630
226 732
226 378
744 226
744 93
751 744
566 751
352 566
352 746
352 597
716 352
86 218 240 342 592 599 
342 240
592 342
599 592
86 599
218 86
301 
144 
43 63 106 123 189 219 311 315 330 341 391 406 419 472 502 526 585 608 615 620 662 714 757 768 779 
311 341
662 406
311 662
585 311
472 330
714 472
620 714
419 620
502 419
615 219
757 63
43 757
615 43
615 106
615 608
768 615
779 768
315 779
502 315
585 391
585 123
189 585
502 189
526 502
493 
13 407 688 721 725 729 780 
725 721
407 725
13 407
688 13
780 688
729 780
61 130 179 431 660 667 
61 660
130 61
667 431
130 667
179 130
153 
96 225 324 374 534 561 707 
534 324
374 534
561 374
96 561
225 96
707 225
255 
488 503 739 
503 739
503 488
248 333 
333 248
7 224 267 314 409 
7 267
409 7
314 409
224 314
275 290 
275 290
92 512 
92 512
178 402 413 463 491 494 
463 494
491 463
413 491
413 402
178 413
125 199 312 345 508 528 554 574 610 631 723 735 
125 345
125 574
528 125
199 528
554 199
554 723
631 554
508 631
312 508
610 312
610 735
647 
287 319 353 524 657 708 786 
524 708
786 524
786 319
786 353
287 786
657 287
136 752 
752 136
764 
