? 9 0 671 249 24 238 268 164 705 270
? 9 1 543 615 569 135 506 403 600 779
? 9 2 369 207 665 705 226 268 752 532
? 9 3 574 449 554 524 232 133 57 174
? 9 4 19 81 406 171 259 160 698 763
? 9 5 301 225 279 711 751 708 732 702
? 9 6 565 743 585 446 321 163 242 461
? 9 7 602 258 89 535 684 688 125 751
? 9 8 123 734 691 772 417 762 232 204
? 9 9 419 148 699 341 405 753 312 618
? 9 10 27 299 205 285 531 528 571 791
? 9 11 717 525 330 461 63 465 367 242
? 9 12 438 35 677 734 204 373 197 417
? 9 13 354 450 374 282 215 161 328 645
? 9 14 305 499 147 291 686 235 126 681
? 9 15 770 315 189 355 308 549 480 551
? 9 16 56 658 541 676 162 555 247 604
? 9 17 153 776 672 87 51 420 393 138
? 9 18 698 645 171 627 145 672 354 374
? 9 20 595 405 286 643 473 767 295 419
? 9 21 25 546 696 311 507 608 377 725
? 9 22 567 669 750 487 723 348 466 157
? 9 23 214 454 593 124 139 84 370 235
? 9 26 603 257 40 748 344 624 407 590
? 9 28 610 334 764 83 79 768 570 383
? 9 29 592 365 754 182 399 581 689 62
? 9 30 340 99 590 351 37 583 183 440
? 9 31 631 478 693 276 346 514 101 274
? 9 32 119 352 793 154 347 710 685 371
? 9 33 529 356 41 55 49 326 207 472
? 9 34 353 597 319 209 436 289 623 256
? 9 36 98 230 391 127 388 357 100 187
? 9 38 274 307 693 709 346 478 276 260
? 9 39 323 109 781 277 661 148 166 262
? 9 42 703 488 432 194 589 519 408 742
? 9 43 173 476 266 727 523 329 228 598
? 9 44 532 186 342 629 700 267 289 397
? 9 45 752 629 207 700 532 255 41 199
? 9 46 505 778 688 125 783 609 487 89
? 9 47 498 434 363 345 427 670 580 611
? 9 48 271 733 169 633 513 477 61 588
? 9 50 331 275 659 312 538 553 680 272
? 9 52 702 190 222 711 708 460 372 719
? 9 53 197 373 191 132 409 204 174 133
? 9 54 614 607 518 241 724 784 130 269
? 9 58 82 167 732 751 435 225 496 301
? 9 59 262 349 176 661 782 678 781 166
? 9 60 745 571 791 211 285 27 528 216
? 9 64 264 694 570 510 706 768 796 216
? 9 65 206 322 536 390 395 281 243 364
? 9 66 664 254 236 95 249 671 116 146
? 9 67 501 648 605 672 659 87 272 538
? 9 68 394 172 452 557 612 435 660 497
? 9 69 303 117 324 185 181 749 418 784
? 9 70 141 668 269 644 741 480 315 355
? 9 71 329 598 632 523 476 134 266 642
? 9 72 149 402 780 517 111 367 465 63
? 9 73 735 640 196 387 667 380 233 458
? 9 74 409 572 372 524 174 133 579 554
? 9 75 797 80 633 733 508 271 169 566
? 9 76 358 522 223 175 77 239 150 591
? 9 78 361 293 115 502 440 351 485 316
? 9 85 179 647 774 442 256 561 102 578
? 9 86 470 130 560 724 241 747 455 54
? 9 88 385 662 746 403 287 416 544 666
? 9 90 707 112 122 636 701 695 302 588
? 9 91 492 503 704 347 154 568 378 793
? 9 92 140 586 168 763 357 491 98 767
? 9 93 378 413 521 790 110 49 638 253
? 9 94 730 537 157 792 729 137 713 466
? 9 96 651 514 346 276 556 379 165 746
? 9 97 137 552 792 676 247 162 761 713
? 9 103 687 737 343 360 220 433 316 485
? 9 104 309 649 587 278 155 366 375 421
? 9 105 530 619 716 193 765 180 780 534
? 9 106 393 469 424 51 153 420 184 422
? 9 107 604 575 794 16 56 729 541 658
? 9 108 749 789 784 411 117 607 518 614
? 9 113 644 668 740 412 480 70 141 483
? 9 114 681 739 147 609 126 125 519 641
? 9 118 616 653 451 83 455 468 777 479
? 9 120 229 208 628 761 131 247 162 676
? 9 121 507 655 418 377 185 311 181 799
? 9 128 526 544 622 662 416 329 134 71
? 9 129 553 621 362 312 795 680 481 50
? 9 136 339 779 666 508 287 237 569 566
? 9 142 337 790 110 376 277 690 521 380
? 9 143 437 431 484 551 495 744 540 500
? 9 144 273 566 600 506 615 569 543 527
? 9 151 224 667 233 533 640 735 692 387
? 9 152 756 320 398 326 448 782 226 176
? 9 156 283 265 720 457 280 150 479 771
? 9 158 250 722 736 290 217 227 195 318
? 9 159 613 297 559 697 302 333 562 122
? 9 170 738 787 366 426 626 429 278 155
? 9 177 306 221 728 618 753 690 341 699
? 9 178 231 583 183 594 489 467 646 673
? 9 188 799 777 181 468 747 655 653 451
? 9 192 486 201 635 475 463 762 677 246
? 9 198 596 637 548 164 238 368 705 369
? 9 200 788 509 576 112 244 701 302 559
? 9 202 677 539 35 463 438 246 12 296
? 9 203 639 674 562 333 469 424 401 766
? 9 210 606 731 344 682 549 384 748 412
? 9 212 79 377 383 396 311 261 507 799
? 9 213 414 336 755 490 335 430 410 525
? 9 218 430 335 568 503 336 314 321 428
? 9 219 83 764 180 193 479 118 610 105
? 9 234 522 715 150 712 265 457 534 223
? 9 240 300 95 493 520 132 236 254 116
? 9 245 251 528 531 564 421 375 27 205
? 9 248 554 449 579 574 57 3 74 350
? 9 252 657 652 625 163 425 717 330 426
? 9 263 386 490 410 149 381 755 72 338
? 9 284 638 55 49 678 661 529 349 782
? 9 288 292 199 397 255 700 714 382 45
? 9 294 704 347 573 793 154 314 119 568
? 9 298 795 766 516 481 362 129 621 553
? 9 304 138 328 161 776 282 215 51 645
? 9 310 757 359 332 582 506 600 543 281
? 9 313 423 450 13 161 215 282 328 374
? 9 317 719 327 222 460 798 350 708 579
? 9 325 578 474 24 774 267 268 665 342
? 9 389 338 381 289 397 382 199 597 288
? 9 392 713 792 723 157 552 730 669 137
? 9 400 758 601 360 654 754 62 761 628
? 9 404 504 582 135 101 332 379 310 276
? 9 415 281 536 243 584 65 359 395 757
? 9 439 634 642 464 307 632 727 556 260
? 9 441 630 511 146 535 689 116 89 602
? 9 443 195 635 290 318 736 762 679 158
? 9 444 617 775 459 237 170 787 366 416
? 9 445 623 343 436 319 737 77 209 433
? 9 447 500 563 744 495 431 308 484 355
? 9 453 685 726 683 710 458 550 73 196
? 9 456 408 742 466 348 641 537 519 432
? 9 462 798 452 327 172 317 279 394 68
? 9 471 636 122 533 721 302 559 401 297
? 9 482 591 351 358 99 340 293 771 785
? 9 494 467 231 624 489 178 583 748 646
? 9 512 580 227 217 670 656 611 318 722
? 9 515 675 759 729 432 742 408 537 488
? 9 542 364 322 101 206 582 65 390 332
? 9 545 520 238 773 164 249 671 637 236
? 9 547 599 166 781 473 262 187 595 323
? 9 558 517 712 111 175 239 620 522 402
? 9 577 477 588 695 61 527 48 584 271
? 9 650 620 111 239 175 558 517 436 386
? 9 663 193 716 619 334 625 610 105 657
? 9 718 496 291 235 612 435 139 499 557
? 9 760 728 233 692 380 306 690 177 221
? 9 769 398 448 176 152 368 320 226 548
? 9 786 483 785 37 771 99 482 340 280
? 9 4 19 81 406 171 259 160 698 763
? 9 17 153 776 672 87 51 420 393 138
? 9 42 703 488 432 194 589 519 408 742
? 9 46 505 778 688 125 783 609 487 89
? 9 52 702 190 222 711 708 460 372 719
? 9 53 197 373 191 132 409 204 174 133
? 9 66 664 254 236 95 249 671 116 146
? 9 92 140 586 168 763 357 491 98 767
? 9 100 127 388 246 463 391 475 36 201
? 9 102 209 256 737 85 353 179 103 319
? 9 115 502 485 78 316 220 131 361 293
? 9 143 437 431 484 551 495 744 540 500
? 9 156 283 265 720 457 280 150 479 771
? 9 159 613 297 559 697 302 333 562 122
? 9 182 399 365 754 29 62 592 689 723
? 9 186 289 44 597 179 700 532 267 774
? 9 214 23 454 593 124 139 84 370 235
? 9 224 151 667 640 233 533 735 387 721
? 9 244 395 509 390 576 200 788 243 701
? 9 257 40 590 407 603 26 583 30 624
? 9 261 706 768 264 79 608 212 546 696
? 9 270 581 671 24 249 0 592 66 578
? 9 273 144 600 584 506 566 527 615 543
? 9 275 312 331 50 659 272 553 419 129
? 9 284 638 55 49 678 661 529 349 782
? 9 296 773 191 539 373 438 202 35 53
? 9 304 138 328 161 776 282 215 51 645
? 9 313 423 450 13 161 215 282 328 374
? 9 339 666 779 136 287 237 508 459 569
? 9 345 434 363 627 47 145 498 698 81
? 9 352 119 32 793 347 294 154 797 169
? 9 371 154 710 793 347 726 550 683 492
? 9 376 380 196 458 683 550 337 690 142
? 9 384 189 731 210 549 770 606 682 344
? 9 389 338 381 289 397 382 199 597 288
? 9 411 563 789 744 108 447 749 500 431
? 9 422 184 680 420 538 362 766 424 87
? 9 428 430 335 503 218 568 336 91 714
? 9 442 647 561 85 578 581 774 179 654
? 9 446 6 787 565 426 585 775 163 459
? 9 462 798 452 327 172 317 279 394 68
? 9 497 557 612 660 718 435 68 496 124
? 9 516 298 481 795 766 692 401 533 151
? 9 560 455 747 468 470 86 720 451 130
? 9 573 314 568 294 321 503 704 743 218
? 9 599 547 166 473 262 187 781 388 127
? 9 616 451 118 455 720 653 468 560 777
? 9 622 416 544 662 128 587 526 309 104
? 9 630 441 116 602 535 511 146 89 493
? 9 643 295 491 767 168 140 357 586 286
? 9 648 605 501 160 67 259 171 406 272
? 9 652 796 510 626 216 694 252 625 425
? 9 656 318 679 217 227 512 443 580 195
? 9 675 515 759 729 742 537 432 408 488
? 9 684 258 686 7 125 609 739 167 147
? 9 715 534 765 234 712 457 522 150 558
? 9 725 608 25 696 546 299 21 10 285
? 9 758 400 654 601 360 754 62 365 761
? 9 772 691 123 8 57 574 3 449 762
? 9 2 369 207 665 705 226 268 752 532
? 9 4 19 81 406 171 259 160 698 763
? 9 5 301 225 279 711 751 708 732 702
? 9 9 419 148 699 341 405 753 312 618
? 9 11 717 525 330 461 63 465 367 242
? 9 14 305 499 147 291 686 235 126 681
? 9 15 770 315 189 355 308 549 480 551
? 9 17 153 776 672 87 51 420 393 138
? 9 20 595 405 286 643 473 767 295 419
? 9 22 567 669 750 487 723 348 466 157
? 9 28 610 334 764 83 79 768 570 383
? 9 31 631 478 693 276 346 514 101 274
? 9 33 529 356 41 55 49 326 207 472
? 9 34 353 597 319 209 436 289 623 256
? 9 38 274 307 693 709 346 478 276 260
? 9 39 323 109 781 277 661 148 166 262
? 9 42 703 488 432 194 589 519 408 742
? 9 43 173 476 266 727 523 329 228 598
? 9 46 505 778 688 125 783 609 487 89
? 9 52 702 190 222 711 708 460 372 719
? 9 59 262 349 176 661 782 678 781 166
? 9 64 264 694 570 510 706 768 796 216
? 9 69 303 117 324 185 181 749 418 784
? 9 73 735 640 196 387 667 380 233 458
? 9 76 358 522 223 175 77 239 150 591
? 9 80 797 75 508 633 733 352 169 585
? 9 82 58 167 751 732 225 301 686 435
? 9 92 140 586 168 763 357 491 98 767
? 9 94 730 537 157 792 729 137 713 466
? 9 96 651 514 346 276 556 379 165 746
? 9 97 137 552 792 676 247 162 761 713
? 9 106 393 469 424 51 153 420 184 422
? 9 107 604 575 794 16 56 729 541 658
? 9 113 644 668 740 412 480 70 141 483
? 9 115 502 485 78 316 220 131 361 293
? 9 134 165 556 632 526 71 598 329 464
? 9 143 437 431 484 551 495 744 540 500
? 9 156 283 265 720 457 280 150 479 771
? 9 158 250 722 736 290 217 227 195 318
? 9 159 613 297 559 697 302 333 562 122
? 9 188 799 777 181 468 747 655 653 451
? 9 192 486 201 635 475 463 762 677 246
? 9 203 639 674 562 333 469 424 401 766
? 9 208 229 120 247 162 761 628 676 97
? 9 211 791 60 216 745 571 510 796 429
? 9 213 414 336 755 490 335 430 410 525
? 9 214 23 454 593 124 139 84 370 235
? 9 219 83 764 180 193 479 118 610 105
? 9 224 151 667 640 233 533 735 387 721
? 9 230 357 98 767 36 187 491 643 168
? 9 232 417 133 524 174 204 3 734 197
? 9 241 54 614 724 130 518 607 470 86
? 9 245 251 528 531 564 421 375 27 205
? 9 248 554 449 579 574 57 3 74 350
? 9 253 49 472 529 378 55 93 41 33
? 9 255 292 288 199 714 700 472 397 45
? 9 257 40 590 407 603 26 583 30 624
? 9 263 386 490 410 149 381 755 72 338
? 9 278 366 155 309 429 587 104 170 649
? 9 284 638 55 49 678 661 529 349 782
? 9 304 138 328 161 776 282 215 51 645
? 9 313 423 450 13 161 215 282 328 374
? 9 322 206 364 65 542 390 582 395 101
? 9 325 578 474 24 774 267 268 665 342
? 9 345 434 363 627 47 145 498 698 81
? 9 368 596 548 198 769 539 637 398 226
? 9 371 154 710 793 347 726 550 683 492
? 9 384 189 731 210 549 770 606 682 344
? 9 385 403 88 746 287 666 379 779 662
? 9 389 338 381 289 397 382 199 597 288
? 9 392 713 792 723 157 552 730 669 137
? 9 396 383 79 212 777 799 653 28 377
? 9 413 378 521 93 790 110 91 492 371
? 9 415 281 536 243 584 65 359 395 757
? 9 427 611 670 763 580 586 92 4 47
? 9 439 634 642 464 307 632 727 556 260
? 9 440 78 361 293 183 594 30 351 673
? 9 444 617 775 459 237 170 787 366 416
? 9 445 623 343 436 319 737 77 209 433
? 9 448 176 398 769 152 320 782 756 678
? 9 462 798 452 327 172 317 279 394 68
? 9 471 636 122 533 721 302 559 401 297
? 9 489 231 646 467 178 555 494 673 594
? 9 497 557 612 660 718 435 68 496 124
? 9 504 404 135 582 379 101 332 310 651
? 9 509 576 200 788 244 112 701 302 395
? 9 513 48 169 685 271 61 453 733 588
? 9 520 240 545 95 236 254 300 664 132
? 9 530 105 619 716 765 780 193 534 402
? 9 572 409 372 74 132 190 53 52 300
? 9 621 129 553 481 362 795 312 618 298
? 9 630 441 116 602 535 511 146 89 493
? 9 650 620 111 239 175 558 517 436 386
? 9 656 318 679 217 227 512 443 580 195
? 9 675 515 759 729 742 537 432 408 488
? 9 687 103 220 316 485 433 360 131 343
? 9 715 534 765 234 712 457 522 150 558
? 9 725 608 25 696 546 299 21 10 285
? 9 728 306 177 221 690 760 753 618 341
? 9 741 308 355 269 70 141 315 518 668
? 9 786 483 785 37 771 99 482 340 280
? 9 789 108 749 411 607 563 518 447 784
? 9 1 543 615 569 135 506 403 600 779
? 9 12 438 35 677 734 204 373 197 417
? 9 17 153 776 672 87 51 420 393 138
? 9 18 698 645 171 627 145 672 354 374
? 9 42 703 488 432 194 589 519 408 742
? 9 44 532 186 342 629 700 267 289 397
? 9 46 505 778 688 125 783 609 487 89
? 9 66 664 254 236 95 249 671 116 146
? 9 73 735 640 196 387 667 380 233 458
? 9 90 707 112 122 636 701 695 302 588
? 9 100 127 388 246 463 391 475 36 201
? 9 114 681 739 147 609 126 125 519 641
? 9 115 502 485 78 316 220 131 361 293
? 9 121 507 655 418 377 185 311 181 799
? 9 143 437 431 484 551 495 744 540 500
? 9 156 283 265 720 457 280 150 479 771
? 9 158 250 722 736 290 217 227 195 318
? 9 159 613 297 559 697 302 333 562 122
? 9 182 399 365 754 29 62 592 689 723
? 9 214 23 454 593 124 139 84 370 235
? 9 224 151 667 640 233 533 735 387 721
? 9 241 54 614 724 130 518 607 470 86
? 9 257 40 590 407 603 26 583 30 624
? 9 261 706 768 264 79 608 212 546 696
? 9 270 581 671 24 249 0 592 66 578
? 9 273 144 600 584 506 566 527 615 543
? 9 275 312 331 50 659 272 553 419 129
? 9 277 109 148 39 323 699 753 142 661
? 9 278 366 155 309 429 587 104 170 649
? 9 284 638 55 49 678 661 529 349 782
? 9 296 773 191 539 373 438 202 35 53
? 9 304 138 328 161 776 282 215 51 645
? 9 313 423 450 13 161 215 282 328 374
? 9 322 206 364 65 542 390 582 395 101
? 9 326 756 320 152 356 782 678 448 398
? 9 337 142 790 110 376 277 521 690 380
? 9 339 666 779 136 287 237 508 459 569
? 9 345 434 363 627 47 145 498 698 81
? 9 350 327 317 462 248 719 798 579 460
? 9 384 189 731 210 549 770 606 682 344
? 9 389 338 381 289 397 382 199 597 288
? 9 400 758 601 360 654 754 62 761 628
? 9 426 787 738 170 163 446 626 775 252
? 9 442 647 561 85 578 581 774 179 654
? 9 456 408 742 466 348 641 537 519 432
? 9 461 717 11 330 242 163 657 525 321
? 9 489 231 646 467 178 555 494 673 594
? 9 497 557 612 660 718 435 68 496 124
? 9 509 576 200 788 244 112 701 302 395
? 9 523 228 329 71 476 173 598 43 421
? 9 541 658 555 16 56 646 673 676 162
? 9 573 314 568 294 321 503 704 743 218
? 9 577 477 588 695 61 527 48 584 271
? 9 585 565 743 6 573 321 446 314 80
? 9 599 547 166 473 262 187 781 388 127
? 9 616 451 118 455 720 653 468 560 777
? 9 622 416 544 662 128 587 526 309 104
? 9 630 441 116 602 535 511 146 89 493
? 9 644 480 412 113 141 668 70 549 682
? 9 648 605 501 160 67 259 171 406 272
? 9 656 318 679 217 227 512 443 580 195
? 9 663 193 716 619 334 625 610 105 657
? 9 670 611 580 427 512 227 722 217 763
? 9 675 515 759 729 742 537 432 408 488
? 9 684 258 686 7 125 609 739 167 147
? 9 694 64 425 570 510 796 625 652 216
? 9 715 534 765 234 712 457 522 150 558
? 9 725 608 25 696 546 299 21 10 285
? 9 728 306 177 221 690 760 753 618 341
? 9 772 691 123 8 57 574 3 449 762
? 9 2 369 207 665 705 226 268 752 532
? 9 5 301 225 279 711 751 708 732 702
? 9 9 419 148 699 341 405 753 312 618
? 9 14 305 499 147 291 686 235 126 681
? 9 15 770 315 189 355 308 549 480 551
? 9 17 153 776 672 87 51 420 393 138
? 9 20 595 405 286 643 473 767 295 419
? 9 22 567 669 750 487 723 348 466 157
? 9 31 631 478 693 276 346 514 101 274
? 9 32 119 352 793 154 347 710 685 371
? 9 34 353 597 319 209 436 289 623 256
? 9 38 274 307 693 709 346 478 276 260
? 9 42 703 488 432 194 589 519 408 742
? 9 45 752 629 207 700 532 255 41 199
? 9 46 505 778 688 125 783 609 487 89
? 9 52 702 190 222 711 708 460 372 719
!
145 374 450 627 
145 627
374 145
374 450
218 288 292 335 336 410 414 428 430 714 755 
755 410
414 755
714 414
292 288
714 292
428 714
335 428
430 218
335 336
430 335
62 392 730 
730 62
392 730
1 6 27 60 88 104 128 144 155 163 170 211 273 278 285 299 309 366 385 403 415 416 426 429 444 506 528 543 544 569 571 584 587 600 608 615 622 626 649 662 696 738 745 746 757 779 791 
696 608
285 696
285 299
528 285
791 211
791 745
528 791
27 528
571 27
571 60
429 571
163 6
426 163
738 426
626 738
170 626
170 429
170 444
366 170
649 104
155 649
155 366
278 155
309 278
309 587
622 309
544 622
128 544
416 128
662 416
88 662
746 88
385 746
403 385
1 403
600 1
600 779
569 600
569 543
615 569
506 615
584 415
273 584
506 273
506 144
757 506
15 69 86 108 113 117 121 156 181 185 265 303 308 324 355 418 470 483 530 655 715 740 741 747 749 765 784 786 
530 765
715 530
265 715
786 265
740 156
483 786
113 483
740 113
86 740
86 470
747 86
308 747
741 15
308 741
355 308
784 355
181 185
655 181
121 655
418 121
324 418
69 324
117 69
749 108
117 749
303 784
117 303
21 25 546 725 
25 546
25 21
725 25
337 471 728 760 
728 471
728 337
728 760
68 84 222 350 370 462 497 557 593 660 
350 222
350 462
68 350
84 593
84 370
660 84
557 68
660 557
497 660
232 345 648 
648 232
345 648
8 12 35 123 158 192 195 201 202 217 227 246 250 290 296 318 368 438 443 463 475 486 539 635 677 679 691 722 736 762 772 
475 201
192 475
246 192
539 368
539 296
463 539
246 463
202 246
202 35
438 202
677 12
677 438
486 677
691 772
8 691
123 8
762 123
486 762
635 486
195 635
736 195
217 736
217 158
443 679
318 443
227 318
217 227
250 217
250 722
290 250
26 54 70 130 141 143 178 189 210 231 241 269 315 344 384 407 411 412 431 437 447 467 480 484 489 494 495 500 518 540 549 551 563 603 606 607 614 624 644 646 668 682 724 731 744 748 770 789 
646 489
231 646
178 231
467 178
494 467
624 494
603 407
26 603
624 26
344 624
344 748
210 344
606 210
731 606
682 731
412 682
412 644
70 412
447 789
447 411
563 447
744 563
495 500
431 744
495 431
551 495
437 143
484 437
551 484
551 540
189 551
189 384
770 189
315 770
549 315
549 480
141 549
70 141
668 70
269 668
518 130
607 614
607 518
54 607
54 241
724 54
269 724
32 61 65 90 101 110 119 135 206 243 281 310 322 332 352 359 364 390 395 413 504 513 521 527 536 542 566 577 582 588 695 790 
521 790
110 521
413 110
119 413
352 119
32 352
513 32
527 566
61 513
588 61
588 90
695 588
577 695
577 527
281 577
310 135
582 504
332 310
364 101
364 322
542 364
206 542
390 395
65 390
206 65
332 206
332 582
359 332
536 281
243 536
359 243
13 17 51 106 138 153 161 184 215 282 304 313 328 354 393 420 422 423 424 469 766 776 
215 354
423 313
161 423
424 766
106 424
469 106
393 469
138 282
215 138
215 304
161 13
328 161
215 328
776 215
153 17
51 393
51 776
153 51
420 153
184 420
422 184
29 66 94 95 116 137 146 157 182 236 240 249 254 300 348 365 399 441 456 466 493 511 520 535 537 567 575 669 675 689 713 723 729 750 754 759 792 
729 575
759 675
729 759
537 729
94 537
792 94
792 137
713 792
157 713
466 157
348 466
348 456
669 348
750 669
567 750
723 567
182 723
365 182
754 365
29 754
535 441
511 535
689 511
399 29
689 399
146 689
116 493
254 66
254 249
236 254
146 236
116 146
116 95
300 116
240 300
520 240
9 87 398 448 538 596 605 769 
538 605
538 87
9 538
448 9
769 596
769 448
398 769
5 22 42 46 126 183 194 257 279 301 440 487 488 505 515 541 555 589 594 604 658 673 703 732 
279 732
301 279
301 5
505 301
487 22
505 487
46 505
126 46
183 257
589 126
589 194
488 589
703 488
42 703
515 42
604 515
658 604
440 183
594 440
673 594
555 673
555 658
541 555
20 36 48 50 75 80 92 98 127 129 136 140 142 148 169 177 187 196 221 237 271 272 275 277 286 287 295 306 312 331 339 341 357 376 380 388 405 419 446 453 458 459 473 477 491 508 550 553 565 586 595 618 621 633 659 666 680 683 685 690 699 710 726 733 753 763 767 775 787 797 
446 565
787 446
775 787
459 775
339 459
237 339
666 287
237 666
136 237
508 136
80 508
75 80
75 633
797 75
271 733
477 271
48 477
169 48
169 797
685 169
685 453
710 685
710 726
683 710
550 683
458 550
458 196
380 458
380 376
142 380
277 142
148 277
753 148
341 221
341 699
341 753
618 341
177 690
306 177
618 306
621 618
586 140
491 92
586 763
586 491
357 586
98 357
36 98
388 36
127 388
187 127
473 187
473 595
286 473
767 295
286 767
20 286
405 20
312 275
405 419
312 405
659 312
659 272
331 659
331 50
129 331
129 621
129 553
680 129
73 112 122 151 159 200 203 224 233 244 297 298 302 333 362 387 401 481 509 516 533 559 562 576 613 636 639 640 667 674 692 697 701 707 721 735 788 795 
112 701
707 112
788 509
200 788
200 244
576 200
302 576
302 159
707 302
122 707
233 224
122 721
674 401
562 674
639 203
333 639
333 562
613 333
613 697
297 613
559 297
122 559
636 122
533 636
298 516
795 298
795 362
481 795
692 481
387 73
533 151
667 533
735 387
667 735
640 667
233 640
692 233
11 33 34 41 44 45 49 55 91 93 154 199 207 213 242 253 255 284 289 294 314 321 330 338 347 353 371 378 381 382 397 461 472 492 503 525 529 568 573 597 629 638 700 704 743 752 793 
381 382
338 381
629 44
752 45
207 629
752 207
700 752
34 353
597 34
289 597
289 338
397 289
199 397
700 199
255 700
472 255
33 41
472 33
529 472
49 284
55 638
55 529
49 55
93 49
371 93
242 461
525 213
11 525
242 11
242 330
321 242
743 321
573 743
568 573
568 314
704 568
704 294
503 704
91 503
378 253
492 378
91 492
793 91
154 347
793 154
371 793
76 585 
585 76
7 14 23 58 82 89 114 124 125 139 147 167 214 225 235 258 291 305 408 432 435 454 496 499 519 602 609 612 630 641 681 684 686 688 718 739 742 751 778 783 
408 432
519 408
519 742
641 519
739 641
14 686
681 14
681 114
681 305
739 681
609 684
125 258
778 688
783 778
89 783
125 89
609 125
739 609
147 739
235 147
235 291
23 214
124 454
23 124
139 23
235 139
499 235
718 499
718 496
718 612
435 718
58 435
167 58
82 167
602 630
7 602
751 82
751 225
7 751
342 
39 59 109 152 166 176 262 323 349 547 599 661 678 781 782 
39 323
109 39
176 152
678 176
661 109
782 661
678 782
349 678
59 349
547 599
166 547
166 781
262 166
59 262
31 38 43 71 96 134 165 173 205 228 245 251 260 266 274 276 307 329 346 375 379 404 421 439 464 476 478 514 523 526 531 556 564 598 631 632 634 642 651 693 709 727 
379 404
651 379
709 260
307 709
38 307
274 38
693 274
478 693
631 478
31 631
276 31
276 346
514 276
651 514
96 651
165 96
71 165
727 43
439 634
727 439
727 266
476 727
531 205
245 531
375 245
564 375
421 564
421 251
523 421
173 523
476 173
228 476
329 228
329 598
71 329
632 71
464 556
642 464
632 642
134 632
134 526
28 64 72 77 79 83 105 111 118 149 150 175 180 188 193 209 212 216 219 223 234 239 252 261 264 280 283 311 319 334 358 377 383 396 402 425 436 445 451 455 457 468 479 507 510 517 522 534 558 560 570 591 610 619 620 623 625 650 652 653 657 663 694 706 716 717 720 737 764 768 771 777 780 785 796 799 
657 717
625 657
425 625
425 252
652 425
796 652
510 216
796 510
64 796
706 64
264 694
264 706
570 264
570 28
768 570
212 261
79 212
79 768
396 79
383 396
799 383
377 507
311 377
799 311
188 799
777 188
777 653
451 777
560 451
455 560
455 468
118 455
83 118
591 358
150 591
771 785
280 771
150 280
457 150
457 234
534 457
180 534
283 720
479 283
180 479
219 180
764 219
764 610
764 83
334 764
663 334
193 663
716 193
105 619
105 716
780 105
72 780
517 149
623 445
209 737
319 209
623 319
436 623
77 436
175 77
175 239
620 175
650 620
111 650
522 223
558 522
517 558
517 111
402 517
402 72
0 2 3 24 52 53 57 74 85 132 133 164 172 174 179 190 191 197 198 204 226 238 248 267 268 270 317 320 325 326 327 356 369 372 373 394 409 417 442 449 452 460 474 524 532 545 548 554 572 574 578 579 581 592 637 647 664 665 671 702 705 708 711 719 734 756 773 774 798 
394 172
452 394
798 452
327 798
719 327
702 52
711 708
702 711
460 702
190 372
460 190
460 719
317 460
579 317
579 248
74 579
3 74
574 554
57 574
449 57
3 449
133 3
524 174
133 524
204 133
204 734
373 204
197 373
197 417
132 197
409 572
132 409
191 132
191 53
773 191
238 773
637 548
198 637
238 198
164 238
705 164
369 705
270 0
581 270
581 592
442 581
647 442
774 647
85 179
578 85
774 578
325 774
474 325
267 474
532 267
665 532
326 356
756 326
320 756
226 320
369 226
369 2
665 369
268 665
24 268
671 24
671 664
545 671
18 19 47 67 81 160 171 259 363 406 427 434 498 501 512 580 611 645 670 672 698 
18 645
580 670
580 512
611 580
427 611
47 427
498 47
363 498
434 363
81 19
81 434
698 81
698 18
160 406
259 160
171 259
698 171
672 698
67 672
67 501
4 100 168 230 391 643 656 
168 4
391 656
391 100
230 391
168 643
230 168
617 
63 186 263 367 386 389 465 490 616 712 
386 712
386 616
389 186
263 389
367 465
63 367
263 63
490 386
263 490
10 
16 30 37 40 56 78 97 99 102 103 107 115 120 131 162 208 220 229 247 256 293 316 340 343 351 360 361 400 433 482 485 502 552 561 583 590 601 628 654 676 687 758 761 794 
794 107
56 794
16 56
676 16
247 208
676 97
676 162
247 676
552 247
761 552
601 400
761 601
229 761
628 229
131 628
256 102
561 256
654 561
360 654
360 758
103 360
687 103
131 687
131 120
78 131
78 115
485 78
433 343
316 433
220 485
220 316
502 220
361 502
293 361
30 293
590 40
583 590
30 583
340 30
99 340
99 37
482 99
351 482
