? 13 0 554 403 795 41 409 436 266 448 337 553 146 95
? 13 1 196 139 60 343 523 307 20 40 224 278 629 479
? 13 2 78 707 796 516 680 558 309 356 181 635 169 19
? 13 3 82 431 353 426 564 506 346 489 526 584 578 619
? 13 4 359 287 334 471 345 110 438 228 740 108 735 544
? 13 5 503 112 299 490 605 326 26 465 696 608 643 298
? 13 6 14 673 439 247 37 161 610 379 627 583 233 774
? 13 7 340 576 101 244 512 125 352 391 579 176 424 216
? 13 8 104 365 744 315 635 274 253 721 169 672 680 643
? 13 9 34 507 189 532 487 658 362 588 224 659 180 191
? 13 10 251 724 54 464 452 415 76 316 91 200 789 391
? 13 11 652 706 354 249 147 521 669 560 511 601 131 520
? 13 12 543 560 521 232 444 54 76 577 511 452 706 11
? 13 13 212 763 736 155 205 322 194 634 338 312 185 438
? 13 15 310 429 755 745 246 653 53 405 329 238 111 144
? 13 16 31 746 341 407 787 100 699 668 154 65 778 549
? 13 17 712 96 596 688 612 193 370 775 785 729 527 369
? 13 18 530 243 105 283 28 738 234 115 339 616 594 322
? 13 21 663 58 547 467 625 458 320 609 129 603 183 291
? 13 22 372 350 572 398 86 461 357 425 367 303 762 799
? 13 23 716 279 614 386 219 68 730 157 754 114 456 250
? 13 24 469 36 655 270 697 667 595 741 72 198 314 784
? 13 25 661 394 654 682 632 420 387 57 502 734 580 392
? 13 27 575 74 446 258 400 766 229 751 392 437 377 734
? 13 29 272 732 542 416 239 145 613 121 550 360 245 646
? 13 30 758 743 209 331 203 222 268 93 265 771 499 470
? 13 32 163 217 376 141 556 136 733 172 778 746 705 747
? 13 33 90 631 776 535 103 606 306 797 318 460 603 768
? 13 35 84 138 120 472 282 541 230 235 581 411 208 685
? 13 38 494 679 284 267 443 174 434 89 297 592 427 117
? 13 39 569 195 218 184 545 753 721 159 128 317 231 421
? 13 42 739 475 167 269 302 135 389 641 289 691 191 94
? 13 43 121 360 613 145 732 416 142 29 272 550 542 239
? 13 44 412 51 406 714 64 186 528 670 718 252 344 402
? 13 45 275 349 691 191 362 225 289 292 20 375 189 641
? 13 46 95 337 454 409 218 795 545 569 753 195 317 477
? 13 47 672 481 169 19 440 328 329 55 310 745 707 363
? 13 48 676 571 585 476 683 428 199 513 563 324 441 88
? 13 49 388 586 200 415 433 534 291 524 579 576 464 724
? 13 50 604 381 473 757 281 93 741 784 771 314 583 265
? 13 52 385 752 598 455 256 126 338 312 703 205 759 607
? 13 56 794 168 626 549 778 264 172 748 100 787 705 525
? 13 59 637 335 88 441 254 358 627 298 538 696 676 774
? 13 61 792 69 143 85 690 237 709 408 173 684 124 396
? 13 62 639 177 785 698 710 693 788 193 775 80 772 66
? 13 63 410 611 288 133 675 646 536 239 245 533 542 550
? 13 67 158 333 444 236 149 591 717 722 130 71 240 726
? 13 70 687 715 487 548 296 34 532 9 749 659 180 658
? 13 73 179 211 456 474 114 524 250 279 291 534 68 219
? 13 75 525 650 640 264 782 164 395 748 662 645 626 56
? 13 77 301 647 624 492 213 107 344 109 718 480 509 321
? 13 79 153 289 641 225 167 484 45 42 443 475 739 275
? 13 81 477 501 294 795 605 26 454 286 41 689 403 146
? 13 83 701 396 435 770 413 649 684 69 449 85 98 414
? 13 87 470 574 277 222 665 505 268 781 499 107 213 221
? 13 92 160 214 361 300 537 555 573 201 619 786 346 436
? 13 97 266 553 146 448 403 41 566 554 0 436 201 573
? 13 99 450 657 522 417 666 761 276 798 261 459 617 330
? 13 102 290 150 754 496 723 369 370 614 730 219 712 527
? 13 106 342 336 622 786 584 681 619 564 300 426 160 526
? 13 113 323 678 703 628 256 651 156 313 519 257 517 544
? 13 116 132 600 226 241 708 262 223 422 276 442 482 798
? 13 118 327 122 451 618 670 203 331 499 406 268 714 758
? 13 119 630 587 779 468 711 72 567 188 615 259 371 790
? 13 123 423 620 662 642 737 748 206 790 371 260 525 709
? 13 127 364 57 502 661 227 719 466 25 682 734 394 229
? 13 134 675 263 533 671 633 646 550 479 40 278 239 242
? 13 137 210 418 783 727 182 725 695 382 207 493 351 668
? 13 140 546 664 89 552 325 780 162 355 484 234 225 28
? 13 148 697 270 769 655 595 215 522 164 36 657 459 782
? 13 151 747 152 204 699 704 511 577 570 293 32 746 163
? 13 165 304 117 297 717 390 728 427 420 793 434 267 520
? 13 166 463 273 764 377 446 258 767 208 437 235 400 453
? 13 170 363 383 405 55 745 246 755 440 742 393 481 674
? 13 171 348 430 705 645 395 172 504 644 264 168 376 698
? 13 175 514 539 615 711 188 468 259 587 567 649 173 684
? 13 178 588 658 659 532 242 671 224 34 9 633 189 296
? 13 187 292 634 185 375 60 196 343 349 194 20 139 275
? 13 190 531 462 228 345 288 536 110 287 133 4 359 63
? 13 192 157 386 316 197 716 23 464 68 599 565 789 250
? 13 202 689 26 428 286 563 294 335 490 676 48 298 696
? 13 220 759 756 485 628 562 313 256 111 380 323 385 598
? 13 248 529 231 384 317 753 159 195 184 346 421 353 218
? 13 255 582 330 66 261 442 482 80 617 223 710 276 708
? 13 271 540 768 559 411 541 230 318 660 472 797 460 581
? 13 280 486 602 399 568 445 519 156 651 319 308 257 483
? 13 285 497 309 558 356 796 181 78 720 516 713 621 2
? 13 295 515 457 305 478 557 686 404 368 495 355 589 162
? 13 311 453 767 764 235 685 581 208 463 660 166 230 541
? 13 332 700 692 132 509 262 321 600 116 492 798 508 623
? 13 347 526 506 489 426 681 564 431 584 578 3 367 82
? 13 366 402 252 528 765 374 64 480 186 109 432 344 44
? 13 373 590 94 302 135 739 475 749 389 42 180 167 269
? 13 378 561 421 773 159 184 128 425 372 357 636 398 86
? 13 397 722 130 491 591 176 71 236 333 282 125 149 766
? 13 401 621 731 380 356 562 328 497 329 756 19 759 707
? 13 419 508 729 96 596 612 688 527 17 600 712 241 370
? 13 447 518 510 303 144 674 593 799 762 483 86 653 357
? 13 488 638 677 656 254 259 702 567 539 298 188 696 637
? 13 498 791 616 760 594 115 283 105 607 738 243 530 497
? 13 500 665 714 718 574 213 499 406 618 670 51 344 624
? 13 551 597 568 519 544 651 156 399 602 113 486 678 280
? 13 648 799 674 393 357 86 636 383 773 128 378 170 363
? 13 694 483 308 593 319 447 445 280 486 303 518 510 144
? 13 750 91 789 733 599 565 293 136 556 570 704 316 217
? 13 777 623 221 781 798 321 107 666 417 277 262 99 87
? 13 5 503 112 299 490 605 326 26 465 696 608 643 298
? 13 16 31 746 341 407 787 100 699 668 154 65 778 549
? 13 18 530 243 105 283 28 738 234 115 339 616 594 322
? 13 30 758 743 209 331 203 222 268 93 265 771 499 470
? 13 39 569 195 218 184 545 753 721 159 128 317 231 421
? 13 53 445 429 653 238 144 15 319 517 257 510 310 755
? 13 75 525 650 640 264 782 164 395 748 662 645 626 56
? 13 90 631 776 33 103 603 797 460 535 183 318 306 606
? 13 102 290 150 754 496 723 369 370 614 730 219 712 527
? 13 124 382 690 207 695 414 143 493 61 182 98 783 713
? 13 142 613 360 121 43 732 145 29 272 416 542 245 239
? 13 147 249 669 131 589 368 404 601 495 686 725 478 557
? 13 148 697 270 769 655 595 215 522 164 36 657 459 782
? 13 171 348 430 705 645 395 172 504 644 264 168 376 698
? 13 199 513 571 683 563 476 428 48 689 676 286 585 202
? 13 206 260 790 640 662 650 779 525 123 620 75 748 72
? 13 211 474 179 73 129 291 534 320 524 456 433 250 609
? 13 216 424 726 391 352 452 149 71 340 7 101 576 591
? 13 233 379 538 161 37 324 673 585 88 441 439 627 6
? 13 247 610 439 583 627 6 673 774 14 37 161 358 379
? 13 253 315 721 365 545 39 8 569 744 742 636 128 104
? 13 273 166 463 764 446 258 377 208 767 437 575 235 400
? 13 274 744 465 8 643 449 413 608 104 770 435 299 326
? 13 295 515 457 305 478 557 686 404 368 495 355 589 162
? 13 304 717 165 390 117 297 420 580 793 728 158 240 654
? 13 347 526 506 489 426 681 564 431 584 578 3 367 82
? 13 351 457 418 515 495 760 686 738 339 137 783 498 295
? 13 366 402 252 528 765 374 64 480 186 109 432 344 44
? 13 373 590 94 302 135 739 475 749 389 42 180 167 269
? 13 422 241 708 226 612 482 688 775 729 600 116 66 582
? 13 423 123 642 737 620 662 748 626 371 709 100 787 525
? 13 451 122 118 327 203 265 618 331 670 30 771 758 499
? 13 458 625 663 547 58 467 21 603 183 609 460 797 103
? 13 471 740 108 334 287 629 4 194 523 307 185 139 343
? 13 488 638 677 656 254 259 702 567 539 298 188 696 637
? 13 500 665 714 718 574 213 499 406 618 670 51 344 624
? 13 507 9 180 191 389 189 362 269 34 691 749 487 532
? 13 512 101 125 7 340 244 576 176 352 579 491 391 71
? 13 514 175 539 649 615 711 449 188 259 468 684 435 413
? 13 543 12 444 232 560 521 452 726 54 216 424 149 76
? 13 555 361 92 573 346 436 160 201 619 300 448 82 214
? 13 592 174 601 557 305 478 434 679 368 284 354 427 404
? 13 597 551 568 519 602 399 156 651 280 486 544 113 257
? 13 622 336 342 106 786 681 584 564 347 619 300 526 426
? 13 687 70 715 487 548 296 34 532 749 9 180 659 658
? 13 701 770 435 83 413 396 649 449 684 69 85 98 465
? 13 735 312 438 338 752 703 678 544 359 4 256 52 113
? 13 736 212 13 763 155 194 634 322 185 205 338 438 312
? 13 788 693 177 772 639 785 62 496 193 290 150 712 754
? 13 1 196 139 60 343 523 307 20 40 224 278 629 479
? 13 5 503 112 299 490 605 326 26 465 696 608 643 298
? 13 10 251 724 54 464 452 415 76 316 91 200 789 391
? 13 16 31 746 341 407 787 100 699 668 154 65 778 549
? 13 18 530 243 105 283 28 738 234 115 339 616 594 322
? 13 22 372 350 572 398 86 461 357 425 367 303 762 799
? 13 23 716 279 614 386 219 68 730 157 754 114 456 250
? 13 24 469 36 655 270 697 667 595 741 72 198 314 784
? 13 38 494 679 284 267 443 174 434 89 297 592 427 117
? 13 46 95 337 454 409 218 795 545 569 753 195 317 477
? 13 47 672 481 169 19 440 328 329 55 310 745 707 363
? 13 49 388 586 200 415 433 534 291 524 579 576 464 724
? 13 53 445 429 653 238 144 15 319 517 257 510 310 755
? 13 59 637 335 88 441 254 358 627 298 538 696 676 774
? 13 74 229 751 466 227 719 27 734 400 392 437 575 387
? 13 77 301 647 624 492 213 107 344 109 718 480 509 321
? 13 78 516 796 2 558 309 680 181 707 356 635 285 713
? 13 79 153 289 641 225 167 484 45 42 443 475 739 275
? 13 90 631 776 33 103 603 797 460 535 183 318 306 606
? 13 102 290 150 754 496 723 369 370 614 730 219 712 527
? 13 120 35 84 235 541 138 230 581 208 282 685 472 453
? 13 124 382 690 207 695 414 143 493 61 182 98 783 713
? 13 126 455 598 385 607 52 380 594 562 115 759 791 616
? 13 127 364 57 502 661 227 719 466 25 682 734 394 229
? 13 134 675 263 533 671 633 646 550 479 40 278 239 242
? 13 140 546 664 89 552 325 780 162 355 484 234 225 28
? 13 141 32 163 778 376 217 172 549 100 746 787 794 168
? 13 142 613 360 121 43 732 145 29 272 416 542 245 239
? 13 148 697 270 769 655 595 215 522 164 36 657 459 782
? 13 151 747 152 204 699 704 511 577 570 293 32 746 163
? 13 171 348 430 705 645 395 172 504 644 264 168 376 698
? 13 178 588 658 659 532 242 671 224 34 9 633 189 296
? 13 187 292 634 185 375 60 196 343 349 194 20 139 275
? 13 190 531 462 228 345 288 536 110 287 133 4 359 63
? 13 197 565 599 386 316 772 192 157 789 693 750 23 716
? 13 199 513 571 683 563 476 428 48 689 676 286 585 202
? 13 206 260 790 640 662 650 779 525 123 620 75 748 72
? 13 210 137 418 783 727 182 725 695 207 382 668 341 407
? 13 220 759 756 485 628 562 313 256 111 380 323 385 598
? 13 223 442 276 261 330 482 226 582 708 255 66 116 666
? 13 237 173 709 792 85 371 69 684 61 737 620 468 711
? 13 247 610 439 583 627 6 673 774 14 37 161 358 379
? 13 248 529 231 384 317 753 159 195 184 346 421 353 218
? 13 271 540 768 559 411 541 230 318 660 472 797 460 581
? 13 273 166 463 764 446 258 377 208 767 437 575 235 400
? 13 274 744 465 8 643 449 413 608 104 770 435 299 326
? 13 277 505 87 470 417 769 222 215 574 777 522 781 209
? 13 281 381 50 774 583 757 604 473 784 702 358 610 771
? 13 311 453 767 764 235 685 581 208 463 660 166 230 541
? 13 332 700 692 132 509 262 321 600 116 492 798 508 623
? 13 333 67 158 236 722 591 130 149 71 397 766 444 726
? 13 366 402 252 528 765 374 64 480 186 109 432 344 44
? 13 373 590 94 302 135 739 475 749 389 42 180 167 269
? 13 410 611 63 288 245 646 133 239 675 542 536 550 533
? 13 412 51 44 406 714 64 186 718 670 500 344 528 618
? 13 419 508 729 96 596 612 688 527 17 600 712 241 370
? 13 422 241 708 226 612 482 688 775 729 600 116 66 582
? 13 423 123 642 737 620 662 748 626 371 709 100 787 525
? 13 451 122 118 327 203 265 618 331 670 30 771 758 499
? 13 458 625 663 547 58 467 21 603 183 609 460 797 103
? 13 488 638 677 656 254 259 702 567 539 298 188 696 637
? 13 501 294 81 477 286 41 146 689 795 403 26 266 563
? 13 512 101 125 7 340 244 576 176 352 579 491 391 71
? 13 514 175 539 649 615 711 449 188 259 468 684 435 413
? 13 537 214 300 160 92 786 361 342 106 573 555 336 619
? 13 543 12 444 232 560 521 452 726 54 216 424 149 76
? 13 553 97 448 266 554 403 146 566 436 201 41 0 573
? 13 593 483 694 308 319 447 518 445 510 144 653 53 303
? 13 597 551 568 519 602 399 156 651 280 486 544 113 257
? 13 622 336 342 106 786 681 584 564 347 619 300 526 426
? 13 630 119 779 587 72 567 468 188 711 615 259 656 790
? 13 632 394 682 420 793 25 661 390 502 590 153 297 654
? 13 648 799 674 393 357 86 636 383 773 128 378 170 363
? 13 652 11 706 354 249 147 511 669 560 521 131 601 577
? 13 687 70 715 487 548 296 34 532 749 9 180 659 658
? 13 720 713 493 181 414 695 98 783 382 285 124 309 207
? 13 731 401 621 329 328 380 111 562 19 756 356 485 759
? 13 735 312 438 338 752 703 678 544 359 4 256 52 113
? 13 736 212 13 763 155 194 634 322 185 205 338 438 312
? 13 761 459 617 657 450 99 644 522 261 504 330 782 164
? 13 5 503 112 299 490 605 326 26 465 696 608 643 298
? 13 16 31 746 341 407 787 100 699 668 154 65 778 549
? 13 18 530 243 105 283 28 738 234 115 339 616 594 322
? 13 78 516 796 2 558 309 680 181 707 356 635 285 713
? 13 90 631 776 33 103 603 797 460 535 183 318 306 606
? 13 102 290 150 754 496 723 369 370 614 730 219 712 527
? 13 142 613 360 121 43 732 145 29 272 416 542 245 239
? 13 148 697 270 769 655 595 215 522 164 36 657 459 782
? 13 171 348 430 705 645 395 172 504 644 264 168 376 698
? 13 177 693 639 788 62 785 772 193 698 710 775 496 17
? 13 199 513 571 683 563 476 428 48 689 676 286 585 202
? 13 206 260 790 640 662 650 779 525 123 620 75 748 72
? 13 211 474 179 73 129 291 534 320 524 456 433 250 609
? 13 221 623 781 777 321 107 692 213 798 574 87 77 277
? 13 223 442 276 261 330 482 226 582 708 255 66 116 666
? 13 233 379 538 161 37 324 673 585 88 441 439 627 6
? 13 240 580 387 392 654 766 236 158 575 734 27 717 333
? 13 246 755 405 745 170 653 383 144 363 510 55 15 310
? 13 247 610 439 583 627 6 673 774 14 37 161 358 379
? 13 253 315 721 365 545 39 8 569 744 742 636 128 104
? 13 273 166 463 764 446 258 377 208 767 437 575 235 400
? 13 274 744 465 8 643 449 413 608 104 770 435 299 326
? 13 304 717 165 390 117 297 420 580 793 728 158 240 654
? 13 351 457 418 515 495 760 686 738 339 137 783 498 295
? 13 366 402 252 528 765 374 64 480 186 109 432 344 44
? 13 373 590 94 302 135 739 475 749 389 42 180 167 269
? 13 397 722 130 491 591 176 71 236 333 282 125 149 766
? 13 408 154 143 65 668 61 792 737 709 182 690 207 124
? 13 422 241 708 226 612 482 688 775 729 600 116 66 582
? 13 423 123 642 737 620 662 748 626 371 709 100 787 525
? 13 451 122 118 327 203 265 618 331 670 30 771 758 499
? 13 458 625 663 547 58 467 21 603 183 609 460 797 103
? 13 471 740 108 334 287 629 4 194 523 307 185 139 343
? 13 488 638 677 656 254 259 702 567 539 298 188 696 637
? 13 507 9 180 191 389 189 362 269 34 691 749 487 532
? 13 512 101 125 7 340 244 576 176 352 579 491 391 71
? 13 514 175 539 649 615 711 449 188 259 468 684 435 413
? 13 520 728 427 354 117 706 434 521 232 174 592 165 11
? 13 543 12 444 232 560 521 452 726 54 216 424 149 76
? 13 553 97 448 266 554 403 146 566 436 201 41 0 573
? 13 555 361 92 573 346 436 160 201 619 300 448 82 214
? 13 578 367 489 461 506 572 431 526 426 347 3 353 564
? 13 589 368 404 131 686 495 669 478 557 305 601 147 249
? 13 593 483 694 308 319 447 518 445 510 144 653 53 303
? 13 596 96 712 370 527 17 369 688 612 419 729 193 102
? 13 597 551 568 519 602 399 156 651 280 486 544 113 257
? 13 599 565 789 197 316 750 91 192 733 386 157 772 293
? 13 622 336 342 106 786 681 584 564 347 619 300 526 426
? 13 687 70 715 487 548 296 34 532 749 9 180 659 658
? 13 701 770 435 83 413 396 649 449 684 69 85 98 465
? 13 720 713 493 181 414 695 98 783 382 285 124 309 207
? 13 735 312 438 338 752 703 678 544 359 4 256 52 113
? 13 736 212 13 763 155 194 634 322 185 205 338 438 312
? 13 747 151 152 204 704 699 570 577 293 511 32 163 556
? 13 794 56 549 626 168 778 100 172 748 264 787 642 141
? 13 1 196 139 60 343 523 307 20 40 224 278 629 479
? 13 5 503 112 299 490 605 326 26 465 696 608 643 298
? 13 10 251 724 54 464 452 415 76 316 91 200 789 391
? 13 16 31 746 341 407 787 100 699 668 154 65 778 549
? 13 18 530 243 105 283 28 738 234 115 339 616 594 322
? 13 22 372 350 572 398 86 461 357 425 367 303 762 799
? 13 23 716 279 614 386 219 68 730 157 754 114 456 250
? 13 24 469 36 655 270 697 667 595 741 72 198 314 784
? 13 38 494 679 284 267 443 174 434 89 297 592 427 117
? 13 46 95 337 454 409 218 795 545 569 753 195 317 477
? 13 47 672 481 169 19 440 328 329 55 310 745 707 363
? 13 49 388 586 200 415 433 534 291 524 579 576 464 724
? 13 59 637 335 88 441 254 358 627 298 538 696 676 774
? 13 74 229 751 466 227 719 27 734 400 392 437 575 387
? 13 78 516 796 2 558 309 680 181 707 356 635 285 713
? 13 79 153 289 641 225 167 484 45 42 443 475 739 275
? 13 80 66 710 582 482 255 698 775 193 442 330 422 708
? 13 90 631 776 33 103 603 797 460 535 183 318 306 606
? 13 93 741 314 604 473 198 667 50 743 209 30 469 381
? 13 120 35 84 235 541 138 230 581 208 282 685 472 453
? 13 126 455 598 385 607 52 380 594 562 115 759 791 616
? 13 127 364 57 502 661 227 719 466 25 682 734 394 229
? 13 134 675 263 533 671 633 646 550 479 40 278 239 242
? 13 136 733 556 217 376 163 750 32 293 704 570 141 91
? 13 140 546 664 89 552 325 780 162 355 484 234 225 28
? 13 142 613 360 121 43 732 145 29 272 416 542 245 239
? 13 148 697 270 769 655 595 215 522 164 36 657 459 782
? 13 171 348 430 705 645 395 172 504 644 264 168 376 698
? 13 178 588 658 659 532 242 671 224 34 9 633 189 296
? 13 187 292 634 185 375 60 196 343 349 194 20 139 275
? 13 190 531 462 228 345 288 536 110 287 133 4 359 63
? 13 199 513 571 683 563 476 428 48 689 676 286 585 202
? 13 206 260 790 640 662 650 779 525 123 620 75 748 72
? 13 210 137 418 783 727 182 725 695 207 382 668 341 407
? 13 220 759 756 485 628 562 313 256 111 380 323 385 598
? 13 223 442 276 261 330 482 226 582 708 255 66 116 666
? 13 247 610 439 583 627 6 673 774 14 37 161 358 379
? 13 248 529 231 384 317 753 159 195 184 346 421 353 218
? 13 271 540 768 559 411 541 230 318 660 472 797 460 581
? 13 273 166 463 764 446 258 377 208 767 437 575 235 400
? 13 274 744 465 8 643 449 413 608 104 770 435 299 326
? 13 277 505 87 470 417 769 222 215 574 777 522 781 209
? 13 281 381 50 774 583 757 604 473 784 702 358 610 771
? 13 301 77 492 647 624 509 109 480 213 107 692 344 432
? 13 311 453 767 764 235 685 581 208 463 660 166 230 541
? 13 320 21 129 58 663 467 547 609 291 474 458 625 179
? 13 332 700 692 132 509 262 321 600 116 492 798 508 623
? 13 366 402 252 528 765 374 64 480 186 109 432 344 44
? 13 373 590 94 302 135 739 475 749 389 42 180 167 269
? 13 410 611 63 288 245 646 133 239 675 542 536 550 533
? 13 412 51 44 406 714 64 186 718 670 500 344 528 618
? 13 423 123 642 737 620 662 748 626 371 709 100 787 525
? 13 451 122 118 327 203 265 618 331 670 30 771 758 499
? 13 488 638 677 656 254 259 702 567 539 298 188 696 637
? 13 498 791 616 760 594 115 283 105 607 738 243 530 497
? 13 512 101 125 7 340 244 576 176 352 579 491 391 71
? 13 514 175 539 649 615 711 449 188 259 468 684 435 413
? 13 537 214 300 160 92 786 361 342 106 573 555 336 619
? 13 543 12 444 232 560 521 452 726 54 216 424 149 76
? 13 553 97 448 266 554 403 146 566 436 201 41 0 573
? 13 561 378 425 421 159 398 184 372 350 773 353 384 128
? 13 578 367 489 461 506 572 431 526 426 347 3 353 564
? 13 589 368 404 131 686 495 669 478 557 305 601 147 249
? 13 593 483 694 308 319 447 518 445 510 144 653 53 303
? 13 596 96 712 370 527 17 369 688 612 419 729 193 102
? 13 597 551 568 519 602 399 156 651 280 486 544 113 257
? 13 599 565 789 197 316 750 91 192 733 386 157 772 293
? 13 622 336 342 106 786 681 584 564 347 619 300 526 426
? 13 630 119 779 587 72 567 468 188 711 615 259 656 790
? 13 648 799 674 393 357 86 636 383 773 128 378 170 363
? 13 687 70 715 487 548 296 34 532 749 9 180 659 658
? 13 720 713 493 181 414 695 98 783 382 285 124 309 207
? 13 731 401 621 329 328 380 111 562 19 756 356 485 759
? 13 735 312 438 338 752 703 678 544 359 4 256 52 113
? 13 736 212 13 763 155 194 634 322 185 205 338 438 312
? 13 747 151 152 204 704 699 570 577 293 511 32 163 556
? 13 761 459 617 657 450 99 644 522 261 504 330 782 164
? 13 5 503 112 299 490 605 326 26 465 696 608 643 298
? 13 16 31 746 341 407 787 100 699 668 154 65 778 549
? 13 18 530 243 105 283 28 738 234 115 339 616 594 322
? 13 23 716 279 614 386 219 68 730 157 754 114 456 250
? 13 78 516 796 2 558 309 680 181 707 356 635 285 713
? 13 90 631 776 33 103 603 797 460 535 183 318 306 606
? 13 142 613 360 121 43 732 145 29 272 416 542 245 239
? 13 148 697 270 769 655 595 215 522 164 36 657 459 782
? 13 171 348 430 705 645 395 172 504 644 264 168 376 698
? 13 173 237 85 69 684 709 792 371 61 468 396 711 737
? 13 177 693 639 788 62 785 772 193 698 710 775 496 17
? 13 199 513 571 683 563 476 428 48 689 676 286 585 202
? 13 206 260 790 640 662 650 779 525 123 620 75 748 72
? 13 211 474 179 73 129 291 534 320 524 456 433 250 609
? 13 223 442 276 261 330 482 226 582 708 255 66 116 666
? 13 233 379 538 161 37 324 673 585 88 441 439 627 6
? 13 246 755 405 745 170 653 383 144 363 510 55 15 310
? 13 247 610 439 583 627 6 673 774 14 37 161 358 379
? 13 253 315 721 365 545 39 8 569 744 742 636 128 104
? 13 273 166 463 764 446 258 377 208 767 437 575 235 400
? 13 274 744 465 8 643 449 413 608 104 770 435 299 326
? 13 277 505 87 470 417 769 222 215 574 777 522 781 209
? 13 304 717 165 390 117 297 420 580 793 728 158 240 654
? 13 323 113 628 678 313 256 703 651 220 517 156 485 257
? 13 335 59 637 441 298 88 202 696 676 254 490 428 48
? 13 345 110 228 531 359 462 287 4 190 544 334 471 735
? 13 351 457 418 515 495 760 686 738 339 137 783 498 295
? 13 366 402 252 528 765 374 64 480 186 109 432 344 44
? 13 373 590 94 302 135 739 475 749 389 42 180 167 269
? 13 397 722 130 491 591 176 71 236 333 282 125 149 766
? 13 422 241 708 226 612 482 688 775 729 600 116 66 582
? 13 423 123 642 737 620 662 748 626 371 709 100 787 525
? 13 451 122 118 327 203 265 618 331 670 30 771 758 499
!
1 7 9 10 11 18 20 29 34 40 42 43 45 49 54 56 60 63 67 70 71 73 75 79 90 94 101 105 108 114 120 121 125 126 133 134 135 137 139 142 145 148 151 152 153 158 167 171 176 178 180 182 185 187 189 191 194 196 200 210 212 216 224 225 239 242 244 245 251 263 264 265 269 272 275 278 282 287 288 289 290 292 296 302 307 311 325 340 343 348 349 352 354 360 362 373 375 387 388 389 390 391 410 415 416 424 430 433 452 455 458 475 479 484 487 491 498 507 511 512 514 520 523 524 532 533 536 542 548 550 555 570 576 579 586 587 588 589 590 599 611 613 617 629 630 633 634 638 640 641 646 650 658 659 664 671 675 682 687 691 698 704 706 709 715 732 736 739 740 747 749 771 780 794 
587 265
126 555
638 771
587 514
630 638
587 630
709 587
794 709
120 311
458 120
458 90
388 458
137 182
210 137
151 210
430 617
75 148
430 698
56 794
264 56
650 640
75 650
264 75
348 264
430 171
430 348
599 430
570 599
354 589
354 520
11 354
11 706
511 11
511 747
151 511
152 151
704 152
570 704
251 570
114 290
390 387
114 73
524 114
388 433
388 524
49 388
200 49
586 200
415 251
586 415
579 586
576 579
125 576
491 282
176 512
491 176
125 491
125 244
7 125
340 216
54 10
424 54
452 424
391 452
101 7
391 101
352 391
340 352
71 340
67 71
158 67
390 158
682 390
79 682
780 664
780 325
18 780
126 455
498 126
105 498
18 105
736 18
212 736
194 212
740 194
613 29
613 142
360 613
732 360
675 263
63 675
536 63
410 536
542 410
245 239
542 611
145 43
121 145
732 121
272 732
245 272
416 245
416 542
550 416
487 507
532 178
658 296
532 588
659 532
658 659
715 658
70 715
70 687
548 70
487 548
34 487
60 139
196 60
523 196
287 740
133 287
133 288
550 133
646 550
533 646
40 533
629 40
523 629
634 187
185 634
108 185
523 108
343 523
242 633
242 134
671 242
278 671
278 479
307 278
307 1
343 307
224 343
191 224
45 475
153 45
590 153
167 42
590 167
135 373
739 135
590 739
302 590
269 302
269 94
389 269
749 389
749 180
9 749
9 34
362 9
189 362
191 189
20 191
375 292
275 375
349 20
275 349
484 275
225 484
289 225
641 79
289 641
691 289
0 2 3 4 5 6 8 12 13 14 15 16 17 19 21 22 23 24 25 26 27 28 30 31 32 33 35 36 37 38 39 41 44 46 47 48 50 51 52 53 55 57 58 59 61 62 64 65 66 68 69 72 74 76 77 78 80 81 82 83 84 85 86 87 88 89 91 92 93 95 96 97 98 99 100 102 103 104 106 107 109 110 111 112 113 115 116 117 118 119 122 123 124 127 128 129 130 131 132 136 138 140 141 143 144 146 147 149 150 154 155 156 157 159 160 161 162 163 164 165 166 168 169 170 172 173 174 175 177 179 181 183 184 186 188 190 192 193 195 197 198 199 201 202 203 204 205 206 207 208 209 211 213 214 215 217 218 219 220 221 222 223 226 227 228 229 230 231 232 233 234 235 236 237 238 240 241 243 246 247 248 249 250 252 253 254 255 256 257 258 259 260 261 262 266 267 268 270 271 273 274 276 277 279 280 281 283 284 285 286 291 293 294 295 297 298 299 300 301 303 304 305 306 308 309 310 312 313 314 315 316 317 318 319 320 321 322 323 324 326 327 328 329 330 331 332 333 334 335 336 337 338 339 341 342 344 345 346 347 350 351 353 355 356 357 358 359 361 363 364 365 366 367 368 369 370 371 372 374 376 377 378 379 380 381 382 383 384 385 386 392 393 394 395 396 397 398 399 400 401 402 403 404 405 406 407 408 409 411 412 413 414 417 418 419 420 421 422 423 425 426 427 428 429 431 432 434 435 436 437 438 439 440 441 442 443 444 445 446 447 448 449 450 451 453 454 456 457 459 460 461 462 463 464 465 466 467 468 469 470 471 472 473 474 476 477 478 480 481 482 483 485 486 488 489 490 492 493 494 495 496 497 499 500 501 502 503 504 505 506 508 509 510 513 515 516 517 518 519 521 522 525 526 527 528 529 530 531 534 535 537 538 539 540 541 543 544 545 546 547 549 551 552 553 554 556 557 558 559 560 561 562 563 564 565 566 567 568 569 571 572 573 574 575 577 578 580 581 582 583 584 585 591 592 593 594 595 596 597 598 600 601 602 603 604 605 606 607 608 609 610 612 614 615 616 618 619 620 621 622 623 624 625 626 627 628 631 632 635 636 637 639 642 643 644 645 647 648 649 651 652 653 654 655 656 657 660 661 662 663 665 666 667 668 669 670 672 673 674 676 677 678 679 680 681 683 684 685 686 688 689 690 692 693 694 695 696 697 699 700 701 702 703 705 707 708 710 711 712 713 714 716 717 718 719 720 721 722 723 724 725 726 727 728 729 730 731 733 734 735 737 738 741 742 743 744 745 746 748 750 751 752 753 754 755 756 757 758 759 760 761 762 763 764 765 766 767 768 769 770 772 773 774 775 776 777 778 779 781 782 783 784 785 786 787 788 789 790 791 792 793 795 796 797 798 799 
444 543
560 444
12 560
232 12
521 232
131 521
601 131
249 147
601 249
652 601
577 652
577 204
76 577
789 76
136 750
733 136
789 733
464 724
316 464
789 316
91 789
217 91
376 217
710 80
17 596
193 17
785 193
693 785
772 693
197 565
772 197
772 788
639 772
62 639
177 62
710 177
330 710
504 330
293 163
556 293
376 556
376 32
645 644
504 645
705 376
172 705
172 168
395 172
504 395
459 504
782 459
782 164
662 782
778 141
31 16
699 31
790 123
790 206
662 790
525 662
748 525
642 748
642 423
626 642
100 626
778 100
746 778
699 746
341 699
407 341
668 407
65 668
65 154
787 65
787 549
737 787
620 737
260 779
620 260
371 620
468 371
684 175
684 468
684 711
83 684
465 274
672 104
19 47
19 55
169 19
440 169
440 481
672 440
635 672
635 680
8 635
701 83
701 85
465 701
503 5
503 112
490 503
608 490
605 326
605 26
465 605
465 643
608 465
608 744
299 608
8 299
721 8
721 315
365 721
365 253
545 365
399 568
238 399
486 319
431 3
506 431
489 347
353 421
353 578
367 353
336 622
681 342
564 681
584 564
526 584
300 526
336 300
619 336
619 106
82 619
506 82
489 506
426 489
367 426
398 367
303 762
398 303
22 398
403 454
795 403
795 95
81 795
517 238
429 517
310 15
429 310
308 486
308 53
694 308
755 246
405 755
144 405
694 593
483 694
653 429
445 653
510 483
445 510
144 445
144 447
518 144
363 745
773 363
636 773
636 742
799 636
799 170
518 799
674 518
393 648
674 393
674 383
357 674
86 357
372 86
350 372
22 350
461 22
572 461
425 572
573 201
561 425
128 561
128 195
128 378
184 128
46 337
409 46
569 409
569 545
569 39
753 569
753 218
317 753
248 317
529 248
231 529
384 184
231 384
159 231
346 159
361 346
537 786
214 537
160 361
92 160
214 92
573 214
448 573
436 448
566 436
97 566
41 501
97 553
146 97
266 554
0 266
41 0
41 146
477 41
81 477
294 81
286 294
324 161
585 324
202 88
585 233
676 441
48 585
48 676
476 48
683 476
513 683
571 513
571 199
563 571
428 563
689 428
202 286
202 689
298 202
637 335
637 59
637 488
637 298
696 637
358 696
673 439
37 14
6 247
37 6
673 37
379 673
583 358
583 379
627 538
583 774
627 583
610 627
281 610
757 281
50 757
314 50
741 314
72 119
36 72
198 36
198 469
24 198
667 24
270 215
595 270
667 595
741 667
604 741
381 604
473 381
93 473
743 93
222 743
209 268
222 209
499 222
30 331
499 30
122 451
758 122
203 758
203 499
327 203
618 327
118 670
618 118
714 618
528 366
492 700
509 492
692 509
109 647
718 624
406 718
714 406
51 714
500 51
412 500
528 412
301 77
109 301
252 44
765 252
374 765
528 374
528 402
186 528
480 186
432 480
109 432
344 109
344 64
213 344
213 107
692 213
321 692
623 321
777 623
221 781
777 221
417 777
522 417
255 482
255 582
261 255
761 261
470 277
574 665
87 574
505 87
470 505
522 470
522 697
769 655
522 769
657 522
450 657
99 761
99 450
666 99
276 666
422 276
262 223
262 332
132 262
132 798
116 132
226 422
226 442
66 775
226 708
116 226
66 116
241 66
600 508
612 241
612 600
96 612
729 96
729 419
729 688
527 729
370 527
219 496
369 712
370 369
219 370
219 456
150 219
386 23
279 386
723 102
150 723
754 150
279 754
730 279
157 192
716 157
614 716
614 730
250 614
250 68
474 250
474 534
179 474
211 179
559 768
411 559
472 411
138 472
271 540
660 271
291 211
21 291
663 625
467 663
21 467
609 21
609 183
609 320
609 129
547 609
58 547
603 58
776 603
103 797
776 103
460 776
631 460
33 631
306 33
535 306
606 535
318 606
660 318
685 660
35 685
581 35
767 258
453 767
581 453
581 230
541 581
235 541
84 138
208 84
764 208
235 764
235 463
437 235
575 437
446 575
446 273
166 446
166 377
400 166
751 400
74 751
27 229
27 74
392 27
766 392
149 726
149 397
591 149
766 591
722 766
130 333
236 130
722 236
240 722
717 240
728 427
502 632
466 734
227 466
719 227
57 719
127 57
364 127
502 364
25 502
25 394
661 25
654 661
654 580
304 654
420 304
420 793
297 420
728 717
165 728
117 165
117 297
494 117
443 494
267 443
284 267
89 284
89 552
546 89
686 478
457 686
515 457
339 515
546 140
162 546
355 162
28 355
243 28
339 243
295 339
351 295
725 351
404 495
404 557
725 404
174 38
679 434
174 679
592 174
368 592
368 669
368 305
725 368
727 725
382 727
783 418
783 382
493 783
695 493
207 695
414 207
98 414
449 98
702 784
702 677
702 254
188 702
188 656
567 188
259 567
539 259
615 539
413 615
435 413
770 435
449 770
396 449
649 396
69 649
69 61
792 69
237 173
792 237
408 792
143 408
690 143
124 690
759 791
4 735
334 471
462 190
531 462
110 531
4 334
359 4
228 359
110 228
345 110
544 345
323 111
651 323
256 52
13 763
738 760
594 738
115 594
530 115
616 530
283 616
234 283
322 234
205 322
155 205
13 155
338 13
338 438
312 338
752 312
703 752
256 703
678 256
544 678
544 597
551 544
156 551
602 156
257 280
651 257
651 602
113 651
113 519
628 113
628 313
220 628
756 220
380 756
562 380
598 562
607 598
759 607
759 385
759 485
328 759
707 328
707 285
713 720
713 124
181 713
309 181
516 78
558 309
356 558
356 516
2 356
2 796
707 2
621 707
731 329
621 731
401 621
497 401
