? 14 0 289 15 489 221 305 49 698 384 570 540 338 724 155
? 14 1 664 707 303 213 756 431 624 373 470 608 286 635 90
? 14 2 385 317 706 487 145 790 176 251 10 166 394 752 649
? 14 3 584 356 663 517 22 737 222 203 753 198 422 718 459
? 14 4 134 331 683 313 380 622 507 504 390 662 109 180 227
? 14 5 396 332 745 466 429 638 252 162 648 352 469 749 744
? 14 6 238 739 32 36 164 273 104 108 565 672 255 30 62
? 14 7 82 476 26 42 469 758 468 774 506 171 694 334 366
? 14 8 693 150 509 441 159 780 301 386 372 308 692 481 241
? 14 9 691 314 448 205 139 503 263 630 568 720 361 87 335
? 14 11 576 625 283 416 641 652 349 717 307 260 799 144 464
? 14 12 762 539 456 290 224 434 124 768 615 695 613 499 446
? 14 13 130 299 785 326 355 558 323 518 210 701 40 76 285
? 14 14 424 513 593 405 628 133 573 789 763 536 220 608 792
? 14 16 692 498 364 159 156 509 368 150 241 499 613 8 269
? 14 17 418 18 22 85 567 655 234 525 422 734 460 98 502
? 14 19 223 118 612 753 663 524 248 493 660 300 642 501 584
? 14 20 408 678 486 666 117 140 253 73 111 548 595 188 578
? 14 21 475 276 270 124 616 719 368 288 224 499 539 615 498
? 14 23 495 455 609 491 705 126 146 748 479 65 56 714 519
? 14 24 129 733 173 676 703 667 343 797 88 182 438 383 635
? 14 25 730 185 457 325 528 550 214 629 533 102 235 653 315
? 14 27 90 182 635 792 373 431 676 383 608 129 710 470 173
? 14 28 324 242 378 620 114 75 51 508 216 796 360 297 746
? 14 29 131 218 112 388 586 793 268 215 236 196 738 427 555
? 14 31 399 184 602 719 516 616 270 451 414 450 540 679 288
? 14 33 463 312 376 98 358 525 655 391 177 345 596 34 257
? 14 35 413 771 310 208 677 786 172 560 519 153 479 360 65
? 14 37 579 623 217 686 577 727 769 735 631 776 545 563 722
? 14 38 228 181 387 432 751 96 115 728 41 462 603 658 61
? 14 39 427 770 726 187 473 586 340 738 388 191 702 793 112
? 14 43 125 361 205 675 87 444 314 691 511 553 363 700 534
? 14 44 696 146 532 455 63 670 688 126 633 428 179 296 714
? 14 45 451 634 665 526 516 348 724 585 195 414 305 184 167
? 14 46 599 520 171 611 668 26 476 754 7 101 468 316 774
? 14 47 761 410 110 484 94 382 246 308 142 437 477 123 780
? 14 48 795 282 359 219 190 141 103 618 439 58 673 398 379
? 14 50 505 566 236 191 738 793 340 783 561 531 193 262 321
? 14 52 371 160 640 136 687 589 538 788 736 365 514 165 194
? 14 53 714 179 126 479 519 455 771 44 495 413 696 146 357
? 14 54 428 688 63 532 91 541 296 764 80 267 696 614 44
? 14 55 446 265 183 615 781 698 695 221 456 288 539 224 616
? 14 57 543 752 610 247 120 145 706 70 732 604 731 385 329
? 14 59 186 403 156 256 117 364 481 269 159 486 438 595 78
? 14 60 530 402 433 671 694 709 648 605 774 468 547 546 782
? 14 64 453 95 74 154 659 626 778 472 101 316 617 342 374
? 14 66 72 392 202 600 354 551 442 458 100 423 295 474 606
? 14 67 279 188 253 170 111 666 73 239 717 641 408 527 650
? 14 68 654 435 232 277 353 336 266 320 452 606 461 100 591
? 14 69 701 40 718 222 454 203 210 737 517 422 356 18 460
? 14 71 642 278 660 248 318 398 524 439 618 58 612 510 92
? 14 77 449 367 157 680 493 459 198 721 347 632 211 529 407
? 14 79 537 546 639 137 749 162 709 656 209 744 681 684 429
? 14 81 333 500 597 395 370 760 522 339 281 554 581 243 330
? 14 83 216 521 297 746 114 384 153 75 378 570 360 620 242
? 14 84 646 401 542 713 406 147 797 327 343 404 337 217 733
? 14 86 759 169 274 684 113 209 700 511 656 137 273 104 639
? 14 89 777 285 753 356 737 663 203 210 19 501 712 350 326
? 14 93 261 703 343 667 592 173 400 676 401 496 797 733 24
? 14 97 531 725 583 199 321 230 193 783 192 682 287 572 452
? 14 99 272 204 264 352 638 745 681 466 429 744 684 332 656
? 14 105 708 275 443 244 669 450 163 485 207 651 415 421 602
? 14 106 419 178 685 659 374 158 778 626 237 316 598 482 101
? 14 107 765 263 720 568 139 643 319 772 503 359 630 9 58
? 14 116 180 662 168 142 747 590 775 507 134 483 4 683 390
? 14 119 704 295 309 606 458 100 266 442 423 354 588 562 461
? 14 121 175 151 755 132 637 201 341 787 271 480 601 465 447
? 14 122 165 514 197 135 226 687 689 365 788 658 630 52 319
? 14 127 357 267 661 657 155 723 167 428 91 54 570 532 63
? 14 128 545 776 769 412 206 623 631 471 727 715 397 577 579
? 14 138 594 750 362 767 389 784 338 251 508 174 49 649 790
? 14 143 10 425 229 174 317 796 644 752 508 706 70 385 51
? 14 148 377 569 773 434 645 389 290 750 767 362 695 649 456
? 14 149 562 166 591 189 731 461 120 329 309 381 704 145 711
? 14 152 245 252 352 674 466 506 638 396 334 366 5 758 332
? 14 161 320 336 452 277 287 192 68 725 552 199 97 654 435
? 14 200 585 634 348 91 723 665 195 526 167 45 267 322 61
? 14 212 375 328 369 472 249 535 587 306 311 636 420 544 426
? 14 225 430 555 575 240 480 465 702 601 440 187 344 787 770
? 14 231 445 421 415 207 214 550 699 653 485 163 325 515 443
? 14 233 298 341 254 151 271 556 34 121 345 257 201 175 755
? 14 250 292 697 560 741 786 740 391 512 56 607 627 358 65
? 14 258 604 552 329 572 189 287 120 452 277 591 610 461 731
? 14 259 304 582 436 588 711 381 394 109 417 227 423 123 176
? 14 280 286 647 478 490 102 213 651 78 1 629 470 664 457
? 14 284 337 327 496 294 147 406 621 542 523 592 401 400 563
? 14 291 548 73 386 666 408 301 481 170 253 188 678 8 20
? 14 293 682 193 561 230 321 583 192 566 97 505 531 50 725
? 14 302 123 417 477 227 176 582 259 410 437 487 569 773 504
? 14 346 757 335 497 689 444 255 135 87 62 226 363 448 672
? 14 351 483 571 590 775 144 747 794 168 390 507 474 116 180
? 14 393 407 491 347 609 632 680 748 502 734 234 705 627 23
? 14 409 484 110 142 239 168 464 794 775 307 382 116 94 180
? 14 411 798 488 96 751 672 565 108 432 36 522 387 597 395
? 14 467 211 614 766 764 541 80 296 492 322 157 633 721 688
? 14 494 115 791 462 728 41 515 195 603 228 38 61 679 665
? 14 549 559 729 330 281 339 743 315 557 554 243 370 235 598
? 14 564 722 735 631 727 260 779 690 349 799 716 650 404 623
? 14 574 581 699 243 554 760 370 500 515 743 550 330 339 81
? 14 580 563 523 686 577 217 337 579 471 406 327 284 37 397
? 14 619 607 512 556 271 201 637 254 292 257 132 596 298 787
? 14 742 736 529 538 92 136 194 371 589 660 52 248 640 493
? 14 2 385 317 706 487 145 790 176 251 10 166 394 752 649
? 14 13 130 299 785 326 355 558 323 518 210 701 40 76 285
? 14 14 424 513 593 405 628 133 573 789 763 536 220 608 792
? 14 17 418 18 22 85 567 655 234 525 422 734 460 98 502
? 14 28 324 242 378 620 114 75 51 508 216 796 360 297 746
? 14 30 782 333 6 281 339 164 522 81 330 36 549 238 729
? 14 33 463 312 376 98 358 525 655 391 177 345 596 34 257
? 14 39 427 770 726 187 473 586 340 738 388 191 702 793 112
? 14 77 449 367 157 680 493 459 198 721 347 632 211 529 407
? 14 79 537 546 639 137 749 162 709 656 209 744 681 684 429
? 14 83 216 521 297 746 114 384 153 75 378 570 360 620 242
? 14 88 595 256 438 403 24 117 733 129 486 186 383 797 710
? 14 93 261 703 343 667 592 173 400 676 401 496 797 733 24
? 14 99 272 204 264 352 638 745 681 466 429 744 684 332 656
? 14 107 765 263 720 568 139 643 319 772 503 359 630 9 58
? 14 113 553 511 700 274 675 86 759 534 169 104 273 363 32
? 14 128 545 776 769 412 206 623 631 471 727 715 397 577 579
? 14 131 218 29 793 388 236 112 586 738 566 50 505 427 191
? 14 138 594 750 362 767 389 784 338 251 508 174 49 649 790
? 14 143 10 425 229 174 317 796 644 752 508 706 70 385 51
? 14 148 377 569 773 434 645 389 290 750 767 362 695 649 456
? 14 154 101 316 453 74 64 659 95 754 178 617 158 626 419
? 14 185 528 25 730 235 315 457 743 598 325 550 533 214 629
? 14 196 215 447 268 151 755 341 465 121 480 175 233 29 132
? 14 200 585 634 348 91 723 665 195 526 167 45 267 322 61
? 14 219 190 282 795 141 48 439 103 379 510 618 673 398 359
? 14 240 702 430 225 187 344 555 440 770 575 39 427 586 465
? 14 247 732 70 543 610 752 57 644 344 440 187 702 143 726
? 14 249 587 306 369 311 636 375 212 328 763 536 220 624 535
? 14 250 292 697 560 741 786 740 391 512 56 607 627 358 65
? 14 258 604 552 329 572 189 287 120 452 277 591 610 461 731
? 14 262 473 340 783 191 726 572 738 39 427 610 531 50 604
? 14 279 67 717 188 239 253 641 170 111 73 666 650 799 527
? 14 293 682 193 561 230 321 583 192 566 97 505 531 50 725
? 14 302 123 417 477 227 176 582 259 410 437 487 569 773 504
? 14 303 707 1 756 664 624 213 431 373 544 636 220 608 536
? 14 310 771 413 35 208 677 172 153 360 746 786 479 53 519
? 14 318 278 71 643 772 58 642 398 618 589 660 103 248 736
? 14 351 483 571 590 775 144 747 794 168 390 507 474 116 180
? 14 380 683 134 390 4 507 331 392 551 313 109 622 662 747
? 14 393 407 491 347 609 632 680 748 502 734 234 705 627 23
? 14 416 349 625 260 799 641 779 650 716 11 652 564 527 576
? 14 433 547 605 671 557 60 237 482 685 158 559 549 419 178
? 14 454 718 422 18 69 460 222 517 567 40 85 701 418 22
? 14 467 211 614 766 764 541 80 296 492 322 157 633 721 688
? 14 490 651 280 286 669 102 647 244 78 478 653 163 275 443
? 14 497 255 757 62 672 346 565 739 238 363 108 36 798 488
? 14 574 581 699 243 554 760 370 500 515 743 550 330 339 81
? 14 599 46 520 171 611 668 26 476 617 101 754 316 154 7
? 14 657 155 357 521 127 570 661 384 83 267 428 53 297 179
? 14 708 275 443 105 244 669 163 485 651 415 207 421 450 653
? 14 713 404 690 140 84 578 722 527 735 716 646 650 779 37
? 14 777 285 89 753 712 350 326 737 501 299 356 210 518 663
? 14 781 265 698 221 55 183 446 540 288 615 289 184 616 414
? 14 791 515 462 494 728 115 760 699 41 395 597 445 574 231
? 14 0 289 15 489 221 305 49 698 384 570 540 338 724 155
? 14 2 385 317 706 487 145 790 176 251 10 166 394 752 649
? 14 3 584 356 663 517 22 737 222 203 753 198 422 718 459
? 14 5 396 332 745 466 429 638 252 162 648 352 469 749 744
? 14 12 762 539 456 290 224 434 124 768 615 695 613 499 446
? 14 13 130 299 785 326 355 558 323 518 210 701 40 76 285
? 14 14 424 513 593 405 628 133 573 789 763 536 220 608 792
? 14 16 692 498 364 159 156 509 368 150 241 499 613 8 269
? 14 17 418 18 22 85 567 655 234 525 422 734 460 98 502
? 14 21 475 276 270 124 616 719 368 288 224 499 539 615 498
? 14 27 90 182 635 792 373 431 676 383 608 129 710 470 173
? 14 28 324 242 378 620 114 75 51 508 216 796 360 297 746
? 14 31 399 184 602 719 516 616 270 451 414 450 540 679 288
? 14 33 463 312 376 98 358 525 655 391 177 345 596 34 257
? 14 43 125 361 205 675 87 444 314 691 511 553 363 700 534
? 14 47 761 410 110 484 94 382 246 308 142 437 477 123 780
? 14 54 428 688 63 532 91 541 296 764 80 267 696 614 44
? 14 59 186 403 156 256 117 364 481 269 159 486 438 595 78
? 14 66 72 392 202 600 354 551 442 458 100 423 295 474 606
? 14 77 449 367 157 680 493 459 198 721 347 632 211 529 407
? 14 79 537 546 639 137 749 162 709 656 209 744 681 684 429
? 14 93 261 703 343 667 592 173 400 676 401 496 797 733 24
? 14 96 432 751 411 387 798 488 38 181 228 395 597 522 108
? 14 99 272 204 264 352 638 745 681 466 429 744 684 332 656
? 14 107 765 263 720 568 139 643 319 772 503 359 630 9 58
? 14 118 612 19 223 493 248 660 92 642 524 663 71 753 300
? 14 119 704 295 309 606 458 100 266 442 423 354 588 562 461
? 14 122 165 514 197 135 226 687 689 365 788 658 630 52 319
? 14 128 545 776 769 412 206 623 631 471 727 715 397 577 579
? 14 138 594 750 362 767 389 784 338 251 508 174 49 649 790
? 14 147 406 542 327 337 401 496 284 84 523 646 217 592 294
? 14 148 377 569 773 434 645 389 290 750 767 362 695 649 456
? 14 149 562 166 591 189 731 461 120 329 309 381 704 145 711
? 14 152 245 252 352 674 466 506 638 396 334 366 5 758 332
? 14 160 640 52 371 136 687 538 589 514 197 194 788 165 736
? 14 161 320 336 452 277 287 192 68 725 552 199 97 654 435
? 14 185 528 25 730 235 315 457 743 598 325 550 533 214 629
? 14 200 585 634 348 91 723 665 195 526 167 45 267 322 61
? 14 219 190 282 795 141 48 439 103 379 510 618 673 398 359
? 14 232 606 266 100 68 353 654 295 435 354 442 704 119 461
? 14 240 702 430 225 187 344 555 440 770 575 39 427 586 465
? 14 249 587 306 369 311 636 375 212 328 763 536 220 624 535
? 14 250 292 697 560 741 786 740 391 512 56 607 627 358 65
? 14 258 604 552 329 572 189 287 120 452 277 591 610 461 731
? 14 262 473 340 783 191 726 572 738 39 427 610 531 50 604
? 14 291 548 73 386 666 408 301 481 170 253 188 678 8 20
? 14 293 682 193 561 230 321 583 192 566 97 505 531 50 725
? 14 302 123 417 477 227 176 582 259 410 437 487 569 773 504
? 14 303 707 1 756 664 624 213 431 373 544 636 220 608 536
? 14 310 771 413 35 208 677 172 153 360 746 786 479 53 519
? 14 318 278 71 643 772 58 642 398 618 589 660 103 248 736
? 14 342 328 64 472 369 74 95 453 212 617 311 249 375 306
? 14 351 483 571 590 775 144 747 794 168 390 507 474 116 180
? 14 393 407 491 347 609 632 680 748 502 734 234 705 627 23
? 14 402 530 648 694 709 749 60 162 774 546 468 469 537 42
? 14 409 484 110 142 239 168 464 794 775 307 382 116 94 180
? 14 416 349 625 260 799 641 779 650 716 11 652 564 527 576
? 14 420 426 535 544 533 375 778 374 629 472 212 626 756 457
? 14 433 547 605 671 557 60 237 482 685 158 559 549 419 178
? 14 436 109 304 259 588 423 227 313 331 622 458 582 504 417
? 14 441 372 780 241 150 613 768 693 509 8 246 692 762 308
? 14 447 196 215 268 151 755 341 121 175 465 480 132 233 575
? 14 467 211 614 766 764 541 80 296 492 322 157 633 721 688
? 14 497 255 757 62 672 346 565 739 238 363 108 36 798 488
? 14 580 563 523 686 577 217 337 579 471 406 327 284 37 397
? 14 599 46 520 171 611 668 26 476 617 101 754 316 154 7
? 14 619 607 512 556 271 201 637 254 292 257 132 596 298 787
? 14 621 294 400 592 284 496 327 337 261 147 542 406 93 523
? 14 661 167 127 723 155 267 526 657 348 357 570 91 724 305
? 14 708 275 443 105 244 669 163 485 651 415 207 421 450 653
? 14 713 404 690 140 84 578 722 527 735 716 646 650 779 37
? 14 729 549 330 559 281 339 743 554 315 243 370 557 235 500
? 14 742 736 529 538 92 136 194 371 589 660 52 248 640 493
? 14 781 265 698 221 55 183 446 540 288 615 289 184 616 414
? 14 2 385 317 706 487 145 790 176 251 10 166 394 752 649
? 14 13 130 299 785 326 355 558 323 518 210 701 40 76 285
? 14 14 424 513 593 405 628 133 573 789 763 536 220 608 792
? 14 17 418 18 22 85 567 655 234 525 422 734 460 98 502
? 14 28 324 242 378 620 114 75 51 508 216 796 360 297 746
? 14 33 463 312 376 98 358 525 655 391 177 345 596 34 257
? 14 54 428 688 63 532 91 541 296 764 80 267 696 614 44
? 14 57 543 752 610 247 120 145 706 70 732 604 731 385 329
? 14 77 449 367 157 680 493 459 198 721 347 632 211 529 407
? 14 79 537 546 639 137 749 162 709 656 209 744 681 684 429
? 14 82 7 476 26 42 758 469 506 468 774 171 334 366 694
? 14 83 216 521 297 746 114 384 153 75 378 570 360 620 242
? 14 99 272 204 264 352 638 745 681 466 429 744 684 332 656
? 14 106 419 178 685 659 374 158 778 626 237 316 598 482 101
? 14 107 765 263 720 568 139 643 319 772 503 359 630 9 58
? 14 113 553 511 700 274 675 86 759 534 169 104 273 363 32
? 14 128 545 776 769 412 206 623 631 471 727 715 397 577 579
? 14 131 218 29 793 388 236 112 586 738 566 50 505 427 191
? 14 134 683 4 507 380 390 331 662 313 622 504 180 747 116
? 14 138 594 750 362 767 389 784 338 251 508 174 49 649 790
? 14 148 377 569 773 434 645 389 290 750 767 362 695 649 456
? 14 164 273 104 6 32 274 209 238 739 639 30 169 782 86
? 14 185 528 25 730 235 315 457 743 598 325 550 533 214 629
? 14 200 585 634 348 91 723 665 195 526 167 45 267 322 61
? 14 219 190 282 795 141 48 439 103 379 510 618 673 398 359
? 14 240 702 430 225 187 344 555 440 770 575 39 427 586 465
? 14 250 292 697 560 741 786 740 391 512 56 607 627 358 65
? 14 258 604 552 329 572 189 287 120 452 277 591 610 461 731
? 14 262 473 340 783 191 726 572 738 39 427 610 531 50 604
? 14 279 67 717 188 239 253 641 170 111 73 666 650 799 527
? 14 283 307 144 464 794 576 571 11 717 775 239 641 351 409
? 14 293 682 193 561 230 321 583 192 566 97 505 531 50 725
? 14 302 123 417 477 227 176 582 259 410 437 487 569 773 504
? 14 303 707 1 756 664 624 213 431 373 544 636 220 608 536
? 14 310 771 413 35 208 677 172 153 360 746 786 479 53 519
? 14 318 278 71 643 772 58 642 398 618 589 660 103 248 736
? 14 342 328 64 472 369 74 95 453 212 617 311 249 375 306
? 14 386 301 481 548 291 159 408 8 678 73 666 509 693 486
? 14 392 66 551 202 72 380 683 474 390 458 600 109 134 423
? 14 393 407 491 347 609 632 680 748 502 734 234 705 627 23
? 14 416 349 625 260 799 641 779 650 716 11 652 564 527 576
? 14 426 544 420 533 535 629 756 375 478 212 457 303 707 102
? 14 433 547 605 671 557 60 237 482 685 158 559 549 419 178
? 14 447 196 215 268 151 755 341 121 175 465 480 132 233 575
? 14 454 718 422 18 69 460 222 517 567 40 85 701 418 22
? 14 467 211 614 766 764 541 80 296 492 322 157 633 721 688
? 14 490 651 280 286 669 102 647 244 78 478 653 163 275 443
? 14 497 255 757 62 672 346 565 739 238 363 108 36 798 488
? 14 501 300 379 510 524 350 673 712 439 223 219 190 19 398
? 14 574 581 699 243 554 760 370 500 515 743 550 330 339 81
? 14 587 249 306 636 311 369 375 212 763 536 328 220 624 756
? 14 599 46 520 171 611 668 26 476 617 101 754 316 154 7
? 14 603 61 41 228 181 115 38 387 195 494 728 462 658 432
? 14 661 167 127 723 155 267 526 657 348 357 570 91 724 305
? 14 670 633 492 146 696 44 688 296 63 455 721 80 532 764
? 14 708 275 443 105 244 669 163 485 651 415 207 421 450 653
? 14 711 381 394 588 582 259 304 562 166 309 423 176 149 436
? 14 713 404 690 140 84 578 722 527 735 716 646 650 779 37
? 14 729 549 330 559 281 339 743 554 315 243 370 557 235 500
? 14 777 285 89 753 712 350 326 737 501 299 356 210 518 663
? 14 781 265 698 221 55 183 446 540 288 615 289 184 616 414
? 14 791 515 462 494 728 115 760 699 41 395 597 445 574 231
? 14 0 289 15 489 221 305 49 698 384 570 540 338 724 155
? 14 2 385 317 706 487 145 790 176 251 10 166 394 752 649
? 14 3 584 356 663 517 22 737 222 203 753 198 422 718 459
? 14 5 396 332 745 466 429 638 252 162 648 352 469 749 744
? 14 12 762 539 456 290 224 434 124 768 615 695 613 499 446
? 14 13 130 299 785 326 355 558 323 518 210 701 40 76 285
? 14 14 424 513 593 405 628 133 573 789 763 536 220 608 792
? 14 16 692 498 364 159 156 509 368 150 241 499 613 8 269
? 14 17 418 18 22 85 567 655 234 525 422 734 460 98 502
? 14 21 475 276 270 124 616 719 368 288 224 499 539 615 498
? 14 27 90 182 635 792 373 431 676 383 608 129 710 470 173
? 14 28 324 242 378 620 114 75 51 508 216 796 360 297 746
? 14 31 399 184 602 719 516 616 270 451 414 450 540 679 288
? 14 33 463 312 376 98 358 525 655 391 177 345 596 34 257
? 14 43 125 361 205 675 87 444 314 691 511 553 363 700 534
? 14 47 761 410 110 484 94 382 246 308 142 437 477 123 780
? 14 54 428 688 63 532 91 541 296 764 80 267 696 614 44
? 14 59 186 403 156 256 117 364 481 269 159 486 438 595 78
? 14 77 449 367 157 680 493 459 198 721 347 632 211 529 407
? 14 79 537 546 639 137 749 162 709 656 209 744 681 684 429
? 14 83 216 521 297 746 114 384 153 75 378 570 360 620 242
? 14 88 595 256 438 403 24 117 733 129 486 186 383 797 710
? 14 93 261 703 343 667 592 173 400 676 401 496 797 733 24
? 14 96 432 751 411 387 798 488 38 181 228 395 597 522 108
? 14 99 272 204 264 352 638 745 681 466 429 744 684 332 656
? 14 107 765 263 720 568 139 643 319 772 503 359 630 9 58
? 14 118 612 19 223 493 248 660 92 642 524 663 71 753 300
? 14 122 165 514 197 135 226 687 689 365 788 658 630 52 319
? 14 128 545 776 769 412 206 623 631 471 727 715 397 577 579
? 14 138 594 750 362 767 389 784 338 251 508 174 49 649 790
? 14 143 10 425 229 174 317 796 644 752 508 706 70 385 51
? 14 147 406 542 327 337 401 496 284 84 523 646 217 592 294
? 14 148 377 569 773 434 645 389 290 750 767 362 695 649 456
? 14 152 245 252 352 674 466 506 638 396 334 366 5 758 332
? 14 160 640 52 371 136 687 538 589 514 197 194 788 165 736
? 14 161 320 336 452 277 287 192 68 725 552 199 97 654 435
? 14 185 528 25 730 235 315 457 743 598 325 550 533 214 629
? 14 200 585 634 348 91 723 665 195 526 167 45 267 322 61
? 14 232 606 266 100 68 353 654 295 435 354 442 704 119 461
? 14 236 566 50 505 793 738 131 191 218 388 340 586 29 561
? 14 240 702 430 225 187 344 555 440 770 575 39 427 586 465
? 14 247 732 70 543 610 752 57 644 344 440 187 702 143 726
? 14 250 292 697 560 741 786 740 391 512 56 607 627 358 65
? 14 258 604 552 329 572 189 287 120 452 277 591 610 461 731
? 14 262 473 340 783 191 726 572 738 39 427 610 531 50 604
? 14 282 795 219 190 141 48 359 103 618 439 58 398 510 772
? 14 293 682 193 561 230 321 583 192 566 97 505 531 50 725
? 14 302 123 417 477 227 176 582 259 410 437 487 569 773 504
? 14 310 771 413 35 208 677 172 153 360 746 786 479 53 519
? 14 318 278 71 643 772 58 642 398 618 589 660 103 248 736
? 14 342 328 64 472 369 74 95 453 212 617 311 249 375 306
? 14 351 483 571 590 775 144 747 794 168 390 507 474 116 180
? 14 386 301 481 548 291 159 408 8 678 73 666 509 693 486
? 14 393 407 491 347 609 632 680 748 502 734 234 705 627 23
? 14 402 530 648 694 709 749 60 162 774 546 468 469 537 42
? 14 416 349 625 260 799 641 779 650 716 11 652 564 527 576
? 14 433 547 605 671 557 60 237 482 685 158 559 549 419 178
? 14 441 372 780 241 150 613 768 693 509 8 246 692 762 308
? 14 447 196 215 268 151 755 341 121 175 465 480 132 233 575
? 14 448 630 503 9 689 568 691 335 135 87 314 205 263 139
? 14 467 211 614 766 764 541 80 296 492 322 157 633 721 688
? 14 497 255 757 62 672 346 565 739 238 363 108 36 798 488
? 14 551 202 474 392 380 66 72 390 683 507 134 600 4 483
? 14 580 563 523 686 577 217 337 579 471 406 327 284 37 397
? 14 587 249 306 636 311 369 375 212 763 536 328 220 624 756
? 14 599 46 520 171 611 668 26 476 617 101 754 316 154 7
? 14 603 61 41 228 181 115 38 387 195 494 728 462 658 432
? 14 619 607 512 556 271 201 637 254 292 257 132 596 298 787
? 14 621 294 400 592 284 496 327 337 261 147 542 406 93 523
? 14 622 504 313 331 227 4 109 134 417 123 436 683 380 662
? 14 659 626 778 106 95 374 64 453 178 316 154 419 101 74
? 14 661 167 127 723 155 267 526 657 348 357 570 91 724 305
? 14 708 275 443 105 244 669 163 485 651 415 207 421 450 653
? 14 711 381 394 588 582 259 304 562 166 309 423 176 149 436
? 14 713 404 690 140 84 578 722 527 735 716 646 650 779 37
? 14 729 549 330 559 281 339 743 554 315 243 370 557 235 500
? 14 742 736 529 538 92 136 194 371 589 660 52 248 640 493
? 14 781 265 698 221 55 183 446 540 288 615 289 184 616 414
? 14 782 30 709 639 546 164 60 209 549 79 281 537 433 530
? 14 2 385 317 706 487 145 790 176 251 10 166 394 752 649
? 14 13 130 299 785 326 355 558 323 518 210 701 40 76 285
? 14 14 424 513 593 405 628 133 573 789 763 536 220 608 792
? 14 17 418 18 22 85 567 655 234 525 422 734 460 98 502
? 14 28 324 242 378 620 114 75 51 508 216 796 360 297 746
? 14 33 463 312 376 98 358 525 655 391 177 345 596 34 257
? 14 54 428 688 63 532 91 541 296 764 80 267 696 614 44
? 14 77 449 367 157 680 493 459 198 721 347 632 211 529 407
? 14 83 216 521 297 746 114 384 153 75 378 570 360 620 242
? 14 99 272 204 264 352 638 745 681 466 429 744 684 332 656
? 14 107 765 263 720 568 139 643 319 772 503 359 630 9 58
? 14 113 553 511 700 274 675 86 759 534 169 104 273 363 32
? 14 126 714 179 53 455 479 495 23 146 44 696 519 65 532
? 14 128 545 776 769 412 206 623 631 471 727 715 397 577 579
? 14 138 594 750 362 767 389 784 338 251 508 174 49 649 790
? 14 148 377 569 773 434 645 389 290 750 767 362 695 649 456
? 14 185 528 25 730 235 315 457 743 598 325 550 533 214 629
? 14 200 585 634 348 91 723 665 195 526 167 45 267 322 61
? 14 226 122 197 514 165 135 757 658 689 346 687 751 798 335
? 14 236 566 50 505 793 738 131 191 218 388 340 586 29 561
? 14 240 702 430 225 187 344 555 440 770 575 39 427 586 465
? 14 250 292 697 560 741 786 740 391 512 56 607 627 358 65
? 14 258 604 552 329 572 189 287 120 452 277 591 610 461 731
? 14 262 473 340 783 191 726 572 738 39 427 610 531 50 604
? 14 279 67 717 188 239 253 641 170 111 73 666 650 799 527
? 14 282 795 219 190 141 48 359 103 618 439 58 398 510 772
? 14 293 682 193 561 230 321 583 192 566 97 505 531 50 725
? 14 302 123 417 477 227 176 582 259 410 437 487 569 773 504
!
437 
40 69 
69 40
135 226 514 
514 135
226 514
388 
366 
203 422 454 718 
422 718
203 422
454 203
62 108 
62 108
329 
335 448 503 630 
503 630
335 503
448 335
59 403 
59 403
57 120 
57 120
47 410 
47 410
224 241 613 
613 241
224 613
41 181 228 462 603 
41 603
228 41
181 228
462 181
37 776 
37 776
309 
287 
258 
66 202 600 
600 66
202 600
210 
201 556 637 
201 556
201 637
189 381 610 704 
189 610
381 189
381 704
31 399 
31 399
451 516 585 634 665 
665 585
634 665
451 634
451 516
200 
268 430 465 555 601 755 
755 268
465 755
430 465
430 555
601 430
148 
207 443 445 651 669 
669 443
651 669
207 651
445 207
139 
21 539 
21 539
77 
67 
13 
737 
689 
15 289 
15 289
91 127 723 
91 723
127 91
0 49 
0 49
244 708 
708 244
684 
420 
667 703 
703 667
280 
106 659 
659 106
284 621 
621 284
263 
206 
1 102 182 213 373 470 635 664 
635 373
182 635
470 182
213 470
664 213
664 1
102 664
171 599 
599 171
692 
291 548 
548 291
547 598 
547 598
682 
642 
307 409 464 571 
464 571
464 409
307 464
88 438 733 
438 733
88 438
46 520 
520 46
322 467 
467 322
51 425 
425 51
365 687 
365 687
583 
318 398 
318 398
560 
286 485 550 653 
485 550
653 485
286 653
518 
170 239 253 279 386 
253 279
239 253
170 239
386 170
229 317 
229 317
472 
175 233 
175 233
217 397 471 686 
471 397
686 471
217 686
163 415 
163 415
450 
376 
155 297 357 384 657 
384 297
155 384
657 155
357 657
87 314 691 
691 314
87 691
544 636 707 756 
756 707
636 756
544 636
374 
294 
78 478 490 647 
647 78
478 647
478 490
265 
237 433 626 685 
685 626
685 237
433 685
86 169 759 
759 169
86 759
252 
209 
29 196 215 
215 196
29 215
60 402 648 671 
60 648
60 671
402 60
112 
90 
395 522 757 798 
798 757
522 798
395 522
12 
377 434 768 
434 377
768 434
152 334 
152 334
785 
27 383 431 792 
431 792
383 431
383 27
780 
131 218 
131 218
765 
277 353 552 591 
277 552
277 591
353 277
736 
727 
194 640 742 
640 194
742 640
126 491 627 632 697 705 
627 697
705 627
705 632
491 705
126 491
611 
110 246 
110 246
227 304 436 588 
227 436
304 227
304 588
521 
364 
343 
247 344 732 
247 344
732 247
101 617 
101 617
338 
511 534 700 
534 511
700 534
245 638 674 
674 638
674 245
321 
295 
186 797 
797 186
649 695 
695 649
79 
142 180 662 
180 142
662 180
76 
793 
260 690 
690 260
34 298 345 596 
345 34
596 345
298 596
146 179 347 459 609 670 
347 459
609 347
146 609
146 179
670 146
750 
698 
512 
505 
396 
378 
331 
326 
198 222 584 
584 198
584 222
167 661 
661 167
121 132 271 787 
132 121
787 132
271 787
406 523 580 
406 523
580 406
589 643 
589 643
323 
319 
109 313 417 504 622 
504 109
504 622
504 417
313 504
133 573 
573 133
19 89 663 753 
753 663
19 753
89 19
230 
92 493 538 
493 92
538 493
469 530 749 
469 749
530 469
98 460 517 
460 98
517 460
70 543 
543 70
499 762 
499 762
18 418 
418 18
412 545 
412 545
125 
23 393 
393 23
11 
183 221 489 
221 183
489 221
743 
740 
706 
367 449 
367 449
677 
351 483 
351 483
558 
214 325 
325 214
303 457 
303 457
123 302 
302 123
296 614 
296 614
506 
250 358 
250 358
497 
225 240 
240 225
428 
405 
232 435 
232 435
401 
341 
7 26 82 476 
476 26
7 476
82 7
150 159 
159 150
138 251 
138 251
20 73 408 678 
73 678
408 73
20 408
188 
55 446 615 781 
55 446
615 55
781 615
124 
134 683 
134 683
39 
773 
754 
144 283 390 747 775 794 
794 390
747 794
144 747
775 144
283 775
130 285 355 777 
130 355
285 130
777 285
701 
42 468 758 774 
468 758
468 42
774 468
645 
129 173 
129 173
590 
281 387 500 597 728 
387 728
597 387
281 597
281 500
104 164 273 363 675 
363 675
104 363
104 273
164 104
256 486 595 
595 256
486 595
349 
324 
128 769 
128 769
234 
107 772 
107 772
99 744 
99 744
94 372 
94 372
650 713 722 735 
722 650
735 722
713 735
235 528 533 729 730 
730 528
730 533
235 730
729 235
174 
93 261 
93 261
300 350 501 712 
350 501
350 300
712 350
153 
63 
790 
741 
259 394 582 711 
582 394
259 582
711 259
720 
607 
6 36 238 488 565 739 
565 488
238 565
36 238
739 36
6 739
74 154 
74 154
593 
56 65 
65 56
579 
569 
339 
204 
192 
166 
100 423 458 
423 100
458 423
162 
117 
105 
85 
205 361 444 
361 205
444 361
54 532 
54 532
44 53 
53 44
35 208 413 
35 208
413 35
33 463 
33 463
28 242 
28 242
64 
45 184 195 348 679 
45 348
45 195
184 45
679 184
17 525 
17 525
9 43 
9 43
796 
5 332 
5 332
4 380 507 
4 507
380 4
3 22 
3 22
681 
576 799 
799 576
421 791 
791 421
618 
546 639 694 709 
546 639
709 546
694 709
628 789 
789 628
734 748 
748 734
305 540 724 
540 724
305 540
594 
531 725 
725 531
570 
566 
452 
141 219 282 
141 219
282 141
38 411 432 672 
432 38
432 411
672 432
337 
625 716 
716 625
48 673 
673 48
156 276 498 
498 156
276 498
24 
16 269 368 
16 368
269 16
763 
731 
655 
564 623 631 652 
623 631
564 623
652 564
561 
461 654 
654 461
529 
270 414 602 616 
616 414
270 616
602 270
30 330 370 549 557 559 782 
330 370
549 330
559 557
549 559
30 549
782 30
143 644 
644 143
453 
187 
168 
97 
492 633 
633 492
764 
479 495 519 786 
519 786
519 479
495 519
563 577 
563 577
752 
606 
312 
475 719 
475 719
248 278 524 612 660 
278 660
248 278
524 248
612 524
119 354 442 474 551 
119 354
442 119
474 442
551 474
290 
72 392 
392 72
68 266 336 
68 336
266 68
288 
262 473 726 
726 473
262 726
255 346 
346 255
243 333 
333 243
308 382 441 484 
308 441
382 308
484 382
52 
784 
301 666 
301 666
178 316 419 482 605 778 
482 605
178 482
419 316
419 178
778 419
191 236 340 
191 340
236 191
58 359 379 439 510 795 
359 795
58 359
439 58
439 379
510 439
193 293 
293 193
745 
264 272 
264 272
161 199 320 
161 320
199 161
25 185 
185 25
721 
680 
212 249 369 375 535 
369 375
212 249
369 212
535 369
158 668 
158 668
526 
513 
122 197 
122 197
508 
385 
352 
190 
440 480 575 702 770 
770 702
440 770
575 440
480 575
275 
136 160 371 
136 371
160 136
149 176 562 
562 176
149 562
137 537 656 
137 656
137 537
211 
71 
113 553 
113 553
32 274 
32 274
586 
502 
220 306 426 536 587 608 
220 608
536 220
306 536
587 306
426 587
8 481 509 693 
8 509
693 8
481 693
118 223 356 
223 356
118 223
14 424 
14 424
2 145 
2 145
389 
61 115 494 
61 494
115 61
567 
165 788 
788 165
455 688 696 714 
688 696
455 688
455 714
487 
315 
738 783 
783 738
267 
96 658 751 
96 658
96 751
715 
111 416 641 717 
641 111
641 717
416 641
172 771 
771 172
572 
140 404 527 578 
578 527
140 578
404 140
568 
81 231 574 581 699 760 
760 581
81 760
699 81
574 699
231 574
157 766 
766 157
75 83 620 
620 75
83 620
391 
116 761 
761 116
676 710 
710 676
84 646 
646 84
114 
541 
95 328 342 624 
328 624
95 328
342 95
407 
299 
10 
311 629 
629 311
147 327 400 496 
400 496
147 400
327 147
216 310 360 746 
746 216
746 360
310 746
466 
542 592 
542 592
515 554 
515 554
362 456 
456 362
151 447 
447 151
292 
604 
103 
767 
50 
177 254 257 619 
257 177
619 257
254 619
477 
80 
429 
427 
779 
