? 13 0 794 144 112 537 426 790 530 529 124 320 161 510
? 13 1 69 100 593 546 747 446 660 251 633 453 604 485
? 13 2 476 162 669 711 588 779 25 436 707 85 210 540
? 13 3 67 644 398 368 193 68 182 259 318 393 322 519
? 13 4 353 429 541 160 590 366 131 744 710 497 197 271
? 13 5 731 688 610 755 461 788 646 138 27 619 72 291
? 13 6 645 708 389 406 460 20 16 296 205 201 776 386
? 13 7 431 256 743 673 378 303 536 491 782 422 641 415
? 13 8 372 248 330 517 527 650 109 309 709 174 680 666
? 13 9 745 501 592 377 332 624 722 276 601 686 207 90
? 13 10 182 193 306 785 68 368 519 507 498 147 770 321
? 13 11 360 534 277 575 294 387 386 613 348 724 16 775
? 13 12 456 765 694 154 506 56 566 589 549 338 671 607
? 13 13 451 416 783 455 486 763 146 614 202 494 132 679
? 13 14 734 342 436 779 560 85 2 476 669 110 162 651
? 13 15 584 316 334 258 564 405 489 603 219 292 57 335
? 13 17 681 762 550 578 180 225 579 224 299 741 237 115
? 13 18 670 142 450 662 211 665 519 302 71 396 188 538
? 13 19 213 79 105 737 45 50 408 119 563 587 362 526
? 13 21 718 394 62 364 710 357 82 96 191 92 315 590
? 13 22 674 414 76 685 114 195 359 325 542 774 117 192
? 13 23 250 231 738 654 172 573 432 545 653 58 48 210
? 13 24 37 75 568 365 420 81 265 773 247 567 550 579
? 13 26 164 783 486 451 13 477 763 383 416 455 317 679
? 13 28 91 442 627 190 101 98 758 732 683 155 585 676
? 13 29 717 139 352 97 622 634 388 273 287 170 484 349
? 13 30 647 34 53 111 221 509 678 99 320 667 274 367
? 13 31 463 297 343 508 522 739 462 565 576 208 245 369
? 13 32 639 659 217 720 417 251 471 452 660 604 747 546
? 13 33 253 434 194 307 328 350 435 377 90 425 441 686
? 13 35 119 362 563 399 48 50 59 52 737 637 79 213
? 13 36 608 98 128 767 323 585 233 39 769 683 169 101
? 13 38 66 658 618 181 418 270 470 499 379 322 382 260
? 13 40 792 339 121 464 241 129 152 544 281 341 313 606
? 13 41 355 173 108 581 133 113 628 295 695 680 174 430
? 13 42 145 668 570 407 411 337 148 158 392 599 225 180
? 13 43 661 151 600 47 136 44 556 70 376 596 495 700
? 13 46 620 500 78 512 770 764 706 507 371 498 759 72
? 13 49 344 771 125 346 336 134 781 220 726 518 226 289
? 13 51 371 706 764 567 521 265 365 120 759 443 46 504
? 13 54 524 532 675 284 385 337 157 712 735 407 319 397
? 13 55 741 112 236 299 529 510 115 426 224 555 790 492
? 13 60 313 341 94 129 544 308 464 241 243 228 281 375
? 13 61 186 179 157 712 103 199 385 183 609 64 423 672
? 13 63 598 77 725 235 249 689 403 583 244 370 254 594
? 13 65 192 626 329 252 582 574 93 366 140 744 778 685
? 13 73 631 410 553 605 526 123 558 611 408 466 196 719
? 13 74 607 553 296 460 632 558 406 154 338 671 586 605
? 13 80 656 427 255 268 150 666 617 704 527 109 657 715
? 13 83 776 87 502 773 478 20 238 568 81 247 104 354
? 13 84 400 768 454 591 629 116 421 165 698 784 402 391
? 13 86 356 272 580 488 523 727 358 746 347 331 766 786
? 13 88 185 648 116 629 263 768 402 391 454 84 165 400
? 13 89 208 642 597 163 245 467 246 522 96 663 462 472
? 13 95 234 733 602 726 518 754 516 520 346 134 703 293
? 13 102 577 286 70 141 795 596 661 556 136 43 314 752
? 13 106 789 188 211 71 525 393 682 396 705 716 318 644
? 13 107 395 261 130 289 692 635 184 797 125 226 336 684
? 13 118 480 392 158 183 199 458 64 237 316 219 584 145
? 13 122 535 168 799 227 760 636 244 753 689 249 198 459
? 13 126 621 756 781 490 703 220 779 231 728 346 771 653
? 13 127 305 293 602 516 754 135 728 361 234 703 177 490
? 13 137 243 94 228 232 616 560 308 149 651 523 60 206
? 13 143 672 324 159 103 701 609 423 197 778 140 271 93
? 13 153 229 264 565 448 699 473 576 542 325 114 117 729
? 13 156 493 370 583 594 235 725 403 77 598 63 249 244
? 13 166 687 766 536 746 349 782 287 303 356 378 580 256
? 13 167 412 280 704 617 481 666 109 309 194 350 527 80
? 13 171 655 363 587 554 269 611 586 408 45 605 715 558
? 13 175 301 111 242 702 311 509 780 690 34 367 496 678
? 13 176 279 492 236 664 667 224 299 555 55 27 646 788
? 13 178 780 203 652 311 496 124 453 530 161 390 262 198
? 13 187 239 326 749 285 428 487 449 57 485 489 128 214
? 13 189 539 679 39 169 323 202 769 416 477 614 767 608
? 13 200 736 643 312 266 108 649 573 468 295 545 173 533
? 13 204 72 479 665 138 755 512 78 620 731 662 688 500
? 13 209 120 759 279 664 420 365 492 755 550 176 75 371
? 13 212 514 615 495 404 376 511 379 310 257 422 556 47
? 13 215 373 443 340 469 483 552 444 521 764 147 785 273
? 13 216 633 459 660 636 689 251 217 546 446 227 799 747
? 13 218 291 714 796 750 474 413 437 538 610 223 461 138
? 13 222 625 638 292 603 233 283 428 285 219 595 439 334
? 13 230 753 262 198 446 652 168 535 453 203 760 723 636
? 13 240 793 152 304 606 700 121 339 44 465 596 792 151
? 13 267 438 612 318 705 682 382 525 259 322 270 716 393
? 13 275 548 319 397 354 599 201 675 524 478 740 238 570
? 13 278 571 684 691 300 692 184 797 261 130 635 107 693
? 13 282 472 572 467 245 327 440 713 345 246 425 562 642
? 13 288 693 528 520 234 754 95 503 516 518 602 226 293
? 13 290 786 331 358 775 696 613 348 447 580 482 561 445
? 13 298 401 757 351 531 470 499 772 260 314 658 270 38
? 13 333 557 473 421 117 359 195 784 264 229 591 729 165
? 13 374 457 730 751 774 574 777 582 317 164 192 626 65
? 13 380 155 101 169 683 769 585 539 189 767 28 98 608
? 13 381 735 630 748 284 532 623 640 315 423 609 712 54
? 13 384 569 424 484 170 387 634 433 388 513 575 360 352
? 13 409 787 115 510 529 405 426 790 564 258 741 578 299
? 13 419 92 364 765 740 56 394 566 315 549 630 12 735
? 13 475 466 196 123 410 724 52 540 294 73 707 534 719
? 13 505 554 191 715 357 269 562 589 657 663 718 506 363
? 13 515 551 147 444 321 491 673 785 306 257 422 743 483
? 13 543 742 628 430 133 637 581 174 680 248 427 362 563
? 13 547 206 791 135 305 149 127 616 232 342 728 177 559
? 13 677 533 468 220 344 49 289 781 200 736 649 643 312
? 13 697 415 281 241 782 347 129 121 606 465 727 272 488
? 13 721 110 85 25 588 436 561 540 711 761 476 707 162
? 13 798 695 709 173 680 650 174 108 41 266 355 581 649
? 13 22 674 414 76 685 114 195 359 325 542 774 117 192
? 13 37 24 75 420 568 365 550 579 81 120 265 681 773
? 13 61 186 179 157 712 103 199 385 183 609 64 423 672
? 13 99 274 223 678 367 437 30 750 34 509 647 111 714
? 13 104 247 433 773 81 504 87 513 265 776 568 83 20
? 13 106 789 188 211 71 525 393 682 396 705 716 318 644
? 13 144 794 0 214 335 390 161 487 530 790 426 57 124
? 13 156 493 370 583 594 235 725 403 77 598 63 249 244
? 13 163 82 96 208 89 597 642 663 448 710 246 21 699
? 13 178 780 203 652 311 496 124 453 530 161 390 262 198
? 13 185 88 648 263 116 629 768 165 402 391 84 454 784
? 13 190 758 442 627 676 732 417 452 91 28 720 471 659
? 13 216 633 459 660 636 689 251 217 546 446 227 799 747
? 13 239 187 326 487 749 57 285 428 214 335 489 485 449
? 13 250 738 23 172 654 231 573 432 545 295 48 399 653
? 13 254 452 720 659 639 417 676 32 190 442 758 63 627
? 13 275 548 319 397 354 599 201 675 524 478 740 238 570
? 13 288 693 528 520 234 754 95 503 516 518 602 226 293
? 13 302 538 450 474 670 413 662 18 396 796 71 211 142
? 13 310 495 752 556 514 379 212 181 136 376 286 47 661
? 13 327 713 572 282 472 617 345 704 425 657 562 467 268
? 13 328 307 350 435 194 425 434 345 33 441 90 253 686
? 13 351 298 757 401 438 716 470 267 270 612 658 682 499
? 13 369 686 90 441 624 508 440 462 297 345 343 435 463
? 13 375 544 464 313 559 308 60 341 94 129 149 40 791
? 13 380 155 101 169 683 769 585 539 189 767 28 98 608
? 13 383 494 763 486 455 146 783 451 13 132 26 416 614
? 13 404 615 511 212 379 514 418 257 398 495 376 181 422
? 13 424 384 389 20 575 433 387 569 708 87 104 6 360
? 13 439 595 283 132 614 202 494 146 233 455 763 416 13
? 13 457 374 730 774 751 574 777 582 317 192 164 65 674
? 13 481 280 412 309 167 109 666 194 517 704 527 253 8
? 13 482 761 445 447 561 696 775 110 348 786 721 651 331
? 13 497 252 542 325 699 4 429 160 353 685 366 65 448
? 13 531 772 314 260 401 499 298 795 470 141 752 658 577
? 13 551 321 515 147 306 68 785 368 444 398 257 511 615
? 13 592 745 332 9 601 501 276 722 391 402 624 377 207
? 13 600 151 43 44 661 47 465 136 700 596 304 376 793
? 13 619 27 646 788 461 437 5 664 688 667 731 750 610
? 13 625 219 222 292 64 603 183 638 316 334 584 428 489
? 13 690 301 702 723 175 311 242 760 780 198 509 111 753
? 13 691 571 278 684 300 184 797 692 261 130 635 693 107
? 13 698 729 739 207 591 343 576 454 722 276 400 84 463
? 13 733 95 726 346 518 234 602 703 771 134 336 520 125
? 13 798 695 709 173 680 650 174 108 41 266 355 581 649
? 13 1 69 100 593 546 747 446 660 251 633 453 604 485
? 13 10 182 193 306 785 68 368 519 507 498 147 770 321
? 13 15 584 316 334 258 564 405 489 603 219 292 57 335
? 13 19 213 79 105 737 45 50 408 119 563 587 362 526
? 13 22 674 414 76 685 114 195 359 325 542 774 117 192
? 13 35 119 362 563 399 48 50 59 52 737 637 79 213
? 13 37 24 75 420 568 365 550 579 81 120 265 681 773
? 13 42 145 668 570 407 411 337 148 158 392 599 225 180
? 13 51 371 706 764 567 521 265 365 120 759 443 46 504
? 13 58 653 210 59 669 654 23 2 162 48 399 707 779
? 13 61 186 179 157 712 103 199 385 183 609 64 423 672
? 13 62 710 590 21 82 160 394 429 315 131 718 4 364
? 13 67 3 644 398 259 368 193 318 182 68 393 612 705
? 13 74 607 553 296 460 632 558 406 154 338 671 586 605
? 13 86 356 272 580 488 523 727 358 746 347 331 766 786
? 13 97 139 634 29 170 717 352 287 349 388 622 484 569
? 13 102 577 286 70 141 795 596 661 556 136 43 314 752
? 13 106 789 188 211 71 525 393 682 396 705 716 318 644
? 13 112 55 555 0 236 320 426 529 794 537 510 741 221
? 13 113 295 355 545 41 432 48 399 108 581 133 430 628
? 13 122 535 168 799 227 760 636 244 753 689 249 198 459
? 13 126 621 756 781 490 703 220 779 231 728 346 771 653
? 13 150 427 255 656 80 742 105 45 587 268 171 737 19
? 13 153 229 264 565 448 699 473 576 542 325 114 117 729
? 13 156 493 370 583 594 235 725 403 77 598 63 249 244
? 13 166 687 766 536 746 349 782 287 303 356 378 580 256
? 13 178 780 203 652 311 496 124 453 530 161 390 262 198
? 13 185 88 648 263 116 629 768 165 402 391 84 454 784
? 13 197 271 131 541 159 744 778 353 324 366 640 423 609
? 13 200 736 643 312 266 108 649 573 468 295 545 173 533
? 13 204 72 479 665 138 755 512 78 620 731 662 688 500
? 13 205 16 719 386 296 460 708 123 406 410 6 575 645
? 13 209 120 759 279 664 420 365 492 755 550 176 75 371
? 13 215 373 443 340 469 483 552 444 521 764 147 785 273
? 13 216 633 459 660 636 689 251 217 546 446 227 799 747
? 13 218 291 714 796 750 474 413 437 538 610 223 461 138
? 13 237 458 578 392 762 225 158 180 480 145 118 17 148
? 13 240 793 152 304 606 700 121 339 44 465 596 792 151
? 13 250 738 23 172 654 231 573 432 545 295 48 399 653
? 13 275 548 319 397 354 599 201 675 524 478 740 238 570
? 13 277 534 294 348 561 11 775 724 761 613 721 696 447
? 13 288 693 528 520 234 754 95 503 516 518 602 226 293
? 13 290 786 331 358 775 696 613 348 447 580 482 561 445
? 13 327 713 572 282 472 617 345 704 425 657 562 467 268
? 13 328 307 350 435 194 425 434 345 33 441 90 253 686
? 13 330 372 248 517 8 527 109 650 666 309 174 680 709
? 13 333 557 473 421 117 359 195 784 264 229 591 729 165
? 13 342 14 560 232 734 616 206 149 728 490 547 137 305
? 13 351 298 757 401 438 716 470 267 270 612 658 682 499
? 13 361 177 503 293 516 754 528 135 127 602 305 234 95
? 13 375 544 464 313 559 308 60 341 94 129 149 40 791
? 13 380 155 101 169 683 769 585 539 189 767 28 98 608
? 13 381 735 630 748 284 532 623 640 315 423 609 712 54
? 13 383 494 763 486 455 146 783 451 13 132 26 416 614
? 13 395 107 289 261 130 635 692 184 797 125 336 226 134
? 13 456 694 12 506 589 154 765 338 56 566 549 607 586
? 13 457 374 730 774 751 574 777 582 317 192 164 65 674
? 13 475 466 196 123 410 724 52 540 294 73 707 534 719
? 13 481 280 412 309 167 109 666 194 517 704 527 253 8
? 13 502 478 83 776 354 238 87 20 201 645 599 6 275
? 13 505 554 191 715 357 269 562 589 657 663 718 506 363
? 13 531 772 314 260 401 499 298 795 470 141 752 658 577
? 13 543 742 628 430 133 637 581 174 680 248 427 362 563
? 13 592 745 332 9 601 501 276 722 391 402 624 377 207
? 13 600 151 43 44 661 47 465 136 700 596 304 376 793
? 13 618 418 38 322 658 66 270 382 259 181 379 470 499
? 13 625 219 222 292 64 603 183 638 316 334 584 428 489
? 13 631 73 526 605 611 408 553 558 410 587 123 50 45
? 13 641 273 483 552 469 491 340 378 443 673 743 29 303
? 13 655 171 363 587 611 269 586 408 605 554 558 45 105
? 13 690 301 702 723 175 311 242 760 780 198 509 111 753
? 13 691 571 278 684 300 184 797 692 261 130 635 693 107
? 13 701 140 93 324 778 383 329 143 744 672 494 366 317
? 13 732 627 758 190 442 676 28 91 452 417 720 155 254
? 13 733 95 726 346 518 234 602 703 771 134 336 520 125
? 13 787 409 115 510 529 405 564 790 426 258 741 578 299
? 13 798 695 709 173 680 650 174 108 41 266 355 581 649
? 13 7 431 256 743 673 378 303 536 491 782 422 641 415
? 13 22 674 414 76 685 114 195 359 325 542 774 117 192
? 13 30 647 34 53 111 221 509 678 99 320 667 274 367
? 13 31 463 297 343 508 522 739 462 565 576 208 245 369
? 13 32 639 659 217 720 417 251 471 452 660 604 747 546
? 13 36 608 98 128 767 323 585 233 39 769 683 169 101
? 13 37 24 75 420 568 365 550 579 81 120 265 681 773
? 13 61 186 179 157 712 103 199 385 183 609 64 423 672
? 13 106 789 188 211 71 525 393 682 396 705 716 318 644
? 13 142 665 662 18 670 479 450 498 204 138 512 72 507
? 13 144 794 0 214 335 390 161 487 530 790 426 57 124
? 13 156 493 370 583 594 235 725 403 77 598 63 249 244
? 13 178 780 203 652 311 496 124 453 530 161 390 262 198
? 13 185 88 648 263 116 629 768 165 402 391 84 454 784
? 13 197 271 131 541 159 744 778 353 324 366 640 423 609
? 13 200 736 643 312 266 108 649 573 468 295 545 173 533
? 13 202 614 416 146 13 455 451 132 763 783 494 486 679
? 13 216 633 459 660 636 689 251 217 546 446 227 799 747
? 13 230 753 262 198 446 652 168 535 453 203 760 723 636
? 13 239 187 326 487 749 57 285 428 214 335 489 485 449
? 13 243 137 228 94 308 523 232 616 60 560 341 488 651
? 13 250 738 23 172 654 231 573 432 545 295 48 399 653
? 13 288 693 528 520 234 754 95 503 516 518 602 226 293
? 13 302 538 450 474 670 413 662 18 396 796 71 211 142
? 13 310 495 752 556 514 379 212 181 136 376 286 47 661
? 13 327 713 572 282 472 617 345 704 425 657 562 467 268
? 13 328 307 350 435 194 425 434 345 33 441 90 253 686
? 13 351 298 757 401 438 716 470 267 270 612 658 682 499
? 13 375 544 464 313 559 308 60 341 94 129 149 40 791
? 13 380 155 101 169 683 769 585 539 189 767 28 98 608
? 13 404 615 511 212 379 514 418 257 398 495 376 181 422
? 13 419 92 364 765 740 56 394 566 315 549 630 12 735
? 13 424 384 389 20 575 433 387 569 708 87 104 6 360
? 13 439 595 283 132 614 202 494 146 233 455 763 416 13
? 13 440 472 245 345 467 462 282 508 441 425 369 297 435
? 13 457 374 730 774 751 574 777 582 317 192 164 65 674
? 13 481 280 412 309 167 109 666 194 517 704 527 253 8
? 13 504 513 265 104 567 247 433 81 388 773 484 622 521
? 13 531 772 314 260 401 499 298 795 470 141 752 658 577
? 13 537 320 124 496 530 794 0 221 112 161 555 178 780
? 13 551 321 515 147 306 68 785 368 444 398 257 511 615
? 13 592 745 332 9 601 501 276 722 391 402 624 377 207
? 13 600 151 43 44 661 47 465 136 700 596 304 376 793
? 13 619 27 646 788 461 437 5 664 688 667 731 750 610
? 13 625 219 222 292 64 603 183 638 316 334 584 428 489
? 13 671 632 607 154 549 566 56 201 406 765 12 460 74
? 13 677 533 468 220 344 49 289 781 200 736 649 643 312
? 13 690 301 702 723 175 311 242 760 780 198 509 111 753
? 13 691 571 278 684 300 184 797 692 261 130 635 693 107
? 13 697 415 281 241 782 347 129 121 606 465 727 272 488
? 13 698 729 739 207 591 343 576 454 722 276 400 84 463
? 13 714 218 750 291 413 796 223 437 474 538 99 610 302
? 13 732 627 758 190 442 676 28 91 452 417 720 155 254
? 13 733 95 726 346 518 234 602 703 771 134 336 520 125
? 13 798 695 709 173 680 650 174 108 41 266 355 581 649
? 13 1 69 100 593 546 747 446 660 251 633 453 604 485
? 13 10 182 193 306 785 68 368 519 507 498 147 770 321
? 13 15 584 316 334 258 564 405 489 603 219 292 57 335
? 13 17 681 762 550 578 180 225 579 224 299 741 237 115
? 13 22 674 414 76 685 114 195 359 325 542 774 117 192
? 13 25 588 711 540 721 707 162 85 476 110 436 2 724
? 13 35 119 362 563 399 48 50 59 52 737 637 79 213
? 13 37 24 75 420 568 365 550 579 81 120 265 681 773
? 13 42 145 668 570 407 411 337 148 158 392 599 225 180
? 13 46 620 500 78 512 770 764 706 507 371 498 759 72
? 13 51 371 706 764 567 521 265 365 120 759 443 46 504
? 13 61 186 179 157 712 103 199 385 183 609 64 423 672
? 13 62 710 590 21 82 160 394 429 315 131 718 4 364
? 13 80 656 427 255 268 150 666 617 704 527 109 657 715
? 13 86 356 272 580 488 523 727 358 746 347 331 766 786
? 13 97 139 634 29 170 717 352 287 349 388 622 484 569
? 13 102 577 286 70 141 795 596 661 556 136 43 314 752
? 13 106 789 188 211 71 525 393 682 396 705 716 318 644
? 13 113 295 355 545 41 432 48 399 108 581 133 430 628
? 13 122 535 168 799 227 760 636 244 753 689 249 198 459
? 13 126 621 756 781 490 703 220 779 231 728 346 771 653
? 13 128 36 449 98 428 638 285 608 187 767 749 233 239
? 13 135 177 305 547 361 127 293 791 516 503 754 528 206
? 13 153 229 264 565 448 699 473 576 542 325 114 117 729
? 13 156 493 370 583 594 235 725 403 77 598 63 249 244
? 13 163 82 96 208 89 597 642 663 448 710 246 21 699
? 13 166 687 766 536 746 349 782 287 303 356 378 580 256
? 13 185 88 648 263 116 629 768 165 402 391 84 454 784
? 13 197 271 131 541 159 744 778 353 324 366 640 423 609
? 13 209 120 759 279 664 420 365 492 755 550 176 75 371
? 13 215 373 443 340 469 483 552 444 521 764 147 785 273
? 13 216 633 459 660 636 689 251 217 546 446 227 799 747
? 13 240 793 152 304 606 700 121 339 44 465 596 792 151
? 13 243 137 228 94 308 523 232 616 60 560 341 488 651
? 13 250 738 23 172 654 231 573 432 545 295 48 399 653
? 13 252 65 497 626 192 366 329 744 542 685 325 4 353
? 13 275 548 319 397 354 599 201 675 524 478 740 238 570
? 13 277 534 294 348 561 11 775 724 761 613 721 696 447
? 13 284 735 532 381 675 630 748 54 740 623 524 712 640
? 13 288 693 528 520 234 754 95 503 516 518 602 226 293
? 13 290 786 331 358 775 696 613 348 447 580 482 561 445
? 13 323 39 233 608 767 769 36 169 189 585 539 683 98
? 13 327 713 572 282 472 617 345 704 425 657 562 467 268
? 13 328 307 350 435 194 425 434 345 33 441 90 253 686
? 13 330 372 248 517 8 527 109 650 666 309 174 680 709
? 13 333 557 473 421 117 359 195 784 264 229 591 729 165
? 13 342 14 560 232 734 616 206 149 728 490 547 137 305
? 13 351 298 757 401 438 716 470 267 270 612 658 682 499
? 13 367 678 509 242 274 34 111 702 99 301 175 30 647
? 13 375 544 464 313 559 308 60 341 94 129 149 40 791
? 13 380 155 101 169 683 769 585 539 189 767 28 98 608
? 13 395 107 289 261 130 635 692 184 797 125 336 226 134
? 13 440 472 245 345 467 462 282 508 441 425 369 297 435
? 13 456 694 12 506 589 154 765 338 56 566 549 607 586
? 13 457 374 730 774 751 574 777 582 317 192 164 65 674
? 13 458 237 392 578 158 480 118 225 145 762 180 42 148
? 13 475 466 196 123 410 724 52 540 294 73 707 534 719
? 13 477 679 416 783 26 13 451 486 189 539 614 202 455
? 13 481 280 412 309 167 109 666 194 517 704 527 253 8
? 13 502 478 83 776 354 238 87 20 201 645 599 6 275
? 13 505 554 191 715 357 269 562 589 657 663 718 506 363
? 13 531 772 314 260 401 499 298 795 470 141 752 658 577
? 13 543 742 628 430 133 637 581 174 680 248 427 362 563
? 13 592 745 332 9 601 501 276 722 391 402 624 377 207
? 13 600 151 43 44 661 47 465 136 700 596 304 376 793
? 13 618 418 38 322 658 66 270 382 259 181 379 470 499
? 13 625 219 222 292 64 603 183 638 316 334 584 428 489
? 13 631 73 526 605 611 408 553 558 410 587 123 50 45
? 13 655 171 363 587 611 269 586 408 605 554 558 45 105
? 13 690 301 702 723 175 311 242 760 780 198 509 111 753
? 13 691 571 278 684 300 184 797 692 261 130 635 693 107
? 13 701 140 93 324 778 383 329 143 744 672 494 366 317
? 13 714 218 750 291 413 796 223 437 474 538 99 610 302
? 13 732 627 758 190 442 676 28 91 452 417 720 155 254
? 13 733 95 726 346 518 234 602 703 771 134 336 520 125
? 13 787 409 115 510 529 405 564 790 426 258 741 578 299
? 13 798 695 709 173 680 650 174 108 41 266 355 581 649
? 13 16 205 386 719 296 708 460 406 6 575 123 389 645
? 13 22 674 414 76 685 114 195 359 325 542 774 117 192
? 13 32 639 659 217 720 417 251 471 452 660 604 747 546
? 13 37 24 75 420 568 365 550 579 81 120 265 681 773
? 13 58 653 210 59 669 654 23 2 162 48 399 707 779
? 13 61 186 179 157 712 103 199 385 183 609 64 423 672
? 13 67 3 644 398 259 368 193 318 182 68 393 612 705
? 13 74 607 553 296 460 632 558 406 154 338 671 586 605
? 13 106 789 188 211 71 525 393 682 396 705 716 318 644
? 13 135 177 305 547 361 127 293 791 516 503 754 528 206
? 13 144 794 0 214 335 390 161 487 530 790 426 57 124
? 13 156 493 370 583 594 235 725 403 77 598 63 249 244
? 13 185 88 648 263 116 629 768 165 402 391 84 454 784
? 13 197 271 131 541 159 744 778 353 324 366 640 423 609
? 13 200 736 643 312 266 108 649 573 468 295 545 173 533
? 13 208 89 522 163 642 597 245 467 462 246 96 31 508
? 13 213 19 79 105 737 45 50 119 563 408 362 587 526
? 13 216 633 459 660 636 689 251 217 546 446 227 799 747
? 13 243 137 228 94 308 523 232 616 60 560 341 488 651
? 13 250 738 23 172 654 231 573 432 545 295 48 399 653
? 13 256 431 7 303 378 536 743 782 166 687 673 766 415
? 13 288 693 528 520 234 754 95 503 516 518 602 226 293
? 13 310 495 752 556 514 379 212 181 136 376 286 47 661
? 13 323 39 233 608 767 769 36 169 189 585 539 683 98
? 13 327 713 572 282 472 617 345 704 425 657 562 467 268
? 13 328 307 350 435 194 425 434 345 33 441 90 253 686
? 13 337 407 570 42 385 524 54 145 668 599 158 199 397
? 13 351 298 757 401 438 716 470 267 270 612 658 682 499
? 13 360 387 11 575 613 277 534 386 294 424 384 348 569
? 13 367 678 509 242 274 34 111 702 99 301 175 30 647
? 13 375 544 464 313 559 308 60 341 94 129 149 40 791
? 13 380 155 101 169 683 769 585 539 189 767 28 98 608
? 13 404 615 511 212 379 514 418 257 398 495 376 181 422
? 13 439 595 283 132 614 202 494 146 233 455 763 416 13
? 13 440 472 245 345 467 462 282 508 441 425 369 297 435
? 13 449 485 471 604 128 187 91 747 239 100 36 546 32
? 13 457 374 730 774 751 574 777 582 317 192 164 65 674
? 13 481 280 412 309 167 109 666 194 517 704 527 253 8
? 13 482 761 445 447 561 696 775 110 348 786 721 651 331
!
17 53 55 57 64 115 124 144 161 180 183 199 214 219 221 224 225 236 237 258 285 292 299 316 320 334 335 385 390 405 409 426 428 487 489 496 510 529 530 537 555 564 578 584 603 625 638 667 741 749 762 787 790 794 
335 57
214 335
487 214
144 487
794 144
161 794
124 496
161 390
530 161
124 530
537 124
320 221
320 537
555 320
199 385
183 199
64 183
625 64
292 625
510 115
790 510
426 529
790 426
405 790
258 405
489 749
428 285
428 638
603 428
334 489
603 334
292 603
219 292
316 219
584 316
564 584
409 787
258 409
564 258
578 564
578 237
225 578
762 225
762 180
17 762
224 17
741 224
299 741
55 299
236 55
555 236
667 555
53 667
141 181 286 310 314 418 531 577 618 752 772 795 
181 618
181 418
752 181
752 310
772 752
577 286
795 577
141 795
314 141
772 314
531 772
12 113 213 231 282 327 338 363 456 505 737 
282 327
505 282
113 231
213 113
363 737
363 213
505 363
338 505
12 338
456 12
25 88 121 185 294 328 475 648 697 711 761 
697 121
761 697
294 761
711 294
25 711
475 25
328 475
648 328
88 185
88 648
4 13 22 26 31 65 76 82 89 90 93 96 114 117 132 140 146 153 163 164 192 195 202 208 229 245 246 264 307 317 325 329 345 350 353 359 366 374 383 414 416 425 434 435 440 441 448 451 455 462 467 472 473 486 494 497 508 541 542 565 574 576 582 597 614 626 642 674 685 686 699 701 729 730 744 751 763 774 777 778 783 
350 307
434 350
441 434
90 686
441 90
435 441
462 31
345 440
462 508
245 462
425 435
345 425
472 345
467 472
245 467
89 245
89 208
246 89
163 82
597 246
642 597
96 642
163 96
448 163
699 448
497 699
317 26
146 202
132 494
455 132
146 455
614 146
416 614
13 783
13 451
13 416
486 13
763 486
383 763
93 383
93 701
353 4
541 353
744 541
778 744
366 778
329 366
140 329
93 140
317 93
565 153
576 729
565 576
264 565
114 229
473 264
117 473
359 195
359 117
114 359
542 114
65 626
192 76
192 65
774 192
317 164
777 317
751 777
730 751
374 730
774 374
582 774
574 582
674 574
674 22
414 674
685 414
325 685
325 542
497 325
43 44 70 102 151 240 304 465 596 600 661 700 793 
70 102
661 70
151 600
151 43
661 151
793 465
304 793
596 661
44 596
700 44
304 700
240 304
0 176 492 
176 0
492 176
11 16 97 139 170 277 360 384 386 387 424 484 534 540 569 575 613 634 707 724 
540 707
724 540
534 724
277 534
11 277
386 16
575 386
11 613
360 11
575 360
387 575
170 387
634 139
97 634
170 97
569 484
384 424
569 384
170 569
152 347 457 606 757 
347 457
152 757
606 347
152 606
3 10 46 67 68 72 78 147 182 193 204 259 267 306 318 321 322 368 382 398 438 444 469 479 483 491 498 500 507 512 515 519 525 551 612 620 644 682 705 716 770 785 789 
204 479
72 204
512 72
620 46
512 620
500 512
500 78
770 500
483 469
491 483
444 491
259 382
259 322
612 259
612 318
267 612
438 267
716 438
682 716
525 789
682 525
705 682
644 705
67 644
3 67
3 398
368 3
321 515
321 551
785 321
147 444
306 147
785 306
10 785
182 10
193 182
193 68
368 193
519 368
507 770
498 507
519 498
20 74 83 87 145 148 275 411 458 548 553 558 586 605 611 645 655 668 776 
611 605
611 655
558 611
553 558
586 553
74 586
645 74
776 83
87 776
20 87
645 20
275 645
668 275
668 548
145 458
148 145
668 148
411 668
19 45 79 105 150 167 171 255 268 269 408 427 506 543 554 587 589 617 656 657 694 704 715 742 
19 79
105 19
45 105
45 408
587 45
171 587
554 171
694 589
506 694
269 506
554 269
715 554
715 657
268 715
704 167
704 617
268 704
656 268
255 656
150 255
427 150
742 427
543 742
15 112 
112 15
77 91 101 156 370 439 442 477 493 594 598 679 
101 439
679 477
101 679
91 101
442 91
598 442
77 598
370 77
370 594
156 370
156 493
61 62 103 131 143 157 159 160 179 186 197 252 271 324 381 423 429 562 572 590 609 623 630 640 663 672 710 713 735 748 
713 572
562 713
663 562
62 663
429 252
710 62
590 710
160 590
429 160
131 429
735 630
381 735
623 381
61 157
179 61
131 197
271 131
159 271
324 159
143 324
672 143
103 672
103 179
103 186
423 103
609 423
640 609
640 748
623 640
41 49 95 107 108 125 126 130 133 134 173 184 200 220 226 234 261 266 278 289 293 295 300 312 336 344 346 355 395 468 516 518 520 533 571 581 602 621 628 635 643 649 677 684 691 692 693 695 726 733 736 738 754 756 771 781 797 798 
738 295
781 738
344 336
278 691
571 278
684 571
300 684
692 300
184 797
130 184
107 130
692 635
261 692
107 261
395 107
289 395
677 289
533 677
695 798
173 695
628 133
581 628
41 581
41 355
173 41
108 173
266 108
312 266
736 643
736 200
312 736
649 312
533 649
468 533
220 468
621 126
756 621
781 756
781 220
771 781
520 693
520 226
134 520
125 134
726 125
95 733
516 293
754 516
602 754
95 602
234 95
518 234
726 518
346 726
346 771
344 346
344 49
111 122 168 175 198 203 227 230 235 242 244 249 262 301 311 403 453 459 535 583 636 652 689 690 702 723 725 753 760 780 799 
583 725
235 583
403 235
249 403
244 249
689 244
636 689
636 459
799 636
227 799
168 227
168 535
122 168
760 122
723 760
753 723
301 690
242 702
301 242
175 301
175 111
311 175
780 311
652 780
652 203
198 652
262 453
198 262
753 198
230 753
1 34 63 69 99 100 178 254 274 367 509 593 678 
254 63
100 254
678 367
274 99
678 274
678 509
34 678
178 34
593 178
1 100
69 593
1 69
28 39 155 169 189 222 233 283 323 380 539 595 683 769 
155 28
155 380
769 155
539 189
169 539
769 683
169 769
323 169
233 222
283 595
233 283
39 233
323 39
5 18 30 71 106 138 142 188 211 218 223 291 302 393 396 413 437 450 474 538 610 647 662 665 670 688 714 731 750 755 796 
30 647
437 30
138 755
662 665
188 106
393 188
211 393
71 396
71 211
670 71
18 142
670 18
450 670
662 450
538 662
218 714
291 218
750 223
437 750
291 437
796 291
413 302
474 413
538 474
796 538
138 796
138 610
731 138
5 688
731 5
8 50 80 109 119 174 248 330 362 372 430 527 563 637 650 666 680 709 
119 50
563 119
362 563
637 362
430 637
680 430
330 80
248 330
680 709
680 650
174 680
248 174
527 248
109 666
527 109
8 527
372 8
2 6 21 23 35 42 48 52 54 56 58 59 73 85 92 110 118 123 154 158 162 172 191 196 201 205 210 238 250 284 296 315 319 337 354 357 364 389 392 394 397 399 406 407 410 419 432 436 460 466 476 478 480 502 524 526 532 545 549 566 570 573 588 599 607 631 632 653 654 669 671 675 708 712 718 719 721 740 765 779 
54 712
532 54
284 532
740 284
480 118
158 480
392 42
392 158
570 392
407 570
337 407
524 337
478 502
354 201
478 354
238 478
599 238
319 599
397 319
397 524
675 397
740 675
419 740
357 191
718 357
21 718
394 21
394 315
92 394
364 92
419 364
566 419
566 549
765 566
56 765
154 56
632 671
607 632
607 154
406 607
708 389
6 708
460 6
406 460
296 406
205 296
123 205
85 721
110 85
436 110
476 436
162 588
476 162
2 476
669 2
779 669
653 779
399 35
48 399
573 250
654 545
172 573
23 172
48 432
654 48
23 654
653 23
210 653
58 210
59 58
52 59
196 52
466 196
410 719
73 631
123 466
410 73
123 410
526 123
32 36 98 128 187 190 216 217 239 251 326 417 446 449 452 471 485 546 585 604 608 627 633 639 659 660 676 720 732 747 758 767 
98 585
608 98
767 608
36 767
128 36
449 128
485 449
471 604
417 471
720 190
627 732
758 627
676 758
720 676
720 452
417 720
659 417
639 659
32 639
217 32
633 446
660 216
660 633
251 217
251 660
747 251
747 546
485 747
239 485
326 187
239 326
7 14 24 27 29 37 38 40 47 51 60 66 75 81 86 94 104 120 129 136 137 166 209 212 215 228 232 241 243 247 256 257 260 265 270 272 273 279 281 287 290 298 303 308 313 331 340 341 348 349 351 352 356 358 365 371 373 376 378 379 388 401 404 415 420 422 431 433 443 445 447 461 464 470 482 488 495 499 504 511 513 514 521 523 536 544 550 552 556 560 561 567 568 579 580 615 616 619 622 641 646 651 658 664 673 681 687 696 706 717 727 734 743 746 759 764 766 773 775 782 786 788 
658 270
298 351
499 260
401 298
470 401
499 470
658 499
38 658
66 38
379 66
47 376
136 47
556 136
495 556
379 495
514 379
212 514
511 212
615 404
615 511
257 615
422 257
673 422
7 673
734 14
560 734
560 651
616 560
137 243
616 232
137 616
94 137
313 544
464 313
308 464
94 308
60 94
241 281
129 241
129 40
341 129
341 60
228 341
523 228
727 523
488 727
272 488
86 272
580 86
358 290
561 482
445 561
447 445
775 348
696 775
696 447
786 696
358 786
331 358
580 331
356 580
746 356
766 746
687 766
166 687
349 166
349 287
536 349
303 536
782 303
782 415
431 782
378 431
7 256
378 7
743 378
641 743
273 641
27 619
461 788
27 461
646 27
664 646
279 664
209 279
120 209
120 365
371 120
706 51
371 759
706 371
764 706
373 764
215 373
443 215
443 340
521 443
552 521
273 552
29 273
717 29
622 717
352 622
388 352
504 388
81 433
265 567
24 265
420 37
550 681
550 579
420 550
75 420
24 75
568 24
773 568
81 773
247 81
104 247
513 104
513 504
9 33 84 116 165 194 207 253 263 276 280 297 309 332 333 343 369 377 391 400 402 412 421 454 463 481 501 517 522 557 591 592 601 624 629 698 722 739 745 768 784 
309 517
280 309
280 481
412 280
194 412
253 194
253 33
377 253
501 377
501 9
624 501
276 624
557 333
421 557
84 400
591 84
421 591
784 421
745 592
332 745
276 332
722 276
207 722
601 207
391 601
263 784
165 263
629 165
629 116
768 629
391 402
454 391
454 768
698 454
739 698
297 522
463 369
739 297
739 343
463 739
127 135 149 177 206 288 305 339 342 361 375 490 503 528 547 559 703 728 791 792 
792 339
375 792
177 288
149 375
490 342
528 503
361 528
177 361
135 177
791 135
490 703
728 490
305 728
791 149
791 559
206 791
547 206
305 547
127 305
