? 3 0 157 185
? 3 1 774 496
? 3 2 35 7
? 3 3 548 799
? 3 4 235 572
? 3 5 119 246
? 3 6 197 20
? 3 8 499 519
? 3 9 464 721
? 3 10 621 580
? 3 11 309 282
? 3 12 79 745
? 3 13 536 158
? 3 14 284 341
? 3 15 715 48
? 3 16 100 647
? 3 17 740 430
? 3 18 123 319
? 3 19 347 613
? 3 21 431 53
? 3 22 180 353
? 3 23 260 631
? 3 24 785 621
? 3 25 483 659
? 3 26 224 103
? 3 27 546 351
? 3 28 638 489
? 3 29 485 603
? 3 30 534 714
? 3 31 139 163
? 3 32 733 287
? 3 33 143 285
? 3 34 563 465
? 3 36 236 380
? 3 37 504 620
? 3 38 372 578
? 3 39 91 203
? 3 40 718 736
? 3 41 172 297
? 3 42 174 120
? 3 43 571 364
? 3 44 776 223
? 3 45 787 202
? 3 46 146 70
? 3 47 306 366
? 3 49 210 588
? 3 50 666 574
? 3 51 217 532
? 3 52 460 488
? 3 54 570 446
? 3 55 225 56
? 3 57 540 336
? 3 58 166 387
? 3 59 656 72
? 3 60 339 611
? 3 61 524 746
? 3 62 784 238
? 3 63 544 789
? 3 64 222 605
? 3 65 330 695
? 3 66 407 190
? 3 67 538 415
? 3 68 305 397
? 3 69 790 356
? 3 71 327 271
? 3 73 249 307
? 3 74 338 66
? 3 75 795 520
? 3 76 127 244
? 3 77 568 406
? 3 78 536 158
? 3 80 745 405
? 3 81 624 709
? 3 82 569 105
? 3 83 122 586
? 3 84 701 459
? 3 85 402 721
? 3 86 710 511
? 3 87 342 439
? 3 88 414 149
? 3 89 571 130
? 3 90 542 607
? 3 92 596 373
? 3 93 95 229
? 3 94 728 367
? 3 96 316 238
? 3 97 140 583
? 3 98 256 273
? 3 99 369 600
? 3 101 334 594
? 3 102 570 54
? 3 104 264 730
? 3 106 475 274
? 3 107 763 403
? 3 108 576 775
? 3 109 505 332
? 3 110 251 791
? 3 111 706 676
? 3 112 365 591
? 3 113 581 436
? 3 114 672 493
? 3 115 587 384
? 3 116 757 231
? 3 117 424 466
? 3 118 434 189
? 3 121 272 428
? 3 124 43 602
? 3 125 454 689
? 3 126 650 44
? 3 128 492 776
? 3 129 305 68
? 3 131 584 135
? 3 132 339 606
? 3 133 463 675
? 3 134 588 160
? 3 136 432 559
? 3 137 201 139
? 3 138 281 447
? 3 141 385 267
? 3 142 748 698
? 3 144 263 183
? 3 145 291 692
? 3 147 665 479
? 3 148 621 712
? 3 150 443 166
? 3 151 456 508
? 3 152 675 463
? 3 153 462 412
? 3 154 353 255
? 3 155 176 277
? 3 156 610 238
? 3 159 379 559
? 3 161 391 404
? 3 162 399 645
? 3 164 264 104
? 3 165 209 569
? 3 167 332 568
? 3 168 335 607
? 3 169 788 710
? 3 170 387 166
? 3 171 731 7
? 3 173 629 400
? 3 175 296 631
? 3 177 550 180
? 3 178 716 371
? 3 179 770 578
? 3 181 587 553
? 3 182 297 742
? 3 184 372 38
? 3 186 405 685
? 3 187 618 648
? 3 188 309 527
? 3 191 547 690
? 3 192 522 374
? 3 193 95 347
? 3 194 256 98
? 3 195 657 361
? 3 196 301 533
? 3 198 419 705
? 3 199 487 328
? 3 200 286 771
? 3 204 376 199
? 3 205 796 736
? 3 206 225 226
? 3 207 482 591
? 3 208 766 495
? 3 211 797 259
? 3 212 590 206
? 3 213 327 71
? 3 214 301 389
? 3 215 423 231
? 3 216 637 331
? 3 218 465 34
? 3 219 492 128
? 3 220 443 58
? 3 221 794 440
? 3 227 348 759
? 3 228 539 471
? 3 230 436 719
? 3 232 441 510
? 3 233 447 303
? 3 234 248 509
? 3 237 627 622
? 3 239 734 616
? 3 240 258 529
? 3 241 601 527
? 3 242 512 391
? 3 243 767 517
? 3 245 526 370
? 3 247 284 41
? 3 250 634 697
? 3 252 475 377
? 3 253 411 186
? 3 254 527 241
? 3 257 683 470
? 3 261 585 469
? 3 262 618 670
? 3 265 273 788
? 3 266 664 456
? 3 268 695 207
? 3 269 674 661
? 3 270 123 18
? 3 275 681 310
? 3 276 345 352
? 3 278 749 460
? 3 279 352 761
? 3 280 771 286
? 3 283 714 484
? 3 288 490 639
? 3 289 671 607
? 3 290 410 608
? 3 292 23 260
? 3 293 481 737
? 3 294 684 357
? 3 295 582 782
? 3 298 614 630
? 3 299 367 94
? 3 300 638 489
? 3 302 786 609
? 3 304 611 200
? 3 308 356 755
? 3 311 177 550
? 3 312 635 543
? 3 313 373 733
? 3 314 649 53
? 3 315 322 626
? 3 317 168 335
? 3 318 383 796
? 3 320 543 491
? 3 321 742 727
? 3 323 594 155
? 3 324 560 310
? 3 325 662 320
? 3 326 661 319
? 3 329 197 6
? 3 333 624 735
? 3 337 508 456
? 3 340 350 388
? 3 343 523 606
? 3 344 668 777
? 3 346 322 626
? 3 349 370 395
? 3 354 623 655
? 3 355 410 262
? 3 358 658 783
? 3 359 727 775
? 3 360 753 396
? 3 362 589 773
? 3 363 424 256
? 3 368 725 468
? 3 375 738 333
? 3 378 595 396
? 3 381 78 426
? 3 382 639 288
? 3 386 759 758
? 3 390 449 439
? 3 392 203 742
? 3 393 656 498
? 3 394 727 297
? 3 398 795 309
? 3 401 453 431
? 3 408 389 744
? 3 409 372 38
? 3 413 713 287
? 3 416 628 552
? 3 417 575 380
? 3 418 303 233
? 3 420 642 549
? 3 421 604 601
? 3 422 679 766
? 3 425 69 356
? 3 427 278 488
? 3 429 445 758
? 3 433 244 485
? 3 435 680 525
? 3 437 614 602
? 3 438 474 688
? 3 442 5 780
? 3 444 531 13
? 3 448 497 336
? 3 450 462 412
? 3 451 431 401
? 3 452 745 509
? 3 455 264 104
? 3 457 552 628
? 3 458 404 619
? 3 461 476 236
? 3 467 57 730
? 3 472 537 162
? 3 473 160 588
? 3 477 714 283
? 3 478 717 513
? 3 480 760 296
? 3 486 319 494
? 3 500 521 653
? 3 501 131 84
? 3 502 523 606
? 3 503 682 374
? 3 506 797 735
? 3 507 707 679
? 3 514 696 377
? 3 515 705 198
? 3 516 771 200
? 3 518 293 481
? 3 528 673 579
? 3 530 494 676
? 3 535 190 407
? 3 541 659 599
? 3 545 767 586
? 3 551 750 64
? 3 554 179 409
? 3 555 585 556
? 3 557 563 34
? 3 558 331 246
? 3 561 402 85
? 3 562 379 139
? 3 564 130 364
? 3 565 259 567
? 3 566 281 741
? 3 573 751 643
? 3 577 194 39
? 3 592 574 550
? 3 593 453 431
? 3 597 540 57
? 3 598 307 73
? 3 612 61 746
? 3 615 305 397
? 3 617 512 242
? 3 625 167 568
? 3 632 551 750
? 3 633 768 692
? 3 636 756 416
? 3 640 334 277
? 3 641 400 28
? 3 644 677 185
? 3 646 548 798
? 3 651 228 539
? 3 652 722 512
? 3 654 690 496
? 3 660 358 726
? 3 663 772 741
? 3 667 645 642
? 3 669 300 158
? 3 678 381 78
? 3 686 700 490
? 3 687 156 610
? 3 691 505 15
? 3 693 513 56
? 3 694 22 154
? 3 699 440 221
? 3 702 49 210
? 3 703 794 221
? 3 704 318 552
? 3 708 383 145
? 3 711 214 301
? 3 720 769 482
? 3 723 415 259
? 3 724 371 178
? 3 729 532 51
? 3 732 746 557
? 3 739 384 436
? 3 743 761 345
? 3 747 780 370
? 3 752 620 599
? 3 754 592 311
? 3 762 451 431
? 3 764 534 790
? 3 765 395 537
? 3 778 798 605
? 3 779 688 510
? 3 781 407 190
? 3 792 465 339
? 3 793 93 572
? 3 0 157 185
? 3 1 774 496
? 3 4 235 572
? 3 8 499 519
? 3 9 464 721
? 3 10 621 580
? 3 12 79 745
? 3 19 347 613
? 3 20 688 438
? 3 21 431 53
? 3 24 785 621
? 3 25 483 659
? 3 26 224 103
? 3 27 546 351
? 3 29 485 603
? 3 30 534 714
? 3 33 143 285
? 3 35 2 7
? 3 42 174 120
? 3 45 787 202
? 3 48 715 15
? 3 50 666 574
? 3 52 460 488
? 3 60 339 611
? 3 62 784 238
? 3 65 330 695
? 3 67 538 415
!
61 228 471 524 539 557 612 651 732 746 792 
746 612
61 524
746 61
732 746
557 732
792 557
539 792
539 651
471 539
228 471
51 75 217 232 441 510 520 532 729 795 
232 510
441 232
520 441
75 520
75 795
51 75
51 729
217 532
51 217
4 9 13 19 25 28 33 57 58 63 71 77 78 85 90 93 95 104 114 118 125 143 150 158 164 166 168 170 173 189 193 196 213 214 220 229 235 264 271 275 285 289 293 300 301 310 315 317 322 324 327 335 336 346 347 354 358 360 368 378 381 387 389 396 400 402 406 408 426 434 443 444 448 454 464 467 468 481 483 489 493 497 518 531 533 536 540 541 542 544 560 561 568 572 595 597 599 607 613 623 626 629 638 641 655 658 659 669 671 672 678 681 689 711 721 725 730 737 744 753 783 789 793 
358 658
783 358
789 783
789 544
63 789
434 63
118 434
189 118
193 189
613 19
347 613
193 347
95 193
229 95
572 793
93 229
572 93
235 572
4 235
346 4
753 360
396 753
396 378
595 396
659 595
659 25
659 483
659 541
599 659
315 599
322 346
322 315
322 626
671 322
143 285
33 143
168 33
368 725
468 368
671 468
671 289
607 671
168 317
168 335
607 168
90 607
542 90
213 542
402 561
85 402
721 85
464 721
464 9
689 464
689 125
454 689
71 454
327 271
71 327
213 71
354 213
638 300
173 629
400 173
641 400
28 641
489 28
489 638
655 489
623 655
354 623
681 354
497 448
533 497
196 533
214 196
114 672
493 114
744 493
744 408
389 744
214 389
214 711
301 214
597 301
597 540
57 597
57 336
730 57
730 467
104 730
104 264
164 104
324 164
324 560
310 324
681 310
681 275
531 681
444 531
13 444
426 13
426 381
78 426
158 669
536 158
78 536
678 78
518 678
293 518
293 481
737 293
58 737
58 150
58 220
443 166
58 443
387 58
170 387
77 170
568 406
568 77
153 239 
239 153
34 60 113 115 132 181 200 218 230 280 286 304 339 343 384 436 465 502 516 523 553 563 581 587 606 611 719 739 771 773 
34 563
218 34
218 465
60 218
181 773
771 280
200 516
286 771
200 286
304 200
611 304
611 60
339 611
132 339
606 132
606 502
523 606
343 523
553 343
181 553
587 181
115 587
384 115
384 739
113 384
230 719
113 230
436 581
436 113
11 30 87 188 192 282 283 288 308 309 342 356 374 382 390 439 449 484 490 503 522 534 639 682 686 700 714 755 764 790 
309 188
11 309
282 11
87 282
439 390
342 87
439 342
449 439
755 449
308 755
790 308
382 288
639 382
490 639
700 490
700 686
522 700
522 192
374 522
503 374
682 503
484 682
714 484
714 283
714 30
534 714
764 534
790 764
356 790
24 351 785 
785 351
24 785
222 440 605 703 778 794 
703 794
440 703
605 440
605 222
778 605
66 68 74 129 190 305 338 397 407 535 781 
68 129
305 397
68 305
781 68
338 74
66 338
66 535
66 781
66 407
190 66
451 762 
762 451
2 7 35 47 133 152 171 306 366 463 470 675 731 
2 35
7 2
171 7
171 731
470 171
47 470
366 306
47 366
675 47
675 152
463 675
463 133
55 56 82 105 142 151 162 165 206 209 212 225 226 245 337 349 370 395 399 456 472 478 508 513 526 537 569 590 645 667 693 698 717 748 765 
590 212
206 590
226 206
225 226
55 225
693 55
513 693
478 717
513 478
56 513
142 56
748 698
142 748
105 142
569 105
569 82
209 569
165 209
395 165
526 245
370 526
370 349
395 370
765 395
537 765
472 537
162 472
162 399
645 162
667 645
151 667
337 508
456 337
456 151
97 121 140 428 583 
428 121
583 428
97 583
140 97
780 
141 250 267 313 385 634 697 
385 313
267 141
634 250
697 634
267 697
385 267
116 117 215 231 423 466 757 
117 466
423 117
757 116
231 757
215 231
215 423
42 67 81 120 161 174 208 211 242 259 333 344 375 391 404 415 458 495 506 507 512 538 565 567 617 619 624 668 679 709 723 735 738 766 777 797 
679 507
120 42
174 120
495 174
208 495
766 208
679 766
81 679
709 81
624 709
738 624
375 738
415 723
415 538
415 67
259 415
565 567
259 565
211 259
797 211
506 797
735 506
333 735
375 333
458 375
777 668
344 777
161 344
619 458
404 619
161 404
391 161
242 391
617 242
512 617
3 65 112 207 221 237 268 330 365 482 548 591 622 627 646 695 699 720 769 798 799 
699 221
798 699
769 720
330 769
695 330
695 65
268 695
207 268
482 207
112 482
627 237
622 627
591 622
591 365
591 112
799 591
3 799
548 3
646 548
798 646
99 191 253 369 411 547 600 657 
191 547
253 191
411 253
369 411
99 657
600 99
600 369
32 36 92 236 287 373 380 413 461 476 596 713 733 
713 413
287 713
32 287
733 32
373 733
596 373
92 596
461 92
476 461
236 476
36 236
380 36
5 54 94 102 138 147 216 233 246 281 295 299 303 331 367 418 420 442 446 447 479 549 558 566 570 582 637 642 663 665 728 741 747 772 782 
570 102
54 446
54 570
331 54
582 295
782 582
637 782
637 216
331 637
558 331
246 558
5 246
442 5
747 442
728 747
94 299
367 728
367 94
420 367
549 642
549 420
303 549
233 303
418 233
138 418
566 138
665 147
479 665
772 479
741 772
741 663
566 741
281 566
447 281
573 636 643 704 751 756 
756 704
756 636
643 756
751 643
573 751
37 422 504 620 752 
504 422
37 752
620 504
620 37
8 10 14 16 18 22 41 50 59 72 88 100 107 111 123 148 149 154 172 177 180 182 198 240 247 255 258 269 270 284 297 311 319 341 353 393 403 414 419 486 494 498 499 515 519 529 530 550 574 580 592 621 647 656 661 666 674 676 694 705 706 712 754 763 
269 674
661 269
319 661
494 530
486 494
319 486
18 319
123 18
270 123
111 270
676 111
706 676
88 706
414 88
149 414
580 149
621 580
621 10
148 621
712 148
574 712
592 754
574 592
666 574
666 50
154 666
154 694
353 255
154 353
22 154
180 22
177 180
550 177
311 550
8 311
499 8
519 499
529 519
705 515
705 198
419 705
529 419
240 529
258 240
16 258
16 647
100 16
107 100
763 403
763 107
59 763
656 498
656 393
59 656
72 59
341 72
14 341
284 14
247 284
41 247
172 41
297 172
297 182
46 70 146 266 312 320 325 455 491 543 635 660 662 664 726 
46 70
146 46
726 146
660 726
664 660
266 664
312 266
662 455
662 325
320 662
320 491
543 320
543 312
543 635
6 20 110 197 251 329 438 688 779 791 
197 329
6 197
20 6
688 20
688 438
779 688
791 779
791 251
791 110
26 272 
26 272
500 
29 76 127 131 135 244 433 485 501 584 603 
485 29
485 433
603 485
244 603
244 127
76 244
135 76
584 135
131 501
131 584
64 261 469 551 555 556 585 750 
551 64
750 551
556 750
556 555
585 556
261 469
585 261
119 
254 398 527 
254 398
254 527
43 89 130 241 364 564 571 601 
601 241
43 601
364 564
571 364
130 89
571 130
571 43
45 202 787 
787 202
45 787
15 31 39 48 86 91 98 106 108 109 136 137 139 159 163 167 169 194 201 203 252 256 265 273 274 294 321 332 357 359 377 379 392 394 432 475 505 511 514 559 562 576 577 625 684 691 696 710 715 727 742 775 788 
48 15
715 48
332 715
167 625
332 167
505 332
505 109
691 505
256 691
169 265
696 514
377 696
377 252
475 377
475 106
274 475
511 274
710 511
710 86
169 710
788 169
273 788
273 98
256 273
194 256
577 194
39 577
91 39
91 203
392 91
359 394
108 576
775 108
727 775
727 359
321 727
742 321
392 742
137 392
137 201
562 137
684 357
294 684
559 294
136 432
559 136
159 559
379 159
562 379
139 562
31 163
139 31
124 187 262 290 355 410 421 435 437 525 602 604 608 614 618 630 648 670 680 
614 630
437 614
602 437
602 124
604 602
421 604
525 421
290 608
410 290
355 410
262 355
435 680
525 435
670 525
618 670
618 262
648 618
648 187
326 615 632 
632 615
326 632
21 53 227 257 314 340 348 350 386 388 401 429 431 445 453 593 649 683 758 759 
257 683
453 257
453 593
401 453
431 401
314 649
53 314
431 21
53 431
388 53
350 227
340 388
350 340
759 350
445 429
758 445
758 386
759 758
759 348
44 126 128 219 223 276 279 345 352 492 650 743 761 776 
219 128
776 219
276 345
352 276
352 279
761 352
743 761
650 743
650 126
44 650
223 44
776 223
492 776
17 430 652 740 
17 652
740 430
740 17
73 195 199 204 249 307 328 361 376 487 598 
361 195
328 361
328 487
199 328
204 199
376 204
249 376
307 249
307 598
73 307
0 1 12 79 80 84 144 157 183 185 186 234 248 263 405 452 459 496 509 528 579 644 654 673 677 685 690 701 745 774 
654 690
496 654
774 496
1 774
263 1
263 144
183 263
673 183
673 528
579 673
459 579
459 701
84 459
157 84
677 644
185 677
185 157
0 185
12 0
745 452
248 234
509 248
745 509
79 12
745 79
405 745
405 80
685 405
186 685
363 424 616 734 
424 363
616 424
616 734
23 62 96 156 175 238 260 292 296 302 316 480 609 610 631 687 760 784 786 
156 687
610 156
238 610
238 96
238 316
784 238
62 784
175 62
609 302
786 609
23 786
175 23
760 480
296 760
296 175
631 296
260 292
631 260
52 69 278 417 425 427 460 474 477 488 575 749 
575 474
417 575
69 417
425 477
69 425
52 69
488 427
460 488
460 52
749 460
278 749
707 722 
722 707
83 122 243 517 521 545 586 653 767 
653 521
586 653
122 83
586 122
545 586
767 545
243 517
767 243
103 224 412 450 462 
103 224
462 103
462 450
462 412
27 178 298 371 546 716 724 
27 546
298 27
716 298
371 716
371 724
178 371
38 40 49 101 134 145 155 160 176 179 184 205 210 277 291 318 323 334 362 372 383 409 416 457 473 552 554 578 588 589 594 628 633 640 692 702 708 718 736 768 770 796 
589 362
554 589
409 554
372 409
372 184
38 372
578 38
179 578
770 179
323 770
594 323
334 640
101 334
594 101
155 594
155 176
277 155
768 277
633 768
692 633
145 692
145 291
708 145
383 708
383 318
796 383
796 205
457 796
552 457
628 552
416 628
718 416
40 718
736 40
588 736
134 473
588 49
160 134
588 160
210 702
588 210
