? 8 0 158 502 328 154 634 292 557
? 8 1 777 591 257 316 40 785 757
? 8 2 613 718 648 665 732 265 386
? 8 3 274 637 79 652 191 480 730
? 8 4 537 721 504 88 120 639 40
? 8 5 540 412 602 666 658 484 623
? 8 6 781 413 666 623 739 484 282
? 8 7 595 38 408 376 609 709 505
? 8 8 282 125 297 739 621 662 413
? 8 9 529 384 451 696 363 779 55
? 8 10 209 311 383 632 357 697 405
? 8 11 147 743 411 604 332 437 97
? 8 12 787 317 99 81 113 541 676
? 8 13 391 599 724 507 139 522 108
? 8 14 34 688 577 33 545 705 63
? 8 15 410 458 437 604 735 606 97
? 8 16 471 551 734 523 199 162 699
? 8 17 463 582 348 28 542 229 754
? 8 18 756 765 296 623 484 491 193
? 8 19 227 752 207 590 585 140 377
? 8 20 432 324 472 369 668 483 359
? 8 21 330 382 144 725 102 192 145
? 8 22 161 122 185 653 59 720 92
? 8 23 154 426 502 158 557 0 443
? 8 24 710 323 218 485 453 220 448
? 8 25 764 142 578 288 516 528 745
? 8 26 312 461 378 301 675 159 104
? 8 27 44 36 746 722 655 762 455
? 8 29 306 219 321 588 245 753 496
? 8 30 657 223 486 126 479 234 747
? 8 31 400 349 390 289 310 614 263
? 8 32 761 164 530 85 39 155 137
? 8 35 629 450 275 706 368 112 259
? 8 37 399 634 452 734 0 699 158
? 8 41 636 530 164 51 155 397 749
? 8 42 592 716 704 576 677 62 421
? 8 43 786 620 73 466 678 701 52
? 8 45 211 68 293 512 586 601 168
? 8 46 455 722 326 36 249 780 27
? 8 47 271 64 503 492 560 578 477
? 8 48 610 546 402 490 768 580 622
? 8 49 346 275 259 706 741 112 626
? 8 50 228 156 771 615 106 583 588
? 8 53 527 683 526 70 624 272 401
? 8 54 744 608 778 521 649 559 128
? 8 56 483 775 67 472 324 369 668
? 8 57 166 143 84 286 183 681 81
? 8 58 189 691 173 441 169 500 794
? 8 60 276 589 469 570 715 425 733
? 8 61 302 403 719 703 783 170 151
? 8 65 770 479 612 284 178 127 234
? 8 66 179 436 342 75 480 94 730
? 8 69 394 659 148 204 341 216 194
? 8 71 520 693 241 713 598 362 343
? 8 72 213 89 750 499 250 559 284
? 8 74 318 150 224 299 431 641 670
? 8 76 676 534 392 201 651 99 388
? 8 77 252 347 200 222 336 332 597
? 8 78 661 511 638 567 476 564 445
? 8 80 208 740 215 575 791 606 431
? 8 82 543 303 396 699 287 452 367
? 8 83 665 181 350 152 386 732 454
? 8 86 381 444 187 554 611 682 643
? 8 87 196 714 579 427 498 790 669
? 8 90 616 601 501 293 512 586 68
? 8 91 773 256 731 403 783 767 513
? 8 93 372 371 201 388 351 534 362
? 8 95 326 566 571 46 780 621 722
? 8 96 179 342 66 389 94 75 568
? 8 98 695 335 793 501 119 493 545
? 8 100 243 797 357 405 632 785 209
? 8 101 105 757 176 509 785 316 243
? 8 103 579 196 737 427 87 524 669
? 8 107 55 525 363 420 170 685 9
? 8 109 132 140 590 406 644 377 563
? 8 110 769 515 214 605 397 382 494
? 8 111 460 260 767 513 141 256 538
? 8 114 617 314 589 470 469 738 457
? 8 115 708 226 440 365 707 788 315
? 8 116 596 177 153 729 536 465 436
? 8 117 463 165 519 28 233 508 118
? 8 121 387 562 331 627 738 457 314
? 8 123 759 506 59 327 720 599 391
? 8 124 531 644 603 607 377 140 406
? 8 129 231 514 264 304 258 438 134
? 8 130 251 509 711 674 176 105 487
? 8 131 726 456 203 142 717 673 784
? 8 133 598 343 681 143 371 166 693
? 8 135 188 355 242 280 477 232 433
? 8 136 265 386 250 152 665 613 2
? 8 138 494 464 278 214 220 398 515
? 8 146 423 593 269 296 698 573 765
? 8 149 168 633 728 265 613 2 718
? 8 157 560 190 492 470 242 617 64
? 8 160 550 488 163 255 795 297 686
? 8 167 524 182 434 645 322 416 553
? 8 171 415 175 795 297 662 478 125
? 8 172 184 619 221 356 760 395 309
? 8 174 294 85 776 761 700 798 273
? 8 180 631 445 308 567 642 261 748
? 8 186 753 530 39 636 51 164 245
? 8 195 732 409 648 718 692 2 613
? 8 197 283 640 266 794 609 390 289
? 8 198 273 539 39 753 186 360 700
? 8 202 393 279 417 467 433 232 792
? 8 205 380 304 281 402 546 239 610
? 8 206 475 97 758 362 71 437 713
? 8 210 298 522 246 658 446 313 507
? 8 212 497 379 474 418 780 375 772
? 8 217 339 647 495 331 337 562 305
? 8 225 354 754 194 216 715 663 570
? 8 230 493 300 335 586 361 430 695
? 8 235 698 374 593 760 309 423 146
? 8 236 478 218 485 497 323 379 171
? 8 237 703 712 151 403 719 61 773
? 8 238 656 99 670 334 641 128 744
? 8 240 185 796 653 684 122 221 395
? 8 244 669 277 427 596 196 177 87
? 8 247 681 33 343 183 705 133 598
? 8 248 434 344 553 167 353 182 233
? 8 253 367 449 517 561 162 690 699
? 8 254 553 635 434 569 548 248 555
? 8 262 789 664 630 723 268 442 779
? 8 267 419 727 360 539 672 487 799
? 8 270 315 365 788 707 145 223 510
? 8 285 751 438 514 231 368 736 259
? 8 290 559 265 633 128 136 250 728
? 8 291 762 746 44 689 660 27 768
? 8 295 611 465 444 489 518 177 791
? 8 307 395 684 796 104 356 378 461
? 8 319 766 692 414 667 535 618 352
? 8 320 760 602 619 540 184 5 92
? 8 325 565 292 62 673 328 717 677
? 8 329 646 112 782 626 706 378 461
? 8 333 600 127 178 234 428 499 680
? 8 338 784 763 447 468 792 576 203
? 8 340 651 534 735 758 76 552 606
? 8 345 790 569 553 579 432 254 434
? 8 358 453 375 628 323 657 126 428
? 8 364 387 422 217 495 121 647 339
? 8 366 401 526 574 667 618 272 53
? 8 370 255 459 163 398 639 120 550
? 8 373 747 725 486 330 587 628 30
? 8 385 510 191 788 365 315 770 652
? 8 404 555 635 685 548 363 384 254
? 8 407 190 503 492 157 469 560 589
? 8 424 40 257 799 798 777 591 776
? 8 429 79 649 334 637 224 150 641
? 8 435 639 504 120 459 85 174 370
? 8 439 697 549 671 139 632 446 10
? 8 462 376 544 609 38 595 310 640
? 8 473 532 567 511 655 642 661 638
? 8 481 605 749 51 615 397 41 771
? 8 482 561 162 517 745 199 449 523
? 8 533 442 779 742 696 789 262 723
? 8 547 489 597 518 410 222 67 200
? 8 556 614 263 349 151 31 719 390
? 8 558 239 622 546 281 70 527 402
? 8 572 418 474 780 249 46 455 212
? 8 581 272 574 624 642 679 261 683
? 8 584 425 733 755 496 106 276 407
? 8 594 771 394 216 194 615 50 354
? 8 625 654 406 563 341 148 582 109
? 8 650 686 246 298 313 210 160 721
? 8 687 680 702 564 772 428 418 333
? 8 694 287 176 396 251 130 105 509
? 8 774 457 314 337 331 114 562 570
? 8 3 274 637 79 652 191 480 730
? 8 4 537 721 504 88 120 639 40
? 8 8 282 125 297 739 621 662 413
? 8 13 391 599 724 507 139 522 108
? 8 22 161 122 185 653 59 720 92
? 8 24 710 323 218 485 453 220 448
? 8 35 629 450 275 706 368 112 259
? 8 42 592 716 704 576 677 62 421
? 8 45 211 68 293 512 586 601 168
? 8 47 271 64 503 492 560 578 477
? 8 49 346 275 259 706 741 112 626
? 8 52 678 701 73 793 43 620 98
? 8 54 744 608 778 521 649 559 128
? 8 63 545 361 34 286 119 84 14
? 8 69 394 659 148 204 341 216 194
? 8 89 750 350 152 250 386 181 476
? 8 96 179 342 66 389 94 75 568
? 8 116 596 177 153 729 536 465 436
? 8 117 463 165 519 28 233 508 118
? 8 124 531 644 603 607 377 140 406
? 8 138 494 464 278 214 220 398 515
? 8 141 420 111 538 460 525 542 118
? 8 144 102 145 192 21 707 330 585
? 8 149 168 633 728 265 613 2 718
? 8 156 106 50 228 755 733 584 771
? 8 159 301 675 312 461 378 329 35
? 8 172 184 619 221 356 760 395 309
? 8 173 691 441 189 58 169 500 794
? 8 175 415 171 795 297 488 163 125
? 8 180 631 445 308 567 642 261 748
? 8 188 242 135 627 470 738 157 617
? 8 193 756 566 491 95 739 291 18
? 8 197 283 640 266 794 609 390 289
? 8 208 80 215 740 791 575 431 606
? 8 219 29 745 306 516 764 528 482
? 8 226 115 708 440 652 365 75 94
? 8 229 663 348 754 17 542 463 337
? 8 230 493 300 335 586 361 430 695
? 8 235 698 374 593 760 309 423 146
? 8 244 669 277 427 596 196 177 87
? 8 252 77 347 336 200 222 56 597
? 8 258 134 660 580 129 231 689 490
? 8 264 514 304 129 231 438 380 285
? 8 267 419 727 360 539 672 487 799
? 8 279 467 792 202 393 447 417 232
? 8 280 433 417 355 232 393 202 135
? 8 288 578 784 25 203 338 726 142
? 8 295 611 465 444 489 518 177 791
? 8 299 431 74 318 552 150 575 670
? 8 305 495 647 538 339 217 337 460
? 8 311 383 10 209 671 697 632 327
? 8 319 766 692 414 667 535 618 352
? 8 345 790 569 553 579 432 254 434
? 8 400 31 390 349 289 310 263 614
? 8 409 195 352 692 319 732 535 766
? 8 411 743 332 147 11 200 604 222
? 8 416 322 645 182 167 607 524 248
? 8 422 364 513 260 767 460 495 256
? 8 424 40 257 799 798 777 591 776
? 8 451 9 529 302 742 719 61 696
? 8 454 748 631 261 181 308 180 445
? 8 458 735 15 437 606 758 97 604
? 8 466 786 620 577 73 688 701 43
? 8 498 714 682 359 187 554 87 277
? 8 533 442 779 742 696 789 262 723
? 8 543 82 303 396 699 367 452 253
? 8 544 723 462 789 376 505 533 310
? 8 571 379 662 497 621 95 566 212
? 8 572 418 474 780 249 46 455 212
? 8 573 269 423 146 689 765 296 491
? 8 581 272 574 624 642 679 261 683
? 8 583 615 771 749 228 245 50 51
? 8 587 628 453 747 24 710 220 358
? 8 616 90 501 601 512 293 695 98
? 8 654 625 406 582 563 109 341 148
? 8 674 690 711 367 251 130 727 487
? 8 709 408 347 7 595 252 336 77
? 8 712 703 773 237 403 61 91 719
? 8 737 524 103 182 167 645 579 322
? 8 751 438 285 231 514 741 129 264
? 8 752 207 19 585 568 227 389 590
? 8 759 506 123 327 59 599 720 391
? 8 775 67 56 668 483 643 597 324
? 8 787 317 113 12 541 81 99 676
? 8 797 100 243 357 405 632 209 785
? 8 1 777 591 257 316 40 785 757
? 8 3 274 637 79 652 191 480 730
? 8 4 537 721 504 88 120 639 40
? 8 8 282 125 297 739 621 662 413
? 8 13 391 599 724 507 139 522 108
? 8 16 471 551 734 523 199 162 699
? 8 22 161 122 185 653 59 720 92
? 8 23 154 426 502 158 557 0 443
? 8 26 312 461 378 301 675 159 104
? 8 32 761 164 530 85 39 155 137
? 8 37 399 634 452 734 0 699 158
? 8 42 592 716 704 576 677 62 421
? 8 45 211 68 293 512 586 601 168
? 8 47 271 64 503 492 560 578 477
? 8 48 610 546 402 490 768 580 622
? 8 49 346 275 259 706 741 112 626
? 8 52 678 701 73 793 43 620 98
? 8 53 527 683 526 70 624 272 401
? 8 54 744 608 778 521 649 559 128
? 8 60 276 589 469 570 715 425 733
? 8 65 770 479 612 284 178 127 234
? 8 69 394 659 148 204 341 216 194
? 8 78 661 511 638 567 476 564 445
? 8 86 381 444 187 554 611 682 643
? 8 93 372 371 201 388 351 534 362
? 8 96 179 342 66 389 94 75 568
? 8 107 55 525 363 420 170 685 9
? 8 110 769 515 214 605 397 382 494
? 8 116 596 177 153 729 536 465 436
? 8 117 463 165 519 28 233 508 118
? 8 121 387 562 331 627 738 457 314
? 8 124 531 644 603 607 377 140 406
? 8 132 109 590 140 563 341 406 148
? 8 138 494 464 278 214 220 398 515
? 8 149 168 633 728 265 613 2 718
? 8 156 106 50 228 755 733 584 771
? 8 172 184 619 221 356 760 395 309
? 8 173 691 441 189 58 169 500 794
? 8 193 756 566 491 95 739 291 18
? 8 197 283 640 266 794 609 390 289
? 8 205 380 304 281 402 546 239 610
? 8 206 475 97 758 362 71 437 713
? 8 208 80 215 740 791 575 431 606
? 8 210 298 522 246 658 446 313 507
? 8 213 499 72 600 127 78 284 476
? 8 225 354 754 194 216 715 663 570
? 8 230 493 300 335 586 361 430 695
? 8 235 698 374 593 760 309 423 146
? 8 236 478 218 485 497 323 379 171
? 8 238 656 99 670 334 641 128 744
? 8 240 185 796 653 684 122 221 395
? 8 241 713 693 71 520 598 343 133
? 8 244 669 277 427 596 196 177 87
? 8 247 681 33 343 183 705 133 598
? 8 267 419 727 360 539 672 487 799
? 8 268 630 262 20 664 369 723 789
? 8 270 315 365 788 707 145 223 510
? 8 279 467 792 202 393 447 417 232
? 8 280 433 417 355 232 393 202 135
? 8 290 559 265 633 128 136 250 728
? 8 294 776 798 700 174 360 799 424
? 8 295 611 465 444 489 518 177 791
? 8 311 383 10 209 671 697 632 327
? 8 318 74 150 224 299 431 729 536
? 8 321 245 588 306 753 583 29 186
? 8 325 565 292 62 673 328 717 677
? 8 333 600 127 178 234 428 499 680
? 8 344 233 353 519 248 603 508 117
? 8 345 790 569 553 579 432 254 434
? 8 366 401 526 574 667 618 272 53
? 8 373 747 725 486 330 587 628 30
? 8 385 510 191 788 365 315 770 652
? 8 392 676 201 76 388 12 371 372
? 8 400 31 390 349 289 310 263 614
? 8 404 555 635 685 548 363 384 254
? 8 409 195 352 692 319 732 535 766
? 8 416 322 645 182 167 607 524 248
? 8 422 364 513 260 767 460 495 256
? 8 429 79 649 334 637 224 150 641
? 8 435 639 504 120 459 85 174 370
? 8 440 708 115 226 94 389 75 342
? 8 456 726 131 203 717 784 288 142
? 8 458 735 15 437 606 758 97 604
? 8 473 532 567 511 655 642 661 638
? 8 481 605 749 51 615 397 41 771
? 8 549 697 439 671 139 446 507 210
? 8 556 614 263 349 151 31 719 390
? 8 558 239 622 546 281 70 527 402
? 8 561 482 449 517 162 253 367 199
? 8 572 418 474 780 249 46 455 212
? 8 573 269 423 146 689 765 296 491
? 8 581 272 574 624 642 679 261 683
? 8 602 540 5 92 108 599 412 724
? 8 616 90 501 601 512 293 695 98
? 8 648 718 2 613 732 195 665 211
? 8 650 686 246 298 313 210 160 721
? 8 654 625 406 582 563 109 341 148
? 8 687 680 702 564 772 428 418 333
? 8 694 287 176 396 251 130 105 509
? 8 709 408 347 7 595 252 336 77
? 8 731 256 513 767 91 260 773 403
? 8 736 368 450 259 275 285 629 346
? 8 737 524 103 182 167 645 579 322
? 8 746 44 762 27 291 36 722 655
? 8 750 89 476 350 181 748 308 152
? 8 752 207 19 585 568 227 389 590
? 8 759 506 123 327 59 599 720 391
? 8 763 576 468 338 784 203 704 717
? 8 774 457 314 337 331 114 562 570
? 8 775 67 56 668 483 643 597 324
? 8 786 620 466 43 73 701 577 678
? 8 787 317 113 12 541 81 99 676
? 8 797 100 243 357 405 632 209 785
? 8 3 274 637 79 652 191 480 730
? 8 4 537 721 504 88 120 639 40
? 8 6 781 413 666 623 739 484 282
? 8 8 282 125 297 739 621 662 413
? 8 13 391 599 724 507 139 522 108
? 8 22 161 122 185 653 59 720 92
? 8 24 710 323 218 485 453 220 448
? 8 34 14 688 545 33 63 577 119
? 8 35 629 450 275 706 368 112 259
? 8 42 592 716 704 576 677 62 421
? 8 45 211 68 293 512 586 601 168
? 8 47 271 64 503 492 560 578 477
? 8 49 346 275 259 706 741 112 626
? 8 52 678 701 73 793 43 620 98
? 8 54 744 608 778 521 649 559 128
? 8 57 166 143 84 286 183 681 81
? 8 69 394 659 148 204 341 216 194
? 8 83 665 181 350 152 386 732 454
? 8 96 179 342 66 389 94 75 568
? 8 101 105 757 176 509 785 316 243
? 8 116 596 177 153 729 536 465 436
? 8 121 387 562 331 627 738 457 314
? 8 124 531 644 603 607 377 140 406
? 8 126 657 234 428 358 30 178 772
? 8 138 494 464 278 214 220 398 515
? 8 144 102 145 192 21 707 330 585
? 8 149 168 633 728 265 613 2 718
? 8 154 426 502 23 158 0 557 443
? 8 155 397 164 137 636 41 32 530
? 8 156 106 50 228 755 733 584 771
? 8 163 488 550 255 160 370 175 415
? 8 165 542 118 117 463 508 348 17
? 8 170 783 302 61 107 420 403 55
? 8 172 184 619 221 356 760 395 309
? 8 173 691 441 189 58 169 500 794
!
424 591 757 785 
757 785
591 757
591 424
317 541 
541 317
184 221 356 374 395 653 760 796 
356 395
221 356
760 374
184 760
221 184
796 221
796 653
254 404 548 685 
548 254
404 685
548 404
78 181 350 445 476 511 532 631 638 661 748 
638 532
78 638
511 78
661 511
445 661
181 350
476 181
445 476
631 445
748 631
23 
210 446 650 
210 650
210 446
118 165 508 
118 508
165 118
66 75 94 96 115 177 179 342 365 389 436 440 536 568 708 729 788 
729 177
436 536
436 729
66 436
179 66
179 96
94 179
94 389
568 94
568 75
342 568
440 342
788 440
365 708
365 788
115 365
191 213 284 510 612 770 
191 510
770 191
612 770
284 612
284 213
32 39 85 273 530 761 
761 32
530 761
39 530
85 39
273 85
787 
195 319 667 692 732 
732 319
195 732
692 667
195 692
163 175 255 488 550 
255 550
488 255
488 175
163 488
544 
504 537 
537 504
63 300 361 493 695 
300 695
300 493
361 300
63 361
2 72 83 136 152 250 265 386 521 559 608 613 633 744 778 
744 521
778 744
608 778
559 608
72 559
152 83
386 152
265 386
613 2
633 613
265 633
250 265
250 136
72 250
151 349 614 
349 614
151 349
112 259 368 450 626 629 646 782 
782 646
112 259
450 368
629 450
112 629
626 112
782 626
327 
156 496 584 733 
733 156
733 584
496 733
223 
207 
80 208 215 489 552 575 791 
791 208
791 489
215 791
215 80
575 215
552 575
101 130 176 
176 130
101 176
171 478 485 710 
485 710
171 485
478 171
129 205 264 281 304 380 
205 281
380 205
304 380
304 129
264 304
167 182 248 322 344 353 524 579 645 
344 353
248 344
579 167
524 579
182 524
182 322
645 182
248 645
197 
157 
271 477 
477 271
174 294 360 776 798 799 
799 360
776 799
294 776
174 294
798 174
8 125 282 297 413 415 566 621 662 739 
662 415
662 8
125 662
282 125
297 282
739 297
413 621
739 413
566 739
126 323 358 375 428 453 687 772 
453 323
358 453
428 358
428 687
126 428
772 126
772 375
11 147 200 332 518 547 611 
147 11
332 147
200 332
547 200
518 611
547 518
27 36 44 46 249 291 455 655 722 762 768 
27 768
455 249
455 46
27 455
36 655
27 36
44 27
762 291
44 762
722 44
93 201 362 371 388 392 534 
388 93
392 388
201 392
371 201
362 371
534 362
38 266 283 505 595 609 640 
640 266
283 640
609 283
38 609
595 38
505 595
411 437 475 604 735 743 758 
604 735
604 758
437 604
743 411
437 743
437 475
53 527 683 
683 527
53 683
1 40 777 
777 40
1 777
244 669 
244 669
89 
202 288 338 447 784 792 
784 288
338 784
792 338
447 202
792 447
217 305 314 337 339 495 538 562 647 774 
562 314
774 562
337 774
217 339
647 217
647 495
337 647
305 337
538 305
212 379 418 474 497 572 780 
212 572
474 418
474 780
212 474
497 212
379 497
366 401 414 618 
366 401
618 366
414 618
751 
198 419 539 588 753 
539 198
539 419
753 539
753 588
237 703 
237 703
98 701 793 
701 98
793 701
740 
41 51 106 186 228 615 749 755 771 
106 755
228 106
228 771
615 228
51 615
51 41
51 749
186 51
123 506 759 
123 506
759 123
226 385 
226 385
90 501 616 
90 501
616 90
211 409 601 718 
211 601
718 211
409 718
92 602 720 
602 720
602 92
390 
21 30 65 234 330 373 479 486 657 725 
330 21
725 330
486 725
30 486
30 373
657 30
234 657
234 65
479 234
119 
137 155 164 397 
137 164
155 137
397 155
149 168 
149 168
18 146 269 296 491 689 756 765 
269 146
689 269
491 689
296 491
765 296
18 765
756 18
15 76 340 458 606 651 676 
651 676
651 76
340 651
606 15
606 458
340 606
110 214 382 605 
605 214
110 605
382 110
55 
22 
135 188 280 433 
135 188
433 135
280 433
138 464 
138 464
279 467 576 704 
576 704
467 576
279 467
14 33 34 247 
34 14
33 34
33 247
124 140 
124 140
102 192 515 769 
192 102
515 192
769 515
728 
52 678 
52 678
416 519 603 737 
603 519
416 603
737 416
267 487 509 672 711 727 
711 509
672 267
487 672
487 727
711 487
45 68 
45 68
71 97 241 713 
241 71
713 241
713 97
24 218 
24 218
309 423 593 
593 309
593 423
3 274 
3 274
648 766 
648 766
111 141 256 260 422 460 513 731 767 
513 422
460 111
513 731
767 513
256 767
460 256
260 460
141 260
48 490 
490 48
261 308 642 679 750 
679 642
261 679
308 261
750 308
481 636 
481 636
153 295 
295 153
367 452 471 517 690 699 
699 471
699 452
367 699
517 367
690 517
82 287 396 694 
396 82
287 396
694 287
29 219 253 306 449 482 523 528 561 745 
745 523
528 745
219 528
29 219
29 306
482 29
482 561
449 482
449 253
723 
677 
235 698 
235 698
520 
435 
333 
139 522 
139 522
81 113 
81 113
220 587 628 
587 220
587 628
315 
238 334 641 656 
334 641
238 334
656 238
103 
364 
84 
70 558 622 624 
70 624
558 70
622 558
272 574 581 
272 574
581 272
473 
402 546 580 610 
610 402
546 610
580 546
292 443 557 565 
292 565
557 292
557 443
61 302 556 719 
719 302
719 61
556 719
87 196 381 444 465 498 682 714 
444 465
381 444
682 381
498 682
87 196
714 87
714 498
439 
43 786 
786 43
57 143 166 183 286 681 
57 143
681 57
286 166
183 286
681 183
700 
684 
664 
585 752 
752 585
170 403 712 773 783 
783 170
403 783
773 403
712 773
564 702 
702 564
16 162 199 551 
199 162
551 199
551 16
357 549 632 697 
632 357
697 632
549 697
133 343 598 693 705 
598 133
693 598
343 693
705 343
263 500 
500 263
236 326 
326 236
225 229 276 570 663 715 
715 276
570 715
225 570
663 229
663 225
95 193 571 
95 193
571 95
262 268 533 789 
789 268
789 262
533 789
466 545 577 620 688 
577 620
577 466
545 577
688 545
494 
20 56 67 222 324 336 432 434 472 483 553 569 597 775 790 
434 553
790 434
569 790
432 569
20 432
324 56
483 324
222 336
597 222
67 597
483 67
483 775
472 483
20 472
169 
88 120 459 721 
120 88
120 721
459 120
60 114 425 457 469 589 
60 425
469 60
114 457
469 114
589 469
204 659 
204 659
134 231 258 275 285 346 438 514 660 736 741 
346 741
275 346
736 275
285 736
231 285
231 438
231 514
134 231
258 134
660 258
74 150 224 429 
74 150
224 74
429 224
331 387 627 738 
738 387
738 627
331 738
47 
289 400 794 
289 794
400 289
28 233 348 463 525 542 
28 233
463 28
348 463
542 348
525 542
206 351 372 
351 206
372 351
26 159 301 312 329 675 706 
312 26
675 312
301 675
159 301
329 159
329 706
172 619 
172 619
370 398 639 
370 398
370 639
109 563 
109 563
586 
299 318 431 670 
431 670
299 431
318 299
107 420 
107 420
42 421 
42 421
160 795 
795 160
6 246 298 313 412 623 658 666 686 781 
298 246
313 686
298 313
658 298
666 658
6 666
6 781
623 6
412 623
7 310 376 408 462 709 
376 310
408 709
7 408
376 7
376 462
516 764 
764 516
230 335 430 
230 430
335 230
245 321 583 
245 321
245 583
10 209 311 383 671 
10 209
383 10
383 311
671 383
12 99 128 290 
99 12
128 99
290 128
144 145 270 707 
145 144
145 707
270 145
746 
0 158 426 502 634 
158 426
502 0
158 502
634 158
19 227 590 
227 19
227 590
180 454 567 
567 454
180 567
448 747 
747 448
507 724 
724 507
132 406 531 582 607 625 644 654 754 
582 754
406 531
625 654
582 625
406 582
644 607
644 406
132 644
734 
127 178 499 600 680 
127 499
178 127
600 178
600 680
484 573 
573 484
105 251 316 
316 251
105 316
730 
37 154 399 
37 154
37 399
410 
31 
293 512 
512 293
5 13 108 320 391 540 599 
391 13
599 391
108 599
540 108
5 540
320 5
363 384 442 451 529 555 630 635 696 742 779 
555 635
384 555
363 384
363 451
696 363
630 442
779 529
696 742
779 696
630 779
526 
377 
50 69 148 194 216 354 394 594 
594 50
148 69
394 148
216 354
394 216
194 394
594 194
35 49 104 307 378 461 
35 378
35 49
104 35
461 104
307 461
100 405 797 
100 405
797 100
355 
278 
73 
62 592 716 
592 62
716 592
59 
77 252 347 369 
347 369
347 77
252 347
239 
4 257 
257 4
91 
58 441 691 
58 441
691 58
173 189 
173 189
122 161 185 240 
161 122
185 161
240 185
54 649 
54 649
121 617 
617 121
352 535 665 
352 535
665 352
480 637 652 
480 637
652 480
243 
303 543 674 
543 303
543 674
25 64 131 142 203 325 328 456 468 578 673 717 726 763 
578 64
25 578
142 25
131 142
131 456
717 131
328 673
325 328
717 325
726 717
203 726
468 203
763 468
79 
190 232 242 393 407 417 470 492 503 560 
393 417
232 393
242 232
470 242
560 470
492 190
492 503
560 492
407 560
341 
9 345 
345 9
86 116 187 277 359 427 554 596 643 668 
277 427
596 116
277 596
554 277
643 668
187 86
643 187
554 643
359 554
17 117 
117 17
