? 12 0 89 612 266 486 592 684 519 197 237 551 797
? 12 1 275 427 511 271 629 753 141 29 34 77 276
? 12 2 539 19 540 280 283 561 698 643 302 787 106
? 12 3 209 161 320 233 311 289 323 547 239 665 780
? 12 4 215 277 155 667 725 164 307 615 287 199 614
? 12 5 639 79 55 366 276 196 53 76 100 77 460
? 12 6 580 65 460 509 584 196 262 728 407 28 242
? 12 7 319 132 41 317 169 571 757 515 393 463 175
? 12 8 573 341 766 715 659 655 394 201 494 683 624
? 12 9 252 773 578 281 365 238 39 222 701 219 84
? 12 10 411 604 212 717 24 248 506 186 567 492 138
? 12 11 287 307 159 459 164 91 797 353 235 486 4
? 12 12 294 372 714 476 186 80 518 506 784 212 411
? 12 13 516 367 468 308 682 745 103 727 23 393 138
? 12 14 110 536 240 361 378 52 668 642 552 331 251
? 12 15 462 57 716 763 409 379 342 23 502 103 163
? 12 16 472 403 78 95 416 194 762 520 452 347 504
? 12 17 181 418 733 585 74 321 477 191 699 337 711
? 12 18 182 590 679 598 591 663 136 758 326 395 313
? 12 20 334 224 414 383 286 340 422 113 446 312 695
? 12 21 77 53 276 366 76 629 545 386 528 427 5
? 12 22 703 117 221 691 291 726 775 330 619 166 364
? 12 25 146 125 673 665 83 310 332 647 32 473 754
? 12 26 322 542 781 517 351 538 707 633 154 756 425
? 12 27 398 606 106 787 558 293 575 643 561 408 283
? 12 30 582 461 142 231 45 544 493 626 654 199 748
? 12 31 177 769 617 528 375 524 625 386 176 156 324
? 12 33 417 185 583 90 693 109 234 104 621 229 675
? 12 35 105 48 662 677 752 316 306 521 470 114 479
? 12 36 686 556 338 547 83 70 207 420 665 278 114
? 12 37 541 608 713 533 611 399 391 546 187 702 600
? 12 38 656 227 664 301 696 327 428 588 527 568 255
? 12 40 345 336 128 62 343 794 610 369 645 379 426
? 12 42 710 268 69 73 123 217 560 569 660 107 300
? 12 43 548 742 464 250 718 297 786 93 431 318 172
? 12 44 285 607 571 450 174 122 381 108 709 319 412
? 12 46 305 140 554 115 734 218 68 646 761 96 675
? 12 47 723 753 789 34 235 743 353 29 650 444 730
? 12 49 59 82 304 451 445 178 637 729 118 284 680
? 12 50 261 165 449 505 296 176 625 241 764 375 524
? 12 51 644 587 99 512 496 641 653 108 94 157 170
? 12 54 432 247 798 732 438 705 111 447 485 602 434
? 12 56 135 621 109 627 583 85 234 615 417 772 115
? 12 58 260 565 356 593 325 335 492 198 24 382 717
? 12 60 152 654 609 254 303 142 493 513 45 81 461
? 12 61 570 510 150 377 620 66 518 487 278 692 195
? 12 63 314 588 568 488 347 520 530 671 327 527 78
? 12 64 364 249 498 385 537 534 384 529 360 603 221
? 12 67 246 475 201 659 766 341 162 579 8 394 683
? 12 71 329 722 666 514 720 719 290 736 739 244 489
? 12 72 649 634 647 271 511 673 168 147 32 92 738
? 12 75 404 782 444 650 168 592 353 147 789 235 778
? 12 86 685 531 602 765 466 380 694 213 555 272 467
? 12 87 623 259 563 362 527 523 712 255 664 530 429
? 12 88 167 236 711 458 191 74 321 586 280 540 17
? 12 97 455 755 382 631 198 130 671 309 119 593 258
? 12 98 658 435 171 526 768 695 484 792 298 184 406
? 12 101 324 346 731 545 743 375 528 544 31 29 625
? 12 102 210 698 478 302 445 729 19 284 643 539 178
? 12 112 799 721 795 690 137 595 594 669 368 596 437
? 12 116 572 709 349 381 339 412 248 567 108 604 122
? 12 120 415 704 513 354 413 358 748 257 700 405 295
? 12 121 163 342 635 80 502 409 476 793 369 599 195
? 12 124 439 344 674 661 315 788 525 118 192 630 178
? 12 126 282 779 184 396 436 340 780 658 697 695 323
? 12 127 52 251 500 352 374 110 14 440 672 708 536
? 12 129 230 245 786 437 350 759 742 595 760 688 690
? 12 131 724 158 657 771 560 69 73 328 267 268 42
? 12 133 448 156 524 419 176 203 617 355 624 177 769
? 12 134 574 206 213 380 694 555 557 466 765 467 767
? 12 139 747 441 652 483 508 791 188 68 218 189 708
? 12 143 687 55 639 79 292 141 332 427 5 456 276
? 12 144 638 499 220 697 465 676 770 779 780 538 756
? 12 145 216 256 387 546 507 399 187 402 728 509 28
? 12 148 473 316 70 423 677 310 226 754 48 738 125
? 12 149 151 751 798 750 740 485 474 732 160 434 253
? 12 153 279 503 642 497 18 395 591 331 182 378 240
? 12 173 389 232 495 433 616 202 581 93 564 172 469
? 12 179 395 552 497 591 96 331 668 313 663 361 503
? 12 180 454 678 229 104 693 202 430 193 616 33 433
? 12 183 532 223 273 597 189 761 441 68 140 218 668
? 12 190 408 737 439 192 558 630 661 384 315 124 788
? 12 200 388 618 481 790 23 727 390 360 175 103 385
? 12 204 490 205 100 456 633 756 322 26 79 676 351
? 12 208 424 471 328 636 657 158 724 406 796 371 792
? 12 211 637 481 451 390 674 304 82 618 344 388 118
? 12 214 429 523 362 348 623 87 259 563 225 267 527
? 12 228 300 123 648 457 225 660 268 130 73 710 348
? 12 243 357 551 237 549 197 430 640 684 193 266 678
? 12 263 270 376 166 628 330 337 691 744 726 733 400
? 12 264 613 562 564 469 202 433 491 389 522 232 467
? 12 265 663 313 772 85 590 679 598 326 591 627 18
? 12 269 479 306 392 470 689 752 244 662 774 720 785
? 12 274 447 111 438 431 453 247 799 596 112 690 721
? 12 288 281 359 39 701 569 238 107 219 217 309 119
? 12 299 776 550 442 701 238 484 222 298 107 569 365
? 12 333 81 764 241 505 165 654 50 261 449 152 60
? 12 363 373 632 543 750 751 474 699 253 337 744 151
? 12 370 397 256 507 216 387 145 749 475 402 187 579
? 12 401 577 566 760 410 651 426 610 230 534 437 245
? 12 421 601 746 255 428 712 227 664 259 301 38 656
? 12 443 537 498 360 385 57 763 645 603 716 379 462
? 12 480 400 253 744 474 691 291 117 740 543 669 160
? 12 482 692 420 278 207 556 84 377 233 36 547 620
? 12 501 683 494 162 584 394 580 715 407 655 201 242
? 12 535 113 702 391 600 425 533 446 608 334 713 517
? 12 553 326 598 741 679 614 295 590 182 136 725 735
? 12 559 599 793 369 62 163 521 121 345 195 40 409
? 12 576 791 767 589 557 747 652 139 206 134 574 508
? 12 605 749 611 402 187 546 387 399 600 397 541 37
? 12 622 318 688 786 759 350 464 245 43 71 489 250
? 12 670 76 407 681 366 355 65 460 53 386 196 5
? 12 706 735 758 136 358 257 704 295 413 354 182 415
? 12 777 290 736 62 722 329 720 71 794 392 479 128
? 12 783 696 301 227 327 504 38 157 170 94 656 568
? 12 16 472 403 78 95 416 194 762 520 452 347 504
? 12 20 334 224 414 383 286 340 422 113 446 312 695
? 12 30 582 461 142 231 45 544 493 626 654 199 748
? 12 51 644 587 99 512 496 641 653 108 94 157 170
? 12 67 246 475 201 659 766 341 162 579 8 394 683
? 12 72 649 634 647 271 511 673 168 147 32 92 738
? 12 89 0 612 486 519 684 197 266 237 551 592 797
? 12 91 459 159 797 486 287 11 519 307 353 89 164
? 12 146 25 332 292 673 647 141 125 649 310 32 72
? 12 154 707 538 770 312 542 26 756 676 322 517 697
? 12 171 768 298 484 98 658 222 365 436 184 435 776
? 12 174 607 641 496 108 44 450 285 381 51 644 571
? 12 180 454 678 229 104 693 202 430 193 616 33 433
? 12 211 637 481 451 390 674 304 82 618 344 388 118
? 12 252 9 773 578 39 281 219 84 238 359 365 701
? 12 258 382 755 593 455 356 325 762 492 97 58 452
? 12 269 479 306 392 470 689 752 244 662 774 720 785
? 12 272 172 297 495 602 453 93 431 438 111 86 274
? 12 273 532 183 223 597 761 189 668 140 441 68 218
? 12 288 281 359 39 701 569 238 107 219 217 309 119
? 12 289 239 233 84 320 3 209 207 547 161 420 365
? 12 303 609 254 513 152 60 654 493 142 748 45 120
? 12 338 114 36 377 70 556 278 686 692 420 677 48
? 12 339 412 248 572 567 709 138 116 604 122 411 10
? 12 346 731 730 101 626 743 544 324 231 29 47 375
? 12 349 116 381 108 709 572 641 496 512 653 607 412
? 12 363 373 632 543 750 751 474 699 253 337 744 151
? 12 374 440 352 672 708 500 188 189 483 52 127 183
? 12 405 700 667 748 199 493 45 461 277 120 215 614
? 12 423 226 754 738 310 32 148 92 473 647 673 316
? 12 443 537 498 360 385 57 763 645 603 716 379 462
? 12 458 711 236 586 280 540 321 74 283 575 787 88
? 12 468 367 516 13 308 745 103 727 682 23 393 716
? 12 487 784 620 335 518 714 372 294 61 565 186 510
? 12 488 671 631 63 130 314 452 347 520 568 194 78
? 12 490 205 204 100 456 633 756 79 639 55 676 322
? 12 515 317 463 680 41 132 7 390 319 618 169 790
? 12 522 508 652 491 747 554 613 264 218 68 441 589
? 12 529 249 385 788 315 360 630 192 388 384 64 481
? 12 535 113 702 391 600 425 533 446 608 334 713 517
? 12 548 43 297 93 172 464 718 250 453 742 431 581
? 12 566 401 651 577 410 534 775 221 703 760 594 437
? 12 573 8 715 655 341 394 766 659 624 201 494 683
? 12 576 791 767 589 557 747 652 139 206 134 574 508
? 12 585 699 17 418 181 733 337 191 74 477 321 363
? 12 640 739 514 489 243 666 357 549 237 266 719 551
? 12 670 76 407 681 366 355 65 460 53 386 196 5
? 12 705 432 54 798 555 732 149 247 151 485 213 438
? 12 706 735 758 136 358 257 704 295 413 354 182 415
? 12 737 384 190 408 619 192 630 726 364 315 788 439
? 12 777 290 736 62 722 329 720 71 794 392 479 128
? 12 778 785 592 689 75 782 92 612 404 470 0 226
? 12 783 696 301 227 327 504 38 157 170 94 656 568
? 12 796 550 442 69 107 569 776 724 657 636 424 208
? 12 1 275 427 511 271 629 753 141 29 34 77 276
? 12 2 539 19 540 280 283 561 698 643 302 787 106
? 12 6 580 65 460 509 584 196 262 728 407 28 242
? 12 12 294 372 714 476 186 80 518 506 784 212 411
? 12 15 462 57 716 763 409 379 342 23 502 103 163
? 12 16 472 403 78 95 416 194 762 520 452 347 504
? 12 20 334 224 414 383 286 340 422 113 446 312 695
? 12 21 77 53 276 366 76 629 545 386 528 427 5
? 12 22 703 117 221 691 291 726 775 330 619 166 364
? 12 30 582 461 142 231 45 544 493 626 654 199 748
? 12 35 105 48 662 677 752 316 306 521 470 114 479
? 12 46 305 140 554 115 734 218 68 646 761 96 675
? 12 49 59 82 304 451 445 178 637 729 118 284 680
? 12 50 261 165 449 505 296 176 625 241 764 375 524
? 12 66 510 150 570 195 80 61 518 476 793 714 372
? 12 67 246 475 201 659 766 341 162 579 8 394 683
? 12 87 623 259 563 362 527 523 712 255 664 530 429
? 12 90 417 675 234 734 33 115 554 229 185 109 583
? 12 91 459 159 797 486 287 11 519 307 353 89 164
? 12 102 210 698 478 302 445 729 19 284 643 539 178
? 12 126 282 779 184 396 436 340 780 658 697 695 323
? 12 129 230 245 786 437 350 759 742 595 760 688 690
? 12 131 724 158 657 771 560 69 73 328 267 268 42
? 12 135 56 621 109 615 85 583 627 725 772 234 265
? 12 137 669 368 112 594 795 291 721 799 117 775 690
? 12 143 687 55 639 79 292 141 332 427 5 456 276
? 12 144 638 499 220 697 465 676 770 779 780 538 756
? 12 153 279 503 642 497 18 395 591 331 182 378 240
? 12 154 707 538 770 312 542 26 756 676 322 517 697
? 12 156 133 448 524 355 617 419 769 176 203 177 681
? 12 167 88 191 74 711 321 236 458 17 586 585 477
? 12 171 768 298 484 98 658 222 365 436 184 435 776
? 12 173 389 232 495 433 616 202 581 93 564 172 469
? 12 179 395 552 497 591 96 331 668 313 663 361 503
? 12 180 454 678 229 104 693 202 430 193 616 33 433
? 12 211 637 481 451 390 674 304 82 618 344 388 118
? 12 251 127 52 14 500 110 352 536 374 378 361 240
? 12 252 9 773 578 39 281 219 84 238 359 365 701
? 12 263 270 376 166 628 330 337 691 744 726 733 400
? 12 269 479 306 392 470 689 752 244 662 774 720 785
? 12 273 532 183 223 597 761 189 668 140 441 68 218
? 12 288 281 359 39 701 569 238 107 219 217 309 119
? 12 303 609 254 513 152 60 654 493 142 748 45 120
? 12 320 209 3 233 547 665 161 207 289 83 686 556
? 12 333 81 764 241 505 165 654 50 261 449 152 60
? 12 336 128 40 345 610 426 794 343 62 645 577 760
? 12 339 412 248 572 567 709 138 116 604 122 411 10
? 12 349 116 381 108 709 572 641 496 512 653 607 412
? 12 351 781 322 26 713 517 542 37 608 28 541 533
? 12 370 397 256 507 216 387 145 749 475 402 187 579
? 12 398 787 575 283 561 106 27 643 540 280 539 19
? 12 421 601 746 255 428 712 227 664 259 301 38 656
? 12 443 537 498 360 385 57 763 645 603 716 379 462
? 12 444 650 404 147 168 723 789 235 75 782 353 271
? 12 471 424 208 636 328 406 371 792 657 158 796 724
? 12 482 692 420 278 207 556 84 377 233 36 547 620
? 12 487 784 620 335 518 714 372 294 61 565 186 510
? 12 488 671 631 63 130 314 452 347 520 568 194 78
? 12 501 683 494 162 584 394 580 715 407 655 201 242
? 12 515 317 463 680 41 132 7 390 319 618 169 790
? 12 531 685 86 765 466 602 467 694 380 469 562 213
? 12 535 113 702 391 600 425 533 446 608 334 713 517
? 12 573 8 715 655 341 394 766 659 624 201 494 683
? 12 576 791 767 589 557 747 652 139 206 134 574 508
? 12 605 749 611 402 187 546 387 399 600 397 541 37
? 12 606 293 27 408 558 398 628 190 787 575 737 106
? 12 622 318 688 786 759 350 464 245 43 71 489 250
? 12 632 363 373 750 751 543 151 474 699 253 149 744
? 12 648 457 228 348 225 130 300 530 123 631 660 314
? 12 670 76 407 681 366 355 65 460 53 386 196 5
? 12 705 432 54 798 555 732 149 247 151 485 213 438
? 12 706 735 758 136 358 257 704 295 413 354 182 415
? 12 718 250 464 581 548 43 93 318 297 172 616 622
? 12 719 244 666 720 774 329 392 722 514 71 640 269
? 12 730 731 346 743 626 47 101 164 34 29 544 307
? 12 741 553 326 725 614 598 615 155 277 679 590 295
? 12 757 393 175 169 790 319 727 41 7 745 618 308
? 12 777 290 736 62 722 329 720 71 794 392 479 128
? 12 783 696 301 227 327 504 38 157 170 94 656 568
? 12 13 516 367 468 308 682 745 103 727 23 393 138
? 12 16 472 403 78 95 416 194 762 520 452 347 504
? 12 20 334 224 414 383 286 340 422 113 446 312 695
? 12 24 717 492 212 325 260 356 186 10 58 593 335
? 12 30 582 461 142 231 45 544 493 626 654 199 748
? 12 51 644 587 99 512 496 641 653 108 94 157 170
? 12 64 364 249 498 385 537 534 384 529 360 603 221
? 12 67 246 475 201 659 766 341 162 579 8 394 683
? 12 87 623 259 563 362 527 523 712 255 664 530 429
? 12 91 459 159 797 486 287 11 519 307 353 89 164
? 12 146 25 332 292 673 647 141 125 649 310 32 72
? 12 154 707 538 770 312 542 26 756 676 322 517 697
? 12 156 133 448 524 355 617 419 769 176 203 177 681
? 12 160 434 485 740 596 732 798 247 480 447 149 474
? 12 171 768 298 484 98 658 222 365 436 184 435 776
? 12 174 607 641 496 108 44 450 285 381 51 644 571
? 12 180 454 678 229 104 693 202 430 193 616 33 433
? 12 188 483 708 672 440 374 189 352 139 500 183 532
? 12 200 388 618 481 790 23 727 390 360 175 103 385
? 12 211 637 481 451 390 674 304 82 618 344 388 118
? 12 214 429 523 362 348 623 87 259 563 225 267 527
? 12 215 4 277 155 725 667 614 615 405 164 199 741
? 12 251 127 52 14 500 110 352 536 374 378 361 240
? 12 252 9 773 578 39 281 219 84 238 359 365 701
? 12 272 172 297 495 602 453 93 431 438 111 86 274
? 12 273 532 183 223 597 761 189 668 140 441 68 218
? 12 288 281 359 39 701 569 238 107 219 217 309 119
? 12 299 776 550 442 701 238 484 222 298 107 569 365
? 12 303 609 254 513 152 60 654 493 142 748 45 120
? 12 311 323 780 465 161 396 3 779 282 436 144 184
? 12 338 114 36 377 70 556 278 686 692 420 677 48
? 12 320 209 3 233 547 665 161 207 289 83 686 556
? 12 339 412 248 572 567 709 138 116 604 122 411 10
? 12 349 116 381 108 709 572 641 496 512 653 607 412
? 12 389 173 433 232 202 495 564 616 469 581 562 93
? 12 410 534 566 401 577 603 645 343 760 651 610 336
? 12 423 226 754 738 310 32 148 92 473 647 673 316
? 12 443 537 498 360 385 57 763 645 603 716 379 462
? 12 458 711 236 586 280 540 321 74 283 575 787 88
? 12 487 784 620 335 518 714 372 294 61 565 186 510
? 12 488 671 631 63 130 314 452 347 520 568 194 78
? 12 490 205 204 100 456 633 756 79 639 55 676 322
? 12 507 256 216 145 579 242 370 475 728 387 509 397
? 12 515 317 463 680 41 132 7 390 319 618 169 790
? 12 522 508 652 491 747 554 613 264 218 68 441 589
? 12 525 661 178 284 344 118 439 729 558 124 674 445
? 12 526 435 695 98 371 658 792 422 406 286 171 636
? 12 531 685 86 765 466 602 467 694 380 469 562 213
? 12 535 113 702 391 600 425 533 446 608 334 713 517
? 12 549 243 489 739 640 357 678 454 551 237 430 616
? 12 559 599 793 369 62 163 521 121 345 195 40 409
? 12 573 8 715 655 341 394 766 659 624 201 494 683
? 12 576 791 767 589 557 747 652 139 206 134 574 508
? 12 585 699 17 418 181 733 337 191 74 477 321 363
? 12 594 368 651 775 437 137 795 669 721 112 690 595
? 12 627 85 772 646 56 115 234 135 621 109 265 417
? 12 632 363 373 750 751 543 151 474 699 253 149 744
? 12 635 502 342 682 121 409 163 15 506 476 516 13
? 12 670 76 407 681 366 355 65 460 53 386 196 5
? 12 684 197 551 430 237 193 89 357 519 0 266 243
? 12 705 432 54 798 555 732 149 247 151 485 213 438
? 12 706 735 758 136 358 257 704 295 413 354 182 415
? 12 719 244 666 720 774 329 392 722 514 71 640 269
? 12 755 455 382 258 593 97 356 198 671 452 762 325
? 12 777 290 736 62 722 329 720 71 794 392 479 128
? 12 778 785 592 689 75 782 92 612 404 470 0 226
? 12 783 696 301 227 327 504 38 157 170 94 656 568
? 12 1 275 427 511 271 629 753 141 29 34 77 276
? 12 2 539 19 540 280 283 561 698 643 302 787 106
? 12 6 580 65 460 509 584 196 262 728 407 28 242
? 12 12 294 372 714 476 186 80 518 506 784 212 411
? 12 16 472 403 78 95 416 194 762 520 452 347 504
? 12 20 334 224 414 383 286 340 422 113 446 312 695
? 12 21 77 53 276 366 76 629 545 386 528 427 5
? 12 22 703 117 221 691 291 726 775 330 619 166 364
? 12 24 717 492 212 325 260 356 186 10 58 593 335
? 12 30 582 461 142 231 45 544 493 626 654 199 748
? 12 31 177 769 617 528 375 524 625 386 176 156 324
? 12 35 105 48 662 677 752 316 306 521 470 114 479
? 12 46 305 140 554 115 734 218 68 646 761 96 675
? 12 49 59 82 304 451 445 178 637 729 118 284 680
? 12 50 261 165 449 505 296 176 625 241 764 375 524
? 12 66 510 150 570 195 80 61 518 476 793 714 372
? 12 67 246 475 201 659 766 341 162 579 8 394 683
? 12 91 459 159 797 486 287 11 519 307 353 89 164
? 12 102 210 698 478 302 445 729 19 284 643 539 178
? 12 126 282 779 184 396 436 340 780 658 697 695 323
? 12 129 230 245 786 437 350 759 742 595 760 688 690
? 12 131 724 158 657 771 560 69 73 328 267 268 42
? 12 143 687 55 639 79 292 141 332 427 5 456 276
? 12 153 279 503 642 497 18 395 591 331 182 378 240
? 12 154 707 538 770 312 542 26 756 676 322 517 697
? 12 167 88 191 74 711 321 236 458 17 586 585 477
? 12 179 395 552 497 591 96 331 668 313 663 361 503
? 12 180 454 678 229 104 693 202 430 193 616 33 433
? 12 185 33 583 693 417 104 109 193 621 90 234 430
? 12 188 483 708 672 440 374 189 352 139 500 183 532
? 12 211 637 481 451 390 674 304 82 618 344 388 118
? 12 215 4 277 155 725 667 614 615 405 164 199 741
? 12 220 676 638 756 144 538 633 499 697 456 770 154
? 12 251 127 52 14 500 110 352 536 374 378 361 240
? 12 252 9 773 578 39 281 219 84 238 359 365 701
? 12 263 270 376 166 628 330 337 691 744 726 733 400
? 12 273 532 183 223 597 761 189 668 140 441 68 218
? 12 285 44 571 450 132 319 7 122 41 169 317 174
? 12 288 281 359 39 701 569 238 107 219 217 309 119
? 12 303 609 254 513 152 60 654 493 142 748 45 120
? 12 320 209 3 233 547 665 161 207 289 83 686 556
? 12 333 81 764 241 505 165 654 50 261 449 152 60
? 12 339 412 248 572 567 709 138 116 604 122 411 10
? 12 349 116 381 108 709 572 641 496 512 653 607 412
? 12 351 781 322 26 713 517 542 37 608 28 541 533
? 12 389 173 433 232 202 495 564 616 469 581 562 93
? 12 410 534 566 401 577 603 645 343 760 651 610 336
? 12 421 601 746 255 428 712 227 664 259 301 38 656
? 12 443 537 498 360 385 57 763 645 603 716 379 462
? 12 444 650 404 147 168 723 789 235 75 782 353 271
? 12 448 419 133 203 156 524 624 176 355 617 681 769
? 12 468 367 516 13 308 745 103 727 682 23 393 716
? 12 471 424 208 636 328 406 371 792 657 158 796 724
? 12 480 400 253 744 474 691 291 117 740 543 669 160
? 12 482 692 420 278 207 556 84 377 233 36 547 620
? 12 487 784 620 335 518 714 372 294 61 565 186 510
? 12 488 671 631 63 130 314 452 347 520 568 194 78
? 12 501 683 494 162 584 394 580 715 407 655 201 242
? 12 515 317 463 680 41 132 7 390 319 618 169 790
? 12 531 685 86 765 466 602 467 694 380 469 562 213
? 12 535 113 702 391 600 425 533 446 608 334 713 517
? 12 573 8 715 655 341 394 766 659 624 201 494 683
? 12 576 791 767 589 557 747 652 139 206 134 574 508
? 12 594 368 651 775 437 137 795 669 721 112 690 595
? 12 596 434 447 160 247 485 732 799 740 274 112 111
? 12 605 749 611 402 187 546 387 399 600 397 541 37
? 12 613 264 562 491 564 469 202 522 433 508 229 389
? 12 627 85 772 646 56 115 234 135 621 109 265 417
? 12 632 363 373 750 751 543 151 474 699 253 149 744
? 12 648 457 228 348 225 130 300 530 123 631 660 314
? 12 670 76 407 681 366 355 65 460 53 386 196 5
? 12 684 197 551 430 237 193 89 357 519 0 266 243
? 12 705 432 54 798 555 732 149 247 151 485 213 438
? 12 706 735 758 136 358 257 704 295 413 354 182 415
? 12 710 42 268 123 660 217 73 300 560 228 69 225
? 12 718 250 464 581 548 43 93 318 297 172 616 622
? 12 719 244 666 720 774 329 392 722 514 71 640 269
? 12 730 731 346 743 626 47 101 164 34 29 544 307
? 12 757 393 175 169 790 319 727 41 7 745 618 308
? 12 777 290 736 62 722 329 720 71 794 392 479 128
? 12 783 696 301 227 327 504 38 157 170 94 656 568
? 12 16 472 403 78 95 416 194 762 520 452 347 504
? 12 20 334 224 414 383 286 340 422 113 446 312 695
? 12 24 717 492 212 325 260 356 186 10 58 593 335
? 12 30 582 461 142 231 45 544 493 626 654 199 748
!
71 290 329 392 470 479 514 549 640 666 719 720 722 739 777 
479 470
479 720
392 479
722 392
329 777
290 329
71 290
71 722
514 71
640 514
666 640
666 719
739 666
549 739
86 272 380 466 531 602 685 765 
466 380
685 466
685 765
602 685
86 602
531 86
272 531
154 
99 108 132 174 319 450 496 571 607 641 644 
319 132
450 319
450 571
607 450
108 607
641 108
496 641
496 99
644 496
174 644
126 184 299 323 396 436 484 697 768 779 
697 126
779 697
396 779
436 396
184 323
184 436
768 184
484 299
768 484
296 449 505 
505 296
505 449
51 
110 536 
110 536
9 98 171 222 239 282 298 340 365 414 435 658 695 776 
340 414
695 340
282 695
658 282
435 658
98 435
298 98
298 171
776 298
222 776
365 222
365 9
239 365
152 333 493 609 654 
152 609
654 493
152 654
333 152
79 100 141 146 276 292 427 687 
276 427
141 276
292 687
79 100
141 79
292 141
146 292
145 187 216 387 391 533 546 600 605 608 702 
387 216
187 387
600 605
600 533
391 702
608 391
600 608
546 600
145 546
145 187
101 231 324 346 544 731 
544 231
731 544
731 346
324 731
324 101
67 659 
67 659
317 463 515 680 
680 463
515 680
515 317
245 350 401 410 489 566 688 703 759 
759 489
245 759
688 350
245 688
401 245
401 410
566 401
566 703
22 330 619 691 726 
691 22
726 691
726 619
330 726
112 434 690 
112 434
112 690
46 96 646 
96 46
96 646
47 75 147 164 168 307 650 723 730 753 782 789 
307 164
730 307
730 47
753 730
782 75
168 147
782 168
789 782
650 789
723 650
753 723
181 321 337 418 477 
181 337
418 181
418 477
321 418
13 57 121 163 342 462 635 682 
682 13
163 682
57 462
342 57
635 342
163 635
121 163
204 351 490 541 
351 541
204 351
490 204
4 85 109 135 155 215 277 326 583 615 725 
109 135
583 109
615 583
725 326
4 215
155 4
277 155
615 277
615 725
85 615
28 242 246 475 509 579 580 728 
475 246
579 475
242 579
242 728
580 509
242 580
28 242
8 
61 80 476 518 
518 80
61 518
476 61
64 443 
64 443
27 210 236 280 284 304 344 408 445 558 575 586 606 661 711 737 
236 280
711 236
586 711
575 586
27 575
606 27
445 344
284 210
284 304
445 284
558 445
558 606
408 558
737 408
737 661
308 367 468 516 
516 367
516 308
468 516
161 209 320 547 665 686 
686 665
209 686
547 209
161 547
320 161
3 
42 107 123 228 268 560 701 710 
107 701
560 107
42 560
268 42
268 123
710 228
710 268
40 62 150 195 345 369 409 426 502 510 559 599 736 793 794 
409 502
369 409
559 369
195 559
150 510
195 150
793 195
599 793
345 599
345 40
62 345
794 736
794 62
426 794
160 166 263 270 400 
400 160
166 400
270 166
270 263
90 234 305 417 554 627 675 
234 627
234 417
90 234
305 554
675 305
90 675
244 774 
244 774
49 59 102 
102 49
59 102
111 274 431 453 
274 111
431 274
453 431
10 24 116 122 186 212 258 294 335 356 372 381 412 487 492 565 567 572 604 709 717 784 
186 487
186 294
784 186
372 784
212 372
335 565
212 335
717 212
717 356
10 717
604 572
709 381
412 122
116 412
709 116
567 709
604 567
10 604
492 10
492 24
258 492
15 23 103 175 360 379 498 716 727 745 763 
727 175
727 745
103 727
498 763
379 498
716 379
716 360
23 716
103 23
15 103
128 336 343 610 
336 128
336 610
343 336
63 347 452 455 520 671 755 
347 671
520 63
347 520
452 347
755 452
755 455
773 
54 149 247 432 447 485 732 798 
798 432
485 149
798 485
732 798
54 732
247 54
447 247
14 153 
153 14
12 138 248 339 411 506 
506 12
138 339
411 138
411 506
248 411
68 273 441 597 
597 441
68 597
273 68
69 73 131 208 328 371 406 424 471 636 657 724 796 
724 131
73 724
657 73
69 657
328 69
208 328
471 208
424 471
371 424
371 636
406 371
796 406
35 36 70 105 114 306 377 662 752 
306 35
662 306
662 752
105 662
114 105
377 114
36 70
377 36
219 252 359 578 
578 359
219 578
252 219
136 257 358 704 
704 358
136 257
704 136
0 89 197 237 353 519 592 689 778 785 797 
197 89
237 197
237 519
0 237
797 353
0 797
592 0
689 592
785 689
778 785
43 93 129 230 548 742 786 
548 93
43 548
786 43
230 129
786 230
742 786
192 249 384 385 437 529 534 537 577 595 603 645 651 721 760 795 799 
595 721
795 595
384 192
249 529
384 249
537 384
537 385
537 645
603 537
534 603
577 534
651 577
437 651
437 760
795 437
799 795
21 77 
21 77
655 670 
670 655
16 95 762 
95 762
16 95
104 180 193 229 430 433 454 564 581 613 678 693 
193 693
678 104
430 678
193 430
454 193
454 180
229 454
433 229
433 581
433 564
613 433
200 
17 74 191 585 628 699 733 
733 628
699 733
74 191
17 74
699 17
585 699
19 293 302 398 561 643 698 787 
19 698
787 19
293 787
398 293
561 302
643 561
398 643
1 
521 
11 91 159 287 459 486 
11 159
11 486
287 11
459 287
91 459
672 
232 318 
232 318
157 512 587 653 
512 157
512 653
587 512
207 420 692 
692 420
692 207
173 202 389 467 469 495 562 616 
562 467
469 562
202 469
616 202
173 495
616 173
389 616
2 82 106 118 124 178 190 211 283 315 388 390 439 451 478 481 525 539 618 630 637 674 729 788 
106 283
539 106
539 2
478 539
178 478
729 178
674 729
390 388
618 390
481 618
118 481
637 211
674 637
118 451
674 118
674 82
525 674
439 525
788 439
124 788
315 124
315 190
315 630
45 60 120 142 199 461 513 626 700 748 
461 626
45 461
45 748
199 45
142 199
60 142
60 513
120 60
700 120
349 
253 373 474 480 543 744 750 
373 744
750 373
253 543
750 253
474 750
480 474
300 
158 225 267 348 457 771 
348 457
225 348
267 225
771 267
771 158
66 570 620 714 
714 620
570 714
570 66
83 92 226 310 316 404 444 
226 83
92 310
226 92
226 316
404 226
444 404
269 
256 370 397 399 402 507 749 
402 399
256 507
749 397
749 402
256 749
370 256
224 286 422 526 
286 224
422 286
526 422
182 405 553 590 598 614 667 679 706 741 
182 706
598 182
598 590
741 598
553 741
679 553
667 405
614 667
679 614
243 266 357 551 612 
243 357
551 243
266 551
266 612
5 55 639 
639 5
639 55
214 259 362 428 429 523 527 623 
623 527
259 623
259 428
523 259
362 523
429 362
214 429
18 279 331 378 497 552 642 
279 18
497 279
552 497
642 552
378 642
331 378
415 
176 177 355 524 617 769 
177 176
617 177
355 617
524 355
769 524
72 649 
72 649
56 684 
56 684
144 220 311 465 499 542 638 770 780 
770 542
499 770
144 499
144 220
638 144
465 638
780 465
311 780
44 285 
285 44
278 
7 41 169 393 757 790 
41 790
7 41
393 7
169 393
757 169
52 127 139 188 251 352 374 440 483 500 708 791 
791 139
708 791
483 708
440 483
127 251
52 127
500 52
500 374
352 500
440 352
188 440
438 
31 133 156 203 375 419 448 625 
203 448
419 203
133 419
156 133
625 31
375 625
156 375
113 446 535 
113 446
535 113
33 115 185 621 734 
621 185
621 33
734 621
115 734
295 354 413 735 758 
413 354
413 735
295 413
758 295
162 201 501 766 
162 766
162 201
501 162
213 555 576 694 705 
694 576
213 694
213 555
705 213
563 
403 416 472 504 
472 403
504 472
416 504
312 383 517 
312 383
517 312
88 167 458 540 
458 540
88 458
167 88
255 421 530 601 712 746 
746 421
530 712
255 530
601 255
746 601
172 250 297 464 622 718 
718 622
250 172
297 250
464 297
718 464
50 165 261 764 
261 764
165 261
50 165
376 
97 130 488 631 648 
631 97
130 488
130 631
648 130
81 254 303 
303 81
303 254
179 240 265 313 361 395 503 591 663 668 772 
361 668
179 361
503 179
240 503
591 240
663 395
591 663
313 591
772 313
772 265
20 334 
20 334
6 262 
6 262
26 37 205 322 425 538 611 633 676 707 713 756 781 
37 611
713 37
425 713
781 425
676 205
676 633
756 676
538 756
707 538
26 707
26 322
781 26
58 119 198 217 260 288 309 382 593 660 
593 119
58 260
593 58
382 198
382 593
309 382
309 288
217 309
660 217
25 143 332 456 
143 456
332 143
25 332
183 189 532 
532 183
189 532
223 761 
223 761
341 
792 
151 363 632 740 751 
751 740
632 363
751 151
632 751
238 281 442 550 569 
238 281
569 238
442 569
550 442
94 170 696 783 
170 94
696 170
783 696
29 34 53 65 76 196 235 271 275 366 386 407 460 511 528 545 584 629 681 743 
511 271
275 511
629 275
65 460
196 65
366 196
407 681
407 584
366 407
76 366
53 76
386 53
528 386
545 528
629 545
29 629
29 34
743 29
235 743
140 218 
218 140
241 
78 194 
78 194
264 491 508 522 747 
747 508
522 747
264 491
522 264
134 206 557 574 589 767 
557 589
767 206
767 557
134 767
574 134
117 137 221 291 364 368 594 596 669 775 
221 364
775 221
669 775
117 291
669 117
669 594
368 669
137 368
596 137
32 48 125 148 338 423 473 634 647 673 677 738 754 
677 338
677 48
754 677
738 634
148 738
473 148
473 423
125 473
647 32
673 647
125 673
754 125
325 
394 494 573 624 683 715 
394 683
715 394
494 715
624 494
573 624
38 87 227 301 314 327 568 588 656 664 
38 327
664 87
227 664
38 656
301 227
38 301
568 38
568 314
588 568
30 582 
30 582
652 
39 84 233 289 482 556 
84 39
233 84
233 289
556 233
482 556
