? 3 0 740 15
? 3 1 560 184
? 3 2 592 236
? 3 3 149 28
? 3 4 203 182
? 3 5 548 273
? 3 6 453 596
? 3 7 626 209
? 3 8 357 102
? 3 9 606 644
? 3 10 547 744
? 3 11 778 515
? 3 12 395 159
? 3 13 689 518
? 3 14 375 51
? 3 16 56 49
? 3 17 61 244
? 3 18 303 48
? 3 19 413 498
? 3 20 604 724
? 3 21 115 458
? 3 22 38 15
? 3 23 398 766
? 3 24 431 410
? 3 25 114 651
? 3 26 690 214
? 3 27 438 403
? 3 29 251 505
? 3 30 313 509
? 3 31 34 470
? 3 32 25 151
? 3 33 212 379
? 3 35 445 306
? 3 36 676 95
? 3 37 488 673
? 3 39 138 316
? 3 40 254 556
? 3 41 280 310
? 3 42 34 31
? 3 43 556 333
? 3 44 550 482
? 3 45 692 409
? 3 46 101 350
? 3 47 554 785
? 3 50 443 105
? 3 52 49 106
? 3 53 739 68
? 3 54 179 433
? 3 55 541 118
? 3 57 506 459
? 3 58 720 191
? 3 59 94 277
? 3 60 145 446
? 3 62 603 323
? 3 63 767 233
? 3 64 243 264
? 3 65 407 746
? 3 66 496 722
? 3 67 760 315
? 3 69 687 490
? 3 70 338 724
? 3 71 772 177
? 3 72 745 641
? 3 73 362 336
? 3 74 351 301
? 3 75 138 726
? 3 76 578 479
? 3 77 265 474
? 3 78 537 437
? 3 79 475 582
? 3 80 491 98
? 3 81 456 466
? 3 82 743 303
? 3 83 472 232
? 3 84 752 320
? 3 85 252 360
? 3 86 262 339
? 3 87 294 499
? 3 88 289 101
? 3 89 150 284
? 3 90 382 187
? 3 91 507 756
? 3 92 146 581
? 3 93 322 758
? 3 96 358 553
? 3 97 657 364
? 3 99 727 406
? 3 100 187 90
? 3 103 128 262
? 3 104 171 534
? 3 107 300 175
? 3 108 675 572
? 3 109 627 283
? 3 110 589 709
? 3 111 404 502
? 3 112 523 454
? 3 113 119 293
? 3 116 356 475
? 3 117 768 595
? 3 120 180 529
? 3 121 174 715
? 3 122 218 120
? 3 123 773 778
? 3 124 652 684
? 3 125 476 710
? 3 126 751 7
? 3 127 477 611
? 3 129 115 458
? 3 130 493 295
? 3 131 661 694
? 3 132 241 719
? 3 133 361 230
? 3 134 460 553
? 3 135 354 290
? 3 136 570 422
? 3 137 324 734
? 3 139 185 202
? 3 140 370 267
? 3 141 636 364
? 3 142 704 533
? 3 143 761 437
? 3 144 610 231
? 3 147 798 486
? 3 148 782 193
? 3 152 501 401
? 3 153 754 170
? 3 154 590 640
? 3 155 412 764
? 3 156 239 175
? 3 157 674 179
? 3 158 41 280
? 3 160 51 96
? 3 161 43 254
? 3 162 754 19
? 3 163 386 308
? 3 164 450 47
? 3 165 600 440
? 3 166 634 714
? 3 167 314 296
? 3 168 608 446
? 3 169 63 767
? 3 172 387 709
? 3 173 265 474
? 3 176 331 220
? 3 178 338 552
? 3 181 546 314
? 3 183 745 611
? 3 186 616 358
? 3 188 454 564
? 3 189 307 104
? 3 190 787 629
? 3 192 106 670
? 3 194 618 576
? 3 195 663 321
? 3 196 233 767
? 3 197 562 282
? 3 198 525 524
? 3 199 290 153
? 3 200 514 328
? 3 201 607 715
? 3 204 337 750
? 3 205 206 230
? 3 207 379 674
? 3 208 259 263
? 3 210 376 453
? 3 211 308 544
? 3 213 440 427
? 3 215 292 599
? 3 216 425 595
? 3 217 117 768
? 3 219 772 627
? 3 221 515 707
? 3 222 253 741
? 3 223 175 585
? 3 224 696 609
? 3 225 679 244
? 3 226 247 484
? 3 227 5 273
? 3 228 426 341
? 3 229 302 391
? 3 234 368 728
? 3 235 321 663
? 3 237 673 497
? 3 238 479 352
? 3 240 561 276
? 3 242 141 327
? 3 245 345 625
? 3 246 575 89
? 3 248 771 682
? 3 249 638 437
? 3 250 572 315
? 3 255 781 366
? 3 256 281 92
? 3 257 621 377
? 3 258 425 216
? 3 260 662 363
? 3 261 685 793
? 3 266 501 367
? 3 268 712 11
? 3 269 421 383
? 3 270 547 118
? 3 271 472 746
? 3 272 378 717
? 3 274 749 489
? 3 275 419 638
? 3 278 309 780
? 3 279 157 54
? 3 285 712 707
? 3 286 557 569
? 3 287 697 577
? 3 288 681 698
? 3 291 656 404
? 3 297 191 208
? 3 298 530 452
? 3 299 779 615
? 3 304 702 541
? 3 305 393 648
? 3 311 206 516
? 3 312 433 383
? 3 317 332 644
? 3 318 540 474
? 3 319 633 784
? 3 325 769 771
? 3 326 701 679
? 3 329 102 228
? 3 330 411 725
? 3 334 780 291
? 3 335 790 110
? 3 340 685 612
? 3 342 568 376
? 3 343 671 391
? 3 344 708 432
? 3 346 598 465
? 3 347 373 790
? 3 348 383 433
? 3 349 705 149
? 3 353 403 499
? 3 355 504 751
? 3 359 155 412
? 3 365 621 257
? 3 369 679 244
? 3 371 410 322
? 3 372 648 484
? 3 374 101 350
? 3 380 510 765
? 3 381 721 436
? 3 384 650 351
? 3 385 245 345
? 3 388 593 438
? 3 389 543 775
? 3 390 731 686
? 3 392 562 574
? 3 394 380 625
? 3 396 726 487
? 3 397 177 427
? 3 399 156 499
? 3 400 465 794
? 3 402 602 785
? 3 405 735 624
? 3 408 232 791
? 3 414 615 299
? 3 415 457 799
? 3 416 677 241
? 3 417 267 718
? 3 418 566 568
? 3 420 630 483
? 3 423 370 140
? 3 424 597 485
? 3 428 691 177
? 3 429 708 209
? 3 430 607 201
? 3 434 781 255
? 3 435 563 770
? 3 439 776 744
? 3 441 605 219
? 3 442 597 233
? 3 444 382 83
? 3 447 422 43
? 3 448 384 103
? 3 449 645 349
? 3 451 614 734
? 3 455 203 88
? 3 461 720 308
? 3 462 742 466
? 3 463 655 793
? 3 464 559 445
? 3 467 685 459
? 3 468 512 526
? 3 469 655 784
? 3 471 67 760
? 3 473 282 562
? 3 478 310 234
? 3 480 747 596
? 3 481 118 270
? 3 492 48 84
? 3 494 700 750
? 3 495 608 168
? 3 500 690 80
? 3 503 143 761
? 3 508 238 511
? 3 513 458 115
? 3 517 518 689
? 3 519 232 408
? 3 520 588 732
? 3 521 184 668
? 3 522 718 417
? 3 527 606 100
? 3 528 337 494
? 3 531 710 313
? 3 532 357 721
? 3 535 538 789
? 3 536 551 634
? 3 539 671 541
? 3 542 703 563
? 3 545 98 788
? 3 549 733 366
? 3 555 323 603
? 3 558 629 604
? 3 565 505 30
? 3 567 307 104
? 3 571 465 400
? 3 573 697 78
? 3 579 678 38
? 3 580 315 67
? 3 583 632 591
? 3 584 594 790
? 3 586 762 483
? 3 587 557 286
? 3 601 114 25
? 3 613 789 476
? 3 617 643 736
? 3 619 300 666
? 3 620 642 797
? 3 622 722 144
? 3 623 92 500
? 3 628 649 797
? 3 631 658 538
? 3 635 237 673
? 3 637 81 456
? 3 639 540 486
? 3 646 585 450
? 3 647 364 661
? 3 653 759 236
? 3 654 672 575
? 3 659 728 245
? 3 660 717 705
? 3 664 537 78
? 3 665 695 341
? 3 667 686 482
? 3 669 149 660
? 3 680 775 263
? 3 683 327 90
? 3 688 794 400
? 3 693 412 764
? 3 699 174 715
? 3 706 468 512
? 3 711 504 355
? 3 713 774 514
? 3 716 411 330
? 3 723 601 357
? 3 729 426 228
? 3 730 31 470
? 3 737 673 237
? 3 738 491 80
? 3 748 68 566
? 3 753 220 176
? 3 755 786 795
? 3 757 135 259
? 3 763 783 470
? 3 777 306 35
? 3 792 656 678
? 3 796 663 377
? 3 2 592 236
? 3 3 149 28
? 3 8 357 102
? 3 16 56 49
? 3 17 61 244
? 3 18 303 48
? 3 20 604 724
? 3 21 115 458
? 3 23 398 766
? 3 27 438 403
? 3 29 251 505
? 3 37 488 673
? 3 39 138 316
? 3 40 254 556
? 3 42 34 31
? 3 44 550 482
? 3 46 101 350
? 3 50 443 105
? 3 53 739 68
? 3 57 506 459
? 3 58 720 191
? 3 59 94 277
? 3 60 145 446
? 3 62 603 323
? 3 64 243 264
? 3 66 496 722
? 3 69 687 490
? 3 72 745 641
!
271 
210 
631 658 
631 658
237 635 737 
237 737
635 237
628 649 
628 649
420 483 630 
483 420
630 483
584 594 
594 584
133 205 230 361 
133 205
230 361
230 133
557 587 
587 557
245 345 625 
345 245
625 345
33 54 77 157 179 207 212 279 379 674 
54 77
157 279
179 157
379 207
33 212
379 33
674 379
179 54
674 179
182 
44 390 482 667 686 731 
482 44
667 482
731 667
731 390
686 731
163 
127 477 611 
477 127
611 477
62 555 
555 62
59 
366 549 733 
549 366
549 733
45 
641 
542 703 
542 703
1 26 184 214 500 560 668 690 
184 668
1 560
184 1
214 184
26 214
690 26
500 690
308 386 544 
544 386
544 308
30 531 710 
531 30
531 710
198 525 
525 198
520 588 732 
520 732
520 588
147 400 465 486 598 688 794 798 
794 400
798 486
798 147
598 798
465 598
794 688
465 794
154 188 336 454 523 564 590 640 
523 336
564 188
590 154
640 590
564 640
454 564
454 523
10 55 118 270 481 541 547 702 744 
541 702
118 481
10 744
547 10
270 547
118 270
55 118
541 55
639 
91 507 756 
756 91
507 756
485 
443 
313 509 
509 313
371 
29 251 505 
251 29
505 251
334 
228 341 426 729 
426 729
228 341
228 426
284 
171 
17 61 152 225 244 679 
61 152
679 225
244 61
244 17
679 244
459 506 
459 506
121 448 
448 121
6 376 453 
453 376
453 6
139 
396 487 
396 487
122 
21 40 43 161 254 333 556 
40 21
556 254
556 40
333 556
43 333
43 161
119 
219 441 605 
441 219
441 605
200 328 514 786 795 
786 795
328 786
514 328
514 200
57 
101 374 
374 101
42 
799 
755 
204 337 494 528 750 
337 528
204 337
750 204
494 750
659 
363 662 
363 662
267 417 718 
417 267
417 718
571 
195 235 257 321 324 365 377 621 663 796 
377 324
621 365
257 621
377 257
663 377
321 235
195 321
663 195
663 796
4 88 203 289 
88 289
203 88
203 4
24 410 431 
24 431
410 24
534 
380 394 510 
380 394
380 510
247 288 484 681 698 
288 698
681 288
247 681
484 247
27 87 294 353 388 403 438 480 499 593 596 747 
480 596
747 480
593 747
593 388
438 593
438 27
403 438
353 403
294 353
499 87
499 294
298 530 
298 530
439 
272 378 
272 378
92 146 256 281 
92 146
256 281
92 256
183 745 
183 745
266 367 501 
501 266
367 501
178 552 
178 552
381 
85 252 360 
360 252
360 85
7 209 429 626 
209 429
626 209
7 626
293 620 642 797 
642 293
620 642
797 620
126 344 708 
708 126
344 708
330 411 725 
330 725
330 411
331 
326 369 701 
326 369
326 701
115 129 
129 115
28 149 349 449 581 645 660 669 705 717 
645 581
349 645
349 449
349 705
149 349
149 28
669 149
660 669
660 717
97 131 202 364 647 657 661 694 
694 202
694 131
661 694
647 661
364 647
97 657
364 97
0 15 22 38 579 678 
15 0
22 15
38 22
678 38
678 579
259 757 
757 259
236 653 
653 236
47 402 602 785 
785 47
402 602
785 402
322 
72 166 536 551 634 714 
166 72
551 536
551 714
634 551
634 166
295 
206 311 516 
311 206
311 516
158 
31 470 763 783 
470 31
783 470
783 763
286 569 
569 286
20 190 558 604 629 724 
724 20
604 724
558 604
629 558
629 190
723 
142 299 414 533 615 779 
533 142
414 533
779 299
615 779
615 414
692 
565 
559 
79 116 356 475 582 
356 116
582 356
79 582
475 79
11 123 773 778 
123 773
778 123
778 11
81 456 464 466 637 
456 464
466 456
81 637
466 81
215 292 599 
599 215
292 599
240 561 
561 240
248 586 682 771 
771 586
248 682
771 248
66 496 
496 66
275 419 638 
275 638
275 419
359 412 693 764 
412 359
764 693
764 412
18 82 303 743 
303 18
743 303
743 82
274 489 749 
749 489
274 749
242 
37 76 238 479 488 508 511 578 
37 488
508 37
511 508
479 511
76 578
479 76
238 479
130 493 
493 130
241 
221 261 285 319 463 469 515 633 655 685 707 784 793 
221 515
707 221
285 707
784 285
319 633
784 319
469 784
655 469
463 655
793 463
685 793
685 261
415 457 
415 457
110 172 335 373 387 389 543 589 709 775 790 
389 775
543 389
387 543
172 387
709 172
709 589
110 709
335 110
790 335
790 373
128 262 339 
262 339
262 128
227 
63 233 424 597 767 
233 63
233 767
597 233
424 597
71 109 165 177 283 397 427 440 627 772 
440 165
427 440
397 427
177 397
71 177
772 71
627 772
109 283
627 109
156 239 399 
156 399
239 156
398 766 
398 766
169 
95 
168 446 608 
168 446
168 608
226 372 
372 226
370 522 
370 522
222 253 741 788 
741 788
741 222
741 253
164 450 554 
164 554
164 450
721 
58 191 208 263 297 461 680 720 
720 461
191 720
191 58
297 191
208 297
263 680
208 263
99 405 624 735 
735 99
735 405
735 624
687 
650 
136 409 422 447 570 
136 409
570 447
422 136
422 570
73 362 
362 73
50 117 216 258 425 595 768 
425 50
595 117
425 258
216 425
595 216
768 595
148 782 787 
782 787
148 782
187 382 408 519 791 
382 187
519 382
408 519
408 791
249 
217 
135 290 354 
290 354
135 290
111 291 404 502 780 
291 780
111 291
502 111
404 502
155 
278 309 
278 309
9 140 317 332 606 644 
332 140
317 332
644 317
9 644
606 9
134 276 460 
460 276
134 460
124 652 684 
684 652
124 684
113 
25 32 114 151 601 651 
32 151
25 32
114 25
114 651
601 114
34 
23 
700 
137 451 614 734 
614 451
734 614
734 137
196 218 
196 218
75 138 316 726 
138 316
75 138
726 75
89 150 246 575 654 672 
89 150
575 89
654 672
575 654
575 246
153 170 194 199 576 618 754 
153 199
170 153
618 194
576 618
170 576
754 170
468 512 526 706 
706 512
468 526
706 468
434 
260 
69 490 
69 490
213 
64 264 
64 264
189 
53 68 323 342 418 566 568 603 739 748 
603 323
739 603
566 418
566 748
739 53
68 739
566 68
568 566
568 342
60 145 
60 145
49 52 106 
52 49
106 52
16 56 
16 56
325 769 
769 325
104 307 567 
104 567
104 307
174 201 355 430 504 607 617 643 699 711 715 736 751 
355 751
504 355
711 504
430 711
736 643
617 736
430 617
201 430
607 201
715 607
174 699
715 174
120 180 197 282 392 435 473 529 562 563 
563 435
529 563
120 180
529 120
473 529
282 473
197 282
562 197
562 392
93 94 758 
758 94
93 758
107 175 223 300 585 619 646 666 
585 223
585 646
175 585
300 666
300 619
175 300
175 107
462 742 
742 462
13 517 518 689 
517 518
689 517
689 13
730 
36 676 776 
36 776
36 676
19 413 498 
498 413
19 498
144 231 302 391 610 
610 144
231 610
302 231
391 302
14 51 96 160 375 553 
14 375
51 14
51 160
96 51
553 96
12 159 395 
395 159
12 395
74 103 301 351 384 
384 103
301 74
351 301
384 351
90 141 327 683 
327 141
90 327
683 90
623 
612 
574 
423 
428 691 
691 428
312 348 383 421 433 
348 421
433 348
312 433
383 312
5 273 548 
5 548
5 273
192 670 
670 192
622 722 
622 722
98 545 
545 98
350 
458 513 
513 458
656 759 792 
792 759
792 656
277 
704 
185 497 
497 185
340 467 
467 340
46 455 
455 46
636 
35 306 777 
306 35
777 306
713 765 774 
713 765
774 713
503 
445 
132 416 677 719 
132 719
677 132
677 416
108 250 572 675 
572 250
675 572
675 108
432 
167 181 296 314 452 546 
546 452
314 296
314 167
546 314
546 181
358 616 
358 616
268 712 
268 712
255 781 
255 781
176 220 753 
176 220
753 176
100 527 
100 527
65 83 232 407 444 472 746 
83 444
83 232
472 83
746 472
65 407
746 65
70 338 
70 338
211 
193 
8 102 357 436 532 
102 436
357 532
102 8
357 102
600 
524 
495 
2 
550 
346 
243 
80 491 738 
491 80
738 491
224 609 696 
224 609
696 224
173 265 269 318 474 540 
318 269
265 318
265 173
474 265
540 474
329 665 695 
695 329
665 695
716 770 
770 716
41 234 280 310 368 478 728 
41 280
310 41
478 310
234 478
368 234
728 368
105 
537 573 664 
664 573
664 537
48 84 320 492 752 
492 48
84 492
752 84
320 752
583 591 632 
632 591
632 583
3 
112 
78 143 287 437 577 697 761 
437 78
761 437
761 143
577 761
697 577
697 287
86 
39 
385 
162 
406 727 
727 406
762 
347 
592 740 
592 740
67 315 471 580 760 
67 471
67 580
67 760
315 67
304 343 539 671 
671 304
671 539
671 343
521 
352 
401 673 
401 673
186 305 393 648 
305 186
305 393
648 305
229 
125 476 535 538 613 789 
476 125
613 476
789 613
538 789
538 535
442 
