? 4 0 497 34 115
? 4 1 724 196 156
? 4 2 769 161 207
? 4 3 302 339 314
? 4 4 775 199 392
? 4 5 470 165 29
? 4 6 108 131 773
? 4 7 13 285 8
? 4 9 426 500 599
? 4 10 407 231 115
? 4 11 691 453 219
? 4 12 403 359 603
? 4 14 343 755 368
? 4 15 185 159 180
? 4 16 480 129 586
? 4 17 796 539 450
? 4 18 171 365 123
? 4 19 107 530 785
? 4 20 346 731 531
? 4 21 681 243 67
? 4 22 575 344 678
? 4 23 469 399 373
? 4 24 83 93 8
? 4 25 141 213 334
? 4 26 337 794 330
? 4 27 252 789 380
? 4 28 281 525 40
? 4 30 483 667 246
? 4 31 98 271 555
? 4 32 773 245 489
? 4 33 583 344 510
? 4 35 771 746 199
? 4 36 165 470 5
? 4 37 238 234 778
? 4 38 413 565 706
? 4 39 577 562 432
? 4 41 342 486 118
? 4 42 371 194 176
? 4 43 301 169 423
? 4 44 716 707 336
? 4 45 462 135 494
? 4 46 613 513 698
? 4 47 630 239 145
? 4 48 316 290 144
? 4 49 787 488 466
? 4 50 162 223 178
? 4 51 86 640 304
? 4 52 69 318 553
? 4 53 631 321 91
? 4 54 362 376 291
? 4 55 324 409 378
? 4 56 767 340 147
? 4 57 326 751 136
? 4 58 633 529 402
? 4 59 608 780 416
? 4 60 642 486 387
? 4 61 8 780 59
? 4 62 524 753 450
? 4 63 519 541 149
? 4 64 214 424 295
? 4 65 282 585 772
? 4 66 288 406 423
? 4 68 123 365 152
? 4 70 514 237 73
? 4 71 164 444 325
? 4 72 420 439 470
? 4 74 745 612 235
? 4 75 451 150 584
? 4 76 601 354 550
? 4 77 251 252 257
? 4 78 448 390 224
? 4 79 777 512 91
? 4 80 759 692 722
? 4 81 263 383 410
? 4 82 363 645 268
? 4 84 419 543 706
? 4 85 540 231 688
? 4 87 539 450 502
? 4 88 672 719 758
? 4 89 298 720 215
? 4 90 434 770 198
? 4 92 595 155 110
? 4 94 554 664 447
? 4 95 795 515 592
? 4 96 712 536 593
? 4 97 745 74 235
? 4 99 646 208 186
? 4 100 591 273 391
? 4 101 764 442 206
? 4 102 155 641 490
? 4 103 333 240 350
? 4 104 680 669 443
? 4 105 205 254 203
? 4 106 661 379 607
? 4 109 674 436 216
? 4 111 222 272 342
? 4 112 402 499 489
? 4 113 531 693 702
? 4 114 570 171 411
? 4 116 599 426 394
? 4 117 658 289 134
? 4 119 437 304 506
? 4 120 454 446 736
? 4 121 727 731 556
? 4 122 313 796 352
? 4 124 654 233 617
? 4 125 159 792 180
? 4 126 641 490 464
? 4 127 286 173 454
? 4 128 659 274 642
? 4 130 498 323 294
? 4 132 381 308 364
? 4 133 416 780 650
? 4 137 710 409 626
? 4 138 738 189 247
? 4 139 307 732 788
? 4 140 797 616 723
? 4 142 460 160 736
? 4 143 728 256 428
? 4 146 305 621 466
? 4 148 397 600 611
? 4 151 540 688 50
? 4 153 171 18 114
? 4 154 576 176 419
? 4 157 571 749 478
? 4 158 559 349 654
? 4 163 786 624 708
? 4 166 702 195 494
? 4 167 93 790 604
? 4 168 696 360 551
? 4 170 299 207 161
? 4 172 634 240 596
? 4 174 388 744 566
? 4 175 431 474 713
? 4 177 300 518 301
? 4 179 91 689 321
? 4 181 143 728 265
? 4 182 491 240 172
? 4 183 644 16 9
? 4 184 562 276 39
? 4 187 744 206 378
? 4 188 218 328 535
? 4 190 487 797 616
? 4 191 197 482 440
? 4 192 516 685 496
? 4 193 487 370 679
? 4 200 281 533 519
? 4 201 565 38 755
? 4 202 369 94 664
? 4 204 222 238 778
? 4 209 532 430 329
? 4 210 541 656 782
? 4 211 357 457 557
? 4 212 517 511 217
? 4 220 714 766 144
? 4 221 660 287 320
? 4 225 391 591 343
? 4 226 694 516 43
? 4 227 382 656 329
? 4 228 705 697 276
? 4 229 501 340 767
? 4 230 547 222 342
? 4 232 558 698 513
? 4 236 248 763 520
? 4 241 459 260 256
? 4 242 457 747 405
? 4 244 280 696 765
? 4 249 274 387 276
? 4 250 269 701 793
? 4 253 456 357 372
? 4 255 418 245 32
? 4 258 569 704 303
? 4 259 493 161 704
? 4 261 345 542 664
? 4 262 248 236 520
? 4 264 695 412 553
? 4 266 265 742 718
? 4 267 415 590 629
? 4 270 59 682 608
? 4 275 660 221 411
? 4 277 774 107 609
? 4 278 715 459 260
? 4 279 474 782 756
? 4 283 441 207 299
? 4 284 653 432 705
? 4 292 790 573 604
? 4 293 505 234 547
? 4 296 723 353 140
? 4 297 791 778 622
? 4 306 363 350 82
? 4 309 637 493 563
? 4 310 619 557 740
? 4 311 751 326 629
? 4 312 535 759 692
? 4 315 173 286 522
? 4 317 639 400 589
? 4 319 316 290 48
? 4 322 325 164 71
? 4 327 440 482 197
? 4 331 553 69 52
? 4 332 496 1 308
? 4 335 721 338 545
? 4 341 404 660 411
? 4 347 648 750 677
? 4 348 587 217 212
? 4 351 471 483 667
? 4 355 467 615 651
? 4 356 421 470 5
? 4 358 476 402 499
? 4 361 548 219 11
? 4 366 546 303 544
? 4 367 726 376 762
? 4 374 198 757 434
? 4 375 585 740 772
? 4 377 572 665 468
? 4 384 196 610 156
? 4 385 686 729 330
? 4 386 549 700 441
? 4 389 462 621 702
? 4 393 651 615 346
? 4 395 48 316 290
? 4 396 677 699 139
? 4 398 578 711 765
? 4 401 742 266 584
? 4 408 622 684 791
? 4 414 25 213 503
? 4 417 372 730 135
? 4 422 445 381 308
? 4 425 442 764 73
? 4 427 131 108 499
? 4 429 738 189 618
? 4 433 718 584 451
? 4 435 492 438 605
? 4 449 579 216 674
? 4 452 364 404 132
? 4 455 644 572 468
? 4 458 71 164 322
? 4 461 568 683 737
? 4 463 598 160 725
? 4 465 611 736 89
? 4 472 798 681 21
? 4 473 561 601 414
? 4 475 98 147 555
? 4 477 560 194 371
? 4 479 579 449 645
? 4 481 243 67 21
? 4 484 294 788 784
? 4 485 299 509 170
? 4 495 535 312 759
? 4 504 761 394 594
? 4 507 627 791 545
? 4 508 709 102 110
? 4 521 617 654 158
? 4 523 708 624 478
? 4 526 580 564 574
? 4 527 614 371 42
? 4 528 208 99 186
? 4 534 756 652 537
? 4 538 272 118 673
? 4 552 799 399 267
? 4 567 711 266 742
? 4 581 755 368 565
? 4 582 606 602 597
? 4 588 604 167 292
? 4 620 29 5 472
? 4 623 314 3 339
? 4 625 690 106 598
? 4 628 560 339 477
? 4 632 400 589 291
? 4 635 295 657 735
? 4 636 532 430 209
? 4 638 503 213 334
? 4 643 768 733 469
? 4 647 747 405 671
? 4 649 239 145 47
? 4 655 730 4 135
? 4 662 291 726 362
? 4 663 481 243 36
? 4 666 203 105 205
? 4 668 586 129 783
? 4 670 432 577 39
? 4 675 762 257 781
? 4 676 256 428 728
? 4 687 624 709 638
? 4 703 194 560 628
? 4 717 104 680 669
? 4 734 763 520 236
? 4 739 520 280 734
? 4 741 766 220 349
? 4 743 554 664 345
? 4 748 653 395 284
? 4 752 722 692 80
? 4 754 500 9 420
? 4 760 537 548 11
? 4 776 544 546 700
? 4 779 338 721 335
? 4 0 497 34 115
? 4 2 769 161 207
? 4 12 403 359 603
? 4 13 7 285 15
? 4 17 796 539 450
? 4 31 98 271 555
? 4 33 583 344 510
? 4 35 771 746 199
? 4 41 342 486 118
? 4 51 86 640 304
? 4 54 362 376 291
? 4 58 633 529 402
? 4 61 8 780 59
? 4 63 519 541 149
? 4 64 214 424 295
? 4 65 282 585 772
? 4 66 288 406 423
? 4 70 514 237 73
? 4 76 601 354 550
? 4 78 448 390 224
? 4 83 285 24 7
? 4 84 419 543 706
? 4 85 540 231 688
? 4 87 539 450 502
? 4 88 672 719 758
? 4 90 434 770 198
? 4 95 795 515 592
? 4 97 745 74 235
? 4 100 591 273 391
? 4 119 437 304 506
? 4 120 454 446 736
? 4 122 313 796 352
? 4 124 654 233 617
? 4 127 286 173 454
? 4 128 659 274 642
? 4 130 498 323 294
? 4 133 416 780 650
? 4 134 336 117 289
? 4 136 785 57 19
? 4 141 334 25 213
? 4 142 460 160 736
? 4 152 365 68 123
? 4 153 171 18 114
? 4 157 571 749 478
? 4 175 431 474 713
? 4 178 162 466 50
? 4 179 91 689 321
? 4 187 744 206 378
? 4 191 197 482 440
? 4 201 565 38 755
? 4 202 369 94 664
? 4 215 89 298 720
? 4 223 50 162 777
? 4 232 558 698 513
? 4 251 77 257 675
? 4 253 456 357 372
? 4 254 205 105 203
? 4 255 418 245 32
? 4 262 248 236 520
? 4 263 81 383 410
? 4 268 350 333 172
? 4 269 793 701 250
? 4 277 774 107 609
? 4 293 505 234 547
? 4 297 791 778 622
? 4 302 3 314 623
? 4 305 621 146 466
? 4 306 363 350 82
? 4 320 287 221 205
? 4 328 188 218 758
? 4 331 553 69 52
? 4 337 26 794 330
? 4 355 467 615 651
? 4 360 696 711 168
? 4 374 198 757 434
? 4 379 661 607 106
? 4 393 651 615 346
? 4 396 677 699 139
? 4 397 148 611 600
? 4 408 622 684 791
? 4 415 629 772 585
? 4 422 445 381 308
? 4 427 131 108 499
? 4 443 669 680 104
? 4 444 164 325 71
? 4 447 554 94 44
? 4 464 344 22 126
? 4 471 684 408 351
? 4 475 98 147 555
? 4 476 358 402 717
? 4 479 579 449 645
? 4 480 16 129 586
? 4 484 294 788 784
? 4 488 787 49 466
? 4 492 435 701 269
? 4 495 535 312 759
? 4 501 229 672 340
? 4 507 627 791 545
? 4 509 299 170 485
? 4 512 53 631 777
? 4 517 212 511 217
? 4 518 694 300 177
? 4 521 617 654 158
? 4 522 315 765 578
!
58 605 717 
58 717
605 58
4 20 35 45 49 113 135 146 166 178 195 199 211 305 389 392 417 462 466 494 531 621 655 693 702 730 731 746 771 775 787 
417 211
621 178
771 35
746 771
199 746
392 199
4 392
4 775
730 4
730 655
135 730
135 417
494 135
146 305
621 146
787 49
466 787
621 466
389 621
462 389
45 462
494 45
195 494
166 195
702 166
693 702
113 693
531 113
20 531
731 20
51 86 93 167 270 292 304 437 506 573 582 588 597 602 604 606 640 682 695 790 
682 695
270 682
51 270
506 437
86 51
506 86
304 506
304 640
602 304
582 602
606 582
597 606
573 597
292 573
167 292
167 588
604 93
167 604
790 167
48 71 99 124 144 158 164 220 233 290 316 319 322 325 349 395 444 458 521 559 617 646 654 714 741 766 
646 99
458 646
322 458
164 322
71 444
71 164
325 71
233 325
158 521
654 233
654 124
654 617
158 654
349 158
349 559
714 349
766 741
220 714
766 220
144 766
48 144
319 48
316 290
316 319
395 316
3 10 14 38 42 50 53 79 84 85 91 151 154 162 176 179 194 201 223 225 231 273 302 314 321 339 343 347 368 371 391 396 407 413 419 477 512 527 540 543 560 565 576 581 591 614 623 628 631 648 677 688 689 703 706 750 755 777 
677 396
750 677
347 750
648 347
527 648
527 614
477 527
154 576
42 154
3 302
623 3
314 623
339 314
628 339
628 477
560 628
194 703
194 371
194 560
42 194
176 42
419 176
343 201
543 689
591 273
391 591
391 225
343 391
14 343
368 14
581 368
755 581
755 565
38 755
413 38
706 413
706 419
543 706
543 84
321 543
688 151
10 407
231 10
688 231
688 85
540 688
50 540
162 50
223 162
512 223
631 512
53 631
91 53
91 179
91 321
777 91
777 79
89 120 127 142 148 173 215 217 236 244 248 262 280 286 298 315 397 398 446 454 460 465 511 517 520 522 578 600 611 720 734 736 763 765 
511 217
517 511
600 517
148 600
148 397
611 148
298 611
720 215
298 720
89 298
465 89
736 465
736 460
736 142
446 736
454 446
454 120
173 454
286 173
286 127
315 286
522 315
765 522
578 398
765 578
280 765
280 244
520 280
248 262
248 236
520 248
763 520
734 763
12 359 403 412 603 
403 12
359 403
603 359
412 603
104 138 189 227 247 329 382 429 443 461 568 618 656 669 680 683 737 738 782 
669 104
680 669
443 680
737 443
568 737
461 568
683 461
247 683
138 189
247 138
738 247
429 738
618 429
782 618
656 782
382 329
227 382
656 227
5 16 36 129 356 421 480 586 668 783 
5 36
356 5
480 16
586 480
586 783
129 668
129 586
421 129
421 356
28 40 149 200 210 281 296 353 519 525 533 541 
353 296
149 353
541 210
149 541
519 149
533 519
200 533
281 200
28 281
40 28
40 525
18 81 105 114 132 153 171 192 203 205 221 226 254 263 275 287 320 341 364 381 383 404 410 411 452 516 570 660 666 685 694 
226 694
516 226
192 516
685 192
410 685
81 263
410 81
383 410
666 383
205 254
105 205
203 105
666 203
287 666
132 381
132 364
452 132
404 452
341 404
411 341
171 153
114 570
171 114
171 18
411 171
221 411
275 221
660 275
287 320
660 287
64 106 160 214 295 379 424 463 587 598 607 625 635 657 661 690 725 735 786 
160 587
690 160
295 64
657 786
635 657
735 635
295 735
214 295
214 424
607 214
598 725
106 607
661 379
106 661
625 106
690 625
598 690
598 463
30 37 41 111 118 204 222 230 234 246 272 342 351 408 471 483 486 505 507 538 547 622 627 667 673 684 791 
272 673
272 538
111 272
222 111
222 204
342 222
118 41
118 486
342 118
230 342
547 230
547 505
234 547
37 234
622 37
30 483
30 246
667 30
351 667
408 351
791 627
791 507
791 622
684 791
408 684
471 408
2 26 32 108 131 161 170 207 245 255 258 259 279 283 299 303 309 330 366 385 386 418 427 431 441 474 485 489 493 499 509 534 544 546 549 563 569 637 652 686 700 704 713 729 756 769 773 776 
474 279
534 652
756 534
474 756
474 431
713 474
729 713
686 729
385 686
330 385
330 26
509 330
637 259
170 485
161 170
161 2
161 769
207 161
299 509
207 299
283 207
441 283
386 441
549 386
700 549
776 700
544 776
366 544
546 366
303 546
258 303
569 258
704 569
493 704
637 493
309 637
563 309
245 563
418 255
245 418
32 245
773 32
773 108
499 131
499 427
489 499
773 489
31 56 76 80 82 98 103 147 172 182 188 218 229 240 268 271 312 328 333 340 350 354 363 475 491 495 501 535 550 555 596 601 634 672 692 722 752 758 759 767 
363 82
350 363
333 350
333 268
103 333
240 103
182 491
240 182
634 240
634 172
596 634
550 596
354 550
601 354
76 601
328 76
312 495
759 312
692 722
80 752
692 80
535 692
535 759
218 535
188 218
328 188
758 328
672 758
501 672
229 501
340 229
56 340
147 56
98 475
98 271
98 31
555 98
147 555
767 147
112 358 402 476 529 633 
402 112
529 633
402 529
358 402
476 358
157 478 571 749 
749 157
749 571
749 478
70 73 174 187 206 237 388 442 514 566 
73 70
237 514
73 237
442 73
566 442
206 174
206 187
388 206
388 566
17 62 87 121 122 313 450 502 524 539 727 753 796 
796 122
539 502
796 313
539 796
539 17
450 539
87 450
62 87
727 121
62 727
62 753
62 524
346 393 488 
488 346
393 488
355 467 615 651 
615 355
615 467
615 651
55 116 324 374 378 394 409 504 594 744 761 
378 744
55 378
324 55
409 324
594 409
594 374
761 594
394 116
504 394
761 504
13 15 125 159 180 185 792 
15 13
792 125
159 792
159 180
185 159
15 185
44 68 78 94 117 123 152 224 261 289 336 345 352 365 369 390 447 448 542 554 658 664 707 716 
224 352
448 78
224 448
390 224
152 390
68 152
365 68
123 365
658 123
261 542
345 261
345 664
554 345
554 447
94 369
554 94
44 554
716 707
44 716
336 44
117 336
658 289
117 658
46 109 216 232 306 436 449 479 513 558 579 645 674 698 
698 46
513 698
558 513
558 232
306 558
674 306
645 479
449 645
674 449
436 109
674 436
579 674
216 579
101 238 293 297 335 338 545 721 764 778 779 
101 764
778 101
778 297
238 778
293 238
545 293
335 779
335 338
721 335
721 545
526 564 574 580 613 626 710 
526 613
626 710
574 626
564 574
580 526
564 580
0 34 96 100 497 536 593 643 712 
536 643
0 100
497 0
34 497
593 34
96 712
96 536
96 593
284 327 440 482 
327 284
327 482
327 440
9 21 29 67 72 165 183 209 243 377 420 426 430 439 455 468 470 472 481 500 532 572 599 620 644 665 681 754 798 
209 532
430 209
665 430
377 468
377 665
572 377
455 572
644 455
9 644
9 183
599 9
599 426
500 599
754 500
420 754
439 420
72 439
470 72
165 470
29 165
29 620
472 29
472 798
681 472
243 681
21 243
67 21
481 67
7 24 83 150 168 266 285 360 401 567 584 696 711 739 742 
24 83
285 24
7 285
739 7
168 739
696 711
696 168
360 696
567 360
401 150
401 584
742 401
266 742
567 266
250 269 435 438 492 701 793 
793 269
250 793
701 250
492 701
435 438
492 435
134 743 
134 743
52 69 74 97 235 264 318 331 553 612 745 
553 264
69 318
553 331
553 69
52 553
97 52
74 235
745 97
74 745
612 74
186 208 528 556 
208 556
528 186
208 528
175 
212 348 425 687 
212 348
425 212
425 687
65 115 242 253 282 310 357 372 375 405 456 457 557 585 619 647 671 740 747 772 
456 115
253 456
357 253
357 372
619 357
585 375
772 585
282 65
772 282
740 772
310 740
557 619
557 310
242 557
671 647
405 671
747 405
242 457
747 242
19 57 75 107 136 143 181 241 256 260 265 277 278 311 326 415 428 433 451 459 530 551 609 629 715 718 728 751 774 785 
428 551
728 256
428 728
143 428
181 143
265 181
718 265
433 718
451 433
451 75
459 451
715 278
459 715
241 459
260 241
609 260
774 277
609 774
107 609
19 107
530 19
785 530
57 785
57 136
751 57
326 751
311 326
629 311
629 415
63 95 515 592 723 795 
63 723
592 63
515 95
592 515
795 592
90 
130 139 307 323 484 498 699 732 784 788 
498 130
323 498
699 323
139 699
788 139
784 484
788 784
732 788
307 732
202 294 
294 202
8 23 61 133 267 373 399 416 469 552 590 608 733 780 799 
780 608
8 61
780 8
780 416
133 780
733 133
552 799
267 552
399 267
23 590
469 733
373 469
23 373
399 23
137 636 663 
663 636
137 663
59 650 676 768 
59 676
768 59
650 768
43 66 169 177 191 197 288 300 301 332 406 423 496 518 781 
191 197
781 191
332 781
496 332
169 496
300 518
177 300
406 177
406 66
288 406
423 288
169 423
301 169
301 43
88 719 
719 88
6 
140 190 193 198 370 434 487 616 679 757 770 797 
434 770
757 434
198 757
193 198
370 679
193 370
487 193
190 487
797 190
797 140
797 616
1 11 27 54 77 156 196 219 251 252 257 291 308 317 337 361 362 367 376 380 384 400 422 445 453 537 548 589 610 632 639 662 675 691 724 726 760 762 789 794 
445 308
422 445
632 422
291 662
639 589
317 639
400 317
632 400
291 632
54 291
367 726
376 367
362 376
362 54
724 362
156 724
1 156
196 1
610 196
384 610
762 384
794 337
537 794
760 537
548 760
361 548
11 361
453 11
691 453
219 691
252 219
380 789
27 380
252 27
257 252
77 257
77 251
675 77
762 675
39 47 60 119 128 145 184 228 239 249 274 276 387 432 562 577 630 642 649 653 659 670 697 705 748 
39 119
39 670
184 39
697 184
274 128
60 387
642 60
659 642
274 659
249 274
276 249
697 276
228 697
705 228
432 705
577 562
432 577
653 432
748 653
47 748
630 47
239 630
145 649
239 145
22 25 33 92 102 110 126 141 155 163 213 334 344 414 464 473 490 503 508 510 523 561 575 583 595 624 638 641 678 708 709 
624 163
708 523
624 708
709 624
508 709
110 508
575 678
344 575
110 595
92 110
155 92
490 155
641 102
490 641
126 490
464 126
344 464
344 22
583 344
583 33
510 583
561 510
473 561
414 473
25 141
334 213
25 334
503 25
503 414
638 503
