? 10 0 528 776 290 258 566 175 86 18 311
? 10 1 744 231 169 172 506 45 277 208 772
? 10 2 131 4 705 494 106 790 684 751 303
? 10 3 48 652 545 727 248 251 100 605 538
? 10 5 291 341 333 733 711 671 783 286 345
? 10 6 610 93 358 543 265 523 237 501 379
? 10 7 80 704 302 77 71 128 148 672 374
? 10 8 499 40 166 447 688 62 373 264 446
? 10 9 596 185 357 539 540 174 702 422 792
? 10 10 638 284 553 675 799 724 597 199 414
? 10 11 751 709 332 375 494 131 246 684 2
? 10 12 223 98 195 439 279 356 273 493 72
? 10 13 42 236 417 409 691 376 392 604 17
? 10 14 411 720 41 741 398 19 286 733 82
? 10 15 19 82 89 720 41 587 741 544 286
? 10 16 68 716 462 677 35 777 658 525 355
? 10 20 327 54 306 277 526 313 108 287 23
? 10 21 451 311 522 275 495 81 513 307 132
? 10 22 323 550 450 459 278 460 603 240 203
? 10 24 224 369 38 755 323 460 278 240 126
? 10 25 625 219 555 437 571 408 520 619 521
? 10 26 435 564 496 149 430 106 303 2 628
? 10 27 33 313 636 492 391 771 461 23 551
? 10 28 507 339 364 577 581 189 771 643 772
? 10 29 785 206 536 118 560 289 336 717 252
? 10 30 395 481 480 338 789 426 764 630 104
? 10 31 185 792 631 229 107 357 712 9 177
? 10 32 757 249 483 467 386 119 713 722 250
? 10 34 75 405 365 93 593 648 358 586 501
? 10 36 768 519 788 634 161 486 382 714 635
? 10 37 471 679 121 378 423 562 488 477 317
? 10 39 585 72 475 280 397 239 534 445 643
? 10 43 790 705 4 2 494 303 131 684 106
? 10 44 763 628 495 513 81 132 149 496 430
? 10 46 621 679 618 573 37 190 270 378 242
? 10 47 433 398 145 299 384 737 419 741 14
? 10 49 88 721 680 245 312 18 347 674 565
? 10 50 775 201 247 160 207 104 575 490 410
? 10 51 605 321 100 687 111 229 115 431 538
? 10 52 110 403 484 508 728 85 142 583 479
? 10 53 710 525 749 35 272 658 547 582 623
? 10 55 736 754 140 639 67 685 238 541 796
? 10 56 707 576 478 171 646 699 351 151 124
? 10 57 138 409 236 691 293 42 464 604 13
? 10 58 123 524 747 780 436 799 443 454 221
? 10 59 127 262 95 205 636 599 492 54 33
? 10 60 268 574 784 187 558 199 797 217 675
? 10 61 383 188 285 370 470 449 407 257 324
? 10 63 702 540 438 539 180 626 147 596 174
? 10 64 193 83 346 659 452 372 115 431 538
? 10 65 575 472 718 122 234 697 769 335 310
? 10 66 244 415 755 369 38 467 183 757 24
? 10 69 441 557 318 178 568 238 354 462 716
? 10 70 419 145 384 204 389 47 433 362 334
? 10 73 135 752 614 352 302 797 165 653 187
? 10 74 597 724 414 337 675 136 284 759 611
? 10 76 228 748 353 102 255 340 725 191 399
? 10 78 310 697 234 335 472 769 65 718 588
? 10 79 232 158 782 216 164 510 778 791 198
? 10 84 381 714 768 486 390 469 694 788 36
? 10 87 117 186 375 681 332 709 246 90 599
? 10 91 359 220 665 360 592 650 329 608 452
? 10 92 389 660 595 288 678 413 334 729 580
? 10 94 737 572 632 476 168 676 523 237 116
? 10 96 420 266 385 454 787 798 429 216 294
? 10 97 400 498 143 616 319 573 686 536 505
? 10 99 455 644 703 647 721 17 88 49 230
? 10 101 296 633 664 366 735 134 150 271 640
? 10 103 726 211 598 760 668 456 600 546 153
? 10 105 750 260 274 766 765 651 734 304 629
? 10 109 779 657 689 402 489 214 487 428 683
? 10 112 613 732 630 283 490 739 641 243 542
? 10 113 587 544 114 377 89 310 15 82 697
? 10 120 362 384 204 733 14 291 411 419 398
? 10 125 155 399 662 137 340 191 543 358 594
? 10 129 316 740 670 390 635 756 714 788 692
? 10 130 166 688 447 159 368 8 700 446 146
? 10 133 156 241 473 162 512 255 500 602 353
? 10 139 458 606 706 682 556 583 142 226 387
? 10 141 387 235 202 706 556 298 139 588 458
? 10 144 729 527 198 678 791 782 158 288 216
? 10 152 269 637 256 170 157 465 163 554 560
? 10 154 517 781 778 794 184 578 791 416 783
? 10 167 612 719 374 615 795 591 77 533 653
? 10 173 453 503 62 579 218 373 264 40 499
? 10 176 514 690 212 312 124 281 644 699 351
? 10 179 586 701 442 580 511 516 593 648 595
? 10 181 320 735 366 222 163 664 640 296 101
? 10 182 715 449 427 263 370 482 758 324 655
? 10 192 773 126 184 345 794 38 224 416 386
? 10 194 696 215 777 745 749 146 700 623 582
? 10 196 561 567 297 552 753 645 178 700 146
? 10 197 406 45 339 506 231 563 742 772 1
? 10 200 90 287 108 117 305 681 252 87 306
? 10 209 731 308 666 601 698 168 632 470 407
? 10 210 422 565 177 347 674 690 312 9 185
? 10 213 590 748 376 102 76 417 725 228 162
? 10 225 344 730 326 786 247 304 775 410 50
? 10 227 529 622 282 796 479 403 110 508 457
? 10 233 619 579 503 408 292 264 373 437 173
? 10 253 571 328 555 25 219 619 625 408 437
? 10 254 150 589 516 134 511 640 296 664 413
? 10 259 448 371 208 746 169 742 330 620 563
? 10 261 116 501 648 237 676 523 442 701 586
? 10 267 642 673 380 342 623 509 582 745 463
? 10 276 349 761 272 708 392 417 376 230 17
? 10 295 693 440 793 649 148 348 71 558 128
? 10 300 649 793 382 161 325 634 217 388 558
? 10 301 151 328 521 396 617 432 219 625 253
? 10 309 308 731 257 407 387 666 141 601 209
? 10 314 424 434 647 432 455 617 99 396 761
? 10 315 122 732 207 743 335 234 472 613 641
? 10 322 497 329 391 551 592 361 738 461 492
? 10 331 465 170 256 533 429 637 615 537 762
? 10 343 667 183 203 609 240 502 278 450 550
? 10 350 663 474 698 308 299 544 731 209 168
? 10 363 759 569 74 136 597 414 723 611 337
? 10 367 77 444 548 289 374 717 612 206 167
? 10 393 491 446 520 380 292 499 40 264 373
? 10 394 504 265 476 482 324 500 6 523 572
? 10 401 410 718 769 575 786 247 65 697 114
? 10 404 457 479 682 85 508 282 583 142 529
? 10 412 23 189 772 526 172 507 231 771 339
? 10 418 655 669 758 263 427 354 715 182 449
? 10 421 140 685 796 622 55 541 639 736 318
? 10 425 656 355 677 658 354 669 525 547 418
? 10 466 607 624 530 485 654 147 626 438 422
? 10 468 283 243 226 518 542 641 112 606 139
? 10 515 532 423 388 121 471 317 562 649 37
? 10 531 744 305 277 287 108 767 1 20 327
? 10 535 463 509 708 272 673 582 424 623 761
? 10 549 774 175 258 248 566 528 545 0 48
? 10 559 661 627 594 275 522 307 293 81 513
? 10 570 191 604 293 725 340 102 627 594 691
? 10 584 754 238 55 758 736 639 354 67 655
? 10 695 242 270 477 505 488 378 319 573 616
? 10 770 118 554 785 252 186 29 117 87 246
? 10 22 323 550 450 459 278 460 603 240 203
? 10 28 507 339 364 577 581 189 771 643 772
? 10 30 395 481 480 338 789 426 764 630 104
? 10 34 75 405 365 93 593 648 358 586 501
? 10 43 790 705 4 2 494 303 131 684 106
? 10 51 605 321 100 687 111 229 115 431 538
? 10 78 310 697 234 335 472 769 65 718 588
? 10 84 381 714 768 486 390 469 694 788 36
? 10 91 359 220 665 360 592 650 329 608 452
? 10 95 262 127 205 684 59 599 494 751 4
? 10 119 250 221 443 722 483 780 436 747 386
? 10 153 211 214 487 598 726 760 489 103 668
? 10 154 517 781 778 794 184 578 791 416 783
? 10 156 133 473 512 241 500 255 602 379 162
? 10 159 368 130 700 297 688 146 166 447 561
? 10 180 438 63 702 540 539 147 626 485 607
? 10 188 285 383 470 61 370 407 324 601 257
? 10 222 163 640 366 181 664 735 296 589 320
? 10 239 493 39 534 475 72 356 279 585 397
? 10 245 18 680 86 674 776 347 88 49 721
? 10 249 757 32 467 483 386 773 415 192 38
? 10 266 96 198 216 762 782 678 420 158 429
? 10 271 633 365 101 405 75 134 296 735 559
? 10 273 439 223 546 12 98 279 726 598 103
? 10 276 349 761 272 708 392 417 376 230 17
? 10 290 311 451 776 528 0 464 86 18 245
? 10 301 151 328 521 396 617 432 219 625 253
? 10 330 620 767 448 746 259 686 143 744 208
? 10 336 536 686 29 252 305 143 767 785 200
? 10 342 380 673 520 267 434 625 432 219 642
? 10 343 667 183 203 609 240 502 278 450 550
? 10 344 225 730 326 786 247 775 50 410 304
? 10 346 452 372 64 592 329 193 83 497 659
? 10 350 663 474 698 308 299 544 731 209 168
? 10 367 77 444 548 289 374 717 612 206 167
? 10 377 114 113 651 765 587 769 310 697 718
? 10 385 787 294 798 429 533 454 96 420 591
? 10 400 97 616 319 498 573 143 505 536 270
? 10 402 428 779 109 657 174 487 689 214 540
? 10 406 45 197 506 563 742 339 231 169 371
? 10 435 26 496 149 564 430 106 303 628 763
? 10 478 707 576 56 171 646 151 699 351 396
? 10 491 393 292 520 446 437 380 499 408 264
? 10 510 164 79 420 454 232 216 158 782 524
? 10 519 36 635 788 768 634 756 714 784 325
? 10 527 144 791 578 729 288 334 778 158 782
? 10 535 463 509 708 272 673 582 424 623 761
? 10 537 762 413 660 589 331 266 678 254 92
? 10 552 567 753 178 196 462 716 645 777 561
? 10 553 284 724 414 337 10 638 597 74 675
? 10 614 135 73 752 165 653 797 302 352 187
? 10 621 618 46 573 190 679 498 270 505 242
? 10 629 734 711 274 459 603 260 550 671 22
? 10 652 3 48 727 545 248 251 100 538 605
? 10 654 530 624 466 607 124 485 699 147 626
? 10 656 425 355 677 658 669 354 547 525 418
? 10 683 689 657 631 792 357 109 185 229 31
? 10 692 756 670 635 740 316 136 129 611 519
? 10 712 107 229 687 605 31 566 51 631 792
? 10 728 484 52 556 257 142 403 110 508 85
? 10 739 490 630 613 104 732 426 207 112 160
? 10 795 591 719 167 612 615 653 533 294 374
? 10 5 291 341 333 733 711 671 783 286 345
? 10 7 80 704 302 77 71 128 148 672 374
? 10 16 68 716 462 677 35 777 658 525 355
? 10 25 625 219 555 437 571 408 520 619 521
? 10 27 33 313 636 492 391 771 461 23 551
? 10 28 507 339 364 577 581 189 771 643 772
? 10 30 395 481 480 338 789 426 764 630 104
? 10 34 75 405 365 93 593 648 358 586 501
? 10 42 13 236 409 691 417 17 138 392 57
? 10 43 790 705 4 2 494 303 131 684 106
? 10 53 710 525 749 35 272 658 547 582 623
? 10 58 123 524 747 780 436 799 443 454 221
? 10 60 268 574 784 187 558 199 797 217 675
? 10 62 453 173 218 373 40 264 579 499 503
? 10 66 244 415 755 369 38 467 183 757 24
? 10 67 736 55 110 796 622 754 584 685 140
? 10 69 441 557 318 178 568 238 354 462 716
? 10 70 419 145 384 204 389 47 433 362 334
? 10 78 310 697 234 335 472 769 65 718 588
? 10 84 381 714 768 486 390 469 694 788 36
? 10 91 359 220 665 360 592 650 329 608 452
? 10 94 737 572 632 476 168 676 523 237 116
? 10 95 262 127 205 684 59 599 494 751 4
? 10 105 750 260 274 766 765 651 734 304 629
? 10 120 362 384 204 733 14 291 411 419 398
? 10 121 37 471 423 515 532 562 679 317 378
? 10 125 155 399 662 137 340 191 543 358 594
? 10 141 387 235 202 706 556 298 139 588 458
? 10 154 517 781 778 794 184 578 791 416 783
? 10 156 133 473 512 241 500 255 602 379 162
? 10 157 170 560 256 465 637 269 152 717 206
? 10 159 368 130 700 297 688 146 166 447 561
? 10 176 514 690 212 312 124 281 644 699 351
? 10 177 210 347 674 565 107 712 31 566 776
? 10 179 586 701 442 580 511 516 593 648 595
? 10 180 438 63 702 540 539 147 626 485 607
? 10 188 285 383 470 61 370 407 324 601 257
? 10 195 356 98 12 493 223 279 439 72 273
? 10 201 50 207 575 247 775 122 65 410 315
? 10 213 590 748 376 102 76 417 725 228 162
? 10 215 146 194 745 696 700 297 368 446 642
? 10 227 529 622 282 796 479 403 110 508 457
? 10 233 619 579 503 408 292 264 373 437 173
? 10 239 493 39 534 475 72 356 279 585 397
? 10 243 283 764 468 789 112 630 542 613 641
? 10 250 722 119 443 221 436 780 483 713 747
? 10 261 116 501 648 237 676 523 442 701 586
? 10 276 349 761 272 708 392 417 376 230 17
? 10 280 546 72 220 39 585 359 439 279 103
? 10 290 311 451 776 528 0 464 86 18 245
? 10 295 693 440 793 649 148 348 71 558 128
? 10 300 649 793 382 161 325 634 217 388 558
? 10 301 151 328 521 396 617 432 219 625 253
? 10 306 54 327 20 108 277 287 313 305 59
? 10 309 308 731 257 407 387 666 141 601 209
? 10 314 424 434 647 432 455 617 99 396 761
? 10 320 181 735 222 366 435 163 26 554 640
? 10 342 380 673 520 267 434 625 432 219 642
? 10 343 667 183 203 609 240 502 278 450 550
? 10 344 225 730 326 786 247 775 50 410 304
? 10 350 663 474 698 308 299 544 731 209 168
? 10 361 461 497 205 372 322 492 329 33 636
? 10 363 759 569 74 136 597 414 723 611 337
? 10 367 77 444 548 289 374 717 612 206 167
? 10 377 114 113 651 765 587 769 310 697 718
? 10 385 787 294 798 429 533 454 96 420 591
? 10 400 97 616 319 498 573 143 505 536 270
? 10 402 428 779 109 657 174 487 689 214 540
? 10 404 457 479 682 85 508 282 583 142 529
? 10 406 45 197 506 563 742 339 231 169 371
? 10 412 23 189 772 526 172 507 231 771 339
? 10 421 140 685 796 622 55 541 639 736 318
? 10 427 263 449 758 182 715 655 418 370 669
? 10 445 665 360 643 364 397 650 608 585 738
? 10 456 600 668 760 220 103 211 452 83 489
? 10 478 707 576 56 171 646 151 699 351 396
? 10 495 132 44 763 451 513 81 628 311 21
? 10 504 394 482 265 476 324 500 370 715 182
? 10 510 164 79 420 454 232 216 158 782 524
? 10 518 226 468 682 606 404 139 458 457 283
? 10 527 144 791 578 729 288 334 778 158 782
? 10 531 744 305 277 287 108 767 1 20 327
? 10 535 463 509 708 272 673 582 424 623 761
? 10 549 774 175 258 248 566 528 545 0 48
? 10 553 284 724 414 337 10 638 597 74 675
? 10 564 106 26 2 131 303 705 435 4 494
? 10 570 191 604 293 725 340 102 627 594 691
? 10 610 6 543 358 379 93 137 500 265 512
? 10 614 135 73 752 165 653 797 302 352 187
? 10 621 618 46 573 190 679 498 270 505 242
? 10 652 3 48 727 545 248 251 100 538 605
? 10 654 530 624 466 607 124 485 699 147 626
? 10 656 425 355 677 658 669 354 547 525 418
? 10 661 627 559 594 275 307 522 293 570 662
? 10 692 756 670 635 740 316 136 129 611 519
? 10 695 242 270 477 505 488 378 319 573 616
? 10 770 118 554 785 252 186 29 117 87 246
? 10 8 499 40 166 447 688 62 373 264 446
? 10 11 751 709 332 375 494 131 246 684 2
? 10 15 19 82 89 720 41 587 741 544 286
? 10 25 625 219 555 437 571 408 520 619 521
? 10 28 507 339 364 577 581 189 771 643 772
? 10 30 395 481 480 338 789 426 764 630 104
? 10 34 75 405 365 93 593 648 358 586 501
? 10 42 13 236 409 691 417 17 138 392 57
? 10 43 790 705 4 2 494 303 131 684 106
? 10 67 736 55 110 796 622 754 584 685 140
? 10 78 310 697 234 335 472 769 65 718 588
? 10 84 381 714 768 486 390 469 694 788 36
? 10 90 200 681 117 87 287 108 305 252 599
? 10 91 359 220 665 360 592 650 329 608 452
? 10 95 262 127 205 684 59 599 494 751 4
? 10 121 37 471 423 515 532 562 679 317 378
? 10 126 345 192 224 38 24 184 773 794 460
? 10 153 211 214 487 598 726 760 489 103 668
? 10 154 517 781 778 794 184 578 791 416 783
? 10 156 133 473 512 241 500 255 602 379 162
? 10 159 368 130 700 297 688 146 166 447 561
? 10 180 438 63 702 540 539 147 626 485 607
? 10 188 285 383 470 61 370 407 324 601 257
? 10 199 675 611 638 597 784 136 724 10 74
? 10 201 50 207 575 247 775 122 65 410 315
? 10 210 422 565 177 347 674 690 312 9 185
? 10 215 146 194 745 696 700 297 368 446 642
? 10 228 353 76 255 748 340 399 102 137 155
? 10 239 493 39 534 475 72 356 279 585 397
? 10 243 283 764 468 789 112 630 542 613 641
? 10 249 757 32 467 483 386 773 415 192 38
? 10 250 722 119 443 221 436 780 483 713 747
? 10 254 150 589 516 134 511 640 296 664 413
? 10 271 633 365 101 405 75 134 296 735 559
? 10 276 349 761 272 708 392 417 376 230 17
? 10 290 311 451 776 528 0 464 86 18 245
? 10 301 151 328 521 396 617 432 219 625 253
? 10 330 620 767 448 746 259 686 143 744 208
? 10 336 536 686 29 252 305 143 767 785 200
? 10 342 380 673 520 267 434 625 432 219 642
? 10 343 667 183 203 609 240 502 278 450 550
? 10 344 225 730 326 786 247 775 50 410 304
? 10 346 452 372 64 592 329 193 83 497 659
? 10 350 663 474 698 308 299 544 731 209 168
? 10 367 77 444 548 289 374 717 612 206 167
? 10 377 114 113 651 765 587 769 310 697 718
? 10 385 787 294 798 429 533 454 96 420 591
? 10 388 532 515 649 300 793 423 121 382 295
? 10 400 97 616 319 498 573 143 505 536 270
? 10 401 410 718 769 575 786 247 65 697 114
? 10 402 428 779 109 657 174 487 689 214 540
? 10 406 45 197 506 563 742 339 231 169 371
? 10 427 263 449 758 182 715 655 418 370 669
? 10 430 628 303 496 149 26 106 435 564 763
? 10 478 707 576 56 171 646 151 699 351 396
? 10 495 132 44 763 451 513 81 628 311 21
? 10 510 164 79 420 454 232 216 158 782 524
? 10 527 144 791 578 729 288 334 778 158 782
? 10 535 463 509 708 272 673 582 424 623 761
? 10 552 567 753 178 196 462 716 645 777 561
? 10 553 284 724 414 337 10 638 597 74 675
? 10 614 135 73 752 165 653 797 302 352 187
? 10 621 618 46 573 190 679 498 270 505 242
? 10 637 256 152 269 170 157 465 331 560 163
? 10 647 617 644 281 99 314 396 351 455 212
? 10 652 3 48 727 545 248 251 100 538 605
? 10 654 530 624 466 607 124 485 699 147 626
? 10 656 425 355 677 658 669 354 547 525 418
? 10 666 601 731 209 470 407 308 285 257 188
? 10 692 756 670 635 740 316 136 129 611 519
? 10 703 17 455 99 230 721 88 392 49 42
? 10 728 484 52 556 257 142 403 110 508 85
? 10 737 94 572 632 168 676 47 145 698 476
? 10 739 490 630 613 104 732 426 207 112 160
? 10 743 641 298 542 588 315 335 732 234 122
? 10 759 569 363 723 337 414 74 597 724 553
? 10 795 591 719 167 612 615 653 533 294 374
? 10 5 291 341 333 733 711 671 783 286 345
? 10 7 80 704 302 77 71 128 148 672 374
? 10 16 68 716 462 677 35 777 658 525 355
? 10 22 323 550 450 459 278 460 603 240 203
? 10 25 625 219 555 437 571 408 520 619 521
? 10 27 33 313 636 492 391 771 461 23 551
? 10 28 507 339 364 577 581 189 771 643 772
? 10 30 395 481 480 338 789 426 764 630 104
? 10 34 75 405 365 93 593 648 358 586 501
? 10 43 790 705 4 2 494 303 131 684 106
? 10 51 605 321 100 687 111 229 115 431 538
? 10 53 710 525 749 35 272 658 547 582 623
? 10 57 138 409 236 691 293 42 464 604 13
? 10 58 123 524 747 780 436 799 443 454 221
? 10 60 268 574 784 187 558 199 797 217 675
? 10 62 453 173 218 373 40 264 579 499 503
? 10 66 244 415 755 369 38 467 183 757 24
? 10 67 736 55 110 796 622 754 584 685 140
? 10 69 441 557 318 178 568 238 354 462 716
? 10 70 419 145 384 204 389 47 433 362 334
? 10 78 310 697 234 335 472 769 65 718 588
? 10 84 381 714 768 486 390 469 694 788 36
? 10 91 359 220 665 360 592 650 329 608 452
? 10 92 389 660 595 288 678 413 334 729 580
? 10 95 262 127 205 684 59 599 494 751 4
? 10 105 750 260 274 766 765 651 734 304 629
? 10 120 362 384 204 733 14 291 411 419 398
!
6 8 16 25 34 40 62 68 70 76 94 116 130 145 173 179 204 218 233 237 261 264 265 267 276 292 342 358 373 393 394 408 424 437 442 453 482 491 499 500 503 504 509 523 535 552 579 676 708 710 716 737 749 761 777 
453 218
453 62
579 453
437 25
8 130
40 8
437 491
437 408
292 437
579 233
579 503
40 579
373 173
264 40
499 373
264 499
292 264
393 292
267 393
535 267
68 552
68 16
716 68
777 716
749 777
710 749
535 710
509 535
509 342
708 424
761 509
761 708
276 761
76 276
500 76
145 204
358 34
6 358
737 94
394 482
394 500
504 394
265 504
6 265
523 6
145 70
737 145
523 737
442 179
676 442
116 261
116 237
676 116
523 676
5 10 13 14 17 18 19 22 24 32 35 38 42 47 49 53 56 57 58 61 63 66 74 75 79 82 86 88 89 92 93 99 101 102 113 119 120 123 124 125 126 133 134 137 138 144 147 150 151 154 155 156 158 162 164 168 171 174 176 180 183 184 188 191 192 198 203 209 210 212 213 216 219 221 222 224 228 230 232 236 240 241 244 245 249 250 254 255 257 260 266 271 272 274 278 281 285 288 291 293 296 299 308 312 314 323 324 333 334 337 340 343 345 347 349 351 353 355 362 363 365 366 369 370 376 377 379 380 383 384 386 389 392 396 398 399 405 407 409 411 413 414 415 416 417 419 422 425 432 433 434 436 438 443 449 450 454 455 459 460 462 464 467 470 473 474 476 478 483 485 501 502 510 511 512 514 516 517 520 521 524 525 527 537 539 540 543 544 547 550 553 555 559 569 570 572 576 578 580 586 587 589 590 593 594 595 596 597 601 602 603 604 607 609 610 617 619 624 625 626 627 629 632 633 640 644 646 647 648 651 658 660 662 663 664 666 667 674 677 678 680 690 691 698 699 701 702 703 707 711 713 720 721 722 723 724 725 729 731 733 734 741 747 748 750 755 757 759 762 765 773 776 778 780 781 782 783 791 794 799 
625 619
625 555
520 380
219 520
625 219
521 625
432 521
432 434
314 432
617 314
56 478
576 56
707 576
396 707
396 151
617 396
647 617
351 647
124 171
646 351
699 646
699 124
281 699
514 281
212 514
212 644
312 212
540 596
540 174
63 540
438 180
63 438
539 63
485 539
485 607
624 485
147 624
702 147
702 626
422 702
422 210
690 422
176 690
312 176
49 312
721 49
88 721
88 680
703 88
230 703
99 230
455 99
392 455
102 725
748 102
590 748
590 213
376 590
547 53
658 462
677 658
355 677
425 355
525 425
525 35
547 525
272 547
376 272
17 349
17 392
417 17
417 376
409 417
409 42
293 409
57 293
347 674
18 347
86 18
86 776
245 86
464 245
138 464
138 57
691 138
13 236
13 691
604 13
570 604
191 570
125 191
594 125
255 228
255 353
162 602
241 162
133 241
133 156
512 133
255 512
379 255
379 473
543 379
543 610
137 543
137 340
399 137
155 399
662 155
594 662
559 594
559 627
271 559
633 271
664 633
664 101
640 222
589 640
254 589
150 254
664 150
664 366
296 664
586 701
93 501
648 93
586 648
593 586
405 593
405 75
365 405
134 365
134 296
516 134
398 433
720 398
14 720
82 89
741 82
741 19
299 741
370 188
370 449
61 370
285 61
383 285
383 257
324 383
407 324
407 666
407 470
601 407
308 601
731 663
731 308
209 731
168 209
476 572
632 476
168 632
698 168
299 698
474 299
544 474
587 544
587 113
651 587
765 377
651 765
274 651
750 274
260 750
734 260
629 734
711 629
345 224
14 411
733 14
291 120
291 733
333 291
5 333
711 5
345 711
460 345
459 603
460 22
459 460
667 609
667 343
502 667
450 502
459 450
550 459
240 203
278 240
550 278
323 550
38 323
38 126
24 38
369 24
415 249
755 183
369 755
66 369
244 66
415 244
467 415
757 467
483 757
722 483
713 722
713 250
221 713
10 553
363 759
723 363
569 723
337 569
597 74
724 597
414 724
414 337
10 414
799 10
58 799
436 58
524 510
79 232
164 79
454 164
524 454
123 524
747 123
436 119
443 436
780 747
780 443
221 780
386 221
386 32
773 386
184 773
184 192
184 416
781 184
794 781
783 794
517 783
517 154
578 517
334 578
419 334
384 47
384 362
419 384
389 419
288 389
288 144
595 288
580 516
595 580
511 595
413 511
537 413
762 537
678 762
660 678
729 660
729 92
158 729
791 527
778 791
158 778
782 216
158 782
198 158
266 198
1 20 64 103 108 109 153 200 211 214 277 287 305 306 327 360 391 402 428 439 456 487 489 492 531 546 598 600 657 668 683 689 726 760 779 
108 200
287 305
108 287
306 108
277 306
20 531
277 20
277 1
327 277
492 327
492 391
360 492
64 360
456 64
726 439
689 683
657 689
428 657
109 428
779 109
779 402
487 779
487 214
153 487
211 153
598 211
103 546
103 726
600 103
668 489
760 668
456 760
600 456
598 600
15 30 41 50 52 55 65 67 69 78 85 104 105 110 112 114 122 139 140 141 142 146 159 160 166 178 182 194 196 201 202 207 225 226 227 234 235 238 243 247 263 282 283 286 297 298 304 309 310 315 318 326 335 338 341 344 354 368 387 395 401 403 404 410 418 421 426 427 441 446 447 457 458 463 468 472 479 480 481 484 490 508 518 529 541 542 556 557 561 567 568 575 582 583 584 588 606 613 622 623 630 639 641 642 645 655 656 669 671 673 682 685 688 696 697 700 706 715 718 728 730 732 736 739 743 745 753 754 758 764 766 769 775 786 789 796 
582 463
623 582
673 623
642 673
745 642
696 745
194 696
297 194
368 297
447 159
688 447
166 688
446 166
700 446
146 700
368 146
561 368
196 561
753 196
178 753
557 441
645 567
178 645
557 178
69 557
354 69
354 656
263 427
669 758
263 182
655 263
655 715
418 655
669 418
354 669
754 354
584 754
55 584
541 55
568 238
318 568
541 318
639 541
421 639
227 421
508 227
728 508
387 728
542 641
202 542
518 243
335 78
15 286
41 15
341 41
671 341
766 671
786 401
105 766
304 105
304 730
304 225
786 304
410 786
387 235
387 141
387 309
202 387
706 202
395 30
468 518
764 468
480 630
764 480
789 764
395 789
481 395
426 481
104 338
104 426
160 104
207 160
207 201
326 344
50 326
775 50
247 410
775 247
207 775
739 207
490 739
112 490
613 283
112 613
732 112
315 732
575 315
122 575
65 122
529 479
404 682
529 404
457 529
282 457
622 282
736 67
140 736
685 140
796 685
622 796
403 622
52 484
110 403
52 110
85 52
142 85
583 142
606 583
606 226
139 606
458 139
706 458
706 556
298 706
588 298
697 718
697 114
769 65
697 769
234 697
472 234
310 472
588 310
335 588
743 335
43 84 132 350 385 495 549 563 
385 84
563 385
43 563
495 350
43 132
549 43
495 549
0 2 3 4 9 11 12 21 23 26 27 28 31 33 39 44 48 51 54 59 72 81 83 87 90 91 95 98 100 106 107 111 115 117 127 131 149 152 157 163 170 172 175 177 181 185 186 193 195 205 220 223 229 239 246 248 251 258 262 269 273 275 279 280 290 303 307 311 313 320 321 322 329 331 332 346 356 357 359 361 364 372 375 397 430 431 435 445 451 452 461 465 475 493 494 496 497 507 513 522 526 528 534 538 545 551 560 564 565 566 577 581 585 592 599 605 608 628 631 636 637 643 650 652 659 661 665 681 684 687 705 709 712 727 735 738 751 763 771 772 774 790 792 
357 9
357 185
631 357
792 631
229 792
115 229
659 115
431 659
431 321
111 431
100 111
727 652
251 727
100 251
100 538
248 100
3 48
545 3
248 545
605 248
687 605
51 687
107 51
31 107
177 565
566 177
712 31
566 712
175 566
774 175
258 774
528 258
528 0
311 528
311 290
21 311
21 451
275 21
661 307
275 661
522 275
81 522
763 430
44 513
44 81
763 44
628 763
157 637
269 157
465 331
170 465
269 170
560 269
152 560
163 152
181 163
181 320
735 181
435 735
496 628
496 149
26 496
26 435
303 26
131 564
131 11
494 684
4 751
705 4
2 705
790 2
494 790
303 494
106 303
131 106
332 131
246 332
186 246
709 375
186 709
117 186
117 87
681 117
681 90
599 681
599 59
262 599
127 262
205 127
205 95
33 205
33 27
33 313
461 33
461 636
361 461
497 361
322 497
592 322
372 83
193 372
346 193
329 346
329 452
592 329
650 592
608 650
665 608
359 665
220 91
359 220
585 359
223 273
12 223
98 12
493 98
356 195
493 356
72 239
279 493
72 279
39 72
39 280
585 39
397 585
397 445
475 534
397 475
643 397
577 581
643 577
643 28
507 643
23 507
23 54
23 526
551 23
771 551
772 172
771 772
364 771
738 364
121 215 253 301 328 406 423 466 530 571 654 
121 423
406 121
466 406
253 215
530 466
654 530
301 654
253 571
328 301
253 328
7 29 36 37 45 46 60 71 73 77 80 96 97 118 128 129 135 136 143 148 161 165 167 169 187 189 190 197 199 206 208 217 231 242 252 256 259 268 270 284 289 294 295 300 302 316 317 319 325 330 336 339 348 352 367 371 374 378 381 382 388 390 400 412 420 429 440 444 448 469 471 477 486 488 498 505 506 515 519 532 533 536 548 554 558 562 573 574 591 611 612 614 615 616 618 620 621 634 635 638 649 653 670 672 675 679 686 692 693 694 695 704 714 717 719 740 742 744 746 752 756 767 768 770 784 785 787 788 793 795 797 798 
189 339
231 189
448 746
259 448
620 259
169 620
231 412
197 231
371 169
742 371
506 742
45 197
506 45
208 506
744 208
767 744
686 767
686 330
319 400
616 319
97 616
143 97
143 686
336 143
717 256
548 367
444 548
717 444
770 554
118 770
536 336
29 536
785 118
785 252
29 785
289 29
77 7
77 612
374 77
206 289
717 206
374 717
167 374
136 692
136 519
611 136
199 611
199 60
675 199
694 381
714 694
390 714
768 390
316 129
740 316
756 740
756 670
635 756
788 635
768 788
36 768
634 36
634 161
325 634
649 325
486 469
382 486
300 382
649 300
649 388
793 649
793 217
348 793
187 797
574 187
675 574
638 284
675 638
784 675
268 784
558 268
440 558
348 440
71 348
128 704
693 128
148 295
148 693
71 148
80 71
615 591
719 615
167 719
533 167
420 96
787 420
429 787
533 429
795 533
294 795
294 798
653 294
653 614
352 135
165 653
352 165
752 352
73 752
302 73
80 302
672 80
317 672
190 621
46 190
679 46
695 378
270 695
477 488
270 477
270 242
505 270
573 618
573 505
498 573
679 498
37 679
471 37
562 471
532 562
317 532
515 317
