? 4 0 734 3 378
? 4 1 368 677 68
? 4 2 63 507 212
? 4 4 568 425 215
? 4 5 154 542 391
? 4 6 666 729 358
? 4 7 357 90 636
? 4 8 779 108 124
? 4 9 160 762 712
? 4 10 376 370 226
? 4 11 694 58 194
? 4 12 490 204 782
? 4 13 166 483 301
? 4 14 691 671 630
? 4 15 559 249 640
? 4 16 719 29 540
? 4 17 23 620 564
? 4 18 744 441 602
? 4 19 341 610 292
? 4 20 579 651 322
? 4 21 246 117 385
? 4 22 588 505 503
? 4 24 413 530 553
? 4 25 98 477 663
? 4 26 339 553 413
? 4 27 540 343 589
? 4 28 404 255 112
? 4 30 542 756 154
? 4 31 705 514 234
? 4 32 149 292 408
? 4 33 126 560 715
? 4 34 238 590 730
? 4 35 170 39 568
? 4 36 196 235 645
? 4 37 569 274 95
? 4 38 70 321 426
? 4 40 44 386 76
? 4 41 421 790 547
? 4 42 244 674 129
? 4 43 389 755 371
? 4 45 583 522 706
? 4 46 763 365 178
? 4 47 422 580 440
? 4 48 65 453 80
? 4 49 248 340 633
? 4 50 101 418 193
? 4 51 335 336 399
? 4 52 285 686 622
? 4 53 607 375 752
? 4 54 510 354 291
? 4 55 309 482 224
? 4 56 185 194 158
? 4 57 669 475 240
? 4 59 628 352 361
? 4 60 405 449 621
? 4 61 390 314 158
? 4 62 171 346 279
? 4 64 412 519 717
? 4 66 751 658 585
? 4 67 395 86 485
? 4 69 612 128 68
? 4 71 770 711 501
? 4 72 603 524 254
? 4 73 742 364 195
? 4 74 392 188 433
? 4 75 288 451 233
? 4 77 448 267 576
? 4 78 315 457 430
? 4 79 470 517 188
? 4 81 602 296 286
? 4 82 373 241 622
? 4 83 330 631 659
? 4 84 646 592 637
? 4 85 634 262 323
? 4 87 793 677 244
? 4 88 638 494 126
? 4 89 233 75 288
? 4 91 344 430 278
? 4 92 336 335 726
? 4 93 727 224 219
? 4 94 265 329 221
? 4 96 342 329 295
? 4 97 439 239 586
? 4 99 172 710 287
? 4 100 319 388 617
? 4 102 259 6 536
? 4 103 787 379 35
? 4 104 749 365 409
? 4 105 478 181 600
? 4 106 3 0 378
? 4 107 216 328 112
? 4 109 616 660 132
? 4 110 279 480 346
? 4 111 445 472 493
? 4 113 777 372 561
? 4 114 333 90 513
? 4 115 682 152 56
? 4 116 764 347 129
? 4 118 654 80 65
? 4 119 318 515 313
? 4 120 476 214 573
? 4 121 151 491 761
? 4 122 647 378 269
? 4 123 342 96 94
? 4 125 433 206 509
? 4 127 352 59 155
? 4 130 200 753 383
? 4 131 2 507 212
? 4 133 385 701 21
? 4 134 796 657 560
? 4 135 487 183 155
? 4 136 205 761 419
? 4 137 381 784 549
? 4 138 243 197 737
? 4 139 604 250 201
? 4 140 393 718 651
? 4 141 677 439 87
? 4 142 783 350 468
? 4 143 751 652 66
? 4 144 496 686 299
? 4 145 662 599 534
? 4 146 739 240 250
? 4 147 355 223 63
? 4 148 773 670 22
? 4 150 731 130 144
? 4 153 371 427 491
? 4 156 683 566 749
? 4 157 550 702 681
? 4 159 466 345 169
? 4 161 415 193 418
? 4 162 210 359 232
? 4 163 675 581 271
? 4 164 552 437 699
? 4 165 500 434 291
? 4 167 168 582 574
? 4 173 453 48 65
? 4 174 625 284 283
? 4 175 313 119 318
? 4 176 650 673 374
? 4 177 278 469 384
? 4 179 195 364 791
? 4 180 336 28 92
? 4 182 498 201 604
? 4 184 272 624 191
? 4 186 716 613 643
? 4 187 349 715 418
? 4 189 748 222 649
? 4 190 735 168 671
? 4 192 795 504 251
? 4 198 458 204 396
? 4 199 499 174 625
? 4 202 548 372 19
? 4 203 441 696 705
? 4 207 493 256 163
? 4 208 304 614 387
? 4 209 628 183 211
? 4 213 253 782 490
? 4 217 211 361 636
? 4 218 57 475 669
? 4 220 680 268 184
? 4 225 773 148 627
? 4 227 401 484 400
? 4 228 337 275 620
? 4 229 305 567 394
? 4 230 289 698 608
? 4 231 687 362 523
? 4 236 313 366 318
? 4 237 606 462 339
? 4 242 683 340 749
? 4 245 270 738 303
? 4 247 729 358 666
? 4 252 699 639 552
? 4 257 402 575 746
? 4 258 382 89 487
? 4 260 741 668 435
? 4 261 700 672 271
? 4 263 703 411 556
? 4 264 582 735 574
? 4 266 465 788 707
? 4 273 573 476 282
? 4 276 277 272 184
? 4 280 428 296 407
? 4 281 369 403 746
? 4 290 429 284 771
? 4 293 539 325 489
? 4 294 595 414 640
? 4 297 663 98 25
? 4 298 360 39 653
? 4 300 720 635 442
? 4 302 597 483 556
? 4 306 326 488 765
? 4 307 543 392 722
? 4 308 693 671 521
? 4 310 483 516 13
? 4 311 282 575 273
? 4 312 86 67 395
? 4 316 685 737 343
? 4 317 474 408 32
? 4 320 772 748 222
? 4 324 618 265 669
? 4 327 537 593 736
? 4 331 321 486 506
? 4 332 689 754 546
? 4 334 655 572 778
? 4 338 797 436 410
? 4 348 679 794 519
? 4 351 117 246 206
? 4 353 471 461 799
? 4 356 443 380 609
? 4 363 233 649 712
? 4 367 605 512 603
? 4 377 747 435 767
? 4 397 452 740 757
? 4 398 665 544 402
? 4 406 236 175 161
? 4 416 462 622 285
? 4 417 442 635 123
? 4 420 714 399 584
? 4 423 492 295 221
? 4 424 745 407 508
? 4 431 763 46 178
? 4 432 528 407 280
? 4 438 451 716 288
? 4 444 617 758 319
? 4 446 784 137 495
? 4 447 412 514 717
? 4 450 684 359 162
? 4 454 551 419 375
? 4 455 531 410 459
? 4 456 286 599 508
? 4 460 513 90 464
? 4 463 578 70 626
? 4 467 130 200 538
? 4 473 314 234 780
? 4 479 720 614 665
? 4 481 226 376 591
? 4 497 663 71 297
? 4 502 611 661 515
? 4 511 757 695 452
? 4 518 608 672 700
? 4 520 789 776 785
? 4 525 649 222 189
? 4 526 76 393 386
? 4 527 465 266 403
? 4 529 5 571 491
? 4 532 538 467 566
? 4 533 536 589 27
? 4 535 555 414 778
? 4 541 724 405 766
? 4 545 274 569 37
? 4 554 648 676 274
? 4 557 287 379 734
? 4 558 762 438 712
? 4 562 648 147 676
? 4 563 590 769 238
? 4 565 193 457 315
? 4 570 798 215 653
? 4 577 171 346 279
? 4 587 331 426 470
? 4 594 627 588 505
? 4 596 657 710 99
? 4 598 490 458 583
? 4 601 524 254 72
? 4 615 488 765 132
? 4 619 536 680 91
? 4 623 678 470 587
? 4 629 584 774 678
? 4 632 700 518 261
? 4 641 249 559 15
? 4 642 298 35 170
? 4 644 47 440 422
? 4 656 726 335 92
? 4 664 517 509 351
? 4 667 691 14 765
? 4 688 713 708 348
? 4 690 528 674 480
? 4 692 712 525 9
? 4 697 282 273 311
? 4 704 733 366 436
? 4 709 549 58 381
? 4 721 786 466 159
? 4 723 612 69 128
? 4 725 765 630 667
? 4 728 124 736 523
? 4 732 791 195 485
? 4 743 646 84 592
? 4 750 567 464 229
? 4 759 659 21 166
? 4 760 799 461 397
? 4 768 574 780 264
? 4 775 449 564 17
? 4 781 133 701 385
? 4 792 530 413 606
? 4 11 694 58 194
? 4 12 490 204 782
? 4 16 719 29 540
? 4 20 579 651 322
? 4 23 620 17 564
? 4 26 339 553 413
? 4 30 542 756 154
? 4 31 705 514 234
? 4 40 44 386 76
? 4 41 421 790 547
? 4 42 244 674 129
? 4 52 285 686 622
? 4 53 607 375 752
? 4 54 510 354 291
? 4 55 309 482 224
? 4 60 405 449 621
? 4 61 390 314 158
? 4 62 171 346 279
? 4 64 412 519 717
? 4 78 315 457 430
? 4 79 470 517 188
? 4 83 330 631 659
? 4 85 634 262 323
? 4 93 727 224 219
? 4 95 223 37 355
? 4 97 439 239 586
? 4 100 319 388 617
? 4 101 50 268 220
? 4 102 259 6 536
? 4 104 749 365 409
? 4 106 3 0 378
? 4 108 779 8 327
? 4 110 279 480 346
? 4 111 445 472 493
? 4 114 333 90 513
? 4 115 682 152 56
? 4 116 764 347 129
? 4 118 654 80 65
? 4 120 476 214 573
? 4 121 151 491 761
? 4 125 433 206 509
? 4 127 352 59 155
? 4 134 796 657 560
? 4 135 487 183 155
? 4 139 604 250 201
? 4 140 393 718 651
? 4 143 751 652 66
? 4 145 662 599 534
? 4 146 739 240 250
? 4 149 32 292 408
? 4 150 731 130 144
? 4 153 371 427 491
? 4 157 550 702 681
? 4 160 295 9 492
? 4 164 552 437 699
? 4 167 168 582 574
? 4 172 99 287 710
? 4 173 453 48 65
? 4 177 278 469 384
? 4 180 336 28 92
? 4 182 498 201 604
? 4 185 56 158 194
? 4 187 349 715 418
? 4 192 795 504 251
? 4 196 36 235 645
? 4 197 243 138 29
? 4 202 548 372 19
? 4 203 441 696 705
? 4 205 136 419 752
? 4 207 493 256 163
? 4 209 628 183 211
? 4 210 162 359 232
? 4 217 211 361 636
? 4 218 57 475 669
? 4 228 337 275 620
? 4 231 687 362 523
? 4 241 373 731 150
? 4 247 729 358 666
? 4 252 699 639 552
? 4 255 112 404 28
? 4 258 382 89 487
? 4 260 741 668 435
? 4 267 576 118 561
? 4 270 303 245 443
? 4 277 276 547 272
? 4 281 369 403 746
? 4 289 230 608 518
? 4 299 753 383 200
? 4 300 720 635 442
? 4 305 394 229 537
? 4 310 483 516 13
? 4 312 86 67 395
? 4 316 685 737 343
? 4 317 474 408 32
? 4 320 772 748 222
? 4 324 618 265 669
? 4 325 489 293 539
? 4 328 216 679 519
? 4 334 655 572 778
? 4 345 159 466 721
? 4 360 39 653 170
? 4 363 233 649 712
? 4 368 1 68 677
? 4 377 747 435 767
? 4 380 609 443 356
? 4 387 544 402 208
? 4 389 43 334 755
!
20 140 322 393 579 651 707 718 
20 707
718 20
718 140
393 718
651 393
579 322
651 579
8 108 124 229 231 305 327 362 394 523 537 567 593 687 728 736 779 
537 593
394 537
229 394
229 567
229 305
728 229
362 231
362 687
523 362
728 523
124 108
124 728
8 779
124 8
736 124
327 736
123 
16 27 29 50 78 91 101 102 138 177 187 193 197 220 243 268 278 293 315 316 325 343 349 384 418 430 457 469 489 533 536 539 540 565 589 619 680 685 719 737 
349 187
418 349
50 418
193 101
193 50
565 193
315 565
536 102
619 536
220 268
680 220
619 680
91 619
457 78
315 457
430 315
91 430
278 91
293 539
489 293
489 325
177 489
384 177
469 384
469 278
27 469
343 27
243 197
138 243
737 138
685 737
343 685
343 316
540 343
719 16
29 719
540 29
589 540
589 533
55 73 93 99 103 134 164 179 184 191 195 219 224 269 272 276 277 287 309 364 378 379 421 437 482 485 547 552 557 560 596 624 647 657 699 710 727 732 742 787 790 791 796 
647 378
269 647
710 269
379 787
379 103
287 379
287 557
287 99
710 287
596 710
657 596
796 657
560 796
134 560
276 134
552 164
699 552
437 699
219 437
309 482
224 309
224 55
219 224
727 219
727 93
179 727
179 195
791 179
732 485
791 732
364 791
73 364
742 73
547 742
421 790
547 421
277 547
184 277
191 624
272 191
276 272
184 276
0 3 33 88 106 122 126 161 175 406 494 520 638 715 734 776 785 
785 776
520 785
106 520
734 122
106 734
3 0
106 3
715 106
638 494
88 638
126 88
33 126
715 33
161 715
161 175
161 406
9 57 96 139 146 160 201 218 221 240 250 265 295 324 329 342 423 475 492 498 604 618 669 739 
160 9
423 160
201 139
604 201
739 240
250 739
604 498
250 604
146 250
475 146
265 221
475 218
57 475
669 57
669 618
265 669
265 324
329 265
96 329
96 342
295 96
423 295
492 423
85 86 262 323 395 634 
86 395
262 86
323 262
634 323
634 85
159 169 466 621 721 786 
721 621
169 786
169 159
466 169
466 721
54 162 165 210 232 291 354 359 434 500 510 
162 232
359 162
210 359
354 210
500 434
354 510
354 54
291 354
165 291
165 500
36 142 196 235 245 350 396 468 645 738 783 
235 645
36 235
36 196
468 36
142 396
738 245
783 738
468 142
783 468
783 350
7 15 43 59 90 114 121 135 151 153 155 183 211 217 249 294 333 334 352 357 361 371 389 414 427 460 464 487 491 513 535 555 559 572 595 628 636 640 641 655 755 761 778 
487 135
183 487
155 183
59 155
59 352
361 59
628 211
361 628
217 361
595 217
595 294
414 595
90 114
464 460
513 464
333 513
90 333
357 90
357 7
636 357
778 636
153 427
371 153
491 121
761 151
491 761
371 491
755 371
43 755
389 43
334 389
778 334
572 655
778 572
555 778
414 555
414 535
640 414
559 15
249 641
559 249
640 559
22 72 148 176 225 254 367 374 503 505 512 588 594 603 605 627 650 670 673 773 
367 605
512 367
176 650
374 176
673 374
254 673
254 72
603 254
512 603
773 512
627 225
588 627
588 594
505 588
22 505
22 503
773 22
773 670
773 148
6 67 247 259 358 666 
247 67
666 247
666 358
6 666
259 6
46 62 110 178 347 415 431 502 515 577 586 661 763 764 
515 415
661 515
502 661
62 502
347 586
46 62
347 764
577 347
110 577
178 110
763 178
763 431
763 46
5 10 17 23 25 71 84 98 111 154 163 207 226 228 230 256 261 271 275 289 297 337 370 376 391 445 472 477 481 493 497 501 518 529 542 564 571 581 591 592 608 620 632 637 646 663 672 675 698 700 743 770 775 
5 542
529 571
5 529
154 5
391 154
501 391
770 501
71 770
497 71
297 497
743 297
275 228
275 337
564 775
17 564
620 17
620 23
275 620
477 275
25 477
25 98
25 663
743 25
592 591
84 592
646 743
84 646
84 637
481 84
289 698
518 632
289 518
230 289
608 230
256 608
10 370
376 10
481 376
226 481
111 226
163 207
493 256
163 493
271 163
472 111
472 445
675 472
581 675
271 581
672 271
261 700
672 261
300 684 
684 300
19 32 34 48 60 65 77 80 113 118 149 174 199 238 267 283 284 290 292 341 372 405 408 429 448 449 453 499 541 548 561 563 576 590 610 625 654 724 730 766 769 771 777 
449 60
405 449
724 405
724 766
541 724
777 541
372 548
113 372
777 113
561 777
576 561
448 576
453 48
80 453
65 654
80 65
118 80
267 118
77 267
448 77
590 448
199 499
284 199
19 610
341 19
292 341
292 149
32 408
292 32
771 292
429 771
283 625
174 283
284 174
290 284
290 429
730 290
34 730
238 34
238 563
238 769
590 238
4 13 21 35 39 51 74 79 83 92 117 125 133 166 170 188 206 215 246 263 298 301 302 310 330 335 336 351 353 360 385 392 399 411 420 425 433 452 461 470 471 483 509 511 516 517 556 568 570 584 587 597 623 629 631 653 656 659 678 695 701 703 714 726 740 757 759 760 774 781 798 799 
74 392
433 74
509 125
726 656
335 726
51 335
336 51
336 92
399 336
714 399
420 714
584 420
774 584
629 774
678 629
678 623
470 678
470 587
517 470
188 79
517 188
509 517
433 509
206 433
781 206
133 781
385 133
21 385
39 360
215 39
570 798
215 570
4 215
568 4
568 425
35 568
170 35
298 170
298 653
353 298
353 471
461 353
461 799
760 461
757 760
757 511
452 695
757 452
740 757
330 740
631 83
330 631
659 330
302 659
411 263
703 411
556 703
597 556
302 597
759 302
13 310
516 13
483 516
301 483
166 301
759 166
21 701
246 351
246 117
21 246
21 759
30 202 711 750 756 
711 202
30 756
750 711
30 750
2 14 37 56 61 63 95 105 109 115 131 132 137 147 152 158 168 181 185 190 194 212 223 227 274 306 314 326 355 381 400 401 440 446 478 484 488 495 507 545 549 554 562 569 582 600 615 616 630 648 660 667 671 676 682 691 694 709 725 735 765 784 
554 440
676 554
676 648
147 676
147 562
355 147
95 355
569 545
37 274
569 37
95 569
223 95
63 223
2 131
63 2
63 507
212 63
549 212
784 549
381 709
137 381
784 137
446 784
495 446
400 495
227 401
400 227
400 484
152 400
152 115
682 152
56 682
194 56
314 61
158 314
194 185
194 694
158 194
478 158
181 478
105 181
600 105
14 600
582 735
168 582
190 168
671 190
691 671
667 691
14 667
630 14
725 630
109 616
132 109
132 660
615 132
488 615
306 488
326 306
765 326
765 725
94 182 
182 94
312 344 729 
729 344
729 312
24 26 120 208 214 237 239 257 260 266 273 281 282 304 311 332 339 369 377 387 398 402 403 413 416 435 439 462 465 476 479 527 530 544 546 553 573 575 606 614 665 668 689 741 746 747 754 767 788 792 
239 439
668 239
741 260
435 741
435 668
767 435
767 377
747 767
304 747
208 614
304 208
387 304
544 387
462 416
237 462
606 237
792 606
413 792
24 530
413 24
339 413
553 339
26 553
754 26
332 546
754 332
689 754
214 689
214 120
476 214
476 573
273 476
273 311
282 273
575 282
465 527
266 788
465 266
403 465
369 281
403 369
746 403
257 575
746 257
402 746
544 402
544 398
665 544
665 479
11 31 58 167 390 794 
167 794
31 167
390 31
11 390
11 58
41 172 252 639 642 789 
789 642
172 789
639 172
252 41
639 252
49 100 119 236 313 318 319 338 366 388 410 436 444 455 459 617 633 704 733 758 797 
459 100
49 633
444 49
444 758
319 444
319 617
388 319
459 388
459 455
410 459
338 797
436 338
313 119
313 318
236 313
366 236
704 366
704 733
436 704
410 436
53 136 205 317 345 375 419 454 474 551 607 752 
454 345
474 317
607 474
136 205
419 136
454 419
752 454
375 53
375 607
375 551
752 375
180 397 524 531 578 626 
397 524
626 531
180 626
397 180
578 397
52 82 130 144 150 200 241 285 299 373 383 467 496 611 622 686 731 753 
299 611
130 150
130 467
200 130
753 200
241 82
731 241
383 753
299 383
144 299
144 731
496 144
686 496
686 285
622 686
622 52
373 622
75 186 192 233 251 288 363 438 451 504 558 613 643 649 692 712 716 762 795 
451 75
438 451
712 692
712 558
712 363
712 762
233 712
233 649
288 233
438 288
613 438
795 192
504 251
795 504
613 795
186 643
613 186
716 613
38 70 307 321 331 426 463 486 506 543 664 722 
70 463
426 70
321 38
331 321
331 426
506 331
506 486
664 506
307 664
722 307
543 722
28 64 104 107 112 156 216 242 248 255 308 328 340 348 365 404 409 412 447 514 519 521 532 538 566 679 683 688 693 708 713 717 749 
340 248
749 340
566 683
538 532
566 538
156 566
749 156
749 242
409 749
365 104
409 365
708 409
708 713
688 708
348 688
679 348
328 679
328 107
216 328
308 693
521 308
255 521
404 28
404 255
112 404
216 112
519 216
514 447
412 514
412 717
519 412
519 64
1 18 42 68 69 81 87 116 128 129 141 145 171 203 234 244 264 279 280 286 296 346 368 407 424 428 432 441 456 473 480 508 528 534 574 599 602 612 662 674 677 690 696 705 723 744 745 768 780 793 
42 116
69 723
612 128
68 612
68 69
368 68
677 141
677 368
677 1
87 677
793 87
244 793
244 42
129 244
674 129
480 674
171 346
279 171
480 279
528 480
528 690
432 528
432 280
407 432
441 203
768 574
780 768
780 264
473 780
234 473
705 234
441 705
441 696
18 441
744 18
602 744
286 602
296 428
81 296
286 81
508 286
599 456
662 534
662 145
599 662
508 599
508 745
407 508
407 424
173 
47 66 143 157 422 550 580 585 601 644 652 658 681 702 751 
702 601
681 702
550 681
157 550
422 157
644 47
422 644
580 422
143 580
751 143
751 652
66 751
658 585
66 658
97 450 697 
450 697
450 97
89 127 189 209 222 258 320 382 525 748 772 
258 209
772 525
258 382
89 258
748 89
772 127
222 189
222 320
772 222
748 772
40 44 76 386 417 442 526 635 720 
635 417
635 720
635 442
526 635
386 44
386 40
386 76
526 386
12 45 198 204 213 253 270 303 356 380 443 458 490 522 583 598 609 706 782 
270 303
443 270
356 443
356 380
609 356
458 609
253 213
782 253
782 12
490 782
490 598
204 490
198 204
458 198
583 458
522 706
45 522
583 45
