? 12 0 611 172 308 410 464 516 334 395 657 539 593
? 12 1 401 13 298 484 505 10 675 154 479 277 363
? 12 2 348 133 111 147 422 261 726 536 738 489 612
? 12 3 246 496 174 256 684 49 629 616 725 436 337
? 12 4 487 224 759 76 95 502 757 185 625 268 558
? 12 5 579 31 189 278 471 24 307 43 428 56 211
? 12 6 134 494 166 232 446 304 121 277 215 362 124
? 12 7 525 787 486 329 22 64 646 743 170 492 695
? 12 8 210 21 745 229 13 154 682 1 363 401 484
? 12 9 227 248 528 51 775 532 270 303 181 583 92
? 12 11 766 136 284 369 779 241 513 681 710 349 374
? 12 12 70 676 176 359 684 496 475 256 266 333 655
? 12 14 740 717 191 597 677 251 615 200 679 72 442
? 12 15 791 339 443 419 629 60 512 185 666 506 224
? 12 16 71 181 264 636 334 135 696 709 248 92 775
? 12 17 655 32 333 176 197 69 70 574 592 474 75
? 12 18 162 364 108 619 719 387 788 249 527 756 357
? 12 19 282 378 351 84 137 718 703 352 582 554 412
? 12 20 440 718 554 703 351 412 365 669 19 315 378
? 12 23 366 580 449 702 217 784 253 153 28 720 584
? 12 25 342 310 380 563 275 379 165 490 115 572 98
? 12 26 752 482 151 647 207 672 117 652 291 53 445
? 12 27 112 799 754 53 463 207 509 385 445 347 752
? 12 29 698 115 179 517 101 144 289 444 188 665 382
? 12 30 614 209 122 499 455 755 299 404 394 568 792
? 12 33 467 730 390 50 780 110 356 100 418 297 540
? 12 34 690 664 400 236 47 177 783 736 324 152 651
? 12 35 293 604 631 535 548 744 433 763 237 678 141
? 12 36 542 658 558 281 288 560 143 364 487 387 317
? 12 37 536 323 534 147 751 738 541 623 704 656 111
? 12 38 61 458 269 555 708 753 641 689 67 498 793
? 12 39 322 596 672 445 59 511 291 305 482 26 79
? 12 40 276 575 724 795 595 739 598 565 750 591 309
? 12 41 283 109 762 79 796 501 777 581 161 511 643
? 12 42 704 541 265 748 751 534 639 323 656 774 420
? 12 44 711 292 262 164 660 62 728 497 520 521 336
? 12 45 74 405 377 726 203 637 491 111 733 602 623
? 12 46 545 794 793 523 689 120 708 746 498 641 221
? 12 48 792 537 594 299 755 96 714 386 127 510 226
? 12 52 712 393 99 330 706 180 671 87 764 398 761
? 12 54 104 384 327 538 773 599 569 200 413 466 302
? 12 55 608 300 148 103 543 340 132 199 78 776 477
? 12 57 681 585 779 513 286 58 11 437 462 766 311
? 12 63 361 447 178 389 312 352 137 721 687 620 196
? 12 65 661 319 163 761 674 671 739 591 565 437 58
? 12 66 157 332 205 786 328 408 345 789 245 191 597
? 12 68 495 258 626 290 492 171 480 507 96 594 297
? 12 73 621 544 785 668 680 391 245 654 527 138 80
? 12 77 584 731 767 784 449 580 253 250 514 765 366
? 12 81 354 161 628 94 305 762 501 79 41 59 291
? 12 82 107 372 605 301 520 660 336 798 711 292 402
? 12 83 504 168 338 138 391 654 357 75 686 741 574
? 12 85 701 91 169 441 409 212 683 679 566 466 615
? 12 86 743 64 439 460 461 329 613 396 787 167 242
? 12 88 796 511 777 109 581 283 79 41 553 596 643
? 12 89 216 622 434 705 214 438 518 524 732 468 462
? 12 90 649 389 196 365 420 516 412 361 352 657 703
? 12 93 411 524 705 518 622 674 462 359 58 65 89
? 12 97 606 220 129 452 556 414 375 742 707 590 771
? 12 102 587 653 228 723 231 114 399 208 43 586 123
? 12 105 522 426 633 531 254 198 179 275 219 563 188
? 12 106 648 402 430 561 60 605 237 301 457 735 427
? 12 113 254 233 531 662 459 673 426 51 270 303 600
? 12 116 320 640 790 218 346 193 571 630 326 552 285
? 12 118 140 530 314 645 150 662 158 687 459 593 113
? 12 119 272 670 335 295 370 416 644 472 477 547 634
? 12 125 618 617 234 195 230 573 315 656 760 476 56
? 12 126 572 798 379 141 368 380 336 433 310 605 237
? 12 128 481 764 243 727 180 302 104 52 87 712 99
? 12 130 394 455 386 792 48 510 755 299 537 239 594
? 12 131 250 767 446 77 277 166 731 6 10 397 584
? 12 139 485 385 465 155 710 211 559 369 117 241 136
? 12 142 632 244 624 259 288 362 560 734 558 635 699
? 12 145 583 92 532 636 688 692 546 181 227 167 248
? 12 146 159 222 206 609 700 650 642 192 421 663 183
? 12 149 324 610 607 664 736 47 152 382 400 444 225
? 12 156 634 547 175 644 335 370 477 416 119 272 148
? 12 160 713 716 135 637 602 709 696 263 577 432 733
? 12 173 557 778 406 737 184 562 448 772 526 202 454
? 12 182 422 195 738 533 760 476 343 694 133 536 618
? 12 186 429 67 641 221 689 555 753 38 61 708 458
? 12 187 564 425 551 279 287 423 400 690 152 47 223
? 12 190 271 509 463 715 347 360 349 311 488 376 383
? 12 194 741 321 592 338 654 75 474 504 80 574 138
? 12 201 346 198 219 747 188 193 790 144 522 101 285
? 12 204 213 514 765 202 731 638 253 406 449 772 784
? 12 235 28 659 153 479 702 217 366 23 401 580 784
? 12 238 571 552 613 218 326 461 456 439 640 630 167
? 12 240 103 199 543 340 515 489 608 148 300 55 348
? 12 247 232 274 121 373 215 304 134 363 124 494 635
? 12 252 601 325 392 556 294 367 590 734 435 353 397
? 12 255 725 616 49 436 469 512 318 256 3 337 629
? 12 257 667 589 417 519 273 239 651 404 236 225 783
? 12 260 435 642 353 367 392 397 590 601 294 421 222
? 12 267 403 98 141 721 433 490 379 312 342 310 35
? 12 280 381 450 473 120 221 794 545 46 576 396 22
? 12 296 750 309 598 575 276 795 40 595 316 724 330
? 12 306 550 431 374 438 284 214 211 471 513 136 11
? 12 313 442 529 251 677 717 191 72 786 14 371 478
? 12 331 56 573 428 230 440 554 234 20 718 351 189
? 12 341 266 782 768 749 684 268 686 174 95 625 246
? 12 344 424 318 578 586 603 231 468 469 735 732 723
? 12 350 242 549 630 170 329 355 461 439 226 127 64
? 12 358 261 515 348 2 726 405 111 240 489 199 133
? 12 388 588 776 500 472 643 553 501 132 769 78 581
? 12 407 758 695 540 770 576 646 486 22 418 297 7
? 12 415 628 94 354 81 617 476 769 760 161 652 501
? 12 451 478 371 569 773 72 538 200 251 677 54 442
? 12 453 517 183 289 728 287 665 609 564 698 29 164
? 12 470 732 337 518 468 705 622 256 359 89 216 616
? 12 483 722 373 274 729 143 259 560 635 281 124 215
? 12 493 475 674 333 676 163 70 359 566 411 69 17
? 12 503 454 650 206 192 700 737 279 448 184 778 772
? 12 508 80 328 408 245 789 691 321 205 680 654 194
? 12 567 570 263 577 623 639 751 748 534 774 323 716
? 12 627 506 666 797 771 521 185 375 129 606 452 220
? 12 685 317 729 387 281 719 143 108 722 658 560 249
? 12 693 720 638 562 202 406 557 253 173 23 213 204
? 12 697 231 114 678 603 586 744 587 102 653 427 548
? 12 781 526 223 184 448 557 778 173 425 551 177 562
? 12 27 112 799 754 53 463 207 509 385 445 347 752
? 12 34 690 664 400 236 47 177 783 736 324 152 651
? 12 45 74 405 377 726 203 637 491 111 733 602 623
? 12 62 292 660 521 520 262 497 44 375 164 414 742
? 12 84 582 19 282 123 137 351 208 378 718 352 399
? 12 85 701 91 169 441 409 212 683 679 566 466 615
? 12 88 796 511 777 109 581 283 79 41 553 596 643
? 12 97 606 220 129 452 556 414 375 742 707 590 771
? 12 110 390 356 467 33 730 418 50 100 780 297 540
? 12 116 320 640 790 218 346 193 571 630 326 552 285
? 12 126 572 798 379 141 368 380 336 433 310 605 237
? 12 128 481 764 243 727 180 302 104 52 87 712 99
? 12 142 632 244 624 259 288 362 560 734 558 635 699
? 12 150 593 530 158 314 410 395 464 539 264 645 118
? 12 186 429 67 641 221 689 555 753 38 61 708 458
? 12 190 271 509 463 715 347 360 349 311 488 376 383
? 12 197 574 32 655 75 592 749 782 17 741 194 504
? 12 229 682 210 21 8 745 659 235 13 1 28 401
? 12 252 601 325 392 556 294 367 590 734 435 353 397
? 12 258 495 68 492 290 626 480 507 171 96 297 594
? 12 265 704 541 656 42 669 751 315 323 748 534 420
? 12 269 458 38 432 61 555 753 696 708 498 689 641
? 12 278 189 579 31 5 24 471 155 465 428 211 307
? 12 280 381 450 473 120 221 794 545 46 576 396 22
? 12 293 35 535 548 763 237 604 631 744 561 433 427
? 12 298 10 401 505 1 675 484 13 277 479 446 154
? 12 313 442 529 251 677 717 191 72 786 14 371 478
? 12 327 384 599 466 413 212 54 683 441 104 91 302
? 12 343 533 694 78 612 132 133 182 422 489 300 769
? 12 345 66 245 680 157 328 785 332 205 408 786 508
? 12 372 107 82 301 520 605 660 336 402 430 797 798
? 12 398 87 706 99 712 393 413 761 466 302 52 701
? 12 443 419 339 15 629 791 224 512 759 95 436 246
? 12 483 722 373 274 729 143 259 560 635 281 124 215
? 12 493 475 674 333 676 163 70 359 566 411 69 17
? 12 500 472 588 643 388 776 553 670 272 581 777 119
? 12 528 775 248 9 270 51 227 181 459 532 303 673
? 12 549 170 226 355 350 329 242 127 714 630 626 439
? 12 550 306 211 471 284 431 374 136 31 438 465 710
? 12 568 747 499 122 607 209 610 201 346 382 101 30
? 12 570 567 577 639 263 774 748 751 623 534 323 716
? 12 620 539 395 593 687 196 464 645 410 150 530 516
? 12 627 506 666 797 771 521 185 375 129 606 452 220
? 12 649 90 196 389 420 516 365 412 361 657 352 620
? 12 661 65 319 163 761 671 674 591 739 706 393 99
? 12 668 391 544 73 621 168 138 527 654 357 338 83
? 12 685 317 729 387 281 719 143 108 722 658 560 249
? 12 692 688 498 145 793 636 523 92 708 583 746 546
? 12 756 788 364 162 357 686 502 625 18 768 268 487
? 12 770 695 576 407 758 646 22 540 450 486 418 473
? 12 0 611 172 308 410 464 516 334 395 657 539 593
? 12 4 487 224 759 76 95 502 757 185 625 268 558
? 12 25 342 310 380 563 275 379 165 490 115 572 98
? 12 27 112 799 754 53 463 207 509 385 445 347 752
? 12 34 690 664 400 236 47 177 783 736 324 152 651
? 12 36 542 658 558 281 288 560 143 364 487 387 317
? 12 37 536 323 534 147 751 738 541 623 704 656 111
? 12 39 322 596 672 445 59 511 291 305 482 26 79
? 12 45 74 405 377 726 203 637 491 111 733 602 623
? 12 62 292 660 521 520 262 497 44 375 164 414 742
? 12 63 361 447 178 389 312 352 137 721 687 620 196
? 12 71 16 264 334 181 158 775 248 308 270 528 636
? 12 84 582 19 282 123 137 351 208 378 718 352 399
? 12 85 701 91 169 441 409 212 683 679 566 466 615
? 12 86 743 64 439 460 461 329 613 396 787 167 242
? 12 88 796 511 777 109 581 283 79 41 553 596 643
? 12 97 606 220 129 452 556 414 375 742 707 590 771
? 12 110 390 356 467 33 730 418 50 100 780 297 540
? 12 113 254 233 531 662 459 673 426 51 270 303 600
? 12 116 320 640 790 218 346 193 571 630 326 552 285
? 12 117 207 752 26 151 647 652 482 485 385 139 53
? 12 125 618 617 234 195 230 573 315 656 760 476 56
? 12 126 572 798 379 141 368 380 336 433 310 605 237
? 12 128 481 764 243 727 180 302 104 52 87 712 99
? 12 130 394 455 386 792 48 510 755 299 537 239 594
? 12 134 6 232 494 121 304 215 124 446 277 166 635
? 12 142 632 244 624 259 288 362 560 734 558 635 699
? 12 146 159 222 206 609 700 650 642 192 421 663 183
? 12 149 324 610 607 664 736 47 152 382 400 444 225
? 12 160 713 716 135 637 602 709 696 263 577 432 733
? 12 175 547 156 634 644 477 370 416 335 340 148 119
? 12 186 429 67 641 221 689 555 753 38 61 708 458
? 12 187 564 425 551 279 287 423 400 690 152 47 223
? 12 190 271 509 463 715 347 360 349 311 488 376 383
? 12 197 574 32 655 75 592 749 782 17 741 194 504
? 12 198 522 188 219 201 144 193 346 105 790 285 179
? 12 213 204 514 765 202 638 406 772 731 663 253 720
? 12 214 438 431 216 462 89 374 524 434 306 622 513
? 12 217 702 153 366 23 28 235 580 449 784 253 659
? 12 250 767 131 77 731 584 446 765 397 514 10 277
? 12 252 601 325 392 556 294 367 590 734 435 353 397
? 12 255 725 616 49 436 469 512 318 256 3 337 629
? 12 257 667 589 417 519 273 239 651 404 236 225 783
? 12 258 495 68 492 290 626 480 507 171 96 297 594
? 12 267 403 98 141 721 433 490 379 312 342 310 35
? 12 278 189 579 31 5 24 471 155 465 428 211 307
? 12 280 381 450 473 120 221 794 545 46 576 396 22
? 12 286 58 585 437 57 565 681 739 779 513 462 724
? 12 293 35 535 548 763 237 604 631 744 561 433 427
? 12 296 750 309 598 575 276 795 40 595 316 724 330
? 12 298 10 401 505 1 675 484 13 277 479 446 154
? 12 313 442 529 251 677 717 191 72 786 14 371 478
? 12 314 158 150 530 118 459 140 264 270 593 775 645
? 12 327 384 599 466 413 212 54 683 441 104 91 302
? 12 341 266 782 768 749 684 268 686 174 95 625 246
? 12 344 424 318 578 586 603 231 468 469 735 732 723
? 12 345 66 245 680 157 328 785 332 205 408 786 508
? 12 358 261 515 348 2 726 405 111 240 489 199 133
? 12 372 107 82 301 520 605 660 336 402 430 797 798
? 12 398 87 706 99 712 393 413 761 466 302 52 701
? 12 415 628 94 354 81 617 476 769 760 161 652 501
? 12 443 419 339 15 629 791 224 512 759 95 436 246
? 12 451 478 371 569 773 72 538 200 251 677 54 442
? 12 454 503 650 448 192 206 737 279 184 700 778 526
? 12 456 303 552 326 673 238 218 9 227 233 51 640
? 12 470 732 337 518 468 705 622 256 359 89 216 616
? 12 483 722 373 274 729 143 259 560 635 281 124 215
? 12 493 475 674 333 676 163 70 359 566 411 69 17
? 12 500 472 588 643 388 776 553 670 272 581 777 119
? 12 550 306 211 471 284 431 374 136 31 438 465 710
? 12 559 155 24 465 139 278 211 189 471 428 579 31
? 12 568 747 499 122 607 209 610 201 346 382 101 30
? 12 570 567 577 639 263 774 748 751 623 534 323 716
? 12 614 30 209 455 404 499 122 394 519 225 417 239
? 12 619 249 719 108 18 387 527 162 364 788 685 317
? 12 627 506 666 797 771 521 185 375 129 606 452 220
? 12 633 105 275 563 490 662 254 531 426 342 98 522
? 12 648 106 402 430 561 605 237 60 301 457 535 427
? 12 661 65 319 163 761 671 674 591 739 706 393 99
? 12 665 289 165 368 517 698 453 711 25 336 29 728
? 12 678 744 631 604 697 447 548 35 763 114 293 427
? 12 691 789 474 408 205 328 508 321 597 80 332 194
? 12 693 720 638 562 202 406 557 253 173 23 213 204
? 12 714 127 226 594 355 96 48 299 792 537 755 549
? 12 740 14 615 679 597 717 191 683 169 441 91 200
? 12 770 695 576 407 758 646 22 540 450 486 418 473
? 12 781 526 223 184 448 557 778 173 425 551 177 562
? 12 12 70 676 176 359 684 496 475 256 266 333 655
? 12 20 440 718 554 703 351 412 365 669 19 315 378
? 12 27 112 799 754 53 463 207 509 385 445 347 752
? 12 34 690 664 400 236 47 177 783 736 324 152 651
? 12 43 307 399 228 102 582 587 123 208 5 653 31
? 12 45 74 405 377 726 203 637 491 111 733 602 623
? 12 62 292 660 521 520 262 497 44 375 164 414 742
? 12 84 582 19 282 123 137 351 208 378 718 352 399
? 12 85 701 91 169 441 409 212 683 679 566 466 615
? 12 88 796 511 777 109 581 283 79 41 553 596 643
? 12 93 411 524 705 518 622 674 462 359 58 65 89
? 12 97 606 220 129 452 556 414 375 742 707 590 771
? 12 110 390 356 467 33 730 418 50 100 780 297 540
? 12 113 254 233 531 662 459 673 426 51 270 303 600
? 12 116 320 640 790 218 346 193 571 630 326 552 285
? 12 117 207 752 26 151 647 652 482 485 385 139 53
? 12 126 572 798 379 141 368 380 336 433 310 605 237
? 12 128 481 764 243 727 180 302 104 52 87 712 99
? 12 132 78 300 612 543 694 343 489 199 55 608 133
? 12 142 632 244 624 259 288 362 560 734 558 635 699
? 12 147 111 726 37 2 623 536 323 405 534 751 738
? 12 168 138 391 83 357 668 504 654 338 788 686 544
? 12 186 429 67 641 221 689 555 753 38 61 708 458
? 12 190 271 509 463 715 347 360 349 311 488 376 383
? 12 197 574 32 655 75 592 749 782 17 741 194 504
? 12 198 522 188 219 201 144 193 346 105 790 285 179
? 12 217 702 153 366 23 28 235 580 449 784 253 659
? 12 229 682 210 21 8 745 659 235 13 1 28 401
? 12 247 232 274 121 373 215 304 134 363 124 494 635
? 12 250 767 131 77 731 584 446 765 397 514 10 277
? 12 252 601 325 392 556 294 367 590 734 435 353 397
? 12 258 495 68 492 290 626 480 507 171 96 297 594
? 12 260 435 642 353 367 392 397 590 601 294 421 222
? 12 265 704 541 656 42 669 751 315 323 748 534 420
? 12 269 458 38 432 61 555 753 696 708 498 689 641
? 12 280 381 450 473 120 221 794 545 46 576 396 22
? 12 295 119 670 272 335 370 644 472 553 416 500 581
? 12 298 10 401 505 1 675 484 13 277 479 446 154
? 12 313 442 529 251 677 717 191 72 786 14 371 478
? 12 314 158 150 530 118 459 140 264 270 593 775 645
? 12 327 384 599 466 413 212 54 683 441 104 91 302
? 12 331 56 573 428 230 440 554 234 20 718 351 189
? 12 345 66 245 680 157 328 785 332 205 408 786 508
? 12 372 107 82 301 520 605 660 336 402 430 797 798
? 12 398 87 706 99 712 393 413 761 466 302 52 701
? 12 443 419 339 15 629 791 224 512 759 95 436 246
? 12 454 503 650 448 192 206 737 279 184 700 778 526
? 12 483 722 373 274 729 143 259 560 635 281 124 215
? 12 493 475 674 333 676 163 70 359 566 411 69 17
? 12 525 7 787 329 486 64 743 170 22 86 549 646
? 12 528 775 248 9 270 51 227 181 459 532 303 673
? 12 538 104 54 569 727 773 451 481 384 327 243 478
? 12 546 167 460 613 583 145 688 532 746 92 692 227
? 12 550 306 211 471 284 431 374 136 31 438 465 710
? 12 559 155 24 465 139 278 211 189 471 428 579 31
? 12 564 287 187 423 279 425 609 551 152 183 700 400
? 12 568 747 499 122 607 209 610 201 346 382 101 30
? 12 570 567 577 639 263 774 748 751 623 534 323 716
? 12 575 276 40 795 598 750 724 309 595 296 591 739
? 12 627 506 666 797 771 521 185 375 129 606 452 220
? 12 649 90 196 389 420 516 365 412 361 657 352 620
? 12 661 65 319 163 761 671 674 591 739 706 393 99
? 12 678 744 631 604 697 447 548 35 763 114 293 427
? 12 685 317 729 387 281 719 143 108 722 658 560 249
? 12 735 457 603 427 469 561 763 548 106 318 344 648
? 12 762 41 501 283 109 79 81 161 643 796 769 354
? 12 766 11 136 241 369 779 284 349 681 710 311 513
? 12 770 695 576 407 758 646 22 540 450 486 418 473
? 12 0 611 172 308 410 464 516 334 395 657 539 593
? 12 4 487 224 759 76 95 502 757 185 625 268 558
? 12 27 112 799 754 53 463 207 509 385 445 347 752
? 12 29 698 115 179 517 101 144 289 444 188 665 382
? 12 34 690 664 400 236 47 177 783 736 324 152 651
? 12 36 542 658 558 281 288 560 143 364 487 387 317
? 12 39 322 596 672 445 59 511 291 305 482 26 79
? 12 45 74 405 377 726 203 637 491 111 733 602 623
? 12 62 292 660 521 520 262 497 44 375 164 414 742
? 12 63 361 447 178 389 312 352 137 721 687 620 196
? 12 71 16 264 334 181 158 775 248 308 270 528 636
? 12 73 621 544 785 668 680 391 245 654 527 138 80
? 12 84 582 19 282 123 137 351 208 378 718 352 399
? 12 85 701 91 169 441 409 212 683 679 566 466 615
? 12 88 796 511 777 109 581 283 79 41 553 596 643
? 12 97 606 220 129 452 556 414 375 742 707 590 771
? 12 103 543 240 608 199 148 340 55 300 489 132 78
? 12 110 390 356 467 33 730 418 50 100 780 297 540
? 12 113 254 233 531 662 459 673 426 51 270 303 600
? 12 116 320 640 790 218 346 193 571 630 326 552 285
? 12 117 207 752 26 151 647 652 482 485 385 139 53
? 12 125 618 617 234 195 230 573 315 656 760 476 56
? 12 126 572 798 379 141 368 380 336 433 310 605 237
? 12 128 481 764 243 727 180 302 104 52 87 712 99
? 12 130 394 455 386 792 48 510 755 299 537 239 594
? 12 142 632 244 624 259 288 362 560 734 558 635 699
? 12 146 159 222 206 609 700 650 642 192 421 663 183
? 12 147 111 726 37 2 623 536 323 405 534 751 738
? 12 149 324 610 607 664 736 47 152 382 400 444 225
? 12 160 713 716 135 637 602 709 696 263 577 432 733
? 12 166 362 6 494 134 294 131 304 446 325 734 601
? 12 175 547 156 634 644 477 370 416 335 340 148 119
? 12 182 422 195 738 533 760 476 343 694 133 536 618
? 12 186 429 67 641 221 689 555 753 38 61 708 458
? 12 190 271 509 463 715 347 360 349 311 488 376 383
? 12 197 574 32 655 75 592 749 782 17 741 194 504
? 12 198 522 188 219 201 144 193 346 105 790 285 179
? 12 214 438 431 216 462 89 374 524 434 306 622 513
? 12 217 702 153 366 23 28 235 580 449 784 253 659
? 12 223 551 425 781 526 184 448 177 690 187 34 279
? 12 238 571 552 613 218 326 461 456 439 640 630 167
? 12 250 767 131 77 731 584 446 765 397 514 10 277
? 12 252 601 325 392 556 294 367 590 734 435 353 397
? 12 255 725 616 49 436 469 512 318 256 3 337 629
? 12 257 667 589 417 519 273 239 651 404 236 225 783
? 12 258 495 68 492 290 626 480 507 171 96 297 594
? 12 267 403 98 141 721 433 490 379 312 342 310 35
? 12 280 381 450 473 120 221 794 545 46 576 396 22
? 12 286 58 585 437 57 565 681 739 779 513 462 724
? 12 298 10 401 505 1 675 484 13 277 479 446 154
? 12 313 442 529 251 677 717 191 72 786 14 371 478
? 12 314 158 150 530 118 459 140 264 270 593 775 645
? 12 316 383 360 376 595 715 488 276 271 40 347 575
? 12 330 591 393 671 712 52 795 99 706 598 761 319
? 12 341 266 782 768 749 684 268 686 174 95 625 246
? 12 345 66 245 680 157 328 785 332 205 408 786 508
? 12 350 242 549 630 170 329 355 461 439 226 127 64
? 12 358 261 515 348 2 726 405 111 240 489 199 133
? 12 372 107 82 301 520 605 660 336 402 430 797 798
? 12 388 588 776 500 472 643 553 501 132 769 78 581
? 12 398 87 706 99 712 393 413 761 466 302 52 701
? 12 415 628 94 354 81 617 476 769 760 161 652 501
? 12 424 344 578 586 318 603 231 723 653 697 468 587
? 12 443 419 339 15 629 791 224 512 759 95 436 246
? 12 454 503 650 448 192 206 737 279 184 700 778 526
? 12 470 732 337 518 468 705 622 256 359 89 216 616
? 12 474 321 691 194 741 592 789 80 508 408 69 17
? 12 483 722 373 274 729 143 259 560 635 281 124 215
? 12 493 475 674 333 676 163 70 359 566 411 69 17
? 12 538 104 54 569 727 773 451 481 384 327 243 478
? 12 550 306 211 471 284 431 374 136 31 438 465 710
? 12 559 155 24 465 139 278 211 189 471 428 579 31
? 12 564 287 187 423 279 425 609 551 152 183 700 400
? 12 568 747 499 122 607 209 610 201 346 382 101 30
? 12 570 567 577 639 263 774 748 751 623 534 323 716
!
141 433 535 763 
141 433
535 141
535 763
575 
280 
398 701 
398 701
22 33 46 110 120 356 381 390 396 407 418 450 467 473 486 525 540 545 576 646 695 793 794 
646 486
22 525
33 110
390 33
390 356
467 390
418 467
407 418
22 407
576 22
695 646
576 695
576 540
450 576
381 450
473 381
396 120
46 396
794 46
473 794
545 473
793 545
35 403 427 548 561 631 697 744 
35 403
35 697
744 35
548 744
561 548
427 561
631 427
42 111 534 541 567 623 639 704 751 
704 534
541 704
751 541
623 111
567 623
751 567
639 751
42 639
361 420 620 649 669 
420 361
420 669
649 620
649 420
203 491 637 
203 637
491 203
126 368 
126 368
18 108 162 249 387 487 527 619 719 
527 162
249 527
387 487
619 249
719 619
108 719
387 108
18 387
215 232 483 
215 232
483 215
88 109 
88 109
265 
74 240 348 405 489 515 612 726 
405 74
726 405
348 726
240 348
489 240
489 515
612 489
12 176 266 268 341 496 574 625 684 749 782 
574 176
574 749
782 574
341 782
684 341
625 268
684 625
266 684
12 266
496 12
136 
29 275 
29 275
627 797 
627 797
344 424 732 
344 732
424 344
299 614 
614 299
707 
62 372 520 
520 62
372 520
0 51 71 150 158 264 270 303 395 410 459 464 530 539 593 611 673 775 
673 303
459 673
459 270
459 51
775 459
71 775
264 71
264 410
158 264
530 593
530 158
150 530
539 150
395 0
539 395
611 539
464 611
252 392 601 
601 392
252 601
9 92 145 181 227 248 528 532 583 636 
227 528
532 9
532 227
145 532
92 145
92 181
92 636
248 92
583 248
53 322 445 672 752 799 
53 799
53 752
445 53
322 445
672 322
297 495 
495 297
32 75 194 504 592 655 691 741 789 
789 691
194 504
32 75
655 32
741 655
592 741
194 592
789 194
422 536 
422 536
656 
16 172 308 334 
308 16
308 172
334 308
313 442 
313 442
250 584 767 
767 584
250 767
543 
105 285 342 379 380 490 563 
379 380
490 379
342 490
563 342
105 563
105 285
142 244 362 
244 362
142 244
286 437 
286 437
38 61 67 429 458 498 555 641 692 753 
641 61
429 641
38 429
555 458
753 555
67 753
38 67
498 38
498 692
94 161 291 354 628 
628 291
94 354
161 94
628 161
451 
205 508 
205 508
73 80 321 544 654 668 
654 73
544 654
80 544
80 321
668 80
325 367 556 590 
367 590
556 367
325 556
98 196 267 312 
312 196
267 312
267 98
298 
193 219 254 522 633 790 
193 219
193 790
522 193
522 254
633 522
17 49 69 70 163 197 333 339 359 411 419 470 474 475 493 566 615 616 629 674 676 725 
419 339
629 419
629 725
616 629
616 49
616 470
359 616
163 493
674 163
475 674
411 475
676 411
359 676
70 359
333 70
17 197
17 333
566 17
566 615
69 566
474 69
64 86 242 329 350 439 460 461 549 714 
549 714
242 549
350 242
329 350
329 86
461 329
64 461
439 64
460 439
261 300 358 608 
300 608
261 300
261 358
206 
101 152 382 444 568 
382 152
382 444
101 382
568 101
54 72 104 200 327 371 384 481 538 569 773 
371 72
773 371
773 569
327 773
54 327
384 54
104 384
104 481
200 104
200 538
59 305 
59 305
192 
50 100 
50 100
45 377 
45 377
779 
7 167 238 546 613 688 787 
167 238
546 167
546 688
613 546
787 7
787 613
734 
47 400 564 664 690 
664 47
400 664
400 690
564 400
315 331 365 412 440 718 
365 412
718 365
440 718
440 331
440 315
81 388 415 501 670 769 
501 81
415 501
769 415
388 769
388 670
128 180 764 
764 180
128 764
102 106 231 318 457 586 587 603 648 653 735 
648 106
457 648
735 457
318 735
603 318
586 603
653 586
587 653
102 587
102 231
643 
87 91 99 212 302 413 441 466 671 679 683 706 712 740 
87 302
99 671
706 99
87 706
712 87
413 712
212 413
212 683
212 466
91 212
679 91
679 441
740 679
571 
233 456 552 600 
456 552
233 456
233 600
6 131 166 277 294 353 397 435 642 650 675 
642 650
397 642
294 353
397 294
397 435
131 397
166 131
277 166
277 675
6 277
279 454 503 526 700 
700 279
503 700
526 503
526 454
116 218 640 
218 640
116 218
364 
146 159 183 222 421 449 609 663 765 
609 183
146 609
222 146
159 222
663 159
663 421
765 663
765 449
352 
154 
168 357 686 768 788 
768 686
357 768
357 788
357 168
52 
201 747 
747 201
44 129 164 185 220 262 292 375 414 452 497 506 521 606 660 666 711 742 771 
164 660
375 164
666 185
375 666
506 220
375 506
771 452
606 771
129 606
742 129
375 742
497 375
262 497
521 262
414 521
44 414
292 44
711 292
113 326 426 
426 326
113 426
774 
68 226 258 355 626 
68 258
626 68
226 626
355 226
4 76 95 134 143 224 259 274 281 304 317 373 502 542 558 560 635 658 699 756 757 759 
304 134
635 304
259 635
373 259
560 373
281 317
560 274
143 560
281 143
542 281
658 542
558 658
558 699
757 558
76 757
4 76
95 4
95 224
502 95
502 759
756 502
40 296 309 316 595 750 
595 316
750 595
296 750
309 40
309 296
8 21 229 682 745 
21 745
8 21
682 8
229 682
36 288 
36 288
448 
758 770 
770 758
11 57 271 306 311 349 369 374 431 438 513 550 585 681 766 
349 271
349 311
11 349
438 550
681 11
585 681
513 585
513 57
431 438
431 306
374 431
513 374
766 513
766 369
112 
97 
151 207 482 647 
151 207
482 647
151 482
65 319 330 565 591 598 661 739 761 795 
795 598
739 795
319 591
739 565
319 739
65 319
761 65
761 661
330 761
3 174 246 337 468 578 
468 578
337 468
3 337
246 3
246 174
15 60 82 107 255 301 430 436 512 791 
512 255
512 436
791 512
791 15
60 791
301 430
107 82
301 107
60 301
727 
133 182 199 343 533 694 
133 199
133 343
694 133
533 694
182 533
58 276 347 360 376 383 463 488 715 724 
347 463
488 347
715 488
360 715
360 383
376 360
276 376
724 276
58 724
225 236 324 651 667 
651 667
236 651
324 236
225 324
239 394 404 417 455 519 589 792 
404 519
455 404
417 589
239 417
792 239
455 792
455 394
310 
165 289 453 517 572 665 698 728 
165 572
289 165
698 665
289 698
517 289
453 517
453 728
630 743 
743 630
228 
85 169 409 
169 409
85 169
492 
186 
149 273 607 610 
610 273
607 610
149 607
173 202 557 562 693 737 778 
778 737
778 173
557 778
202 557
202 562
693 202
41 79 283 511 553 581 762 777 796 
777 581
553 777
796 553
41 283
79 41
511 79
796 511
762 796
516 
55 103 119 132 148 156 175 272 295 335 340 370 416 547 634 644 776 
272 776
119 295
119 272
335 119
370 335
416 370
547 416
547 644
634 547
156 634
175 156
340 175
55 340
55 148
132 55
132 103
423 551 736 
423 551
423 736
34 177 223 781 783 
34 781
177 34
177 783
223 177
93 518 524 705 
705 524
705 518
93 705
28 153 217 659 702 
153 702
28 153
659 28
217 659
89 214 216 256 434 462 469 622 
256 469
462 214
622 256
89 462
216 89
216 622
434 216
30 122 209 346 499 
499 346
122 499
30 122
209 30
290 480 507 
507 480
290 507
63 90 389 657 
389 657
389 63
90 389
191 251 478 529 677 
677 251
478 677
529 478
191 529
27 139 155 385 485 
385 27
485 385
139 485
155 139
187 287 425 
187 425
287 187
243 393 
393 243
314 320 
314 320
5 278 
278 5
1 10 13 210 363 446 484 505 
446 10
1 446
1 210
505 1
13 505
484 13
363 484
25 336 605 798 
336 605
336 798
25 336
190 509 754 
509 754
190 509
77 204 253 366 406 514 638 720 731 772 784 
253 366
253 638
784 253
514 784
77 731
514 77
204 514
406 204
406 772
720 406
160 602 733 
602 733
160 602
2 37 147 323 738 
37 738
323 37
2 323
147 2
83 138 338 391 621 
391 621
83 338
391 83
138 391
257 755 
257 755
20 56 189 195 230 234 428 476 573 703 760 
760 195
476 760
56 476
428 189
230 428
234 230
573 56
234 573
20 234
703 20
84 114 123 
123 114
123 84
632 
124 624 
124 624
269 523 696 746 
269 696
523 269
746 523
14 599 
599 14
263 570 577 748 
570 748
577 263
570 577
115 144 179 188 198 
188 179
188 198
188 144
115 188
213 260 
213 260
39 596 
39 596
730 780 
780 730
477 
19 31 43 137 208 282 307 351 378 399 554 579 582 723 
579 31
307 579
43 307
208 43
282 554
19 351
378 137
19 378
282 19
208 282
582 208
399 582
723 399
66 157 245 328 332 345 408 597 680 717 785 786 
680 785
245 680
245 345
66 245
157 66
786 157
786 717
328 786
408 328
332 408
597 332
184 
135 432 709 713 716 
716 432
713 716
709 135
713 709
130 171 386 510 
510 171
510 130
510 386
48 96 127 170 537 594 
594 96
48 537
594 48
127 594
127 170
178 237 293 447 604 678 721 
178 721
447 178
293 447
237 293
604 237
678 604
443 
121 247 494 
121 247
121 494
26 117 652 
652 26
117 652
402 
221 689 708 
708 221
689 708
78 472 500 588 
588 78
472 588
500 472
24 211 241 284 465 471 559 710 
465 559
211 465
24 211
471 24
284 471
710 284
241 710
23 235 401 479 580 
401 479
235 401
23 235
580 23
685 722 729 
722 729
685 722
125 617 618 
125 617
618 125
118 140 531 645 662 687 
662 531
140 662
140 118
645 140
687 645
