? 4 0 39 269 246
? 4 1 307 245 444
? 4 2 128 640 102
? 4 3 650 487 153
? 4 4 122 85 535
? 4 5 377 604 614
? 4 6 472 247 586
? 4 7 91 798 523
? 4 8 553 535 669
? 4 9 685 186 401
? 4 10 207 182 393
? 4 11 70 490 355
? 4 12 678 364 381
? 4 13 748 211 101
? 4 14 1 307 190
? 4 15 679 126 108
? 4 16 703 543 221
? 4 17 261 110 785
? 4 18 582 270 552
? 4 19 673 344 329
? 4 20 574 788 124
? 4 21 768 242 489
? 4 22 687 519 183
? 4 23 107 114 80
? 4 24 136 354 269
? 4 25 181 636 345
? 4 26 425 251 765
? 4 27 764 372 271
? 4 28 330 426 289
? 4 29 465 358 601
? 4 30 309 654 264
? 4 31 53 542 751
? 4 32 165 619 662
? 4 33 73 106 561
? 4 34 667 325 55
? 4 35 586 367 555
? 4 36 388 712 683
? 4 37 432 235 304
? 4 38 364 678 146
? 4 40 341 410 224
? 4 41 696 92 690
? 4 42 562 739 157
? 4 43 45 230 386
? 4 44 409 313 541
? 4 46 767 545 279
? 4 47 276 162 551
? 4 48 569 484 469
? 4 49 155 799 58
? 4 50 415 193 782
? 4 51 718 686 127
? 4 52 366 222 343
? 4 54 770 682 674
? 4 56 471 173 321
? 4 57 72 178 599
? 4 59 312 83 656
? 4 60 427 286 461
? 4 61 160 457 54
? 4 62 365 224 732
? 4 63 711 716 171
? 4 64 214 550 112
? 4 65 565 708 223
? 4 66 235 37 223
? 4 67 196 206 666
? 4 68 238 217 655
? 4 69 221 415 50
? 4 71 438 684 442
? 4 74 664 262 682
? 4 75 359 521 77
? 4 76 81 545 476
? 4 78 755 517 592
? 4 79 173 471 313
? 4 82 421 147 379
? 4 84 158 790 411
? 4 86 746 132 774
? 4 87 231 334 278
? 4 88 133 633 162
? 4 89 705 219 440
? 4 90 655 660 164
? 4 93 670 595 784
? 4 94 225 213 423
? 4 95 220 741 162
? 4 96 781 116 728
? 4 97 346 736 743
? 4 98 102 752 352
? 4 99 137 179 161
? 4 100 674 770 262
? 4 103 738 145 525
? 4 104 294 626 645
? 4 105 596 416 699
? 4 109 310 351 339
? 4 111 159 369 566
? 4 113 583 551 324
? 4 115 289 258 510
? 4 117 698 202 311
? 4 118 180 239 170
? 4 119 573 579 495
? 4 120 80 722 248
? 4 121 198 651 740
? 4 123 154 570 308
? 4 125 77 502 359
? 4 129 337 282 707
? 4 130 418 306 536
? 4 131 567 467 203
? 4 134 284 166 481
? 4 135 390 183 784
? 4 138 715 618 672
? 4 139 464 226 484
? 4 140 568 558 470
? 4 141 714 144 708
? 4 142 428 195 615
? 4 143 250 607 492
? 4 148 523 463 317
? 4 149 392 729 393
? 4 150 452 493 291
? 4 151 760 275 8
? 4 152 621 753 412
? 4 156 544 199 300
? 4 163 116 700 272
? 4 167 622 60 427
? 4 168 787 717 238
? 4 169 370 629 433
? 4 172 516 237 462
? 4 174 324 445 583
? 4 175 106 690 641
? 4 176 551 258 445
? 4 177 211 453 561
? 4 184 488 606 532
? 4 185 497 601 135
? 4 187 762 291 195
? 4 188 721 751 542
? 4 189 518 423 563
? 4 191 666 246 0
? 4 192 394 261 17
? 4 194 373 413 59
? 4 197 638 255 688
? 4 200 675 562 157
? 4 201 382 639 553
? 4 204 295 449 215
? 4 205 761 508 603
? 4 208 793 212 594
? 4 209 401 186 511
? 4 210 112 336 454
? 4 216 685 309 9
? 4 218 597 407 558
? 4 227 507 794 548
? 4 228 557 124 699
? 4 229 433 370 296
? 4 232 723 441 288
? 4 233 534 385 283
? 4 234 580 776 605
? 4 236 704 585 515
? 4 240 285 266 355
? 4 241 449 431 295
? 4 243 623 653 795
? 4 244 538 542 751
? 4 249 485 214 265
? 4 252 462 27 271
? 4 253 314 437 587
? 4 254 164 655 90
? 4 256 413 352 338
? 4 257 466 460 113
? 4 259 658 587 554
? 4 260 564 326 608
? 4 263 327 108 126
? 4 267 294 626 496
? 4 268 635 506 420
? 4 273 600 775 335
? 4 274 451 763 500
? 4 277 405 515 333
? 4 280 495 736 579
? 4 281 290 616 680
? 4 287 634 203 467
? 4 292 646 758 310
? 4 293 532 419 114
? 4 297 510 258 731
? 4 298 771 671 692
? 4 299 135 390 784
? 4 301 733 749 679
? 4 302 426 448 499
? 4 303 349 375 399
? 4 305 504 450 531
? 4 315 672 618 715
? 4 316 647 732 417
? 4 318 375 399 604
? 4 319 706 525 719
? 4 320 739 157 254
? 4 322 738 103 145
? 4 323 496 267 607
? 4 328 404 645 323
? 4 331 374 712 571
? 4 332 285 349 35
? 4 340 132 749 86
? 4 342 350 620 438
? 4 347 791 484 569
? 4 348 588 750 217
? 4 353 200 728 675
? 4 356 786 436 190
? 4 357 503 272 459
? 4 360 782 757 709
? 4 361 615 613 142
? 4 362 759 671 439
? 4 363 508 603 205
? 4 368 617 494 713
? 4 371 643 373 791
? 4 376 400 219 705
? 4 378 593 478 424
? 4 380 411 475 790
? 4 383 416 152 105
? 4 384 379 421 524
? 4 387 611 628 757
? 4 389 734 537 381
? 4 391 540 681 673
? 4 395 696 106 33
? 4 396 310 109 482
? 4 397 695 396 482
? 4 398 339 38 12
? 4 402 580 234 720
? 4 403 392 317 148
? 4 406 435 206 631
? 4 408 190 444 189
? 4 414 612 512 11
? 4 422 478 378 593
? 4 429 792 693 465
? 4 430 42 739 157
? 4 434 614 460 570
? 4 443 541 44 409
? 4 446 445 174 632
? 4 447 638 255 591
? 4 455 516 172 462
? 4 456 400 170 89
? 4 458 477 644 709
? 4 468 659 300 554
? 4 473 497 601 465
? 4 474 745 662 32
? 4 479 589 756 237
? 4 480 501 652 475
? 4 483 726 485 517
? 4 486 58 155 707
? 4 491 490 70 11
? 4 498 314 735 658
? 4 505 720 243 402
? 4 509 474 573 119
? 4 513 760 270 18
? 4 514 710 772 279
? 4 520 247 555 367
? 4 522 677 31 53
? 4 526 428 536 142
? 4 527 248 120 127
? 4 528 713 494 368
? 4 529 627 318 296
? 4 530 575 633 110
? 4 533 420 268 635
? 4 539 587 442 658
? 4 546 549 625 576
? 4 547 556 691 797
? 4 559 665 265 537
? 4 560 338 443 409
? 4 572 554 659 468
? 4 577 797 737 547
? 4 578 711 716 63
? 4 581 602 358 201
? 4 584 431 439 449
? 4 590 239 754 762
? 4 598 641 690 175
? 4 609 30 216 424
? 4 610 777 640 315
? 4 624 223 337 282
? 4 630 697 617 796
? 4 637 798 597 558
? 4 642 92 773 696
? 4 648 226 464 139
? 4 649 747 328 85
? 4 657 742 789 721
? 4 661 288 526 158
? 4 663 704 137 161
? 4 668 571 374 712
? 4 676 393 798 207
? 4 689 454 550 112
? 4 694 492 499 607
? 4 701 702 744 524
? 4 724 410 482 351
? 4 725 440 730 778
? 4 727 369 662 745
? 4 766 585 388 36
? 4 769 540 681 572
? 4 779 640 2 672
? 4 780 756 252 462
? 4 783 329 469 344
? 4 3 650 487 153
? 4 7 91 798 523
? 4 15 679 126 108
? 4 16 703 543 221
? 4 19 673 344 329
? 4 20 574 788 124
? 4 21 768 242 489
? 4 24 136 354 269
? 4 25 181 636 345
? 4 40 341 410 224
? 4 48 569 484 469
? 4 49 155 799 58
? 4 55 325 311 667
? 4 61 160 457 54
? 4 68 238 217 655
? 4 69 221 415 50
? 4 71 438 684 442
? 4 72 57 599 227
? 4 74 664 262 682
? 4 76 81 545 476
? 4 78 755 517 592
? 4 83 489 656 59
? 4 87 231 334 278
? 4 88 133 633 162
? 4 96 781 116 728
? 4 98 102 752 352
? 4 99 137 179 161
? 4 100 674 770 262
? 4 111 159 369 566
? 4 118 180 239 170
? 4 121 198 651 740
? 4 123 154 570 308
? 4 129 337 282 707
? 4 144 141 714 708
? 4 146 665 38 364
? 4 147 82 159 566
? 4 149 392 729 393
? 4 150 452 493 291
? 4 151 760 275 8
? 4 166 134 171 68
? 4 169 370 629 433
? 4 178 57 369 72
? 4 182 10 207 331
? 4 184 488 606 532
? 4 191 666 246 0
? 4 193 415 50 774
? 4 197 638 255 688
? 4 199 156 544 700
? 4 208 793 212 594
? 4 209 401 186 511
? 4 210 112 336 454
? 4 213 94 679 15
? 4 215 295 204 241
? 4 218 597 407 558
? 4 222 52 343 366
? 4 225 94 423 563
? 4 229 433 370 296
? 4 230 43 45 93
? 4 232 723 441 288
? 4 233 534 385 283
? 4 250 143 607 492
? 4 251 425 26 700
? 4 259 658 587 554
? 4 260 564 326 608
? 4 264 309 537 30
? 4 281 290 616 680
? 4 292 646 758 310
? 4 297 510 258 731
? 4 304 432 37 144
? 4 305 504 450 531
? 4 306 519 130 792
? 4 319 706 525 719
? 4 321 471 173 56
? 4 330 28 632 426
? 4 333 515 277 585
? 4 335 775 273 600
? 4 342 350 620 438
? 4 346 97 743 121
? 4 348 588 750 217
? 4 353 200 728 675
? 4 365 62 732 224
? 4 371 643 373 791
? 4 372 461 27 764
? 4 376 400 219 705
? 4 377 5 604 614
? 4 382 201 639 553
? 4 384 379 421 524
? 4 386 488 45 410
? 4 389 734 537 381
? 4 391 540 681 673
? 4 403 392 317 148
? 4 405 272 277 163
? 4 408 190 444 189
? 4 412 152 621 642
? 4 417 722 273 335
? 4 418 130 480 411
? 4 419 532 184 293
? 4 422 478 378 593
? 4 430 42 739 157
? 4 436 124 356 786
? 4 437 620 407 253
? 4 451 274 763 175
? 4 453 561 101 211
? 4 455 516 172 462
? 4 456 400 170 89
? 4 459 744 701 702
? 4 463 148 523 724
? 4 470 568 140 215
? 4 477 458 709 472
? 4 481 254 320 164
? 4 491 490 70 11
? 4 498 314 735 658
!
3 
111 369 
111 369
448 492 499 607 694 
499 448
492 694
607 492
499 607
663 
27 60 172 237 252 271 286 372 427 455 461 462 479 516 589 756 764 780 
60 286
60 427
461 60
756 780
589 756
479 589
237 479
462 237
516 455
462 516
462 172
252 462
461 372
27 461
764 27
271 764
252 271
546 576 625 
546 576
546 625
600 775 
775 600
518 563 
518 563
557 
87 
148 463 724 
463 724
463 148
6 35 458 472 477 586 644 709 
458 644
458 709
477 458
472 477
6 472
586 6
586 35
18 270 275 513 582 760 
18 582
18 270
760 18
760 513
760 275
530 
103 145 322 525 719 738 
145 719
145 103
525 145
738 525
738 322
188 244 538 542 721 751 
244 538
751 244
751 542
188 751
721 188
28 302 426 
426 302
426 28
241 295 362 431 439 449 584 
439 362
584 439
431 584
449 431
295 449
241 295
257 330 460 466 632 
632 330
257 632
466 460
466 257
143 250 
250 143
228 
240 285 332 349 
332 349
285 332
285 240
281 290 616 
290 616
290 281
156 199 251 
199 251
199 156
20 105 124 356 383 416 436 574 596 699 788 
416 383
699 596
416 105
699 416
124 699
788 574
788 20
124 788
436 124
356 436
11 70 
70 11
140 215 470 568 
140 215
568 470
140 568
578 716 
716 578
84 130 158 380 411 418 428 480 501 526 536 652 661 790 
526 428
661 526
158 661
158 84
790 158
411 790
411 380
480 411
501 652
480 501
418 480
130 418
536 130
259 468 554 572 587 658 659 735 
572 468
658 735
658 259
587 658
554 587
659 554
572 659
68 168 217 234 238 402 505 580 588 605 655 717 720 750 776 787 
717 787
168 717
238 168
655 238
217 68
217 655
588 217
588 750
402 588
402 505
580 402
234 605
580 234
580 776
720 580
9 186 216 265 389 685 
265 389
9 265
9 216
685 186
685 9
549 
134 166 284 
134 284
134 166
74 262 664 674 682 770 
770 262
770 674
682 770
664 74
682 664
30 146 264 309 537 559 654 665 
665 146
654 30
309 654
264 309
537 264
559 537
559 665
531 
135 670 
670 135
86 132 213 301 340 679 733 746 749 774 
679 213
749 679
301 733
749 301
132 749
340 132
86 340
746 86
774 746
114 
104 267 323 328 404 496 626 645 649 
328 649
404 328
323 404
267 323
267 496
626 267
645 626
645 104
13 101 177 453 748 
13 748
101 13
453 101
453 177
57 72 227 507 548 599 794 
599 72
548 794
507 548
599 507
57 599
227 57
63 139 171 226 464 648 711 
63 711
171 63
226 171
648 139
464 648
226 464
99 
52 205 222 343 363 366 508 603 710 761 
343 710
52 343
52 222
366 52
205 366
508 205
363 508
603 363
761 603
197 255 447 638 688 
255 197
255 688
638 255
447 638
37 65 144 223 235 565 708 
37 235
144 37
708 144
65 708
565 65
223 565
4 85 122 535 669 747 
85 747
4 85
122 4
535 122
669 535
680 
5 303 308 318 375 377 399 434 570 604 614 
570 308
434 570
614 434
614 377
5 614
604 5
318 604
399 318
303 399
303 375
25 591 
591 25
12 38 109 292 310 339 351 364 381 396 397 398 482 646 678 695 726 734 758 
758 726
758 646
758 292
310 758
396 310
482 695
397 482
396 397
109 396
339 109
381 364
381 734
12 381
398 12
38 398
38 678
339 38
351 339
92 152 190 412 621 642 753 773 786 
786 190
642 786
152 92
152 412
753 152
621 753
642 621
642 773
67 206 406 435 631 
206 67
435 206
435 631
406 435
430 
39 191 246 666 
666 191
246 666
39 246
49 58 75 77 125 155 359 486 502 521 657 789 799 
657 789
359 657
75 521
359 75
77 359
502 77
502 125
58 502
58 155
799 49
58 799
486 58
26 96 116 163 200 272 277 333 353 357 405 425 459 503 515 585 675 700 702 728 744 765 781 
200 353
200 675
728 200
781 728
116 96
116 781
163 116
277 333
515 585
277 515
163 277
744 702
459 744
357 459
272 357
272 503
405 272
163 405
700 163
26 765
425 26
700 425
208 594 793 
793 594
793 208
33 41 73 106 175 211 274 395 451 500 561 598 641 690 696 763 
561 211
73 561
33 73
395 33
500 763
274 500
451 274
175 451
175 106
690 175
641 598
690 641
41 690
696 41
696 395
17 192 261 266 394 
17 266
261 17
394 261
394 192
141 628 714 
714 628
714 141
149 392 393 676 729 
393 676
729 149
393 729
393 392
48 329 344 469 540 569 673 681 
681 540
673 681
329 673
344 329
469 344
569 48
469 569
44 56 79 313 409 443 471 541 
471 56
79 471
313 79
409 313
44 409
541 44
443 541
170 456 
456 170
319 706 
319 706
89 219 400 440 705 725 730 778 
730 778
725 730
400 89
705 400
219 705
440 219
440 725
16 543 703 
703 16
703 543
185 
15 108 126 263 327 
126 15
108 126
263 108
327 263
10 182 331 374 571 668 
182 10
331 182
571 331
571 374
668 571
283 534 
283 534
36 137 161 179 236 388 683 704 712 766 
161 137
161 179
704 161
236 704
766 236
388 683
36 766
36 388
712 36
378 401 422 424 478 511 593 609 
511 401
478 511
424 609
478 422
378 478
378 593
424 378
97 121 198 268 420 506 533 635 740 
121 97
198 121
740 198
506 740
268 420
268 533
635 506
635 268
1 189 245 307 444 
444 189
245 444
307 245
307 1
169 229 
229 169
131 203 287 385 467 567 634 
131 385
634 287
467 634
131 467
203 131
203 567
2 128 640 777 
128 2
640 128
777 640
21 
153 487 650 
487 153
650 487
14 408 
14 408
83 242 312 489 656 768 
242 768
489 242
83 489
656 83
656 312
376 
260 
233 
225 
23 51 107 718 
23 107
718 23
718 51
34 55 117 202 311 325 667 698 
117 698
202 117
311 202
55 311
34 55
34 667
325 34
181 345 636 
345 181
636 345
218 597 
597 218
47 88 95 110 113 133 162 174 176 220 276 324 445 446 551 583 633 741 785 
110 785
633 110
220 741
95 220
162 95
133 633
133 88
162 133
47 162
276 47
551 276
551 176
445 551
445 446
583 445
583 174
324 583
324 113
429 693 
429 693
367 414 512 520 555 612 
367 520
367 555
512 367
612 512
612 414
355 
93 299 390 595 784 
93 595
784 93
390 784
299 390
212 
370 433 629 
433 370
629 433
115 258 289 297 510 
510 297
510 258
115 510
289 115
142 361 368 494 528 615 617 630 697 713 796 
615 142
361 615
528 361
630 697
713 528
713 494
368 713
617 368
630 617
796 630
207 
0 269 
269 0
32 119 165 280 474 495 509 573 579 619 662 727 736 743 745 
736 743
495 736
280 495
579 280
119 579
119 573
509 119
474 509
32 474
619 165
32 619
745 32
662 745
662 727
552 
42 157 164 254 320 481 562 739 
739 42
562 739
157 562
320 157
254 164
320 481
320 254
326 564 608 
564 326
564 608
193 
159 
173 610 
173 610
296 529 627 
296 627
529 296
123 154 
123 154
547 556 577 691 737 797 
547 737
797 577
547 797
556 547
556 691
243 623 653 795 
243 623
243 795
653 243
71 342 350 407 438 442 558 620 684 
407 558
620 407
684 71
442 684
438 442
350 438
350 342
620 350
90 660 
90 660
22 183 306 473 497 519 687 
473 497
687 473
519 306
22 519
22 687
183 22
82 147 379 384 421 524 566 
147 566
379 82
524 384
524 421
379 524
147 379
772 
78 483 517 
517 483
517 78
305 450 504 
450 305
504 450
45 184 293 386 419 488 532 606 
386 45
488 386
606 488
532 606
184 532
293 184
293 419
19 783 
783 19
54 61 457 
457 61
457 54
731 
391 643 
643 391
59 338 560 
338 59
338 560
64 112 210 214 249 336 454 485 550 592 689 755 
592 755
336 592
112 336
112 210
454 112
689 454
550 689
64 550
214 64
249 214
485 249
231 278 334 
231 278
334 231
575 
129 282 337 624 
282 129
282 337
624 282
66 304 432 
432 66
304 432
441 
348 
136 346 
346 136
29 150 201 291 358 382 452 465 493 553 581 601 602 639 762 
291 762
150 291
452 493
452 150
382 452
639 382
201 639
201 553
358 201
581 602
358 581
29 358
29 465
601 29
98 102 194 256 347 352 371 373 413 484 752 791 
347 484
791 347
373 791
373 371
194 373
413 194
752 98
102 752
352 102
256 352
413 256
24 167 354 622 
354 24
622 354
622 167
43 230 
230 43
294 
232 288 723 
288 723
232 288
94 423 
94 423
490 491 
491 490
40 62 224 273 316 341 365 410 417 647 722 732 
722 273
417 722
316 417
316 647
732 316
62 732
62 365
224 62
341 224
410 341
410 40
701 
7 91 317 403 523 637 798 
798 637
317 403
523 317
91 523
798 91
798 7
475 
80 120 127 248 527 686 
120 80
127 686
527 127
120 248
527 120
321 
178 196 
196 178
138 298 315 618 671 672 692 715 759 771 779 
671 759
671 692
298 671
771 298
779 771
618 138
715 618
315 715
672 315
779 672
100 160 
160 100
118 180 187 195 239 590 613 754 792 
195 792
187 195
754 187
590 613
590 118
239 180
590 239
590 754
31 53 522 677 707 742 
677 707
53 742
677 53
522 31
522 677
50 360 387 415 611 757 782 
415 50
782 415
387 611
757 387
360 757
782 360
46 76 81 279 476 514 545 767 
279 514
81 76
476 81
545 476
767 545
46 767
279 46
335 
204 
247 
8 151 
151 8
651 
253 300 314 437 498 539 544 769 
300 544
769 300
539 769
253 539
253 437
314 498
253 314
69 221 
69 221
209 
