? 8 0 218 254 200 487 671 230 473
? 8 1 761 588 573 303 532 30 708
? 8 2 315 316 470 566 736 321 536
? 8 3 165 185 188 125 560 350 461
? 8 4 413 164 261 55 83 138 268
? 8 5 589 720 422 273 370 356 610
? 8 6 569 425 88 279 753 123 149
? 8 7 786 620 577 166 701 211 94
? 8 8 99 571 195 703 724 21 466
? 8 9 381 576 527 508 669 248 705
? 8 10 715 488 463 56 400 732 372
? 8 11 477 474 791 118 313 666 106
? 8 12 433 391 416 404 528 739 186
? 8 13 568 481 437 24 204 130 634
? 8 14 744 125 188 185 374 165 3
? 8 15 208 726 456 395 74 287 229
? 8 16 753 550 149 378 521 176 514
? 8 17 249 147 409 198 698 435 373
? 8 18 76 180 202 143 338 7 211
? 8 19 620 701 747 362 166 226 7
? 8 20 619 505 57 675 312 293 243
? 8 22 135 658 214 178 756 582 499
? 8 23 735 247 767 531 759 148 644
? 8 25 611 339 28 302 458 512 301
? 8 26 61 480 168 678 415 80 264
? 8 27 780 407 400 203 765 357 526
? 8 29 450 396 684 461 593 205 428
? 8 31 769 718 246 305 499 209 78
? 8 32 348 766 340 120 594 43 158
? 8 33 466 21 724 289 657 703 475
? 8 34 285 770 151 711 41 510 220
? 8 35 491 773 695 424 187 734 243
? 8 36 728 458 129 28 730 91 267
? 8 37 145 787 790 465 175 79 392
? 8 38 464 297 771 508 462 98 86
? 8 39 344 136 244 105 613 265 571
? 8 40 342 497 299 502 51 328 349
? 8 42 472 677 567 296 471 583 438
? 8 44 544 625 118 405 331 641 791
? 8 45 417 575 534 785 650 280 347
? 8 46 507 640 216 155 406 447 141
? 8 47 562 561 496 124 206 308 558
? 8 48 727 134 424 591 770 711 179
? 8 49 457 693 286 246 499 685 308
? 8 50 635 137 317 323 511 796 263
? 8 52 336 420 444 167 212 81 655
? 8 53 556 84 219 548 71 632 517
? 8 54 86 462 269 771 638 248 758
? 8 58 483 452 713 509 30 532 573
? 8 59 222 519 235 661 590 652 427
? 8 60 755 522 603 374 520 601 555
? 8 62 268 468 432 110 388 670 55
? 8 63 73 259 386 618 382 636 192
? 8 64 772 325 146 170 747 749 738
? 8 65 697 529 376 520 755 555 522
? 8 66 250 676 789 117 685 267 304
? 8 67 660 197 368 586 455 672 114
? 8 68 725 274 717 722 774 598 754
? 8 69 398 263 796 95 511 50 146
? 8 70 399 696 489 731 245 742 524
? 8 72 411 152 659 645 628 743 234
? 8 75 128 394 502 231 616 310 328
? 8 77 156 622 120 754 566 348 32
? 8 82 674 639 98 414 616 762 231
? 8 85 585 81 797 492 655 212 336
? 8 87 318 89 277 228 172 643 403
? 8 90 506 605 346 169 750 783 317
? 8 92 100 493 742 399 626 70 245
? 8 93 224 432 388 551 62 468 799
? 8 96 764 355 729 345 596 529 697
? 8 97 641 405 331 524 784 731 493
? 8 101 500 638 527 269 248 606 86
? 8 102 702 440 242 159 752 284 597
? 8 103 587 270 343 607 516 725 598
? 8 104 173 565 251 354 649 679 618
? 8 107 539 688 131 445 732 258 271
? 8 108 144 449 379 377 280 504 387
? 8 109 712 727 396 559 424 48 450
? 8 111 580 314 221 142 402 498 446
? 8 112 579 604 266 492 655 495 686
? 8 113 278 740 721 459 604 324 282
? 8 115 106 313 219 662 517 11 556
? 8 116 189 663 296 583 245 438 614
? 8 119 141 652 777 612 640 752 503
? 8 121 293 541 288 57 312 687 729
? 8 122 600 281 196 609 303 453 454
? 8 126 760 646 157 651 598 722 746
? 8 127 668 719 384 552 311 229 713
? 8 132 160 781 401 421 563 647 490
? 8 133 636 386 192 767 63 618 735
? 8 139 707 271 393 256 624 795 794
? 8 140 282 402 324 278 459 721 111
? 8 150 114 367 193 368 660 700 197
? 8 153 301 667 788 611 25 768 512
? 8 154 736 470 321 514 525 550 171
? 8 161 592 452 384 573 761 196 588
? 8 162 332 691 418 776 714 533 501
? 8 163 775 553 419 615 209 226 341
? 8 174 426 782 375 479 490 792 322
? 8 177 441 742 663 251 245 189 614
? 8 181 681 497 430 543 51 564 195
? 8 182 330 290 723 733 84 233 71
? 8 183 787 79 790 341 175 419 147
? 8 184 451 421 657 160 132 779 563
? 8 190 164 138 413 4 261 762 55
? 8 191 471 614 687 288 189 541 42
? 8 194 186 404 528 365 433 12 391
? 8 199 306 186 570 528 391 404 479
? 8 201 693 214 49 499 457 178 685
? 8 207 442 429 683 503 235 630 590
? 8 210 637 783 256 750 795 393 707
? 8 213 560 350 390 467 188 185 555
? 8 215 699 682 412 335 252 273 610
? 8 217 258 253 688 107 637 271 139
? 8 223 745 634 294 599 437 633 778
? 8 225 768 512 570 301 371 781 306
? 8 227 525 257 443 751 237 602 337
? 8 232 694 621 265 91 410 244 730
? 8 236 484 351 708 476 532 1 588
? 8 238 179 591 584 741 134 656 711
? 8 239 554 211 94 577 241 786 545
? 8 240 595 423 656 651 678 741 352
? 8 255 494 397 552 311 643 719 229
? 8 260 275 544 623 300 743 625 234
? 8 262 679 649 327 80 675 565 61
? 8 272 738 526 170 360 772 763 482
? 8 276 334 485 320 644 148 158 315
? 8 283 446 309 221 314 542 580 617
? 8 291 594 120 774 348 754 32 766
? 8 292 361 648 540 551 653 363 24
? 8 295 365 373 535 237 227 433 337
? 8 298 311 384 397 552 127 643 592
? 8 307 578 428 593 461 29 418 205
? 8 319 469 510 587 220 631 706 680
? 8 326 709 43 158 759 340 766 32
? 8 329 748 797 434 574 364 716 516
? 8 333 518 359 376 65 529 689 608
? 8 353 581 627 358 347 785 622 566
? 8 366 371 302 339 451 475 657 512
? 8 369 798 714 501 418 559 205 691
? 8 380 530 415 264 352 584 187 80
? 8 383 631 680 741 220 595 651 711
? 8 385 548 733 290 84 182 427 330
? 8 389 737 475 289 613 33 694 724
? 8 408 746 594 760 192 382 43 766
? 8 431 654 665 453 757 406 233 653
? 8 436 257 443 171 525 535 227 321
? 8 439 739 337 792 237 416 569 602
? 8 448 473 523 460 671 0 218 254
? 8 478 572 363 403 654 665 653 292
? 8 486 41 309 542 585 748 151 283
? 8 513 606 193 123 54 279 86 101
? 8 515 687 567 471 472 42 191 677
? 8 537 710 623 275 632 260 219 791
? 8 538 328 299 310 502 342 51 40
? 8 546 536 673 378 521 470 284 597
? 8 547 206 558 496 117 308 667 788
? 8 549 653 654 406 292 155 361 478
? 8 557 700 758 367 413 150 4 193
? 8 629 603 755 60 522 374 697 520
? 8 642 793 454 704 662 303 609 723
? 8 664 322 425 123 606 279 782 569
? 8 690 716 516 574 270 329 343 364
? 8 692 706 364 151 748 510 329 469
? 8 14 744 125 188 185 374 165 3
? 8 20 619 505 57 675 312 293 243
? 8 23 735 247 767 531 759 148 644
? 8 37 145 787 790 465 175 79 392
? 8 38 464 297 771 508 462 98 86
? 8 58 483 452 713 509 30 532 573
? 8 72 411 152 659 645 628 743 234
? 8 74 208 15 726 287 456 395 229
? 8 75 128 394 502 231 616 310 328
? 8 76 18 7 211 701 180 143 202
? 8 78 718 749 769 178 31 756 482
? 8 88 514 602 149 751 550 6 525
? 8 95 796 398 511 69 387 356 50
? 8 105 344 136 195 487 200 571 99
? 8 124 562 558 47 496 206 561 667
? 8 137 323 635 50 780 765 27 357
? 8 142 533 498 776 111 580 501 221
? 8 169 506 90 370 610 682 720 273
? 8 172 228 318 87 89 799 363 277
? 8 176 597 521 455 586 440 378 16
? 8 183 787 79 790 341 175 419 147
? 8 201 693 214 49 499 457 178 685
? 8 203 794 27 400 624 488 780 393
? 8 204 367 130 568 13 150 437 778
? 8 236 484 351 708 476 532 1 588
? 8 250 789 66 267 117 458 304 788
? 8 252 699 686 215 740 412 495 579
? 8 255 494 397 552 311 643 719 229
? 8 266 655 492 112 212 81 167 336
? 8 274 68 725 717 774 722 754 598
? 8 286 308 49 246 206 496 305 457
? 8 291 594 120 774 348 754 32 766
? 8 294 633 634 447 223 437 141 745
? 8 338 202 504 143 180 387 18 76
? 8 349 464 564 497 543 297 40 669
? 8 355 764 96 596 729 345 529 697
? 8 359 376 345 518 529 333 312 697
? 8 372 763 56 360 463 582 715 526
? 8 377 280 449 108 690 343 607 716
? 8 389 737 475 289 613 33 694 724
? 8 409 17 365 249 373 465 194 392
? 8 420 444 52 336 167 212 144 81
? 8 434 797 329 444 748 449 420 716
? 8 435 198 249 373 17 535 365 698
? 8 441 177 251 663 742 614 245 565
? 8 460 671 448 0 218 473 523 254
? 8 467 608 213 689 560 734 333 350
? 8 480 26 354 61 168 259 73 678
? 8 500 101 638 527 248 269 576 381
? 8 507 640 46 216 155 777 406 233
? 8 515 687 567 471 472 42 191 677
? 8 545 698 241 94 147 577 239 554
? 8 578 428 307 332 418 691 593 205
? 8 581 353 627 358 347 622 566 156
? 8 601 555 520 522 60 755 374 603
? 8 615 163 553 226 362 419 775 747
? 8 617 798 559 501 369 309 283 446
? 8 626 628 300 743 625 493 100 92
? 8 630 683 531 320 148 207 429 442
? 8 647 563 779 705 160 132 669 381
? 8 650 534 575 241 417 785 45 554
? 8 670 110 83 55 568 268 261 388
? 8 672 778 599 368 67 130 745 660
? 8 709 158 326 759 43 340 766 485
? 8 757 453 665 281 600 431 572 403
? 8 784 524 731 97 696 70 399 641
? 8 2 315 316 470 566 736 321 536
? 8 5 589 720 422 273 370 356 610
? 8 8 99 571 195 703 724 21 466
? 8 9 381 576 527 508 669 248 705
? 8 10 715 488 463 56 400 732 372
? 8 14 744 125 188 185 374 165 3
? 8 19 620 701 747 362 166 226 7
? 8 20 619 505 57 675 312 293 243
? 8 22 135 658 214 178 756 582 499
? 8 23 735 247 767 531 759 148 644
? 8 24 481 540 648 551 361 292 13
? 8 35 491 773 695 424 187 734 243
? 8 37 145 787 790 465 175 79 392
? 8 38 464 297 771 508 462 98 86
? 8 39 344 136 244 105 613 265 571
? 8 44 544 625 118 405 331 641 791
? 8 58 483 452 713 509 30 532 573
? 8 71 517 723 84 556 53 704 662
? 8 72 411 152 659 645 628 743 234
? 8 74 208 15 726 287 456 395 229
? 8 75 128 394 502 231 616 310 328
? 8 77 156 622 120 754 566 348 32
? 8 82 674 639 98 414 616 762 231
? 8 85 585 81 797 492 655 212 336
? 8 91 621 129 728 730 232 694 410
? 8 102 702 440 242 159 752 284 597
? 8 104 173 565 251 354 649 679 618
? 8 113 278 740 721 459 604 324 282
? 8 115 106 313 219 662 517 11 556
? 8 121 293 541 288 57 312 687 729
? 8 124 562 558 47 496 206 561 667
? 8 126 760 646 157 651 598 722 746
? 8 142 533 498 776 111 580 501 221
? 8 146 325 64 772 263 747 170 357
? 8 153 301 667 788 611 25 768 512
? 8 154 736 470 321 514 525 550 171
? 8 161 592 452 384 573 761 196 588
? 8 162 332 691 418 776 714 533 501
? 8 183 787 79 790 341 175 419 147
? 8 184 451 421 657 160 132 779 563
? 8 190 164 138 413 4 261 762 55
? 8 199 306 186 570 528 391 404 479
? 8 201 693 214 49 499 457 178 685
? 8 209 305 163 775 31 419 553 341
? 8 210 637 783 256 750 795 393 707
? 8 217 258 253 688 107 637 271 139
? 8 222 59 235 590 519 661 429 645
? 8 230 254 473 218 0 523 487 200
? 8 236 484 351 708 476 532 1 588
? 8 240 595 423 656 651 678 741 352
? 8 252 699 686 215 740 412 495 579
? 8 255 494 397 552 311 643 719 229
? 8 262 679 649 327 80 675 565 61
? 8 272 738 526 170 360 772 763 482
? 8 274 68 725 717 774 722 754 598
? 8 277 87 318 89 172 228 799 643
? 8 285 770 34 711 591 151 220 741
? 8 286 308 49 246 206 496 305 457
? 8 291 594 120 774 348 754 32 766
? 8 298 311 384 397 552 127 643 592
? 8 304 267 789 129 250 730 728 36
? 8 330 182 290 233 733 723 609 385
? 8 334 320 276 485 644 148 630 531
? 8 339 302 611 25 366 371 475 512
? 8 346 605 90 506 323 750 317 783
? 8 355 764 96 596 729 345 529 697
? 8 375 490 401 781 174 132 782 426
? 8 379 144 108 449 387 444 420 504
? 8 380 530 415 264 352 584 187 80
? 8 382 63 168 678 408 240 73 746
? 8 389 737 475 289 613 33 694 724
? 8 398 796 69 95 511 263 50 387
? 8 402 282 140 324 721 278 111 459
? 8 407 27 780 765 357 400 526 738
? 8 427 661 632 548 53 385 59 84
? 8 435 198 249 373 17 535 365 698
? 8 438 583 296 677 116 472 42 489
? 8 441 177 251 663 742 614 245 565
? 8 445 131 732 539 271 107 488 139
? 8 460 671 448 0 218 473 523 254
? 8 468 62 432 224 93 268 388 110
? 8 474 666 11 477 313 118 791 106
? 8 500 101 638 527 248 269 576 381
? 8 515 687 567 471 472 42 191 677
? 8 537 710 623 275 632 260 219 791
? 8 538 328 299 310 502 342 51 40
? 8 546 536 673 378 521 470 284 597
? 8 549 653 654 406 292 155 361 478
? 8 557 700 758 367 413 150 4 193
? 8 578 428 307 332 418 691 593 205
? 8 581 353 627 358 347 622 566 156
? 8 587 319 103 469 270 510 364 680
? 8 601 555 520 522 60 755 374 603
? 8 607 343 103 270 690 516 716 377
? 8 612 503 159 442 207 119 429 652
? 8 615 163 553 226 362 419 775 747
? 8 617 798 559 501 369 309 283 446
? 8 629 603 755 60 522 374 697 520
? 8 633 294 447 634 223 437 141 155
? 8 642 793 454 704 662 303 609 723
? 8 664 322 425 123 606 279 782 569
? 8 670 110 83 55 568 268 261 388
? 8 672 778 599 368 67 130 745 660
? 8 676 66 685 789 267 250 304 117
? 8 681 181 543 564 497 430 51 195
? 8 684 450 461 29 593 396 560 467
? 8 692 706 364 151 748 510 329 469
? 8 712 109 727 396 559 424 48 450
? 8 777 652 640 507 119 46 519 216
? 8 784 524 731 97 696 70 399 641
? 8 6 569 425 88 279 753 123 149
? 8 14 744 125 188 185 374 165 3
? 8 16 753 550 149 378 521 176 514
? 8 20 619 505 57 675 312 293 243
? 8 23 735 247 767 531 759 148 644
? 8 28 458 25 36 611 728 339 129
? 8 37 145 787 790 465 175 79 392
? 8 38 464 297 771 508 462 98 86
? 8 41 151 486 34 706 692 285 510
? 8 45 417 575 534 785 650 280 347
? 8 54 86 462 269 771 638 248 758
? 8 58 483 452 713 509 30 532 573
? 8 65 697 529 376 520 755 555 522
? 8 72 411 152 659 645 628 743 234
? 8 74 208 15 726 287 456 395 229
? 8 75 128 394 502 231 616 310 328
? 8 76 18 7 211 701 180 143 202
? 8 92 100 493 742 399 626 70 245
? 8 112 579 604 266 492 655 495 686
? 8 114 150 193 660 368 197 67 367
? 8 122 600 281 196 609 303 453 454
? 8 124 562 558 47 496 206 561 667
? 8 133 636 386 192 767 63 618 735
? 8 134 48 424 179 727 591 238 711
? 8 137 323 635 50 780 765 27 357
? 8 142 533 498 776 111 580 501 221
? 8 166 620 786 7 19 701 226 577
? 8 169 506 90 370 610 682 720 273
? 8 171 436 321 257 443 736 525 154
? 8 183 787 79 790 341 175 419 147
? 8 194 186 404 528 365 433 12 391
? 8 201 693 214 49 499 457 178 685
? 8 203 794 27 400 624 488 780 393
? 8 204 367 130 568 13 150 437 778
? 8 225 768 512 570 301 371 781 306
? 8 236 484 351 708 476 532 1 588
? 8 244 265 39 232 694 621 613 136
? 8 252 699 686 215 740 412 495 579
? 8 255 494 397 552 311 643 719 229
? 8 274 68 725 717 774 722 754 598
? 8 277 87 318 89 172 228 799 643
? 8 286 308 49 246 206 496 305 457
? 8 291 594 120 774 348 754 32 766
? 8 295 365 373 535 237 227 433 337
? 8 300 743 628 625 260 626 544 234
? 8 315 2 276 316 566 470 485 673
? 8 330 182 290 233 733 723 609 385
? 8 335 273 682 422 610 412 370 215
? 8 338 202 504 143 180 387 18 76
? 8 349 464 564 497 543 297 40 669
? 8 355 764 96 596 729 345 529 697
? 8 359 376 345 518 529 333 312 697
? 8 383 631 680 741 220 595 651 711
? 8 389 737 475 289 613 33 694 724
? 8 390 350 560 213 188 555 185 601
? 8 402 282 140 324 721 278 111 459
? 8 403 572 478 363 89 318 665 228
? 8 410 730 232 91 129 621 694 728
? 8 416 739 12 792 433 337 391 237
? 8 426 174 782 792 479 322 425 439
!
185 
738 
284 546 673 
284 546
284 673
255 494 643 
494 643
255 494
401 490 
401 490
76 
234 659 
234 659
5 273 335 356 422 589 610 682 720 
610 335
610 682
610 422
273 610
720 273
589 720
5 589
356 5
441 
79 183 
183 79
49 206 246 286 308 457 496 547 558 685 
49 246
457 685
49 457
308 49
308 286
496 308
206 496
558 206
547 558
34 41 151 220 319 469 510 587 706 
220 34
510 220
469 510
706 469
151 41
706 151
319 706
319 587
25 132 160 225 301 302 339 371 421 451 512 563 611 657 768 781 
160 563
421 160
132 421
781 132
225 781
768 225
302 339
611 302
611 25
512 611
512 301
768 512
371 768
451 371
657 451
174 306 375 426 479 528 782 792 
306 528
479 306
782 375
174 782
426 174
479 426
792 479
420 444 486 748 
748 486
444 748
444 420
45 417 534 575 650 785 
417 785
575 417
575 45
534 575
650 534
38 82 98 414 
98 38
98 82
414 98
20 262 327 649 679 
327 20
679 327
679 649
262 679
351 
12 186 391 404 416 433 739 
433 186
404 433
12 404
12 391
416 12
416 739
87 
130 141 223 294 437 447 599 634 778 
599 223
599 778
437 599
294 447
437 130
634 437
294 634
141 294
202 
111 140 221 282 309 314 446 542 580 721 
282 140
282 721
111 282
580 111
221 580
314 221
446 314
309 446
542 309
324 402 
402 324
32 126 158 192 326 340 348 386 408 746 760 
192 386
326 192
326 158
348 32
340 348
340 326
746 340
760 126
746 760
746 408
40 342 349 497 543 564 681 
40 342
497 40
543 497
564 681
543 564
349 543
52 81 85 167 212 329 336 434 585 797 
167 52
212 167
212 81
336 212
85 336
585 85
797 585
329 797
434 329
59 207 235 429 442 519 590 612 630 652 683 777 
683 630
429 683
207 442
429 207
590 429
235 590
59 235
519 59
652 519
652 612
777 652
113 278 459 
278 459
113 278
22 31 78 135 178 214 499 718 769 
135 22
178 135
214 499
178 214
78 178
718 78
769 718
31 769
201 693 
201 693
0 218 230 254 671 
0 671
218 0
254 218
230 254
7 19 64 69 94 146 166 170 211 226 263 325 362 398 419 553 577 615 620 701 747 749 772 775 786 
69 398
263 69
146 263
325 146
772 325
772 170
64 772
211 577
211 7
94 211
786 94
620 786
620 166
701 620
19 701
747 19
419 775
553 419
226 553
226 615
362 226
747 362
64 747
749 64
122 182 196 330 454 609 662 704 723 733 793 
182 733
182 330
723 182
454 723
122 196
609 122
454 609
704 454
793 662
704 793
95 511 796 
796 511
95 796
90 169 370 506 605 783 
605 783
169 370
90 169
506 90
605 506
102 159 176 378 440 503 521 536 550 597 702 752 
378 550
378 536
521 378
521 176
597 521
440 597
702 440
102 702
752 102
752 503
752 159
3 165 
165 3
155 292 361 363 406 431 478 549 653 654 
406 155
549 406
654 549
478 363
292 478
292 361
653 292
654 653
431 654
242 
366 475 
366 475
163 175 209 305 341 
341 175
163 341
209 305
209 163
58 483 509 
483 509
58 483
39 244 265 473 
39 473
244 265
244 39
1 30 229 236 397 452 476 484 532 552 573 588 668 708 713 719 761 
552 397
719 552
719 229
668 719
588 761
484 708
484 236
476 484
532 476
588 1
532 588
532 30
573 532
452 573
713 452
668 713
4 13 54 55 67 83 86 110 114 123 138 150 164 190 193 197 204 261 268 279 297 367 368 388 413 462 464 513 557 568 606 660 670 758 771 
297 464
771 297
462 771
86 462
54 86
758 54
557 758
413 557
164 190
164 138
413 164
4 413
261 4
261 83
261 268
55 261
110 55
110 670
388 110
568 388
13 568
204 13
367 204
197 660
67 197
67 368
114 67
150 114
150 367
193 150
513 193
123 606
123 279
513 123
184 
17 147 194 227 237 249 257 295 337 365 373 409 535 602 698 751 
698 147
17 698
17 249
409 17
365 409
365 194
373 365
535 373
295 535
227 295
227 257
337 237
227 337
751 227
602 751
8 51 99 181 195 299 430 
8 99
430 181
51 299
430 51
195 430
195 8
50 252 
252 50
210 346 750 
750 346
750 210
455 586 672 745 
672 745
455 586
672 455
152 411 645 
645 411
645 152
199 570 
199 570
63 133 291 636 
63 291
133 63
636 133
27 56 137 317 323 357 372 400 407 526 635 715 765 780 
56 372
715 56
400 715
400 526
780 400
780 27
407 780
765 407
357 765
137 357
323 137
635 323
317 635
374 522 629 697 
522 374
629 522
629 697
44 
18 198 435 
435 18
435 198
37 47 561 562 
561 37
561 47
562 561
9 381 508 576 647 669 705 779 
381 576
508 381
9 508
669 9
705 669
647 705
779 647
105 136 200 344 487 
136 344
105 136
200 105
200 487
143 180 
143 180
127 384 592 
384 127
384 592
23 43 148 247 276 320 334 485 531 644 709 735 759 767 
485 709
276 485
334 276
148 334
148 320
644 531
644 148
247 644
247 23
735 247
735 767
759 735
43 759
21 466 571 703 724 
21 724
466 21
703 466
703 571
89 281 403 453 572 600 665 757 
403 89
572 403
757 572
281 600
453 281
665 453
757 665
790 
16 633 
16 633
35 48 134 179 187 213 243 350 390 424 467 491 555 560 584 608 689 695 727 734 773 
390 555
560 390
213 560
350 213
467 350
608 467
689 608
134 179
727 134
727 48
424 727
773 424
695 773
491 695
243 491
187 584
35 187
243 35
734 243
689 734
537 628 
537 628
131 217 253 256 258 271 393 445 539 637 732 794 795 
795 393
256 795
637 256
253 637
217 253
258 217
131 258
539 732
131 539
445 131
271 445
794 271
717 
2 6 77 88 120 149 154 156 171 315 316 321 322 425 436 439 443 470 514 525 566 569 594 622 722 736 753 754 766 774 
774 722
754 774
120 754
594 766
120 594
77 120
156 77
2 315
566 2
156 622
566 156
316 566
736 316
736 470
321 736
171 321
436 171
443 436
525 443
514 525
514 154
149 514
149 88
149 753
6 149
569 6
425 322
569 425
439 569
75 310 328 538 
310 75
310 328
538 310
124 
267 304 789 
267 789
304 267
228 277 318 
318 228
277 318
29 109 162 205 283 307 332 369 396 418 428 450 461 498 501 533 559 578 593 617 684 691 712 714 776 798 
283 617
712 559
109 712
396 109
307 578
307 428
593 307
461 593
684 461
450 684
450 29
396 450
205 396
691 205
691 714
691 418
162 691
332 162
533 332
798 369
501 798
776 498
776 533
501 776
283 501
188 
24 481 540 648 
24 540
24 648
481 24
14 125 744 
744 125
14 744
290 
248 
358 581 627 
358 581
627 358
128 231 394 502 616 639 674 762 
128 502
128 231
394 128
616 394
674 616
639 674
639 762
28 33 36 91 129 232 289 389 458 613 621 694 728 730 737 
289 33
737 289
737 389
613 737
694 613
232 694
621 232
91 621
129 91
36 129
36 28
728 730
36 728
458 36
92 100 493 626 743 
626 743
100 92
493 100
626 493
412 495 579 604 686 740 
579 740
495 412
686 495
579 686
604 579
161 303 642 
303 161
303 642
60 65 520 601 603 755 
755 603
60 755
520 60
520 65
601 520
42 57 70 116 189 191 245 288 293 296 312 333 345 359 376 399 438 471 472 489 505 515 518 524 529 541 567 583 614 619 663 675 677 687 696 729 731 742 764 784 
729 764
345 729
518 333
529 518
529 345
529 376
359 529
312 359
505 675
619 505
57 619
312 293
57 312
288 57
288 541
191 288
472 296
583 438
677 583
567 515
677 567
42 677
191 687
42 472
471 42
191 471
614 191
189 614
663 189
116 663
245 489
524 784
731 524
696 731
70 696
399 70
245 399
245 742
116 245
142 
66 117 153 250 667 676 788 
66 250
66 676
117 66
788 117
788 153
788 667
239 241 347 545 554 
241 347
554 545
554 239
554 241
208 395 456 726 
395 208
726 395
456 726
72 222 
72 222
410 448 460 523 
460 410
448 523
448 460
360 482 582 658 756 763 
482 756
360 482
763 360
582 763
582 658
145 392 465 787 
465 787
145 465
392 145
68 103 270 274 343 364 516 574 598 607 646 690 692 716 725 
598 646
68 274
725 68
598 725
103 598
516 103
343 607
516 343
270 516
716 270
716 690
574 716
364 574
364 692
46 119 216 233 507 640 
507 233
640 119
46 640
216 46
507 216
101 269 500 527 638 
638 269
101 527
101 638
500 101
353 377 
353 377
285 770 
770 285
53 71 84 219 385 427 517 548 556 632 661 
53 632
84 385
548 84
517 71
517 219
556 517
53 556
548 53
427 548
661 427
61 80 264 380 415 530 
80 61
415 80
415 530
264 415
380 264
260 275 300 544 623 625 710 791 
625 300
544 625
260 544
260 791
275 260
623 275
623 710
664 700 
664 700
62 93 172 224 432 468 551 799 
799 172
224 799
468 224
62 468
432 62
93 432
551 93
10 107 139 203 488 624 707 
139 107
488 10
139 488
624 139
624 203
707 624
15 74 287 
287 15
74 287
97 118 331 405 474 641 666 
641 97
405 641
331 405
118 331
666 118
666 474
112 215 266 492 655 699 
699 215
112 699
492 112
266 492
266 655
96 121 355 596 
96 121
355 596
355 96
298 311 
298 311
177 
11 106 115 313 477 
106 115
313 106
11 313
477 11
26 73 104 157 168 173 238 240 251 259 352 354 382 383 423 480 565 591 595 618 631 651 656 678 680 711 741 
565 251
104 565
354 104
173 354
618 173
73 618
259 73
480 259
26 480
168 26
678 168
352 678
423 352
656 423
741 656
711 238
711 591
741 711
383 741
631 680
383 631
595 383
651 157
595 651
240 595
382 240
108 144 280 338 379 387 449 504 
449 280
108 449
144 108
379 144
387 379
504 387
504 338
272 463 688 
463 272
688 463
