? 10 0 710 74 512 566 281 358 88 590 557
? 10 1 179 733 695 727 497 601 5 351 492
? 10 2 663 65 266 798 770 772 132 797 246
? 10 3 643 430 686 32 719 699 37 308 625
? 10 4 706 390 511 653 396 687 298 675 626
? 10 6 702 692 716 568 732 793 466 301 334
? 10 7 796 696 544 678 603 743 272 153 264
? 10 8 459 394 388 662 482 11 353 660 622
? 10 9 679 62 154 699 419 558 518 374 551
? 10 10 265 694 230 536 56 403 527 615 196
? 10 12 285 200 460 274 575 244 226 335 640
? 10 13 306 378 116 703 690 82 565 138 457
? 10 14 670 455 705 128 385 282 644 485 500
? 10 15 119 368 782 76 680 488 600 604 234
? 10 16 345 406 787 162 349 621 407 543 356
? 10 17 628 69 726 243 140 453 177 98 773
? 10 18 349 768 543 335 493 345 717 16 460
? 10 19 701 30 704 169 271 249 160 39 707
? 10 20 553 542 67 783 329 492 601 180 697
? 10 21 211 274 568 640 395 524 141 200 716
? 10 22 584 244 33 731 575 539 285 226 593
? 10 23 316 208 332 97 101 504 586 50 721
? 10 24 502 472 649 66 418 614 746 611 576
? 10 25 577 114 632 650 167 59 434 516 520
? 10 26 741 346 29 789 410 611 576 746 106
? 10 27 186 441 46 277 709 408 152 60 715
? 10 28 745 721 218 765 332 208 50 101 339
? 10 31 273 344 484 249 225 350 271 198 63
? 10 34 610 165 494 750 504 519 292 608 122
? 10 35 313 247 712 75 547 372 432 521 713
? 10 36 672 202 370 421 360 91 793 769 365
? 10 38 480 185 240 231 444 40 224 225 206
? 10 41 635 95 261 157 155 113 683 150 142
? 10 42 170 759 609 583 666 263 740 757 162
? 10 43 129 617 348 507 391 283 728 546 795
? 10 44 436 642 160 769 638 365 496 118 73
? 10 45 799 602 743 193 785 272 209 351 796
? 10 47 303 589 742 219 51 510 187 233 300
? 10 48 450 455 383 762 90 670 690 565 500
? 10 49 194 734 440 722 428 405 136 309 548
? 10 52 447 133 483 562 326 83 735 257 454
? 10 53 581 588 151 118 489 198 708 523 674
? 10 54 64 310 711 471 766 222 161 469 221
? 10 55 561 352 227 323 631 216 297 442 475
? 10 57 279 475 585 580 216 352 469 227 561
? 10 58 780 641 56 477 230 403 527 534 694
? 10 61 631 476 325 442 475 415 297 682 55
? 10 68 207 269 554 322 423 107 104 412 431
? 10 70 582 647 474 781 479 354 214 314 612
? 10 71 760 540 256 75 398 634 630 517 426
? 10 72 462 392 755 501 172 259 341 248 412
? 10 77 573 524 133 447 421 732 360 716 52
? 10 78 280 217 123 103 292 776 284 608 485
? 10 79 108 510 233 319 434 73 742 752 86
? 10 80 503 315 528 126 754 603 242 678 696
? 10 81 159 656 592 763 454 668 424 267 287
? 10 84 685 182 134 121 619 391 348 98 177
? 10 85 392 409 775 248 620 522 757 532 263
? 10 87 500 330 673 158 449 383 376 398 467
? 10 89 531 630 634 383 256 449 87 372 398
? 10 92 774 5 492 168 578 553 20 601 783
? 10 93 204 146 312 570 397 175 100 567 384
? 10 94 514 386 252 697 587 329 783 669 748
? 10 96 773 288 665 278 416 487 597 726 131
? 10 99 557 88 691 710 566 74 241 512 405
? 10 102 689 777 214 582 197 647 517 596 147
? 10 105 124 298 117 533 569 653 369 377 626
? 10 109 236 112 178 237 738 122 149 123 639
? 10 110 439 583 609 788 724 170 730 126 315
? 10 111 289 698 448 499 463 324 720 341 486
? 10 115 655 555 767 232 135 173 657 212 174
? 10 120 183 163 763 736 188 656 159 139 470
? 10 125 526 184 560 213 401 756 157 367 565
? 10 127 645 505 519 795 393 646 546 639 283
? 10 130 270 606 457 138 761 82 343 221 161
? 10 137 551 321 550 154 541 106 62 245 253
? 10 143 477 433 637 403 574 780 694 56 230
? 10 144 591 530 593 226 356 539 575 460 498
? 10 145 644 445 705 485 535 284 282 385 749
? 10 148 429 758 671 257 483 532 248 522 620
? 10 156 622 660 203 394 459 388 662 171 8
? 10 164 260 239 373 220 794 276 657 147 176
? 10 166 215 767 39 555 707 655 232 238 115
? 10 181 201 357 205 301 594 100 466 175 523
? 10 189 131 495 377 278 117 286 291 288 105
? 10 190 389 174 276 657 147 173 239 187 260
? 10 191 347 234 342 667 680 443 396 687 718
? 10 192 382 624 446 533 369 667 117 124 628
? 10 195 597 633 291 473 676 387 288 563 333
? 10 199 333 255 452 473 387 633 615 195 597
? 10 210 323 548 241 136 405 309 55 428 561
? 10 223 327 399 621 788 753 439 730 679 787
? 10 228 461 664 545 688 139 490 59 470 571
? 10 229 251 438 751 350 203 772 156 266 622
? 10 235 311 209 355 602 578 193 45 168 799
? 10 250 381 491 651 207 412 755 322 497 423
? 10 254 764 478 520 267 632 577 752 167 91
? 10 258 367 262 320 293 432 713 113 521 213
? 10 268 404 675 511 4 653 706 569 390 298
? 10 275 509 86 232 767 319 108 233 655 166
? 10 290 725 150 729 261 635 606 95 142 538
? 10 294 63 171 660 618 707 11 30 169 482
? 10 295 188 139 163 736 688 545 112 461 228
? 10 296 556 371 364 317 425 463 529 458 324
? 10 299 493 717 447 758 141 257 524 768 18
? 10 302 535 415 791 682 445 586 476 506 145
? 10 304 786 515 328 395 640 731 205 334 244
? 10 305 681 402 760 744 340 771 779 71 337
? 10 307 659 489 496 702 638 365 674 588 642
? 10 318 180 465 336 67 542 252 20 94 714
? 10 331 740 162 759 666 42 758 787 349 263
? 10 338 366 293 320 713 113 262 155 258 683
? 10 359 361 757 724 242 754 409 85 775 609
? 10 362 363 375 658 564 739 571 149 738 572
? 10 379 648 446 605 191 747 667 192 382 177
? 10 380 400 385 749 128 705 670 445 90 535
? 10 411 786 146 684 93 204 397 515 304 100
? 10 413 422 483 735 720 83 451 499 257 287
? 10 414 420 784 245 541 719 32 550 37 686
? 10 417 486 46 529 289 501 698 693 408 111
? 10 427 604 700 669 600 718 714 342 234 119
? 10 435 619 629 652 648 685 605 84 348 379
? 10 437 598 134 590 281 513 623 121 358 453
? 10 456 562 202 326 454 133 267 91 370 672
? 10 464 407 356 613 481 498 591 406 753 144
? 10 468 599 778 654 373 220 135 260 164 239
? 10 508 797 798 246 770 132 65 663 2 266
? 10 525 595 709 441 782 600 27 408 431 119
? 10 537 752 73 769 370 91 44 520 79 365
? 10 549 661 196 487 527 416 265 641 536 96
? 10 552 238 353 618 215 482 212 11 166 707
? 10 559 308 153 625 579 544 790 528 430 614
? 10 607 572 792 739 612 658 479 362 474 564
? 10 616 286 569 404 675 377 495 653 298 105
? 10 627 676 291 563 195 387 597 189 131 633
? 10 636 708 224 484 344 225 594 151 523 240
? 10 677 300 612 474 516 219 737 303 70 792
? 10 723 506 586 297 682 339 442 323 50 415
? 10 0 710 74 512 566 281 358 88 590 557
? 10 1 179 733 695 727 497 601 5 351 492
? 10 12 285 200 460 274 575 244 226 335 640
? 10 21 211 274 568 640 395 524 141 200 716
? 10 25 577 114 632 650 167 59 434 516 520
? 10 29 346 741 26 410 576 746 611 789 649
? 10 33 539 584 593 22 530 144 226 575 591
? 10 34 610 165 494 750 504 519 292 608 122
? 10 35 313 247 712 75 547 372 432 521 713
? 10 36 672 202 370 421 360 91 793 769 365
? 10 40 480 231 185 444 38 240 206 567 312
? 10 41 635 95 261 157 155 113 683 150 142
? 10 43 129 617 348 507 391 283 728 546 795
? 10 47 303 589 742 219 51 510 187 233 300
? 10 53 581 588 151 118 489 198 708 523 674
? 10 66 24 502 649 472 746 418 355 576 785
? 10 76 368 488 15 747 277 119 680 782 605
? 10 81 159 656 592 763 454 668 424 267 287
? 10 104 269 748 68 386 595 587 514 322 207
? 10 109 236 112 178 237 738 122 149 123 639
? 10 140 453 243 17 628 513 98 134 177 69
? 10 158 330 673 354 376 314 467 781 479 87
? 10 176 771 337 794 164 778 426 260 373 689
? 10 218 28 765 745 721 750 507 332 208 504
? 10 222 766 711 54 310 469 64 471 161 703
? 10 254 764 478 520 267 632 577 752 167 91
? 10 255 199 333 452 615 473 387 536 633 196
? 10 259 172 431 107 554 423 412 501 755 408
? 10 270 138 82 457 130 761 606 343 221 13
? 10 280 78 217 103 123 284 776 485 292 608
? 10 290 725 150 729 261 635 606 95 142 538
? 10 305 681 402 760 744 340 771 779 71 337
? 10 306 703 116 13 161 378 690 221 471 343
? 10 316 23 208 332 504 97 101 586 50 721
? 10 317 296 736 424 556 371 668 364 295 163
? 10 318 180 465 336 67 542 252 20 94 714
? 10 321 253 154 62 137 374 419 558 551 518
? 10 338 366 293 320 713 113 262 155 258 683
? 10 347 191 234 342 680 396 718 443 687 667
? 10 361 359 242 754 724 264 315 503 757 80
? 10 375 363 362 738 571 658 149 564 739 776
? 10 384 570 175 100 567 594 397 201 204 312
? 10 389 190 276 174 147 657 173 239 260 187
? 10 413 422 483 735 720 83 451 499 257 287
? 10 417 486 46 529 289 501 698 693 408 111
? 10 427 604 700 669 600 718 714 342 234 119
? 10 448 111 289 341 499 451 698 463 720 417
? 10 458 693 529 60 152 486 425 46 715 417
? 10 462 72 392 755 172 501 259 412 107 341
? 10 468 599 778 654 373 220 135 260 164 239
? 10 490 737 571 658 664 228 516 688 59 461
? 10 491 651 497 264 250 727 695 381 603 696
? 10 505 645 795 283 127 546 519 393 129 617
? 10 508 797 798 246 770 132 65 663 2 266
? 10 509 275 86 232 767 319 233 108 655 173
? 10 526 125 560 184 213 401 756 157 367 565
? 10 534 637 623 574 780 58 0 477 641 281
? 10 585 469 57 279 310 54 766 711 475 222
? 10 598 590 281 358 437 623 121 0 728 710
? 10 607 572 792 739 612 658 479 362 474 564
? 10 613 481 407 753 464 621 356 498 406 518
? 10 627 676 291 563 195 387 597 189 131 633
? 10 646 519 639 236 237 122 127 165 178 109
? 10 661 549 527 487 196 416 265 641 665 96
? 10 677 300 612 474 516 219 737 303 70 792
? 10 684 411 731 786 22 33 584 146 244 328
? 10 691 99 557 339 50 88 723 745 101 721
? 10 692 466 6 301 702 334 357 568 659 716
? 10 734 194 49 722 440 428 512 566 574 74
? 10 751 438 251 229 772 350 266 203 65 663
? 10 784 420 414 541 550 32 686 719 245 551
? 10 1 179 733 695 727 497 601 5 351 492
? 10 3 643 430 686 32 719 699 37 308 625
? 10 7 796 696 544 678 603 743 272 153 264
? 10 9 679 62 154 699 419 558 518 374 551
? 10 10 265 694 230 536 56 403 527 615 196
? 10 12 285 200 460 274 575 244 226 335 640
? 10 14 670 455 705 128 385 282 644 485 500
? 10 19 701 30 704 169 271 249 160 39 707
? 10 21 211 274 568 640 395 524 141 200 716
? 10 25 577 114 632 650 167 59 434 516 520
? 10 29 346 741 26 410 576 746 611 789 649
? 10 31 273 344 484 249 225 350 271 198 63
? 10 34 610 165 494 750 504 519 292 608 122
? 10 35 313 247 712 75 547 372 432 521 713
? 10 36 672 202 370 421 360 91 793 769 365
? 10 41 635 95 261 157 155 113 683 150 142
? 10 43 129 617 348 507 391 283 728 546 795
? 10 45 799 602 743 193 785 272 209 351 796
? 10 47 303 589 742 219 51 510 187 233 300
? 10 48 450 455 383 762 90 670 690 565 500
? 10 53 581 588 151 118 489 198 708 523 674
? 10 61 631 476 325 442 475 415 297 682 55
? 10 76 368 488 15 747 277 119 680 782 605
? 10 77 573 524 133 447 421 732 360 716 52
? 10 81 159 656 592 763 454 668 424 267 287
? 10 89 531 630 634 383 256 449 87 372 398
? 10 102 689 777 214 582 197 647 517 596 147
? 10 106 245 789 414 541 420 137 784 550 551
? 10 120 183 163 763 736 188 656 159 139 470
? 10 140 453 243 17 628 513 98 134 177 69
? 10 143 477 433 637 403 574 780 694 56 230
? 10 158 330 673 354 376 314 467 781 479 87
? 10 176 771 337 794 164 778 426 260 373 689
? 10 181 201 357 205 301 594 100 466 175 523
? 10 182 121 84 685 391 348 134 619 437 728
? 10 186 27 277 46 152 715 441 60 693 709
? 10 206 132 770 797 2 185 480 40 798 663
? 10 223 327 399 621 788 753 439 730 679 787
? 10 235 311 209 355 602 578 193 45 168 799
? 10 238 212 552 555 654 166 135 655 215 115
? 10 254 764 478 520 267 632 577 752 167 91
? 10 255 199 333 452 615 473 387 536 633 196
? 10 268 404 675 511 4 653 706 569 390 298
? 10 269 104 68 748 595 554 322 207 525 386
? 10 270 138 82 457 130 761 606 343 221 13
? 10 280 78 217 103 123 284 776 485 292 608
? 10 290 725 150 729 261 635 606 95 142 538
? 10 294 63 171 660 618 707 11 30 169 482
? 10 299 493 717 447 758 141 257 524 768 18
? 10 302 535 415 791 682 445 586 476 506 145
? 10 305 681 402 760 744 340 771 779 71 337
? 10 306 703 116 13 161 378 690 221 471 343
? 10 309 428 210 548 136 405 440 241 194 49
? 10 316 23 208 332 504 97 101 586 50 721
? 10 318 180 465 336 67 542 252 20 94 714
? 10 321 253 154 62 137 374 419 558 551 518
? 10 331 740 162 759 666 42 758 787 349 263
? 10 338 366 293 320 713 113 262 155 258 683
? 10 347 191 234 342 680 396 718 443 687 667
? 10 361 359 242 754 724 264 315 503 757 80
? 10 371 556 296 364 425 317 458 529 393 463
? 10 375 363 362 738 571 658 149 564 739 776
? 10 380 400 385 749 128 705 670 445 90 535
? 10 389 190 276 174 147 657 173 239 260 187
? 10 413 422 483 735 720 83 451 499 257 287
? 10 427 604 700 669 600 718 714 342 234 119
? 10 429 671 248 148 532 522 620 775 758 666
? 10 435 619 629 652 648 685 605 84 348 379
? 10 448 111 289 341 499 451 698 463 720 417
? 10 456 562 202 326 454 133 267 91 370 672
? 10 462 72 392 755 172 501 259 412 107 341
? 10 468 599 778 654 373 220 135 260 164 239
? 10 472 502 24 649 418 614 611 790 746 66
? 10 490 737 571 658 664 228 516 688 59 461
? 10 505 645 795 283 127 546 519 393 129 617
? 10 508 797 798 246 770 132 65 663 2 266
? 10 509 275 86 232 767 319 233 108 655 173
? 10 515 786 304 205 397 100 357 201 334 175
? 10 526 125 560 184 213 401 756 157 367 565
? 10 528 80 503 678 153 603 126 544 315 696
? 10 530 144 226 593 575 591 460 539 584 543
? 10 537 752 73 769 370 91 44 520 79 365
? 10 540 256 75 634 630 71 247 760 35 372
? 10 559 308 153 625 579 544 790 528 430 614
? 10 570 384 567 312 175 204 93 100 397 594
? 10 580 216 352 227 279 57 561 475 55 585
? 10 587 697 386 329 783 601 748 514 94 104
? 10 598 590 281 358 437 623 121 0 728 710
? 10 607 572 792 739 612 658 479 362 474 564
? 10 613 481 407 753 464 621 356 498 406 518
? 10 616 286 569 404 675 377 495 653 298 105
? 10 627 676 291 563 195 387 597 189 131 633
? 10 636 708 224 484 344 225 594 151 523 240
? 10 642 436 44 638 496 365 769 307 489 160
? 10 646 519 639 236 237 122 127 165 178 109
? 10 661 549 527 487 196 416 265 641 665 96
? 10 677 300 612 474 516 219 737 303 70 792
? 10 734 194 49 722 440 428 512 566 574 74
? 10 751 438 251 229 772 350 266 203 65 663
? 10 765 218 28 745 721 507 728 50 339 750
? 10 774 92 492 5 168 553 578 20 601 783
? 10 1 179 733 695 727 497 601 5 351 492
? 10 12 285 200 460 274 575 244 226 335 640
? 10 16 345 406 787 162 349 621 407 543 356
? 10 21 211 274 568 640 395 524 141 200 716
? 10 25 577 114 632 650 167 59 434 516 520
? 10 29 346 741 26 410 576 746 611 789 649
? 10 34 610 165 494 750 504 519 292 608 122
? 10 36 672 202 370 421 360 91 793 769 365
? 10 41 635 95 261 157 155 113 683 150 142
? 10 43 129 617 348 507 391 283 728 546 795
? 10 47 303 589 742 219 51 510 187 233 300
? 10 53 581 588 151 118 489 198 708 523 674
? 10 76 368 488 15 747 277 119 680 782 605
? 10 81 159 656 592 763 454 668 424 267 287
? 10 85 392 409 775 248 620 522 757 532 263
? 10 110 439 583 609 788 724 170 730 126 315
? 10 112 178 109 236 738 688 295 237 639 571
? 10 117 533 105 624 124 369 192 377 382 495
? 10 140 453 243 17 628 513 98 134 177 69
? 10 158 330 673 354 376 314 467 781 479 87
? 10 176 771 337 794 164 778 426 260 373 689
? 10 222 766 711 54 310 469 64 471 161 703
? 10 231 444 240 480 38 40 185 224 567 312
? 10 254 764 478 520 267 632 577 752 167 91
? 10 255 199 333 452 615 473 387 536 633 196
? 10 269 104 68 748 595 554 322 207 525 386
? 10 270 138 82 457 130 761 606 343 221 13
? 10 278 288 773 131 96 189 726 665 291 597
? 10 280 78 217 103 123 284 776 485 292 608
? 10 290 725 150 729 261 635 606 95 142 538
? 10 305 681 402 760 744 340 771 779 71 337
? 10 306 703 116 13 161 378 690 221 471 343
? 10 309 428 210 548 136 405 440 241 194 49
? 10 316 23 208 332 504 97 101 586 50 721
? 10 318 180 465 336 67 542 252 20 94 714
? 10 321 253 154 62 137 374 419 558 551 518
? 10 324 463 720 499 287 111 668 424 698 289
? 10 338 366 293 320 713 113 262 155 258 683
? 10 347 191 234 342 680 396 718 443 687 667
? 10 353 482 11 618 662 388 459 8 552 215
? 10 361 359 242 754 724 264 315 503 757 80
? 10 371 556 296 364 425 317 458 529 393 463
? 10 375 363 362 738 571 658 149 564 739 776
? 10 381 250 755 412 409 423 207 107 322 491
? 10 389 190 276 174 147 657 173 239 260 187
? 10 413 422 483 735 720 83 451 499 257 287
? 10 427 604 700 669 600 718 714 342 234 119
? 10 448 111 289 341 499 451 698 463 720 417
? 10 449 398 531 87 89 596 630 467 256 634
? 10 462 72 392 755 172 501 259 412 107 341
? 10 468 599 778 654 373 220 135 260 164 239
? 10 470 139 167 545 188 632 461 163 228 664
? 10 472 502 24 649 418 614 611 790 746 66
? 10 490 737 571 658 664 228 516 688 59 461
? 10 505 645 795 283 127 546 519 393 129 617
? 10 508 797 798 246 770 132 65 663 2 266
? 10 509 275 86 232 767 319 233 108 655 173
? 10 511 4 706 268 390 675 404 714 653 700
? 10 515 786 304 205 397 100 357 201 334 175
? 10 526 125 560 184 213 401 756 157 367 565
? 10 547 372 521 247 432 35 634 630 756 256
? 10 570 384 567 312 175 204 93 100 397 594
? 10 585 469 57 279 310 54 766 711 475 222
? 10 587 697 386 329 783 601 748 514 94 104
? 10 598 590 281 358 437 623 121 0 728 710
? 10 607 572 792 739 612 658 479 362 474 564
? 10 613 481 407 753 464 621 356 498 406 518
? 10 627 676 291 563 195 387 597 189 131 633
? 10 637 574 534 143 477 780 512 74 566 0
? 10 642 436 44 638 496 365 769 307 489 160
? 10 646 519 639 236 237 122 127 165 178 109
? 10 661 549 527 487 196 416 265 641 665 96
? 10 677 300 612 474 516 219 737 303 70 792
? 10 684 411 731 786 22 33 584 146 244 328
? 10 691 99 557 339 50 88 723 745 101 721
? 10 692 466 6 301 702 334 357 568 659 716
? 10 734 194 49 722 440 428 512 566 574 74
? 10 751 438 251 229 772 350 266 203 65 663
? 10 765 218 28 745 721 507 728 50 339 750
? 10 1 179 733 695 727 497 601 5 351 492
? 10 3 643 430 686 32 719 699 37 308 625
? 10 7 796 696 544 678 603 743 272 153 264
? 10 9 679 62 154 699 419 558 518 374 551
? 10 10 265 694 230 536 56 403 527 615 196
? 10 12 285 200 460 274 575 244 226 335 640
? 10 14 670 455 705 128 385 282 644 485 500
? 10 18 349 768 543 335 493 345 717 16 460
? 10 19 701 30 704 169 271 249 160 39 707
? 10 21 211 274 568 640 395 524 141 200 716
? 10 25 577 114 632 650 167 59 434 516 520
!
122 165 494 505 519 610 646 
519 165
519 610
519 505
122 519
122 494
646 122
209 235 311 355 578 602 785 796 
311 578
235 311
209 235
209 602
355 209
785 355
785 796
418 
59 73 79 86 108 187 219 233 319 509 510 516 589 742 752 
742 752
510 742
233 510
589 187
219 589
516 59
219 516
233 219
108 319
233 108
79 233
73 79
86 509
73 86
269 413 431 525 695 
269 695
431 413
525 431
525 269
9 80 110 126 153 242 264 315 359 361 439 583 603 678 679 730 754 757 775 
679 9
730 679
439 730
583 439
110 583
126 110
315 126
80 361
315 80
754 315
242 754
264 242
153 603
264 153
264 678
359 264
757 359
775 757
213 401 450 560 565 756 
565 450
213 756
401 213
560 401
565 560
27 152 435 619 629 652 715 
152 27
715 152
652 715
629 619
652 435
629 652
402 
180 252 336 465 
336 180
336 252
465 336
10 56 230 265 403 433 477 527 536 549 641 694 780 
536 10
265 536
694 780
527 641
265 549
527 265
403 527
56 403
230 56
230 694
477 230
477 433
36 77 360 732 
360 36
77 360
77 732
164 260 
164 260
118 151 225 249 484 523 581 674 708 
581 118
151 581
708 674
523 708
151 523
225 151
225 249
225 484
81 159 
81 159
137 753 
753 137
133 148 257 447 451 454 522 562 656 
454 562
454 656
133 454
447 133
257 447
257 451
148 257
148 522
178 317 324 364 556 639 
639 178
364 639
556 364
317 556
324 317
13 138 221 270 378 471 690 703 762 
703 471
378 703
221 378
221 270
690 221
690 762
13 690
138 13
62 154 253 321 374 419 
253 419
154 253
154 62
374 154
321 374
155 258 262 293 366 683 
262 155
366 683
262 366
293 262
258 293
74 84 121 182 281 358 391 437 557 685 
121 391
557 74
121 182
121 84
281 557
437 358
281 437
121 281
685 121
555 778 
555 778
19 30 160 169 198 271 294 388 394 436 459 482 588 618 662 701 704 
198 588
271 198
701 19
271 701
30 271
160 436
30 160
169 30
169 704
618 169
294 618
482 294
662 482
388 662
459 388
459 394
115 166 232 655 657 767 
655 657
655 115
232 655
767 232
166 767
85 111 172 248 259 287 289 392 409 412 424 462 499 501 720 755 
287 424
720 287
499 720
111 499
289 111
501 289
409 85
172 259
172 462
501 172
755 501
412 755
392 412
409 392
248 409
55 58 136 194 210 216 241 297 309 323 405 428 440 476 534 548 561 566 574 580 590 623 637 682 710 722 
55 476
682 297
323 682
55 323
216 55
580 216
561 580
136 561
136 405
210 136
210 548
241 210
428 241
440 309
440 722
194 428
194 440
566 194
637 534
566 637
566 574
710 566
623 710
623 590
58 623
579 
7 503 528 544 724 
544 7
503 544
503 528
503 724
82 116 161 306 343 457 
343 161
457 306
457 343
82 457
82 116
71 197 337 426 517 596 689 760 771 777 
771 337
71 771
760 71
517 760
689 426
517 689
197 517
777 197
596 777
25 537 
537 25
24 26 29 66 346 410 472 576 611 614 649 741 746 784 789 
649 614
649 472
746 611
24 66
746 24
410 746
576 410
649 576
346 649
26 29
346 26
741 346
789 741
784 789
106 245 414 420 541 
245 106
245 414
245 541
420 245
91 202 370 456 520 672 769 
91 520
91 769
202 91
672 202
370 672
456 370
598 
302 506 
506 302
28 34 43 78 280 
34 43
34 28
280 34
280 78
103 123 217 237 375 738 776 
103 217
776 103
738 237
776 738
776 123
375 776
4 124 192 268 286 298 377 390 404 446 511 533 569 616 653 675 706 
192 446
533 192
124 533
377 124
286 569
675 286
268 511
675 268
390 706
4 390
675 4
298 675
653 404
298 653
377 298
377 616
94 
49 143 255 512 615 734 
615 255
143 615
512 143
49 512
734 49
93 100 146 175 201 204 205 301 312 357 397 411 515 567 570 659 684 692 
93 684
204 93
312 204
146 312
146 411
515 146
175 515
357 205
692 301
357 692
567 570
175 567
100 397
175 100
201 175
357 201
659 357
32 308 407 430 518 551 558 643 699 
518 407
558 518
551 558
699 551
430 699
430 643
308 430
32 308
40 224 231 240 344 444 636 
240 231
444 40
240 444
224 240
224 636
344 224
199 291 333 597 
333 199
597 333
597 291
17 69 140 
140 17
69 140
109 149 362 363 572 607 
149 109
363 362
149 363
572 149
607 572
15 60 76 119 186 191 277 342 347 368 396 488 600 604 605 626 648 669 680 687 697 700 709 718 747 782 
669 697
488 76
747 488
277 186
277 709
277 60
368 277
605 368
605 648
15 605
680 347
604 669
700 604
600 700
718 600
718 342
119 718
119 782
15 119
680 15
747 680
191 747
191 687
396 191
626 396
145 282 385 445 535 644 705 749 791 
282 385
644 282
705 644
535 705
145 535
445 145
445 749
791 445
244 285 304 328 334 731 786 
786 304
244 731
244 285
328 244
786 334
328 786
87 158 284 292 330 376 398 449 467 485 500 608 673 
608 292
284 608
485 284
500 485
87 500
87 398
673 87
330 158
673 330
467 673
376 467
449 376
21 787 
787 21
46 296 371 408 417 425 441 448 463 486 529 668 693 698 
46 441
46 408
417 46
698 417
486 698
463 486
463 448
529 463
529 693
425 296
529 425
371 529
668 371
64 310 585 711 
585 310
64 585
711 64
18 162 593 
18 162
18 593
696 
45 193 272 743 799 
743 272
799 45
799 743
799 193
12 42 226 263 331 335 349 460 575 666 740 758 759 768 
226 12
460 226
575 460
335 575
768 335
758 768
349 758
759 349
331 759
740 331
263 740
666 263
666 42
50 88 97 99 101 218 339 415 442 586 691 723 745 
99 88
691 99
723 691
339 218
745 339
101 745
101 586
97 101
50 97
723 50
415 723
415 442
61 90 128 325 400 455 670 
128 455
90 128
90 670
400 90
325 400
325 61
41 95 130 150 157 184 367 606 635 761 
635 150
606 130
606 761
635 606
95 635
95 41
157 95
184 157
367 184
68 104 107 179 207 250 322 329 351 381 386 423 491 497 514 554 595 601 651 727 733 748 783 
322 554
423 322
381 423
727 381
207 595
207 107
727 491
68 207
104 68
748 104
386 748
514 386
329 514
783 329
601 783
179 601
351 179
727 351
497 733
727 497
250 727
250 651
1 67 318 587 
67 318
1 67
587 1
141 211 274 299 395 466 493 524 573 640 716 717 
524 573
716 466
395 211
640 395
274 640
141 274
524 716
141 524
493 141
717 493
717 299
125 261 338 526 
261 526
125 261
338 125
434 650 
434 650
275 
102 214 300 303 354 474 479 564 571 582 612 658 664 677 737 739 781 792 
300 303
564 739
658 564
571 658
664 571
737 664
300 737
612 300
474 677
612 792
474 612
479 474
354 479
781 354
214 781
214 102
582 214
54 57 222 227 279 352 469 475 631 766 
766 54
469 766
469 222
475 469
57 227
475 631
57 475
279 57
352 279
6 44 307 365 489 496 568 638 702 793 
638 489
638 496
44 638
365 44
793 365
6 793
568 6
702 568
307 702
51 176 
176 51
305 340 681 744 779 
744 305
744 681
340 779
744 340
48 89 540 547 630 
89 48
630 540
630 547
630 89
52 83 326 421 422 483 
52 83
483 422
52 421
483 52
483 326
236 
96 98 131 134 177 189 195 196 243 278 288 387 416 453 487 513 563 624 627 628 633 665 667 676 726 773 
676 627
387 676
563 387
195 563
633 195
196 633
487 196
96 487
288 96
131 278
131 189
288 131
416 288
665 773
665 416
726 665
453 513
726 453
667 624
177 667
243 628
177 243
98 134
177 98
726 177
23 208 316 332 504 721 750 
504 750
332 504
721 316
332 721
23 332
208 23
113 142 290 538 725 729 
290 725
729 538
142 729
142 113
290 142
254 267 478 592 763 764 
267 763
267 592
478 267
764 478
254 764
0 127 129 283 348 393 507 546 617 645 728 765 795 
393 127
546 393
617 546
348 617
283 645
348 283
795 348
507 765
129 795
507 129
728 507
0 728
200 
105 117 369 379 382 443 495 
117 105
369 443
382 369
382 379
117 382
117 495
31 38 171 273 
31 171
273 38
273 31
53 181 384 594 642 
53 642
594 53
594 181
594 384
5 20 92 168 492 542 553 774 
20 542
553 20
774 553
5 168
492 5
92 492
774 92
2 8 63 65 132 156 185 203 206 229 246 251 266 350 438 480 508 622 660 663 751 770 772 797 798 
480 206
480 185
770 480
65 772
663 246
798 508
798 663
797 798
132 797
770 132
65 770
251 65
266 251
266 2
438 266
203 438
229 203
229 350
229 751
156 229
660 63
660 8
156 660
622 156
14 380 
14 380
35 75 247 256 313 320 372 383 432 521 531 634 712 713 
372 256
372 383
75 372
432 247
432 35
313 712
432 313
320 432
713 320
713 521
75 713
634 75
634 531
452 473 661 
473 661
473 452
47 70 314 647 
647 47
647 314
70 647
3 37 502 550 559 625 686 719 790 
719 550
719 686
37 719
3 37
625 3
790 625
790 502
790 559
170 223 327 399 406 481 609 621 788 
481 406
621 481
223 621
327 223
788 399
170 609
788 170
788 327
112 114 120 139 163 167 188 228 295 461 470 490 545 577 632 688 736 
167 114
632 577
167 632
470 167
120 470
188 120
163 736
163 139
188 163
461 188
688 461
688 112
688 490
688 228
295 688
295 545
234 427 714 
714 234
427 714
72 341 429 532 620 671 735 
429 735
532 620
429 532
671 429
341 72
671 341
16 22 33 144 345 356 464 498 530 539 543 584 591 613 
539 33
144 584
539 22
144 539
356 144
345 16
345 543
356 345
498 613
356 498
356 464
591 356
591 530
183 458 
458 183
11 39 135 147 173 174 190 212 215 220 238 239 276 353 373 389 468 552 599 654 707 794 
707 39
353 707
552 353
215 552
215 212
215 11
238 215
239 794
173 389
173 147
174 173
190 174
239 190
239 276
373 239
373 220
599 373
654 599
654 468
135 654
238 135
