? 3 0 296 239
? 3 1 147 353
? 3 2 114 736
? 3 3 151 429
? 3 4 515 25
? 3 5 76 250
? 3 6 386 455
? 3 7 571 79
? 3 8 627 105
? 3 9 792 332
? 3 10 491 598
? 3 11 505 448
? 3 12 160 365
? 3 13 52 778
? 3 14 777 220
? 3 15 127 537
? 3 16 191 72
? 3 17 372 428
? 3 18 684 611
? 3 19 128 509
? 3 20 643 232
? 3 21 457 51
? 3 22 257 24
? 3 23 277 285
? 3 26 559 158
? 3 27 304 742
? 3 28 781 373
? 3 29 662 330
? 3 30 132 94
? 3 31 624 309
? 3 32 511 96
? 3 33 747 336
? 3 34 370 367
? 3 35 644 167
? 3 36 564 654
? 3 37 259 524
? 3 38 710 462
? 3 39 474 434
? 3 40 397 339
? 3 41 113 723
? 3 42 652 202
? 3 43 220 14
? 3 44 790 252
? 3 45 124 244
? 3 46 734 522
? 3 47 69 597
? 3 48 718 294
? 3 49 791 379
? 3 50 409 755
? 3 53 626 635
? 3 54 471 419
? 3 55 376 646
? 3 56 491 411
? 3 57 295 483
? 3 58 434 491
? 3 59 350 784
? 3 60 208 590
? 3 61 413 667
? 3 62 229 292
? 3 63 501 749
? 3 64 613 290
? 3 65 99 576
? 3 66 730 192
? 3 67 344 180
? 3 68 131 359
? 3 70 513 349
? 3 71 751 745
? 3 73 725 657
? 3 74 447 687
? 3 75 565 221
? 3 77 330 685
? 3 78 152 123
? 3 80 511 32
? 3 81 136 724
? 3 82 673 488
? 3 83 27 304
? 3 84 645 308
? 3 85 312 216
? 3 86 427 165
? 3 87 787 696
? 3 88 737 485
? 3 89 527 666
? 3 90 147 148
? 3 91 553 283
? 3 92 461 157
? 3 93 689 101
? 3 95 785 398
? 3 97 576 423
? 3 98 380 422
? 3 100 539 623
? 3 102 682 88
? 3 103 449 325
? 3 104 275 684
? 3 106 94 174
? 3 107 211 535
? 3 108 162 369
? 3 109 470 581
? 3 110 518 309
? 3 111 292 470
? 3 112 130 726
? 3 115 407 298
? 3 116 457 387
? 3 117 462 374
? 3 118 98 380
? 3 119 114 519
? 3 120 741 365
? 3 121 649 771
? 3 122 712 570
? 3 125 418 639
? 3 126 392 311
? 3 129 361 261
? 3 133 779 439
? 3 134 212 524
? 3 135 285 23
? 3 137 441 638
? 3 138 548 12
? 3 139 599 363
? 3 140 432 410
? 3 141 419 54
? 3 142 664 607
? 3 143 712 760
? 3 144 679 279
? 3 145 159 588
? 3 146 575 502
? 3 149 620 150
? 3 153 761 727
? 3 154 646 168
? 3 155 383 510
? 3 156 364 476
? 3 161 670 586
? 3 163 509 19
? 3 164 549 370
? 3 166 228 151
? 3 169 123 475
? 3 170 424 84
? 3 171 452 722
? 3 172 277 366
? 3 173 537 562
? 3 175 25 162
? 3 176 302 720
? 3 177 300 310
? 3 178 249 747
? 3 179 388 556
? 3 181 687 447
? 3 182 768 707
? 3 183 748 493
? 3 184 335 112
? 3 185 420 601
? 3 186 494 190
? 3 187 287 589
? 3 188 232 654
? 3 189 288 678
? 3 193 446 262
? 3 194 473 435
? 3 195 563 305
? 3 196 561 199
? 3 197 185 525
? 3 198 213 442
? 3 200 762 315
? 3 201 428 489
? 3 203 321 604
? 3 204 582 679
? 3 205 636 419
? 3 206 643 603
? 3 207 785 554
? 3 209 783 460
? 3 210 116 735
? 3 214 604 771
? 3 215 463 624
? 3 217 500 588
? 3 218 456 698
? 3 219 324 174
? 3 222 584 676
? 3 223 290 64
? 3 224 602 413
? 3 225 520 342
? 3 226 650 450
? 3 227 293 523
? 3 230 303 665
? 3 231 675 777
? 3 233 681 422
? 3 234 695 86
? 3 235 433 710
? 3 236 502 68
? 3 237 401 192
? 3 238 696 689
? 3 240 100 623
? 3 241 346 674
? 3 242 357 301
? 3 243 552 639
? 3 245 318 579
? 3 246 395 470
? 3 247 588 145
? 3 248 317 584
? 3 251 584 317
? 3 253 294 726
? 3 254 678 353
? 3 255 630 97
? 3 256 245 194
? 3 258 329 404
? 3 260 36 564
? 3 263 575 83
? 3 264 740 487
? 3 265 434 689
? 3 266 121 649
? 3 267 545 547
? 3 268 698 456
? 3 269 39 474
? 3 270 769 67
? 3 271 331 0
? 3 272 738 20
? 3 273 479 359
? 3 274 477 668
? 3 276 467 536
? 3 278 403 139
? 3 280 578 506
? 3 281 444 541
? 3 282 385 510
? 3 284 489 313
? 3 286 593 754
? 3 289 728 773
? 3 291 496 600
? 3 297 692 306
? 3 299 7 611
? 3 307 656 468
? 3 314 379 791
? 3 316 603 11
? 3 319 676 322
? 3 320 792 171
? 3 323 338 275
? 3 326 106 94
? 3 327 96 32
? 3 328 699 431
? 3 333 368 400
? 3 334 262 368
? 3 337 693 5
? 3 340 362 515
? 3 341 138 331
? 3 343 486 415
? 3 345 543 199
? 3 347 595 680
? 3 348 417 583
? 3 351 793 750
? 3 352 543 345
? 3 354 281 562
? 3 355 412 314
? 3 356 633 686
? 3 358 758 15
? 3 360 729 677
? 3 371 319 322
? 3 375 269 475
? 3 377 794 400
? 3 378 517 401
? 3 381 530 310
? 3 382 423 576
? 3 384 572 720
? 3 389 795 608
? 3 390 546 745
? 3 391 581 109
? 3 393 655 427
? 3 394 798 776
? 3 396 635 608
? 3 399 701 443
? 3 402 499 533
? 3 405 429 3
? 3 406 424 471
? 3 408 538 392
? 3 414 472 713
? 3 416 799 577
? 3 421 53 626
? 3 425 665 303
? 3 426 421 605
? 3 430 305 743
? 3 436 221 653
? 3 437 72 586
? 3 438 71 751
? 3 440 176 302
? 3 445 17 306
? 3 451 90 381
? 3 453 432 373
? 3 454 679 343
? 3 458 464 495
? 3 459 55 713
? 3 465 703 397
? 3 466 680 700
? 3 469 667 753
? 3 478 159 145
? 3 480 702 709
? 3 481 460 409
? 3 482 189 397
? 3 484 152 295
? 3 490 486 343
? 3 492 108 175
? 3 497 357 301
? 3 498 322 676
? 3 503 540 641
? 3 504 461 287
? 3 507 427 280
? 3 508 463 215
? 3 512 577 688
? 3 514 472 414
? 3 516 641 619
? 3 521 623 539
? 3 526 165 772
? 3 528 705 519
? 3 529 535 107
? 3 531 544 399
? 3 532 775 560
? 3 534 376 487
? 3 542 433 235
? 3 550 523 524
? 3 551 725 274
? 3 555 97 255
? 3 557 716 66
? 3 558 581 109
? 3 566 279 144
? 3 567 772 480
? 3 568 102 682
? 3 569 564 654
? 3 573 366 11
? 3 574 614 677
? 3 580 577 512
? 3 585 205 636
? 3 587 261 361
? 3 591 688 512
? 3 592 787 87
? 3 594 782 431
? 3 596 450 699
? 3 606 382 423
? 3 609 333 656
? 3 610 549 774
? 3 612 216 312
? 3 615 766 181
? 3 616 739 749
? 3 617 614 574
? 3 618 228 166
? 3 621 783 536
? 3 622 302 176
? 3 625 548 12
? 3 628 640 105
? 3 629 661 540
? 3 631 527 89
? 3 632 757 315
? 3 634 789 506
? 3 637 636 205
? 3 642 651 735
? 3 647 545 706
? 3 648 485 737
? 3 658 707 768
? 3 659 210 457
? 3 660 342 700
? 3 663 798 394
? 3 669 764 719
? 3 671 710 38
? 3 672 65 99
? 3 683 167 171
? 3 690 619 590
? 3 691 704 392
? 3 694 76 218
? 3 697 311 392
? 3 708 283 553
? 3 711 158 26
? 3 714 254 353
? 3 715 731 298
? 3 717 486 415
? 3 721 772 567
? 3 732 746 713
? 3 733 305 496
? 3 744 758 15
? 3 752 124 45
? 3 756 597 69
? 3 759 598 622
? 3 763 704 691
? 3 765 174 106
? 3 767 404 329
? 3 770 499 402
? 3 780 329 404
? 3 786 128 19
? 3 788 221 653
? 3 796 301 724
? 3 797 126 538
? 3 1 147 353
? 3 4 515 25
? 3 6 386 455
? 3 9 792 332
? 3 13 52 778
? 3 16 191 72
? 3 21 457 51
? 3 24 22 257
? 3 29 662 330
? 3 30 132 94
? 3 31 624 309
? 3 34 370 367
? 3 37 259 524
? 3 41 113 723
? 3 43 220 14
? 3 44 790 252
? 3 46 734 522
? 3 48 718 294
? 3 49 791 379
!
306 360 574 614 677 692 729 
360 729
677 360
677 574
614 677
692 614
692 306
8 105 627 628 640 
640 628
627 640
8 627
105 8
5 76 694 760 
694 760
694 5
76 694
37 49 54 84 134 141 170 212 227 259 293 308 314 355 379 412 419 424 458 464 471 495 523 524 550 585 636 637 645 791 
355 412
314 355
379 314
791 379
49 791
458 49
458 464
495 458
293 495
227 293
523 227
550 523
524 550
524 37
524 259
212 524
212 134
645 212
308 645
84 308
424 84
424 170
471 424
419 471
419 141
419 54
636 419
636 585
636 637
394 663 776 798 799 
776 799
798 663
394 776
798 394
328 431 594 596 699 782 
782 594
431 782
431 328
699 431
596 699
234 416 
416 234
0 12 120 138 160 239 271 296 331 341 348 365 367 370 417 548 583 625 741 
370 367
583 370
417 348
583 417
0 583
548 341
138 625
239 296
0 239
331 0
331 271
138 331
548 138
12 548
741 120
365 741
12 365
12 160
92 436 437 
92 437
436 92
13 52 88 102 250 485 648 682 737 778 
52 250
52 13
52 778
88 52
88 648
88 682
737 485
88 737
102 88
6 386 455 532 
6 532
386 455
6 386
129 182 196 199 245 261 318 345 352 361 543 561 579 587 658 707 750 768 793 
318 245
579 318
361 579
261 129
261 361
587 261
352 587
543 352
345 543
561 345
199 561
196 199
750 196
793 750
658 793
707 658
768 707
768 182
3 151 179 187 287 388 405 429 461 504 556 589 
504 461
287 504
287 187
589 287
556 589
556 179
388 556
3 388
151 3
429 151
429 405
27 73 83 100 115 146 263 274 298 304 407 477 521 539 551 575 623 657 668 715 725 731 742 
575 146
83 575
83 263
304 83
742 304
742 27
715 742
731 715
298 731
407 298
115 407
551 115
100 521
668 477
274 668
725 274
725 551
73 725
657 73
539 657
539 100
623 539
2 17 26 41 50 55 59 67 103 113 114 119 121 153 154 158 168 180 201 203 209 214 264 266 270 276 284 313 321 325 344 350 372 376 399 409 414 428 443 449 459 460 467 472 481 487 489 514 519 528 531 534 536 544 559 604 621 646 649 701 705 711 713 723 727 732 736 740 746 755 761 769 771 783 784 
180 67
344 180
769 344
769 270
736 769
2 736
114 2
119 114
519 119
528 519
705 528
59 705
350 784
59 350
723 59
723 113
41 723
17 41
214 266
321 203
604 321
121 649
771 121
214 771
604 214
399 604
531 544
399 531
399 701
443 399
313 443
489 313
489 284
201 489
428 201
428 372
17 428
514 17
711 459
732 746
559 732
158 559
26 158
711 26
168 711
536 621
276 536
276 467
50 276
727 761
153 727
481 153
783 209
460 783
481 460
409 481
755 409
755 50
168 755
168 154
646 168
55 646
376 55
534 376
325 534
325 103
325 449
740 325
487 264
487 740
472 487
472 514
713 472
713 414
19 163 509 786 
509 163
509 19
786 509
193 609 796 
193 796
609 193
10 28 39 56 57 58 78 86 122 123 133 143 144 152 165 169 176 204 269 279 295 302 343 373 393 410 411 415 427 432 434 439 453 454 474 475 480 483 484 486 490 491 526 566 567 570 582 598 622 655 679 695 702 709 712 717 720 759 772 779 781 
712 143
122 712
570 122
144 570
204 582
679 204
279 679
279 566
144 279
454 144
393 695
133 779
439 133
165 439
655 393
427 655
427 86
165 427
526 165
772 526
772 567
480 772
709 480
702 709
57 702
483 57
295 483
484 295
152 484
152 78
123 152
169 123
475 169
269 475
474 269
39 474
434 39
434 58
491 434
28 781
373 28
373 453
432 373
410 432
302 410
176 720
302 176
622 302
598 622
598 759
10 598
491 10
411 491
56 411
717 56
343 717
486 490
415 486
343 415
343 454
47 62 69 87 93 101 109 111 155 229 238 246 265 280 282 289 292 383 385 391 395 470 506 507 510 578 581 592 597 634 689 696 728 756 773 787 789 
155 383
510 155
510 385
282 510
289 282
597 756
47 597
47 69
289 47
289 728
773 289
391 773
292 229
109 391
581 109
470 581
246 395
470 246
111 470
292 111
62 292
93 62
789 634
506 789
578 506
280 578
507 280
592 507
689 93
689 265
101 689
238 101
87 238
787 592
696 787
696 87
81 136 242 262 301 307 333 334 357 368 377 400 446 468 497 656 724 794 
262 446
262 334
368 262
377 794
400 377
368 400
333 368
656 333
307 468
656 307
136 656
136 81
724 136
301 497
357 242
301 357
724 301
560 650 775 790 
790 650
775 790
560 775
34 63 164 501 616 706 739 749 
34 164
616 34
501 616
501 739
501 706
501 63
749 501
75 157 221 565 653 788 
653 157
653 788
221 653
565 221
565 75
53 95 207 389 396 398 421 426 554 605 608 626 635 693 785 795 
396 693
626 396
426 605
421 426
53 421
53 626
635 53
398 635
554 207
785 554
95 785
398 95
608 398
795 389
608 795
89 258 329 527 631 666 
258 329
631 258
89 631
527 666
527 89
230 286 303 425 665 754 
754 286
425 754
665 303
665 230
425 665
145 159 188 217 247 272 384 440 478 500 558 572 588 738 
272 188
588 558
572 440
384 572
738 384
738 272
478 738
500 478
217 500
588 217
145 247
159 145
588 159
22 24 404 767 780 
24 22
780 24
404 767
780 404
183 402 493 569 748 
493 402
748 569
748 493
183 748
140 499 533 770 
770 140
533 770
499 533
70 332 349 513 792 
332 792
349 332
513 70
349 513
721 
126 311 392 408 463 508 538 624 691 697 704 763 797 
463 624
508 463
311 508
311 697
704 763
704 691
392 704
311 392
126 311
797 126
538 797
538 408
33 178 249 336 549 610 747 774 
610 774
549 610
747 549
249 178
747 249
33 336
747 33
4 7 18 25 71 74 79 82 85 104 108 162 175 181 216 225 275 299 312 323 337 338 340 342 347 362 369 390 438 447 466 488 492 515 520 546 571 595 611 612 615 660 673 680 684 687 700 745 751 766 
225 337
520 225
342 520
660 342
700 660
466 700
680 466
347 595
680 347
7 680
85 82
673 488
85 673
216 85
216 612
216 312
611 216
299 611
7 299
571 7
79 571
275 79
175 492
108 369
162 108
175 162
25 175
515 25
515 4
340 515
362 340
323 362
323 338
275 323
104 275
684 104
18 684
74 18
615 766
447 74
687 447
181 687
615 181
751 615
438 71
751 438
745 751
390 546
745 390
65 99 555 672 
672 555
65 672
99 65
1 40 90 132 147 148 156 177 189 224 241 254 288 300 310 339 346 353 364 381 397 413 451 465 476 530 602 667 674 678 703 714 753 
241 132
674 346
241 674
156 241
364 156
476 364
753 476
177 753
703 465
397 703
40 397
339 40
714 339
678 714
189 288
678 189
254 678
353 254
147 353
147 1
90 147
90 148
451 90
381 451
530 381
310 530
300 310
300 177
413 300
602 224
413 602
667 413
42 117 202 652 
202 117
42 202
42 652
9 30 452 765 
765 30
9 765
9 452
375 
297 445 557 617 
617 445
297 617
557 297
226 450 469 482 
482 469
482 226
450 482
31 110 215 309 518 593 
215 593
309 215
309 31
110 309
110 518
351 406 
406 351
15 127 173 281 354 358 444 537 541 562 744 758 
562 444
758 358
15 127
758 744
15 758
537 15
173 537
562 173
354 562
281 354
281 541
44 107 211 252 529 535 
252 44
211 252
107 529
107 211
107 535
11 20 23 36 60 135 172 206 208 232 260 277 285 316 366 448 505 564 573 603 643 654 
60 208
172 60
285 135
285 23
277 285
172 277
366 172
573 366
11 573
505 448
11 505
603 11
603 316
206 603
643 206
232 643
232 20
654 232
36 654
36 260
564 36
38 222 235 248 251 317 319 322 371 374 433 462 498 542 584 671 676 710 
462 374
38 462
235 542
235 433
710 235
38 710
671 38
248 671
584 251
584 248
584 317
222 584
676 222
319 371
322 498
319 322
676 319
66 192 237 378 401 517 716 730 
66 716
192 66
517 378
401 517
237 401
192 237
730 192
128 142 149 150 607 620 664 
607 128
142 607
664 142
150 664
620 149
620 150
45 124 244 568 752 
244 568
124 752
124 244
124 45
61 257 278 403 
257 278
257 403
61 257
68 125 131 236 243 273 359 418 479 502 552 577 580 590 619 629 639 669 690 719 764 
580 577
719 580
719 669
764 719
590 764
690 590
619 690
629 619
125 629
236 502
479 236
479 273
639 479
552 243
639 552
418 639
418 125
359 418
359 131
359 68
137 139 200 210 240 256 315 363 435 441 599 632 638 642 651 659 735 757 762 
599 363
599 139
435 599
256 435
137 256
137 441
638 137
240 638
632 240
315 757
315 632
762 315
200 762
659 200
651 642
210 651
210 659
735 210
16 29 72 77 161 166 191 228 330 586 618 662 670 685 
228 166
618 228
29 618
191 16
72 191
670 72
77 685
330 77
330 29
662 330
670 662
670 161
586 670
48 98 112 118 130 184 194 233 253 294 335 380 422 473 503 516 540 641 661 681 718 726 
473 194
233 473
380 118
98 380
422 98
233 422
681 233
184 681
335 184
112 335
112 130
726 112
253 726
294 253
294 48
718 294
503 718
540 661
641 516
540 641
540 503
91 218 267 268 283 456 545 547 553 647 698 708 
545 647
267 545
547 267
91 547
708 553
283 91
708 283
268 708
268 456
698 268
218 698
205 733 743 
733 743
205 733
21 51 116 185 186 190 195 197 291 305 387 420 430 457 494 496 525 563 600 601 
457 387
457 116
51 457
51 21
525 51
197 525
601 197
420 601
420 185
494 420
190 494
186 190
496 186
600 291
496 600
305 496
563 195
305 563
305 430
32 64 80 96 223 290 327 356 511 512 591 613 633 686 688 
32 80
96 327
32 96
32 511
356 32
64 223
64 613
290 64
356 290
686 356
633 686
688 633
688 512
591 688
46 94 106 174 198 213 219 324 326 442 522 734 
734 522
46 734
442 46
442 213
198 442
326 198
94 326
174 94
174 106
219 324
174 219
14 35 43 97 167 171 220 231 255 320 382 423 576 606 630 644 675 683 722 777 
171 320
171 722
683 171
167 683
35 167
644 35
220 644
675 231
777 675
220 777
220 43
14 220
606 14
630 382
423 606
630 255
97 630
423 576
97 423
