? 7 0 549 288 71 601 415 779
? 7 1 501 606 472 556 684 70
? 7 2 750 701 439 343 689 487
? 7 3 513 210 209 715 539 326
? 7 4 256 147 268 733 670 247
? 7 5 798 323 534 683 409 293
? 7 6 645 717 368 705 190 496
? 7 7 674 317 561 129 172 716
? 7 8 536 771 229 469 272 571
? 7 9 570 394 196 564 213 454
? 7 10 463 423 390 218 253 553
? 7 11 697 395 243 635 648 364
? 7 12 376 655 766 759 688 744
? 7 13 797 783 160 788 34 316
? 7 14 293 575 534 728 718 798
? 7 15 124 760 155 526 555 265
? 7 16 569 309 639 769 412 643
? 7 17 446 481 207 404 582 691
? 7 18 398 579 71 23 0 350
? 7 19 271 657 622 413 370 753
? 7 20 493 700 616 525 56 632
? 7 21 115 221 52 328 699 516
? 7 22 285 613 740 603 36 713
? 7 24 720 188 689 130 543 343
? 7 25 742 790 232 772 43 400
? 7 26 785 434 767 266 731 257
? 7 27 355 301 777 623 228 467
? 7 28 100 92 116 187 776 297
? 7 29 538 144 772 451 152 400
? 7 30 636 668 784 260 184 503
? 7 31 678 763 647 346 134 230
? 7 32 159 568 544 675 609 711
? 7 33 761 637 752 427 297 291
? 7 35 63 41 609 66 295 91
? 7 37 322 163 66 63 490 365
? 7 38 189 730 615 254 48 81
? 7 39 433 558 722 439 123 701
? 7 40 104 369 795 407 726 377
? 7 42 746 751 442 148 682 335
? 7 44 736 565 695 418 347 611
? 7 45 345 770 567 141 112 388
? 7 46 654 624 219 168 430 98
? 7 47 618 49 342 85 99 499
? 7 50 406 222 363 570 9 459
? 7 51 185 684 70 236 501 445
? 7 53 704 119 214 427 686 671
? 7 54 713 613 603 313 421 213
? 7 55 652 332 599 485 336 581
? 7 57 608 548 647 374 456 678
? 7 58 768 350 113 246 23 563
? 7 59 280 777 590 623 355 296
? 7 60 681 452 255 109 193 461
? 7 61 165 345 45 77 182 397
? 7 62 208 447 94 86 385 436
? 7 64 573 282 233 97 177 574
? 7 65 562 650 315 560 559 520
? 7 67 786 793 389 628 127 417
? 7 68 765 718 325 655 500 728
? 7 69 714 383 440 200 567 662
? 7 72 428 634 591 732 673 778
? 7 73 298 696 727 665 473 577
? 7 74 191 456 532 173 57 647
? 7 75 747 471 301 180 284 537
? 7 76 588 508 441 576 341 598
? 7 78 192 120 482 592 465 180
? 7 79 799 719 356 769 774 326
? 7 80 421 455 515 627 305 348
? 7 82 729 417 389 409 683 791
? 7 83 540 438 507 596 217 380
? 7 84 181 268 101 147 585 256
? 7 87 510 261 304 220 157 291
? 7 88 457 496 368 202 132 396
? 7 89 143 788 379 264 316 646
? 7 90 274 146 411 792 737 117
? 7 93 405 352 145 226 649 491
? 7 95 614 600 629 291 227 752
? 7 96 269 662 358 200 714 295
? 7 102 578 712 497 755 248 518
? 7 103 227 234 686 552 467 95
? 7 105 170 114 787 448 273 179
? 7 106 348 290 627 515 455 677
? 7 107 775 160 788 327 797 143
? 7 108 475 460 664 641 138 367
? 7 110 142 286 296 392 261 304
? 7 111 530 70 684 591 51 185
? 7 118 791 596 245 438 321 176
? 7 121 582 380 176 691 446 364
? 7 122 306 541 666 523 539 209
? 7 125 726 458 378 104 407 369
? 7 126 251 756 597 252 763 631
? 7 128 749 489 267 642 479 781
? 7 131 318 558 547 433 529 437
? 7 133 607 216 414 716 317 129
? 7 135 340 279 741 195 483 414
? 7 136 338 566 659 644 367 494
? 7 137 360 149 453 672 231 194
? 7 139 435 514 621 416 754 190
? 7 140 461 426 502 151 656 593
? 7 150 386 522 555 155 504 154
? 7 153 199 270 719 692 465 799
? 7 156 594 486 480 399 742 577
? 7 158 472 739 466 406 606 556
? 7 161 420 478 746 335 42 608
? 7 162 299 98 332 652 484 738
? 7 164 561 351 317 554 716 748
? 7 166 281 533 526 402 469 538
? 7 167 364 121 691 395 176 582
? 7 169 249 612 590 745 492 557
? 7 171 778 419 673 634 591 276
? 7 174 361 605 710 432 466 223
? 7 175 183 393 583 311 276 225
? 7 178 794 577 399 660 587 486
? 7 186 764 676 205 294 138 311
? 7 197 242 177 529 574 485 353
? 7 198 754 519 487 705 343 190
? 7 201 209 404 539 3 540 17
? 7 203 365 586 711 491 568 43
? 7 204 703 641 403 581 97 664
? 7 206 302 660 250 696 794 587
? 7 211 270 691 661 207 153 481
? 7 212 511 474 545 123 24 631
? 7 215 231 194 272 149 229 571
? 7 224 459 235 470 222 50 9
? 7 237 767 731 545 26 434 785
? 7 238 429 653 789 277 262 259
? 7 239 289 687 468 462 698 440
? 7 240 731 735 318 547 257 266
? 7 241 448 787 658 708 179 584
? 7 244 494 450 566 4 136 338
? 7 258 506 115 21 328 221 52
? 7 263 443 372 91 604 544 609
? 7 275 620 688 408 656 766 723
? 7 278 517 589 554 521 370 561
? 7 283 516 52 699 379 148 221
? 7 287 512 333 535 308 675 640
? 7 292 425 168 339 709 324 410
? 7 300 773 490 163 649 322 66
? 7 303 659 644 679 336 338 136
? 7 307 685 315 559 562 65 129
? 7 310 796 680 259 789 195 262
? 7 312 184 784 668 636 445 236
? 7 314 619 546 308 480 717 333
? 7 319 792 391 625 90 585 181
? 7 320 528 694 330 531 495 727
? 7 329 597 252 134 346 551 126
? 7 331 535 557 640 308 717 512
? 7 334 436 385 626 605 86 223
? 7 337 757 601 549 297 0 220
? 7 344 424 280 296 698 59 590
? 7 349 693 408 548 374 743 57
? 7 354 735 437 257 240 318 266
? 7 357 667 509 397 375 415 286
? 7 359 553 539 513 209 3 210
? 7 362 277 595 523 541 306 666
? 7 366 81 431 730 48 598 734
? 7 371 651 378 453 458 125 137
? 7 373 381 422 721 527 444 624
? 7 382 232 144 790 330 531 727
? 7 384 499 550 49 99 618 47
? 7 387 707 602 740 36 285 22
? 7 401 500 325 765 413 68 657
? 7 449 477 755 497 617 248 744
? 7 464 648 525 632 56 616 245
? 7 476 631 551 725 474 597 126
? 7 488 341 377 734 598 504 40
? 7 498 253 423 666 10 541 362
? 7 505 458 265 369 125 104 726
? 7 524 422 721 381 580 762 373
? 7 542 363 783 34 406 556 606
? 7 572 522 154 444 527 155 709
? 7 610 230 503 633 434 785 31
? 7 630 214 116 100 704 28 53
? 7 638 48 407 431 366 795 81
? 7 663 132 130 519 202 487 188
? 7 669 780 543 56 525 188 616
? 7 690 557 228 249 492 623 169
? 7 702 165 246 77 397 113 350
? 7 706 313 36 602 740 603 305
? 7 724 412 643 639 309 16 671
? 7 758 671 119 569 16 412 724
? 7 782 599 97 177 242 703 573
? 7 2 750 701 439 343 689 487
? 7 5 798 323 534 683 409 293
? 7 14 293 575 534 728 718 798
? 7 18 398 579 71 23 0 350
? 7 27 355 301 777 623 228 467
? 7 32 159 568 544 675 609 711
? 7 37 322 163 66 63 490 365
? 7 38 189 730 615 254 48 81
? 7 46 654 624 219 168 430 98
? 7 54 713 613 603 313 421 213
? 7 58 768 350 113 246 23 563
? 7 60 681 452 255 109 193 461
? 7 62 208 447 94 86 385 436
? 7 78 192 120 482 592 465 180
? 7 80 421 455 515 627 305 348
? 7 82 729 417 389 409 683 791
? 7 84 181 268 101 147 585 256
? 7 89 143 788 379 264 316 646
? 7 93 405 352 145 226 649 491
? 7 106 348 290 627 515 455 677
? 7 117 146 792 274 576 90 386
? 7 127 617 628 683 793 67 477
? 7 131 318 558 547 433 529 437
? 7 135 340 279 741 195 483 414
? 7 141 388 770 567 358 112 45
? 7 151 593 723 502 656 140 461
? 7 152 495 29 330 320 144 538
? 7 156 594 486 480 399 742 577
? 7 158 472 739 466 406 606 556
? 7 166 281 533 526 402 469 538
? 7 170 105 114 787 448 241 179
? 7 172 7 674 589 129 685 561
? 7 173 532 134 191 74 456 346
? 7 186 764 676 205 294 138 311
? 7 187 92 100 28 776 116 297
? 7 199 692 153 465 719 799 774
? 7 203 365 586 711 491 568 43
? 7 211 270 691 661 207 153 481
? 7 212 511 474 545 123 24 631
? 7 215 231 194 272 149 229 571
? 7 217 438 507 596 83 550 791
? 7 225 311 583 276 676 175 183
? 7 233 97 403 573 732 393 64
? 7 234 103 724 747 412 643 227
? 7 238 429 653 789 277 262 259
? 7 247 670 644 147 659 4 268
? 7 251 756 126 763 597 252 346
? 7 260 668 266 785 434 26 784
? 7 271 19 657 622 753 413 370
? 7 273 587 114 660 486 794 105
? 7 275 620 688 408 656 766 723
? 7 310 796 680 259 789 195 262
? 7 319 792 391 625 90 585 181
? 7 321 648 364 176 464 395 380
? 7 324 410 339 425 665 292 694
? 7 342 618 47 99 49 499 483
? 7 347 44 736 565 85 595 523
? 7 351 164 279 748 135 340 414
? 7 357 667 509 397 375 415 286
? 7 359 553 539 513 209 3 210
? 7 372 443 263 91 544 604 609
? 7 376 759 655 12 766 688 744
? 7 382 232 144 790 330 531 727
? 7 384 499 550 49 99 618 47
? 7 390 218 10 463 214 758 119
? 7 392 777 142 110 59 280 296
? 7 396 120 592 368 457 88 78
? 7 411 721 762 90 737 274 580
? 7 418 695 611 736 44 429 565
? 7 424 468 344 698 239 289 687
? 7 428 72 634 732 591 673 778
? 7 432 466 174 361 222 710 605
? 7 442 751 42 781 148 746 699
? 7 449 477 755 497 617 248 744
? 7 450 244 4 494 256 733 566
? 7 451 400 772 538 29 144 43
? 7 460 108 664 475 138 641 205
? 7 462 687 698 604 239 612 590
? 7 478 161 374 335 608 420 693
? 7 479 267 751 335 193 42 749
? 7 505 458 265 369 125 104 726
? 7 514 139 621 416 435 754 179
? 7 518 793 712 578 628 786 617
? 7 536 8 771 469 229 571 272
? 7 537 284 471 180 301 228 75
? 7 542 363 783 34 406 556 606
? 7 546 480 314 619 156 621 594
? 7 560 650 520 562 65 315 216
? 7 572 522 154 444 527 155 709
? 7 584 658 353 241 529 708 197
? 7 614 95 600 291 629 552 467
? 7 626 605 361 710 174 223 466
? 7 630 214 116 100 704 28 53
? 7 642 489 781 749 699 128 52
? 7 672 137 360 651 453 149 371
? 7 679 581 336 55 703 204 652
? 7 706 313 36 602 740 603 305
? 7 707 387 602 285 22 740 36
? 7 720 24 689 188 343 130 487
? 7 738 652 336 332 55 162 430
? 7 743 408 461 60 349 275 681
? 7 761 33 637 752 297 427 291
? 7 773 490 300 163 649 322 145
? 7 1 501 606 472 556 684 70
? 7 2 750 701 439 343 689 487
? 7 5 798 323 534 683 409 293
? 7 6 645 717 368 705 190 496
? 7 11 697 395 243 635 648 364
? 7 13 797 783 160 788 34 316
? 7 14 293 575 534 728 718 798
? 7 15 124 760 155 526 555 265
? 7 18 398 579 71 23 0 350
? 7 20 493 700 616 525 56 632
? 7 25 742 790 232 772 43 400
? 7 27 355 301 777 623 228 467
? 7 30 636 668 784 260 184 503
? 7 31 678 763 647 346 134 230
? 7 32 159 568 544 675 609 711
? 7 37 322 163 66 63 490 365
? 7 38 189 730 615 254 48 81
? 7 39 433 558 722 439 123 701
? 7 41 35 295 200 662 263 609
? 7 46 654 624 219 168 430 98
? 7 50 406 222 363 570 9 459
? 7 54 713 613 603 313 421 213
? 7 58 768 350 113 246 23 563
? 7 62 208 447 94 86 385 436
? 7 69 714 383 440 200 567 662
? 7 73 298 696 727 665 473 577
? 7 76 588 508 441 576 341 598
? 7 77 182 165 61 112 702 45
? 7 79 799 719 356 769 774 326
? 7 80 421 455 515 627 305 348
? 7 82 729 417 389 409 683 791
? 7 84 181 268 101 147 585 256
? 7 89 143 788 379 264 316 646
? 7 93 405 352 145 226 649 491
? 7 96 269 662 358 200 714 295
? 7 102 578 712 497 755 248 518
? 7 106 348 290 627 515 455 677
? 7 107 775 160 788 327 797 143
? 7 109 255 193 267 681 60 452
? 7 111 530 70 684 591 51 185
? 7 115 21 221 328 506 52 646
? 7 117 146 792 274 576 90 386
? 7 118 791 596 245 438 321 176
? 7 122 306 541 666 523 539 209
? 7 131 318 558 547 433 529 437
? 7 133 607 216 414 716 317 129
? 7 141 388 770 567 358 112 45
? 7 150 386 522 555 155 504 154
? 7 151 593 723 502 656 140 461
? 7 152 495 29 330 320 144 538
? 7 157 220 510 779 549 288 415
? 7 158 472 739 466 406 606 556
? 7 166 281 533 526 402 469 538
? 7 167 364 121 691 395 176 582
? 7 170 105 114 787 448 241 179
? 7 171 778 419 673 634 591 276
? 7 173 532 134 191 74 456 346
? 7 178 794 577 399 660 587 486
? 7 186 764 676 205 294 138 311
? 7 187 92 100 28 776 116 297
? 7 196 213 677 290 54 564 421
? 7 198 754 519 487 705 343 190
? 7 199 692 153 465 719 799 774
? 7 201 209 404 539 3 540 17
? 7 203 365 586 711 491 568 43
? 7 206 302 660 250 696 794 587
? 7 211 270 691 661 207 153 481
? 7 212 511 474 545 123 24 631
? 7 215 231 194 272 149 229 571
? 7 217 438 507 596 83 550 791
? 7 225 311 583 276 676 175 183
? 7 234 103 724 747 412 643 227
? 7 235 470 224 459 222 432 174
? 7 236 445 185 51 684 501 1
? 7 237 767 731 545 26 434 785
? 7 238 429 653 789 277 262 259
? 7 247 670 644 147 659 4 268
? 7 249 492 623 169 355 690 557
? 7 251 756 126 763 597 252 346
? 7 258 506 115 21 328 221 52
? 7 271 19 657 622 753 413 370
? 7 278 517 589 554 521 370 561
? 7 282 64 573 574 437 177 233
? 7 283 516 52 699 379 148 221
? 7 299 484 162 98 250 302 206
? 7 303 659 644 679 336 338 136
? 7 307 685 315 559 562 65 129
? 7 310 796 680 259 789 195 262
? 7 312 184 784 668 636 445 236
? 7 319 792 391 625 90 585 181
? 7 324 410 339 425 665 292 694
? 7 329 597 252 134 346 551 126
? 7 334 436 385 626 605 86 223
? 7 337 757 601 549 297 0 220
? 7 342 618 47 99 49 499 483
? 7 347 44 736 565 85 595 523
? 7 357 667 509 397 375 415 286
? 7 359 553 539 513 209 3 210
? 7 366 81 431 730 48 598 734
? 7 372 443 263 91 544 604 609
? 7 373 381 422 721 527 444 624
? 7 376 759 655 12 766 688 744
? 7 382 232 144 790 330 531 727
? 7 384 499 550 49 99 618 47
? 7 393 183 175 403 732 428 233
? 7 394 564 454 570 677 9 34
? 7 401 500 325 765 413 68 657
? 7 418 695 611 736 44 429 565
? 7 424 468 344 698 239 289 687
? 7 426 461 140 452 60 681 743
? 7 449 477 755 497 617 248 744
? 7 450 244 4 494 256 733 566
? 7 451 400 772 538 29 144 43
? 7 460 108 664 475 138 641 205
? 7 462 687 698 604 239 612 590
? 7 463 10 390 569 769 16 553
!
166 
65 259 262 429 520 559 560 562 653 789 
259 429
789 653
259 789
262 259
560 262
562 65
559 562
520 559
560 520
56 88 130 132 188 202 457 543 663 669 780 
202 457
669 780
56 669
202 88
202 132
130 202
663 130
188 663
188 56
188 543
1 9 36 50 106 158 174 196 213 222 224 235 290 305 348 361 363 394 406 421 454 455 459 466 470 472 515 556 564 570 603 605 606 613 627 677 740 
174 605
222 174
222 50
224 222
224 470
235 224
459 235
606 1
606 472
606 556
406 606
406 158
466 361
406 466
363 406
459 363
570 459
570 9
454 570
394 454
196 394
196 677
213 196
613 421
213 613
290 213
603 36
603 740
305 603
627 305
348 627
348 455
290 348
290 106
290 515
564 290
30 184 237 257 260 266 318 354 434 437 445 503 529 633 636 668 731 735 767 785 
184 445
636 184
636 668
260 636
785 260
785 237
785 633
503 30
434 503
767 434
785 767
266 785
318 354
437 529
318 437
257 318
257 266
257 735
731 257
661 799 
799 661
110 142 280 296 392 424 
392 110
142 392
280 424
296 142
280 296
8 93 229 272 469 536 649 771 
93 649
8 93
8 229
272 536
469 272
771 469
771 8
133 135 195 279 340 414 483 741 
340 483
414 133
414 340
279 414
279 135
195 279
741 195
15 43 124 373 381 402 422 444 504 522 524 526 527 533 538 555 721 760 772 
43 772
538 43
533 538
526 533
526 402
124 526
15 124
760 15
555 760
504 555
522 504
444 522
527 444
381 527
381 373
524 381
721 524
721 422
38 189 254 441 508 588 615 
588 508
615 38
254 615
254 189
441 254
588 441
211 
83 99 118 121 167 176 207 389 438 446 481 499 550 582 596 691 791 
791 389
596 791
550 99
550 499
83 550
438 83
596 438
596 118
176 596
582 176
207 582
121 167
691 121
481 691
207 481
446 207
6 24 46 55 64 97 98 105 114 120 123 153 170 177 179 190 192 198 242 270 282 299 308 309 332 343 353 368 396 412 416 430 448 465 474 484 487 496 511 514 519 545 573 574 581 599 639 643 645 652 654 658 671 689 692 701 705 708 717 719 720 724 738 754 769 774 782 787 
299 484
652 299
98 46
654 98
430 654
738 430
332 738
652 332
652 55
581 652
599 581
782 599
177 782
177 242
64 177
573 97
64 573
282 64
574 282
353 574
658 353
658 708
787 658
545 474
24 720
511 545
123 511
24 123
343 24
487 343
701 689
487 701
519 487
705 519
754 705
179 754
114 170
105 114
448 105
448 787
179 448
416 179
416 514
190 416
190 198
645 190
717 645
717 308
6 717
496 6
368 496
396 368
120 396
465 120
465 692
465 192
153 465
153 270
719 153
774 719
769 774
639 769
412 643
412 724
309 412
671 309
671 639
3 201 209 210 326 347 356 359 513 539 541 553 595 715 
326 356
326 3
539 326
539 359
201 539
209 201
209 715
513 553
210 513
209 210
541 209
595 541
595 347
750 
7 310 351 716 748 
716 310
7 716
351 7
748 351
5 17 217 323 380 384 404 507 540 683 
683 5
323 683
384 323
507 384
380 17
540 380
507 217
540 507
540 404
62 86 94 208 223 334 385 432 436 447 626 710 739 
739 432
94 739
62 94
436 62
208 86
208 436
447 208
385 447
385 334
626 385
223 626
710 223
152 232 281 324 330 425 528 572 709 
152 281
709 152
709 572
425 709
324 425
528 324
330 232
528 330
136 247 268 644 659 670 
670 268
247 670
644 247
644 659
136 644
29 144 314 320 382 400 480 495 531 546 594 727 742 790 
531 727
144 531
495 320
144 495
144 382
29 144
400 29
742 400
742 790
480 742
480 594
314 480
546 314
75 228 249 287 301 331 355 492 512 557 623 640 690 745 777 
228 623
557 331
557 249
301 75
301 777
355 301
228 355
690 228
557 690
492 557
745 492
640 745
287 512
640 287
111 236 312 393 501 530 684 
111 393
236 312
684 501
684 236
111 684
530 111
129 164 172 216 278 307 315 317 521 554 561 589 607 650 674 685 
315 650
216 315
216 607
317 216
685 307
674 685
129 674
317 129
561 317
278 521
589 278
172 589
561 172
561 554
164 561
10 33 53 95 119 218 253 291 390 423 552 600 614 629 637 686 752 758 761 
218 423
253 218
253 10
390 253
758 390
119 758
53 119
686 53
629 686
752 629
33 752
637 33
291 637
291 761
95 291
600 95
614 600
552 614
44 47 49 85 306 342 362 418 523 565 611 618 666 736 
666 306
618 342
49 47
49 618
85 49
44 85
44 611
736 44
565 418
736 565
523 736
666 523
362 666
28 92 100 116 187 297 337 757 776 
28 100
116 28
92 116
776 92
297 187
297 776
337 297
337 757
139 435 621 
621 435
139 621
22 54 313 387 602 706 707 713 
707 22
387 707
602 387
602 706
313 602
313 54
713 313
680 695 796 
680 695
796 680
84 319 580 
84 319
580 84
11 243 245 321 364 395 464 525 632 635 648 697 
11 395
635 11
697 635
243 697
648 243
648 364
245 648
632 525
245 632
321 245
464 321
630 704 
704 630
122 238 277 
277 122
277 238
4 244 391 450 494 566 
4 391
244 566
244 494
4 244
450 4
104 125 155 265 366 369 453 458 505 730 795 
366 730
795 366
125 453
265 505
265 155
125 265
104 125
795 104
458 369
795 458
159 203 443 544 568 609 675 711 
568 203
568 711
544 568
544 443
609 544
675 609
675 159
16 79 214 427 463 498 569 
214 427
16 214
463 498
569 79
16 569
463 16
67 102 127 248 417 477 497 518 578 617 628 712 755 786 793 
67 417
786 67
248 102
497 248
617 793
518 786
578 518
712 578
617 712
755 497
617 755
477 617
127 477
628 127
19 271 370 401 413 622 657 
370 271
413 622
19 413
370 19
657 370
401 657
108 138 204 303 336 338 367 403 475 641 664 679 703 
367 138
338 367
403 204
703 403
336 679
303 338
336 303
703 336
475 664
641 475
641 108
703 641
51 70 72 171 175 183 185 225 276 419 428 591 673 676 732 778 
70 51
185 70
591 185
72 591
676 225
276 419
276 676
183 276
183 175
732 183
72 428
778 72
778 171
778 673
732 778
73 156 162 206 250 273 302 399 486 660 696 794 
399 156
302 162
206 302
660 206
399 660
486 399
273 486
696 73
250 696
794 250
273 794
13 34 107 160 327 542 775 783 797 
783 542
34 13
34 797
783 34
160 783
107 160
327 107
775 327
37 63 66 163 300 322 365 490 773 
322 365
322 63
163 322
163 66
490 37
490 163
300 490
773 300
21 52 89 115 143 221 258 316 328 379 489 506 642 646 699 788 
143 379
788 143
788 89
646 788
646 316
328 646
52 328
506 115
21 506
21 258
52 221
21 52
699 21
642 489
699 642
35 45 59 61 69 77 91 96 112 141 182 200 239 263 269 289 295 344 345 358 383 388 440 462 468 567 590 604 662 687 698 714 770 
77 61
182 77
45 182
770 45
383 714
383 662
770 388
567 770
383 567
69 383
440 69
289 440
468 289
239 462
239 344
698 468
239 698
590 239
590 59
687 590
604 687
604 263
91 604
35 91
295 35
295 200
269 295
96 269
358 96
112 141
112 358
345 112
233 
90 101 117 146 147 181 256 411 585 625 733 737 762 792 
256 733
256 147
101 256
181 101
585 181
625 585
792 625
146 117
792 146
90 792
737 90
411 737
762 411
168 178 219 292 298 339 410 473 577 587 624 665 694 
577 587
577 178
577 298
473 577
665 473
168 219
168 624
339 168
292 339
410 292
694 410
694 665
20 57 74 126 134 191 251 252 346 456 476 493 532 551 597 616 631 700 725 756 763 
20 700
493 20
493 616
725 493
476 551
725 476
631 725
756 631
346 191
126 252
126 251
756 126
763 756
597 346
763 597
134 763
74 134
456 74
532 456
57 532
186 205 311 460 583 764 
311 583
764 311
186 764
205 460
186 205
80 285 
285 80
26 39 131 197 241 433 439 485 547 558 584 722 
131 26
558 433
558 39
722 439
558 722
558 547
131 558
584 131
584 241
485 584
197 485
145 215 226 405 
145 215
405 145
226 405
18 58 71 113 579 768 
768 113
58 768
71 58
71 579
18 71
165 288 375 509 667 702 
667 702
667 165
667 375
667 288
667 509
169 333 535 612 619 
169 612
535 169
333 535
619 333
76 150 154 274 386 576 734 
386 274
76 734
576 76
386 154
386 150
386 576
0 23 87 157 220 246 261 286 304 350 357 397 398 415 510 549 563 601 779 
23 398
23 563
350 23
350 246
0 350
220 0
549 220
510 157
261 87
397 357
415 397
286 261
415 286
415 779
549 415
549 601
510 549
510 304
32 372 
32 372
41 
329 517 
517 329
294 634 784 
634 294
784 634
40 48 81 137 149 194 231 341 360 371 377 378 407 431 488 571 598 638 651 672 726 
231 571
194 231
149 194
137 149
360 137
672 360
651 672
371 651
378 371
726 378
377 341
377 488
377 40
407 377
407 638
48 598
48 81
431 48
407 431
407 726
42 60 128 148 161 193 230 255 267 335 349 374 376 408 420 452 461 548 610 620 647 655 656 678 681 682 693 723 744 746 749 751 759 766 781 
751 148
408 693
408 349
723 408
723 620
766 723
655 744
655 376
759 655
766 759
656 766
461 656
193 461
255 193
452 255
452 60
681 452
267 681
749 267
749 128
781 749
746 781
751 682
42 751
746 42
335 746
420 335
161 420
374 161
647 678
230 610
647 230
374 647
374 548
25 352 451 491 586 
491 586
491 352
451 491
451 25
140 151 426 502 593 743 
140 743
593 140
593 426
502 593
502 151
27 78 103 180 199 227 234 284 467 471 482 537 592 747 
482 78
180 234
482 199
284 592
180 482
747 180
284 471
284 537
747 284
467 27
103 467
747 103
747 227
31 109 173 
31 109
31 173
449 575 753 
575 753
449 575
82 409 534 729 798 
798 534
409 798
82 729
409 82
12 68 264 275 283 442 478 479 516 608 688 
12 68
688 12
275 688
478 275
283 264
283 516
442 283
479 442
478 479
608 478
2 212 240 
212 240
212 2
14 293 325 500 718 728 765 
728 293
728 14
718 728
765 718
500 765
325 500
