? 9 0 604 571 744 642 583 345 43 720
? 9 1 485 750 98 476 767 513 319 718
? 9 2 288 487 119 758 655 426 609 340
? 9 3 488 786 49 38 399 648 425 511
? 9 4 717 762 354 595 731 454 283 617
? 9 5 226 676 615 799 84 115 380 495
? 9 6 15 776 310 562 724 767 636 612
? 9 7 424 593 395 625 333 526 708 387
? 9 8 338 498 141 481 554 383 193 797
? 9 9 315 504 245 527 787 149 496 14
? 9 10 155 465 569 197 427 180 533 667
? 9 11 287 726 69 421 282 780 444 312
? 9 12 91 546 473 192 658 491 619 796
? 9 13 122 757 556 166 126 164 127 629
? 9 16 760 662 770 209 434 254 116 45
? 9 17 146 316 706 585 622 112 648 308
? 9 18 261 765 242 130 677 251 120 382
? 9 19 737 586 67 456 512 579 305 723
? 9 20 582 143 766 21 448 505 262 220
? 9 22 324 619 181 410 114 707 658 192
? 9 23 411 449 791 262 227 271 645 773
? 9 24 426 584 216 378 119 288 350 2
? 9 25 148 299 187 572 222 390 205 479
? 9 26 297 46 447 236 72 628 265 230
? 9 27 57 298 601 39 631 61 697 438
? 9 28 797 618 377 8 543 383 650 667
? 9 29 549 129 154 499 789 754 357 701
? 9 30 761 153 510 139 532 200 68 679
? 9 31 449 21 411 262 500 23 645 20
? 9 32 781 120 34 130 182 334 383 554
? 9 33 712 162 92 47 198 551 518 446
? 9 35 342 468 402 111 373 137 389 54
? 9 36 267 576 548 689 661 784 668 432
? 9 37 131 48 732 643 167 337 457 442
? 9 40 688 734 329 271 227 773 277 536
? 9 41 308 123 622 316 706 378 146 585
? 9 42 705 787 681 225 215 257 188 687
? 9 44 755 132 497 243 637 713 368 756
? 9 50 335 721 293 290 252 417 413 195
? 9 51 169 735 406 675 764 380 231 495
? 9 52 77 158 349 441 87 633 581 490
? 9 53 415 400 217 249 410 218 96 324
? 9 55 422 796 269 185 707 170 114 234
? 9 56 710 480 429 121 456 555 221 586
? 9 58 790 174 375 281 651 78 128 349
? 9 59 137 389 402 212 788 742 35 2
? 9 60 599 112 743 240 308 344 17 146
? 9 62 221 715 101 568 670 228 385 539
? 9 63 693 397 627 239 611 727 739 381
? 9 64 100 470 779 695 566 68 516 532
? 9 65 699 733 319 359 750 570 597 437
? 9 66 727 280 521 739 452 793 109 397
? 9 70 489 795 657 73 624 298 165 364
? 9 71 636 651 183 174 562 15 724 486
? 9 74 649 725 464 75 203 451 412 749
? 9 76 772 550 522 503 514 328 743 483
? 9 79 515 235 587 301 403 608 656 311
? 9 80 573 530 273 272 281 682 534 78
? 9 81 463 646 777 325 501 309 331 596
? 9 82 439 736 230 703 659 492 466 118
? 9 83 602 545 640 564 191 90 526 625
? 9 85 141 628 543 377 236 583 744 297
? 9 86 314 681 149 257 527 245 347 529
? 9 88 405 754 789 302 173 560 671 393
? 9 89 385 670 101 221 360 62 190 147
? 9 93 224 320 458 553 749 430 719 176
? 9 94 738 690 652 778 366 709 235 515
? 9 95 222 420 469 678 428 680 142 391
? 9 97 323 696 746 361 300 591 332 731
? 9 99 277 626 295 536 734 477 769 782
? 9 102 673 450 471 151 274 509 639 238
? 9 103 794 436 276 642 317 720 544 166
? 9 104 286 394 373 370 111 528 374 54
? 9 105 541 388 47 92 634 614 551 729
? 9 106 494 363 580 665 264 531 552 785
? 9 107 365 458 214 749 170 460 630 464
? 9 108 672 266 278 145 525 372 620 147
? 9 110 437 597 771 461 699 733 65 248
? 9 113 493 603 664 176 518 523 203 451
? 9 117 629 556 448 164 13 124 122 127
? 9 125 467 96 697 462 558 61 218 183
? 9 133 691 698 384 253 255 418 598 712
? 9 134 788 233 742 376 202 752 538 212
? 9 135 534 275 272 722 704 484 248 740
? 9 136 592 205 768 572 25 557 150 148
? 9 138 621 194 578 318 232 303 294 186
? 9 140 283 539 454 568 715 717 746 354
? 9 144 582 143 220 461 590 759 766 505
? 9 152 607 204 294 386 303 537 201 756
? 9 156 524 396 401 367 423 561 397 168
? 9 157 529 591 326 245 527 323 563 149
? 9 159 387 333 190 792 180 395 533 313
? 9 160 250 208 701 129 774 268 213 178
? 9 161 177 519 229 408 282 714 798 444
? 9 163 364 610 605 654 453 165 702 718
? 9 171 768 150 557 355 430 719 196 224
? 9 172 260 552 531 219 343 542 264 307
? 9 175 291 352 547 575 295 517 616 763
? 9 179 369 647 409 634 696 416 105 541
? 9 184 346 528 54 202 370 742 286 394
? 9 189 658 192 441 87 473 22 91 619
? 9 199 296 457 341 131 643 48 751 337
? 9 206 330 798 219 265 72 519 408 229
? 9 207 246 616 517 547 291 728 175 575
? 9 210 685 407 623 442 632 799 732 115
? 9 211 635 546 587 403 796 234 301 311
? 9 223 694 345 606 571 644 193 472 535
? 9 237 241 684 775 668 36 689 745 784
? 9 244 236 653 650 628 447 492 667 377
? 9 247 90 445 708 686 443 602 83 593
? 9 256 322 687 188 200 215 225 413 417
? 9 258 118 692 466 353 459 230 82 439
? 9 259 508 561 477 285 611 423 156 627
? 9 263 124 590 574 220 629 351 448 127
? 9 270 425 49 398 745 576 3 36 668
? 9 279 475 84 700 711 565 676 5 747
? 9 284 393 671 730 362 302 405 661 88
? 9 289 292 669 205 567 592 516 479 679
? 9 304 416 703 659 409 525 439 145 82
? 9 306 382 618 130 781 625 526 28 383
? 9 321 379 660 639 242 677 348 471 765
? 9 327 523 680 678 588 493 420 176 520
? 9 336 334 339 472 535 498 338 193 554
? 9 356 783 431 201 386 763 537 204 577
? 9 358 709 418 301 515 403 690 652 94
? 9 371 613 533 427 180 667 333 28 159
? 9 392 164 126 122 13 791 757 423 556
? 9 404 419 748 769 536 616 295 291 277
? 9 414 234 412 464 170 796 211 635 107
? 9 433 252 195 290 374 335 50 370 104
? 9 435 381 132 452 713 777 501 44 693
? 9 440 484 785 530 272 665 682 80 573
? 9 455 753 716 540 331 644 406 535 182
? 9 474 344 213 774 599 250 686 663 208
? 9 478 520 428 176 430 469 680 493 678
? 9 482 507 611 782 627 239 577 626 763
? 9 502 121 655 609 586 67 512 19 710
? 9 506 343 307 72 265 172 219 744 26
? 9 559 594 238 639 178 151 274 379 450
? 9 589 540 644 109 280 521 793 223 694
? 9 600 443 483 514 503 550 708 512 663
? 9 638 313 395 723 305 792 579 387 333
? 9 641 460 630 214 170 365 107 422 320
? 9 666 368 239 497 507 431 783 356 482
? 9 674 617 762 202 4 347 346 374 184
? 9 683 186 341 607 756 751 152 578 232
? 9 741 560 173 238 274 151 450 116 102
? 9 14 315 787 479 9 187 510 504 496
? 9 16 760 662 770 209 434 254 116 45
? 9 27 57 298 601 39 631 61 697 438
? 9 42 705 787 681 225 215 257 188 687
? 9 60 599 112 743 240 308 344 17 146
? 9 64 100 470 779 695 566 68 516 532
? 9 69 287 11 726 128 490 312 581 421
? 9 71 636 651 183 174 562 15 724 486
? 9 81 463 646 777 325 501 309 331 596
? 9 85 141 628 543 377 236 583 744 297
? 9 133 691 698 384 253 255 418 598 712
? 9 138 621 194 578 318 232 303 294 186
? 9 153 510 761 30 200 322 139 215 532
? 9 154 549 357 499 29 129 701 240 160
? 9 155 10 465 569 197 427 180 533 147
? 9 163 364 610 605 654 453 165 702 718
? 9 168 401 367 126 166 757 524 423 436
? 9 181 410 324 114 707 22 619 185 269
? 9 189 658 192 441 87 473 22 91 619
? 9 191 545 640 83 594 564 602 90 559
? 9 196 719 553 150 557 171 320 768 224
? 9 199 296 457 341 131 643 48 751 337
? 9 226 676 5 565 764 615 799 747 380
? 9 241 237 684 775 668 36 745 689 432
? 9 246 207 616 517 728 547 294 291 318
? 9 249 217 462 53 96 633 415 467 189
? 9 256 322 687 188 200 215 225 413 417
? 9 259 508 561 477 285 611 423 156 627
? 9 263 124 590 574 220 629 351 448 127
? 9 278 266 108 672 525 620 145 228 372
? 9 293 335 50 417 290 257 413 225 347
? 9 310 513 767 6 485 776 98 750 15
? 9 326 391 563 591 157 420 142 504 678
? 9 332 300 588 614 729 388 634 541 696
? 9 339 334 336 338 554 383 472 498 535
? 9 340 758 609 328 772 487 76 514 503
? 9 350 468 584 342 35 216 24 426 402
? 9 353 258 692 118 466 46 459 330 230
? 9 355 430 171 469 572 428 478 768 95
? 9 359 570 319 740 722 699 248 65 275
? 9 360 147 385 670 620 228 101 569 89
? 9 361 746 354 97 731 323 595 696 283
? 9 362 784 432 661 730 689 284 393 267
? 9 366 778 94 418 459 709 738 358 690
? 9 375 633 790 58 462 651 174 158 52
? 9 398 745 270 49 668 399 425 3 38
? 9 404 419 748 769 536 616 295 291 277
? 9 407 685 210 623 442 732 632 48 799
? 9 414 234 412 464 170 796 211 635 107
? 9 433 252 195 290 374 335 50 370 104
? 9 445 686 247 774 213 268 90 663 208
? 9 446 198 518 162 712 664 603 255 33
? 9 494 264 665 106 714 408 785 552 229
? 9 509 673 102 747 450 471 209 274 151
? 9 511 648 585 17 38 706 146 786 316
? 9 522 76 550 772 743 663 503 328 514
? 9 538 376 555 454 233 429 134 752 717
? 9 542 531 552 363 172 260 307 343 544
? 9 606 694 193 223 345 472 535 644 481
? 9 612 724 610 605 453 15 654 702 486
? 9 624 70 489 795 657 73 298 165 163
? 9 637 537 497 756 783 201 386 755 368
? 9 638 313 395 723 305 792 579 387 333
? 9 653 650 667 377 543 244 236 628 797
? 9 656 608 235 79 311 515 491 587 652
? 9 674 617 762 202 4 347 346 374 184
? 9 688 40 329 271 773 227 734 277 419
? 9 704 759 135 484 248 722 275 590 574
? 9 753 455 716 331 540 325 406 169 280
? 9 771 110 461 597 505 437 766 500 143
? 9 780 682 11 287 282 726 421 312 69
? 9 794 103 276 642 436 317 544 307 720
? 9 0 604 571 744 642 583 345 43 720
? 9 1 485 750 98 476 767 513 319 718
? 9 14 315 787 479 9 187 510 504 496
? 9 16 760 662 770 209 434 254 116 45
? 9 18 261 765 242 130 677 251 120 382
? 9 19 737 586 67 456 512 579 305 723
? 9 27 57 298 601 39 631 61 697 438
? 9 31 449 21 411 262 500 23 645 20
? 9 32 781 120 34 130 182 334 383 554
? 9 41 308 123 622 316 706 378 146 585
? 9 42 705 787 681 225 215 257 188 687
? 9 51 169 735 406 675 764 380 231 495
? 9 55 422 796 269 185 707 170 114 234
? 9 56 710 480 429 121 456 555 221 586
? 9 59 137 389 402 212 788 742 35 2
? 9 60 599 112 743 240 308 344 17 146
? 9 63 693 397 627 239 611 727 739 381
? 9 64 100 470 779 695 566 68 516 532
? 9 66 727 280 521 739 452 793 109 397
? 9 71 636 651 183 174 562 15 724 486
? 9 75 725 451 749 203 458 74 464 649
? 9 77 158 52 349 581 490 633 790 441
? 9 81 463 646 777 325 501 309 331 596
? 9 84 279 799 5 615 475 115 676 226
? 9 85 141 628 543 377 236 583 744 297
? 9 92 47 33 614 541 105 388 729 551
? 9 117 629 556 448 164 13 124 122 127
? 9 133 691 698 384 253 255 418 598 712
? 9 138 621 194 578 318 232 303 294 186
? 9 140 283 539 454 568 715 717 746 354
? 9 154 549 357 499 29 129 701 240 160
? 9 167 713 337 643 132 131 596 37 501
? 9 177 161 519 229 408 714 282 798 421
? 9 178 268 208 250 160 774 594 559 213
? 9 179 369 647 409 634 696 416 105 541
? 9 181 410 324 114 707 22 619 185 269
? 9 196 719 553 150 557 171 320 768 224
? 9 197 180 155 427 10 533 569 465 190
? 9 199 296 457 341 131 643 48 751 337
? 9 206 330 798 219 265 72 519 408 229
? 9 241 237 684 775 668 36 745 689 432
? 9 243 755 751 756 337 44 341 132 637
? 9 256 322 687 188 200 215 225 413 417
? 9 259 508 561 477 285 611 423 156 627
? 9 263 124 590 574 220 629 351 448 127
? 9 278 266 108 672 525 620 145 228 372
? 9 289 292 669 205 567 592 516 479 679
? 9 299 25 148 187 390 222 572 496 142
? 9 304 416 703 659 409 525 439 145 82
? 9 306 382 618 130 781 625 526 28 383
? 9 310 513 767 6 485 776 98 750 15
? 9 314 86 681 257 149 347 527 529 293
? 9 327 523 680 678 588 493 420 176 520
? 9 339 334 336 338 554 383 472 498 535
? 9 348 660 471 321 639 673 102 747 379
? 9 352 575 175 291 547 295 763 517 577
? 9 353 258 692 118 466 46 459 330 230
? 9 360 147 385 670 620 228 101 569 89
? 9 361 746 354 97 731 323 595 696 283
? 9 362 784 432 661 730 689 284 393 267
? 9 371 613 533 427 180 667 333 28 159
? 9 392 164 126 122 13 791 757 423 556
? 9 394 286 373 111 104 54 528 370 346
? 9 396 156 524 397 401 739 367 793 727
? 9 400 218 53 96 415 217 697 61 467
? 9 404 419 748 769 536 616 295 291 277
? 9 407 685 210 623 442 732 632 48 799
? 9 414 234 412 464 170 796 211 635 107
? 9 424 7 625 526 593 708 395 90 333
? 9 433 252 195 290 374 335 50 370 104
? 9 435 381 132 452 713 777 501 44 693
? 9 440 484 785 530 272 665 682 80 573
? 9 444 421 282 726 11 161 287 69 177
? 9 446 198 518 162 712 664 603 255 33
? 9 474 344 213 774 599 250 686 663 208
? 9 502 121 655 609 586 67 512 19 710
? 9 511 648 585 17 38 706 146 786 316
? 9 522 76 550 772 743 663 503 328 514
? 9 542 531 552 363 172 260 307 343 544
? 9 545 83 640 602 191 564 594 90 526
? 9 548 576 267 36 730 302 661 393 689
? 9 558 39 438 601 61 697 125 486 183
? 9 580 574 106 363 484 665 494 544 263
? 9 606 694 193 223 345 472 535 644 481
? 9 624 70 489 795 657 73 298 165 163
? 9 630 460 320 214 365 107 458 641 553
? 9 638 313 395 723 305 792 579 387 333
? 9 653 650 667 377 543 244 236 628 797
? 9 656 608 235 79 311 515 491 587 652
? 9 666 368 239 497 507 431 783 356 482
? 9 671 284 405 393 434 116 88 302 173
? 9 674 617 762 202 4 347 346 374 184
? 9 688 40 329 271 773 227 734 277 419
? 9 704 759 135 484 248 722 275 590 574
? 9 711 700 565 747 475 45 279 509 676
? 9 721 50 413 417 335 252 195 290 293
? 9 733 65 699 597 319 110 359 750 437
? 9 736 82 439 230 659 703 492 447 466
? 9 738 94 690 652 778 366 444 235 709
? 9 741 560 173 238 274 151 450 116 102
? 9 752 233 376 134 212 788 480 742 538
? 9 771 110 461 597 505 437 766 500 143
? 9 780 682 11 287 282 726 421 312 69
? 9 8 338 498 141 481 554 383 193 797
? 9 12 91 546 473 192 658 491 619 796
? 9 14 315 787 479 9 187 510 504 496
? 9 16 760 662 770 209 434 254 116 45
? 9 27 57 298 601 39 631 61 697 438
? 9 42 705 787 681 225 215 257 188 687
? 9 58 790 174 375 281 651 78 128 349
? 9 60 599 112 743 240 308 344 17 146
? 9 64 100 470 779 695 566 68 516 532
? 9 71 636 651 183 174 562 15 724 486
? 9 81 463 646 777 325 501 309 331 596
? 9 85 141 628 543 377 236 583 744 297
? 9 92 47 33 614 541 105 388 729 551
? 9 93 224 320 458 553 749 430 719 176
? 9 95 222 420 469 678 428 680 142 391
? 9 99 277 626 295 536 734 477 769 782
? 9 113 493 603 664 176 518 523 203 451
? 9 119 288 2 487 758 426 340 24 609
? 9 133 691 698 384 253 255 418 598 712
? 9 136 592 205 768 572 25 557 150 148
? 9 138 621 194 578 318 232 303 294 186
? 9 139 532 68 679 30 761 516 669 695
? 9 144 582 143 220 461 590 759 766 505
? 9 152 607 204 294 386 303 537 201 756
? 9 153 510 761 30 200 322 139 215 532
? 9 154 549 357 499 29 129 701 240 160
? 9 157 529 591 326 245 527 323 563 149
? 9 168 401 367 126 166 757 524 423 436
? 9 181 410 324 114 707 22 619 185 269
? 9 196 719 553 150 557 171 320 768 224
? 9 197 180 155 427 10 533 569 465 190
? 9 199 296 457 341 131 643 48 751 337
? 9 226 676 5 565 764 615 799 747 380
? 9 241 237 684 775 668 36 745 689 432
? 9 246 207 616 517 728 547 294 291 318
? 9 256 322 687 188 200 215 225 413 417
? 9 259 508 561 477 285 611 423 156 627
? 9 270 425 49 398 745 576 3 36 668
? 9 273 78 573 80 281 530 312 776 534
? 9 278 266 108 672 525 620 145 228 372
? 9 299 25 148 187 390 222 572 496 142
? 9 310 513 767 6 485 776 98 750 15
? 9 317 127 166 351 757 13 544 556 122
? 9 332 300 588 614 729 388 634 541 696
? 9 339 334 336 338 554 383 472 498 535
? 9 348 660 471 321 639 673 102 747 379
? 9 350 468 584 342 35 216 24 426 402
? 9 353 258 692 118 466 46 459 330 230
? 9 355 430 171 469 572 428 478 768 95
? 9 360 147 385 670 620 228 101 569 89
? 9 361 746 354 97 731 323 595 696 283
? 9 362 784 432 661 730 689 284 393 267
? 9 394 286 373 111 104 54 528 370 346
? 9 396 156 524 397 401 739 367 793 727
? 9 404 419 748 769 536 616 295 291 277
? 9 407 685 210 623 442 732 632 48 799
? 9 414 234 412 464 170 796 211 635 107
? 9 433 252 195 290 374 335 50 370 104
? 9 445 686 247 774 213 268 90 663 208
? 9 446 198 518 162 712 664 603 255 33
? 9 488 3 786 49 648 38 399 425 511
? 9 506 343 307 72 265 172 219 744 26
? 9 521 793 727 739 109 66 397 280 589
? 9 522 76 550 772 743 663 503 328 514
? 9 542 531 552 363 172 260 307 343 544
? 9 545 83 640 602 191 564 594 90 526
? 9 558 39 438 601 61 697 125 486 183
? 9 575 352 175 291 517 547 763 577 295
? 9 600 443 483 514 503 550 708 512 663
? 9 606 694 193 223 345 472 535 644 481
? 9 624 70 489 795 657 73 298 165 163
? 9 638 313 395 723 305 792 579 387 333
? 9 645 262 791 449 20 164 23 448 117
? 9 653 650 667 377 543 244 236 628 797
? 9 656 608 235 79 311 515 491 587 652
? 9 674 617 762 202 4 347 346 374 184
? 9 683 186 341 607 756 751 152 578 232
? 9 688 40 329 271 773 227 734 277 419
!
1 6 15 70 71 183 281 476 624 776 
776 281
15 1
6 476
15 71
776 6
15 776
183 15
70 183
624 70
3 17 36 38 49 237 241 267 270 308 316 399 425 488 511 548 576 585 648 668 684 745 775 784 786 
576 784
684 241
237 684
237 775
668 237
668 745
576 668
267 576
36 548
36 267
270 36
49 270
49 425
3 49
38 3
399 38
786 399
648 786
648 17
585 511
308 585
316 308
648 316
648 488
178 250 545 564 
545 250
545 178
545 564
9 47 105 142 149 157 179 198 222 245 300 323 326 332 369 390 391 409 504 527 541 551 563 588 598 614 634 712 
712 198
712 598
551 712
105 409
105 614
551 105
541 551
541 47
634 541
369 179
634 369
588 634
332 588
300 332
323 300
157 323
563 326
504 563
245 157
527 245
527 149
9 527
504 9
142 504
222 390
142 222
391 142
62 155 360 509 
62 509
155 62
360 155
26 46 82 94 145 230 244 258 278 297 304 358 366 416 439 447 466 492 543 647 659 692 703 736 
94 358
366 94
692 366
297 543
416 647
703 416
26 46
26 297
447 26
145 278
145 703
659 145
492 244
659 304
82 492
82 439
659 82
230 659
466 736
692 466
258 692
230 258
447 230
11 12 22 52 53 58 69 74 75 77 78 87 91 93 96 107 114 118 125 136 150 158 161 170 171 174 177 181 185 189 192 196 206 211 217 224 229 234 249 269 273 282 287 312 320 324 330 349 353 365 375 400 410 412 414 415 421 441 444 458 459 460 464 467 490 491 530 546 553 557 562 573 581 619 630 633 635 636 651 658 682 707 719 726 749 768 778 780 790 796 
459 778
459 353
459 118
330 459
330 206
229 330
161 229
177 161
421 177
726 444
282 726
421 282
312 421
287 312
11 780
11 287
69 11
530 573
682 530
69 682
581 69
490 581
77 490
467 125
467 217
467 96
249 467
189 249
53 189
415 400
53 415
410 53
181 410
324 181
12 546
491 12
91 491
658 91
460 630
320 460
719 320
768 136
171 768
553 171
224 553
150 196
557 150
224 557
719 224
93 719
749 93
458 749
107 458
107 414
365 107
464 365
74 75
464 74
234 170
412 234
412 464
211 412
635 211
796 635
707 796
707 114
185 707
269 185
619 269
324 619
22 324
658 22
192 658
441 192
441 87
52 441
52 158
349 52
349 77
790 349
174 790
174 562
58 174
78 58
78 273
651 78
651 375
651 636
633 651
50 55 128 214 257 289 293 335 422 433 641 679 721 725 
422 128
214 641
422 214
422 55
725 422
289 725
257 289
50 679
335 433
293 721
335 257
335 50
293 335
33 92 113 133 162 203 327 388 430 446 451 478 518 523 603 649 664 729 
649 133
478 430
327 478
113 327
33 729
92 388
162 92
603 33
523 603
113 523
664 113
518 446
203 518
203 649
451 203
664 451
162 664
14 25 30 42 64 68 86 95 100 104 139 148 153 176 187 188 195 200 205 215 225 252 256 290 292 299 314 315 322 347 355 370 374 413 417 420 428 469 470 479 493 496 510 516 520 528 529 532 566 567 572 592 669 678 680 681 687 695 705 761 779 787 
370 528
104 370
195 290
252 195
104 252
374 104
347 374
314 347
529 314
86 529
681 86
176 493
469 428
678 469
520 176
678 520
680 678
680 420
95 680
355 95
572 355
205 592
25 205
25 299
25 572
148 25
479 148
516 566
30 516
200 30
200 256
322 200
188 322
413 417
225 413
188 225
687 188
705 687
215 705
681 42
215 681
787 215
315 787
479 315
479 292
479 187
496 479
496 14
510 496
761 153
510 761
532 510
68 695
100 779
68 100
470 64
532 470
68 532
139 68
669 567
139 669
79 235 253 255 301 311 384 403 418 473 515 587 608 652 690 691 698 709 738 
691 698
255 691
253 255
384 253
418 384
709 418
301 709
311 473
690 738
235 690
79 587
79 608
235 79
235 311
515 235
515 652
301 515
403 301
4 19 76 121 134 233 268 445 480 487 502 550 586 600 674 752 762 
445 268
600 445
121 487
4 762
674 4
134 674
233 134
752 233
121 752
480 586
121 480
502 121
19 502
600 19
550 76
550 600
41 123 362 398 432 434 559 622 671 689 
671 559
123 41
622 123
398 622
689 398
671 434
362 671
432 689
362 432
2 24 35 54 59 60 111 112 119 137 146 184 202 212 213 216 240 286 288 328 340 342 344 346 350 357 373 378 389 394 402 426 468 474 522 584 599 617 686 706 717 742 743 758 772 774 788 
146 706
112 146
60 112
240 60
213 686
774 213
474 774
743 522
240 357
344 474
599 344
743 599
743 240
772 743
328 772
340 328
758 340
119 758
342 35
389 342
137 402
389 137
59 389
742 212
742 59
788 742
2 788
288 2
24 288
584 426
24 584
378 119
24 378
216 24
350 216
468 350
54 468
54 394
111 54
111 286
373 111
346 373
184 346
202 184
617 202
717 617
80 106 135 144 219 220 248 263 264 272 275 276 307 317 351 363 408 440 484 494 519 531 534 544 552 570 574 580 590 604 642 665 704 714 722 740 759 785 794 798 
740 570
534 740
574 580
574 263
590 574
144 590
220 144
759 220
759 704
135 759
484 440
484 80
135 534
275 248
722 275
135 722
484 272
484 135
106 484
785 106
665 785
408 519
219 408
798 219
714 798
494 714
264 494
794 307
276 794
642 604
276 642
544 276
317 351
544 317
531 544
531 363
552 531
264 552
665 264
23 40 63 66 99 109 138 152 156 175 186 194 207 227 232 246 262 271 277 280 285 291 294 295 303 318 329 352 396 397 401 404 411 419 423 435 449 452 477 508 517 521 524 536 547 561 575 578 589 607 616 621 645 683 688 693 727 728 734 739 748 769 773 791 793 
589 109
589 521
232 186
294 232
578 294
578 138
683 578
607 683
152 607
303 152
318 303
621 194
318 621
246 318
728 246
616 728
517 616
517 207
517 575
291 517
352 175
291 352
536 291
295 547
769 419
536 769
295 536
277 295
748 404
277 748
277 99
734 277
40 734
227 40
227 688
329 227
773 329
271 773
411 271
411 449
23 411
262 645
23 262
791 23
423 791
423 285
508 477
423 508
524 423
401 524
156 401
561 156
396 561
397 63
397 396
739 397
727 693
793 739
727 793
66 727
452 66
452 435
280 452
589 280
348 392 656 
348 392
656 348
8 10 13 20 21 27 28 31 39 43 57 61 65 67 73 83 85 90 98 103 110 117 120 122 124 126 127 130 141 143 159 163 164 165 166 168 180 190 191 197 218 223 247 298 305 310 313 319 333 334 336 338 359 364 367 371 377 383 387 395 427 436 437 438 443 448 453 461 462 465 472 481 483 485 486 489 498 500 503 505 512 513 514 533 535 554 556 558 569 571 579 582 593 594 597 601 602 605 606 609 610 612 613 618 628 629 631 638 640 644 650 653 654 655 657 663 667 697 699 702 708 710 718 720 723 724 733 750 757 766 767 771 781 792 795 797 
655 609
512 655
512 710
512 67
443 512
503 443
503 483
503 514
663 503
247 663
191 594
640 191
602 640
83 602
90 83
247 90
593 247
708 593
792 638
395 708
313 387
579 723
305 579
313 305
792 313
395 792
333 395
159 333
371 159
180 371
180 197
180 465
613 180
427 613
427 190
10 569
533 10
533 427
667 533
667 653
667 650
377 667
618 28
781 120
781 130
618 781
797 618
377 85
628 141
377 628
797 377
554 797
338 8
338 498
554 334
338 554
383 338
472 383
472 336
472 535
481 472
223 481
223 606
644 223
571 644
43 571
720 43
436 720
436 103
168 436
367 168
757 164
126 367
757 126
166 757
13 166
127 13
122 629
122 556
127 122
124 127
448 124
448 117
20 448
582 20
21 582
500 766
500 31
21 500
505 21
143 505
461 143
437 461
597 771
110 437
597 110
65 597
65 733
699 65
319 699
319 359
513 319
513 310
485 513
98 485
767 98
750 767
718 750
654 718
453 654
165 453
165 163
364 165
605 610
605 612
364 605
364 702
489 364
697 27
486 724
438 486
795 657
298 795
73 489
298 73
601 298
39 601
631 39
438 631
57 438
697 57
697 61
558 697
218 558
462 218
0 32 34 44 51 72 81 115 169 172 182 193 201 204 231 236 239 259 260 265 339 343 345 356 368 380 381 386 406 431 482 495 497 506 507 537 540 542 577 583 611 615 626 627 637 666 675 685 694 716 735 744 756 763 764 782 783 
343 172
260 542
343 260
265 343
265 72
506 265
744 506
744 0
744 236
583 744
345 583
345 193
694 345
339 694
495 685
182 339
716 540
615 495
115 615
380 115
182 716
34 32
182 34
675 182
675 764
51 675
406 51
169 406
735 169
231 380
735 231
81 735
381 81
239 259
666 368
239 666
627 381
627 239
611 627
626 611
626 763
507 626
482 507
756 386
637 756
637 44
201 637
201 204
537 201
431 537
431 577
431 356
482 431
497 783
482 497
782 482
5 7 16 18 29 37 45 48 84 88 102 116 129 131 132 151 154 160 167 173 199 208 209 210 226 238 242 243 251 254 261 274 279 284 296 302 306 309 321 325 331 337 341 379 382 393 405 407 424 442 450 455 457 463 471 475 499 501 526 549 560 565 596 623 625 632 639 643 646 660 661 662 673 676 677 700 701 711 713 730 732 741 747 751 753 754 755 760 765 770 777 789 799 
160 208
160 129
701 160
549 701
29 154
499 29
549 499
754 549
789 754
302 88
730 284
730 393
661 730
302 661
789 302
405 789
173 405
560 741
560 173
116 560
760 662
760 16
116 760
209 116
770 209
254 770
45 254
475 45
279 475
84 279
5 84
7 424
625 7
625 526
306 625
382 306
242 382
677 242
18 765
261 18
251 261
677 251
321 677
321 379
639 321
274 639
151 238
450 151
274 450
471 274
471 660
102 471
673 102
747 673
700 747
711 700
565 711
5 565
5 226
676 5
799 676
632 799
623 632
732 623
210 407
732 210
442 732
37 442
643 37
643 167
457 199
48 457
296 48
643 296
643 131
337 643
751 341
337 751
132 337
243 132
243 755
713 243
325 753
325 455
331 646
325 331
463 325
463 309
777 463
501 596
501 777
713 501
56 89 97 101 108 140 147 221 228 266 283 354 361 372 376 385 429 454 456 525 538 539 555 568 591 595 620 670 672 696 715 731 737 746 
696 591
696 361
731 696
283 595
715 568
539 715
140 539
283 140
746 97
746 731
354 746
283 354
454 283
538 454
456 737
56 456
429 56
101 228
266 108
672 372
525 672
620 525
620 266
147 620
670 147
89 385
670 89
101 670
221 101
429 221
555 429
376 555
538 376
