? 11 0 556 230 423 435 418 672 643 181 185 542
? 11 1 522 83 799 450 765 740 186 62 733 580
? 11 2 173 203 308 196 598 651 447 606 249 683
? 11 3 23 704 783 716 17 476 639 392 531 544
? 11 4 501 713 764 64 132 6 777 664 383 222
? 11 5 592 105 532 159 140 54 240 677 237 424
? 11 7 542 418 520 724 610 556 0 435 678 436
? 11 8 779 626 647 504 38 741 66 360 145 21
? 11 9 60 586 44 263 76 346 565 36 31 667
? 11 10 636 192 421 479 699 158 514 442 680 32
? 11 11 709 534 565 369 44 151 586 776 611 388
? 11 12 109 221 184 169 782 331 548 759 276 426
? 11 13 341 169 421 782 32 468 703 238 192 10
? 11 14 449 766 441 493 51 410 597 535 495 232
? 11 15 266 253 104 96 577 553 193 140 592 159
? 11 16 268 204 694 533 219 252 515 178 114 90
? 11 18 292 99 742 224 442 514 788 158 587 293
? 11 19 259 241 679 482 387 136 312 137 488 97
? 11 20 456 686 205 751 428 617 207 774 386 512
? 11 22 211 575 213 424 431 281 201 330 289 489
? 11 24 31 637 690 45 346 354 36 59 263 9
? 11 25 306 468 760 103 183 301 511 327 636 10
? 11 26 489 213 289 575 281 431 22 211 330 452
? 11 27 596 152 258 274 463 692 399 462 627 776
? 11 28 676 767 652 573 550 88 295 551 549 492
? 11 29 519 163 72 566 593 671 475 552 482 543
? 11 30 220 749 348 332 603 645 623 457 517 304
? 11 33 52 175 353 751 617 697 774 512 205 500
? 11 34 318 344 153 428 381 386 320 234 613 456
? 11 35 261 589 496 567 321 693 682 490 379 272
? 11 37 447 557 683 196 173 598 2 729 203 308
? 11 39 199 252 653 515 640 114 659 559 739 16
? 11 40 93 186 733 391 765 401 139 723 605 443
? 11 41 517 246 570 590 405 597 30 619 749 304
? 11 42 77 735 291 394 564 772 572 325 670 273
? 11 43 69 324 399 560 200 176 466 746 363 371
? 11 46 600 128 189 707 745 242 91 89 743 433
? 11 47 191 154 310 790 440 419 681 389 67 561
? 11 48 413 61 785 382 433 698 128 669 484 571
? 11 49 122 326 603 349 457 332 304 749 720 30
? 11 50 723 113 79 733 673 239 765 793 740 530
? 11 53 295 287 761 118 177 551 397 368 212 644
? 11 55 759 370 639 602 94 703 280 32 704 714
? 11 56 384 290 101 148 288 698 367 75 599 484
? 11 57 300 357 212 761 581 552 437 470 118 644
? 11 58 226 518 267 119 254 672 172 62 401 435
? 11 63 316 666 179 361 562 174 178 540 584 98
? 11 65 124 633 143 135 406 244 467 197 245 711
? 11 68 734 309 481 635 757 569 359 265 521 663
? 11 70 791 427 555 362 719 87 184 516 338 669
? 11 71 78 249 233 209 606 685 342 770 460 308
? 11 73 402 302 632 222 501 713 4 6 132 764
? 11 74 265 656 359 277 757 236 662 588 609 481
? 11 80 455 563 453 17 783 748 544 430 788 149
? 11 81 674 477 296 524 770 229 583 796 209 325
? 11 82 393 732 116 762 117 789 536 629 133 411
? 11 84 374 157 787 650 150 85 715 190 247 108
? 11 86 497 250 689 505 133 117 762 182 116 440
? 11 92 705 721 231 620 379 417 682 255 527 567
? 11 95 340 425 795 218 640 559 739 350 670 768
? 11 100 710 797 257 699 680 636 289 452 514 431
? 11 102 510 747 708 580 160 756 422 279 799 83
? 11 106 131 616 648 215 614 665 717 727 365 182
? 11 107 162 607 781 376 206 615 502 438 285 264
? 11 110 245 483 414 467 403 429 135 527 130 112
? 11 111 634 129 260 334 256 758 502 197 633 376
? 11 115 227 329 688 664 132 6 383 764 713 294
? 11 120 574 473 156 649 486 271 579 643 535 366
? 11 121 480 89 571 433 161 128 408 743 46 347
? 11 123 622 700 754 275 718 516 338 719 427 87
? 11 125 141 451 621 673 251 444 170 134 752 646
? 11 126 706 711 658 406 712 143 736 380 633 124
? 11 127 462 420 381 631 152 258 463 27 596 195
? 11 138 641 513 313 720 297 349 753 228 326 569
? 11 142 537 715 660 286 351 247 478 147 576 85
? 11 144 408 320 345 373 409 387 613 136 234 480
? 11 146 404 623 521 202 645 662 348 457 538 220
? 11 155 590 722 303 728 210 585 499 405 771 509
? 11 164 243 395 725 798 629 242 750 411 707 347
? 11 165 225 188 248 67 139 366 310 154 93 561
? 11 166 464 701 503 415 678 398 471 495 364 418
? 11 167 273 540 98 174 670 361 394 291 179 795
? 11 168 311 612 697 771 283 585 778 76 728 667
? 11 171 657 490 693 737 615 272 781 321 607 264
? 11 180 702 638 668 240 237 54 677 684 262 577
? 11 187 661 744 108 217 794 150 190 367 554 372
? 11 194 221 628 75 555 109 372 794 548 426 70
? 11 198 695 786 315 298 745 625 189 243 578 242
? 11 208 461 528 568 416 269 305 546 545 541 426
? 11 214 228 412 297 313 513 138 641 753 533 694
? 11 216 714 675 331 280 276 392 541 704 461 305
? 11 223 299 691 382 669 459 61 409 413 508 362
? 11 235 278 335 752 646 134 170 530 336 444 673
? 11 270 448 434 778 561 681 283 728 419 303 67
? 11 282 474 360 630 38 498 696 545 744 523 445
? 11 284 193 729 598 96 553 407 196 651 266 447
? 11 307 775 337 377 319 403 712 558 576 608 660
? 11 314 726 330 140 159 532 281 592 424 105 5
? 11 317 608 377 375 625 784 576 298 337 315 578
? 11 322 601 264 758 256 334 376 682 634 607 615
? 11 323 328 469 549 687 551 573 371 550 466 595
? 11 333 368 644 397 624 470 287 581 761 212 262
? 11 339 780 760 487 201 306 680 437 731 431 25
? 11 343 298 712 695 126 337 706 198 608 658 315
? 11 352 294 383 655 64 688 227 773 664 506 764
? 11 355 97 183 301 488 103 137 327 511 259 468
? 11 356 21 504 222 626 454 582 777 632 501 145
? 11 358 507 547 491 796 325 772 572 524 229 477
? 11 378 526 465 538 202 662 364 609 656 236 398
? 11 385 390 90 619 354 690 59 304 570 349 694
? 11 396 443 505 310 689 391 497 191 605 154 86
? 11 400 432 525 500 389 512 133 774 116 617 117
? 11 439 149 506 430 748 716 458 544 23 783 17
? 11 446 130 558 483 539 403 112 414 642 110 775
? 11 472 591 531 773 494 476 458 305 506 416 392
? 11 485 763 195 241 420 631 234 127 613 462 136
? 11 529 746 151 369 69 388 399 43 659 768 776
? 11 594 595 492 550 687 573 323 350 652 549 767
? 11 604 460 577 606 553 96 651 407 71 237 668
? 11 618 438 162 730 781 107 607 615 285 657 171
? 11 654 255 429 755 527 231 414 112 110 467 620
? 11 738 415 471 493 410 185 678 181 535 230 701
? 11 769 741 145 647 269 545 582 498 454 38 8
? 11 792 324 363 560 176 466 543 200 371 163 43
? 11 12 109 221 184 169 782 331 548 759 276 426
? 11 20 456 686 205 751 428 617 207 774 386 512
? 11 24 31 637 690 45 346 354 36 59 263 9
? 11 29 519 163 72 566 593 671 475 552 482 543
? 11 49 122 326 603 349 457 332 304 749 720 30
? 11 51 495 232 493 398 14 449 766 441 503 415
? 11 52 175 353 33 419 790 697 612 681 311 617
? 11 53 295 287 761 118 177 551 397 368 212 644
? 11 55 759 370 639 602 94 703 280 32 704 714
? 11 56 384 290 101 148 288 698 367 75 599 484
? 11 60 9 586 44 263 565 76 36 346 534 31
? 11 68 734 309 481 635 757 569 359 265 521 663
? 11 77 291 394 42 735 564 670 273 167 572 772
? 11 88 652 767 28 492 676 550 342 685 770 573
? 11 91 745 599 189 46 578 698 600 128 48 315
? 11 131 648 106 215 616 665 614 717 365 793 727
? 11 146 404 623 521 202 645 662 348 457 538 220
? 11 147 286 715 142 660 537 351 247 539 478 558
? 11 155 590 722 303 728 210 585 499 405 771 509
? 11 157 190 374 150 217 108 744 84 523 661 650
? 11 172 254 401 139 226 62 366 58 271 518 672
? 11 206 502 260 444 134 621 752 376 107 451 285
? 11 224 99 292 587 18 742 788 293 563 442 514
? 11 225 165 188 248 67 310 154 139 366 561 93
? 11 270 448 434 778 561 681 283 728 419 303 67
? 11 278 235 752 335 134 646 170 336 444 530 621
? 11 319 775 711 712 135 403 337 406 307 124 245
? 11 329 115 688 227 430 664 439 453 149 132 6
? 11 344 318 34 381 428 153 234 320 127 485 386
? 11 352 294 383 655 64 688 227 773 664 506 764
? 11 356 21 504 222 626 454 582 777 632 501 145
? 11 375 784 576 317 608 377 478 288 351 247 625
? 11 380 736 658 706 126 129 798 336 143 633 343
? 11 393 82 732 762 116 536 629 789 117 411 133
? 11 396 443 505 310 689 391 497 191 605 154 86
? 11 402 73 632 302 501 713 222 4 6 132 764
? 11 417 620 379 231 721 92 705 255 755 654 429
? 11 432 400 525 500 133 116 117 732 386 512 389
? 11 445 523 630 66 744 282 474 190 360 38 157
? 11 450 83 522 62 1 799 401 186 226 765 422
? 11 469 328 323 549 551 177 371 543 687 573 466
? 11 473 120 649 574 271 643 156 423 366 181 535
? 11 486 509 574 579 156 120 499 210 303 473 722
? 11 491 507 796 358 229 547 524 477 203 2 308
? 11 494 531 476 472 305 392 591 704 675 773 280
? 11 496 589 35 261 567 379 321 682 693 721 417
? 11 520 610 724 435 436 542 7 0 119 518 672
? 11 557 37 447 683 196 173 598 729 2 203 308
? 11 583 296 492 81 674 88 594 652 477 770 524
? 11 604 460 577 606 553 96 651 407 71 237 668
? 11 622 754 123 275 718 700 516 719 338 427 508
? 11 642 112 539 414 446 130 483 755 558 654 110
? 11 684 668 342 685 702 638 180 262 233 240 677
? 11 691 223 299 669 382 459 718 508 362 275 719
? 11 692 274 463 627 152 596 27 207 776 381 686
? 11 708 747 510 102 279 580 160 756 422 799 730
? 11 725 411 164 629 395 182 614 727 762 243 750
? 11 737 272 171 657 490 693 321 261 615 35 589
? 11 792 324 363 560 176 466 543 200 371 163 43
? 11 11 709 534 565 369 44 151 586 776 611 388
? 11 12 109 221 184 169 782 331 548 759 276 426
? 11 13 341 169 421 782 32 468 703 238 192 10
? 11 15 266 253 104 96 577 553 193 140 592 159
? 11 19 259 241 679 482 387 136 312 137 488 97
? 11 20 456 686 205 751 428 617 207 774 386 512
? 11 24 31 637 690 45 346 354 36 59 263 9
? 11 29 519 163 72 566 593 671 475 552 482 543
? 11 39 199 252 653 515 640 114 659 559 739 16
? 11 40 93 186 733 391 765 401 139 723 605 443
? 11 41 517 246 570 590 405 597 30 619 749 304
? 11 49 122 326 603 349 457 332 304 749 720 30
? 11 50 723 113 79 733 673 239 765 793 740 530
? 11 51 495 232 493 398 14 449 766 441 503 415
? 11 53 295 287 761 118 177 551 397 368 212 644
? 11 55 759 370 639 602 94 703 280 32 704 714
? 11 56 384 290 101 148 288 698 367 75 599 484
? 11 60 9 586 44 263 565 76 36 346 534 31
? 11 63 316 666 179 361 562 174 178 540 584 98
? 11 65 124 633 143 135 406 244 467 197 245 711
? 11 68 734 309 481 635 757 569 359 265 521 663
? 11 77 291 394 42 735 564 670 273 167 572 772
? 11 78 209 233 71 249 685 770 342 606 229 460
? 11 80 455 563 453 17 783 748 544 430 788 149
? 11 91 745 599 189 46 578 698 600 128 48 315
? 11 100 710 797 257 699 680 636 289 452 514 431
? 11 111 634 129 260 334 256 758 502 197 633 376
? 11 121 480 89 571 433 161 128 408 743 46 347
? 11 125 141 451 621 673 251 444 170 134 752 646
? 11 131 648 106 215 616 665 614 717 365 793 727
? 11 146 404 623 521 202 645 662 348 457 538 220
? 11 147 286 715 142 660 537 351 247 539 478 558
? 11 155 590 722 303 728 210 585 499 405 771 509
? 11 166 464 701 503 415 678 398 471 495 364 418
? 11 194 221 628 75 555 109 372 794 548 426 70
? 11 204 16 268 694 533 219 178 252 515 412 114
? 11 208 461 528 568 416 269 305 546 545 541 426
? 11 214 228 412 297 313 513 138 641 753 533 694
? 11 218 795 739 640 425 584 95 98 340 653 540
? 11 224 99 292 587 18 742 788 293 563 442 514
? 11 225 165 188 248 67 310 154 139 366 561 93
? 11 250 762 86 497 117 411 133 182 689 116 82
? 11 267 518 58 119 226 672 435 436 254 62 610
? 11 270 448 434 778 561 681 283 728 419 303 67
? 11 278 235 752 335 134 646 170 336 444 530 621
? 11 284 193 729 598 96 553 407 196 651 266 447
? 11 311 168 612 697 283 771 778 76 585 728 52
? 11 314 726 330 140 159 532 281 592 424 105 5
? 11 319 775 711 712 135 403 337 406 307 124 245
? 11 322 601 264 758 256 334 376 682 634 607 615
? 11 327 511 103 301 183 468 238 355 97 25 341
? 11 333 368 644 397 624 470 287 581 761 212 262
? 11 339 780 760 487 201 306 680 437 731 431 25
? 11 344 318 34 381 428 153 234 320 127 485 386
? 11 345 136 613 320 234 387 144 679 373 19 485
? 11 350 595 594 340 95 425 768 559 492 583 687
? 11 352 294 383 655 64 688 227 773 664 506 764
? 11 353 175 52 33 790 389 500 525 419 440 512
? 11 356 21 504 222 626 454 582 777 632 501 145
? 11 357 57 300 552 437 212 761 475 118 671 593
? 11 378 526 465 538 202 662 364 609 656 236 398
? 11 385 390 90 619 354 690 59 304 570 349 694
? 11 393 82 732 762 116 536 629 789 117 411 133
? 11 396 443 505 310 689 391 497 191 605 154 86
? 11 402 73 632 302 501 713 222 4 6 132 764
? 11 409 373 299 459 408 223 480 571 433 508 691
? 11 432 400 525 500 133 116 117 732 386 512 389
? 11 438 618 162 781 607 107 615 730 657 171 285
? 11 445 523 630 66 744 282 474 190 360 38 157
? 11 469 328 323 549 551 177 371 543 687 573 466
? 11 486 509 574 579 156 120 499 210 303 473 722
? 11 489 26 213 289 575 281 431 22 211 452 330
? 11 491 507 796 358 229 547 524 477 203 2 308
? 11 496 589 35 261 567 379 321 682 693 721 417
? 11 520 610 724 435 436 542 7 0 119 518 672
? 11 529 746 151 369 69 388 399 43 659 768 776
? 11 554 367 661 290 384 650 794 108 101 187 150
? 11 556 230 0 418 185 181 678 643 471 542 423
? 11 557 37 447 683 196 173 598 729 2 203 308
? 11 588 277 236 609 74 656 265 359 465 538 378
? 11 591 472 458 773 531 476 506 494 352 23 716
? 11 604 460 577 606 553 96 651 407 71 237 668
? 11 622 754 123 275 718 700 516 719 338 427 508
? 11 642 112 539 414 446 130 483 755 558 654 110
? 11 692 274 463 627 152 596 27 207 776 381 686
? 11 695 198 786 315 298 243 745 189 242 625 343
? 11 737 272 171 657 490 693 321 261 615 35 589
? 11 747 510 708 102 160 756 580 279 422 799 436
? 11 769 741 145 647 269 545 582 498 454 38 8
? 11 787 85 247 478 650 351 576 142 537 84 554
? 11 791 70 427 87 719 184 555 362 516 338 718
? 11 792 324 363 560 176 466 543 200 371 163 43
? 11 3 23 704 783 716 17 476 639 392 531 544
? 11 12 109 221 184 169 782 331 548 759 276 426
? 11 20 456 686 205 751 428 617 207 774 386 512
? 11 24 31 637 690 45 346 354 36 59 263 9
? 11 29 519 163 72 566 593 671 475 552 482 543
? 11 47 191 154 310 790 440 419 681 389 67 561
? 11 49 122 326 603 349 457 332 304 749 720 30
? 11 51 495 232 493 398 14 449 766 441 503 415
? 11 53 295 287 761 118 177 551 397 368 212 644
? 11 55 759 370 639 602 94 703 280 32 704 714
? 11 56 384 290 101 148 288 698 367 75 599 484
? 11 60 9 586 44 263 565 76 36 346 534 31
? 11 68 734 309 481 635 757 569 359 265 521 663
? 11 77 291 394 42 735 564 670 273 167 572 772
? 11 88 652 767 28 492 676 550 342 685 770 573
? 11 91 745 599 189 46 578 698 600 128 48 315
? 11 131 648 106 215 616 665 614 717 365 793 727
? 11 146 404 623 521 202 645 662 348 457 538 220
? 11 147 286 715 142 660 537 351 247 539 478 558
? 11 155 590 722 303 728 210 585 499 405 771 509
? 11 158 479 442 514 192 421 94 10 602 32 18
? 11 172 254 401 139 226 62 366 58 271 518 672
? 11 216 714 675 331 280 276 392 541 704 461 305
? 11 218 795 739 640 425 584 95 98 340 653 540
? 11 224 99 292 587 18 742 788 293 563 442 514
? 11 225 165 188 248 67 310 154 139 366 561 93
? 11 270 448 434 778 561 681 283 728 419 303 67
? 11 278 235 752 335 134 646 170 336 444 530 621
? 11 297 228 313 138 753 513 641 214 720 349 412
? 11 311 168 612 697 283 771 778 76 585 728 52
? 11 319 775 711 712 135 403 337 406 307 124 245
? 11 325 772 572 524 796 735 477 507 564 42 547
? 11 327 511 103 301 183 468 238 355 97 25 341
? 11 329 115 688 227 430 664 439 453 149 132 6
? 11 344 318 34 381 428 153 234 320 127 485 386
? 11 353 175 52 33 790 389 500 525 419 440 512
? 11 356 21 504 222 626 454 582 777 632 501 145
? 11 361 174 540 98 179 584 167 562 273 63 739
? 11 374 157 84 150 190 217 108 650 744 661 523
? 11 375 784 576 317 608 377 478 288 351 247 625
? 11 380 736 658 706 126 129 798 336 143 633 343
? 11 393 82 732 762 116 536 629 789 117 411 133
? 11 395 750 164 242 629 347 707 743 243 725 536
? 11 396 443 505 310 689 391 497 191 605 154 86
? 11 402 73 632 302 501 713 222 4 6 132 764
? 11 409 373 299 459 408 223 480 571 433 508 691
? 11 410 535 738 156 493 449 14 415 441 471 579
? 11 413 61 48 382 433 669 785 223 571 299 128
? 11 432 400 525 500 133 116 117 732 386 512 389
? 11 438 618 162 781 607 107 615 730 657 171 285
? 11 445 523 630 66 744 282 474 190 360 38 157
? 11 462 420 631 127 258 152 27 195 596 200 176
? 11 469 328 323 549 551 177 371 543 687 573 466
? 11 486 509 574 579 156 120 499 210 303 473 722
? 11 489 26 213 289 575 281 431 22 211 452 330
? 11 491 507 796 358 229 547 524 477 203 2 308
? 11 496 589 35 261 567 379 321 682 693 721 417
? 11 520 610 724 435 436 542 7 0 119 518 672
? 11 556 230 0 418 185 181 678 643 471 542 423
? 11 557 37 447 683 196 173 598 729 2 203 308
? 11 591 472 458 773 531 476 506 494 352 23 716
? 11 604 460 577 606 553 96 651 407 71 237 668
? 11 622 754 123 275 718 700 516 719 338 427 508
? 11 638 702 180 262 677 54 240 668 684 237 342
? 11 642 112 539 414 446 130 483 755 558 654 110
? 11 655 64 383 294 352 777 764 4 664 713 688
? 11 667 263 346 585 771 76 45 31 637 168 728
? 11 692 274 463 627 152 596 27 207 776 381 686
? 11 695 198 786 315 298 243 745 189 242 625 343
? 11 696 546 498 545 269 568 372 528 474 208 282
? 11 705 92 721 231 620 379 417 682 255 567 527
? 11 737 272 171 657 490 693 321 261 615 35 589
? 11 746 529 69 151 43 399 369 388 768 659 200
? 11 747 510 708 102 160 756 580 279 422 799 436
? 11 763 485 195 241 631 420 234 462 127 613 136
? 11 779 8 66 626 38 504 630 647 360 741 21
? 11 792 324 363 560 176 466 543 200 371 163 43
? 11 11 709 534 565 369 44 151 586 776 611 388
? 11 12 109 221 184 169 782 331 548 759 276 426
? 11 13 341 169 421 782 32 468 703 238 192 10
? 11 15 266 253 104 96 577 553 193 140 592 159
? 11 20 456 686 205 751 428 617 207 774 386 512
? 11 24 31 637 690 45 346 354 36 59 263 9
? 11 29 519 163 72 566 593 671 475 552 482 543
? 11 39 199 252 653 515 640 114 659 559 739 16
? 11 40 93 186 733 391 765 401 139 723 605 443
? 11 41 517 246 570 590 405 597 30 619 749 304
? 11 49 122 326 603 349 457 332 304 749 720 30
? 11 50 723 113 79 733 673 239 765 793 740 530
? 11 51 495 232 493 398 14 449 766 441 503 415
? 11 53 295 287 761 118 177 551 397 368 212 644
? 11 55 759 370 639 602 94 703 280 32 704 714
? 11 56 384 290 101 148 288 698 367 75 599 484
? 11 60 9 586 44 263 565 76 36 346 534 31
? 11 65 124 633 143 135 406 244 467 197 245 711
? 11 68 734 309 481 635 757 569 359 265 521 663
? 11 74 265 656 359 277 757 236 662 588 609 481
? 11 77 291 394 42 735 564 670 273 167 572 772
? 11 80 455 563 453 17 783 748 544 430 788 149
? 11 81 674 477 296 524 770 229 583 796 209 325
? 11 88 652 767 28 492 676 550 342 685 770 573
? 11 91 745 599 189 46 578 698 600 128 48 315
? 11 100 710 797 257 699 680 636 289 452 514 431
? 11 111 634 129 260 334 256 758 502 197 633 376
? 11 121 480 89 571 433 161 128 408 743 46 347
? 11 125 141 451 621 673 251 444 170 134 752 646
? 11 131 648 106 215 616 665 614 717 365 793 727
? 11 146 404 623 521 202 645 662 348 457 538 220
? 11 147 286 715 142 660 537 351 247 539 478 558
? 11 155 590 722 303 728 210 585 499 405 771 509
? 11 166 464 701 503 415 678 398 471 495 364 418
? 11 194 221 628 75 555 109 372 794 548 426 70
? 11 204 16 268 694 533 219 178 252 515 412 114
? 11 218 795 739 640 425 584 95 98 340 653 540
? 11 224 99 292 587 18 742 788 293 563 442 514
? 11 225 165 188 248 67 310 154 139 366 561 93
? 11 250 762 86 497 117 411 133 182 689 116 82
? 11 267 518 58 119 226 672 435 436 254 62 610
? 11 270 448 434 778 561 681 283 728 419 303 67
? 11 278 235 752 335 134 646 170 336 444 530 621
? 11 284 193 729 598 96 553 407 196 651 266 447
? 11 297 228 313 138 753 513 641 214 720 349 412
? 11 311 168 612 697 283 771 778 76 585 728 52
? 11 312 482 259 137 566 488 671 475 72 19 731
? 11 314 726 330 140 159 532 281 592 424 105 5
!
114 361 562 
562 114
361 562
339 487 731 
487 731
339 487
184 
123 
80 
5 140 201 213 281 289 330 431 
431 289
5 140
281 5
330 281
431 330
213 431
201 213
72 163 437 466 475 519 543 552 560 593 780 
466 560
543 466
163 72
543 163
519 543
475 519
593 552
475 593
437 475
437 780
268 694 
694 268
170 235 335 
235 170
335 235
92 231 255 379 417 429 527 567 620 705 721 
721 567
255 721
379 417
255 379
620 255
231 620
429 231
92 705
527 92
429 527
453 688 
453 688
103 306 327 
327 306
327 103
224 292 
224 292
191 353 
191 353
782 
152 205 258 274 381 428 463 617 627 686 774 
686 428
774 617
205 774
686 205
463 686
627 463
274 627
152 381
152 274
258 152
11 534 
11 534
42 273 291 564 670 735 772 
42 772
291 42
670 291
564 670
564 735
273 564
614 
166 181 415 464 471 493 503 556 678 701 
503 701
503 493
415 503
166 415
678 166
464 678
471 464
471 181
556 471
369 388 611 709 776 
369 388
709 369
611 709
776 611
29 792 
792 29
520 
748 788 
748 788
284 447 598 
598 447
284 598
0 119 120 156 226 410 486 518 574 579 643 649 672 738 
119 518
672 226
672 119
0 672
643 0
120 643
120 649
574 486
120 574
156 120
579 156
410 579
738 410
236 378 465 588 609 
236 588
465 378
465 236
609 465
275 691 700 719 
275 700
275 719
691 275
10 13 32 55 94 192 370 421 479 602 
602 370
602 94
32 602
32 55
192 32
421 192
10 13
10 421
479 10
167 174 394 
167 174
167 394
216 276 331 675 
331 216
276 331
675 276
68 481 569 635 663 
663 635
481 663
481 68
569 481
39 425 559 659 768 
768 659
559 768
559 425
559 39
107 162 206 264 376 438 502 607 615 657 781 
162 657
162 438
781 162
615 781
264 615
607 264
107 607
206 107
502 376
206 502
40 93 248 
93 248
40 93
325 358 491 507 547 
507 325
507 491
358 507
547 358
432 536 
536 432
1 102 160 279 422 510 522 580 708 747 799 
422 160
580 422
510 580
510 747
102 510
102 708
279 102
799 279
522 799
1 522
4 21 145 454 501 504 582 626 713 777 779 
501 713
501 4
777 501
454 777
21 454
582 145
504 582
21 626
504 21
779 504
212 287 357 368 397 470 581 624 644 761 
287 644
368 287
581 368
624 581
212 624
212 357
397 212
397 761
470 397
360 
182 689 727 
182 727
689 182
27 420 462 596 631 
462 420
596 27
462 631
462 596
115 227 329 383 664 
664 383
227 664
115 227
329 115
50 79 239 673 
79 239
673 50
673 79
277 
57 118 295 300 328 549 551 676 
676 549
551 676
551 328
551 295
118 551
300 118
57 300
61 89 161 408 409 433 459 480 571 743 
408 480
408 409
161 408
433 161
571 89
61 571
433 743
61 433
459 61
38 56 66 75 84 85 101 108 142 147 157 187 282 286 290 351 367 374 445 474 478 554 576 599 650 698 715 744 787 
599 56
698 599
290 698
367 290
367 101
367 75
187 367
157 445
157 84
374 157
108 374
85 787
142 147
351 142
286 351
478 576
286 478
715 286
85 715
554 85
108 554
108 650
744 108
38 66
282 38
474 282
744 474
187 744
33 168 283 311 681 
681 33
681 283
311 681
311 168
138 
63 
164 242 243 347 725 750 
164 725
242 347
243 242
164 243
750 164
444 451 
451 444
51 
322 693 
322 693
141 251 285 618 730 
251 141
285 251
730 618
285 730
15 54 105 159 266 424 532 592 
15 266
159 15
424 592
105 424
532 159
105 532
54 105
88 550 652 
652 88
652 550
270 
754 
278 336 
278 336
359 
43 69 151 200 399 746 
43 399
200 43
69 200
151 69
746 151
106 616 798 
616 798
616 106
214 228 
214 228
70 223 362 382 555 628 669 785 
382 223
669 382
555 628
70 555
362 70
669 362
785 669
132 294 655 764 
764 132
294 764
655 294
6 
220 348 521 623 645 
521 623
521 348
645 521
220 645
65 135 
65 135
22 211 575 
211 22
575 211
28 180 262 333 342 638 702 
702 638
702 180
342 28
342 702
262 342
262 333
717 
158 514 636 680 699 710 
514 158
636 514
699 710
636 699
680 636
18 587 
587 18
178 219 316 412 533 666 
178 219
533 412
178 533
316 178
666 316
30 603 619 749 
603 30
749 603
619 749
684 
529 
53 177 469 
469 53
469 177
146 202 404 538 656 662 
404 146
538 404
202 538
662 202
656 662
515 
46 48 91 128 189 198 298 315 343 600 707 745 786 
298 343
198 298
786 198
315 786
600 46
48 91
128 48
189 128
745 315
189 745
600 189
707 600
25 97 183 238 341 468 511 760 
238 468
341 25
238 341
511 238
183 511
183 97
760 183
171 256 261 321 601 682 
171 321
261 171
682 261
256 682
601 256
323 324 363 371 595 687 
324 363
371 324
687 371
687 323
595 687
3 23 458 472 476 494 531 716 
458 472
531 458
476 531
494 476
23 494
3 23
716 3
87 516 622 718 791 
516 718
516 622
87 516
87 791
74 265 309 734 757 
757 734
74 757
265 309
74 265
208 280 392 416 461 528 639 703 704 714 
714 392
703 714
280 703
639 280
704 639
461 704
528 208
461 528
416 461
111 129 260 334 380 634 658 758 
334 758
260 334
111 260
634 111
129 634
658 129
658 380
304 349 570 720 
720 349
304 720
570 304
37 173 557 683 
37 173
683 37
557 683
364 526 
364 526
155 
64 
41 246 517 590 
246 41
517 590
517 246
210 303 405 499 509 597 722 728 
303 728
499 509
303 722
210 303
210 499
405 210
597 405
121 148 413 484 
413 121
484 413
484 148
338 427 
338 427
71 196 233 249 308 606 729 
729 196
308 729
71 308
71 233
606 71
249 606
95 98 179 540 584 739 
739 95
98 739
98 540
179 98
584 179
83 186 450 
83 186
450 83
110 130 247 377 414 446 483 558 660 
110 483
414 110
130 414
446 130
558 446
660 558
660 247
377 660
443 505 733 
443 505
443 733
185 230 
230 185
81 229 296 492 524 573 583 674 685 767 770 796 
767 573
685 767
492 685
770 492
296 770
674 296
81 674
524 81
524 229
796 524
583 796
352 506 773 
352 773
352 506
67 154 175 419 434 448 561 
561 154
448 561
434 67
448 434
419 448
175 419
137 259 301 312 355 482 488 566 671 
137 301
312 137
671 259
482 671
482 566
312 482
488 312
355 488
297 641 753 
641 753
297 641
100 257 293 452 797 
257 293
257 452
797 257
797 100
131 215 
131 215
73 302 402 632 
302 73
302 632
402 302
12 109 221 426 545 546 548 568 
109 12
221 548
221 109
426 221
568 426
546 568
545 546
490 
86 116 117 133 250 386 395 400 411 512 
512 386
133 512
86 250
117 86
117 400
411 117
133 116
411 133
395 411
457 
307 337 403 712 775 
337 712
403 337
403 307
775 403
47 389 440 500 525 790 
790 47
525 500
389 525
389 790
440 389
14 232 398 441 449 495 535 766 
495 232
766 495
398 766
441 398
14 441
449 14
535 449
218 340 350 640 653 795 
640 653
218 640
795 218
340 795
350 340
313 
594 
188 
165 225 310 
165 310
225 165
35 272 496 589 737 
35 496
589 35
272 589
737 272
169 
150 
497 
356 
125 752 
125 752
78 203 209 
78 203
78 209
176 
756 
60 76 586 
586 76
60 586
58 62 172 254 267 401 435 
254 401
58 254
58 435
267 58
62 267
172 62
19 136 144 299 345 373 387 508 679 
373 508
373 299
679 19
387 679
136 387
144 136
373 144
345 373
96 237 240 253 407 460 553 577 651 668 677 
407 651
96 407
553 96
577 553
577 253
237 577
460 237
668 460
240 668
677 240
49 326 513 
326 513
49 326
112 654 
112 654
104 314 726 
726 104
726 314
539 642 755 
539 755
642 539
523 630 
630 523
124 244 245 319 406 467 
406 244
124 406
245 124
245 467
319 245
16 24 59 90 204 354 385 
16 204
90 16
59 24
59 354
90 59
90 385
126 143 633 706 736 
143 633
126 143
706 126
736 706
2 193 604 
193 2
604 193
134 
99 
442 742 
442 742
391 396 605 723 
391 723
391 605
396 391
190 194 217 372 661 794 
217 372
794 194
661 794
217 190
217 661
82 
288 317 375 384 608 625 784 
288 375
288 384
784 288
317 625
317 608
784 317
332 390 
390 332
305 541 591 
305 591
541 305
122 
199 252 
199 252
646 
222 
77 572 
77 572
418 423 473 
423 473
418 423
34 153 318 
318 34
153 318
17 149 430 439 455 544 563 783 
455 563
783 455
544 783
149 544
430 17
430 149
439 430
537 
195 234 241 320 344 485 613 763 
485 195
485 320
763 485
763 241
234 763
234 613
344 234
477 
8 269 498 647 696 741 769 
741 8
498 269
498 696
741 498
647 741
769 647
26 489 
489 26
113 530 621 
530 621
113 530
393 732 762 789 
393 732
789 762
393 789
139 740 765 
765 139
740 765
759 
52 585 612 697 771 778 
771 778
585 771
697 585
612 697
52 612
7 436 542 610 724 
7 542
724 7
436 610
724 436
9 31 36 44 45 263 346 565 637 667 690 
690 45
31 690
637 31
346 637
346 9
263 346
44 565
263 44
36 263
667 36
365 648 665 793 
793 648
665 793
365 665
271 366 
366 271
20 207 456 692 751 
456 751
20 456
207 20
692 207
578 629 695 
695 629
695 578
127 
197 711 
197 711
