? 4 0 284 462 799
? 4 1 795 381 785
? 4 2 177 399 640
? 4 3 86 769 569
? 4 4 502 216 439
? 4 5 778 142 104
? 4 6 122 595 295
? 4 7 8 742 725
? 4 9 359 222 627
? 4 10 125 11 470
? 4 12 713 502 348
? 4 13 404 253 281
? 4 14 27 604 764
? 4 15 56 407 666
? 4 16 570 748 501
? 4 17 387 483 519
? 4 18 460 694 493
? 4 19 600 25 528
? 4 20 670 503 609
? 4 21 354 573 358
? 4 22 503 322 445
? 4 23 518 66 232
? 4 24 365 454 679
? 4 26 359 455 9
? 4 28 734 102 428
? 4 29 564 421 395
? 4 30 338 171 596
? 4 31 241 392 371
? 4 32 623 585 180
? 4 33 748 77 273
? 4 34 218 613 75
? 4 35 736 138 707
? 4 36 471 189 267
? 4 37 374 145 638
? 4 38 790 248 663
? 4 39 603 65 355
? 4 40 796 668 673
? 4 41 446 542 739
? 4 42 574 717 432
? 4 43 245 316 654
? 4 44 247 342 341
? 4 45 195 76 108
? 4 46 219 212 464
? 4 47 514 174 603
? 4 48 597 407 15
? 4 49 352 157 420
? 4 50 305 510 170
? 4 51 768 770 714
? 4 52 620 602 147
? 4 53 331 269 196
? 4 54 92 784 85
? 4 55 488 689 188
? 4 57 124 282 731
? 4 58 568 221 143
? 4 59 288 485 780
? 4 60 646 380 457
? 4 61 132 134 384
? 4 62 678 750 463
? 4 63 447 268 662
? 4 64 500 77 633
? 4 67 632 526 625
? 4 68 787 410 89
? 4 69 101 762 72
? 4 70 310 148 227
? 4 71 532 661 44
? 4 73 728 238 171
? 4 74 729 160 390
? 4 78 319 69 733
? 4 79 416 300 193
? 4 80 587 138 736
? 4 81 667 318 637
? 4 82 779 626 26
? 4 83 197 554 382
? 4 84 792 576 501
? 4 87 139 647 450
? 4 88 655 605 145
? 4 90 418 590 189
? 4 91 438 562 547
? 4 93 155 179 153
? 4 94 503 338 20
? 4 95 793 786 412
? 4 96 449 86 703
? 4 97 553 729 190
? 4 98 466 262 706
? 4 99 150 237 531
? 4 100 543 343 378
? 4 103 246 183 361
? 4 105 314 426 168
? 4 106 200 364 183
? 4 107 255 421 564
? 4 109 530 653 492
? 4 110 299 392 616
? 4 111 353 235 512
? 4 112 644 423 612
? 4 113 645 744 570
? 4 114 294 259 726
? 4 115 151 395 121
? 4 116 771 566 8
? 4 117 589 479 607
? 4 118 569 769 414
? 4 119 184 251 694
? 4 120 461 484 629
? 4 123 620 147 52
? 4 126 284 65 462
? 4 127 630 416 347
? 4 128 443 746 442
? 4 129 658 424 613
? 4 130 369 727 362
? 4 131 718 710 572
? 4 133 685 779 611
? 4 135 199 419 182
? 4 136 620 52 602
? 4 137 244 175 699
? 4 140 337 294 726
? 4 141 520 346 478
? 4 144 558 306 777
? 4 146 650 718 131
? 4 149 256 704 722
? 4 152 405 363 749
? 4 154 343 537 436
? 4 156 233 686 557
? 4 158 445 735 561
? 4 159 548 435 572
? 4 161 565 65 771
? 4 162 172 153 765
? 4 163 740 629 484
? 4 164 588 11 372
? 4 165 340 492 745
? 4 166 242 487 617
? 4 167 401 480 427
? 4 169 515 591 607
? 4 173 590 673 267
? 4 176 282 649 770
? 4 178 213 385 476
? 4 181 268 662 63
? 4 185 624 25 656
? 4 186 609 395 670
? 4 187 170 422 307
? 4 191 594 414 534
? 4 192 217 211 263
? 4 194 328 580 381
? 4 198 757 729 97
? 4 201 563 363 479
? 4 202 778 432 5
? 4 203 490 671 690
? 4 204 608 604 733
? 4 205 700 415 496
? 4 206 703 452 715
? 4 207 741 440 75
? 4 208 658 109 653
? 4 209 636 724 420
? 4 210 144 661 558
? 4 214 249 657 326
? 4 215 372 551 588
? 4 220 621 684 754
? 4 223 687 582 665
? 4 224 402 480 401
? 4 225 555 670 20
? 4 226 708 370 627
? 4 228 349 567 235
? 4 229 775 696 591
? 4 230 222 456 9
? 4 231 643 476 283
? 4 234 296 347 560
? 4 236 69 773 72
? 4 239 430 783 452
? 4 240 472 434 551
? 4 243 406 211 794
? 4 250 709 85 301
? 4 252 290 441 768
? 4 254 535 705 721
? 4 257 400 317 758
? 4 258 435 710 572
? 4 260 711 379 660
? 4 261 302 287 469
? 4 264 545 388 366
? 4 265 433 508 277
? 4 266 467 522 154
? 4 270 105 426 314
? 4 271 798 702 794
? 4 272 482 286 677
? 4 274 464 750 374
? 4 275 652 676 287
? 4 276 755 651 723
? 4 278 516 540 216
? 4 279 329 447 63
? 4 280 143 58 568
? 4 285 356 89 410
? 4 289 701 227 738
? 4 291 411 641 474
? 4 292 578 373 15
? 4 293 721 402 401
? 4 297 521 351 471
? 4 298 618 614 174
? 4 303 517 522 467
? 4 304 538 332 712
? 4 308 622 384 288
? 4 309 566 742 7
? 4 311 388 366 508
? 4 312 157 49 657
? 4 313 648 730 386
? 4 315 537 680 654
? 4 320 357 593 429
? 4 321 581 752 794
? 4 323 693 629 511
? 4 324 472 434 240
? 4 325 376 180 633
? 4 327 465 160 301
? 4 330 772 615 764
? 4 333 182 528 135
? 4 334 561 320 357
? 4 335 400 317 257
? 4 336 439 128 442
? 4 339 534 86 378
? 4 344 720 782 506
? 4 345 409 437 709
? 4 350 717 215 551
? 4 360 663 101 270
? 4 367 188 689 268
? 4 368 601 765 172
? 4 375 573 432 358
? 4 377 487 586 448
? 4 383 583 196 477
? 4 389 675 726 259
? 4 391 584 657 788
? 4 393 457 444 756
? 4 394 546 409 345
? 4 396 751 454 24
? 4 397 408 763 366
? 4 398 592 531 756
? 4 403 108 789 195
? 4 413 596 484 461
? 4 417 358 432 552
? 4 425 672 714 691
? 4 431 546 394 409
? 4 451 291 509 278
? 4 453 617 692 696
? 4 458 295 122 6
? 4 459 6 122 611
? 4 468 796 668 40
? 4 473 277 433 508
? 4 475 737 571 559
? 4 481 183 246 103
? 4 486 491 651 276
? 4 489 244 634 754
? 4 494 683 612 423
? 4 495 666 674 799
? 4 497 426 696 105
? 4 498 147 602 52
? 4 499 766 688 539
? 4 504 241 31 269
? 4 505 411 291 620
? 4 507 712 743 760
? 4 513 351 297 521
? 4 523 638 687 716
? 4 524 785 381 1
? 4 525 642 501 744
? 4 527 542 3 490
? 4 529 342 515 247
? 4 533 559 571 475
? 4 536 348 474 785
? 4 541 795 1 763
? 4 544 673 173 50
? 4 549 707 587 35
? 4 550 362 782 130
? 4 556 752 798 271
? 4 575 341 552 44
? 4 577 306 777 144
? 4 579 547 438 373
? 4 598 485 288 330
? 4 599 25 19 95
? 4 606 245 761 467
? 4 610 131 258 718
? 4 619 548 622 572
? 4 628 762 72 101
? 4 631 640 788 2
? 4 635 639 552 341
? 4 659 656 774 442
? 4 664 281 253 403
? 4 669 263 208 658
? 4 681 429 593 625
? 4 682 380 691 60
? 4 695 767 496 412
? 4 697 430 711 239
? 4 698 680 450 147
? 4 719 737 326 214
? 4 732 371 616 31
? 4 747 460 433 265
? 4 753 437 709 345
? 4 759 82 626 611
? 4 776 651 276 755
? 4 781 462 562 91
? 4 791 773 269 331
? 4 797 75 741 218
? 4 0 284 462 799
? 4 4 502 216 439
? 4 13 404 253 281
? 4 16 570 748 501
? 4 17 387 483 519
? 4 18 460 694 493
? 4 21 354 573 358
? 4 22 503 322 445
? 4 29 564 421 395
? 4 32 623 585 180
? 4 37 374 145 638
? 4 39 603 65 355
? 4 47 514 174 603
? 4 51 768 770 714
? 4 55 488 689 188
? 4 56 15 666 407
? 4 59 288 485 780
? 4 61 132 134 384
? 4 62 678 750 463
? 4 66 23 704 518
? 4 68 787 410 89
? 4 71 532 661 44
? 4 73 728 238 171
? 4 74 729 160 390
? 4 76 195 427 480
? 4 79 416 300 193
? 4 83 197 554 382
? 4 84 792 576 501
? 4 88 655 605 145
? 4 90 418 590 189
? 4 96 449 86 703
? 4 98 466 262 706
? 4 99 150 237 531
? 4 100 543 343 378
? 4 102 734 28 428
? 4 104 612 494 423
? 4 110 299 392 616
? 4 111 353 235 512
? 4 112 644 423 612
? 4 113 645 744 570
? 4 114 294 259 726
? 4 117 589 479 607
? 4 119 184 251 694
? 4 121 725 115 586
? 4 123 620 147 52
? 4 124 57 282 731
? 4 126 284 65 462
? 4 136 620 52 602
? 4 137 244 175 699
? 4 142 32 5 778
? 4 148 469 261 287
? 4 155 179 93 660
? 4 158 445 735 561
? 4 161 565 65 771
? 4 163 740 629 484
? 4 165 340 492 745
? 4 166 242 487 617
? 4 167 401 480 427
? 4 176 282 649 770
? 4 177 2 399 640
? 4 178 213 385 476
? 4 201 563 363 479
? 4 202 778 432 5
? 4 204 608 604 733
? 4 210 144 661 558
? 4 212 279 329 55
? 4 217 192 211 263
? 4 219 46 212 62
? 4 220 621 684 754
? 4 221 58 568 506
? 4 223 687 582 665
? 4 224 402 480 401
? 4 232 23 518 722
? 4 233 156 686 557
? 4 234 296 347 560
? 4 236 69 773 72
? 4 243 406 211 794
? 4 248 38 777 558
? 4 249 214 471 657
? 4 252 290 441 768
? 4 254 535 705 721
? 4 255 107 589 507
? 4 256 722 149 66
? 4 264 545 388 366
? 4 272 482 286 677
? 4 274 464 750 374
? 4 275 652 676 287
? 4 280 143 58 568
? 4 285 356 89 410
? 4 298 618 614 174
? 4 304 538 332 712
? 4 307 143 675 187
? 4 308 622 384 288
? 4 313 648 730 386
? 4 316 706 466 98
? 4 321 581 752 794
? 4 323 693 629 511
? 4 324 472 434 240
? 4 325 376 180 633
? 4 328 194 580 520
? 4 333 182 528 135
? 4 335 400 317 257
? 4 336 439 128 442
? 4 339 534 86 378
? 4 344 720 782 506
? 4 350 717 215 551
!
117 247 304 332 342 448 507 515 529 538 712 743 760 
247 342
529 247
529 515
117 529
743 117
448 507
332 448
538 304
332 538
712 332
760 712
760 743
1 18 119 141 184 194 251 264 265 277 311 328 346 366 381 388 397 408 433 460 473 478 493 508 520 545 580 694 747 763 785 795 
785 381
1 785
795 1
141 795
141 478
194 580
194 328
520 194
346 520
141 346
397 141
388 311
388 545
264 388
366 264
265 747
460 265
694 119
251 184
694 251
493 694
493 18
460 493
433 460
277 433
508 277
508 473
366 508
397 366
763 397
763 408
14 59 131 146 159 258 288 308 330 435 485 548 572 598 610 615 619 622 650 710 718 764 772 780 
764 14
764 615
330 764
330 772
288 330
622 308
485 780
485 598
288 485
288 59
622 288
619 622
548 619
159 548
710 159
258 131
610 258
718 610
146 650
718 146
572 718
572 710
572 435
469 
44 71 341 354 375 417 532 552 573 575 635 639 
573 354
375 573
417 375
44 575
532 71
44 532
341 44
635 639
341 635
552 417
552 341
46 62 63 212 219 268 274 279 329 367 464 662 678 750 
464 274
678 62
750 678
464 750
46 464
46 219
212 46
329 212
329 279
63 329
662 63
268 662
268 367
123 498 524 698 
123 524
498 123
498 698
2 10 11 49 79 125 127 157 164 177 193 209 214 234 296 300 312 326 347 352 391 399 416 420 470 475 499 533 539 559 560 571 584 630 631 636 640 657 688 719 724 737 766 788 
164 11
10 164
177 2
125 470
125 10
177 125
399 177
640 399
631 640
584 391
788 584
631 788
352 631
766 499
766 539
688 766
420 688
209 636
209 724
420 209
352 420
49 352
157 49
312 157
657 312
127 630
347 127
296 234
296 560
347 296
416 347
300 416
193 300
193 79
571 193
475 533
559 571
475 559
737 475
326 737
326 719
326 214
657 326
68 89 285 356 410 787 
356 285
89 356
787 68
89 410
787 89
57 60 81 99 124 150 237 252 282 290 318 380 393 425 441 444 457 531 637 646 667 672 682 691 714 731 751 756 768 770 
756 751
756 393
531 756
81 667
318 81
637 318
237 637
531 237
531 99
150 531
646 150
646 60
380 646
457 380
444 457
691 444
282 731
57 124
282 57
770 282
441 252
290 441
768 290
770 768
714 770
425 714
425 672
691 425
691 682
22 67 83 149 158 197 320 334 357 382 429 445 526 554 561 593 625 632 681 704 735 
704 149
83 704
197 83
197 554
382 197
526 382
632 526
67 632
625 67
681 625
735 158
445 735
445 22
561 445
334 561
357 334
357 320
429 357
681 593
429 681
0 15 39 48 65 91 126 161 284 292 373 438 462 495 547 562 578 579 597 603 666 771 781 799 
48 597
15 48
462 781
603 39
65 603
771 161
65 771
284 65
284 126
462 284
799 462
799 0
495 799
666 495
15 666
578 15
373 579
292 578
373 292
438 373
438 547
438 91
562 438
37 145 374 523 605 638 655 665 687 716 
687 716
687 523
374 37
655 605
145 655
374 145
638 374
687 638
687 665
36 58 90 143 173 189 221 249 267 280 297 351 398 418 471 510 513 521 544 568 590 592 
58 280
58 221
568 58
568 143
592 568
398 592
510 398
544 510
173 544
36 173
351 297
521 513
521 351
471 521
418 90
590 267
590 418
189 590
36 189
471 249
471 36
565 618 
565 618
17 483 519 
483 519
17 483
649 
19 25 95 135 160 182 199 205 327 333 390 412 415 419 465 496 528 600 695 700 767 786 793 
160 390
160 327
465 160
419 465
199 419
182 199
135 182
333 135
528 600
528 333
25 528
19 25
95 19
793 786
95 793
412 95
695 412
767 695
415 767
205 700
496 205
496 415
23 41 66 232 256 387 446 518 527 542 722 739 
66 387
722 256
23 722
23 66
23 232
518 23
739 518
446 739
41 446
542 41
542 527
4 12 20 30 35 52 70 73 80 94 107 115 121 138 147 148 151 169 171 185 186 216 225 227 229 238 254 255 289 291 310 322 338 348 377 395 402 411 421 439 442 474 487 502 503 505 516 535 536 540 549 555 564 586 587 591 596 602 609 617 620 624 641 656 659 670 692 696 701 705 707 721 725 728 736 738 742 774 775 
52 147
602 52
620 602
505 620
411 505
641 411
291 641
474 291
348 474
348 536
12 348
502 12
502 4
439 502
516 540
216 516
439 216
442 439
774 442
659 774
656 659
624 656
624 185
80 624
587 80
549 587
35 549
35 707
138 35
138 736
705 138
705 254
535 705
721 535
721 402
738 721
289 738
289 701
227 289
310 227
70 310
148 70
728 148
728 73
728 238
171 728
596 171
30 596
338 30
94 338
503 94
503 322
503 20
670 503
225 555
670 225
186 670
609 186
395 609
107 255
421 107
421 564
395 421
151 395
115 151
121 115
586 121
725 742
586 725
487 586
487 377
617 487
696 617
591 775
591 169
229 591
696 229
696 692
5 104 202 423 494 612 644 683 778 
5 202
5 778
104 5
494 104
423 683
644 612
423 644
423 494
74 599 729 
74 599
74 729
24 34 51 129 176 218 365 396 424 454 489 613 658 679 
613 489
129 424
129 658
613 129
34 613
34 218
679 34
365 176
365 51
454 396
679 454
24 679
24 365
165 340 
165 340
28 102 166 428 628 734 
734 166
428 628
28 102
428 28
734 428
47 174 298 514 614 
514 47
174 514
174 298
614 174
8 309 407 674 
674 407
309 8
309 674
272 286 463 482 677 
482 463
677 272
482 286
482 677
163 203 323 490 511 629 671 690 693 740 
693 163
629 740
629 693
323 629
511 323
671 511
671 690
203 490
671 203
307 344 506 669 720 782 
506 307
344 669
506 782
506 344
720 506
56 242 453 
242 56
242 453
54 97 190 198 271 321 553 556 581 752 757 784 794 798 
784 54
757 784
198 757
97 198
553 97
190 553
581 190
321 581
794 321
794 752
798 794
271 556
798 271
113 201 563 748 
563 748
563 113
201 563
112 
27 69 78 101 204 319 604 608 733 
69 101
608 204
604 27
608 604
733 608
319 733
319 69
319 78
7 103 106 116 183 200 246 355 361 364 481 566 
566 7
116 566
355 116
364 355
106 364
106 200
183 106
183 361
183 481
246 103
183 246
40 50 111 114 140 170 178 187 213 228 235 259 294 305 337 349 353 385 389 422 468 476 512 567 668 673 675 726 796 
305 50
422 305
476 178
385 476
213 385
337 213
337 140
294 337
259 294
726 114
259 726
675 259
675 389
187 675
187 170
422 187
567 422
349 567
228 349
235 228
353 235
353 111
512 353
668 512
40 468
796 668
796 40
673 796
436 606 
606 436
350 358 
358 350
55 181 188 447 488 689 
447 181
55 447
689 55
689 488
689 188
33 64 77 85 92 250 273 301 409 437 500 709 753 
437 409
753 437
85 753
77 500
77 64
33 77
273 33
92 273
85 92
301 85
250 301
709 250
26 88 133 223 455 582 685 
88 26
582 88
582 455
582 223
685 582
685 133
21 61 132 134 384 
134 21
134 61
132 134
132 384
13 45 76 108 120 167 195 224 253 281 293 401 403 404 413 427 461 480 484 664 789 
461 120
413 484
413 461
224 413
401 224
401 293
401 167
480 427
480 401
76 480
45 76
108 45
108 195
253 108
253 404
253 13
281 253
664 281
403 664
403 789
257 317 335 400 758 
257 758
317 335
257 317
400 257
261 275 287 302 345 394 431 546 652 676 
261 302
287 261
652 287
652 275
676 652
546 676
546 431
345 394
546 345
38 105 144 168 210 248 270 306 314 360 426 497 558 577 661 663 777 790 
314 360
777 577
144 558
661 210
144 661
144 306
777 144
248 777
790 248
38 790
663 38
314 663
168 314
105 168
105 497
426 105
270 426
3 86 96 100 118 136 154 191 206 266 278 303 315 339 343 378 414 449 451 452 467 509 517 522 534 537 543 569 594 680 703 715 769 
451 278
509 451
569 509
339 136
449 96
569 118
769 569
191 594
534 191
534 339
414 534
769 414
3 769
86 3
86 449
703 86
715 703
206 452
715 206
543 715
680 315
537 680
543 100
378 543
343 378
537 343
154 537
266 154
522 266
522 517
522 303
467 522
29 260 
260 29
42 215 240 324 372 432 434 472 551 574 588 717 
42 432
574 42
588 372
215 588
472 324
240 472
240 434
551 240
215 551
717 215
717 574
32 142 152 180 231 276 283 325 363 376 405 479 486 491 576 585 589 607 623 633 643 651 723 749 755 776 792 
607 589
479 607
363 479
152 363
405 152
749 405
576 749
576 792
585 576
32 142
623 32
585 623
180 585
633 325
180 633
376 180
283 376
231 643
283 231
491 283
486 491
755 486
276 776
651 723
755 276
651 755
16 84 501 525 570 642 645 744 
642 525
501 642
501 16
501 84
570 501
645 570
744 645
98 233 541 
233 98
233 541
9 75 130 207 222 226 230 359 362 369 370 440 456 550 627 708 727 741 797 
222 359
708 370
226 708
627 226
627 222
9 627
230 9
456 230
741 456
130 550
130 369
727 130
75 797
741 75
207 741
440 207
727 440
362 727
43 87 93 139 153 155 156 162 172 179 239 245 262 313 316 368 379 386 430 450 466 557 601 647 648 654 660 686 697 706 711 730 761 765 783 
466 654
156 686
557 156
647 557
87 647
139 87
450 139
262 450
466 262
706 466
316 706
245 316
245 43
761 245
386 761
386 313
648 386
730 648
93 730
601 765
601 368
172 601
153 172
155 660
153 155
153 162
93 153
179 93
379 179
430 697
783 239
430 783
711 430
711 379
128 336 443 713 746 
336 713
746 336
746 443
128 746
236 
6 82 109 122 137 175 192 208 211 217 220 243 244 263 295 406 458 459 492 530 595 611 621 626 634 653 684 699 702 745 754 759 779 
406 702
406 243
211 406
192 211
263 192
263 217
208 263
653 208
530 653
530 109
492 530
745 492
634 745
621 220
754 621
754 684
244 754
244 634
699 244
175 699
175 137
595 175
6 595
459 6
122 459
295 458
122 295
611 122
626 759
82 626
611 82
779 611
31 53 72 110 196 241 269 299 331 371 383 392 477 504 583 616 732 762 773 791 
72 762
773 72
773 791
331 773
383 477
383 583
196 383
196 53
331 196
269 331
31 269
31 504
31 241
371 31
392 110
392 616
392 299
371 392
371 732
