? 5 0 43 283 213 365
? 5 1 221 507 640 366
? 5 2 143 475 635 247
? 5 3 375 348 694 91
? 5 4 261 792 304 208
? 5 5 172 187 427 78
? 5 6 619 523 194 737
? 5 7 320 445 257 632
? 5 8 250 734 286 334
? 5 9 80 502 50 288
? 5 10 99 251 304 208
? 5 11 34 350 470 262
? 5 12 109 315 553 772
? 5 13 205 178 323 560
? 5 14 378 666 108 287
? 5 15 164 776 698 511
? 5 16 60 481 424 291
? 5 17 372 491 307 476
? 5 18 311 149 208 261
? 5 19 586 769 720 566
? 5 20 464 484 137 418
? 5 21 94 139 736 651
? 5 22 473 74 545 101
? 5 23 308 165 703 799
? 5 24 444 767 249 271
? 5 25 795 112 163 614
? 5 26 48 306 274 707
? 5 27 298 450 455 270
? 5 28 131 79 172 124
? 5 29 401 482 315 765
? 5 30 485 529 669 337
? 5 31 611 303 402 447
? 5 32 475 182 2 508
? 5 33 80 352 50 502
? 5 35 618 71 440 616
? 5 36 291 667 424 60
? 5 37 742 749 108 390
? 5 38 730 343 613 335
? 5 39 568 361 174 10
? 5 40 115 686 409 483
? 5 41 101 745 773 426
? 5 42 544 147 677 175
? 5 44 752 499 572 562
? 5 45 336 324 498 659
? 5 46 420 660 566 472
? 5 47 262 228 180 238
? 5 49 603 241 635 508
? 5 51 563 721 423 106
? 5 52 391 261 149 18
? 5 53 243 425 63 483
? 5 54 443 142 512 144
? 5 55 710 503 474 699
? 5 56 462 577 657 102
? 5 57 162 541 645 468
? 5 58 675 383 505 275
? 5 59 160 637 381 488
? 5 61 581 126 564 166
? 5 62 152 273 231 725
? 5 64 75 451 170 263
? 5 65 768 516 762 376
? 5 66 266 429 341 369
? 5 67 716 531 280 301
? 5 68 620 322 267 604
? 5 69 343 730 335 38
? 5 70 238 319 272 180
? 5 72 145 487 763 354
? 5 73 373 728 470 642
? 5 76 129 281 780 144
? 5 77 287 712 678 713
? 5 81 116 268 662 140
? 5 82 399 87 312 299
? 5 83 345 766 718 69
? 5 84 734 677 593 8
? 5 85 452 153 268 116
? 5 86 248 114 105 684
? 5 88 161 434 46 638
? 5 89 652 601 136 625
? 5 90 264 779 639 442
? 5 92 519 550 196 112
? 5 93 148 332 177 552
? 5 95 711 724 407 516
? 5 96 764 499 752 44
? 5 97 87 191 312 179
? 5 98 201 794 785 636
? 5 100 415 561 688 242
? 5 103 302 674 753 686
? 5 104 695 683 664 549
? 5 107 183 430 479 118
? 5 110 696 368 169 633
? 5 111 135 277 387 421
? 5 113 437 735 543 349
? 5 117 682 784 654 310
? 5 119 662 186 81 731
? 5 120 216 645 254 468
? 5 121 252 718 621 708
? 5 122 374 257 445 632
? 5 123 169 709 368 636
? 5 125 543 349 735 756
? 5 127 431 593 679 506
? 5 128 285 555 129 76
? 5 130 456 243 576 552
? 5 132 687 693 528 782
? 5 133 210 649 370 567
? 5 134 569 364 692 605
? 5 138 150 501 131 124
? 5 141 650 496 656 468
? 5 146 702 295 661 335
? 5 151 782 385 708 621
? 5 154 748 484 395 401
? 5 155 226 360 509 761
? 5 156 518 386 573 760
? 5 157 159 212 701 575
? 5 158 760 331 573 386
? 5 167 469 106 704 563
? 5 168 497 700 598 240
? 5 171 436 627 209 219
? 5 173 534 551 287 653
? 5 176 624 731 589 227
? 5 181 744 614 681 795
? 5 184 201 690 791 636
? 5 185 739 206 537 465
? 5 188 558 694 690 673
? 5 189 676 213 280 365
? 5 190 726 765 194 738
? 5 192 545 306 22 410
? 5 193 544 175 42 334
? 5 195 609 325 584 419
? 5 197 652 145 89 416
? 5 198 717 217 608 647
? 5 199 539 411 235 532
? 5 200 612 440 483 71
? 5 202 344 741 629 759
? 5 203 480 510 494 370
? 5 204 341 776 164 66
? 5 207 798 791 709 636
? 5 211 572 426 588 617
? 5 214 326 799 440 71
? 5 215 290 78 471 172
? 5 218 556 263 451 64
? 5 220 438 410 156 518
? 5 222 236 590 284 641
? 5 223 362 641 540 284
? 5 224 359 358 574 413
? 5 225 152 231 605 273
? 5 229 640 1 221 570
? 5 230 299 82 399 535
? 5 232 314 521 697 504
? 5 233 20 464 484 137
? 5 234 554 778 520 374
? 5 237 450 455 418 256
? 5 239 457 265 9 447
? 5 244 478 699 474 276
? 5 245 588 757 331 158
? 5 246 417 585 680 377
? 5 253 613 737 335 38
? 5 255 595 679 147 677
? 5 258 449 715 279 458
? 5 259 240 382 168 497
? 5 260 701 159 575 212
? 5 269 443 54 142 512
? 5 278 750 407 599 95
? 5 282 381 160 59 637
? 5 289 695 104 692 235
? 5 292 221 780 1 366
? 5 293 531 67 377 585
? 5 294 297 361 174 178
? 5 296 458 715 258 279
? 5 300 357 371 587 729
? 5 305 761 509 155 360
? 5 309 209 312 82 399
? 5 313 783 602 729 328
? 5 316 783 790 398 610
? 5 317 560 41 426 13
? 5 318 777 431 570 781
? 5 321 412 607 439 534
? 5 327 486 355 632 350
? 5 329 671 467 526 723
? 5 330 342 594 441 559
? 5 333 703 165 446 308
? 5 338 796 643 157 434
? 5 339 533 370 203 480
? 5 340 187 427 79 172
? 5 346 322 68 630 162
? 5 347 728 642 241 73
? 5 351 500 575 260 159
? 5 353 479 430 433 506
? 5 356 658 489 633 615
? 5 363 457 524 602 447
? 5 367 252 494 210 708
? 5 379 667 36 291 387
? 5 380 493 796 398 257
? 5 384 509 360 155 226
? 5 388 337 422 348 91
? 5 389 786 767 24 444
? 5 392 288 688 100 80
? 5 393 579 180 272 449
? 5 394 646 754 432 714
? 5 396 720 19 688 586
? 5 397 417 246 680 240
? 5 400 274 26 705 48
? 5 403 606 140 557 448
? 5 404 542 357 685 587
? 5 405 681 181 744 94
? 5 406 270 249 271 324
? 5 408 616 618 35 571
? 5 414 553 743 705 522
? 5 428 163 263 795 25
? 5 435 432 754 714 646
? 5 453 723 319 329 70
? 5 454 719 539 630 199
? 5 459 332 177 330 755
? 5 460 66 266 429 704
? 5 461 656 496 141 650
? 5 463 771 631 772 705
? 5 466 463 771 631 772
? 5 477 758 578 492 182
? 5 490 617 562 600 511
? 5 495 582 59 637 488
? 5 513 691 354 763 751
? 5 514 465 525 537 206
? 5 515 448 557 597 247
? 5 517 591 727 668 565
? 5 527 541 254 645 599
? 5 530 423 634 721 51
? 5 536 433 593 506 118
? 5 538 390 427 187 5
? 5 546 140 557 186 403
? 5 547 473 654 22 682
? 5 548 269 655 627 219
? 5 580 65 516 376 768
? 5 583 663 699 478 244
? 5 592 722 584 609 195
? 5 596 124 150 501 749
? 5 622 170 64 112 75
? 5 623 789 774 706 390
? 5 626 139 651 740 778
? 5 628 793 550 489 92
? 5 644 256 455 270 406
? 5 648 681 181 514 465
? 5 665 576 775 302 103
? 5 670 747 462 657 56
? 5 672 746 659 494 498
? 5 689 761 655 209 309
? 5 732 504 521 756 421
? 5 733 638 212 720 157
? 5 770 451 556 437 577
? 5 787 491 476 17 314
? 5 788 432 435 533 646
? 5 797 376 762 292 780
? 5 3 375 348 694 91
? 5 16 60 481 424 291
? 5 23 308 165 703 799
? 5 28 131 79 172 124
? 5 29 401 482 315 765
? 5 32 475 182 2 508
? 5 34 11 470 373 503
? 5 40 115 686 409 483
? 5 45 336 324 498 659
? 5 57 162 541 645 468
? 5 58 675 383 505 275
? 5 61 581 126 564 166
? 5 72 145 487 763 354
? 5 74 773 101 574 745
? 5 77 287 712 678 713
? 5 83 345 766 718 69
? 5 84 734 677 593 8
? 5 85 452 153 268 116
? 5 88 161 434 46 638
? 5 98 201 794 785 636
? 5 99 10 251 582 495
? 5 102 307 657 372 577
? 5 105 248 86 395 114
? 5 107 183 430 479 118
? 5 119 662 186 81 731
? 5 123 169 709 368 636
? 5 132 687 693 528 782
? 5 136 601 89 72 300
? 5 148 93 532 552 719
? 5 167 469 106 704 563
? 5 173 534 551 287 653
? 5 176 624 731 589 227
? 5 184 201 690 791 636
? 5 185 739 206 537 465
? 5 190 726 765 194 738
? 5 191 87 97 399 467
? 5 193 544 175 42 334
? 5 196 519 92 420 550
? 5 200 612 440 483 71
? 5 202 344 741 629 759
? 5 204 341 776 164 66
? 5 214 326 799 440 71
? 5 216 645 254 541 468
? 5 218 556 263 451 64
? 5 223 362 641 540 284
? 5 230 299 82 399 535
? 5 233 20 464 484 137
? 5 234 554 778 520 374
? 5 245 588 757 331 158
? 5 259 240 382 168 497
? 5 264 90 639 779 442
? 5 265 447 303 457 239
? 5 281 780 76 292 797
? 5 283 213 0 43 365
? 5 294 297 361 174 178
? 5 295 661 146 702 354
? 5 296 458 715 258 279
? 5 298 27 389 271 249
? 5 301 365 280 67 716
? 5 310 707 784 153 117
? 5 317 560 41 426 13
? 5 333 703 165 446 308
? 5 340 187 427 79 172
? 5 347 728 642 241 73
? 5 352 80 33 500 351
? 5 353 479 430 433 506
? 5 359 224 413 358 574
? 5 363 457 524 602 447
? 5 369 429 266 66 600
? 5 371 729 625 300 328
? 5 379 667 36 291 387
? 5 394 646 754 432 714
? 5 400 274 26 705 48
? 5 402 419 611 325 132
? 5 408 616 618 35 571
? 5 412 607 736 321 439
? 5 415 561 242 688 100
? 5 416 320 355 632 7
? 5 425 63 243 576 53
? 5 428 163 263 795 25
? 5 436 775 441 171 342
? 5 438 410 220 48 192
? 5 454 719 539 630 199
? 5 456 594 441 665 342
? 5 459 332 177 330 755
? 5 460 66 266 429 704
? 5 466 463 771 631 772
? 5 472 660 529 420 46
? 5 477 758 578 492 182
? 5 510 480 203 284 223
? 5 513 691 354 763 751
? 5 515 448 557 597 247
? 5 517 591 727 668 565
? 5 525 514 321 607 412
? 5 527 541 254 645 599
? 5 530 423 634 721 51
? 5 542 685 404 357 621
? 5 547 473 654 22 682
? 5 549 683 604 664 104
? 5 555 285 430 128 479
? 5 559 219 342 330 441
? 5 567 528 693 687 133
? 5 568 39 174 361 344
? 5 569 134 364 692 605
? 5 580 65 516 376 768
? 5 583 663 699 478 244
? 5 606 403 557 448 140
? 5 608 217 647 198 717
? 5 610 398 260 790 316
? 5 615 735 349 170 356
? 5 619 6 523 194 737
? 5 620 68 267 322 564
? 5 622 170 64 112 75
? 5 628 793 550 489 92
? 5 658 356 489 633 615
? 5 666 713 742 378 14
? 5 669 91 337 485 30
? 5 670 747 462 657 56
? 5 671 526 467 329 191
? 5 672 746 659 494 498
? 5 673 242 561 415 558
? 5 676 189 213 280 365
? 5 684 114 86 248 105
? 5 696 110 368 169 123
? 5 697 232 521 314 504
? 5 698 511 331 15 245
? 5 710 55 503 474 699
? 5 722 592 584 609 195
? 5 724 95 711 768 762
? 5 725 231 152 62 225
? 5 740 626 651 778 520
? 5 743 522 414 442 274
? 5 753 302 103 674 686
? 5 764 96 499 752 44
? 5 769 586 19 566 720
? 5 777 506 781 570 318
? 5 786 714 389 767 24
? 5 787 491 476 17 314
? 5 789 623 774 598 585
? 5 3 375 348 694 91
? 5 4 261 792 304 208
? 5 12 109 315 553 772
? 5 16 60 481 424 291
? 5 23 308 165 703 799
? 5 28 131 79 172 124
? 5 29 401 482 315 765
? 5 31 611 303 402 447
? 5 32 475 182 2 508
? 5 37 742 749 108 390
? 5 40 115 686 409 483
? 5 45 336 324 498 659
!
62 87 93 120 148 177 199 216 225 231 235 273 289 308 310 332 403 411 448 454 459 527 532 539 552 591 695 703 719 727 753 755 
403 448
310 403
703 310
308 703
62 308
225 273
231 225
231 62
289 231
87 753
459 87
216 120
527 727
216 527
454 216
177 591
148 459
148 454
235 289
235 695
719 148
411 235
199 411
199 539
719 199
552 719
93 552
177 755
177 332
93 177
532 93
12 86 90 105 109 114 248 264 414 442 463 466 522 553 624 631 639 684 705 743 771 772 779 
639 624
105 248
86 105
114 684
86 114
12 86
463 466
771 463
772 631
772 771
12 772
109 12
264 639
90 264
442 90
442 779
522 442
705 743
414 705
553 109
522 553
414 522
83 146 313 345 619 661 693 702 782 
782 313
693 782
83 693
661 619
702 83
345 146
702 345
702 661
6 20 22 26 27 38 48 69 74 81 85 101 116 117 119 121 133 137 140 151 153 154 186 190 192 194 203 210 223 224 227 233 237 249 252 253 256 268 270 271 274 284 298 306 315 324 335 336 339 343 358 359 362 367 370 385 395 400 401 406 413 418 444 450 452 455 464 473 480 482 484 494 498 515 523 540 545 546 547 557 567 574 606 613 621 641 644 649 654 659 662 672 682 707 708 718 730 731 737 738 746 748 765 766 773 784 
540 444
362 284
540 641
362 540
223 362
203 223
203 339
494 203
746 494
659 746
498 672
659 498
336 659
324 336
271 324
406 644
256 406
270 256
249 270
271 249
27 271
27 298
450 27
455 450
237 455
418 237
464 418
484 233
464 137
20 464
484 20
748 484
395 154
748 395
401 748
557 546
557 606
557 515
140 557
81 140
101 74
224 413
358 359
224 574
358 224
545 358
101 545
101 773
473 101
654 547
682 654
473 682
22 473
306 22
274 306
48 192
274 48
26 274
26 400
707 26
117 784
707 117
452 707
153 452
153 85
116 153
268 116
662 268
662 81
186 662
186 119
731 186
227 731
765 227
343 613
765 190
482 315
765 482
765 401
738 765
194 738
6 194
737 6
737 523
38 737
335 38
335 253
343 335
69 343
69 766
69 730
718 69
121 718
370 567
385 621
151 385
708 151
121 708
252 121
367 252
210 367
649 210
133 649
370 133
480 370
11 34 40 47 53 55 63 70 73 82 97 103 115 130 138 155 171 179 180 191 209 219 226 228 230 238 241 243 244 262 272 276 299 302 305 309 312 319 329 330 342 347 360 373 384 399 409 425 436 441 453 456 458 467 470 474 478 483 501 503 509 526 535 548 559 576 579 583 594 627 642 655 665 671 674 686 689 699 710 723 728 761 775 
230 458
226 230
360 305
384 360
226 384
226 155
509 226
761 509
689 761
501 689
501 138
655 501
319 73
70 453
319 70
642 373
276 244
642 276
241 728
642 241
642 347
470 642
55 710
699 583
699 478
55 699
474 55
503 474
34 503
11 34
470 11
262 470
47 262
228 47
180 228
272 238
579 272
180 579
319 180
723 319
723 526
329 723
329 671
467 329
191 179
467 191
399 467
535 299
399 535
312 399
312 97
82 312
309 82
655 309
655 209
627 655
219 436
627 548
219 627
219 559
171 219
342 171
330 342
594 330
483 53
115 40
483 115
483 409
686 483
686 103
674 686
302 674
243 456
130 243
576 130
63 425
576 63
665 576
302 665
775 302
441 775
441 594
123 184 207 368 375 709 798 
184 375
123 368
207 123
798 184
798 709
798 207
2 13 23 35 41 44 49 66 71 143 152 156 158 164 165 174 178 200 205 211 214 220 245 247 266 297 317 323 326 331 333 341 361 369 386 408 410 426 429 438 440 446 460 475 490 499 508 511 518 560 562 571 572 588 597 600 603 612 616 617 618 635 698 725 745 752 757 760 776 799 
725 152
200 725
612 200
35 612
571 408
616 571
71 616
2 475
49 603
635 49
2 635
2 508
143 2
247 143
597 247
326 597
618 35
71 618
71 214
440 71
326 440
799 326
165 23
446 333
165 446
165 799
560 165
490 369
205 297
361 174
178 361
323 178
205 323
560 205
426 745
426 13
560 317
41 560
426 41
211 426
572 211
499 572
44 499
44 752
562 44
490 562
760 386
410 438
220 410
518 220
156 518
760 156
331 760
266 460
66 266
66 600
66 429
341 66
164 341
164 511
776 164
698 776
331 698
757 245
158 757
331 158
588 331
617 588
617 490
58 169 173 275 349 383 505 675 732 
349 169
732 349
58 732
505 173
675 275
675 505
675 383
675 58
3 30 420 472 485 529 660 669 
669 3
472 660
529 472
529 420
30 529
485 30
669 485
7 46 88 89 122 197 234 257 258 279 296 320 327 338 350 355 371 374 380 393 416 445 449 486 493 520 554 625 632 643 652 715 740 778 796 
88 46
740 88
715 296
279 715
258 279
449 258
393 449
778 393
355 350
327 486
355 327
7 355
371 625
89 371
380 493
445 380
234 554
778 740
778 520
234 778
89 652
197 89
416 197
7 416
320 7
445 320
796 643
796 338
257 796
445 257
122 445
374 122
374 234
632 374
8 42 54 84 107 118 127 128 129 142 144 147 175 183 193 250 255 269 285 286 334 353 430 431 433 443 479 506 512 517 536 544 555 565 593 595 640 668 677 679 734 
668 565
517 668
54 517
144 54
512 443
512 269
512 142
144 512
129 144
640 129
431 640
536 433
479 536
555 353
128 555
285 128
430 285
183 107
430 183
479 118
479 430
506 479
431 506
84 431
595 84
42 175
334 193
42 334
544 42
147 544
595 255
147 595
679 147
127 679
593 127
250 286
8 250
593 8
677 734
593 677
24 45 222 236 389 394 432 435 510 528 533 590 646 714 754 767 786 788 
510 528
510 45
222 510
236 222
590 236
767 590
24 389
767 24
767 786
435 767
646 533
432 714
435 432
754 435
646 394
646 754
788 646
15 29 51 96 106 167 176 204 294 423 469 513 530 573 589 704 726 764 
589 513
176 589
726 176
29 726
573 29
423 294
15 573
204 15
704 204
51 167
764 96
530 764
51 530
469 704
106 469
51 106
51 423
0 5 9 14 16 17 19 21 25 31 33 36 37 43 56 60 64 67 72 75 77 78 79 80 91 92 94 98 100 102 108 110 111 112 113 124 125 131 132 135 136 139 145 150 157 159 161 163 168 170 172 181 185 187 188 189 195 196 198 201 206 212 213 215 217 218 232 239 240 242 246 259 260 263 265 277 280 283 287 288 290 291 293 300 301 303 307 314 316 321 325 328 337 340 348 351 354 356 357 363 365 372 377 378 379 382 387 388 390 392 396 397 398 402 404 405 412 417 419 421 422 424 427 428 434 437 439 447 451 457 462 465 471 476 481 487 489 491 497 500 502 504 514 521 524 525 531 534 537 538 542 543 550 551 556 558 561 566 575 577 584 585 586 587 592 596 598 601 602 607 608 609 610 611 614 615 622 623 626 628 633 636 638 647 648 651 653 657 658 666 667 670 673 676 678 680 681 685 687 688 690 694 696 697 700 701 706 712 713 716 717 720 722 729 733 735 736 739 742 744 747 749 756 763 769 770 774 783 785 787 789 790 791 793 794 795 
354 763
145 354
487 145
72 487
136 72
601 136
300 601
357 300
685 542
357 685
404 357
587 404
729 587
328 729
783 328
398 783
790 398
316 790
610 316
260 610
260 500
260 575
351 260
80 351
33 502
80 33
392 80
592 722
584 592
609 195
584 609
325 584
132 687
419 132
325 419
402 325
31 402
303 31
265 303
457 265
457 363
447 602
457 524
447 611
457 447
239 457
9 239
288 9
392 288
100 392
100 561
688 100
159 212
701 159
157 701
161 434
638 161
157 638
733 157
720 733
566 769
19 566
586 19
586 720
396 586
688 396
242 688
558 242
558 673
188 558
694 188
388 337
422 388
348 422
348 91
694 348
690 694
690 201
791 690
636 791
785 636
794 785
98 794
16 98
667 379
36 667
60 36
60 481
60 16
424 60
291 424
387 291
135 387
277 135
111 277
421 111
756 421
756 125
504 756
521 504
17 787
476 17
232 697
314 232
314 521
476 314
476 491
113 476
168 240
246 168
189 676
283 189
198 608
217 647
217 198
717 217
43 717
43 0
213 43
213 283
280 213
280 365
301 280
716 301
67 716
293 67
377 293
246 377
531 246
170 622
170 75
64 170
577 218
307 102
307 372
657 307
747 670
462 747
462 657
56 462
577 56
770 577
437 770
113 735
113 543
437 113
451 437
64 556
64 451
263 64
428 263
112 428
465 185
465 648
206 739
206 537
465 206
514 465
525 514
321 525
321 607
412 321
633 658
633 696
633 110
356 633
489 356
489 615
628 489
550 196
793 628
793 92
550 793
112 550
112 25
795 112
795 163
795 614
744 795
681 744
681 181
405 681
94 405
651 94
626 651
139 626
21 139
736 21
412 736
534 412
108 14
378 108
653 439
534 653
551 534
287 551
287 77
378 287
713 378
712 678
713 712
742 713
742 666
749 742
596 749
150 596
124 150
124 131
172 124
79 340
172 79
290 172
471 290
215 471
78 215
5 78
538 5
187 427
538 187
390 538
390 37
623 390
774 623
774 706
789 774
497 700
497 382
497 259
598 497
789 598
585 789
680 397
417 680
585 417
585 531
32 182 295 477 492 578 663 691 751 758 
691 295
751 663
751 691
758 751
758 477
182 32
492 182
578 492
758 578
4 10 18 39 52 59 61 99 126 141 149 160 166 202 208 251 261 282 304 311 344 381 391 461 488 495 496 563 564 568 581 582 629 634 637 650 656 721 741 759 792 
721 563
721 634
282 721
261 304
149 261
311 149
18 311
52 18
52 391
581 52
759 741
759 202
629 759
344 629
39 344
39 568
10 39
251 10
59 495
637 59
381 282
160 381
637 160
637 488
582 637
99 582
251 99
208 251
208 4
792 208
166 792
126 581
564 166
564 126
61 564
461 61
141 650
496 141
461 656
496 461
1 57 65 68 76 95 104 134 162 221 229 254 267 278 281 292 318 322 346 364 366 376 407 468 507 516 541 549 569 570 580 599 604 605 620 630 645 664 683 692 711 724 750 762 768 777 780 781 797 
292 229
278 750
95 278
95 711
724 95
68 322
68 620
267 68
604 267
364 605
134 569
364 134
692 364
104 692
683 549
104 683
664 104
604 664
630 604
346 630
162 346
162 57
468 162
468 645
254 468
541 254
599 541
407 599
724 407
762 724
376 580
376 516
768 376
768 65
762 768
780 762
780 76
281 780
292 281
292 797
1 292
781 777
318 781
570 318
1 570
507 1
221 507
221 366
28 50 352 415 519 
519 28
352 519
415 352
415 50
