? 12 0 644 744 242 586 470 376 508 629 683 784 91
? 12 1 64 205 8 232 151 375 332 598 10 203 793
? 12 2 307 514 709 779 682 479 69 167 542 454 216
? 12 3 298 614 729 197 318 22 312 250 436 297 324
? 12 4 25 141 654 222 713 89 488 204 434 339 77
? 12 5 687 618 481 248 198 382 111 562 342 156 454
? 12 6 117 507 790 613 556 257 730 274 757 260 26
? 12 7 357 564 680 665 594 143 245 218 580 49 72
? 12 9 567 56 510 545 121 85 617 677 193 519 181
? 12 11 136 496 374 585 584 66 194 135 98 302 499
? 12 12 795 336 158 633 37 704 254 606 552 337 315
? 12 13 681 364 149 566 277 415 59 63 266 697 721
? 12 14 532 91 20 469 508 683 569 745 586 756 242
? 12 15 513 114 150 107 203 460 353 457 767 785 8
? 12 16 269 699 206 211 367 778 543 668 529 588 453
? 12 17 365 546 555 478 798 524 572 291 560 766 413
? 12 18 608 423 616 610 445 551 507 260 403 556 707
? 12 19 164 579 775 663 650 494 55 100 219 159 589
? 12 21 147 571 647 39 61 371 337 615 792 76 166
? 12 23 171 153 226 102 161 252 741 319 732 175 552
? 12 24 561 197 729 696 570 748 3 298 622 250 318
? 12 27 354 710 57 210 722 485 99 82 429 93 492
? 12 28 333 34 315 431 254 76 458 311 792 97 213
? 12 29 487 450 498 674 334 678 314 300 661 327 761
? 12 30 44 366 329 593 587 138 757 383 426 26 472
? 12 31 293 501 189 578 525 789 253 187 195 132 414
? 12 32 186 160 747 54 621 275 799 358 671 58 33
? 12 35 716 442 285 530 526 771 49 740 292 796 597
? 12 36 772 432 346 413 268 560 425 624 766 155 524
? 12 38 708 782 592 398 326 491 773 695 109 666 553
? 12 40 685 289 108 385 310 737 202 700 516 670 45
? 12 41 154 733 493 243 611 749 597 796 702 199 740
? 12 42 667 791 99 93 492 600 710 485 642 132 543
? 12 43 471 794 492 93 429 710 354 791 99 53 286
? 12 46 399 330 129 217 335 754 231 751 418 355 48
? 12 47 424 776 637 395 179 176 305 739 62 355 209
? 12 50 762 679 162 549 490 89 140 793 10 151 785
? 12 51 638 588 692 211 419 90 16 249 206 269 251
? 12 52 506 320 233 694 561 297 108 312 165 45 324
? 12 60 80 372 100 322 219 666 350 433 398 491 159
? 12 65 267 604 602 575 306 123 683 644 200 161 732
? 12 67 714 411 738 554 630 511 294 489 535 237 787
? 12 68 537 528 777 144 639 282 789 351 253 157 142
? 12 70 207 345 309 446 517 249 419 90 126 641 765
? 12 71 573 668 453 443 412 736 699 33 210 722 269
? 12 73 755 474 670 737 385 406 373 690 389 289 700
? 12 74 463 774 265 527 753 301 645 313 717 706 362
? 12 75 631 390 125 688 559 768 262 661 314 503 334
? 12 78 540 349 139 191 499 759 128 565 770 135 548
? 12 79 781 397 547 196 520 627 234 405 348 456 394
? 12 81 182 787 220 63 331 277 434 566 626 273 488
? 12 83 313 706 262 125 631 265 661 75 314 390 768
? 12 84 452 632 420 589 718 201 786 55 494 159 650
? 12 86 451 509 617 338 743 181 545 510 500 460 519
? 12 87 369 436 539 276 332 318 146 22 250 625 205
? 12 88 264 438 414 489 187 554 411 521 738 294 67
? 12 92 462 486 319 323 726 505 172 252 378 746 427
? 12 94 255 439 643 381 214 155 421 497 533 475 432
? 12 95 707 360 619 300 504 551 498 610 608 301 487
? 12 96 717 645 527 362 463 476 774 753 74 383 138
? 12 101 672 130 639 428 525 253 295 142 195 239 723
? 12 103 341 148 758 163 728 693 105 725 192 603 174
? 12 104 110 392 691 522 396 669 400 58 358 671 190
? 12 106 625 22 276 614 324 793 10 598 312 490 516
? 12 112 752 574 127 278 558 184 698 735 467 628 607
? 12 113 166 311 97 371 431 792 213 28 39 333 315
? 12 115 660 466 658 393 472 347 426 430 449 377 328
? 12 116 165 325 725 105 148 163 233 728 320 341 103
? 12 118 697 379 750 238 359 417 145 331 441 149 364
? 12 119 368 459 715 394 388 582 712 405 356 120 223
? 12 122 327 761 674 678 583 605 29 797 235 450 109
? 12 124 283 620 302 585 482 98 135 565 136 499 11
? 12 131 244 343 134 290 702 296 512 597 742 796 243
? 12 133 601 634 563 178 177 391 365 291 261 208 279
? 12 137 66 464 340 534 136 584 194 124 585 223 11
? 12 152 652 641 126 723 642 168 259 345 130 207 195
? 12 169 167 682 709 689 514 433 479 734 307 2 666
? 12 170 756 247 745 673 497 155 204 532 533 14 273
? 12 173 143 564 701 680 218 580 380 665 281 763 280
? 12 180 515 271 224 213 458 531 200 97 431 732 311
? 12 183 308 404 72 565 139 349 245 770 482 731 78
? 12 185 361 677 121 731 56 770 759 676 85 473 284
? 12 188 662 675 664 778 367 190 711 443 736 529 573
? 12 212 703 441 145 484 577 724 417 48 750 705 576
? 12 215 262 590 739 390 351 176 688 448 631 282 75
? 12 221 609 636 480 605 227 156 235 648 656 481 239
? 12 225 352 335 751 649 416 771 399 49 557 594 285
? 12 228 465 240 764 401 622 386 570 748 696 676 473
? 12 229 581 272 760 199 448 493 444 176 776 41 739
? 12 230 376 470 410 521 294 0 629 414 744 187 738
? 12 236 568 468 520 348 288 241 377 409 430 651 518
? 12 246 284 500 557 85 404 416 308 649 617 509 567
? 12 256 321 640 391 440 389 421 214 339 475 177 643
? 12 258 536 623 720 502 798 524 766 572 478 560 550
? 12 263 742 296 518 769 544 328 343 280 234 131 290
? 12 270 596 517 249 216 419 446 342 251 111 454 309
? 12 287 175 575 161 387 427 378 505 102 226 306 319
? 12 299 512 344 290 347 244 702 749 154 131 296 41
? 12 303 646 194 584 66 657 534 136 374 11 223 464
? 12 304 653 437 62 305 384 359 577 48 238 484 455
? 12 316 449 591 658 466 409 393 115 430 660 426 241
? 12 317 727 208 291 684 261 783 601 563 686 572 550
? 12 363 278 574 752 467 127 628 112 184 558 698 735
? 12 370 495 783 684 686 261 635 727 208 698 461 558
? 12 402 407 477 21 147 615 400 571 647 61 337 39
? 12 408 763 715 388 582 120 340 456 464 368 137 405
? 12 422 123 784 531 604 267 200 602 794 471 732 224
? 12 435 425 624 569 268 346 772 469 387 432 746 306
? 12 447 721 266 415 59 489 438 13 511 630 411 277
? 12 483 659 651 348 394 547 196 520 719 781 712 397
? 12 523 607 538 735 461 635 184 698 628 558 279 467
? 12 541 174 603 780 192 690 700 202 758 279 103 737
? 12 595 599 788 356 459 712 119 719 657 368 223 394
? 12 612 445 583 610 797 551 553 423 608 18 619 616
? 12 655 274 786 201 730 260 403 613 420 6 507 26
? 12 12 795 336 158 633 37 704 254 606 552 337 315
? 12 19 164 579 775 663 650 494 55 100 219 159 589
? 12 20 683 91 508 14 306 469 532 569 644 586 387
? 12 36 772 432 346 413 268 560 425 624 766 155 524
? 12 53 286 429 97 794 515 213 354 311 180 43 54
? 12 57 210 722 33 27 412 82 275 485 354 453 71
? 12 60 80 372 100 322 219 666 350 433 398 491 159
? 12 69 2 307 216 514 596 709 779 270 454 542 682
? 12 77 353 767 25 488 107 434 705 114 150 785 140
? 12 146 539 250 436 318 87 3 22 298 369 614 276
? 12 157 266 379 149 681 238 13 721 455 384 364 697
? 12 162 762 50 89 679 670 549 406 490 73 474 373
? 12 168 259 648 239 130 126 152 641 723 227 428 765
? 12 172 726 462 92 746 720 505 378 427 536 486 319
? 12 178 634 133 391 177 440 640 321 256 601 563 389
? 12 188 662 675 664 778 367 190 711 443 736 529 573
? 12 189 501 31 789 293 253 525 187 438 578 414 88
? 12 193 519 545 181 510 338 369 617 9 375 567 451
? 12 209 637 444 355 231 760 754 424 776 292 217 199
? 12 236 568 468 520 348 288 241 377 409 430 651 518
? 12 257 556 790 117 383 6 138 507 362 593 587 613
? 12 272 448 229 749 463 41 581 154 493 74 299 527
? 12 281 218 665 72 564 340 173 143 357 620 124 680
? 12 295 142 672 428 101 528 639 559 537 239 130 503
? 12 310 202 685 700 40 192 385 737 105 725 233 108
? 12 325 116 163 728 165 148 725 105 341 693 103 233
? 12 326 708 592 38 109 398 782 695 773 491 666 433
? 12 329 30 44 587 593 366 757 26 138 383 613 730
? 12 363 278 574 752 467 127 628 112 184 558 698 735
? 12 392 691 522 669 104 110 396 190 58 358 400 711
? 12 395 179 455 47 305 62 437 424 384 776 304 653
? 12 402 407 477 21 147 615 400 571 647 61 337 39
? 12 410 521 600 230 376 578 470 187 132 414 791 471
? 12 418 330 576 724 751 46 48 416 509 577 399 335
? 12 442 530 716 526 35 796 597 134 285 49 740 733
? 12 476 472 96 527 717 426 645 344 347 115 299 463
? 12 483 659 651 348 394 547 196 520 719 781 712 397
? 12 495 370 686 783 684 635 261 698 208 727 558 461
? 12 535 745 714 237 673 787 756 67 247 738 629 170
? 12 538 607 523 735 628 467 184 693 758 461 558 698
? 12 548 128 191 540 78 499 759 386 349 676 496 139
? 12 562 618 481 687 235 5 734 156 198 689 382 248
? 12 713 339 222 475 406 373 421 389 89 4 474 321
? 12 718 632 589 159 452 84 350 494 55 650 322 553
? 12 741 552 37 34 171 333 458 28 431 158 271 254
? 12 1 64 205 8 232 151 375 332 598 10 203 793
? 12 7 357 564 680 665 594 143 245 218 580 49 72
? 12 12 795 336 158 633 37 704 254 606 552 337 315
? 12 15 513 114 150 107 203 460 353 457 767 785 8
? 12 19 164 579 775 663 650 494 55 100 219 159 589
? 12 24 561 197 729 696 570 748 3 298 622 250 318
? 12 32 186 160 747 54 621 275 799 358 671 58 33
? 12 36 772 432 346 413 268 560 425 624 766 155 524
? 12 42 667 791 99 93 492 600 710 485 642 132 543
? 12 51 638 588 692 211 419 90 16 249 206 269 251
? 12 57 210 722 33 27 412 82 275 485 354 453 71
? 12 60 80 372 100 322 219 666 350 433 398 491 159
? 12 65 267 604 602 575 306 123 683 644 200 161 732
? 12 68 537 528 777 144 639 282 789 351 253 157 142
? 12 69 2 307 216 514 596 709 779 270 454 542 682
? 12 79 781 397 547 196 520 627 234 405 348 456 394
? 12 86 451 509 617 338 743 181 545 510 500 460 519
? 12 94 255 439 643 381 214 155 421 497 533 475 432
? 12 95 707 360 619 300 504 551 498 610 608 301 487
? 12 106 625 22 276 614 324 793 10 598 312 490 516
? 12 111 342 248 309 446 454 5 198 382 542 517 687
? 12 113 166 311 97 371 431 792 213 28 39 333 315
? 12 118 697 379 750 238 359 417 145 331 441 149 364
? 12 129 217 754 231 46 355 399 424 335 305 330 437
? 12 141 654 626 4 204 25 488 434 273 533 497 222
? 12 146 539 250 436 318 87 3 22 298 369 614 276
? 12 153 171 252 23 37 323 158 552 226 486 741 319
? 12 182 220 81 331 566 63 787 277 417 434 750 364
? 12 183 308 404 72 565 139 349 245 770 482 731 78
? 12 188 662 675 664 778 367 190 711 443 736 529 573
? 12 189 501 31 789 293 253 525 187 438 578 414 88
? 12 193 519 545 181 510 338 369 617 9 375 567 451
? 12 221 609 636 480 605 227 156 235 648 656 481 239
? 12 225 352 335 751 649 416 771 399 49 557 594 285
? 12 228 465 240 764 401 622 386 570 748 696 676 473
? 12 236 568 468 520 348 288 241 377 409 430 651 518
? 12 258 536 623 720 502 798 524 766 572 478 560 550
? 12 264 88 438 489 414 554 187 411 738 294 67 521
? 12 280 769 544 701 380 580 343 234 742 263 143 680
? 12 283 124 620 302 482 585 98 135 565 499 139 136
? 12 292 740 285 199 444 760 771 526 209 35 716 493
? 12 303 646 194 584 66 657 534 136 374 11 223 464
? 12 316 449 591 658 466 409 393 115 430 660 426 241
? 12 317 727 208 291 684 261 783 601 563 686 572 550
? 12 325 116 163 728 165 148 725 105 341 693 103 233
? 12 326 708 592 38 109 398 782 695 773 491 666 433
? 12 328 518 377 660 430 288 241 296 263 742 393 115
? 12 329 30 44 587 593 366 757 26 138 383 613 730
? 12 361 185 677 121 56 731 770 85 473 676 759 9
? 12 363 278 574 752 467 127 628 112 184 558 698 735
? 12 392 691 522 669 104 110 396 190 58 358 400 711
? 12 402 407 477 21 147 615 400 571 647 61 337 39
? 12 403 260 616 423 507 18 608 274 655 445 786 6
? 12 408 763 715 388 582 120 340 456 464 368 137 405
? 12 422 123 784 531 604 267 200 602 794 471 732 224
? 12 435 425 624 569 268 346 772 469 387 432 746 306
? 12 447 721 266 415 59 489 438 13 511 630 411 277
? 12 483 659 651 348 394 547 196 520 719 781 712 397
? 12 495 370 686 783 684 635 261 698 208 727 558 461
? 12 503 334 768 314 125 661 559 75 450 631 390 688
? 12 506 52 694 320 297 233 312 108 561 45 324 516
? 12 546 478 524 560 766 555 17 798 413 365 572 502
? 12 548 128 191 540 78 499 759 386 349 676 496 139
? 12 562 618 481 687 235 5 734 156 198 689 382 248
? 12 590 351 215 282 688 390 262 739 631 75 559 176
? 12 595 599 788 356 459 712 119 719 657 368 223 394
? 12 612 445 583 610 797 551 553 423 608 18 619 616
? 12 652 152 641 642 126 345 723 168 259 90 207 70
? 12 668 71 453 573 443 412 699 269 736 722 778 16
? 12 690 755 780 541 174 73 440 603 737 474 634 640
? 12 703 212 724 484 441 577 145 576 48 417 705 750
? 12 718 632 589 159 452 84 350 494 55 650 322 553
? 12 765 656 227 382 248 156 309 259 207 648 126 168
? 12 12 795 336 158 633 37 704 254 606 552 337 315
? 12 19 164 579 775 663 650 494 55 100 219 159 589
? 12 20 683 91 508 14 306 469 532 569 644 586 387
? 12 29 487 450 498 674 334 678 314 300 661 327 761
? 12 36 772 432 346 413 268 560 425 624 766 155 524
? 12 53 286 429 97 794 515 213 354 311 180 43 54
? 12 57 210 722 33 27 412 82 275 485 354 453 71
? 12 60 80 372 100 322 219 666 350 433 398 491 159
? 12 69 2 307 216 514 596 709 779 270 454 542 682
? 12 76 315 792 254 28 333 337 34 336 571 371 431
? 12 77 353 767 25 488 107 434 705 114 150 785 140
? 12 83 313 706 262 125 631 265 661 75 314 390 768
? 12 92 462 486 319 323 726 505 172 252 378 746 427
? 12 111 342 248 309 446 454 5 198 382 542 517 687
? 12 122 327 761 674 678 583 605 29 797 235 450 109
? 12 134 131 343 796 442 530 597 244 243 702 611 733
? 12 146 539 250 436 318 87 3 22 298 369 614 276
? 12 157 266 379 149 681 238 13 721 455 384 364 697
? 12 162 762 50 89 679 670 549 406 490 73 474 373
? 12 167 682 709 514 169 307 2 479 689 779 734 69
? 12 170 756 247 745 673 497 155 204 532 533 14 273
? 12 173 143 564 701 680 218 580 380 665 281 763 280
? 12 175 161 287 102 226 575 505 427 319 387 378 23
? 12 178 634 133 391 177 440 640 321 256 601 563 389
? 12 188 662 675 664 778 367 190 711 443 736 529 573
? 12 189 501 31 789 293 253 525 187 438 578 414 88
? 12 193 519 545 181 510 338 369 617 9 375 567 451
? 12 229 581 272 760 199 448 493 444 176 776 41 739
? 12 236 568 468 520 348 288 241 377 409 430 651 518
? 12 246 284 500 557 85 404 416 308 649 617 509 567
? 12 251 419 596 249 270 692 211 517 638 51 588 216
? 12 257 556 790 117 383 6 138 507 362 593 587 613
? 12 271 180 224 515 458 213 431 200 732 531 97 34
? 12 290 512 244 702 299 131 296 344 749 347 154 243
? 12 301 753 774 362 265 360 74 504 706 463 645 717
? 12 310 202 685 700 40 192 385 737 105 725 233 108
? 12 325 116 163 728 165 148 725 105 341 693 103 233
? 12 326 708 592 38 109 398 782 695 773 491 666 433
? 12 328 518 377 660 430 288 241 296 263 742 393 115
? 12 329 30 44 587 593 366 757 26 138 383 613 730
? 12 363 278 574 752 467 127 628 112 184 558 698 735
? 12 374 496 11 136 584 646 194 303 66 499 191 585
? 12 392 691 522 669 104 110 396 190 58 358 400 711
? 12 395 179 455 47 305 62 437 424 384 776 304 653
? 12 402 407 477 21 147 615 400 571 647 61 337 39
? 12 403 260 616 423 507 18 608 274 655 445 786 6
? 12 410 521 600 230 376 578 470 187 132 414 791 471
? 12 418 330 576 724 751 46 48 416 509 577 399 335
? 12 420 201 786 84 452 655 403 274 260 632 616 718
? 12 483 659 651 348 394 547 196 520 719 781 712 397
? 12 495 370 686 783 684 635 261 698 208 727 558 461
? 12 503 334 768 314 125 661 559 75 450 631 390 688
? 12 538 607 523 735 628 467 184 693 758 461 558 698
? 12 543 82 485 699 722 412 16 269 453 668 210 71
? 12 548 128 191 540 78 499 759 386 349 676 496 139
? 12 562 618 481 687 235 5 734 156 198 689 382 248
? 12 643 214 439 381 94 421 255 475 256 533 339 497
? 12 671 799 358 58 621 396 711 736 33 275 190 110
? 12 713 339 222 475 406 373 421 389 89 4 474 321
? 12 784 422 123 604 267 531 470 602 794 200 0 471
? 12 1 64 205 8 232 151 375 332 598 10 203 793
? 12 7 357 564 680 665 594 143 245 218 580 49 72
? 12 12 795 336 158 633 37 704 254 606 552 337 315
? 12 15 513 114 150 107 203 460 353 457 767 785 8
? 12 19 164 579 775 663 650 494 55 100 219 159 589
? 12 24 561 197 729 696 570 748 3 298 622 250 318
? 12 32 186 160 747 54 621 275 799 358 671 58 33
? 12 36 772 432 346 413 268 560 425 624 766 155 524
? 12 42 667 791 99 93 492 600 710 485 642 132 543
? 12 57 210 722 33 27 412 82 275 485 354 453 71
? 12 60 80 372 100 322 219 666 350 433 398 491 159
? 12 65 267 604 602 575 306 123 683 644 200 161 732
? 12 68 537 528 777 144 639 282 789 351 253 157 142
? 12 70 207 345 309 446 517 249 419 90 126 641 765
? 12 79 781 397 547 196 520 627 234 405 348 456 394
? 12 86 451 509 617 338 743 181 545 510 500 460 519
? 12 95 707 360 619 300 504 551 498 610 608 301 487
? 12 96 717 645 527 362 463 476 774 753 74 383 138
? 12 101 672 130 639 428 525 253 295 142 195 239 723
? 12 106 625 22 276 614 324 793 10 598 312 490 516
? 12 111 342 248 309 446 454 5 198 382 542 517 687
? 12 113 166 311 97 371 431 792 213 28 39 333 315
? 12 118 697 379 750 238 359 417 145 331 441 149 364
? 12 129 217 754 231 46 355 399 424 335 305 330 437
? 12 137 66 464 340 534 136 584 194 124 585 223 11
? 12 140 549 785 457 767 679 107 150 50 203 89 151
? 12 141 654 626 4 204 25 488 434 273 533 497 222
? 12 146 539 250 436 318 87 3 22 298 369 614 276
? 12 153 171 252 23 37 323 158 552 226 486 741 319
? 12 172 726 462 92 746 720 505 378 427 536 486 319
? 12 182 220 81 331 566 63 787 277 417 434 750 364
? 12 183 308 404 72 565 139 349 245 770 482 731 78
? 12 188 662 675 664 778 367 190 711 443 736 529 573
? 12 189 501 31 789 293 253 525 187 438 578 414 88
? 12 193 519 545 181 510 338 369 617 9 375 567 451
? 12 221 609 636 480 605 227 156 235 648 656 481 239
? 12 225 352 335 751 649 416 771 399 49 557 594 285
? 12 228 465 240 764 401 622 386 570 748 696 676 473
? 12 236 568 468 520 348 288 241 377 409 430 651 518
? 12 237 629 714 535 242 586 745 532 738 744 294 67
? 12 251 419 596 249 270 692 211 517 638 51 588 216
? 12 258 536 623 720 502 798 524 766 572 478 560 550
? 12 264 88 438 489 414 554 187 411 738 294 67 521
? 12 279 461 523 174 541 634 563 635 686 603 690 607
? 12 283 124 620 302 482 585 98 135 565 499 139 136
? 12 289 40 685 670 108 385 516 737 45 700 310 202
? 12 290 512 244 702 299 131 296 344 749 347 154 243
? 12 292 740 285 199 444 760 771 526 209 35 716 493
? 12 316 449 591 658 466 409 393 115 430 660 426 241
? 12 317 727 208 291 684 261 783 601 563 686 572 550
? 12 325 116 163 728 165 148 725 105 341 693 103 233
? 12 326 708 592 38 109 398 782 695 773 491 666 433
? 12 328 518 377 660 430 288 241 296 263 742 393 115
? 12 329 30 44 587 593 366 757 26 138 383 613 730
? 12 343 131 134 742 280 769 296 263 544 244 290 580
? 12 361 185 677 121 56 731 770 85 473 676 759 9
? 12 363 278 574 752 467 127 628 112 184 558 698 735
? 12 365 17 546 555 177 478 413 798 291 560 524 766
? 12 374 496 11 136 584 646 194 303 66 499 191 585
? 12 392 691 522 669 104 110 396 190 58 358 400 711
? 12 402 407 477 21 147 615 400 571 647 61 337 39
? 12 408 763 715 388 582 120 340 456 464 368 137 405
? 12 435 425 624 569 268 346 772 469 387 432 746 306
? 12 447 721 266 415 59 489 438 13 511 630 411 277
? 12 483 659 651 348 394 547 196 520 719 781 712 397
? 12 495 370 686 783 684 635 261 698 208 727 558 461
? 12 503 334 768 314 125 661 559 75 450 631 390 688
? 12 506 52 694 320 297 233 312 108 561 45 324 516
? 12 548 128 191 540 78 499 759 386 349 676 496 139
? 12 556 790 117 257 507 6 18 608 616 383 260 423
? 12 562 618 481 687 235 5 734 156 198 689 382 248
? 12 590 351 215 282 688 390 262 739 631 75 559 176
? 12 595 599 788 356 459 712 119 719 657 368 223 394
? 12 612 445 583 610 797 551 553 423 608 18 619 616
? 12 643 214 439 381 94 421 255 475 256 533 339 497
? 12 652 152 641 642 126 345 723 168 259 90 207 70
? 12 668 71 453 573 443 412 699 269 736 722 778 16
? 12 673 247 756 273 745 170 535 626 204 787 497 81
? 12 703 212 724 484 441 577 145 576 48 417 705 750
? 12 718 632 589 159 452 84 350 494 55 650 322 553
? 12 733 611 243 597 41 154 796 493 749 702 526 530
? 12 0 644 744 242 586 470 376 508 629 683 784 91
? 12 12 795 336 158 633 37 704 254 606 552 337 315
? 12 19 164 579 775 663 650 494 55 100 219 159 589
? 12 20 683 91 508 14 306 469 532 569 644 586 387
? 12 36 772 432 346 413 268 560 425 624 766 155 524
? 12 53 286 429 97 794 515 213 354 311 180 43 54
? 12 57 210 722 33 27 412 82 275 485 354 453 71
? 12 60 80 372 100 322 219 666 350 433 398 491 159
? 12 69 2 307 216 514 596 709 779 270 454 542 682
? 12 76 315 792 254 28 333 337 34 336 571 371 431
? 12 77 353 767 25 488 107 434 705 114 150 785 140
? 12 111 342 248 309 446 454 5 198 382 542 517 687
? 12 146 539 250 436 318 87 3 22 298 369 614 276
? 12 157 266 379 149 681 238 13 721 455 384 364 697
? 12 162 762 50 89 679 670 549 406 490 73 474 373
? 12 167 682 709 514 169 307 2 479 689 779 734 69
? 12 173 143 564 701 680 218 580 380 665 281 763 280
? 12 175 161 287 102 226 575 505 427 319 387 378 23
? 12 178 634 133 391 177 440 640 321 256 601 563 389
? 12 188 662 675 664 778 367 190 711 443 736 529 573
? 12 189 501 31 789 293 253 525 187 438 578 414 88
? 12 192 202 700 780 603 541 174 385 737 310 103 341
? 12 193 519 545 181 510 338 369 617 9 375 567 451
? 12 229 581 272 760 199 448 493 444 176 776 41 739
? 12 234 627 544 79 397 769 456 380 781 280 405 196
? 12 236 568 468 520 348 288 241 377 409 430 651 518
!
2 12 15 16 17 21 23 24 26 27 28 31 32 33 34 37 39 42 43 47 51 52 53 54 57 58 61 64 65 69 71 76 82 93 97 99 104 110 113 118 128 147 157 158 160 166 167 169 171 172 177 179 180 182 186 188 190 205 206 210 211 213 216 220 228 249 251 254 258 268 269 270 271 275 286 287 307 311 315 316 317 329 331 332 333 336 337 354 358 365 367 371 384 386 391 392 395 396 400 402 403 407 412 417 419 429 431 443 449 453 454 455 458 465 469 471 477 479 485 492 506 513 514 515 517 522 529 536 540 542 543 548 550 552 555 561 570 571 573 588 591 596 606 615 621 623 633 638 647 652 658 662 664 667 668 669 671 675 676 682 689 691 692 694 699 704 709 710 711 720 722 734 736 741 747 750 757 778 779 791 792 794 795 799 
26 403
757 26
329 757
658 329
658 316
449 658
449 591
47 449
465 540
24 694
52 506
561 52
24 561
570 24
128 548
386 128
386 676
228 386
465 228
570 465
332 570
205 332
64 205
15 64
513 15
417 513
220 182
417 220
750 417
331 750
118 331
384 118
395 179
395 47
455 395
455 384
157 455
31 157
652 31
211 652
17 391
268 469
536 268
17 317
365 177
17 365
555 17
550 555
623 550
623 258
536 623
720 536
172 720
287 172
65 287
180 65
407 477
402 407
400 402
669 190
392 669
110 400
104 110
691 104
522 691
392 522
671 392
271 180
741 271
171 23
741 171
795 633
606 795
606 704
615 606
34 741
213 458
333 34
158 12
37 158
37 552
315 37
254 336
315 254
333 315
28 333
792 28
76 792
571 76
21 147
337 615
571 337
21 571
39 21
61 647
39 61
371 39
166 371
113 166
97 113
311 97
431 311
213 431
515 213
794 515
794 43
471 794
93 471
667 42
492 710
93 492
791 93
99 791
667 99
485 667
543 485
82 543
479 734
689 479
169 689
167 169
709 167
2 69
682 709
307 682
514 307
2 514
779 2
542 779
454 542
216 454
270 216
596 270
517 596
419 251
249 517
419 249
692 419
588 638
51 588
692 51
211 692
367 211
367 529
206 367
747 54
186 747
32 186
160 32
33 57
275 33
160 275
799 160
621 799
358 621
358 396
358 58
671 358
711 671
16 206
699 269
16 699
443 16
286 53
429 286
354 429
27 354
210 27
722 210
722 82
412 722
453 412
71 453
573 71
736 711
662 736
778 662
675 188
675 664
778 675
443 778
573 443
668 573
0 1 3 4 5 6 7 8 9 10 11 13 14 18 19 20 22 25 29 30 35 36 38 40 41 44 45 46 48 49 50 55 56 59 60 62 63 66 67 68 70 72 73 74 75 77 78 79 80 81 83 84 85 86 87 88 89 90 91 92 94 95 96 98 100 101 102 103 105 106 107 108 109 111 112 114 115 116 117 119 120 121 122 123 124 125 126 127 129 130 131 132 133 134 135 136 137 138 139 140 141 142 143 144 145 146 148 149 150 151 152 153 154 155 156 159 161 162 163 164 165 168 170 173 174 175 176 178 181 183 184 185 187 189 191 192 193 194 195 196 197 198 199 200 201 202 203 204 207 208 209 212 214 215 217 218 219 221 222 223 224 225 226 227 229 230 231 232 233 234 235 236 237 238 239 240 241 242 243 244 245 246 247 248 250 252 253 255 256 257 259 260 261 262 263 264 265 266 267 272 273 274 276 277 278 279 280 281 282 283 284 285 288 289 290 291 292 293 294 295 296 297 298 299 300 301 302 303 304 305 306 308 309 310 312 313 314 318 319 320 321 322 323 324 325 326 327 328 330 334 335 338 339 340 341 342 343 344 345 346 347 348 349 350 351 352 353 355 356 357 359 360 361 362 363 364 366 368 369 370 372 373 374 375 376 377 378 379 380 381 382 383 385 387 388 389 390 393 394 397 398 399 401 404 405 406 408 409 410 411 413 414 415 416 418 420 421 422 423 424 425 426 427 428 430 432 433 434 435 436 437 438 439 440 441 442 444 445 446 447 448 450 451 452 456 457 459 460 461 462 463 464 466 467 468 470 472 473 474 475 476 478 480 481 482 483 484 486 487 488 489 490 491 493 494 495 496 497 498 499 500 501 502 503 504 505 507 508 509 510 511 512 516 518 519 520 521 523 524 525 526 527 528 530 531 532 533 534 535 537 538 539 541 544 545 546 547 549 551 553 554 556 557 558 559 560 562 563 564 565 566 567 568 569 572 574 575 576 577 578 579 580 581 582 583 584 585 586 587 589 590 592 593 594 595 597 598 599 600 601 602 603 604 605 607 608 609 610 611 612 613 614 616 617 618 619 620 622 624 625 626 627 628 629 630 631 632 634 635 636 637 639 640 641 642 643 644 645 646 648 649 650 651 653 654 655 656 657 659 660 661 663 665 666 670 672 673 674 677 678 679 680 681 683 684 685 686 687 688 690 693 695 696 697 698 700 701 702 703 705 706 707 708 712 713 714 715 716 717 718 719 721 723 724 725 726 727 728 729 730 731 732 733 735 737 738 739 740 742 743 744 745 746 748 749 751 752 753 754 755 756 758 759 760 761 762 763 764 765 766 767 768 769 770 771 772 773 774 775 776 777 780 781 782 783 784 785 786 787 788 789 790 793 796 797 798 
502 572
798 502
546 798
766 546
560 478
524 766
560 524
413 560
36 413
432 36
425 435
624 425
772 624
346 772
432 346
155 432
94 155
643 94
237 714
535 237
673 535
745 170
745 756
247 745
673 247
273 673
381 643
497 381
533 497
204 533
273 204
780 541
690 780
755 690
73 755
73 670
373 73
474 373
474 406
389 474
640 389
440 640
321 440
256 321
214 256
339 713
439 255
421 439
421 214
475 421
339 475
222 339
4 222
654 4
141 654
488 141
626 273
488 626
434 488
81 434
787 81
630 787
721 447
721 266
59 721
415 59
511 415
264 88
489 264
511 630
411 511
438 489
411 438
67 411
554 67
738 554
294 738
629 294
242 629
242 744
586 242
508 586
323 252
486 323
226 153
486 226
319 92
319 486
505 319
462 726
505 462
427 505
378 427
746 378
387 746
306 575
387 569
306 387
683 306
91 20
14 532
91 14
508 91
508 683
644 508
0 644
123 422
161 175
161 102
602 161
531 224
200 531
732 200
602 732
267 602
604 267
123 604
784 123
470 784
470 0
376 470
230 376
521 230
723 195
723 152
642 723
132 642
600 132
410 600
521 410
187 521
187 578
187 414
293 187
501 293
189 501
789 189
142 295
144 142
351 590
282 351
528 282
537 528
68 537
777 68
144 777
639 144
253 789
253 525
639 253
101 639
130 101
672 130
428 672
239 428
227 656
648 239
648 227
221 648
19 164
663 19
553 612
350 553
632 718
84 452
632 84
589 632
579 775
663 579
100 663
494 589
650 55
494 650
159 494
219 100
159 219
322 159
80 60
372 80
322 372
350 322
491 350
666 433
398 666
491 398
782 491
773 782
38 773
695 38
592 695
708 326
592 708
109 592
122 109
797 583
122 797
327 122
327 678
235 327
235 562
618 235
481 618
156 481
207 90
259 168
126 259
126 641
345 126
207 345
70 207
446 70
309 765
446 309
342 446
342 111
248 342
687 198
5 687
248 5
382 248
156 382
221 156
636 221
609 636
480 609
605 480
761 605
674 761
450 674
29 450
661 29
296 131
742 263
296 742
347 296
173 143
380 173
627 380
627 79
749 154
41 749
448 272
229 448
581 229
199 581
493 41
493 199
733 493
611 733
243 611
344 347
299 344
512 299
512 290
244 512
702 244
243 702
796 243
303 646
657 303
464 657
408 340
388 408
651 394
651 483
659 651
719 659
712 719
356 712
595 356
599 595
788 599
459 788
119 368
459 119
223 459
582 223
11 374
464 137
302 482
124 302
283 124
98 283
620 98
585 620
136 585
499 496
499 191
135 499
136 135
11 136
584 11
194 584
66 194
534 66
464 534
582 464
715 582
388 715
120 388
763 120
456 763
706 265
313 706
83 313
739 176
215 739
262 215
83 262
661 83
768 503
559 688
631 559
631 75
390 631
125 390
314 125
314 661
768 314
334 768
498 334
498 487
300 498
619 300
551 619
551 610
608 551
201 420
786 201
655 786
274 655
613 274
613 730
507 613
423 445
608 18
423 608
616 423
260 616
507 260
6 507
117 6
790 117
790 556
257 790
383 257
30 366
44 30
593 44
593 587
138 593
383 138
362 383
707 95
360 707
504 360
301 504
753 301
362 753
645 362
774 74
645 774
717 645
96 717
527 96
527 463
476 527
472 476
472 426
115 472
660 328
393 466
393 115
660 393
241 660
430 409
288 518
377 241
377 430
288 377
468 288
568 468
568 236
520 568
520 348
781 520
547 781
547 196
405 547
456 405
627 456
397 627
234 397
769 234
519 193
181 519
545 181
724 576
767 77
767 25
785 140
785 767
457 785
150 457
150 203
107 150
114 107
114 353
705 114
703 705
724 703
212 724
484 212
48 418
577 48
484 577
145 484
441 145
359 441
566 63
277 566
364 277
364 13
681 364
149 681
697 149
379 697
238 379
359 238
653 359
305 62
304 653
437 304
305 437
424 305
134 343
442 134
530 442
526 530
796 597
526 796
35 526
716 35
285 716
285 771
740 285
292 740
444 292
209 444
760 209
776 760
637 776
424 637
335 225
355 424
231 355
754 231
129 754
217 129
46 217
46 330
399 46
399 335
751 399
751 557
416 751
308 404
245 308
594 245
72 183
218 72
544 769
280 544
701 280
580 701
218 281
680 580
564 680
665 564
665 218
357 665
7 357
594 7
49 594
352 49
649 352
416 649
246 416
500 246
625 106
10 793
625 10
490 625
50 89
762 50
762 162
679 762
679 549
490 679
598 490
151 598
1 151
8 1
87 276
369 87
375 369
232 375
8 232
460 8
743 460
338 743
509 500
86 509
338 86
451 338
617 451
545 617
510 545
567 510
567 9
85 567
565 139
349 565
78 759
78 349
770 78
731 770
185 731
361 185
121 361
85 284
121 85
56 121
677 56
473 677
401 473
764 401
240 764
622 240
696 622
748 696
250 748
436 146
436 539
436 250
318 436
298 318
685 289
197 729
3 197
298 3
614 298
614 22
312 614
312 297
324 312
45 324
45 516
108 45
40 108
685 40
385 685
700 192
737 385
700 737
202 700
310 202
725 310
233 320
116 165
105 116
105 233
725 105
148 725
341 148
103 341
758 103
163 325
728 163
693 728
758 693
174 758
603 174
523 603
628 278
628 467
184 628
607 538
735 607
574 363
574 752
112 574
127 112
184 127
735 184
558 735
698 558
635 698
461 523
370 495
684 370
208 727
261 208
783 261
783 684
686 783
635 686
461 635
279 461
133 178
601 291
563 601
133 563
634 133
279 634
