1000 2954 10
42 97 93 76 66 77 46 57 71 86 4 21 78 5 10 88 69 10 33 63 67 52 36 13 92 71 79 11 10 23 92 44 87 68 11 84 28 6 15 87 54 89 7 29 59 82 20 95 29 61 33 52 88 54 21 30 6 34 90 76 63 61 94 90 94 27 75 4 81 74 58 3 38 84 98 21 91 18 90 14 37 49 89 79 11 82 44 71 71 90 33 21 41 16 35 15 3 59 47 44 47 79 6 60 43 76 41 17 84 72 19 77 68 89 5 2 47 30 83 59 80 25 44 90 93 82 23 70 95 2 16 92 91 46 58 70 69 12 84 4 97 78 77 48 37 33 33 93 35 6 26 42 22 52 58 55 67 92 10 50 71 2 54 87 57 28 68 16 26 23 37 62 34 36 71 53 1 74 58 13 57 57 64 8 86 15 26 2 5 71 25 37 50 3 3 25 83 16 5 43 13 12 34 59 48 23 45 42 88 35 68 97 90 71 1 98 90 40 34 90 11 99 59 61 16 69 8 70 81 74 60 89 91 84 90 64 15 32 13 22 77 79 3 92 74 53 84 54 29 10 77 71 28 10 61 65 85 26 1 4 26 39 28 48 1 24 40 77 92 33 86 6 38 80 87 35 55 30 99 34 45 80 80 91 41 88 59 19 57 37 98 5 92 38 61 69 57 54 5 53 47 100 99 37 71 47 79 79 68 9 21 69 91 81 3 14 90 73 8 77 2 90 83 19 48 11 18 84 22 1 19 41 4 12 44 46 60 90 49 26 21 46 82 95 61 55 30 20 91 86 52 53 52 31 93 80 98 49 16 56 46 15 15 49 89 26 28 22 76 32 84 68 23 89 27 90 76 78 72 15 86 66 71 23 60 26 23 61 71 30 32 9 66 9 1 2 22 78 95 80 66 68 61 72 19 13 2 79 96 17 34 58 33 3 5 45 57 11 92 29 25 93 88 32 96 12 61 74 47 84 64 16 94 75 8 38 99 26 6 19 31 35 7 40 79 67 83 14 62 41 56 7 80 8 38 8 22 85 14 77 49 75 77 60 35 95 60 16 23 12 96 51 15 73 80 1 43 37 54 31 21 54 53 67 13 46 34 6 12 60 99 24 88 79 81 27 53 76 42 13 16 62 3 26 66 89 80 47 62 74 7 59 60 54 69 81 62 63 14 9 65 3 34 5 27 89 34 21 14 92 3 89 35 11 3 21 1 9 88 35 77 100 73 38 32 33 21 45 14 36 65 26 60 26 93 84 14 4 47 90 25 91 37 75 72 61 69 23 1 22 52 5 34 33 53 1 71 73 67 38 42 44 42 54 78 73 57 60 73 18 28 93 6 49 6 76 52 8 42 87 69 52 97 20 88 13 37 49 65 63 98 83 43 99 44 75 88 7 30 7 85 52 32 100 84 6 78 27 2 65 52 94 93 36 11 59 36 11 81 73 87 75 42 40 89 8 97 6 17 46 98 84 92 90 70 93 26 48 51 11 26 3 84 19 31 65 95 32 10 13 64 28 17 50 27 95 26 42 41 32 20 57 49 14 62 59 8 65 8 34 88 2 39 22 86 81 97 98 94 15 1 60 24 13 40 51 20 54 68 41 94 42 39 42 52 65 88 9 53 68 36 97 59 85 22 94 18 37 13 95 39 78 55 29 46 2 24 38 10 71 65 63 44 83 33 57 59 3 59 98 72 77 66 49 95 33 43 13 84 61 73 30 57 20 72 81 86 31 30 92 32 53 57 6 63 87 93 41 61 86 95 22 42 29 64 24 90 27 81 69 1 87 47 37 62 64 82 28 70 96 77 100 99 80 14 72 18 12 12 39 60 73 5 78 32 92 75 75 73 18 76 1 22 24 92 50 55 33 23 28 95 15 60 47 93 72 41 20 59 35 29 75 25 65 34 76 68 42 54 69 60 96 87 90 74 76 49 62 12 45 38 38 33 29 67 21 93 26 9 61 50 31 38 99 40 86 69 14 35 37 86 21 37 29 62 70 22 79 54 71 33 83 57 96 93 89 62 44 78 20 18 30 52 61 38 49 65 58 38 7 3 88 55 55 27 88 25 19 78 62 36 89 82 33 27 43 63 78 75 30 27 8 84 61 82 63 49 56 24 52 98 15 1 94 56 91 71 38 42 81 64 51 24 19 70 61 13 91 15 52 81 63 48 61 56 31 78 43 96 90 95 49 65 66 38 52 70 78 60 13 1 10 86 58 35 8 97 66 97 61 42 34 11 10 5 67 79 59 84 81
0 29
0 193
0 196
0 326
0 459
1 109
1 110
1 222
1 416
1 757
2 139
2 468
2 749
2 801
2 847
3 120
3 137
3 504
3 591
3 683
3 739
4 87
4 532
4 631
4 644
4 820
4 882
5 219
5 247
5 362
5 520
5 645
5 798
5 996
6 10
6 22
6 175
6 263
6 305
6 463
6 846
7 47
7 99
7 376
7 387
7 910
8 253
8 515
8 544
8 713
8 738
8 776
8 789
9 101
9 411
9 581
9 597
9 663
9 797
10 26
10 67
10 263
10 383
10 463
11 209
11 242
11 494
11 568
11 633
12 96
12 128
12 409
12 472
12 503
12 648
12 668
13 201
13 389
13 451
13 654
13 856
13 965
14 62
14 65
14 508
14 619
14 626
15 213
15 508
15 512
15 532
15 628
15 674
16 248
16 253
16 550
16 713
16 784
16 994
17 21
17 80
17 103
17 333
17 473
17 671
17 834
17 865
18 80
18 539
18 660
18 723
18 758
18 834
18 946
19 153
19 772
19 773
19 975
19 978
20 197
20 316
20 548
20 842
21 80
21 282
21 422
21 473
22 305
22 466
22 610
22 684
22 725
22 846
23 49
23 60
23 96
23 472
23 656
24 50
24 218
24 235
24 357
24 406
24 554
24 559
24 593
24 909
25 69
25 435
25 698
25 732
25 810
25 975
26 263
26 383
26 464
26 742
26 778
26 864
27 254
27 382
27 412
27 457
27 461
27 786
28 129
28 694
28 773
28 898
28 934
29 194
29 196
29 459
29 911
29 967
30 146
30 632
30 744
30 944
30 986
31 454
31 646
31 668
31 704
31 720
31 814
32 277
32 328
32 514
32 518
32 632
32 815
33 148
33 391
33 491
33 567
33 733
34 200
34 332
34 348
34 357
34 897
35 63
35 182
35 203
35 816
35 839
36 53
36 334
36 380
36 484
36 881
36 936
37 119
37 270
37 311
37 350
37 465
37 578
37 893
38 511
38 764
38 806
38 835
38 984
39 150
39 299
39 510
39 753
39 900
39 983
40 266
40 397
40 496
40 590
40 714
40 729
41 76
41 290
41 352
41 533
41 595
41 918
42 185
42 388
42 581
42 784
42 880
42 928
43 144
43 164
43 437
43 718
43 731
43 805
44 260
44 332
44 406
44 639
44 802
44 909
45 78
45 597
45 663
45 701
45 847
46 159
46 280
46 524
46 547
46 678
46 715
47 99
47 387
47 423
47 452
48 87
48 92
48 114
48 356
48 615
48 677
48 824
49 60
49 76
49 85
49 342
49 533
49 656
49 987
50 357
50 593
50 598
50 852
51 266
51 288
51 405
51 496
51 623
52 168
52 280
52 307
52 480
52 715
52 845
52 935
53 188
53 380
53 936
54 288
54 346
54 464
54 582
54 864
54 976
55 69
55 211
55 511
55 764
55 998
56 362
56 550
56 713
56 922
57 108
57 243
57 467
57 734
57 794
57 937
58 170
58 213
58 269
58 540
58 674
58 716
59 188
59 284
59 380
59 688
59 873
59 962
59 971
60 85
60 96
60 668
60 814
61 79
61 122
61 224
61 271
61 350
62 65
62 384
62 508
62 790
63 111
63 203
63 249
63 257
63 384
63 839
64 149
64 187
64 499
64 676
64 884
64 945
65 117
65 375
65 595
65 626
65 787
65 790
66 489
66 637
66 717
66 759
66 980
67 142
67 282
67 383
67 463
67 871
68 169
68 669
68 860
68 929
68 992
69 435
69 438
69 511
69 732
69 835
69 998
70 102
70 301
70 376
70 767
70 809
71 151
71 601
71 771
71 792
71 900
72 387
72 423
72 989
72 994
73 104
73 454
73 712
73 720
73 735
73 827
73 854
74 234
74 247
74 298
74 425
74 642
74 798
75 279
75 364
75 563
75 577
75 719
75 887
76 533
76 595
76 787
76 987
77 102
77 566
77 679
77 743
77 956
77 957
78 597
78 600
78 701
79 224
79 271
79 391
79 491
79 657
79 908
79 953
80 422
80 723
80 834
80 943
81 381
81 395
81 502
81 804
81 915
81 954
82 160
82 193
82 196
82 245
82 792
82 913
83 161
83 232
83 475
83 542
83 665
83 691
83 692
84 93
84 330
84 498
84 614
84 948
84 963
85 533
85 630
85 646
85 814
86 183
86 367
86 744
86 858
86 891
86 944
87 92
87 820
87 824
87 882
88 306
88 420
88 552
88 833
89 241
89 343
89 394
89 583
89 687
89 901
90 158
90 233
90 241
90 415
90 529
91 194
91 477
91 483
91 664
91 822
92 217
92 615
92 627
92 820
93 244
93 330
93 821
93 855
93 963
94 320
94 730
94 844
94 902
94 960
95 181
95 346
95 441
95 623
95 655
95 976
96 472
96 668
97 167
97 363
97 485
97 551
97 647
97 781
98 105
98 178
98 300
98 396
98 431
98 633
99 274
99 392
99 452
99 513
99 910
100 315
100 538
100 961
100 991
101 390
101 411
101 797
101 958
102 261
102 301
102 675
102 679
102 743
103 340
103 834
103 865
104 410
104 680
104 712
104 735
104 745
104 993
105 178
105 281
105 396
105 421
105 426
105 861
105 974
106 204
106 335
106 338
106 491
106 733
106 941
107 295
107 424
107 501
107 585
107 719
107 887
108 401
108 499
108 676
108 794
108 811
108 937
109 110
109 166
109 222
109 303
109 386
109 727
109 756
109 927
110 166
110 757
111 117
111 257
111 384
111 790
112 121
112 336
112 355
112 791
112 903
113 155
113 308
113 323
113 487
113 561
113 775
113 970
114 201
114 356
114 615
114 826
114 965
115 349
115 440
115 536
115 947
115 954
116 172
116 377
116 443
116 506
116 583
116 649
117 257
117 375
117 534
117 790
118 356
118 643
118 837
118 965
119 143
119 311
119 350
119 755
120 138
120 504
120 739
120 955
121 267
121 363
121 541
121 791
121 793
121 903
122 224
122 229
122 318
122 350
122 374
122 779
123 286
123 517
123 608
123 620
123 682
123 818
123 885
123 973
124 187
124 499
124 614
124 766
124 794
124 878
124 948
125 128
125 409
125 429
125 735
125 854
125 985
126 151
126 245
126 428
126 481
126 603
126 640
126 792
127 556
127 646
127 704
127 929
127 992
128 409
128 503
128 985
129 488
129 579
129 694
129 772
129 773
130 314
130 364
130 577
130 586
130 683
130 689
130 724
130 947
131 189
131 325
131 394
131 401
131 492
131 811
131 883
131 926
132 221
132 317
132 460
132 622
132 768
132 783
133 293
133 386
133 667
133 727
133 930
134 223
134 279
134 440
134 577
134 828
135 296
135 444
135 471
135 478
135 634
135 682
135 890
136 145
136 250
136 258
136 408
136 691
136 692
136 912
137 543
137 591
137 666
137 739
137 870
138 310
138 504
138 796
138 955
139 500
139 749
139 764
139 801
139 806
140 145
140 361
140 523
140 662
140 858
140 877
140 946
140 979
141 170
141 191
141 236
141 436
141 652
142 266
142 278
142 383
142 871
142 966
143 148
143 311
143 573
143 755
144 188
144 437
144 718
144 726
144 936
145 408
145 692
145 858
145 877
146 240
146 439
146 455
146 612
146 632
146 707
146 815
146 830
146 986
147 247
147 425
147 493
147 565
147 588
148 184
148 391
148 567
148 573
148 755
148 953
149 552
149 676
149 884
149 919
150 299
150 527
150 611
150 753
150 785
151 220
151 466
151 601
151 640
151 792
152 157
152 297
152 592
152 661
152 842
152 875
153 435
153 438
153 489
153 637
153 975
153 978
154 261
154 505
154 643
154 837
154 938
155 308
155 319
155 561
155 737
156 458
156 575
156 747
156 922
157 297
157 354
157 371
157 567
157 728
157 842
158 233
158 241
158 325
158 926
159 538
159 547
159 678
159 872
159 961
159 997
160 162
160 196
160 331
160 453
160 911
160 913
161 258
161 277
161 475
161 691
162 331
162 795
162 822
162 911
163 225
163 360
163 436
163 482
163 700
164 370
164 437
164 503
164 722
164 731
164 985
165 246
165 607
165 680
165 710
165 712
166 449
166 722
166 757
166 927
167 268
167 413
167 484
167 551
167 781
168 202
168 207
168 480
168 879
168 935
169 352
169 417
169 669
169 672
169 843
169 860
170 191
170 213
170 269
170 339
170 436
170 628
171 417
171 670
171 740
171 860
171 907
172 434
172 583
172 649
172 917
173 195
173 474
173 479
173 530
173 681
174 424
174 501
174 531
174 541
174 793
175 463
175 684
175 846
175 943
176 189
176 193
176 245
176 313
176 603
177 315
177 379
177 569
177 574
177 760
177 825
178 421
178 494
178 633
178 696
179 209
179 374
179 578
179 604
179 770
179 779
180 199
180 564
180 697
180 861
180 923
180 995
181 441
181 462
181 478
181 497
181 655
181 906
182 203
182 522
182 562
182 816
182 879
183 361
183 367
183 758
183 858
184 507
184 554
184 567
184 573
184 728
185 253
185 388
185 442
185 776
185 784
186 217
186 309
186 358
186 584
186 615
186 918
187 499
187 766
187 945
188 284
188 380
188 558
188 718
188 936
189 313
189 325
189 372
189 603
189 883
190 268
190 399
190 703
190 892
190 899
191 236
191 628
191 839
192 363
192 485
192 545
192 616
192 791
192 840
193 196
193 245
193 313
193 326
194 483
194 822
194 841
194 911
194 967
195 209
195 474
195 479
195 578
195 780
195 893
196 911
197 316
197 589
197 592
197 600
197 842
198 609
198 613
198 783
198 897
198 916
199 519
199 888
199 923
199 995
200 275
200 357
200 613
200 625
200 852
200 897
201 451
201 673
201 826
201 965
202 337
202 522
202 879
202 935
203 257
203 562
203 869
203 940
204 354
204 548
204 733
204 842
204 941
205 234
205 272
205 425
205 537
205 658
205 981
206 476
206 477
206 521
206 664
207 414
207 480
207 652
207 765
207 879
208 470
208 840
208 868
208 896
208 931
209 242
209 474
209 568
209 578
209 580
209 770
210 246
210 410
210 490
210 546
210 774
210 960
211 764
211 801
211 823
211 980
211 998
212 231
212 264
212 286
212 308
212 319
213 628
213 674
214 352
214 533
214 630
214 669
214 929
215 607
215 699
215 741
215 782
215 827
216 515
216 520
216 555
216 717
216 759
216 996
217 309
217 615
217 627
218 294
218 559
218 702
218 838
218 909
219 362
219 515
219 520
219 544
220 466
220 539
220 601
220 725
220 979
221 285
221 460
221 622
221 808
221 964
222 293
222 416
222 727
222 817
223 440
223 828
223 920
224 229
224 788
224 908
225 360
225 378
225 482
225 519
225 995
226 232
226 277
226 475
226 514
226 665
226 891
226 944
227 312
227 488
227 489
227 555
227 772
227 921
227 978
228 366
228 525
228 617
228 640
228 752
229 318
229 698
229 788
229 810
230 302
230 345
230 430
230 456
230 528
230 952
231 264
231 319
231 869
231 940
232 542
232 665
232 891
233 325
233 415
233 516
234 298
234 425
234 537
235 554
235 573
235 593
236 652
236 816
236 839
237 287
237 321
237 441
237 462
237 587
237 623
237 690
238 390
238 535
238 761
238 789
238 823
238 958
238 982
239 509
239 557
239 695
239 808
239 859
239 867
240 560
240 612
240 707
240 796
240 804
241 443
241 529
241 583
241 687
241 926
242 494
242 604
242 770
243 326
243 459
243 467
243 686
243 734
243 967
244 748
244 821
244 866
244 963
245 603
245 792
246 320
246 410
246 546
246 607
246 680
247 362
247 425
247 588
247 798
248 365
248 550
248 989
248 994
249 384
249 508
249 628
249 839
250 258
250 369
250 853
250 912
251 304
251 497
251 620
251 655
251 762
251 973
252 289
252 373
252 403
252 653
252 685
252 984
253 713
253 776
253 784
254 450
254 457
254 505
254 786
254 938
255 450
255 677
255 746
255 786
255 824
256 343
256 344
256 901
256 917
256 925
257 534
257 737
257 869
258 369
258 430
258 691
259 602
259 748
259 808
259 886
260 509
260 557
260 639
260 802
261 505
261 643
261 675
261 743
262 377
262 506
262 569
262 649
262 760
262 831
262 851
263 305
263 379
263 752
263 778
264 286
264 562
264 885
264 940
265 304
265 400
265 547
265 635
265 762
265 991
265 997
266 383
266 397
266 405
266 496
266 966
267 327
267 355
267 793
267 832
267 903
267 972
268 413
268 484
268 881
268 892
268 899
269 272
269 339
269 537
269 716
270 311
270 447
270 465
270 598
271 350
271 755
271 953
272 537
272 658
272 716
273 670
273 679
273 699
273 907
273 949
274 347
274 392
274 513
274 819
274 895
275 402
275 479
275 613
275 625
276 284
276 320
276 896
276 902
277 322
277 475
277 514
277 518
278 324
278 871
278 920
278 966
279 295
279 359
279 577
279 719
279 828
280 678
280 715
280 845
280 974
281 307
281 426
281 845
281 974
282 422
282 463
282 473
282 871
283 377
283 569
283 638
283 659
284 558
284 873
284 896
284 902
285 602
285 808
285 863
285 878
285 964
286 308
286 495
286 517
286 885
287 321
287 690
287 705
287 736
287 751
288 346
288 405
288 623
288 864
289 316
289 338
289 403
289 548
289 685
289 941
290 309
290 595
290 918
291 404
291 434
291 576
291 580
291 681
292 433
292 586
292 708
292 799
292 849
292 862
292 939
293 407
293 444
293 727
293 817
293 930
294 507
294 559
294 807
294 838
295 359
295 585
295 719
295 803
295 904
296 444
296 634
296 667
296 930
297 371
297 661
297 709
298 339
298 537
298 642
298 933
298 977
299 527
299 877
299 983
300 396
300 404
300 431
300 434
301 457
301 461
301 675
301 767
302 331
302 345
302 453
302 753
302 924
302 952
303 386
303 399
303 756
303 899
304 400
304 655
304 762
304 976
305 466
305 525
305 752
306 420
306 492
306 552
306 641
306 676
306 848
306 999
307 426
307 480
307 564
307 697
307 845
308 319
308 495
308 970
309 418
309 595
309 626
309 627
309 918
310 322
310 594
310 693
310 707
310 796
310 955
310 959
311 573
311 593
311 598
312 378
312 393
312 488
312 642
312 921
312 977
313 326
313 372
314 536
314 683
314 763
314 947
315 538
315 760
315 825
315 831
315 991
316 385
316 548
316 589
316 685
317 351
317 460
317 768
317 859
317 867
318 374
318 604
318 698
318 934
318 968
319 737
319 869
320 546
320 902
320 960
321 419
321 462
321 705
321 906
322 328
322 455
322 518
322 693
322 959
323 487
323 621
323 711
323 775
323 990
324 349
324 395
324 440
324 473
324 671
324 871
324 920
325 516
325 603
325 926
326 372
326 459
326 734
327 813
327 832
327 862
327 972
328 455
328 518
328 815
329 373
329 469
329 500
329 653
329 806
330 483
330 486
330 498
330 850
330 855
331 453
331 795
331 924
332 348
332 357
332 406
332 639
333 381
333 395
333 636
333 671
333 865
334 368
334 756
334 881
334 927
334 936
335 338
335 491
335 570
335 657
336 355
336 791
336 836
336 931
337 341
337 522
337 562
337 818
337 885
337 935
338 403
338 570
338 941
339 436
339 537
339 933
340 367
340 744
340 758
340 834
340 865
340 986
341 715
341 818
341 935
342 656
342 711
342 987
343 583
343 901
343 917
344 530
344 576
344 641
344 917
344 925
345 456
345 476
345 924
346 623
346 976
347 513
347 874
347 895
347 988
348 639
348 768
348 897
349 395
349 440
349 954
350 578
350 755
350 779
351 639
351 768
351 859
352 533
352 584
352 669
352 843
352 918
353 445
353 543
353 693
353 739
353 857
353 870
353 914
353 955
354 567
354 733
354 842
355 800
355 832
355 836
355 903
356 450
356 677
356 837
356 965
357 406
357 852
358 584
358 615
358 673
358 826
358 843
359 432
359 803
359 828
360 414
360 564
360 700
360 765
360 995
361 758
361 858
361 946
362 544
362 588
362 713
362 922
363 485
363 541
363 551
363 791
364 563
364 577
364 724
365 423
365 452
365 550
365 747
365 989
366 529
366 574
366 617
366 638
366 659
366 752
367 744
367 758
368 726
368 927
368 936
369 430
369 611
369 853
370 398
370 429
370 490
370 731
370 985
371 507
371 709
371 728
372 734
372 883
373 653
373 806
373 984
374 604
374 779
375 534
375 618
375 787
376 392
376 809
376 910
377 443
377 506
377 569
377 659
378 393
378 482
378 519
378 905
378 977
379 574
379 752
379 778
379 825
380 484
380 781
380 971
381 395
381 439
381 612
381 636
381 804
382 412
382 526
382 746
382 750
382 777
382 786
382 819
382 942
383 405
383 742
384 508
384 790
385 469
385 589
385 653
385 685
386 399
386 667
386 727
386 769
387 423
387 994
388 442
388 761
388 880
389 606
389 654
389 856
389 957
390 411
390 468
390 823
390 958
391 491
391 953
392 777
392 809
392 819
392 910
393 488
393 579
393 905
394 492
394 687
394 848
394 901
394 926
395 671
395 954
396 434
396 553
396 950
396 974
397 590
397 920
397 966
398 490
398 731
398 805
398 960
399 703
399 769
399 899
400 582
400 976
400 991
401 811
401 883
401 937
402 479
402 596
402 613
402 833
403 570
403 571
403 984
404 431
404 434
404 580
404 633
405 742
405 864
406 909
407 444
407 471
407 775
407 817
407 990
408 527
408 877
408 912
409 668
409 720
409 854
410 680
410 745
410 774
411 468
411 663
412 461
412 777
413 531
413 551
413 624
413 876
413 892
414 480
414 564
414 765
415 428
415 481
415 516
415 529
415 617
416 621
416 651
416 757
416 817
417 606
417 672
417 740
417 856
417 860
418 512
418 619
418 626
418 627
418 631
419 634
419 667
419 705
419 906
420 530
420 596
420 833
420 999
421 605
421 696
421 861
422 463
422 943
423 452
423 989
424 501
424 793
424 887
425 493
425 981
426 697
426 861
427 494
427 604
427 696
427 968
428 481
428 617
428 640
429 490
429 735
429 985
429 993
430 456
430 528
430 611
431 633
432 590
432 729
432 803
432 828
432 920
433 563
433 708
433 724
433 793
433 862
433 972
434 576
434 649
434 917
434 950
435 438
435 975
436 482
436 652
436 700
436 933
437 449
437 722
437 726
438 637
438 998
439 612
439 636
439 986
440 577
440 920
440 947
441 462
441 623
442 549
442 761
442 776
442 982
443 529
443 583
443 659
444 471
444 930
445 721
445 754
445 813
445 857
445 862
445 914
446 458
446 526
446 565
446 588
446 750
446 874
446 895
446 932
447 465
447 598
447 625
447 780
447 852
448 622
448 863
448 916
448 945
449 722
449 726
449 927
450 677
450 786
450 837
450 938
451 672
451 673
451 856
452 513
452 747
452 988
453 510
453 753
453 913
454 556
454 704
454 720
454 782
454 827
455 815
455 830
455 959
456 476
457 461
457 505
457 675
458 575
458 588
458 874
458 922
459 967
460 695
460 808
460 867
461 767
461 777
462 906
463 943
464 582
464 778
464 825
464 864
464 991
465 780
465 893
466 525
466 640
466 725
467 498
467 614
467 686
467 794
467 850
468 663
468 801
468 823
468 847
469 500
469 589
469 600
469 653
470 545
470 616
470 688
470 868
470 896
470 962
471 775
471 890
471 970
472 648
472 651
472 656
473 671
473 871
474 580
474 681
475 665
476 664
476 795
476 924
477 483
477 486
477 521
477 664
478 497
478 634
478 682
478 906
478 973
479 530
479 596
479 625
479 780
480 564
481 516
481 603
482 933
482 977
483 486
483 841
483 850
484 781
484 881
485 616
485 647
486 521
486 855
487 561
487 618
487 711
487 987
488 579
488 772
489 555
489 637
489 759
489 978
490 774
490 960
490 993
491 657
491 733
492 676
492 811
492 848
493 565
493 932
493 981
494 604
494 633
494 696
495 517
495 890
495 970
496 587
496 623
496 714
497 655
497 973
498 614
498 850
499 676
499 794
500 600
500 701
500 749
500 806
501 531
501 585
501 876
502 560
502 804
502 915
503 648
503 722
503 985
504 560
504 683
504 763
504 796
504 915
505 675
505 938
506 649
507 554
507 559
507 709
507 728
507 807
508 512
508 619
508 628
509 557
509 802
509 812
510 753
510 792
510 900
510 913
511 764
511 835
512 532
512 619
512 631
513 988
514 632
514 944
515 520
515 544
515 717
515 738
516 603
517 682
517 890
519 888
519 905
519 995
520 996
521 629
521 821
521 855
522 562
522 879
523 601
523 662
523 979
524 547
524 608
524 635
524 715
524 818
525 640
525 752
526 750
526 889
526 932
526 942
527 611
527 853
527 877
527 912
528 611
528 785
528 952
529 617
529 659
530 576
530 596
530 641
530 681
530 999
531 541
531 551
531 876
532 631
532 644
532 674
533 630
534 561
534 618
534 737
535 738
535 789
535 823
536 763
536 915
536 947
536 954
538 831
538 851
538 872
538 961
539 610
539 660
539 725
539 946
539 979
540 572
540 644
540 674
540 716
541 551
541 793
542 692
542 858
542 891
543 739
543 870
544 713
545 616
545 840
545 868
546 960
547 635
547 997
548 842
548 941
549 776
549 789
549 982
550 713
550 747
550 922
552 676
552 833
552 919
553 829
553 950
553 974
554 559
554 573
555 759
555 921
555 996
556 704
556 782
556 992
557 639
557 859
558 650
558 718
558 730
558 902
560 796
560 804
560 915
561 618
561 737
562 885
562 940
563 724
563 793
563 887
564 697
564 995
565 588
565 932
566 606
566 679
566 740
566 957
567 728
567 733
568 580
568 633
569 574
569 638
569 760
570 571
570 657
570 969
571 732
571 835
571 969
571 984
572 644
572 716
572 882
572 889
572 932
573 593
574 638
574 752
575 747
575 874
575 988
576 681
576 917
577 947
578 779
578 893
579 694
579 888
579 905
580 633
580 681
581 597
581 797
581 880
582 976
582 991
583 917
584 843
584 918
585 624
585 706
585 736
585 876
585 904
585 951
586 683
586 689
586 708
586 849
587 623
587 690
587 714
588 922
589 600
590 729
590 920
591 666
591 683
591 849
592 600
592 842
592 875
593 598
594 707
594 830
594 959
595 626
595 787
596 833
597 663
598 852
599 605
599 694
599 696
599 898
599 968
600 701
601 662
601 771
601 979
602 748
602 808
602 878
604 770
604 968
605 694
605 696
605 861
605 923
606 740
606 856
606 957
607 699
607 710
607 827
608 620
608 635
608 762
608 818
609 613
609 884
609 916
609 919
609 945
610 660
610 684
610 725
611 785
611 853
612 804
613 833
613 897
613 919
614 794
614 948
615 826
616 647
616 962
616 971
617 640
618 787
618 987
619 626
620 762
620 973
621 651
621 656
621 711
621 817
621 990
622 783
622 863
622 916
622 964
624 703
624 706
624 876
624 892
625 780
625 852
627 631
627 820
628 839
629 821
629 855
630 646
630 929
631 820
632 815
632 944
634 667
634 906
635 762
636 865
636 986
637 980
637 998
638 659
639 768
639 859
641 848
641 925
641 999
642 645
642 798
642 921
642 977
643 654
643 743
643 837
643 956
643 965
644 674
644 882
645 798
645 921
645 996
646 704
646 814
646 929
647 781
647 971
648 651
648 722
649 851
649 950
650 718
650 730
650 844
651 656
651 722
651 757
652 700
652 765
652 816
652 879
653 685
654 956
654 957
654 965
655 976
656 711
657 908
657 969
658 716
658 932
658 981
660 684
660 723
661 709
661 875
662 771
662 877
663 847
664 795
664 822
666 754
666 849
666 857
666 870
666 939
667 705
667 769
667 930
668 720
668 814
669 929
670 860
670 894
670 907
670 949
672 673
672 843
672 856
673 826
673 843
676 811
677 824
678 829
678 872
678 974
679 699
679 740
679 907
680 712
682 890
682 973
683 763
683 849
684 723
684 846
684 943
686 841
686 850
686 967
687 926
688 873
688 896
688 962
689 708
689 724
690 714
690 751
691 692
692 858
693 955
694 888
694 898
694 923
695 808
695 867
696 968
697 861
698 773
698 810
698 934
698 975
699 741
699 949
700 765
701 749
701 847
702 812
702 838
702 909
703 706
703 769
703 892
703 951
705 736
705 769
705 951
706 951
707 796
707 830
708 724
709 807
709 812
709 838
710 712
710 827
711 987
712 827
714 729
714 751
715 818
715 935
716 932
717 738
717 759
717 823
717 980
718 805
718 844
719 887
720 854
721 754
721 799
721 862
721 939
722 757
723 943
726 927
726 936
729 751
729 803
729 904
730 844
730 902
731 805
732 810
732 835
732 969
734 883
734 937
735 854
735 993
736 751
736 904
736 951
737 869
738 789
738 823
739 955
740 907
741 782
741 894
741 949
741 992
742 864
743 956
744 944
744 986
745 774
745 993
746 786
746 824
746 882
746 889
746 942
747 922
747 988
748 866
748 878
748 886
748 948
748 963
749 847
750 819
750 895
751 904
753 785
753 952
754 857
754 939
755 953
756 881
756 899
756 927
758 834
758 946
760 831
761 797
761 880
761 958
761 982
763 915
764 801
764 806
766 863
766 878
766 945
767 777
767 809
768 783
768 897
769 951
771 877
771 900
771 983
772 773
772 978
773 934
773 975
774 993
775 970
775 990
776 789
777 809
777 819
778 825
780 893
781 971
782 827
782 992
783 897
783 916
784 928
784 994
785 952
787 987
788 810
788 908
788 969
789 982
791 840
791 931
792 900
792 913
793 887
793 972
795 822
795 924
797 880
797 958
799 862
799 939
800 832
800 836
800 914
800 931
801 823
802 812
802 909
803 904
805 844
805 960
806 984
807 838
808 886
810 969
812 838
812 909
813 832
813 862
813 914
816 839
816 879
817 990
818 885
819 895
821 855
821 866
821 886
822 911
823 980
824 882
825 991
828 920
829 851
829 872
829 950
829 974
830 959
831 851
832 914
833 919
835 984
836 931
837 938
840 868
840 931
841 850
841 967
844 960
845 974
848 901
848 925
849 939
851 872
851 950
853 912
857 870
858 891
859 867
860 894
860 992
861 923
862 972
863 878
863 945
863 964
865 986
866 886
869 940
873 896
874 895
874 988
877 983
878 948
881 899
882 889
883 937
884 919
884 945
888 905
888 923
889 932
889 942
890 970
891 944
894 949
894 992
898 934
898 968
900 983
901 925
908 969
914 931
915 954
916 945
920 966
921 996
928 994
929 992
932 981
933 977
934 968
946 979
948 963
956 957
961 991
961 997
962 971
980 998
989 994
991 997
864 512
326 282
391 916
668 94
199 539
297 761
696 360
86 770
261 824
323 944
660 359
582 687
212 296
71 486
258 502
259 534
203 823
716 258
748 286
432 766
559 973
688 273
735 362
229 337
699 877
456 796
632 361
107 612
457 725
885 531
783 201
141 326
825 169
576 882
751 791
345 510
335 172
647 788
449 889
882 388
563 276
195 424
192 891
231 200
761 849
361 972
501 508
120 790
143 527
235 366
702 819
576 313
449 558
322 160
562 378
417 859
216 779
854 594
269 581
322 98
189 343
566 814
274 496
317 495
820 660
260 472
368 817
658 294
109 400
441 849
46 686
829 394
129 826
124 281
296 708
563 162
211 408
20 523
403 986
569 841
718 284
692 176
854 463
893 247
917 635
174 356
825 245
179 544
754 670
713 562
723 513
938 549
163 519
940 630
196 130
520 361
207 327
399 131
564 626
109 750
583 467
322 927
10 598
753 253
126 240
509 617
542 901
503 180
823 608
351 265
307 276
309 482
456 70
345 391
122 515
635 178
649 530
284 462
88 538
626 813
695 83
463 96
562 792
442 422
872 652
176 253
791 452
115 359
200 282
444 717
600 139
791 584
832 770
386 284
587 194
435 366
919 285
667 71
713 96
410 911
830 311
331 573
623 287
629 831
263 180
872 299
774 169
240 699
613 864
787 673
911 378
785 404
609 970
411 797
58 570
341 417
190 754
615 938
740 524
538 492
902 481
928 249
929 498
363 629
218 235
80 241
294 264
408 147
427 547
105 431
300 581
39 413
647 584
671 702
485 132
712 324
818 499
623 458
540 637
583 737
458 636
477 360
361 513
821 269
640 905
221 880
167 471
836 657
285 139
808 532
407 197
319 563
417 78
849 501
909 545
661 729
888 500
542 987
784 735
438 654
739 777
89 485
422 528
352 487
570 919
266 657
990 544
403 561
367 30
604 698
155 187
384 866
381 436
270 557
146 403
54 316
331 798
182 485
712 900
289 785
792 351
880 747
349 293
598 207
551 811
384 632
853 215
383 756
709 444
536 793
959 416
372 449
865 235
742 504
285 667
667 859
334 555
513 313
297 888
876 818
727 138
721 535
573 703
857 550
953 646
830 462
121 181
251 721
180 811
301 517
941 301
489 428
488 928
240 837
96 595
135 571
690 596
320 464
943 281
947 698
792 869
36 571
619 505
654 385
389 469
527 448
589 285
499 88
407 179
279 610
663 800
582 824
259 629
19 390
116 711
722 739
247 77
860 161
634 258
553 191
501 544
496 588
670 282
663 489
273 90
905 722
402 438
480 278
566 348
516 941
193 446
644 650
585 73
371 315
697 917
518 206
419 325
631 965
309 668
895 365
591 609
37 652
938 441
376 222
523 424
710 389
746 639
473 584
381 413
189 468
765 90
651 822
388 705
822 517
634 138
600 469
524 971
838 791
528 764
348 438
173 126
467 294
822 119
320 368
654 229
778 531
851 536
530 53
827 140
452 940
941 599
929 456
761 831
702 219
335 188
532 880
456 49
418 487
527 912
302 629
767 245
439 496
250 368
696 570
688 615
976 447
547 351
143 721
771 802
657 198
603 799
826 801
147 422
687 37
592 917
479 58
111 537
731 824
143 472
553 220
391 611
822 297
237 761
431 114
580 144
164 792
692 463
800 259
320 201
954 338
196 212
647 946
821 545
470 932
570 760
286 441
62 724
652 501
394 681
656 429
329 140
709 190
129 627
618 327
290 497
495 971
388 259
110 812
251 924
54 478
328 911
574 859
92 712
408 700
741 584
681 200
579 591
581 257
198 188
410 214
545 412
815 591
738 722
506 907
608 622
599 331
744 840
363 346
890 313
179 296
123 206
338 926
95 656
450 154
400 581
737 481
306 315
60 442
214 506
453 305
730 665
516 643
693 289
137 800
498 143
259 673
480 599
539 692
750 456
170 237
979 396
587 627
567 229
554 77
632 591
440 800
337 606
262 218
418 812
747 191
614 200
499 341
247 883
671 532
389 343
565 13
195 672
686 782
832 710
279 237
106 570
90 470
144 777
904 448
114 313
798 142
982 417
44 633
195 737
866 530
888 779
77 659
479 331
684 305
592 396
659 774
745 383
877 591
363 910
458 963
353 65
382 362
234 319
670 250
648 695
901 223
987 481
958 564
455 367
700 718
429 580
768 466
343 653
933 565
357 162
410 100
956 582
310 390
404 717
390 788
178 198
552 882
759 614
241 684
560 688
394 399
560 294
486 388
902 606
841 625
425 934
487 170
699 151
224 269
677 114
41 608
638 519
666 923
266 519
797 895
890 429
439 867
237 524
130 738
840 186
314 819
767 493
423 412
842 148
412 661
305 782
988 579
400 516
823 334
486 474
713 406
175 639
906 346
946 400
708 508
700 652
461 137
228 538
178 397
305 441
301 858
660 161
277 645
580 489
773 318
238 572
464 118
861 254
677 52
271 799
385 63
145 162
523 476
549 937
265 867
196 800
435 132
772 667
575 558
667 885
362 758
90 339
835 844
258 124
684 901
710 139
324 411
385 496
560 139
435 601
227 691
19 468
616 910
599 680
638 482
509 885
487 879
212 594
643 853
660 452
175 749
673 636
586 174
621 756
430 702
626 669
296 956
559 396
686 554
146 448
476 202
611 99
532 309
214 732
481 986
569 246
647 85
593 990
674 842
778 109
235 454
734 694
330 967
686 815
504 686
439 988
805 373
925 713
792 486
553 710
494 661
45 462
59 265
473 463
788 717
753 330
949 356
729 173
754 725
888 643
141 511
394 91
725 465
307 410
240 506
476 439
297 338
848 736
541 332
447 196
710 761
242 475
190 499
291 537
985 601
158 387
213 525
812 183
590 661
444 318
506 456
728 215
392 825
670 475
812 830
745 434
712 633
326 706
55 533
206 562
323 729
139 356
386 123
254 298
621 531
232 145
268 311
357 585
469 948
45 500
509 388
249 345
518 856
247 642
687 498
746 305
631 981
841 345
357 938
978 525
887 231
623 63
427 294
178 318
131 404
50 391
687 225
106 450
110 465
242 557
23 608
800 644
122 548
521 524
7 439
109 222
664 687
449 406
637 112
737 322
504 954
886 569
729 560
328 77
595 104
519 286
919 267
870 280
727 59
475 695
886 796
527 669
459 608
485 769
31 327
358 612
400 962
739 925
427 211
126 338
457 270
460 207
754 117
582 88
669 966
83 264
295 369
110 261
237 794
542 277
480 518
249 605
342 820
241 163
543 176
147 304
589 34
258 275
731 293
580 114
767 342
288 214
366 286
639 932
548 250
220 132
215 200
479 844
579 904
837 560
157 251
495 242
330 444
307 842
687 70
28 439
56 332
617 344
24 550
787 230
143 219
151 576
182 773
944 673
405 931
158 680
501 270
688 433
906 399
613 31
609 835
357 213
297 293
791 279
358 798
614 479
269 907
499 441
658 135
419 879
373 593
867 670
64 682
806 782
422 242
581 721
852 360
418 745
450 746
158 202
347 374
248 856
104 671
630 405
591 766
663 751
359 147
71 331
826 756
202 871
924 388
119 586
274 424
517 823
279 854
275 475
430 68
838 442
500 111
849 611
962 499
724 114
293 939
303 729
587 56
480 21
392 888
769 877
541 234
722 159
215 178
437 907
702 941
934 731
79 699
488 821
799 601
765 913
545 23
171 338
813 158
351 541
330 332
454 480
121 686
177 526
983 627
946 512
346 873
156 561
607 420
128 484
95 280
574 211
557 532
786 126
604 495
512 46
749 690
754 269
467 882
459 34
86 556
722 934
315 534
394 37
907 572
579 975
123 449
216 154
487 570
713 344
385 930
732 603
622 78
910 593
591 520
702 779
924 327
158 289
970 600
66 464
629 32
841 269
844 815
82 402
483 629
568 49
865 703
581 361
737 239
966 664
861 807
378 42
356 468
655 39
649 266
545 509
309 75
160 724
615 986
468 171
858 340
887 676
395 541
275 941
360 183
178 559
822 563
795 686
407 475
963 681
522 151
431 674
187 616
413 391
841 243
429 189
641 762
69 388
151 694
301 51
778 757
486 716
383 206
863 385
704 588
239 101
471 80
513 235
410 684
460 322
22 406
521 840
738 871
84 740
912 505
909 323
885 452
532 5
680 149
813 728
672 600
164 448
777 706
609 226
355 736
204 766
466 654
970 464
705 607
749 548
331 212
170 874
124 385
412 306
434 11
223 649
326 652
482 737
436 521
307 183
831 577
77 584
606 60
370 476
544 919
164 621
714 304
826 216
827 694
786 310
620 158
898 659
27 364
592 546
463 223
944 421
586 843
669 175
714 74
36 516
38 478
300 912
794 110
199 160
564 467
345 83
937 659
890 727
89 510
614 252
888 553
525 702
499 853
383 385
363 110
541 68
469 402
516 564
442 780
524 382
328 669
403 760
803 337
364 846
245 662
271 883
874 373
473 904
201 248
766 201
258 390
151 751
159 812
335 353
571 446
90 363
156 228
157 861
425 640
341 746
541 465
401 841
728 648
