1000 2957 10
56 16 44 89 14 89 52 12 86 52 44 20 86 8 52 65 92 18 96 33 22 80 100 60 24 49 83 4 94 25 88 99 79 9 34 50 35 81 34 58 13 52 30 88 27 99 18 60 7 98 78 2 24 92 98 33 61 78 42 39 81 26 20 85 29 76 1 82 88 55 42 24 78 9 51 99 33 35 76 61 47 31 99 64 26 22 59 75 53 65 11 60 2 45 69 31 28 35 62 48 2 26 84 68 83 70 41 100 100 26 34 34 59 56 36 64 24 14 56 48 31 6 95 35 50 89 75 79 32 54 58 92 20 30 52 68 66 28 95 98 27 61 64 95 11 39 27 100 66 7 58 94 80 70 19 73 59 99 84 85 15 16 36 31 6 33 55 70 33 91 63 74 15 5 11 55 18 15 17 86 63 87 66 61 32 94 86 95 28 36 76 11 41 54 85 63 34 16 1 31 98 44 43 91 36 58 89 47 2 92 78 90 99 52 55 7 45 77 71 69 42 1 73 95 13 55 77 27 63 3 1 56 45 23 92 93 28 90 19 30 78 31 62 65 45 75 34 65 48 62 2 17 31 88 18 64 59 21 12 85 84 19 18 92 14 36 95 35 35 94 12 19 94 10 29 23 56 19 84 96 82 91 65 23 66 71 28 68 92 25 41 76 94 40 76 54 42 41 91 70 15 9 57 43 62 53 36 57 27 6 88 54 10 24 68 75 7 7 89 53 97 73 54 78 77 9 7 76 74 39 30 85 9 9 26 14 52 36 13 50 43 30 81 93 62 21 31 65 28 93 16 18 34 89 11 73 10 71 13 53 47 22 30 41 54 63 68 25 33 35 51 96 24 22 78 100 64 85 52 33 44 23 17 43 88 36 12 66 72 15 18 78 61 11 18 90 66 95 26 62 64 70 43 32 78 16 3 80 93 13 75 96 70 58 87 42 29 98 97 53 52 75 97 35 60 73 91 40 34 24 77 67 97 95 57 25 82 72 20 41 99 100 1 75 51 99 54 78 50 59 40 53 25 91 77 98 75 25 59 14 51 51 19 78 99 61 67 72 27 48 38 23 55 18 40 72 14 71 44 24 30 95 43 80 15 34 22 28 3 12 64 31 81 76 94 39 32 67 91 34 80 20 71 25 29 3 48 59 64 10 58 5 56 66 71 18 24 79 33 86 7 31 51 39 55 46 4 1 3 8 49 73 59 3 87 3 96 39 84 99 12 26 36 34 12 26 90 26 61 91 63 77 69 68 14 16 32 46 62 69 94 56 6 72 53 4 29 29 60 47 43 55 58 9 73 72 43 86 34 45 94 41 13 59 1 96 22 95 51 37 74 16 74 71 88 95 15 100 39 37 99 91 37 88 48 86 42 67 92 90 97 63 51 82 43 89 36 73 49 65 14 57 90 53 32 71 5 49 42 89 64 96 27 88 22 15 70 97 61 12 30 92 80 15 11 59 29 2 67 30 96 87 9 99 61 46 89 76 73 76 34 83 100 61 16 76 89 80 98 94 43 95 28 32 30 73 65 77 74 97 96 38 87 15 7 96 95 61 59 95 88 9 18 6 19 71 12 11 37 81 38 16 38 7 86 68 18 23 21 22 75 88 23 66 42 37 29 26 69 26 22 70 58 34 48 39 63 68 78 4 98 59 18 1 57 29 27 24 60 37 55 58 36 75 45 10 29 11 88 98 11 26 49 74 98 66 81 61 94 78 9 33 95 48 83 57 27 80 27 19 98 18 81 63 81 46 4 26 12 78 7 55 68 67 32 55 100 52 52 8 57 91 61 71 64 70 50 63 30 75 29 48 10 93 76 88 31 89 26 23 6 100 41 99 22 66 52 44 76 64 95 40 89 87 59 100 24 1 21 97 99 65 79 65 63 23 25 64 94 84 99 40 69 31 64 82 64 2 24 39 19 65 20 34 68 55 67 55 47 94 81 25 51 94 89 49 61 85 11 27 19 52 82 93 55 65 40 56 92 80 55 26 90 49 89 75 61 71 37 1 99 93 66 23 76 29 71 79 80 59 58 66 48 87 96 75 57 5 75 75 78 57 80 26 91 91 2 78 89 45 91 88 20 50 3 14 13 30 23 57 76 12 71 13 26 86 86 90 90 90 50 17 26 21 82 9 10 28 59 35 7 62 2 42 86 78 15 24 98 29 21 28 70 54 52 6 34 4 87 71 71 11 39 64 96 76 71 55 14 29 7 7 10 12 31 42 60 71 1 44 93 95 11 16 86 12 23 82 32 43
0 43
0 190
0 460
0 506
0 881
0 955
1 109
1 133
1 140
1 206
1 407
1 534
2 92
2 414
2 624
2 720
2 792
3 10
3 136
3 232
3 925
4 90
4 176
4 213
4 604
4 618
5 340
5 777
5 797
5 880
6 175
6 304
6 418
6 776
6 795
6 885
7 95
7 319
7 364
7 410
7 582
8 115
8 246
8 542
8 552
8 584
8 965
9 58
9 353
9 441
9 743
9 814
9 998
10 70
10 136
10 232
10 563
10 711
11 271
11 467
11 650
11 682
11 769
11 831
11 870
12 69
12 198
12 211
12 244
12 348
12 437
12 729
13 240
13 297
13 357
13 391
13 512
13 570
13 773
14 57
14 94
14 216
14 254
14 451
14 793
14 958
15 93
15 214
15 416
15 642
15 694
15 699
15 778
16 306
16 480
16 586
16 654
16 818
17 55
17 152
17 423
17 450
17 699
17 874
18 122
18 360
18 444
18 619
18 657
19 40
19 336
19 516
19 589
19 602
19 947
20 331
20 624
20 650
20 674
20 792
20 831
20 870
21 244
21 285
21 393
21 729
21 837
21 924
22 190
22 235
22 439
22 524
22 575
22 608
22 805
23 189
23 245
23 622
23 855
24 84
24 372
24 604
24 896
24 936
25 283
25 315
25 581
25 791
25 996
26 35
26 89
26 495
26 633
26 727
26 882
27 344
27 355
27 612
27 639
27 770
27 941
27 993
28 107
28 345
28 617
28 755
28 788
29 37
29 183
29 207
29 453
29 457
29 641
29 813
29 910
30 369
30 487
30 677
30 714
30 983
30 995
31 132
31 163
31 193
31 757
31 903
31 948
31 969
32 296
32 324
32 611
32 731
32 850
32 907
33 459
33 467
33 609
33 673
33 822
34 154
34 241
34 362
34 469
34 715
35 89
35 419
35 495
35 498
35 626
36 247
36 261
36 640
36 946
37 183
37 470
37 705
37 710
37 813
37 944
38 202
38 617
38 796
38 806
38 895
38 971
39 294
39 329
39 449
40 291
40 589
40 602
40 749
40 847
41 141
41 224
41 361
41 389
41 544
41 562
41 585
41 883
41 905
42 480
42 518
42 654
42 726
42 836
42 891
42 984
43 190
43 235
43 264
43 637
43 955
44 592
44 659
44 735
44 848
44 877
45 86
45 186
45 220
45 323
45 747
45 829
45 863
46 74
46 316
46 352
46 384
46 432
46 579
46 960
46 978
47 81
47 127
47 142
47 212
47 247
47 979
48 338
48 358
48 516
48 557
48 947
49 82
49 233
49 388
49 595
49 606
49 725
49 787
49 816
50 189
50 551
50 570
50 840
50 963
51 309
51 313
51 507
51 681
51 918
52 460
52 481
52 702
52 862
53 207
53 291
53 390
53 481
53 655
53 847
53 862
53 865
53 910
54 76
54 238
54 860
54 959
54 987
55 152
55 442
55 874
55 966
55 988
56 239
56 356
56 500
56 590
56 592
56 659
56 735
57 174
57 216
57 475
57 958
58 164
58 668
58 743
58 814
59 266
59 299
59 539
59 593
59 666
59 849
60 236
60 239
60 311
60 456
60 508
60 610
60 803
61 270
61 339
61 479
61 572
61 730
62 71
62 145
62 276
62 325
62 522
62 723
62 912
63 159
63 762
63 767
63 819
64 264
64 451
64 499
64 561
64 968
65 260
65 701
65 911
65 952
66 388
66 397
66 461
66 574
66 601
66 652
67 337
67 351
67 486
67 645
67 680
67 779
68 96
68 257
68 305
68 483
68 613
68 686
69 211
69 348
69 379
69 578
69 678
69 957
70 563
70 711
70 754
70 759
70 835
71 91
71 145
71 276
71 308
71 392
72 81
72 118
72 142
72 272
72 798
72 832
73 184
73 249
73 333
73 568
73 644
74 138
74 352
74 385
74 579
74 774
74 801
75 77
75 227
75 436
75 440
75 503
75 573
75 943
76 376
76 798
76 860
76 987
77 92
77 573
77 620
77 943
78 222
78 433
78 628
78 644
78 772
78 802
78 845
78 875
79 80
79 82
79 679
79 816
79 889
80 388
80 679
80 725
80 816
80 843
80 972
81 142
81 212
81 632
81 832
82 606
82 615
82 734
82 816
82 889
83 439
83 608
83 637
83 793
83 968
84 195
84 476
84 604
84 936
85 148
85 221
85 471
85 525
85 540
85 866
86 307
86 386
86 479
86 758
86 829
86 863
87 126
87 151
87 396
87 441
87 744
87 868
88 159
88 395
88 762
88 836
89 514
89 626
89 882
90 149
90 213
90 484
90 618
90 656
90 842
91 145
91 392
91 579
91 978
92 414
92 620
92 792
92 904
92 943
93 370
93 493
93 694
93 699
93 874
94 216
94 451
94 561
94 671
95 260
95 319
95 364
95 431
95 535
95 952
96 256
96 257
96 686
96 938
96 939
97 126
97 315
97 353
97 791
97 868
97 998
98 362
98 374
98 469
98 488
98 545
98 790
99 157
99 196
99 269
99 292
99 616
99 692
99 800
100 105
100 139
100 287
100 402
100 897
101 170
101 256
101 636
101 686
102 223
102 454
102 638
102 743
102 825
103 199
103 427
103 456
103 590
103 591
103 669
103 954
104 124
104 282
104 289
104 498
104 514
104 975
105 204
105 287
105 402
105 448
105 646
106 125
106 230
106 302
106 412
106 445
106 748
106 753
106 985
107 557
107 617
107 755
107 895
108 342
108 393
108 729
108 748
108 753
108 837
109 225
109 275
109 407
109 534
109 964
110 450
110 517
110 614
110 628
110 809
110 845
111 129
111 200
111 719
111 846
111 899
111 902
112 144
112 202
112 387
112 785
112 804
112 807
112 827
113 219
113 298
113 317
113 502
113 549
113 718
113 961
114 198
114 348
114 398
114 531
114 722
114 884
115 288
115 322
115 326
115 542
115 584
115 941
116 223
116 565
116 581
116 664
116 791
116 853
117 157
117 292
117 728
117 756
117 858
118 208
118 332
118 520
118 643
118 798
118 832
119 566
119 583
119 871
119 901
119 953
120 279
120 333
120 415
120 568
120 823
121 178
121 476
121 797
121 838
121 936
122 269
122 360
122 619
122 800
122 892
123 190
123 350
123 465
123 506
123 741
123 834
124 233
124 289
124 498
124 595
125 412
125 445
125 676
125 921
126 441
126 868
126 998
127 212
127 247
127 527
127 859
127 900
128 137
128 367
128 567
128 672
128 685
129 165
129 200
129 541
129 707
129 719
129 742
129 928
130 137
130 226
130 453
130 484
130 641
130 745
131 221
131 312
131 328
131 409
131 471
131 949
132 140
132 163
132 425
132 429
132 675
132 757
132 878
133 140
133 206
133 300
133 309
133 429
133 507
134 194
134 209
134 245
134 290
134 576
134 695
134 963
135 173
135 303
135 630
135 775
135 811
135 897
136 563
136 876
136 893
136 925
137 149
137 484
137 567
137 672
137 745
138 411
138 582
138 774
138 801
139 303
139 402
139 462
139 848
139 897
140 160
140 407
140 429
140 468
140 757
141 417
141 883
141 905
142 272
142 320
142 583
142 979
143 327
143 363
143 494
143 537
143 559
143 691
143 771
144 404
144 555
144 785
144 807
144 932
145 579
145 683
145 723
145 801
146 354
146 391
146 401
146 464
146 982
147 177
147 221
147 310
147 413
147 738
147 866
148 502
148 515
148 525
148 540
148 886
149 484
149 567
149 656
150 158
150 316
150 383
150 501
150 609
150 769
150 940
151 205
151 441
151 744
152 180
152 423
152 780
152 988
153 323
153 616
153 747
153 810
153 854
154 469
154 528
154 533
154 715
154 763
155 237
155 389
155 433
155 594
156 230
156 259
156 273
156 342
156 379
156 596
156 957
157 196
157 292
157 858
157 887
157 970
158 184
158 383
158 501
158 568
158 823
159 395
159 491
159 537
159 762
159 784
159 819
160 175
160 407
160 468
160 909
160 964
161 210
161 277
161 375
161 401
161 551
161 982
162 301
162 337
162 359
162 382
162 673
162 708
162 779
163 248
163 878
163 903
163 992
164 442
164 638
164 668
164 743
164 789
164 988
165 263
165 546
165 560
165 742
165 928
166 187
166 242
166 625
166 780
166 802
166 839
167 469
167 528
167 545
167 581
168 226
168 457
168 641
168 749
168 865
169 371
169 683
169 703
169 723
169 828
169 916
170 246
170 256
170 552
170 636
171 179
171 350
171 452
171 754
171 834
171 835
172 242
172 392
172 432
172 839
172 978
173 303
173 751
173 775
173 848
173 877
174 216
174 243
174 403
174 475
174 758
174 833
175 304
175 548
175 795
175 909
175 964
176 422
176 426
176 604
176 618
176 667
177 221
177 413
177 764
178 558
178 603
178 797
178 838
179 228
179 452
179 470
179 705
179 754
180 242
180 308
180 392
180 780
180 789
180 988
181 199
181 241
181 669
181 696
181 715
182 468
182 536
182 909
182 934
182 969
183 207
183 228
183 705
184 249
184 383
184 554
184 568
184 839
185 293
185 320
185 397
185 446
185 583
185 607
186 220
186 292
186 616
186 747
187 249
187 802
187 839
187 875
188 355
188 526
188 919
188 922
188 956
189 240
189 245
189 622
189 840
189 963
190 235
190 465
190 506
190 805
191 365
191 577
191 665
191 818
191 857
191 906
191 980
192 250
192 398
192 530
192 587
192 635
192 884
193 234
193 412
193 510
193 903
193 948
194 290
194 396
194 695
194 868
195 295
195 476
195 604
195 797
196 310
196 738
196 800
196 970
197 630
197 681
197 811
197 918
197 935
198 348
198 398
198 437
198 530
199 241
199 427
199 539
199 669
200 684
200 707
200 902
201 286
201 524
201 608
201 688
201 793
201 872
202 387
202 785
202 796
202 806
203 354
203 464
203 623
203 698
203 739
203 830
204 332
204 448
204 632
204 646
204 737
204 832
205 441
205 497
205 522
205 703
205 723
205 744
205 828
206 309
206 311
206 534
206 610
207 228
207 330
207 655
207 910
208 643
208 798
208 860
208 913
209 375
209 489
209 576
209 623
209 695
210 551
210 570
210 773
210 982
211 729
211 957
212 448
212 527
212 632
212 706
213 372
213 604
213 842
214 642
214 648
214 694
214 766
215 422
215 426
215 556
215 922
216 243
216 671
216 810
217 231
217 366
217 416
217 420
217 569
217 647
217 808
218 240
218 297
218 689
219 298
219 317
219 812
219 856
220 292
220 369
220 756
220 829
221 328
221 471
221 755
221 764
221 788
221 866
222 433
222 628
222 821
222 967
223 353
223 454
223 743
223 791
223 853
224 466
224 490
224 585
224 905
224 981
225 275
225 311
225 533
225 534
225 669
225 696
225 763
225 795
226 329
226 641
226 745
226 749
227 431
227 440
227 573
227 873
228 330
228 452
228 705
229 487
229 665
229 677
229 750
229 857
229 906
229 942
229 999
230 259
230 342
230 445
230 748
231 416
231 420
231 721
231 888
232 687
232 711
232 925
233 419
233 498
233 595
233 787
234 412
234 510
234 697
234 721
234 782
234 921
235 439
235 637
236 309
236 508
236 610
236 630
236 869
237 333
237 389
237 513
237 594
237 883
238 248
238 690
238 878
238 959
238 987
239 456
239 500
239 508
239 590
240 297
240 512
240 622
240 689
240 840
241 362
241 539
241 715
241 849
242 392
242 780
242 839
243 323
243 758
243 810
243 863
244 250
244 285
244 437
244 485
244 729
245 290
245 855
245 963
246 288
246 552
246 584
246 636
247 571
247 640
247 859
247 946
247 979
248 302
248 690
248 878
248 992
249 644
249 839
249 875
250 437
250 485
250 530
250 587
250 920
251 386
251 403
251 730
251 758
252 462
252 527
252 706
252 900
253 335
253 455
253 490
253 585
253 844
254 286
254 793
254 958
255 406
255 493
255 825
255 966
256 552
256 686
256 938
257 613
257 670
257 939
258 573
258 620
258 852
258 873
258 898
259 318
259 445
259 596
259 647
260 431
260 911
260 952
261 519
261 640
261 859
261 882
261 900
261 946
262 651
262 722
262 761
262 815
262 884
263 267
263 435
263 538
263 546
263 685
263 928
264 460
264 499
264 637
264 702
264 955
264 968
265 284
265 704
265 746
265 896
265 908
266 362
266 529
266 593
266 849
267 435
267 567
267 656
267 685
268 297
268 357
268 529
268 593
268 689
269 619
269 692
269 800
270 339
270 709
270 730
270 980
271 301
271 467
271 673
271 831
272 566
272 583
272 798
273 379
273 596
273 678
274 371
274 410
274 497
274 582
274 830
274 916
275 795
275 964
276 308
276 912
277 375
277 551
277 576
277 963
278 471
278 502
278 540
278 815
278 949
279 415
279 719
279 822
279 823
279 846
280 341
280 414
280 600
280 720
280 904
281 474
281 687
281 711
281 835
281 927
282 289
282 438
282 817
282 975
283 545
283 581
283 790
283 855
283 996
284 372
284 597
284 746
284 842
284 896
285 485
285 679
285 924
285 994
286 793
286 872
286 958
287 646
287 811
287 897
287 935
288 405
288 443
288 584
288 636
288 794
288 941
289 438
289 595
289 606
290 315
290 855
290 868
290 996
291 390
291 428
291 444
291 589
291 847
292 616
292 756
293 380
293 446
293 519
293 607
293 663
293 946
294 329
294 449
294 455
294 672
294 736
294 844
294 989
295 424
295 556
295 604
295 797
296 346
296 611
296 907
296 951
296 973
297 357
297 689
298 502
298 651
298 761
298 812
299 427
299 523
299 539
299 659
299 666
300 313
300 429
300 507
300 675
300 894
301 624
301 673
301 708
301 720
301 831
302 412
302 690
302 985
302 992
303 848
303 897
304 548
304 885
304 923
305 351
305 483
305 645
305 686
305 794
306 365
306 480
306 518
306 649
306 818
307 479
307 714
307 829
307 995
308 392
308 789
308 912
309 507
309 610
309 630
309 918
310 525
310 738
310 866
310 970
311 534
311 610
311 669
311 803
312 328
312 409
312 631
312 850
313 507
313 681
313 799
313 894
314 453
314 597
314 710
314 813
314 890
314 976
315 791
315 868
315 996
316 383
316 384
316 432
316 554
316 940
317 549
317 627
317 716
317 856
317 962
317 974
318 445
318 569
318 647
318 676
319 410
319 926
319 952
319 986
320 571
320 583
320 607
320 979
321 336
321 358
321 455
321 653
321 989
322 326
322 639
322 941
323 747
323 810
323 863
324 631
324 731
324 806
324 850
325 522
325 668
325 789
325 814
325 912
326 542
326 580
326 639
326 929
326 990
327 363
327 491
327 537
327 615
328 345
328 631
328 788
329 449
329 602
329 672
329 745
329 749
330 400
330 452
330 655
331 385
331 503
331 674
331 792
332 520
332 737
332 832
333 415
333 513
333 568
333 594
333 644
334 408
334 511
334 588
334 662
334 684
334 707
334 770
334 993
335 378
335 455
335 478
335 585
335 653
335 971
336 358
336 449
336 516
336 602
336 989
337 351
337 430
337 708
337 779
338 413
338 428
338 557
338 732
338 764
338 947
339 479
339 677
339 709
339 995
340 558
340 603
340 797
340 880
341 381
341 600
341 879
341 904
341 937
342 729
342 748
342 957
343 421
343 563
343 746
343 759
343 890
343 908
343 991
344 355
344 634
344 639
344 700
344 919
345 617
345 631
345 788
346 387
346 492
346 827
346 907
346 973
347 482
347 603
347 621
347 876
347 914
347 925
348 531
348 578
349 485
349 543
349 783
349 920
349 994
350 465
350 474
350 834
350 835
350 927
351 430
351 483
351 645
352 385
352 674
352 960
353 743
353 791
353 998
354 368
354 391
354 464
354 693
354 724
354 830
354 915
355 526
355 919
355 993
356 523
356 590
356 591
356 659
357 593
357 666
358 516
358 557
358 653
358 895
358 971
359 382
359 459
359 673
359 864
360 444
360 841
360 892
360 977
361 562
361 585
361 917
362 374
362 469
362 529
362 849
363 394
363 615
363 712
363 771
364 436
364 535
364 582
364 599
365 649
365 665
365 818
365 997
366 416
366 492
366 713
366 717
366 808
366 820
366 950
367 466
367 546
367 672
367 685
367 736
368 410
368 509
368 724
368 830
368 926
369 714
369 756
369 829
369 983
370 406
370 493
370 648
370 694
370 786
371 497
371 703
371 916
372 604
372 842
372 896
373 499
373 561
373 619
373 657
373 702
374 488
374 529
374 689
375 401
375 464
375 489
375 576
376 566
376 798
376 931
376 987
377 381
377 670
377 879
377 933
377 937
377 938
378 478
378 555
378 585
378 917
379 678
379 957
380 519
380 633
380 663
381 600
381 613
381 670
381 879
382 779
382 864
383 554
384 650
384 682
384 940
384 960
385 503
385 599
385 674
385 774
386 479
386 572
386 730
386 758
387 731
387 806
387 827
387 907
388 574
388 601
388 725
388 787
388 972
389 433
389 544
389 883
390 444
390 862
391 693
391 773
391 930
391 982
392 978
393 658
393 753
393 824
393 837
393 924
394 438
394 615
394 712
394 768
394 817
394 851
395 537
395 559
395 836
395 984
396 695
396 744
396 781
396 868
397 446
397 461
397 583
397 652
397 953
398 530
398 884
399 418
399 528
399 533
399 581
399 664
399 776
400 452
400 655
400 741
400 834
400 881
401 464
401 982
402 448
402 462
402 706
403 730
403 758
403 833
404 555
404 562
404 821
404 917
404 932
405 443
405 486
405 532
405 645
405 794
406 454
406 493
406 786
406 825
406 853
407 964
408 541
408 588
408 707
408 765
409 531
409 578
409 850
409 949
410 509
410 582
410 830
410 926
411 582
411 683
411 801
411 916
412 903
412 921
412 992
413 463
413 732
413 738
413 764
414 720
414 904
415 513
415 560
415 719
415 742
416 642
416 713
416 778
416 888
417 466
417 546
417 560
417 883
417 905
418 664
418 776
418 885
419 495
419 498
419 574
419 787
420 569
420 676
420 721
421 482
421 563
421 621
421 704
421 893
421 908
422 426
422 667
422 752
422 922
422 956
423 450
423 625
423 772
423 780
423 845
424 521
424 556
424 700
424 777
424 797
424 922
425 675
425 860
425 878
425 894
425 913
425 959
426 556
426 604
427 523
427 539
427 954
428 444
428 463
428 589
428 732
428 841
428 947
428 977
429 675
430 483
430 613
430 708
430 720
431 440
431 535
431 852
431 873
431 911
432 554
432 839
432 978
433 544
433 594
433 644
433 821
434 458
434 547
434 661
434 726
434 762
434 836
434 891
435 538
435 598
435 629
435 656
436 440
436 503
436 535
436 599
437 530
438 606
438 817
438 851
439 608
439 637
440 535
441 522
441 814
441 998
442 638
442 966
442 988
443 532
443 612
443 941
444 657
444 862
444 977
445 676
446 495
446 652
446 663
446 727
447 614
447 628
447 660
447 717
447 867
448 632
448 706
449 602
449 989
450 517
450 699
450 845
451 561
451 793
451 968
452 834
453 484
453 597
453 641
453 813
454 825
454 853
455 653
455 844
455 989
456 590
456 669
456 803
457 641
457 865
457 910
458 547
458 661
458 716
458 974
459 564
459 673
459 822
459 864
459 899
459 902
460 481
460 702
460 881
460 955
461 473
461 601
461 953
462 706
462 848
462 900
463 732
463 738
463 841
464 489
464 623
465 496
465 805
465 927
466 546
466 736
466 905
466 981
467 609
467 673
467 769
468 757
468 909
468 969
469 528
469 545
470 705
470 754
470 944
471 540
471 949
472 475
472 730
472 833
472 872
472 958
473 601
473 658
473 901
473 953
473 972
474 835
474 927
475 833
475 958
476 797
476 936
477 550
477 553
477 649
477 665
477 997
477 999
478 555
478 785
478 796
478 971
479 572
479 995
480 518
480 654
481 655
481 862
481 881
482 621
482 876
482 893
483 613
484 597
484 842
485 920
485 994
486 504
486 511
486 532
486 645
486 662
486 680
487 627
487 677
487 942
487 962
487 983
488 622
488 689
488 790
489 623
490 585
490 844
490 981
491 537
491 615
491 734
491 784
492 808
492 827
492 950
492 973
493 874
493 966
494 559
494 586
494 691
494 818
495 574
495 652
495 727
496 687
496 688
496 805
496 927
497 698
497 703
497 739
497 744
497 830
498 514
498 626
499 561
499 702
500 508
500 735
500 751
500 869
501 609
501 822
501 823
502 540
502 761
502 815
502 886
502 961
503 599
503 792
503 943
504 662
504 680
504 733
504 779
504 864
505 690
505 760
505 824
505 901
505 985
506 741
506 881
508 869
509 830
510 782
510 948
511 532
511 612
511 662
511 770
512 570
512 840
513 560
513 883
514 626
514 768
514 975
515 525
515 718
515 886
515 887
515 961
516 947
517 699
517 713
517 740
517 778
517 809
518 550
518 649
518 726
519 633
519 882
519 946
520 643
520 681
520 737
520 799
521 634
521 700
521 777
522 723
522 814
523 591
523 659
523 954
524 575
524 608
524 688
525 866
525 887
525 970
526 588
526 752
526 956
526 993
527 706
527 900
528 533
528 581
529 593
529 689
531 578
531 722
531 815
531 949
532 612
533 763
533 776
533 795
536 548
536 786
536 853
536 909
536 923
536 934
537 559
538 541
538 598
538 765
538 928
539 849
541 707
541 765
541 928
542 580
542 965
543 734
543 783
543 784
543 889
543 994
544 562
544 821
545 581
545 790
546 560
546 685
547 762
547 767
547 856
547 945
547 974
548 909
548 923
549 627
549 718
549 728
549 983
550 553
550 649
550 661
550 726
551 570
551 963
552 965
553 661
553 750
553 861
553 999
554 839
555 785
555 917
556 604
556 922
557 755
557 764
557 895
558 603
558 797
559 586
559 654
559 984
560 742
560 883
561 619
561 671
561 692
561 854
562 821
562 917
563 759
563 893
564 822
564 846
564 899
565 664
565 853
565 885
565 923
566 583
566 798
566 871
566 931
567 656
567 685
568 823
569 647
569 676
570 773
570 840
571 607
571 946
571 979
572 730
573 620
573 873
574 652
574 787
575 688
575 805
576 963
577 677
577 709
577 906
577 980
578 611
578 678
578 850
578 951
579 801
579 978
580 880
580 965
580 990
581 664
581 791
582 599
582 774
582 916
583 953
585 917
586 654
586 818
587 635
587 767
587 920
587 945
588 752
588 765
588 993
589 947
590 591
591 954
592 659
592 735
593 666
594 644
595 606
596 647
596 678
597 746
597 842
597 976
598 629
598 667
598 752
598 765
599 774
600 613
600 720
601 972
602 749
603 826
603 838
603 914
605 724
605 915
605 926
605 930
605 986
606 615
606 851
607 946
608 793
609 769
609 822
611 850
611 951
612 770
612 941
613 670
613 720
614 628
614 717
614 740
614 809
614 820
615 734
615 851
616 692
616 747
616 854
617 631
617 806
617 895
618 629
618 656
618 667
619 657
619 692
620 898
620 904
620 933
621 704
621 914
622 689
622 790
622 855
623 695
623 739
623 781
624 720
624 792
624 831
625 772
625 780
625 802
627 962
627 983
628 660
628 845
628 932
628 967
629 656
629 667
630 775
630 811
630 869
630 918
631 806
631 850
632 832
633 663
633 727
633 882
634 639
634 700
634 777
634 880
634 929
635 651
635 884
635 945
636 686
636 794
637 968
638 743
638 825
638 966
639 929
639 941
640 859
642 766
642 782
642 888
643 799
643 913
644 875
645 794
646 737
646 935
647 678
647 808
647 951
647 973
648 694
648 766
648 786
648 934
648 969
649 997
650 674
650 682
650 870
650 960
651 761
651 812
651 884
651 945
653 971
654 984
655 881
657 702
657 862
658 824
658 843
658 901
658 924
658 972
660 807
660 867
660 932
661 716
661 726
661 861
662 684
662 733
663 727
664 885
665 857
665 997
665 999
667 752
668 789
668 814
669 696
669 803
670 938
670 939
671 810
671 854
672 736
672 745
674 960
675 894
676 697
676 721
676 921
677 709
677 906
677 995
678 951
679 843
679 889
679 924
679 994
680 779
681 737
681 799
681 918
681 935
682 769
682 940
683 723
683 801
683 916
684 707
684 733
684 902
686 794
687 688
687 711
687 925
687 927
688 805
690 760
690 931
690 985
690 987
691 768
691 771
691 818
692 854
693 915
693 930
695 781
696 715
696 763
697 721
697 921
698 739
698 830
699 778
699 874
700 919
700 922
701 852
701 911
701 930
701 952
702 862
703 828
704 826
704 896
704 908
704 914
708 720
709 980
710 813
710 890
710 944
711 835
712 768
712 771
713 740
713 778
713 820
714 829
714 995
715 763
716 861
716 942
716 962
716 974
717 820
717 867
717 950
718 728
718 887
718 961
719 742
719 846
721 782
721 888
722 815
722 884
723 828
724 915
724 926
725 816
726 891
728 756
728 858
728 887
728 983
729 837
729 957
730 833
730 872
731 806
731 907
733 864
733 902
734 784
734 889
735 751
735 877
736 844
736 981
737 935
738 800
738 841
738 892
739 744
739 781
740 809
740 820
741 834
741 881
744 781
746 908
746 976
746 991
748 753
749 847
749 865
750 861
750 942
750 999
751 775
751 869
751 877
752 765
752 956
753 824
753 985
754 759
754 835
754 944
755 764
755 788
756 983
757 969
758 863
759 890
759 944
760 871
760 901
760 931
761 815
762 767
762 836
766 782
766 948
766 969
767 819
767 920
767 945
768 771
768 817
768 975
769 940
770 993
772 802
772 845
773 982
775 869
776 795
777 797
777 880
779 864
782 888
782 948
783 784
783 920
784 819
784 920
785 796
786 853
786 934
789 912
789 988
790 855
792 943
793 968
795 964
796 971
798 860
799 894
799 913
800 892
802 875
804 807
804 827
804 867
804 950
807 867
807 932
808 973
810 854
811 897
811 935
812 856
812 945
815 949
817 975
819 920
821 932
821 967
822 823
822 846
824 901
824 985
825 966
826 838
826 896
826 914
827 950
831 870
836 891
836 984
838 896
838 936
841 892
841 977
843 924
843 972
844 981
846 899
847 865
848 877
852 873
852 898
852 911
852 933
853 923
855 996
856 945
856 974
857 906
858 887
859 900
860 913
860 959
861 942
864 902
865 910
867 950
871 901
871 931
872 958
874 966
876 893
876 925
878 959
879 937
880 929
880 990
885 923
886 961
887 970
889 994
890 944
890 976
890 991
894 913
895 971
896 936
898 933
899 902
901 953
903 992
904 933
904 937
915 930
919 922
922 956
926 986
929 990
930 952
930 986
931 987
932 967
933 937
934 969
938 939
942 962
948 969
951 973
952 986
976 991
190 260
817 582
365 890
30 390
166 557
56 636
760 656
506 914
114 794
636 725
53 392
374 792
617 296
792 905
245 156
605 546
624 44
554 629
301 275
319 376
395 835
668 291
143 212
748 826
106 544
715 748
880 213
178 710
427 354
185 407
429 105
743 511
503 387
349 754
818 725
851 185
914 302
149 401
443 414
302 439
276 360
387 543
599 86
197 231
993 560
350 130
464 779
908 365
355 362
760 196
758 873
858 523
245 286
232 346
790 425
557 644
961 597
267 124
620 720
896 768
889 593
360 31
564 771
621 162
243 202
484 985
808 261
247 779
236 866
600 342
74 379
530 749
880 389
411 656
476 819
427 909
806 413
401 919
472 615
726 226
737 242
901 387
732 196
192 192
109 566
443 251
346 95
642 811
618 119
886 191
177 536
517 758
384 908
622 584
268 161
496 936
200 888
668 762
795 772
353 197
948 461
161 841
645 674
924 654
804 147
933 454
690 372
406 371
678 338
815 614
531 591
296 699
462 470
486 195
561 264
128 768
691 695
394 173
851 440
809 354
363 659
54 578
316 241
138 281
802 174
666 431
654 796
938 351
272 518
291 650
213 462
472 306
784 508
815 562
711 850
931 508
37 418
238 497
494 826
992 466
783 557
343 551
882 360
678 85
450 506
530 787
667 937
404 267
456 242
217 527
400 736
623 812
544 658
322 159
817 708
403 581
625 372
403 200
391 685
640 156
770 596
712 909
298 786
754 449
590 696
292 611
488 669
782 731
242 412
568 824
148 831
135 354
482 724
961 510
278 111
761 613
175 578
406 292
41 593
141 368
531 683
881 697
723 580
172 388
416 678
860 290
364 162
466 663
158 665
761 846
167 242
506 11
585 237
720 483
681 819
108 588
372 229
893 500
574 275
897 705
281 695
157 145
450 437
638 892
902 433
605 809
842 579
198 359
832 438
695 874
758 915
628 323
927 380
139 539
652 544
153 627
275 139
582 474
832 847
506 173
373 134
443 287
452 565
664 683
352 518
829 655
248 431
436 942
176 363
488 47
650 378
610 489
24 369
801 191
689 476
161 217
893 561
380 596
774 424
934 602
813 867
851 727
500 689
298 127
635 275
727 829
139 799
909 327
751 424
430 663
611 248
322 68
976 395
358 477
217 146
633 632
164 864
235 883
394 965
623 405
475 968
936 275
527 242
265 588
232 225
87 498
874 777
236 550
864 817
325 220
382 15
340 792
854 369
608 373
558 872
805 634
545 736
718 887
490 276
343 671
332 900
66 320
795 132
737 754
106 501
668 262
195 123
925 474
161 781
784 157
694 810
285 331
377 171
883 280
309 453
115 607
532 412
849 843
509 202
943 722
822 520
330 810
727 390
956 494
740 634
229 826
603 25
375 97
537 723
867 542
400 237
852 604
474 332
846 496
153 443
689 770
428 741
490 150
624 427
539 939
875 323
345 424
136 740
323 123
486 373
577 736
115 749
683 109
452 337
274 440
182 349
417 843
884 439
382 628
227 691
381 467
328 409
274 796
368 329
387 62
32 641
316 925
645 352
91 446
132 698
442 350
511 423
7 503
558 286
645 221
106 311
255 820
456 805
658 733
625 933
164 685
969 625
881 817
361 398
304 760
315 281
388 522
836 758
701 94
485 900
555 19
546 516
288 517
589 933
405 124
656 587
571 855
121 532
267 231
818 778
701 896
806 392
278 947
405 481
610 355
903 250
289 911
291 769
425 715
423 778
457 845
340 70
490 430
777 233
401 566
276 311
663 972
511 724
705 310
727 115
632 105
655 833
841 277
577 258
760 691
162 319
699 919
985 431
279 89
434 516
206 789
654 627
800 596
237 650
501 329
564 905
528 833
705 433
373 284
347 894
351 632
594 516
328 557
746 672
838 203
625 460
58 470
177 630
517 634
115 624
803 470
159 602
934 691
325 313
805 533
271 831
466 952
464 722
429 589
570 120
229 564
452 907
605 277
766 129
165 202
449 923
630 773
600 665
181 767
297 295
652 409
850 252
505 526
933 398
310 426
540 615
241 187
149 336
184 440
669 647
358 448
905 630
225 403
560 135
322 733
230 267
791 293
988 415
357 285
663 909
121 268
314 515
364 768
733 552
800 733
133 385
461 287
244 94
780 304
80 313
256 106
82 574
530 48
423 454
371 68
608 48
217 306
26 464
252 846
184 509
640 238
233 757
457 97
788 795
681 881
349 491
690 151
533 466
631 612
663 50
854 219
79 269
600 860
820 171
250 223
934 578
374 701
489 239
439 873
259 746
753 359
168 272
840 518
913 580
582 910
690 496
215 733
789 881
355 605
832 131
448 203
342 379
564 570
579 63
917 257
872 460
99 646
592 776
960 671
131 178
419 230
192 662
960 376
771 707
851 793
593 261
537 286
207 756
802 688
835 610
467 924
712 625
652 104
234 593
906 720
473 263
259 644
105 763
667 212
410 552
769 754
295 557
569 159
729 623
461 164
547 68
737 893
120 819
523 75
446 716
422 479
130 616
385 353
28 610
658 85
329 603
272 215
411 526
66 419
335 704
714 661
827 370
244 537
394 669
623 443
772 896
891 331
352 53
415 946
820 228
125 219
710 871
430 13
538 349
500 776
68 745
750 718
511 881
845 334
135 783
373 511
648 59
585 205
216 663
312 347
951 627
960 645
981 583
890 796
408 615
773 181
609 393
137 480
221 584
466 867
318 908
785 271
308 407
9 544
132 567
577 962
759 159
883 299
151 171
377 745
865 584
525 369
193 749
267 858
529 549
714 135
352 173
442 374
181 558
295 229
382 951
30 483
771 807
665 877
355 840
490 650
852 160
472 139
473 547
212 566
895 526
471 357
913 398
895 231
77 688
573 215
155 805
203 210
623 665
134 720
933 307
231 425
647 520
843 457
421 639
230 797
911 462
594 412
673 573
555 40
400 796
532 217
829 245
367 435
622 65
189 330
223 542
286 277
725 308
986 606
488 522
527 93
237 728
879 245
726 677
514 26
908 782
191 574
595 720
882 660
261 903
285 160
275 473
329 775
428 822
799 498
651 445
435 42
590 383
700 249
249 760
867 483
402 774
538 821
267 707
276 551
204 827
40 306
100 207
831 819
749 384
696 45
313 204
626 976
632 564
672 834
869 685
678 462
619 881
584 585
108 663
498 998
251 250
583 841
63 505
155 383
955 392
265 688
298 810
406 31
138 420
64 350
723 90
569 530
393 101
839 712
499 117
525 511
462 190
322 659
333 849
652 475
538 255
582 801
593 951
758 218
573 78
864 234
431 164
644 315
315 46
484 400
355 308
274 734
689 181
968 563
311 479
889 464
368 244
628 862
546 556
153 292
317 636
638 708
635 839
262 458
110 485
339 143
666 359
263 404
494 74
956 537
194 633
697 349
111 377
418 334
398 142
747 533
314 85
87 417
775 363
508 236
610 150
837 685
403 315
220 625
672 527
602 175
760 75
388 756
200 717
714 73
490 622
774 912
473 852
933 535
776 667
71 643
588 542
271 777
515 673
653 853
666 508
648 204
653 184
437 463
674 597
805 211
434 337
557 705
763 781
688 725
403 868
203 177
204 805
798 650
432 437
56 613
830 412
842 473
337 235
511 811
474 648
891 624
493 481
119 238
459 400
468 508
555 461
539 570
303 143
919 497
524 190
154 427
601 735
510 270
740 213
778 93
640 26
640 175
548 536
431 544
350 702
373 681
730 335
637 649
31 535
499 467
585 819
380 113
598 898
363 826
892 417
262 92
137 309
84 348
596 105
678 314
39 557
467 683
774 871
340 272
141 523
736 260
343 476
504 616
328 685
257 362
998 515
867 754
507 355
749 134
441 993
689 645
305 175
729 790
529 174
485 30
412 184
940 328
815 443
500 90
265 294
329 106
291 747
239 370
414 251
503 505
673 804
920 551
383 815
794 364
205 105
423 967
595 608
455 648
10 438
983 527
769 447
296 945
51 699
191 285
899 206
362 587
558 227
732 653
467 223
429 191
642 503
699 210
118 434
582 94
336 257
38 435
814 481
400 392
80 517
949 476
375 976
313 711
978 373
762 326
288 728
736 456
347 940
341 534
469 18
499 403
73 471
740 598
221 368
463 990
561 736
824 456
26 510
601 969
541 853
406 511
878 523
143 685
630 201
684 445
152 646
721 639
713 281
10 414
563 949
84 294
277 619
63 712
515 996
793 381
465 525
352 977
689 587
897 479
88 554
316 962
238 923
244 904
416 751
166 748
479 92
412 905
119 411
575 184
898 295
329 362
690 512
495 292
516 496
573 398
509 978
798 308
944 667
208 242
183 649
633 339
234 125
793 447
439 803
472 203
481 119
732 867
783 609
98 790
609 643
454 550
216 199
714 544
407 215
407 422
759 261
549 424
547 153
813 118
128 466
314 296
488 759
893 347
409 13
327 491
699 944
433 125
617 80
712 366
554 962
790 398
560 666
328 427
64 730
113 451
733 431
200 697
685 235
393 76
714 766
540 34
649 755
511 51
