1000 2957 10
33 7 84 71 21 75 51 4 70 23 15 97 82 64 68 42 79 80 92 64 75 28 55 100 35 30 90 68 92 12 73 59 60 47 59 97 86 53 21 18 37 17 26 75 66 33 72 38 59 46 19 93 37 46 4 78 31 74 69 92 45 53 86 2 60 37 39 19 4 9 98 78 96 41 100 57 78 72 62 80 71 57 9 4 100 2 86 84 24 11 92 31 74 17 16 73 73 79 32 73 36 89 29 88 32 70 45 9 75 93 81 52 56 54 3 17 49 73 18 39 71 2 11 53 12 66 44 94 41 96 74 93 58 41 18 63 71 72 13 27 2 53 10 91 5 29 77 14 81 50 62 43 16 66 59 60 62 28 48 12 2 57 99 76 26 70 51 38 9 28 76 9 16 90 59 11 5 85 98 20 100 61 46 58 34 78 96 75 35 96 62 58 98 48 46 4 77 79 51 17 1 19 13 8 48 40 79 63 85 73 23 4 29 40 43 52 50 6 50 62 53 90 29 60 36 71 95 79 68 22 48 92 37 45 96 83 81 74 84 24 83 38 9 71 56 94 70 19 97 40 24 65 5 30 84 67 51 53 44 61 71 11 56 76 53 96 17 3 21 73 59 29 5 94 70 11 26 75 80 98 25 77 21 3 45 100 81 58 69 89 25 10 80 58 32 69 69 16 45 56 54 49 26 37 5 45 8 14 48 5 23 50 22 67 58 98 36 58 33 27 72 66 36 77 67 78 36 41 30 76 7 16 89 52 72 4 23 8 75 72 75 60 82 47 86 37 57 94 1 88 85 80 87 56 77 72 48 72 87 46 18 63 6 40 2 72 10 35 16 81 67 87 55 67 50 18 20 69 68 28 58 63 92 92 71 22 3 18 96 90 62 63 65 86 92 68 85 64 25 67 9 94 49 4 18 56 93 55 90 46 85 39 80 83 81 68 83 89 80 100 26 48 90 56 55 74 18 89 30 19 95 37 67 37 63 2 15 82 72 3 86 9 17 45 89 92 32 32 90 8 10 6 89 9 82 29 22 55 55 51 41 14 44 14 20 15 30 76 65 59 5 27 64 89 25 12 43 47 83 44 53 5 40 57 26 35 35 10 89 45 28 89 46 3 81 45 53 3 14 71 3 14 16 49 12 63 78 45 48 33 14 17 23 30 34 15 63 6 18 60 76 95 93 12 33 10 51 96 27 35 91 7 72 81 19 47 45 10 23 80 87 72 16 23 51 35 16 92 3 52 81 64 92 40 58 98 88 20 70 88 92 50 68 29 60 88 39 62 60 60 70 100 85 82 99 15 13 86 87 68 70 71 32 88 34 52 17 68 1 62 34 90 68 67 98 8 25 88 13 18 5 69 69 8 68 44 30 13 7 84 8 14 42 51 47 39 73 23 29 35 90 6 65 45 34 3 31 57 82 42 77 23 18 42 19 95 23 58 48 50 54 34 7 87 96 21 60 36 15 40 10 19 23 39 68 26 23 29 6 46 52 64 72 71 60 80 70 85 15 25 49 10 69 26 26 24 22 28 3 94 28 21 98 15 71 77 83 1 56 26 54 65 48 65 84 78 53 28 84 72 77 80 28 58 2 72 80 12 25 62 81 64 43 52 57 52 12 59 68 39 65 15 19 88 30 65 57 64 64 58 71 60 36 56 35 42 46 55 68 38 72 89 50 9 39 82 38 90 44 8 9 62 59 43 34 13 54 43 61 35 2 44 66 70 3 43 90 58 92 31 23 1 92 75 27 36 7 18 51 31 42 55 48 25 18 74 98 99 96 51 13 60 96 46 8 90 3 43 91 95 89 1 91 9 61 66 60 89 22 51 42 4 60 25 79 12 24 48 40 71 44 66 84 56 77 32 88 21 65 14 21 25 82 13 85 90 69 6 93 63 16 11 32 73 32 26 39 86 10 15 27 36 21 82 63 61 42 33 59 73 94 45 9 26 52 10 15 34 99 39 80 69 40 34 74 59 75 73 92 37 29 12 37 70 86 53 80 60 40 7 72 32 87 12 8 51 47 99 48 57 19 93 55 70 24 50 71 96 88 83 29 6 94 3 33 7 75 42 26 94 81 65 1 84 24 80 43 76 27 56 65 99 4 87 27 27 49 59 19 68 90 5 11 70 100 55 7 70 71 20 24 76 49 4 17 28 71 66 7 99 61 62 14 27 99 85 95 53 10 23 39 49 85 72 18 32 92 100 38 59 38 10 1 3 76 33 66 25 36 77 13 59 13 78 22 54 77 33 50 89
0 98
0 153
0 273
0 301
0 740
0 925
1 44
1 124
1 307
1 366
1 411
1 504
1 743
1 826
1 903
2 63
2 95
2 389
2 823
2 973
3 52
3 58
3 466
3 644
3 917
3 930
4 342
4 493
4 610
4 681
4 768
4 789
5 101
5 257
5 266
5 444
5 753
6 37
6 242
6 435
6 474
6 918
6 935
7 197
7 251
7 548
7 874
7 983
8 35
8 110
8 204
8 684
8 695
8 999
9 215
9 234
9 244
9 326
9 432
9 985
10 67
10 241
10 259
10 306
10 443
10 703
10 955
11 24
11 231
11 452
11 603
11 695
11 963
11 973
12 122
12 244
12 326
12 509
13 20
13 176
13 572
13 590
13 856
13 990
14 137
14 180
14 345
14 437
14 597
14 769
14 862
14 948
15 115
15 347
15 404
15 653
15 986
16 133
16 242
16 252
16 337
16 435
16 685
16 891
17 77
17 321
17 333
17 553
17 701
17 729
18 96
18 106
18 144
18 292
18 688
18 831
19 303
19 577
19 589
19 760
20 263
20 298
20 381
20 590
20 990
21 41
21 406
21 471
21 516
21 780
22 67
22 91
22 604
22 618
22 879
23 372
23 493
23 560
23 681
23 855
23 906
24 35
24 142
24 270
24 603
24 695
25 68
25 262
25 746
25 750
25 799
25 832
25 844
26 208
26 214
26 422
26 648
26 786
27 98
27 280
27 410
27 739
27 767
27 949
28 117
28 289
28 315
28 934
29 220
29 352
29 503
29 609
29 730
29 737
29 893
30 184
30 549
30 608
30 612
30 827
31 112
31 191
31 296
31 471
31 516
31 938
31 999
32 51
32 138
32 174
32 403
32 640
32 781
32 845
32 869
33 102
33 299
33 399
33 420
33 782
34 54
34 555
34 577
34 664
34 760
34 944
35 142
35 684
35 695
36 73
36 291
36 673
36 783
36 846
36 947
37 242
37 364
37 474
38 344
38 547
38 551
38 950
38 971
39 174
39 378
39 742
39 820
39 845
39 923
39 939
40 96
40 578
40 611
40 970
40 980
41 204
41 471
41 780
41 963
42 51
42 275
42 403
42 459
42 465
42 568
42 925
43 178
43 187
43 419
43 730
43 890
43 893
44 239
44 411
44 639
44 826
45 72
45 119
45 224
45 392
45 492
45 502
45 719
46 371
46 378
46 413
46 491
46 672
46 742
47 167
47 464
47 472
47 616
47 754
47 904
47 996
48 135
48 171
48 258
48 314
48 522
48 907
49 57
49 83
49 305
49 502
49 520
49 574
50 260
50 277
50 426
50 433
50 586
50 690
51 138
51 275
51 403
51 976
52 466
52 691
52 742
52 917
52 939
53 167
53 498
53 519
53 628
53 761
53 914
54 60
54 431
54 555
54 562
54 760
55 123
55 269
55 421
55 697
55 864
56 313
56 476
56 641
56 751
56 784
56 938
57 177
57 520
57 574
58 355
58 466
58 644
59 361
59 379
59 560
59 653
59 710
59 885
59 933
59 953
60 107
60 562
60 589
60 758
60 760
61 88
61 278
61 525
61 679
61 857
61 865
62 160
62 383
62 486
62 550
62 698
62 741
62 839
63 65
63 389
63 664
63 823
63 944
64 301
64 323
64 459
64 532
64 713
64 717
64 925
64 942
65 389
65 461
65 555
65 571
65 780
65 944
66 94
66 161
66 223
66 343
66 467
67 91
67 259
67 703
67 879
68 134
68 750
68 816
68 832
69 303
69 524
69 622
69 670
69 806
70 103
70 226
70 334
70 545
70 817
71 118
71 321
71 338
71 815
71 842
71 854
71 905
72 277
72 392
72 433
72 502
72 520
73 580
73 655
73 673
73 763
73 846
74 90
74 92
74 157
74 409
74 435
74 918
75 141
75 168
75 268
75 493
75 768
75 906
76 112
76 185
76 222
76 663
76 811
77 207
77 333
77 448
77 729
77 809
78 113
78 526
78 913
78 937
78 950
79 93
79 265
79 311
79 592
79 600
80 103
80 334
80 558
80 687
80 772
80 968
81 117
81 181
81 225
81 233
81 289
81 835
82 129
82 277
82 392
82 527
82 719
83 305
83 365
83 408
83 492
83 502
84 309
84 335
84 360
84 479
84 617
84 972
85 236
85 508
85 511
85 592
85 650
85 801
85 915
86 162
86 295
86 651
86 714
86 757
86 902
87 192
87 261
87 440
87 451
87 519
87 910
88 424
88 475
88 512
88 689
88 735
88 857
88 865
89 477
89 581
89 607
89 729
89 905
90 92
90 157
90 723
90 812
91 539
91 618
91 703
91 773
92 362
92 409
92 727
92 812
93 126
93 176
93 265
93 298
93 304
93 311
93 382
93 572
94 161
94 187
94 343
94 510
94 543
94 849
94 890
95 452
95 622
95 636
95 823
95 859
95 973
96 292
96 611
96 708
96 831
96 970
97 158
97 469
97 647
97 805
97 877
98 153
98 273
98 739
98 949
99 300
99 369
99 736
99 967
100 145
100 194
100 217
100 283
100 743
101 178
101 179
101 257
101 753
102 399
102 420
102 883
103 317
103 334
103 545
103 772
104 315
104 358
104 365
104 881
104 934
105 111
105 261
105 351
105 360
105 824
106 271
106 292
106 688
106 786
106 993
107 441
107 589
107 758
108 155
108 529
108 591
108 887
108 911
109 127
109 237
109 243
109 755
109 767
109 776
110 296
110 684
110 793
110 803
110 999
111 165
111 360
111 617
111 824
112 185
112 516
112 663
112 938
113 143
113 410
113 660
113 872
113 913
113 937
114 306
114 533
114 584
114 851
114 955
115 249
115 347
115 412
115 458
115 587
115 888
115 986
116 256
116 299
116 424
116 689
116 722
116 782
116 863
117 164
117 225
117 227
117 241
117 289
117 315
118 585
118 842
118 870
118 905
119 224
119 358
119 492
119 861
120 345
120 437
120 544
120 588
120 633
120 716
120 924
121 166
121 302
121 463
121 533
121 851
122 234
122 326
122 509
122 668
122 804
122 998
123 300
123 369
123 421
123 497
123 697
123 819
123 868
124 307
124 318
124 834
124 903
125 152
125 274
125 724
125 765
125 836
126 263
126 298
126 382
126 490
126 601
127 237
127 317
127 687
127 776
128 148
128 421
128 501
128 583
128 762
128 864
128 904
129 293
129 527
129 719
129 833
130 222
130 602
130 720
130 805
130 896
131 182
131 197
131 336
131 447
131 647
131 805
132 203
132 319
132 328
132 490
132 513
132 537
132 601
133 170
133 252
133 468
133 685
134 155
134 800
134 816
134 832
135 171
135 480
135 907
136 209
136 242
136 364
136 506
136 540
136 931
137 206
137 396
137 597
137 853
137 862
138 355
138 640
138 976
139 151
139 235
139 394
139 446
139 787
139 847
139 873
140 190
140 328
140 490
140 565
140 566
140 992
140 994
141 168
141 438
141 599
141 665
141 768
141 778
141 919
142 270
142 684
142 793
143 280
143 410
143 872
144 232
144 240
144 688
144 831
144 860
145 217
145 743
145 777
145 932
146 653
146 909
146 933
146 954
146 986
147 231
147 603
147 614
147 700
147 779
148 229
148 616
148 864
148 904
149 284
149 331
149 385
149 464
149 472
149 473
149 483
149 875
150 218
150 279
150 521
150 819
150 863
150 868
151 281
151 446
151 705
151 787
152 274
152 606
152 836
153 445
153 699
153 740
153 949
154 158
154 182
154 244
154 505
154 509
154 704
155 564
155 800
155 816
155 887
155 911
156 193
156 556
156 850
156 867
156 909
156 954
157 682
157 723
157 918
158 182
158 505
158 647
158 733
158 877
159 172
159 540
159 895
159 931
160 286
160 339
160 462
160 550
160 659
160 698
161 467
161 756
161 759
161 849
162 211
162 217
162 651
162 748
162 757
162 777
163 179
163 196
163 563
163 662
163 808
163 822
164 227
164 241
164 306
165 370
165 549
165 617
165 656
165 824
165 827
166 267
166 327
166 463
166 482
166 533
166 848
167 290
167 519
167 628
167 754
167 996
168 268
168 599
168 850
168 954
169 188
169 446
169 498
169 677
169 705
169 894
169 984
170 186
170 252
170 468
170 945
170 981
171 258
171 433
171 480
171 520
171 541
172 356
172 430
172 540
172 722
172 895
172 964
173 225
173 227
173 507
173 645
173 657
173 946
174 781
174 845
174 923
175 415
175 574
175 626
175 652
175 709
176 298
176 572
176 990
177 285
177 480
177 520
177 574
177 709
177 907
178 179
178 223
178 398
178 419
178 557
178 753
178 807
178 808
178 890
179 257
179 808
179 822
180 676
180 769
180 790
180 814
180 862
181 225
181 674
181 835
181 946
182 197
182 647
182 704
183 199
183 635
183 706
183 979
184 359
184 450
184 608
184 612
184 789
184 840
185 222
185 406
185 516
185 720
186 252
186 288
186 337
186 427
186 945
186 975
187 543
187 609
187 730
187 890
187 958
188 569
188 677
188 894
188 962
189 330
189 484
189 606
189 836
190 294
190 566
190 802
190 994
191 296
191 442
191 476
191 938
192 290
192 440
192 519
192 613
192 770
193 556
193 587
193 686
193 888
193 909
194 217
194 283
194 387
194 499
194 702
194 748
195 245
195 676
195 790
195 800
195 814
195 997
196 557
196 563
196 641
196 751
196 808
197 447
197 704
197 810
197 874
197 983
198 215
198 246
198 432
198 536
198 666
198 696
199 489
199 635
199 638
199 706
199 852
200 235
200 316
200 342
200 438
200 610
200 847
201 324
201 445
201 949
202 322
202 377
202 637
202 756
202 759
203 319
203 328
203 388
203 565
204 471
204 695
204 963
204 999
205 341
205 354
205 427
205 662
205 945
206 276
206 396
206 597
206 773
206 882
207 233
207 291
207 448
207 528
207 809
207 922
208 422
208 434
208 517
208 648
208 749
208 929
209 242
209 627
209 685
209 931
210 327
210 463
210 564
210 746
210 750
211 447
211 499
211 651
211 748
211 810
212 262
212 423
212 771
212 832
212 957
213 224
213 310
213 393
213 719
213 833
213 842
214 648
214 683
214 690
214 786
215 432
215 495
215 696
215 878
215 985
216 236
216 367
216 511
216 634
216 892
216 898
216 946
217 748
217 777
218 356
218 376
218 521
218 868
219 341
219 418
219 552
219 747
219 822
219 951
219 959
220 295
220 352
220 602
220 714
220 737
221 310
221 393
221 795
221 815
221 854
222 602
222 720
222 811
223 343
223 467
223 744
223 807
223 890
224 719
224 842
224 861
224 870
225 227
225 946
226 545
226 661
226 738
226 813
226 817
227 306
227 584
227 645
228 593
228 619
228 702
228 872
228 936
228 937
229 269
229 368
229 616
229 754
229 864
230 547
230 551
230 580
230 644
230 655
230 930
231 452
231 603
231 670
231 779
231 859
232 680
232 831
232 860
232 901
232 977
233 289
233 448
233 818
233 835
233 922
234 326
234 330
234 668
234 968
234 985
235 610
235 847
235 873
236 511
236 915
236 946
237 687
237 755
237 998
238 288
238 449
238 488
238 975
239 411
239 553
239 639
239 701
240 546
240 583
240 615
240 625
240 688
240 762
240 860
241 259
241 306
241 315
241 500
241 908
242 364
242 435
242 685
243 280
243 350
243 755
243 767
244 326
244 432
244 505
244 509
245 529
245 582
245 790
245 800
246 272
246 536
246 666
246 712
247 454
247 486
247 522
247 596
247 741
248 364
248 474
248 567
248 658
248 707
248 935
249 412
249 458
249 588
249 924
250 371
250 378
250 496
250 590
250 717
251 548
251 731
251 755
251 804
251 983
251 998
252 337
253 346
253 544
253 623
253 632
253 774
253 940
253 966
254 347
254 391
254 412
254 953
254 988
254 997
255 279
255 436
255 512
255 605
255 697
255 735
255 863
256 299
256 329
256 399
256 475
256 689
257 444
257 747
257 822
258 314
258 517
258 541
258 648
258 876
259 879
259 908
260 433
260 541
260 648
260 690
261 309
261 351
261 451
261 824
261 871
261 889
261 910
262 832
262 844
262 957
263 298
263 381
263 513
263 601
264 418
264 680
264 785
264 821
264 837
264 886
265 382
265 600
266 398
266 400
266 444
266 643
266 753
266 788
267 327
267 482
267 671
267 764
268 621
268 906
268 933
268 954
269 368
269 436
269 605
269 697
269 864
270 603
270 793
270 943
270 987
271 414
271 422
271 749
271 786
271 798
271 993
272 431
272 562
272 666
272 712
273 275
273 739
273 925
274 297
274 606
274 817
275 739
275 792
275 925
275 976
276 618
276 773
276 882
276 966
277 392
277 426
277 433
277 527
278 525
278 679
278 928
278 941
278 991
279 697
279 819
279 863
280 350
280 410
280 767
280 872
281 339
281 462
281 705
281 787
281 961
282 429
282 489
282 638
282 987
283 504
283 619
283 702
283 743
284 286
284 331
284 483
284 569
284 659
285 349
285 353
285 561
285 652
285 709
285 830
285 907
286 331
286 434
286 455
286 659
286 698
286 929
287 391
287 716
287 924
287 988
288 337
288 402
288 488
288 891
288 975
289 818
289 934
290 519
290 642
290 754
290 770
291 528
291 673
291 809
291 947
292 515
292 786
292 970
293 310
293 322
293 426
293 527
293 795
293 833
294 367
294 407
294 566
294 634
294 802
294 974
295 352
295 609
295 714
295 757
296 442
296 803
296 999
297 334
297 606
297 791
297 817
298 990
299 399
299 782
300 369
300 376
300 736
300 868
300 895
301 713
301 740
301 925
302 463
302 531
302 734
302 851
302 965
303 577
303 589
303 622
303 636
303 806
304 311
304 534
304 572
304 595
305 365
305 494
305 574
305 626
306 584
306 955
307 318
307 504
307 619
308 362
308 402
308 409
308 488
308 727
308 841
309 351
309 360
309 451
309 479
310 393
310 795
310 833
311 534
311 592
311 646
311 752
312 384
312 395
312 417
312 425
312 745
312 793
312 803
313 641
313 663
313 927
313 938
314 522
314 559
314 631
314 876
315 500
315 620
315 881
315 934
316 363
316 438
316 787
316 847
316 884
317 324
317 545
317 687
317 772
317 776
318 344
318 526
318 593
318 619
318 834
319 388
319 491
319 537
319 672
320 523
320 532
320 661
320 699
321 338
321 553
321 729
321 905
322 377
322 426
322 594
322 669
322 756
322 795
323 465
323 568
323 717
323 796
323 869
323 942
324 445
324 545
324 776
324 949
325 370
325 394
325 554
325 608
325 794
325 827
325 899
327 463
327 564
327 671
327 887
328 490
328 565
329 475
329 679
329 857
329 991
330 484
330 606
330 791
330 878
330 968
330 985
331 414
331 455
331 875
332 430
332 506
332 920
332 964
333 375
333 428
333 701
333 783
333 809
333 947
334 558
334 791
334 817
335 370
335 554
335 617
335 972
336 447
336 651
336 805
336 902
337 891
338 553
338 639
338 854
339 462
339 550
339 961
340 401
340 580
340 691
340 802
340 917
340 930
340 994
341 552
341 662
341 822
341 945
342 438
342 610
342 665
342 768
343 890
344 526
344 551
344 829
344 834
344 950
345 437
345 544
345 597
345 882
346 623
346 632
346 678
346 921
347 404
347 412
347 953
348 425
348 449
348 488
348 635
348 638
348 841
348 979
348 987
349 522
349 830
349 897
349 907
350 573
350 731
350 755
350 872
350 969
351 360
352 609
353 561
353 575
353 715
353 830
354 384
354 395
354 427
354 563
354 662
355 466
355 640
355 644
355 728
355 916
355 976
356 376
356 478
356 521
356 722
356 895
357 487
357 757
357 777
357 932
358 365
358 408
358 492
358 861
358 934
359 608
359 610
359 789
359 794
359 873
360 617
361 450
361 560
361 579
361 656
361 855
361 912
362 409
362 727
363 438
363 470
363 884
363 919
364 474
364 506
364 567
365 408
365 494
365 881
366 375
366 411
366 701
366 903
367 407
367 634
367 732
367 892
368 436
368 642
368 754
369 497
369 843
369 967
370 554
370 617
370 827
371 378
371 491
371 590
372 379
372 560
372 906
373 534
373 595
373 598
373 766
373 995
374 523
374 532
374 699
374 713
374 740
375 428
375 530
375 701
375 903
376 478
376 868
376 895
377 426
377 586
377 637
377 956
378 496
378 726
378 742
378 923
379 560
379 621
379 885
379 906
380 529
380 591
380 649
380 790
380 853
380 862
381 513
381 537
381 590
382 490
382 600
382 992
383 550
383 741
383 858
383 961
384 395
384 427
384 745
384 975
385 472
385 483
385 962
385 996
386 440
386 453
386 613
386 889
386 910
386 928
386 941
387 499
387 630
387 702
387 775
387 810
388 413
388 565
388 672
388 691
388 742
389 780
389 963
389 973
390 497
390 625
390 843
390 860
390 977
391 716
391 948
391 988
391 997
392 719
393 815
393 842
394 446
394 794
394 873
394 899
394 984
395 417
395 563
395 784
396 416
396 539
396 649
396 773
396 853
397 506
397 567
397 707
397 883
397 920
398 643
398 753
398 807
400 629
400 643
400 708
400 788
400 831
401 580
401 763
401 802
401 974
402 409
402 435
402 488
402 891
403 465
403 869
404 653
404 710
404 953
405 538
405 556
405 678
405 686
405 715
405 921
406 469
406 516
406 571
406 720
406 780
406 900
407 460
407 732
407 974
408 492
409 435
410 660
410 739
410 792
411 701
412 924
412 988
413 672
413 742
414 455
414 749
414 798
414 875
415 518
415 538
415 626
415 652
415 675
416 482
416 539
416 649
416 764
416 825
417 442
417 476
417 784
417 803
418 747
418 785
418 821
418 951
419 503
419 557
419 893
419 927
420 430
420 722
420 782
420 883
420 920
421 456
421 497
421 583
421 864
422 749
422 786
423 598
423 692
423 752
423 771
423 880
423 957
424 689
424 735
424 863
425 449
425 745
425 793
425 987
426 527
426 586
427 945
427 975
428 530
428 783
428 829
428 846
429 489
429 614
429 852
429 926
429 987
430 722
430 920
430 964
431 461
431 555
431 562
431 712
432 505
432 535
432 536
432 733
433 520
433 541
434 455
434 749
434 929
435 891
435 918
436 512
436 605
436 642
436 770
436 865
437 716
437 948
438 665
438 919
439 545
439 699
439 738
439 813
439 866
440 613
440 910
441 542
441 589
441 724
441 758
442 476
442 803
443 703
443 848
443 955
444 747
444 788
445 545
445 699
445 866
445 949
446 705
446 984
447 651
447 810
448 477
448 729
448 818
449 488
449 745
449 975
450 681
450 789
450 840
450 855
450 912
451 479
451 519
452 859
452 973
453 525
453 613
453 770
453 941
454 522
454 575
454 596
454 897
455 749
456 497
456 583
456 625
457 515
457 683
457 786
457 956
457 970
458 588
458 633
458 888
459 568
459 925
459 942
460 673
460 732
460 974
461 535
461 555
461 571
461 712
461 900
462 659
462 677
462 705
463 531
463 746
463 799
464 472
464 473
464 501
464 904
465 568
465 869
466 640
466 820
466 939
467 637
467 744
467 759
468 552
468 627
468 685
468 711
468 981
469 720
469 805
469 877
469 900
470 596
470 667
470 741
470 858
470 884
470 919
471 516
471 999
472 996
473 501
473 615
473 798
473 875
474 935
475 689
475 857
476 784
476 938
477 581
477 729
477 818
478 895
479 519
479 761
479 972
480 520
480 907
481 507
481 508
481 584
481 645
481 657
481 734
481 851
482 539
482 764
482 848
483 569
483 962
484 485
484 836
484 878
485 495
485 542
485 765
485 836
485 878
486 522
486 631
486 741
486 839
487 510
487 576
487 757
487 932
487 958
488 841
489 638
489 852
490 601
490 992
491 537
491 590
491 672
492 502
493 681
493 768
493 906
494 620
494 626
494 838
494 879
494 881
495 542
495 696
495 878
496 717
496 726
496 923
497 625
497 843
498 761
498 797
498 894
498 899
498 914
498 984
499 748
499 810
500 620
500 908
501 615
501 762
501 904
502 520
503 663
503 737
503 893
503 927
504 619
504 743
505 733
506 540
506 567
506 920
506 964
507 508
507 657
507 915
507 946
508 734
508 801
508 915
508 965
509 704
509 804
510 543
510 570
510 576
510 849
510 958
511 592
511 600
511 634
511 952
512 735
512 865
513 537
513 601
514 680
514 721
514 843
514 886
514 967
515 786
515 970
517 648
517 876
517 929
518 538
518 623
518 675
518 678
518 774
519 761
521 722
521 863
522 631
522 897
522 907
523 532
523 699
524 670
524 779
524 806
524 828
525 770
525 865
525 941
526 593
526 937
526 950
528 673
528 732
528 922
528 978
529 582
529 591
529 790
529 911
530 829
530 834
530 903
531 692
531 799
531 880
531 965
532 661
532 713
533 848
533 851
533 955
534 595
534 598
534 752
535 536
535 712
535 733
535 877
535 900
536 712
537 590
538 561
538 652
538 678
538 715
539 703
539 773
539 848
540 931
540 964
541 648
542 696
542 724
542 758
542 765
543 958
544 632
544 633
544 882
544 940
545 813
545 866
546 615
546 688
546 798
546 993
547 551
547 644
547 916
547 971
548 630
548 731
548 874
548 982
549 612
549 656
549 827
550 961
551 655
551 829
552 711
552 945
552 959
552 960
552 981
553 639
553 701
554 797
554 899
554 972
555 944
556 686
556 715
556 867
557 641
557 808
557 927
558 791
558 968
559 631
559 839
559 876
560 855
561 652
561 715
562 666
562 758
563 662
563 751
563 784
564 750
564 816
564 887
565 691
565 994
566 634
566 992
567 707
568 942
569 659
569 677
569 962
570 576
570 594
570 654
570 693
570 694
570 849
571 780
571 900
572 595
572 856
573 872
573 936
573 969
574 626
574 709
575 596
575 667
575 715
575 778
575 830
575 897
576 694
576 932
577 636
577 664
577 760
577 823
578 637
578 744
578 956
578 970
578 980
579 612
579 656
579 840
579 912
580 655
580 763
580 930
581 585
581 607
581 818
581 870
582 800
582 911
583 625
583 762
584 645
584 851
585 607
585 870
585 905
586 683
586 690
586 956
587 888
587 909
587 986
588 633
588 924
589 724
589 760
589 806
591 649
591 671
591 825
591 887
592 600
592 646
592 650
593 619
593 937
594 654
594 669
594 756
594 849
595 766
595 856
596 667
596 741
597 882
598 752
598 771
598 995
599 778
599 850
599 867
600 952
600 992
602 714
602 737
602 811
602 896
603 614
603 943
604 618
604 624
604 675
604 774
604 879
605 697
606 791
606 836
607 905
608 794
608 827
609 730
609 757
609 958
610 789
610 873
611 643
611 708
611 718
611 980
612 656
612 840
613 770
614 700
614 926
614 943
614 987
615 762
615 798
616 754
616 904
618 773
618 774
618 966
619 702
620 838
620 881
620 908
621 885
621 906
621 933
622 636
622 670
622 859
623 678
623 774
624 626
624 675
624 879
625 860
626 675
626 879
627 685
627 711
627 736
627 931
627 960
628 914
628 962
628 996
629 788
629 821
629 831
629 837
629 901
630 775
630 810
630 874
630 982
631 839
632 633
632 921
633 686
633 888
633 921
634 952
634 992
635 638
635 979
636 823
637 744
637 759
637 956
638 987
639 693
639 694
639 826
639 854
640 820
640 845
641 751
641 927
642 754
642 770
643 708
643 718
643 807
644 916
644 930
645 657
646 650
646 752
647 805
648 690
649 825
649 853
650 752
650 801
651 902
652 709
653 710
653 933
653 986
654 669
654 693
654 854
655 829
655 846
656 824
658 682
658 707
658 723
658 935
659 677
660 792
660 913
661 699
661 738
662 822
663 737
663 811
663 927
663 938
664 823
664 944
665 768
666 696
666 758
667 778
667 919
668 687
668 968
668 998
669 795
669 854
670 779
670 859
671 764
671 825
671 887
673 732
673 763
673 974
674 835
674 898
674 922
674 946
674 978
675 774
676 769
676 814
676 997
677 705
678 921
679 857
679 991
680 837
680 843
680 886
680 901
680 977
681 789
681 855
682 723
682 918
682 935
683 690
683 786
683 956
684 793
686 888
686 921
687 772
687 968
687 998
688 993
691 742
691 917
691 994
692 752
692 801
692 880
692 965
693 694
693 854
694 826
694 932
695 963
696 758
697 819
698 839
698 929
699 738
699 740
699 866
700 779
700 828
700 926
702 775
702 936
703 848
704 804
704 983
706 723
706 812
706 979
707 883
708 831
710 953
711 960
713 740
714 896
714 902
715 778
715 867
716 924
716 948
717 781
717 796
717 869
717 923
718 744
718 807
718 980
719 833
720 805
721 725
721 736
721 785
721 886
721 960
721 967
722 782
722 863
723 812
724 765
725 785
725 951
725 959
725 960
726 923
727 812
727 841
727 979
728 916
728 971
728 976
728 989
729 905
730 893
731 755
731 969
731 982
732 892
732 978
733 877
734 851
734 965
735 863
736 895
736 931
736 960
736 967
737 811
738 813
739 792
741 858
742 939
743 826
743 932
744 807
744 980
745 975
746 750
746 799
747 788
747 821
747 822
750 816
751 784
752 801
755 998
756 759
756 849
757 777
757 958
761 797
761 972
763 974
764 825
765 836
766 771
766 832
766 856
766 995
767 776
767 949
769 948
769 997
770 865
771 832
771 995
774 966
775 936
775 982
776 949
777 932
778 867
778 919
779 828
780 963
781 869
781 923
783 846
783 947
785 886
785 951
787 847
787 858
787 884
787 961
788 821
790 814
790 862
791 968
792 913
792 976
792 989
793 803
793 987
794 873
795 854
796 869
797 899
797 972
798 875
798 993
799 844
799 880
799 957
800 911
801 965
802 974
802 994
804 983
804 998
805 896
805 902
806 828
806 852
809 947
810 874
812 979
815 842
815 854
818 861
818 870
818 934
819 868
820 845
820 939
821 837
826 932
828 852
828 926
829 834
829 846
830 897
831 901
832 856
834 903
835 922
837 901
838 879
838 908
839 876
839 929
840 912
841 979
842 870
843 967
843 977
844 957
848 955
850 867
850 954
852 926
853 862
858 884
858 961
860 977
861 870
861 934
871 889
871 928
871 991
872 936
872 937
876 929
877 900
878 985
879 908
880 957
882 940
882 966
883 920
885 933
889 910
889 928
892 898
892 978
894 914
894 962
895 931
896 902
898 946
898 978
899 984
909 954
909 986
913 950
913 989
914 962
915 946
916 971
917 930
918 935
922 978
924 988
928 941
928 991
933 954
936 969
936 982
940 966
943 987
945 981
948 997
950 971
950 989
951 959
952 992
956 970
959 960
962 996
963 973
969 982
971 989
976 989
806 809
630 602
366 902
824 620
358 110
355 566
103 677
587 779
325 809
552 894
704 296
320 865
569 853
992 435
699 110
541 51
158 673
660 528
320 448
398 966
990 488
384 818
670 248
369 63
294 846
901 247
387 381
728 774
666 386
454 670
272 118
381 770
864 715
17 503
407 936
304 833
741 535
90 647
737 652
894 647
398 479
368 827
838 748
429 627
614 572
565 385
942 612
218 332
455 311
563 324
470 423
842 724
853 608
203 262
429 950
174 411
356 704
551 308
812 637
477 2
445 980
47 364
395 253
383 900
877 821
397 877
456 543
686 268
873 193
295 946
686 942
603 486
528 376
760 540
108 723
410 75
420 731
698 498
703 687
887 438
663 903
714 420
531 413
584 327
184 202
838 392
506 696
127 256
64 398
652 468
101 737
683 240
119 734
937 447
471 584
348 923
358 474
485 809
758 802
195 506
588 666
363 588
4 511
689 888
637 374
144 167
336 431
470 981
791 174
674 821
307 788
178 151
401 749
716 725
759 310
554 76
47 449
693 380
612 453
601 396
654 99
805 292
598 862
170 459
655 628
571 990
931 499
658 847
225 396
530 432
460 746
521 766
917 544
171 652
865 173
473 306
100 611
708 143
832 683
319 194
867 525
412 129
287 818
707 746
299 452
576 655
494 74
286 890
209 381
273 335
112 459
322 211
592 987
774 828
547 826
829 175
488 111
90 722
510 832
122 551
362 270
473 543
549 686
333 642
709 345
226 123
792 261
192 298
448 100
278 242
210 644
478 338
94 532
746 383
887 684
551 262
967 437
518 299
398 593
350 622
733 102
744 429
538 802
124 812
292 102
428 759
203 690
453 625
282 257
584 950
838 516
349 740
127 287
527 115
584 689
787 96
345 661
563 770
509 910
154 855
355 153
712 850
477 492
903 556
345 813
262 649
692 157
713 476
377 353
141 613
854 237
559 725
936 304
561 444
403 390
529 915
801 443
563 675
110 479
265 586
467 685
571 474
438 736
434 542
580 411
735 400
713 951
732 358
674 708
183 367
772 601
309 890
282 478
713 439
579 890
326 170
802 425
649 830
197 732
613 557
270 419
688 336
113 634
675 793
546 850
801 111
479 906
433 242
50 666
596 71
974 654
605 804
183 666
622 161
588 12
119 404
7 441
340 588
444 340
689 298
458 379
111 201
924 273
960 516
269 522
894 452
356 548
782 227
450 59
164 396
261 839
338 382
466 918
797 779
625 984
811 757
678 173
509 401
47 333
117 440
711 769
333 225
207 858
611 668
299 304
507 250
329 309
647 49
191 715
663 409
161 308
738 515
356 438
528 458
823 495
489 670
340 764
639 966
972 475
25 468
167 487
828 818
826 302
365 963
937 413
593 305
727 317
641 644
164 747
153 212
555 464
910 402
276 745
386 693
439 303
662 358
375 179
680 872
671 649
939 578
798 887
622 507
484 478
919 750
697 851
259 172
564 879
815 223
885 531
12 404
585 925
309 329
59 560
685 542
670 935
206 179
517 743
183 683
599 518
346 245
823 560
265 612
366 135
444 574
696 644
669 120
578 166
565 34
179 782
466 265
668 778
130 186
474 669
500 218
288 677
813 664
107 513
546 639
615 380
312 137
162 181
316 41
138 736
399 172
79 629
618 344
652 587
803 470
163 365
192 480
221 164
979 616
398 33
951 364
808 852
673 586
137 497
461 473
942 642
426 23
755 149
975 547
900 477
383 237
252 725
253 315
90 280
594 705
902 576
375 866
246 467
686 44
529 391
573 459
272 188
295 708
716 187
23 600
381 549
6 464
337 526
794 538
156 711
860 735
538 27
532 158
430 814
802 493
600 347
142 718
729 757
636 567
587 49
912 598
326 354
573 230
730 217
320 732
275 561
408 658
45 520
205 421
359 375
902 330
73 430
263 767
481 434
230 704
714 567
216 883
56 533
446 911
514 881
482 376
347 328
134 691
129 380
676 98
399 148
739 897
107 286
485 985
332 746
726 283
328 565
723 861
302 215
535 747
691 472
215 749
328 92
145 226
330 881
88 317
449 240
332 333
224 433
408 441
589 92
868 792
786 503
445 869
334 262
829 258
238 348
872 755
833 648
454 514
204 608
462 814
410 200
365 798
237 326
271 356
76 670
31 413
348 722
667 472
128 514
175 224
505 313
801 359
759 243
270 311
563 950
541 961
413 266
523 622
179 744
173 862
902 517
953 587
581 360
381 94
617 302
521 948
949 673
203 457
241 246
576 706
666 338
241 365
557 355
427 679
625 647
531 848
71 575
779 387
827 373
576 835
497 597
842 437
100 384
954 544
241 508
378 436
400 772
404 340
585 209
151 260
519 340
94 490
455 277
808 875
279 929
95 346
690 674
511 426
753 488
774 148
692 599
864 320
846 858
770 299
939 378
482 857
501 894
952 563
547 212
716 231
93 566
454 355
517 973
480 601
641 142
705 888
288 405
748 630
613 774
246 114
367 251
736 619
229 603
607 539
234 181
422 917
521 129
378 657
636 919
424 302
351 37
525 220
458 942
310 677
821 205
877 551
848 489
36 630
877 774
302 284
520 544
420 839
963 422
670 749
557 294
458 212
522 593
378 938
420 478
270 69
784 574
643 438
811 127
233 414
774 340
627 446
460 439
525 94
611 77
437 994
991 561
782 189
875 423
676 681
526 518
960 392
430 227
693 134
920 355
452 121
871 453
939 522
454 724
290 868
636 244
143 401
600 959
641 456
273 133
466 639
330 140
380 496
273 98
105 306
246 882
269 391
198 360
199 165
663 204
642 666
646 329
450 43
312 940
588 184
626 256
247 451
615 278
173 591
215 284
309 521
611 749
417 282
610 141
606 119
837 474
159 816
346 944
458 492
189 834
570 548
845 669
366 679
154 335
374 523
789 631
765 357
896 393
514 790
413 371
737 181
870 396
532 730
528 247
510 48
540 532
748 589
247 80
771 374
35 677
320 284
732 722
782 908
282 650
412 714
391 923
394 131
484 930
439 202
618 871
535 505
307 922
776 211
933 593
766 521
749 453
617 240
742 88
306 259
563 176
30 360
267 502
345 89
65 704
426 427
302 809
158 624
564 125
642 862
307 428
40 427
440 402
858 572
864 347
555 542
542 580
322 838
507 940
154 422
373 287
782 868
266 900
656 547
620 697
709 263
555 804
309 230
109 808
27 662
351 505
531 266
528 13
193 590
458 890
835 836
479 697
505 169
669 68
954 694
388 510
563 416
443 754
214 540
75 495
68 736
498 994
221 554
936 662
127 761
776 672
666 489
451 642
634 783
769 484
509 849
821 342
83 410
198 530
433 703
758 910
777 766
799 837
407 234
896 607
588 636
417 512
237 744
871 239
310 568
568 693
346 353
865 217
338 678
899 364
374 569
183 347
649 799
489 520
505 663
477 958
474 513
410 954
196 248
246 406
777 534
756 223
545 987
970 356
692 804
386 115
709 84
113 331
951 326
668 887
689 194
626 198
617 712
683 835
555 653
451 149
280 910
392 831
897 699
44 490
709 551
330 707
252 545
383 414
339 209
321 545
323 112
759 127
623 936
773 725
273 780
288 149
540 481
920 732
224 219
308 373
895 263
845 151
856 377
824 532
312 760
589 825
484 763
276 946
406 535
358 636
714 516
574 751
434 718
109 752
741 917
758 94
586 473
858 191
685 964
653 422
140 452
869 646
289 555
320 618
367 926
163 141
756 200
588 599
255 131
254 927
715 607
486 242
329 485
940 264
540 444
687 621
731 444
572 965
287 515
649 303
387 296
280 82
167 766
591 456
244 493
908 275
867 665
734 571
339 179
753 263
495 536
463 110
790 329
215 905
733 151
563 509
352 53
983 390
27 395
376 223
319 912
272 458
606 414
738 135
95 437
200 405
102 367
726 881
469 124
133 475
907 721
613 433
63 267
688 749
311 156
590 761
298 342
420 321
482 834
548 931
650 288
887 314
633 342
657 152
11 560
383 195
451 23
253 520
808 194
570 108
77 261
425 595
157 693
786 459
424 660
256 259
130 534
473 721
462 248
764 448
242 205
464 844
300 502
504 721
655 606
219 361
626 473
397 54
471 289
675 315
498 90
95 249
820 151
298 54
740 708
235 274
787 408
771 648
836 599
105 693
434 163
42 557
571 150
727 459
915 663
624 62
837 797
243 910
394 678
62 282
374 315
814 582
135 571
564 618
495 55
649 386
67 689
664 727
688 701
365 723
871 631
638 160
67 313
894 789
252 855
405 916
234 646
760 428
718 534
695 75
712 834
731 672
248 561
853 454
553 6
480 82
737 299
429 465
907 301
490 613
238 576
209 566
364 236
252 287
365 845
71 549
844 344
647 178
218 509
618 906
648 751
390 456
755 660
200 208
354 882
793 518
220 717
805 696
264 485
761 469
127 797
399 496
217 620
633 745
569 787
257 209
548 915
533 74
234 844
639 33
758 682
989 461
32 335
859 477
316 396
847 546
951 348
222 314
702 48
605 820
346 794
