1000 2960 10
97 9 91 23 19 5 35 88 75 4 35 98 69 84 60 100 34 19 36 37 90 38 90 14 19 4 18 52 89 36 10 18 18 44 59 63 40 64 47 83 32 21 33 56 35 60 37 49 39 53 9 15 82 42 60 33 76 31 2 23 43 1 29 12 34 47 35 87 72 45 74 85 62 47 42 47 27 80 35 31 40 25 83 85 1 92 87 75 24 50 49 48 66 42 44 21 79 42 88 2 61 35 83 63 36 89 57 86 68 95 74 55 60 83 80 13 59 48 4 83 45 85 59 20 18 72 89 21 21 77 92 94 65 100 72 100 88 88 74 66 32 42 84 6 9 74 45 92 71 98 21 66 60 48 59 28 38 36 47 89 92 35 25 73 39 88 81 8 36 16 13 2 87 93 85 70 9 45 95 6 50 80 10 82 60 71 36 31 8 22 5 41 84 67 25 82 36 77 50 10 25 65 4 39 56 61 21 99 45 79 97 3 9 87 93 6 4 7 24 59 6 31 69 43 93 100 31 16 20 64 80 57 17 83 72 34 27 35 56 74 22 10 37 95 37 88 78 57 66 33 31 32 24 46 72 30 56 19 87 65 5 12 57 35 4 93 81 31 83 82 87 19 3 49 87 83 15 67 41 95 68 54 19 4 7 94 99 90 21 72 95 37 47 9 13 86 64 45 16 26 90 79 18 61 67 56 48 50 99 1 12 27 74 67 40 73 54 22 51 87 73 80 15 53 51 92 94 9 5 80 69 15 47 80 16 69 85 8 19 45 18 46 54 63 76 54 82 51 89 3 70 85 14 51 41 45 92 3 23 71 45 77 43 29 70 1 31 26 55 52 58 48 44 69 8 64 56 21 95 99 12 61 61 46 83 58 52 75 14 88 7 83 17 10 47 18 60 100 16 47 92 40 75 58 81 23 84 9 2 5 16 73 19 28 12 66 99 27 43 98 47 34 28 96 46 34 34 55 52 63 40 66 12 21 21 65 33 50 19 100 20 37 77 21 85 57 24 26 56 55 75 96 61 90 37 12 46 86 7 37 66 59 1 25 42 43 95 2 51 95 56 31 3 100 9 92 85 64 7 69 73 69 7 75 14 12 30 51 79 2 25 48 82 7 42 11 12 71 4 26 53 30 89 36 55 40 75 94 32 24 84 10 98 36 68 78 40 88 41 67 67 79 93 1 89 68 95 20 23 52 43 16 97 37 49 30 61 90 71 69 20 51 46 79 34 18 41 62 23 48 23 72 82 11 29 73 92 66 41 55 97 70 57 34 79 90 80 23 95 4 86 77 66 93 24 95 62 50 23 17 98 20 20 1 34 90 31 46 30 84 63 99 24 14 96 73 52 10 12 87 5 6 40 52 26 60 12 44 61 7 99 8 37 73 53 9 17 90 43 51 77 86 47 50 44 52 63 44 5 24 44 78 41 44 50 47 49 52 29 50 48 25 88 62 48 89 11 77 72 2 10 12 12 12 4 99 41 54 79 5 70 10 75 6 99 85 14 7 30 90 92 99 87 10 7 37 99 71 94 58 95 26 40 6 21 67 80 19 8 3 93 23 40 95 29 95 39 13 40 84 6 92 29 41 13 80 78 59 37 38 39 18 43 81 50 45 68 84 30 46 47 2 82 91 79 97 21 14 4 74 77 12 90 74 56 59 38 77 70 16 37 17 8 93 25 50 16 29 67 54 30 70 40 14 13 39 59 54 20 89 25 11 95 34 81 26 35 80 44 37 24 6 53 86 62 71 90 42 63 10 22 78 22 83 52 37 4 3 12 94 96 11 62 92 76 4 72 78 91 9 83 38 91 96 13 100 3 40 90 35 95 6 44 50 58 92 95 32 95 32 53 25 3 85 73 68 10 90 100 10 13 19 48 67 28 42 44 12 54 59 93 52 18 68 37 76 24 3 31 8 94 12 77 100 16 68 59 53 16 24 90 15 28 77 94 23 72 18 84 9 68 28 64 46 94 2 66 70 51 1 63 37 66 56 71 30 36 32 23 37 14 43 27 34 63 4 88 23 46 48 33 75 81 43 12 59 92 78 60 71 98 63 95 98 65 48 67 6 27 50 53 89 58 4 48 16 57 15 19 98 21 88 36 95 73 62 23 5 24 95 10 87 15 16 20 60 9 10 70 14 70 22 69 87 94 71 15 70 75 8 60 19 37 85 95 61 86 85 33 1 95 7 69 76 2 65 15 40 60 50 53 82 81 70 18 52 27 37 4 86 98 36 94 32 72 18 55 27 53 16
0 149
0 319
0 563
0 598
0 705
1 265
1 399
1 410
1 431
1 621
2 425
2 486
2 592
2 729
2 733
2 819
2 924
3 190
3 428
3 435
3 590
3 670
3 908
3 969
4 545
4 549
4 661
4 755
4 817
5 143
5 188
5 370
5 779
5 875
5 930
5 946
6 49
6 384
6 442
6 837
6 871
7 29
7 149
7 155
7 157
7 636
7 937
8 37
8 427
8 519
8 727
8 823
9 13
9 300
9 424
9 447
9 530
9 818
10 123
10 317
10 463
10 577
10 811
10 916
11 19
11 415
11 815
11 820
11 999
12 86
12 189
12 332
12 518
12 638
12 929
13 34
13 300
13 447
13 972
14 104
14 255
14 426
14 675
14 866
14 876
14 887
14 939
15 150
15 174
15 678
15 680
15 811
16 69
16 148
16 792
16 807
16 839
17 63
17 124
17 267
17 281
17 491
17 855
18 80
18 338
18 764
18 772
18 881
19 183
19 411
19 415
19 446
19 999
20 135
20 341
20 933
20 944
21 326
21 389
21 524
21 668
21 765
22 106
22 186
22 443
22 682
22 686
22 767
22 964
22 966
22 973
23 54
23 258
23 515
23 586
23 803
23 863
24 88
24 234
24 283
24 535
24 696
25 100
25 339
25 406
25 502
25 630
25 780
26 119
26 333
26 390
26 395
26 722
26 855
27 316
27 557
27 907
27 934
27 968
28 111
28 388
28 427
28 623
28 728
28 823
28 858
29 121
29 149
29 531
29 563
29 636
29 802
30 160
30 261
30 311
30 378
30 915
31 239
31 453
31 476
31 481
31 776
32 126
32 131
32 417
32 617
32 699
32 732
32 822
33 79
33 479
33 483
33 733
33 737
33 819
33 967
34 300
34 972
34 974
34 998
35 164
35 208
35 287
35 361
35 511
35 851
36 44
36 102
36 215
36 440
36 475
36 752
36 906
36 933
37 415
37 446
37 519
37 600
37 773
37 823
38 385
38 470
38 700
38 877
38 920
38 932
39 344
39 349
39 589
39 626
39 860
40 62
40 77
40 193
40 242
40 533
40 882
40 986
41 213
41 439
41 767
41 964
41 973
42 175
42 236
42 342
42 657
42 753
42 840
42 850
43 75
43 216
43 218
43 298
43 495
43 681
43 947
44 906
44 933
45 224
45 416
45 632
45 836
45 868
45 971
45 996
46 73
46 87
46 279
46 391
46 777
46 833
46 886
47 134
47 274
47 357
47 607
47 835
48 83
48 115
48 211
48 265
48 662
48 916
48 919
49 116
49 209
49 223
49 356
49 384
49 442
50 56
50 128
50 250
50 723
50 812
50 993
51 72
51 140
51 358
51 622
51 644
51 707
51 808
51 970
52 215
52 340
52 440
52 627
52 906
52 950
53 174
53 214
53 463
53 521
53 611
53 651
53 709
53 760
54 93
54 515
54 580
54 635
54 803
54 978
54 994
55 165
55 465
55 546
55 569
55 602
56 250
56 648
56 683
56 812
57 416
57 469
57 484
57 555
57 793
57 836
58 303
58 515
58 586
58 953
58 978
59 236
59 264
59 328
59 371
59 840
59 962
60 374
60 624
60 762
60 830
60 844
60 896
61 165
61 191
61 216
61 367
61 495
61 527
62 77
62 193
62 810
63 281
63 355
63 612
63 855
64 94
64 270
64 282
64 477
64 593
64 645
64 687
65 154
65 415
65 599
65 773
65 781
65 997
66 76
66 388
66 407
66 584
66 740
66 858
66 918
67 296
67 308
67 669
67 881
67 983
68 109
68 291
68 320
68 375
68 528
68 848
69 148
69 344
69 345
69 456
69 718
69 839
70 205
70 423
70 600
70 773
70 777
71 206
71 261
71 504
71 523
71 664
72 140
72 358
72 675
72 701
72 887
73 87
73 313
73 833
73 911
74 216
74 218
74 575
74 630
74 681
74 780
75 250
75 298
75 650
75 683
75 947
75 977
76 329
76 407
76 512
76 692
76 740
76 945
77 533
77 721
77 810
78 206
78 434
78 504
78 557
79 483
79 554
79 567
79 763
79 819
80 258
80 331
80 669
80 772
80 863
80 881
81 292
81 663
81 672
81 677
81 688
81 693
82 355
82 444
82 685
82 744
82 809
82 868
82 980
83 123
83 619
83 916
83 919
84 126
84 228
84 417
84 570
84 766
85 195
85 285
85 325
85 492
85 902
85 911
86 432
86 518
86 626
86 646
86 929
87 200
87 391
87 540
87 579
87 911
88 253
88 283
88 535
88 556
88 790
89 492
89 507
89 525
89 743
89 845
90 145
90 182
90 497
90 805
90 828
90 940
90 987
91 204
91 269
91 485
91 578
91 606
91 639
91 878
92 487
92 628
92 653
92 661
92 715
92 817
92 894
93 95
93 139
93 435
93 635
93 803
94 226
94 282
94 501
94 687
94 948
95 139
95 382
95 435
95 500
95 562
96 104
96 233
96 405
96 861
96 902
97 176
97 192
97 287
97 302
97 409
97 885
98 118
98 290
98 698
98 793
98 879
98 938
99 204
99 269
99 455
99 606
100 238
100 406
100 502
100 707
100 928
100 931
101 107
101 309
101 354
101 587
101 720
101 897
102 125
102 171
102 440
102 475
102 547
103 247
103 263
103 526
103 702
103 865
104 233
104 365
104 489
104 861
104 939
105 158
105 525
105 618
105 743
105 796
105 816
105 833
106 120
106 150
106 443
106 503
106 703
106 964
107 264
107 309
107 328
107 587
108 154
108 343
108 581
108 820
108 997
109 219
109 320
109 392
109 756
109 848
110 267
110 321
110 390
110 633
110 855
111 482
111 536
111 623
111 676
111 858
112 471
112 553
112 558
112 673
112 917
113 252
113 394
113 742
113 914
113 949
114 284
114 473
114 543
114 730
114 749
114 857
115 265
115 431
115 597
115 916
115 932
116 209
116 310
116 356
116 417
116 766
116 822
117 202
117 273
117 306
117 629
117 637
117 679
117 995
118 166
118 534
118 625
118 649
118 698
118 841
118 938
119 333
119 449
119 614
119 722
120 443
120 503
120 568
120 609
120 694
120 883
121 312
121 531
121 594
121 802
121 804
122 203
122 422
122 545
122 549
122 576
122 596
122 704
123 463
123 521
123 619
123 916
124 132
124 194
124 272
124 281
124 491
124 513
124 708
125 147
125 171
125 547
125 714
126 228
126 246
126 417
126 433
126 565
126 697
126 732
127 287
127 450
127 457
127 706
127 739
127 851
128 180
128 266
128 723
128 977
128 993
129 188
129 370
129 379
129 610
129 782
129 870
130 266
130 359
130 392
130 447
130 460
130 818
131 310
131 699
131 822
132 194
132 281
132 744
133 288
133 377
133 467
133 593
133 603
133 951
134 237
134 357
134 384
134 835
134 957
135 295
135 341
135 684
135 827
135 933
136 493
136 529
136 758
136 784
136 844
136 896
137 162
137 240
137 251
137 327
137 626
137 638
138 229
138 241
138 402
138 420
138 720
138 726
138 862
138 897
139 258
139 331
139 562
139 803
139 983
140 701
140 724
140 853
140 970
141 173
141 191
141 445
141 516
141 750
141 928
141 931
142 299
142 392
142 424
142 658
142 818
142 847
143 719
143 736
143 741
143 779
143 946
144 345
144 659
144 667
144 910
145 441
145 716
145 940
145 987
146 164
146 278
146 361
146 499
146 689
146 713
147 171
147 230
147 401
147 714
147 950
148 461
148 538
148 659
148 666
148 718
148 807
149 155
149 563
149 598
150 503
150 568
150 678
150 680
150 703
151 194
151 595
151 744
151 868
151 996
152 276
152 408
152 454
152 522
152 649
152 841
153 453
153 481
153 613
153 745
153 947
153 961
154 581
154 599
154 783
154 798
154 997
155 157
155 163
155 223
155 598
155 797
156 404
156 452
156 473
156 542
156 821
156 829
156 955
157 209
157 223
157 937
158 690
158 796
158 816
158 979
159 340
159 627
159 834
159 901
159 985
160 378
160 380
160 556
160 915
161 468
161 471
161 615
161 673
161 905
162 327
162 332
162 638
163 260
163 271
163 393
163 598
163 769
163 797
163 856
164 208
164 278
164 286
164 361
164 747
165 191
165 367
165 445
165 465
165 569
166 408
166 542
166 625
166 841
166 955
167 257
167 358
167 516
167 602
167 644
167 675
167 750
167 808
168 180
168 320
168 359
168 613
168 745
169 245
169 247
169 305
169 741
169 748
169 892
170 375
170 397
170 478
170 610
170 870
171 440
171 950
172 292
172 672
172 762
172 830
172 883
172 991
173 238
173 257
173 750
173 808
173 931
174 463
174 611
174 680
174 811
175 190
175 293
175 590
175 670
175 753
175 840
176 287
176 351
176 409
176 457
176 468
177 256
177 386
177 403
177 552
177 580
177 873
177 994
178 242
178 418
178 430
178 564
178 837
178 957
179 314
179 366
179 612
179 722
179 855
179 987
180 266
180 359
180 745
180 977
181 182
181 185
181 571
181 614
181 758
181 844
182 185
182 497
182 560
182 614
182 805
183 379
183 411
183 446
183 782
183 823
184 225
184 231
184 398
184 585
185 560
185 624
185 844
186 682
186 719
186 875
186 973
187 335
187 383
187 487
187 496
187 522
187 894
188 370
188 870
188 930
189 300
189 332
189 801
189 929
189 998
190 590
190 753
190 872
190 969
191 445
191 527
191 654
191 928
192 235
192 302
192 304
192 402
192 409
192 566
193 197
193 346
193 593
193 603
193 810
193 890
194 595
194 708
194 744
195 285
195 540
195 601
195 911
195 956
196 412
196 582
196 640
196 739
196 851
197 346
197 466
197 467
197 603
197 893
198 353
198 660
198 761
198 874
198 878
199 206
199 261
199 884
199 915
199 990
200 391
200 579
200 771
200 912
201 421
201 451
201 655
201 685
201 710
201 809
202 307
202 396
202 629
202 652
202 679
203 422
203 596
203 729
204 269
204 330
204 455
204 639
204 974
205 423
205 771
205 777
205 886
206 261
206 504
206 557
206 884
206 934
207 496
207 517
207 628
207 731
207 894
208 286
208 287
208 885
209 223
209 310
209 699
209 814
209 937
210 233
210 285
210 405
210 554
210 902
210 909
211 541
211 662
211 713
211 919
212 537
212 601
212 824
212 864
212 936
212 954
213 439
213 611
213 709
213 757
213 964
214 220
214 294
214 480
214 709
214 760
215 440
215 906
216 495
216 527
216 681
216 780
217 244
217 263
217 550
217 561
217 838
217 880
217 981
218 239
218 453
218 575
218 681
218 947
219 397
219 634
219 748
219 756
219 788
219 848
219 892
220 294
220 368
220 414
220 480
220 791
220 990
221 254
221 419
221 558
221 616
221 666
221 910
222 521
222 619
222 832
222 919
222 968
223 442
223 797
223 895
224 632
224 785
224 799
224 868
224 891
225 231
225 252
225 303
225 398
225 403
225 488
225 953
226 382
226 428
226 501
226 711
226 908
226 948
227 390
227 395
227 633
227 699
227 814
227 937
228 433
228 570
229 241
229 309
229 387
229 787
229 862
230 340
230 401
230 691
230 843
230 950
230 985
231 262
231 403
231 585
231 877
232 362
232 472
232 526
232 535
232 696
232 865
233 365
233 405
233 909
234 273
234 283
234 306
234 362
234 608
234 696
234 831
235 351
235 409
235 566
235 643
236 328
236 657
236 840
237 356
237 384
237 570
237 766
237 835
238 707
238 808
238 931
239 453
239 575
239 776
240 251
240 396
240 626
240 860
241 309
241 720
242 430
242 533
242 564
242 882
242 975
243 260
243 318
243 393
243 789
243 976
243 986
244 369
244 561
244 757
244 849
244 880
245 247
245 550
245 741
245 838
246 433
246 565
246 859
246 949
247 263
247 526
247 550
247 573
247 892
248 374
248 609
248 642
248 775
248 784
249 279
249 599
249 690
249 783
249 904
250 683
250 977
250 993
251 307
251 327
251 396
252 394
252 398
252 488
252 506
252 742
253 268
253 380
253 535
253 702
253 790
253 865
253 899
254 471
254 558
254 615
254 667
254 910
255 861
255 866
255 939
256 262
256 403
256 509
256 700
256 873
256 920
257 750
257 808
258 331
258 803
258 863
259 412
259 504
259 523
259 640
259 712
259 917
260 393
260 856
260 976
261 311
261 664
261 915
261 965
262 403
262 700
262 877
263 550
263 702
263 899
263 981
264 309
264 328
264 371
264 498
264 787
265 410
265 431
265 620
265 662
266 359
266 460
266 723
267 321
267 491
267 520
267 855
268 368
268 380
268 899
268 981
268 990
269 606
270 477
270 544
270 593
270 759
270 962
271 319
271 591
271 598
271 769
272 513
272 691
272 708
272 958
273 306
273 608
273 943
273 995
274 357
274 607
274 764
274 774
274 975
275 372
275 630
275 735
275 798
275 846
275 904
276 404
276 408
276 496
276 517
276 522
277 324
277 565
277 571
277 614
277 697
278 713
278 747
279 599
279 690
279 777
279 796
279 833
280 488
280 506
280 548
280 588
280 795
280 859
280 963
281 355
281 744
282 645
282 948
283 556
283 608
283 647
284 452
284 473
284 749
284 982
285 554
285 902
285 925
285 956
286 381
286 494
286 572
286 717
286 747
286 885
287 457
287 851
287 885
288 377
288 711
288 951
289 429
289 441
289 676
289 888
289 918
290 698
290 714
290 842
290 879
291 320
291 476
291 528
291 613
291 961
292 672
292 693
292 762
293 477
293 544
293 605
293 670
293 840
293 962
294 369
294 709
294 791
295 400
295 591
295 684
295 705
295 769
295 827
296 308
296 337
296 466
296 467
296 983
297 792
297 926
297 943
297 995
298 367
298 495
298 650
298 665
299 323
299 424
299 530
299 658
299 867
300 530
300 801
300 998
301 386
301 552
301 621
301 753
301 850
301 872
302 304
302 381
302 885
303 488
303 586
303 641
303 953
304 381
304 402
304 726
305 539
305 741
305 748
305 788
306 679
306 831
307 327
307 396
307 652
307 801
308 466
308 881
308 893
309 720
309 787
310 699
310 822
311 378
311 461
311 965
312 594
312 804
312 834
312 900
312 901
312 958
313 325
313 833
313 911
314 322
314 366
314 671
314 778
314 987
315 353
315 367
315 465
315 650
315 665
316 350
316 464
316 884
316 934
316 968
317 385
317 474
317 577
317 678
317 811
318 393
318 400
318 986
319 591
319 598
319 705
320 359
320 392
320 613
321 520
321 633
321 802
321 804
322 348
322 421
322 671
322 738
322 778
323 472
323 573
323 658
323 867
324 333
324 614
324 617
324 697
324 732
324 806
325 492
325 618
325 833
325 911
326 389
326 765
326 922
326 960
327 332
327 801
328 587
328 657
329 512
329 922
329 935
329 945
330 432
330 455
330 646
330 974
331 669
331 983
332 638
332 801
333 395
333 614
333 806
334 360
334 401
334 555
334 842
334 843
334 879
335 383
335 487
335 632
335 674
335 785
336 444
336 451
336 462
336 685
336 695
336 799
336 891
337 377
337 467
337 500
337 562
337 983
338 346
338 490
338 764
338 881
338 893
339 372
339 502
339 630
339 770
340 627
340 950
340 985
341 827
341 901
341 944
342 410
342 587
342 621
342 657
342 850
343 476
343 575
343 581
343 776
343 815
343 820
343 846
344 345
344 363
344 456
344 589
345 659
345 718
346 490
346 725
346 746
346 890
346 893
347 389
347 524
347 576
347 704
347 921
347 988
348 421
348 710
348 734
348 738
348 852
349 396
349 589
349 629
349 637
349 860
350 464
350 480
350 651
350 832
350 968
351 409
351 468
351 643
351 786
352 437
352 532
352 559
352 743
352 751
352 816
352 853
352 979
352 992
353 465
353 650
353 660
353 874
354 410
354 438
354 583
354 587
354 620
354 897
355 612
355 744
355 980
356 384
356 766
357 430
357 957
357 975
358 644
358 675
359 392
360 555
360 595
360 836
360 843
360 996
361 499
361 511
361 754
362 472
362 696
362 831
362 923
363 456
363 589
363 637
363 792
363 839
363 995
364 442
364 856
364 871
364 895
364 976
365 489
365 909
365 984
366 612
366 778
367 465
367 495
367 665
368 791
368 981
368 990
369 709
369 757
369 791
369 880
370 379
370 728
370 825
370 869
370 875
371 498
371 759
371 962
372 532
372 630
372 735
372 770
373 418
373 789
373 882
373 986
374 609
374 694
374 784
374 830
374 896
375 397
375 478
375 528
375 848
376 450
376 457
376 514
376 673
376 706
376 905
377 467
377 500
377 711
378 461
378 556
378 926
379 728
379 782
379 823
380 556
380 790
380 915
380 990
381 420
381 717
381 726
381 885
382 428
382 435
382 500
382 711
383 469
383 522
383 632
384 837
384 957
385 470
385 474
385 577
385 642
385 932
386 399
386 552
386 621
386 873
387 498
387 759
387 787
387 862
388 427
388 740
388 858
389 524
389 576
389 936
389 960
390 395
390 633
390 855
391 771
391 886
392 756
392 818
392 847
393 400
393 769
394 398
394 493
394 529
394 914
395 699
395 806
396 629
396 860
397 788
397 848
397 870
398 529
398 585
399 431
399 621
399 800
399 873
400 684
400 769
400 986
401 714
401 842
401 843
402 566
402 643
402 726
402 786
402 862
403 580
403 953
403 978
404 408
404 517
404 542
404 829
405 902
406 527
406 654
406 780
406 928
407 584
407 945
408 542
408 841
410 587
410 620
410 621
411 610
411 782
411 999
412 434
412 504
412 582
412 640
412 754
413 447
413 460
413 639
413 723
413 972
414 464
414 480
414 990
415 446
415 773
415 781
415 820
416 469
416 836
416 971
417 766
417 822
418 564
418 789
418 837
418 871
418 882
419 558
419 616
419 712
419 917
420 717
420 726
420 897
421 710
421 778
421 809
422 459
422 537
422 576
422 729
422 824
423 519
423 600
423 727
423 771
423 952
424 530
424 818
425 436
425 729
425 819
426 845
426 866
426 876
426 889
427 727
427 740
427 823
428 435
428 908
429 676
429 858
429 918
430 957
430 975
431 597
431 800
432 455
432 606
432 626
432 646
433 570
433 794
433 859
434 499
434 504
434 557
434 754
435 635
435 969
436 459
436 567
436 729
436 813
436 819
437 559
437 743
437 889
438 494
438 583
438 717
438 897
439 736
439 757
439 849
439 973
440 950
441 676
441 677
441 688
441 716
441 888
441 940
442 871
442 895
443 686
443 883
444 685
444 868
444 891
445 516
445 569
446 823
447 460
447 818
447 972
448 458
448 682
448 869
448 875
448 927
448 959
449 497
449 614
449 722
449 828
450 514
450 706
450 739
451 655
451 656
451 685
451 695
452 473
452 508
452 821
452 982
453 481
453 947
454 469
454 484
454 522
454 649
455 606
456 839
457 468
457 706
457 905
458 482
458 536
458 551
458 927
458 959
459 537
459 601
459 729
459 813
460 723
461 666
461 807
461 926
461 965
462 631
462 695
462 768
462 799
462 921
463 521
463 811
464 480
464 884
464 990
465 546
465 660
466 467
466 893
467 603
468 615
468 905
469 484
469 522
469 632
469 971
470 642
470 775
470 877
471 558
471 615
471 673
472 526
472 573
472 867
472 923
473 730
474 568
474 609
474 642
474 678
475 547
475 698
475 752
476 478
476 481
476 528
476 776
476 815
476 961
477 544
477 605
477 645
478 528
478 610
478 815
478 999
479 543
479 730
479 737
479 967
480 651
480 760
481 961
482 536
482 551
482 663
482 676
482 677
482 942
483 763
483 941
483 967
483 984
484 649
484 793
484 938
485 606
485 761
485 878
486 545
486 592
486 913
486 924
487 674
487 755
487 768
487 817
487 894
488 506
488 641
488 963
489 730
489 941
489 984
490 725
490 764
490 774
491 513
491 520
492 507
492 525
492 618
492 902
493 529
493 571
493 758
493 914
494 572
494 583
494 717
496 517
496 522
496 894
497 614
497 828
498 759
498 787
499 557
499 689
499 754
499 907
500 562
500 711
501 687
501 711
501 951
502 532
502 622
502 707
502 751
502 770
503 568
504 523
505 510
505 512
505 912
505 922
505 952
505 960
506 742
506 859
506 949
507 845
507 861
507 866
507 902
508 517
508 653
508 731
508 821
508 982
509 800
509 873
509 920
510 864
510 912
510 960
511 582
511 754
511 851
512 692
512 922
512 952
513 520
513 804
513 958
514 553
514 673
514 739
515 586
515 978
516 569
516 602
516 750
517 731
517 821
517 829
518 626
518 638
519 600
519 727
520 804
521 619
521 651
521 832
523 616
523 664
523 712
524 656
524 668
524 695
524 988
525 618
525 743
526 573
526 865
527 654
527 780
529 585
529 784
530 801
530 867
530 923
531 563
531 574
531 594
532 735
532 751
532 770
532 979
533 721
533 975
534 625
534 698
534 752
535 696
535 865
536 623
536 728
536 825
536 959
537 601
537 824
538 659
538 666
538 910
539 741
539 779
539 788
539 930
540 579
540 601
540 911
540 954
541 572
541 583
541 620
541 662
541 713
541 747
542 955
543 730
543 737
543 857
544 962
545 549
545 592
545 596
545 661
545 715
545 913
546 602
546 660
546 761
547 698
547 714
548 604
548 794
548 795
548 835
548 859
549 704
549 755
550 838
551 686
551 927
551 942
551 991
552 635
552 872
552 969
552 994
553 640
553 673
553 739
553 917
554 567
554 763
554 909
554 925
555 793
555 836
555 879
556 647
556 790
556 926
557 907
557 934
558 917
559 724
559 853
559 889
560 624
560 693
560 805
561 736
561 838
561 849
562 983
563 574
563 705
564 882
565 571
565 697
565 914
565 949
566 643
567 813
567 819
567 925
568 609
568 678
569 602
570 766
570 794
570 835
571 614
571 758
571 914
572 583
572 747
573 634
573 658
573 847
573 892
574 594
574 705
574 827
575 630
575 776
575 846
576 704
576 824
576 936
577 916
577 932
578 639
578 648
578 812
578 878
579 864
579 912
579 954
580 978
580 994
581 798
581 846
582 754
582 851
583 620
584 734
584 918
584 945
584 989
585 775
585 784
585 877
586 641
586 863
586 963
587 657
588 772
588 795
588 863
588 903
588 963
589 637
590 670
591 705
591 769
592 596
592 729
593 603
593 687
593 951
594 827
594 901
595 691
595 708
595 843
595 996
596 729
597 800
597 920
597 932
599 773
599 777
599 783
600 773
601 813
601 954
601 956
604 607
604 764
604 795
604 835
604 903
605 645
605 670
607 764
607 835
608 647
608 943
609 642
609 694
610 782
610 870
610 999
611 680
611 709
611 964
612 778
612 855
612 980
613 745
613 961
615 667
616 664
616 666
616 712
617 699
617 732
617 806
618 833
619 919
620 662
621 850
622 707
622 751
622 970
622 992
623 728
624 693
624 762
624 844
625 752
625 955
626 638
626 860
627 901
627 906
627 944
628 653
628 731
628 894
629 637
630 780
630 846
631 674
631 768
631 785
631 799
632 785
632 971
633 636
633 802
633 937
634 756
634 847
634 892
635 969
635 994
636 802
636 937
637 995
639 723
639 812
639 972
639 974
640 739
640 917
641 963
642 775
643 786
644 808
645 670
645 948
646 929
646 974
647 926
647 943
648 683
648 812
648 874
648 878
649 841
649 938
650 665
650 683
650 874
651 760
651 832
652 679
652 801
652 923
653 715
653 731
653 854
653 982
654 928
655 656
655 668
655 710
656 668
656 695
658 847
659 718
659 910
660 761
661 715
661 817
663 672
663 677
663 942
664 666
664 965
666 910
666 965
667 910
668 710
668 765
668 826
668 989
669 881
669 983
670 908
670 948
671 716
671 738
671 852
671 987
672 942
672 991
673 905
674 768
674 785
675 887
676 677
676 858
677 688
678 811
679 831
679 923
680 703
680 964
682 686
682 875
682 927
683 874
684 933
685 809
686 883
686 927
686 991
687 951
688 693
688 940
689 713
689 907
689 919
690 735
690 796
690 904
690 979
691 708
691 843
691 900
691 958
691 985
692 727
692 740
692 952
693 762
693 805
693 940
694 830
694 883
695 921
695 988
697 732
698 714
698 752
699 806
699 814
700 877
700 920
701 724
701 876
701 887
701 889
702 865
702 899
703 964
704 755
704 768
704 921
705 827
707 808
709 757
710 734
710 989
711 951
712 917
713 747
713 919
714 842
715 854
715 913
716 852
716 888
716 918
716 987
717 897
719 736
719 875
719 946
719 973
720 897
721 725
721 746
721 774
721 810
721 975
722 828
722 855
722 987
723 812
724 853
724 889
725 746
725 774
727 740
727 952
728 823
728 825
730 941
730 967
733 737
733 819
733 924
734 852
734 918
734 989
735 904
735 979
736 741
736 838
736 849
736 973
737 857
737 898
737 924
738 852
739 851
741 779
741 838
742 949
743 816
743 845
743 889
744 868
745 947
745 977
746 810
746 890
748 788
748 892
749 854
749 857
749 898
749 913
749 982
751 992
752 955
753 850
753 872
755 768
755 817
756 847
757 849
758 844
759 862
759 962
761 878
762 830
763 909
763 984
764 772
764 774
764 903
765 826
765 922
765 935
767 964
767 966
767 973
768 921
771 886
771 912
771 952
772 863
772 903
773 777
774 975
775 784
775 877
777 886
778 809
778 980
779 930
781 820
781 997
783 798
783 904
784 896
785 799
786 862
788 870
788 930
789 871
789 976
789 986
791 880
791 981
792 807
792 839
792 926
792 995
793 879
793 938
794 835
794 859
795 903
796 833
797 856
797 895
798 846
798 904
799 891
800 873
800 920
801 923
802 804
804 958
805 940
807 926
809 980
810 890
813 925
813 956
814 937
815 820
815 999
816 979
820 997
821 829
824 936
825 869
825 959
826 935
826 945
826 989
827 901
828 987
830 883
831 923
832 968
834 900
834 901
834 985
836 996
837 871
837 957
840 962
842 879
844 896
845 866
845 889
852 918
853 970
853 992
854 913
854 982
856 895
856 976
857 898
858 918
859 949
861 866
861 902
861 939
863 963
864 912
864 936
864 954
864 960
867 923
868 891
868 996
869 875
869 959
870 930
871 976
872 969
874 878
875 946
876 887
876 889
880 981
881 893
882 986
883 991
884 934
884 990
888 918
898 913
898 924
899 981
900 958
900 985
901 944
906 933
906 944
907 919
907 968
908 948
909 984
912 952
913 924
914 949
915 990
916 932
919 968
920 932
921 988
922 935
922 960
925 956
926 943
928 931
929 974
929 998
933 944
935 945
936 960
941 967
941 984
942 991
943 995
945 989
947 977
953 978
966 973
970 992
972 974
974 998
977 993
798 216
724 716
320 138
869 684
397 142
404 589
864 322
778 256
358 425
223 740
591 667
292 502
170 822
204 746
64 276
557 640
369 911
626 247
885 493
310 496
777 101
411 278
485 572
817 576
358 789
109 481
665 316
558 784
432 434
756 226
447 841
200 563
747 357
259 120
177 763
615 862
730 61
346 444
677 626
268 936
988 393
489 631
826 738
115 578
754 79
543 157
266 345
879 421
648 733
809 332
141 665
58 402
713 98
534 688
794 607
23 567
124 647
562 109
778 565
843 777
593 485
86 556
982 431
600 250
926 739
272 447
443 381
917 540
261 616
360 960
304 398
489 874
54 346
248 313
133 518
127 602
416 362
961 421
532 838
251 150
874 513
534 458
542 234
623 722
788 385
213 252
148 824
275 303
377 789
149 291
583 381
79 706
419 107
835 613
938 688
871 606
164 211
683 899
575 64
78 753
82 460
775 801
677 59
367 726
100 201
186 340
546 574
793 800
237 487
274 635
686 272
453 445
535 954
729 483
311 48
672 693
799 345
310 861
571 43
652 341
570 558
726 189
368 173
600 701
629 212
656 72
762 401
600 918
174 654
372 544
211 677
757 333
596 204
960 641
872 387
833 142
655 488
195 861
767 863
852 584
87 369
37 480
270 693
416 606
438 994
566 385
612 802
656 88
414 942
788 233
557 595
563 181
507 53
195 602
230 461
812 257
453 3
795 290
187 360
713 133
440 820
557 991
200 844
845 246
632 838
40 567
546 20
8 424
200 636
355 656
309 568
673 86
552 495
41 461
546 659
850 720
664 928
762 625
917 358
600 299
187 644
646 439
622 408
353 486
702 556
609 450
458 561
463 108
380 560
197 794
844 692
59 523
717 907
996 493
607 187
247 257
575 900
970 529
53 657
500 807
318 325
512 262
271 862
342 185
108 756
305 376
508 821
432 67
641 856
787 314
203 208
654 756
319 253
505 649
514 707
711 81
104 545
426 699
160 551
321 631
485 729
479 946
589 745
822 288
523 182
745 555
912 667
716 295
789 409
801 852
662 113
699 575
328 765
175 194
327 823
711 943
838 752
836 395
66 459
177 550
213 894
784 844
945 383
913 257
463 680
387 679
751 438
371 690
627 561
222 401
138 639
223 880
757 500
406 758
499 985
99 250
733 632
17 446
845 545
529 897
884 257
462 857
710 601
406 715
814 804
693 727
184 669
652 253
451 752
67 728
895 801
836 227
659 188
327 854
898 417
195 437
485 52
703 416
633 816
237 375
795 485
599 231
916 712
362 808
355 39
223 216
671 846
638 881
942 631
493 400
614 75
237 607
556 473
867 732
494 702
832 171
933 553
348 877
84 589
271 729
208 767
800 700
696 880
771 544
718 887
362 626
308 832
243 835
932 535
794 820
773 329
436 862
710 179
233 298
554 320
59 612
537 773
611 641
913 240
814 201
229 629
686 246
527 312
294 731
707 376
209 296
386 280
223 839
818 776
409 337
107 780
874 545
199 824
694 354
617 121
477 140
496 214
927 595
909 489
156 458
692 121
775 121
792 733
217 506
285 943
407 986
962 482
417 226
498 320
272 893
550 744
684 964
139 370
56 630
742 791
576 241
821 363
899 396
25 381
207 658
589 130
580 855
309 796
316 925
866 285
185 144
574 293
58 580
464 732
472 696
410 529
846 810
176 435
943 301
608 525
282 586
607 958
932 613
411 847
381 489
424 788
711 858
882 638
488 116
834 353
648 633
782 680
828 869
432 405
395 265
687 288
308 341
268 668
896 233
704 498
699 306
240 888
316 595
713 540
744 689
878 181
646 104
749 896
735 602
475 32
186 218
95 491
431 361
513 31
684 918
746 739
321 517
551 881
165 706
504 748
294 479
546 125
778 371
928 329
497 932
724 849
519 297
341 201
324 391
247 721
300 161
91 290
408 410
879 655
474 404
913 383
714 691
112 812
787 425
548 840
851 645
288 171
132 340
732 816
474 634
690 76
511 416
852 301
543 555
523 219
36 532
340 466
202 718
455 527
632 356
588 945
492 237
398 17
185 576
512 81
86 769
333 950
628 944
467 497
303 204
180 689
405 896
462 189
573 678
518 767
37 623
954 536
965 565
646 977
526 104
665 592
533 974
307 752
341 26
611 622
650 34
226 572
915 755
277 543
255 96
515 733
203 581
474 459
228 122
535 89
44 699
350 134
446 142
771 512
177 122
922 467
651 232
180 280
689 468
702 812
94 574
462 80
625 381
847 834
568 835
903 623
927 664
113 438
563 578
514 865
369 321
770 486
147 270
411 40
726 647
343 305
594 869
381 356
673 207
573 952
789 576
7 505
435 46
161 837
342 420
668 227
574 703
492 85
510 893
425 242
166 320
341 727
75 525
257 595
678 506
249 754
757 194
144 420
947 410
597 21
365 766
443 482
322 216
433 946
371 611
280 285
672 777
506 6
270 69
895 783
370 138
18 623
648 59
811 452
384 160
407 698
497 489
799 668
554 942
229 179
583 111
401 834
553 816
520 942
128 358
593 442
429 652
900 592
779 216
941 353
731 433
727 926
263 168
582 574
27 545
806 412
699 437
679 808
326 710
771 177
178 512
369 230
623 652
89 680
308 296
761 603
214 480
583 882
705 792
453 346
679 554
795 538
765 779
832 510
301 913
862 700
829 195
340 150
972 658
752 170
612 159
350 167
688 671
814 239
248 414
323 409
289 245
3 548
987 554
839 470
886 725
53 715
873 438
339 835
596 568
325 536
520 648
590 266
211 622
665 402
541 995
493 916
723 361
188 310
605 735
700 777
761 710
91 421
439 452
593 467
577 14
161 863
725 111
413 77
274 878
162 478
467 174
511 139
705 264
322 661
807 635
739 250
309 887
174 848
139 709
551 902
777 528
631 593
744 928
26 407
901 719
137 789
369 832
97 667
545 58
79 614
549 719
260 828
395 78
75 506
479 263
467 253
812 747
283 707
432 968
31 645
393 126
673 756
517 463
472 893
67 597
446 931
464 995
447 274
893 538
878 706
534 344
538 482
566 969
460 156
38 341
475 420
517 433
582 625
283 829
539 627
125 547
473 547
117 633
852 156
508 237
527 517
952 678
534 437
602 789
207 381
652 170
379 373
573 438
581 530
448 221
342 777
718 405
617 50
735 315
701 614
83 342
397 730
536 604
407 202
800 194
611 939
77 439
633 193
500 685
486 305
920 638
509 908
645 783
633 81
383 114
518 370
719 828
405 963
447 597
768 829
949 437
625 331
156 693
106 359
937 462
728 875
366 385
398 480
316 174
249 75
416 60
732 377
293 123
488 343
187 416
419 628
295 98
519 330
585 917
406 387
399 621
746 482
146 330
580 202
179 615
957 464
665 814
345 638
347 71
11 460
120 408
623 16
826 704
567 866
409 161
307 660
480 674
647 454
874 831
532 703
38 682
574 474
219 159
885 464
413 296
816 378
497 604
421 186
853 204
151 442
320 358
863 498
282 421
930 448
653 573
196 539
288 392
553 282
399 604
121 502
275 469
345 523
222 430
644 517
497 154
764 920
814 843
342 609
910 307
406 781
464 710
353 894
574 95
804 434
814 472
202 354
837 268
211 441
492 187
733 669
237 805
711 226
830 586
687 213
588 422
710 352
390 907
44 426
530 261
977 447
575 641
132 682
270 213
732 293
271 524
168 369
413 134
233 703
293 139
261 495
416 14
762 349
373 436
339 232
432 500
433 314
782 153
608 365
445 25
579 506
304 816
566 744
209 339
704 162
863 421
559 133
883 353
416 662
350 939
850 737
535 38
630 99
623 135
626 467
135 281
196 485
302 686
298 613
462 650
796 716
604 894
515 348
104 380
372 86
633 269
864 261
307 76
459 402
769 450
256 926
134 231
789 902
835 529
331 281
366 745
106 273
276 754
539 194
437 520
333 580
883 317
821 674
751 673
78 646
443 554
75 296
688 587
71 666
605 89
451 702
904 512
961 336
567 519
516 788
669 865
295 360
49 323
501 378
106 336
977 469
523 202
340 655
950 520
445 97
849 278
627 488
747 822
319 98
420 733
687 167
745 146
194 244
845 486
207 415
616 976
744 93
577 784
888 691
198 157
467 962
244 280
331 315
358 115
712 461
466 799
638 684
526 923
488 365
610 764
707 642
426 201
385 315
275 772
321 115
251 216
373 859
471 529
70 487
161 804
373 589
62 474
664 650
767 88
538 792
418 318
345 253
738 275
556 69
102 225
567 414
219 99
510 480
342 855
749 110
437 344
426 594
163 593
901 699
743 459
677 107
951 655
348 369
761 571
303 257
550 4
260 237
880 368
674 186
450 500
371 284
216 602
872 787
803 522
518 607
448 873
484 594
242 106
571 760
832 663
85 393
529 136
173 741
463 602
141 771
924 407
888 280
155 633
768 588
167 389
558 257
432 719
362 54
902 565
209 127
687 140
941 275
559 352
431 217
448 311
467 773
534 500
107 395
150 650
781 621
330 879
558 165
244 468
180 782
297 519
