1000 2969 10
44 36 91 76 85 56 86 70 26 34 65 20 72 96 13 36 83 48 36 8 1 34 34 32 48 81 49 74 63 29 92 26 80 32 40 24 40 54 74 54 46 52 20 30 43 77 36 7 83 43 94 90 91 64 74 97 36 52 92 37 89 85 21 6 41 73 51 48 45 14 95 12 65 17 90 27 97 41 55 49 20 74 99 54 52 74 48 23 11 31 24 31 89 90 57 28 31 46 76 27 5 13 85 82 76 72 85 89 39 28 40 8 3 7 30 62 30 12 43 30 93 77 55 87 1 56 48 41 18 71 92 29 44 33 11 30 38 42 41 79 42 90 94 15 42 74 94 80 59 51 97 18 84 90 78 18 3 45 64 45 32 38 40 82 73 66 72 76 87 40 81 14 1 100 47 30 23 40 62 21 1 58 28 45 76 13 89 92 55 5 59 87 91 74 12 91 31 2 37 85 74 100 38 63 53 95 16 44 100 90 82 66 97 61 49 80 32 90 15 39 73 71 33 98 60 6 28 59 23 1 58 29 87 55 95 72 15 25 43 97 97 69 84 46 75 63 100 43 75 44 83 42 90 91 57 93 88 42 70 82 17 33 12 9 36 36 91 22 51 15 57 97 85 13 86 87 24 99 81 80 9 17 3 43 4 68 21 3 12 25 23 57 55 81 8 94 34 41 36 77 79 13 29 12 52 65 9 81 37 47 10 26 91 41 41 84 64 19 43 9 33 24 59 41 31 2 1 94 86 68 21 66 65 21 12 30 86 10 82 76 51 14 3 78 1 21 70 30 90 89 76 80 22 13 93 44 30 12 78 37 58 88 72 57 42 90 21 37 20 77 7 18 56 16 56 88 27 93 17 45 52 46 46 14 16 50 25 89 64 52 21 33 2 2 8 7 47 13 99 100 17 34 77 94 63 63 49 31 48 41 22 34 21 35 70 58 79 47 62 86 69 64 81 48 58 24 47 56 64 66 55 73 82 42 98 46 48 61 54 59 92 75 93 45 98 84 23 29 32 9 64 87 62 21 94 65 88 94 90 42 63 52 44 70 31 10 20 54 23 73 28 18 23 91 96 22 61 12 27 97 18 53 70 32 24 47 94 51 52 85 81 19 99 68 3 21 73 54 43 30 90 87 90 51 1 59 91 36 97 70 5 36 3 36 87 8 47 60 99 3 63 52 41 68 75 33 53 100 24 75 9 89 36 81 9 28 11 95 40 49 78 40 69 4 81 74 79 47 45 49 9 2 1 21 95 45 73 35 47 62 71 65 20 72 100 80 53 10 36 19 97 94 83 10 6 11 81 86 78 3 78 57 8 62 82 100 80 47 30 62 96 4 91 96 99 63 23 92 59 63 56 32 96 16 62 33 73 6 62 37 16 24 26 78 88 26 95 14 43 82 1 83 98 39 9 74 87 9 24 53 14 92 15 49 21 4 29 71 85 9 76 81 17 89 61 43 9 88 34 48 15 62 2 96 9 38 33 17 48 47 49 46 46 27 4 27 8 27 37 79 44 65 69 19 94 49 1 27 97 67 52 75 37 20 50 77 75 10 6 55 75 18 90 14 13 57 69 55 62 69 2 32 95 93 5 32 38 15 49 43 67 52 35 67 79 100 50 85 49 9 77 46 1 56 74 90 33 82 90 19 4 94 67 78 62 77 13 76 14 39 6 37 63 56 89 52 10 91 26 30 28 24 30 76 27 22 23 89 63 17 53 54 15 25 45 66 40 14 34 39 62 58 14 26 21 8 48 7 11 100 54 4 8 13 5 44 97 78 88 39 88 56 20 54 18 85 91 58 16 95 69 64 63 24 69 90 75 35 44 25 51 83 87 78 91 49 7 80 73 21 59 7 73 35 69 9 37 62 1 12 87 91 11 1 67 98 40 44 90 22 55 89 50 48 60 17 4 59 63 27 1 32 15 52 92 65 50 75 15 99 4 91 34 2 54 73 83 65 13 36 28 87 31 33 38 23 59 87 55 64 60 9 25 68 44 62 40 31 67 22 40 76 23 54 75 81 14 56 35 2 64 71 47 72 51 72 76 38 1 15 54 73 24 3 17 27 71 66 50 91 12 26 93 53 52 5 10 8 86 84 76 88 64 45 55 14 53 13 31 51 5 64 40 100 8 36 63 85 62 65 82 73 76 86 82 64 96 51 34 28 81 3 5 57 37 7 7 60 60 14 68 71 92 76 77 60 37 2 19 92 4 84 61 60 82 56 13 74 98 31 31 56 55 89 14 8 94 69 5 52
0 13
0 46
0 241
0 273
0 908
1 59
1 130
1 223
1 331
1 522
1 739
1 787
2 164
2 177
2 274
2 327
2 499
2 580
3 310
3 397
3 642
3 864
3 919
3 920
3 991
4 144
4 196
4 221
4 278
4 399
4 451
4 809
5 34
5 104
5 221
5 227
5 809
5 993
6 423
6 561
6 680
6 741
6 742
7 41
7 91
7 281
7 392
7 598
7 625
7 706
8 53
8 83
8 457
8 636
8 810
8 899
9 16
9 240
9 381
9 529
9 691
10 424
10 498
10 541
10 560
10 735
11 81
11 201
11 460
11 923
11 985
12 38
12 393
12 421
12 426
12 604
13 46
13 241
13 261
13 566
13 611
13 626
13 918
14 128
14 642
14 734
14 919
14 926
15 355
15 610
15 767
15 905
16 50
16 240
16 691
16 751
17 33
17 357
17 568
17 791
17 820
17 950
18 291
18 423
18 561
18 741
18 882
18 998
19 52
19 402
19 717
19 789
20 43
20 65
20 208
20 315
20 350
20 500
20 868
21 35
21 71
21 187
21 198
21 485
21 605
21 894
22 257
22 450
22 576
22 617
22 861
22 910
23 38
23 176
23 393
23 759
23 875
23 946
24 30
24 197
24 276
24 574
24 657
24 830
24 912
25 78
25 105
25 186
25 275
25 587
25 710
26 424
26 534
26 560
26 617
26 861
26 978
27 62
27 244
27 475
27 685
27 720
27 853
28 358
28 558
28 559
28 700
28 771
29 79
29 351
29 471
29 747
29 780
30 32
30 582
30 657
30 830
30 986
31 194
31 320
31 514
31 649
31 748
32 84
32 508
32 559
32 582
32 771
32 788
32 830
33 357
33 613
33 719
33 791
34 221
34 222
34 250
34 278
34 641
34 993
35 195
35 198
35 475
35 605
35 824
35 913
36 148
36 237
36 655
36 879
36 960
37 103
37 133
37 289
37 298
37 588
37 661
37 836
38 393
38 604
38 946
39 457
39 504
39 589
39 786
39 826
39 904
39 925
40 167
40 473
40 507
40 518
40 795
40 947
41 118
41 552
41 556
41 598
41 706
41 840
42 93
42 165
42 249
42 373
42 388
42 452
42 638
42 769
43 65
43 277
43 417
43 868
44 162
44 216
44 514
44 649
44 855
44 933
45 141
45 166
45 546
45 718
45 885
46 75
46 261
46 273
46 358
47 56
47 168
47 422
47 506
47 529
48 118
48 552
48 623
48 636
48 740
48 757
48 935
49 199
49 410
49 545
49 562
49 568
49 820
50 240
50 271
50 430
50 445
50 684
50 751
50 758
51 123
51 303
51 382
51 392
51 583
51 832
52 522
52 608
52 717
52 789
53 156
53 712
53 810
53 816
53 823
53 899
54 181
54 216
54 320
54 514
54 703
54 716
54 730
54 842
55 345
55 472
55 504
55 743
55 805
55 925
56 168
56 240
56 445
56 460
56 529
57 427
57 447
57 654
57 876
57 951
58 161
58 309
58 414
58 441
58 746
58 749
59 111
59 130
59 214
59 331
59 601
59 849
59 988
60 81
60 202
60 271
60 758
61 63
61 96
61 760
61 890
61 963
62 103
62 195
62 475
62 588
62 853
63 537
63 571
63 630
63 890
63 963
64 599
64 845
64 887
64 924
64 956
64 980
65 277
65 304
65 308
65 500
65 990
66 178
66 311
66 450
66 516
66 535
66 548
67 256
67 274
67 327
67 366
67 431
68 83
68 270
68 344
68 440
68 448
68 740
68 826
69 122
69 132
69 447
69 570
69 972
70 138
70 564
70 702
70 806
70 878
71 198
71 465
71 485
71 803
72 211
72 215
72 307
72 486
72 531
72 644
72 815
73 277
73 434
73 439
73 534
73 978
74 92
74 505
74 565
74 637
74 643
74 909
74 977
75 273
75 358
75 700
76 227
76 248
76 443
76 683
76 993
77 342
77 482
77 541
77 801
77 847
77 866
78 186
78 220
78 297
78 454
78 526
78 710
79 471
79 582
79 657
79 747
79 967
79 986
80 189
80 335
80 337
80 418
80 563
80 892
80 896
81 202
81 460
81 675
81 758
81 923
82 108
82 121
82 590
82 714
82 728
82 862
83 457
83 636
83 740
83 757
83 826
84 508
84 559
84 886
85 105
85 108
85 186
85 819
85 829
85 987
86 343
86 369
86 442
86 495
86 542
86 934
87 438
87 732
87 858
87 982
88 119
88 192
88 366
88 447
88 530
88 570
88 654
89 287
89 374
89 766
89 845
89 956
90 421
90 426
90 606
90 618
90 829
90 987
91 259
91 386
91 392
91 598
92 153
92 565
92 808
92 909
93 249
93 479
93 769
94 155
94 169
94 488
94 554
94 567
94 779
94 961
95 399
95 451
95 674
95 752
95 766
95 794
95 921
96 341
96 600
96 689
96 760
96 963
97 126
97 140
97 185
97 268
97 292
97 586
97 854
98 110
98 283
98 300
98 387
98 602
98 812
98 932
99 203
99 695
99 804
99 911
99 994
100 180
100 472
100 659
100 782
100 792
100 925
101 322
101 421
101 604
101 606
101 665
102 132
102 260
102 385
102 394
102 679
102 699
102 705
102 972
103 195
103 298
103 588
104 227
104 361
104 428
104 809
105 108
105 186
105 275
105 862
106 290
106 774
106 881
106 964
107 341
107 481
107 656
107 689
107 837
107 981
108 121
108 829
108 862
109 427
109 693
109 790
109 876
110 579
110 648
110 812
110 932
111 296
111 490
111 601
111 988
112 300
112 306
112 353
112 400
112 653
112 677
112 979
113 219
113 603
113 650
113 711
113 898
113 964
114 191
114 394
114 447
114 687
114 693
114 876
115 415
115 496
115 546
115 885
115 948
116 156
116 279
116 316
116 352
116 692
116 762
117 131
117 524
117 694
117 736
117 744
117 775
117 838
118 458
118 552
118 840
118 935
119 256
119 366
119 654
119 776
120 232
120 243
120 573
120 696
120 778
120 843
121 288
121 322
121 714
121 829
121 968
122 180
122 190
122 570
122 792
122 873
122 972
123 303
123 313
123 382
123 622
124 213
124 375
124 458
124 668
124 840
124 907
125 253
125 323
125 406
125 416
125 461
125 479
126 140
126 181
126 185
126 212
126 482
126 866
127 321
127 364
127 384
127 612
127 802
127 901
127 927
128 642
128 734
128 824
128 913
129 330
129 459
129 516
129 586
129 662
130 223
130 544
130 988
131 231
131 302
131 524
131 694
132 191
132 260
132 447
132 972
133 289
133 727
133 836
133 870
133 943
134 235
134 238
134 470
134 505
134 553
134 977
135 441
135 768
135 812
135 821
135 979
135 984
136 154
136 226
136 466
136 507
136 511
136 632
137 244
137 247
137 355
137 685
137 711
138 379
138 398
138 564
138 702
139 396
139 671
139 895
139 952
140 181
140 194
140 292
140 320
141 166
141 678
141 718
141 950
142 409
142 631
142 760
142 890
142 975
143 449
143 474
143 816
143 864
143 880
143 920
144 193
144 196
144 451
144 480
144 794
145 490
145 587
145 710
145 754
145 997
146 488
146 503
146 779
147 305
147 312
147 337
147 563
147 873
148 237
148 306
148 334
148 569
148 879
149 327
149 572
149 695
149 701
149 916
149 962
150 192
150 209
150 286
150 593
150 627
150 782
150 917
151 184
151 364
151 539
151 770
151 901
152 165
152 343
152 369
152 373
152 525
152 897
153 222
153 225
153 709
153 808
153 909
154 309
154 333
154 507
154 632
154 971
155 169
155 389
155 488
155 503
155 954
155 970
155 981
156 316
156 712
156 762
156 816
157 274
157 338
157 431
157 499
157 593
158 279
158 401
158 485
158 540
158 692
158 725
158 818
159 218
159 362
159 387
159 715
159 914
160 430
160 691
160 751
160 761
161 441
161 553
161 749
162 216
162 233
162 378
162 404
162 521
162 777
162 933
162 976
163 254
163 372
163 386
163 616
163 639
164 177
164 327
164 701
164 856
165 373
165 452
165 525
166 633
166 719
166 791
166 885
166 950
167 206
167 226
167 507
167 795
168 201
168 460
168 506
169 567
169 877
169 981
170 253
170 323
170 406
170 581
170 651
170 750
170 888
171 188
171 304
171 317
171 439
171 527
171 949
171 990
172 272
172 370
172 646
172 958
172 973
173 264
173 555
173 712
173 762
173 798
173 823
173 966
174 407
174 628
174 717
174 796
174 851
174 929
175 200
175 550
175 616
175 779
175 825
176 393
176 664
176 828
176 875
177 401
177 580
177 856
178 228
178 354
178 450
178 548
178 576
178 891
179 333
179 349
179 374
179 502
179 507
179 518
179 784
180 286
180 570
180 782
180 792
181 320
181 716
181 866
182 207
182 313
182 622
182 919
182 926
182 936
183 314
183 400
183 594
183 677
183 698
184 265
184 266
184 476
184 770
184 901
185 212
185 311
185 433
185 535
185 586
186 220
186 819
187 356
187 485
187 725
187 894
187 944
188 246
188 527
188 858
188 990
189 418
189 435
189 896
189 953
190 312
190 679
190 873
190 972
191 260
191 447
191 687
191 939
192 366
192 431
192 530
192 593
192 917
193 196
193 222
193 480
193 909
193 977
194 292
194 320
194 435
194 748
195 298
195 475
195 913
196 222
196 278
197 566
197 574
197 771
197 830
197 918
198 310
198 465
198 824
198 864
198 991
199 410
199 562
199 781
199 954
199 970
200 254
200 269
200 533
200 616
200 825
200 969
201 460
201 506
201 985
202 271
202 667
202 675
202 753
202 787
203 285
203 701
203 804
203 856
203 994
204 341
204 607
204 656
204 683
204 763
204 975
205 384
205 477
205 509
205 533
205 969
206 226
206 258
206 466
206 773
206 795
207 397
207 536
207 622
207 919
208 336
208 350
208 680
208 742
208 868
209 338
209 555
209 593
209 627
209 966
210 267
210 370
210 614
210 624
210 965
211 215
211 413
211 815
212 433
212 482
212 833
212 847
213 270
213 344
213 458
213 519
213 668
213 903
214 409
214 601
214 849
214 869
215 385
215 413
215 455
215 531
215 705
215 976
216 514
216 521
216 703
217 242
217 266
217 363
217 903
217 915
218 282
218 387
218 715
218 983
219 483
219 603
219 711
220 526
220 538
220 599
220 819
220 924
220 940
221 278
221 809
222 250
222 278
222 340
222 709
222 909
223 405
223 522
223 544
223 996
224 238
224 553
224 673
224 749
224 835
225 269
225 294
225 332
225 709
225 808
226 466
226 507
227 248
227 361
227 993
228 362
228 576
228 891
229 241
229 252
229 564
229 573
229 878
230 463
230 730
230 772
230 842
230 945
230 998
231 302
231 471
231 694
231 780
231 839
232 566
232 574
232 778
232 843
232 865
233 456
233 531
233 621
233 707
233 933
233 976
234 251
234 293
234 388
234 452
234 958
234 973
235 470
235 553
235 821
235 984
236 436
236 578
236 822
236 941
237 334
237 646
237 960
237 965
238 480
238 553
238 794
238 835
238 977
239 319
239 484
239 495
239 501
239 614
239 708
240 445
240 529
241 252
241 573
241 626
241 908
242 354
242 363
242 891
242 915
243 379
243 398
243 573
243 696
244 247
244 396
244 685
244 720
245 349
245 374
245 766
245 921
246 371
246 438
246 510
246 512
246 527
246 697
246 858
247 396
247 483
247 711
248 361
248 607
248 658
248 683
248 859
249 388
249 416
249 479
249 773
250 295
250 340
250 641
251 452
251 525
251 624
251 934
251 958
252 523
252 688
252 878
252 908
253 406
253 479
253 584
253 888
253 946
254 372
254 616
254 969
255 281
255 583
255 625
255 635
255 797
255 992
256 327
256 366
256 776
256 962
257 433
257 450
257 535
257 560
257 735
257 833
257 861
258 416
258 461
258 773
258 795
258 841
259 386
259 392
259 831
259 832
260 394
260 687
260 939
261 358
261 558
261 771
261 918
262 318
262 483
262 603
262 609
262 902
263 328
263 393
263 426
263 618
264 589
264 627
264 640
264 793
264 823
264 966
265 476
265 615
265 827
265 901
265 907
265 927
266 476
266 668
266 770
266 903
266 915
267 326
267 462
267 614
267 965
268 330
268 377
268 586
268 854
269 294
269 332
269 533
269 825
270 344
270 448
270 519
270 543
271 666
271 753
271 758
272 293
272 466
272 489
272 646
272 973
273 700
273 755
273 908
274 327
274 431
274 499
275 587
275 713
275 721
275 862
276 301
276 574
276 865
276 912
277 308
277 417
277 439
277 534
279 352
279 485
279 692
279 803
280 497
280 575
280 676
280 722
280 857
280 995
281 625
281 635
281 706
282 387
282 493
282 602
282 983
283 299
283 300
283 585
283 602
283 653
284 402
284 667
284 753
284 789
285 376
285 551
285 856
285 994
286 570
286 782
286 917
287 374
287 473
287 518
287 664
287 828
287 956
287 957
288 322
288 606
288 665
288 829
289 588
289 694
289 727
289 839
289 905
290 681
290 690
290 774
290 964
291 423
291 463
291 756
291 871
291 882
291 945
292 435
292 577
292 854
293 388
293 466
293 773
293 973
294 340
294 709
294 800
294 825
295 340
295 554
295 641
295 800
296 490
296 601
296 658
296 859
296 997
297 428
297 454
297 526
297 538
297 595
298 661
298 734
298 913
299 400
299 585
299 653
300 653
300 812
300 979
301 496
301 546
301 696
301 718
301 778
301 846
301 865
301 912
302 471
302 524
302 690
302 967
303 536
303 583
303 622
304 308
304 439
304 990
305 337
305 346
305 472
305 792
305 873
306 353
306 569
306 669
306 677
306 879
307 339
307 557
307 644
307 815
308 439
309 414
309 632
309 746
309 860
309 971
310 864
310 991
311 516
311 535
311 586
312 339
312 563
312 679
312 873
312 974
313 365
313 382
313 613
313 622
313 936
314 400
314 434
314 513
314 585
314 698
314 883
314 978
315 350
315 500
315 807
315 982
316 352
316 449
316 816
316 930
317 390
317 439
317 737
317 765
317 874
317 949
318 497
318 609
318 704
318 902
318 995
319 371
319 408
319 484
319 495
319 697
319 922
320 514
321 384
321 509
321 565
321 637
321 802
322 604
322 665
322 946
322 968
323 406
323 461
323 581
323 841
324 554
324 779
324 800
324 825
325 469
325 491
325 540
325 620
325 629
325 906
326 425
326 462
326 614
326 708
326 765
326 874
327 701
327 962
328 393
328 618
328 664
328 887
328 980
329 415
329 596
329 645
329 870
329 900
329 943
329 948
330 377
330 459
330 586
331 739
331 799
331 849
331 985
332 509
332 533
332 808
333 502
333 507
333 971
334 462
334 569
334 594
334 677
334 965
335 346
335 813
335 892
335 896
335 989
336 742
336 801
336 868
336 871
336 955
337 346
337 563
337 892
338 499
338 555
338 593
338 798
338 893
339 418
339 557
339 563
339 815
339 974
340 709
340 800
341 656
341 689
341 760
341 975
342 541
342 652
342 801
342 955
343 369
343 442
343 467
343 512
343 897
344 440
344 458
344 935
345 487
345 504
345 578
345 743
346 472
346 805
346 813
346 892
347 377
347 435
347 577
347 813
347 850
347 896
347 989
348 364
348 387
348 391
348 539
348 914
348 932
349 374
349 784
349 921
350 561
350 680
350 807
351 596
351 727
351 747
351 780
351 943
352 803
352 930
353 597
353 669
353 768
353 979
354 363
354 468
354 548
354 686
354 891
355 446
355 515
355 610
355 685
355 711
355 744
355 767
356 412
356 629
356 725
356 906
356 944
357 492
357 568
357 613
357 811
357 863
358 558
358 700
359 538
359 595
359 674
359 940
360 367
360 381
360 411
360 529
360 723
360 724
360 761
361 428
361 658
362 391
362 576
362 715
362 891
362 914
362 915
363 468
363 549
363 903
364 539
364 612
364 648
364 901
364 932
365 415
365 613
365 633
365 647
365 719
365 936
366 431
367 422
367 529
367 571
367 724
367 764
367 834
368 389
368 517
368 545
368 562
368 689
368 781
368 837
369 525
369 934
370 624
370 646
370 958
370 965
371 484
371 510
371 697
371 928
372 375
372 477
372 615
372 639
372 969
373 638
373 897
374 518
374 766
375 556
375 615
375 639
375 840
375 907
376 551
376 672
376 852
376 994
377 459
377 577
377 850
377 854
378 404
378 777
378 938
379 398
379 564
379 573
380 386
380 532
380 811
380 831
380 863
380 889
381 529
381 691
381 761
382 492
382 613
382 831
382 832
383 470
383 505
383 579
383 637
383 643
383 802
384 477
384 509
384 827
384 927
385 394
385 705
385 790
386 528
386 532
386 598
386 616
386 639
386 831
387 602
387 914
387 932
388 452
388 773
389 781
389 837
389 954
389 981
390 434
390 439
390 737
391 539
391 914
391 915
392 583
392 625
392 832
393 426
393 664
394 687
394 693
394 790
395 448
395 822
395 826
395 904
395 941
396 483
396 720
396 895
396 952
397 536
397 797
397 880
397 919
397 920
398 696
398 702
398 872
398 931
399 451
399 595
399 674
399 809
400 585
400 653
400 677
401 469
401 540
401 551
401 580
401 818
401 856
402 666
402 717
402 726
402 753
402 789
403 437
403 517
403 619
403 702
403 931
404 521
404 772
404 937
404 938
405 544
405 608
405 713
405 996
407 429
407 728
407 796
407 929
408 442
408 467
408 495
408 512
408 922
409 631
409 763
409 849
409 869
409 975
410 568
410 863
410 884
410 889
410 970
411 520
411 523
411 688
411 723
411 724
411 806
412 575
412 629
412 722
412 944
413 455
413 815
413 974
414 502
414 729
414 749
414 971
415 633
415 647
415 885
415 900
415 948
416 461
416 479
416 773
417 424
417 498
417 534
417 652
417 868
418 464
418 557
418 563
418 953
418 999
419 571
419 619
419 834
419 963
420 592
420 620
420 672
420 733
420 848
420 852
420 857
421 426
421 604
421 606
422 506
422 529
422 764
422 844
423 741
423 742
423 871
424 498
424 534
424 560
425 462
425 594
425 698
425 765
426 618
427 790
427 876
427 951
428 454
428 595
428 658
428 710
428 809
429 590
429 634
429 714
429 728
429 796
430 432
430 684
430 723
430 751
430 761
431 593
432 520
432 684
432 723
432 738
432 783
433 535
433 833
434 439
434 737
434 883
434 978
435 577
435 748
435 896
435 953
435 959
436 459
436 578
436 662
436 686
436 822
437 517
437 545
437 872
437 931
438 512
438 807
438 858
438 982
440 740
440 935
441 553
441 746
441 768
441 984
442 467
442 495
443 567
443 656
443 683
443 877
443 961
443 993
444 634
444 714
444 968
445 460
445 758
446 515
446 711
447 570
447 654
447 876
448 543
448 822
448 826
449 465
449 816
449 864
449 930
450 535
450 576
451 794
452 525
453 750
453 828
453 867
453 875
453 957
454 710
455 699
455 705
455 974
456 464
456 621
456 644
456 707
456 999
457 589
457 823
457 826
457 899
458 840
458 935
459 487
459 578
459 662
459 850
460 758
461 841
462 594
462 965
463 756
463 801
463 842
463 945
464 707
464 855
464 953
464 959
464 999
465 803
465 864
465 930
466 489
466 511
466 773
467 512
468 549
468 686
468 822
469 540
469 551
469 620
469 672
470 505
470 579
470 821
471 780
471 967
472 792
472 805
472 925
473 518
473 867
473 947
473 957
474 660
474 816
474 880
474 992
475 605
475 720
475 952
476 668
476 907
477 615
477 827
477 969
478 506
478 630
478 817
478 844
478 985
479 769
479 897
480 794
480 977
481 656
481 877
481 981
482 847
482 866
483 603
483 711
483 895
483 902
484 708
484 874
484 928
485 725
485 803
486 531
486 621
486 644
487 578
487 743
487 850
488 503
488 779
489 511
489 646
489 960
490 754
490 988
490 997
491 620
491 629
491 676
492 613
492 811
492 831
493 513
493 585
493 602
493 731
493 983
494 581
494 750
494 867
494 947
495 501
495 542
496 546
496 645
496 912
496 948
497 704
497 722
497 995
498 541
498 652
499 580
499 818
499 893
500 732
500 982
500 990
501 542
501 614
501 624
502 673
502 729
502 784
502 971
503 550
503 779
503 785
503 970
504 578
504 904
504 925
504 941
505 643
505 977
506 844
506 985
507 518
508 670
508 788
508 886
509 533
509 565
509 808
510 527
510 928
510 949
511 632
511 655
511 960
512 697
512 897
512 922
513 585
513 731
513 978
514 649
515 650
515 711
515 744
515 964
516 548
516 586
516 662
516 686
517 545
517 600
517 619
517 689
519 543
519 663
519 903
520 523
520 723
520 783
521 703
521 772
522 608
522 667
522 787
522 789
522 996
523 688
523 783
523 908
524 690
524 736
524 774
525 934
526 538
527 949
528 532
528 550
528 616
530 570
530 917
531 621
531 976
532 550
532 785
532 884
532 889
533 969
534 978
536 583
536 622
536 797
537 591
537 630
537 631
537 817
537 890
538 595
538 940
539 770
539 915
540 725
540 906
541 652
541 735
541 833
541 847
542 624
542 934
543 549
543 663
543 822
544 587
544 713
544 754
544 988
545 562
545 678
545 820
545 872
546 718
546 885
547 682
547 776
547 790
547 951
547 962
548 686
549 663
549 822
549 903
550 616
550 779
550 785
551 672
551 856
552 623
552 706
553 749
553 984
554 641
554 779
554 800
554 961
555 798
555 966
556 598
556 639
556 840
557 644
557 999
558 771
559 700
559 771
559 886
560 735
560 861
561 680
561 741
561 807
561 998
562 781
564 573
564 878
565 637
565 808
566 574
566 611
566 843
566 918
567 877
567 961
568 820
568 863
569 677
570 917
571 630
571 764
571 834
571 963
572 682
572 695
572 790
572 911
572 962
573 611
573 626
573 843
574 865
575 629
575 676
575 722
576 715
576 910
577 854
578 941
579 612
579 648
579 802
579 812
579 821
580 818
581 750
581 841
581 947
582 670
582 788
582 967
582 986
583 625
583 797
584 888
584 942
584 946
585 602
587 710
587 713
587 754
588 767
588 853
588 905
589 640
589 786
589 823
590 714
590 728
591 631
591 799
591 817
591 985
592 733
592 857
592 995
594 677
594 698
595 674
595 809
596 645
596 747
596 912
596 943
597 655
597 669
597 746
597 768
597 860
597 879
598 639
599 819
599 924
599 980
599 987
600 619
600 689
600 963
601 859
601 869
603 609
603 898
604 946
605 894
605 952
606 665
606 829
607 683
607 763
607 859
607 869
608 713
608 717
608 851
608 996
609 898
609 995
610 694
610 744
610 775
610 905
611 626
611 843
612 648
612 802
613 719
614 624
614 708
615 827
615 907
617 715
617 731
617 861
617 910
617 978
618 980
618 987
619 702
619 834
619 963
620 672
620 676
620 857
621 644
623 635
623 636
623 706
624 934
624 958
627 659
627 782
627 793
627 966
628 666
628 717
628 726
628 796
629 676
629 906
630 764
630 817
630 844
631 799
631 849
631 890
632 655
632 860
633 719
633 885
634 666
634 714
634 796
634 968
635 636
635 660
635 706
635 992
636 660
636 757
636 810
637 643
637 802
638 769
638 897
640 786
640 793
641 961
641 993
642 824
642 919
642 991
644 999
645 912
645 948
646 960
646 965
647 814
647 900
647 926
647 936
648 932
649 748
649 855
650 711
650 964
651 750
651 759
651 875
651 888
652 868
652 955
654 776
654 951
655 860
655 879
655 960
656 683
656 877
657 747
657 912
657 986
658 710
658 859
658 997
659 782
659 786
659 793
659 925
660 810
660 816
660 992
661 734
661 814
661 836
661 926
662 686
663 903
664 828
664 887
664 956
666 726
666 753
666 796
667 753
667 787
667 789
668 903
668 907
669 879
670 681
670 690
670 788
670 886
670 967
671 704
671 722
671 895
671 944
671 952
672 852
673 729
673 749
673 784
673 835
673 921
674 752
674 940
675 739
675 745
675 787
675 923
676 857
678 718
678 820
678 872
678 950
679 699
679 972
679 974
680 742
681 690
681 886
682 790
682 962
684 700
684 738
684 755
685 767
685 853
686 822
687 939
688 806
688 878
689 837
690 774
690 967
691 751
691 761
692 762
692 798
692 818
692 893
693 790
693 876
694 775
694 839
694 905
695 804
695 911
695 916
696 778
696 846
696 872
697 922
698 765
698 883
699 705
699 974
700 755
700 886
701 804
701 856
701 916
702 806
702 834
702 931
703 730
703 772
704 722
704 895
704 902
707 855
707 933
708 874
710 997
712 762
712 823
713 721
713 851
714 968
715 731
715 910
715 983
716 801
716 842
716 866
717 726
717 851
718 846
718 872
719 791
720 952
721 851
721 862
721 929
722 944
723 761
724 806
724 834
725 906
727 780
727 839
727 943
728 862
728 929
729 749
730 772
730 842
731 978
731 983
732 858
732 982
732 990
733 848
733 898
733 995
734 913
734 926
735 833
736 774
736 838
736 881
737 765
737 883
738 755
738 783
738 908
739 745
739 787
739 985
740 757
740 935
742 871
743 805
743 813
743 850
744 775
744 838
744 964
745 923
745 985
746 768
746 860
747 912
748 855
748 959
750 867
750 875
752 766
752 845
752 924
752 940
754 988
755 908
756 801
756 871
759 875
759 888
759 942
759 946
760 890
760 975
762 798
763 869
763 975
764 844
765 874
765 883
766 845
766 921
767 853
767 905
768 979
769 897
770 915
771 830
771 918
772 937
772 998
774 881
776 951
776 962
777 938
777 976
778 865
779 825
780 839
781 954
783 908
784 921
785 884
785 970
786 793
786 925
790 911
790 951
791 950
792 873
794 835
794 921
795 841
795 947
797 880
797 992
798 893
799 849
799 985
800 825
801 842
801 866
801 871
801 955
803 930
804 916
805 813
806 834
806 878
807 937
807 982
807 998
810 816
811 831
811 863
812 821
812 979
813 850
813 989
814 836
814 900
814 926
815 974
817 985
818 893
819 987
820 950
821 984
822 941
823 899
824 913
824 991
826 904
827 927
828 875
828 957
829 987
831 832
833 847
835 921
836 870
836 900
837 981
838 881
838 964
841 947
845 924
845 956
846 872
848 852
848 898
848 911
851 929
852 911
852 994
855 933
855 959
857 995
858 990
859 869
862 929
863 889
864 920
867 947
867 957
868 955
870 900
870 943
872 931
874 928
874 949
877 981
880 920
880 992
881 964
882 945
882 998
884 889
884 970
887 956
887 980
888 942
891 915
894 944
894 952
895 902
896 989
898 995
901 927
904 941
909 977
911 994
919 926
923 985
924 940
926 936
928 949
937 938
937 976
937 998
938 976
942 946
944 952
945 998
953 959
954 970
958 973
961 993
980 987
783 842
906 540
201 728
428 729
687 390
705 445
210 164
445 610
333 602
892 723
302 250
925 625
863 204
741 836
458 771
470 904
911 729
608 686
162 170
964 460
283 157
368 779
342 294
814 181
650 834
848 379
348 255
429 864
739 919
588 880
655 877
170 355
664 926
583 679
676 445
402 802
533 181
500 835
855 181
272 548
687 177
451 581
586 44
306 181
111 348
613 734
754 856
909 677
394 565
662 657
939 725
494 660
949 468
319 629
171 300
223 524
919 696
85 670
593 263
865 505
979 591
794 628
442 855
821 625
787 272
299 147
311 365
172 707
347 523
104 594
778 749
357 763
30 446
359 193
584 375
773 883
736 488
245 270
801 371
617 890
153 468
943 610
910 312
344 577
682 951
857 315
498 45
292 60
134 666
743 260
847 256
495 601
579 404
603 40
659 543
706 329
778 639
239 366
468 310
150 838
194 567
902 220
43 559
480 832
756 437
871 347
557 988
723 582
880 318
55 682
475 324
847 499
495 247
411 983
44 641
595 764
298 709
517 941
411 540
130 690
703 790
904 274
120 581
502 681
418 502
711 61
238 325
499 390
452 785
277 403
881 499
540 927
80 603
539 829
582 326
553 275
621 187
419 900
747 754
362 873
218 348
622 719
799 579
379 680
656 349
851 448
626 545
131 514
512 198
130 758
210 642
447 401
534 17
595 416
631 204
657 589
312 669
226 680
283 763
400 335
891 761
598 278
84 330
513 540
183 760
558 49
598 725
668 167
920 657
683 555
745 110
360 120
546 120
269 641
934 393
569 512
790 188
203 760
336 358
678 227
164 595
197 312
492 719
458 206
443 419
262 344
835 354
334 800
332 87
147 438
112 549
65 611
172 670
641 379
189 360
444 830
660 388
694 853
396 762
644 631
548 504
919 641
956 579
157 819
756 543
524 452
641 144
467 704
245 163
225 646
491 116
21 494
265 299
402 489
832 532
6 504
127 307
378 416
407 318
390 972
803 332
691 426
648 421
899 492
633 305
593 451
639 162
748 468
361 357
774 790
156 243
543 909
690 805
63 381
563 88
559 309
289 471
519 171
633 331
455 85
914 713
771 813
367 394
708 775
408 878
706 280
369 62
404 903
767 482
615 61
657 464
538 88
790 790
772 83
522 526
430 640
147 718
309 289
670 102
498 623
37 595
731 870
343 937
822 234
262 610
462 437
424 435
478 133
249 393
578 470
381 488
992 575
569 133
787 863
190 716
869 379
656 811
326 178
671 403
322 745
289 887
427 625
424 304
459 275
983 516
186 827
177 615
725 223
903 258
511 851
574 991
177 190
201 373
587 104
614 458
649 485
833 478
774 380
472 819
459 245
490 276
653 781
560 932
475 670
334 131
146 527
509 218
58 455
325 144
605 240
412 741
281 359
111 520
513 704
419 207
258 114
333 700
380 145
328 919
438 61
189 328
537 405
926 244
713 78
619 494
268 823
459 131
157 740
799 241
556 797
260 404
872 559
569 439
650 223
501 175
172 466
228 200
143 497
242 681
75 480
641 468
750 597
252 239
471 12
385 509
238 494
174 500
195 433
434 353
692 259
236 137
584 858
325 725
518 240
335 393
454 912
315 811
586 663
757 899
748 348
845 735
778 446
378 346
360 425
462 364
550 716
156 699
855 697
709 636
517 29
529 125
404 72
493 496
567 24
718 242
462 511
202 832
227 422
69 311
732 765
563 612
875 735
524 674
542 351
514 435
9 567
532 581
437 329
580 75
682 596
385 162
412 369
464 627
816 208
16 589
305 503
385 884
436 705
724 742
703 374
460 222
240 768
988 456
745 703
85 294
901 465
742 83
940 370
433 30
823 564
626 638
828 750
312 845
34 512
623 245
548 749
660 78
302 198
112 450
807 675
241 909
856 219
871 672
181 175
310 236
452 167
837 225
69 695
770 416
946 316
895 778
183 696
860 821
282 313
371 182
156 405
287 439
722 697
296 44
356 156
367 543
577 278
470 31
722 500
950 289
931 710
442 927
101 631
331 497
357 701
316 317
678 338
565 73
757 171
785 392
30 531
78 406
302 597
410 518
269 425
940 649
684 83
480 154
178 226
110 402
358 726
603 148
452 12
341 426
247 807
549 328
573 908
196 531
706 183
380 657
419 843
447 441
510 461
860 631
649 26
641 344
721 557
239 298
392 927
423 85
335 765
38 410
245 452
645 550
572 155
851 474
269 846
550 663
415 290
729 148
460 63
602 783
317 902
292 234
240 713
278 112
485 79
654 246
615 560
263 509
576 341
892 654
657 189
654 940
545 419
389 99
580 179
405 10
409 251
151 333
451 946
295 391
724 680
690 209
377 472
830 787
105 292
943 502
805 785
542 950
538 58
783 363
360 83
555 563
876 715
159 652
27 381
575 588
558 458
333 229
293 324
460 686
833 607
766 352
434 387
272 784
271 261
496 65
342 472
883 467
679 670
632 762
91 717
314 380
348 442
569 541
225 798
419 583
603 307
637 501
256 652
466 546
81 449
725 894
714 936
310 266
182 139
677 654
115 497
757 769
559 406
707 826
692 536
618 656
495 203
151 634
822 668
92 770
739 800
674 825
297 862
349 328
203 406
271 463
529 334
217 735
724 125
632 906
454 645
804 114
433 256
264 383
861 423
476 861
277 588
930 312
845 597
271 920
216 666
463 179
743 366
574 815
543 221
478 576
814 292
761 658
833 517
446 289
344 961
890 203
382 807
869 251
776 505
923 466
327 940
488 910
722 815
493 358
554 680
479 95
486 472
538 540
362 281
832 252
768 685
251 845
54 406
492 700
413 602
512 86
449 628
740 815
230 605
966 408
289 830
845 638
831 578
586 204
565 722
956 303
406 629
367 598
547 366
584 19
489 548
257 581
674 487
437 761
572 359
61 428
578 800
546 154
519 751
480 348
134 360
428 982
778 143
273 232
480 252
107 682
568 203
736 546
615 842
806 444
219 585
371 635
491 789
290 423
355 463
781 216
909 242
990 419
965 525
418 464
523 224
629 944
346 871
226 850
647 280
725 339
937 586
279 860
479 203
646 711
59 531
223 156
604 983
83 754
748 501
836 864
434 885
319 417
46 625
796 772
726 625
581 951
896 742
277 717
42 667
519 906
108 782
691 771
401 39
435 183
46 539
796 898
150 783
760 734
129 289
344 894
21 547
427 609
99 387
443 111
614 436
821 430
426 923
302 653
894 419
934 293
381 304
202 285
959 445
655 748
582 710
406 863
892 375
310 872
852 780
827 724
298 799
977 427
544 857
928 340
638 265
148 273
394 264
290 75
270 938
476 794
294 265
522 966
402 170
839 846
905 570
365 558
191 161
219 178
224 485
466 952
917 588
569 243
596 847
146 384
624 281
756 148
907 755
759 311
991 547
865 464
816 857
193 216
368 579
967 642
798 145
790 594
875 755
292 679
791 538
847 666
425 165
736 274
458 887
554 255
602 23
432 402
708 896
110 266
623 84
554 973
496 923
100 704
46 321
688 788
624 526
550 893
690 635
185 598
842 826
673 256
605 581
254 561
935 548
642 927
964 509
58 722
590 697
156 552
236 588
674 323
676 143
979 386
431 678
265 680
853 579
626 475
222 255
513 374
337 748
142 811
199 512
796 749
205 104
579 424
706 400
348 617
563 644
500 293
199 466
509 773
54 486
342 671
854 611
252 744
819 324
631 680
540 311
311 469
282 620
421 779
588 492
313 529
486 430
756 193
881 272
674 874
533 643
504 648
285 287
819 702
652 303
524 808
701 587
506 975
535 883
451 528
686 125
171 265
708 808
866 649
758 288
677 754
267 281
220 913
858 552
229 442
912 400
194 884
445 873
232 391
128 383
199 781
271 902
307 73
803 500
582 224
326 274
887 358
583 632
398 720
666 798
217 294
730 163
263 205
810 523
540 809
210 201
683 734
138 544
424 115
783 170
70 668
703 549
777 770
532 203
415 682
528 981
145 207
416 185
608 596
597 744
672 963
789 254
789 130
584 611
803 606
367 376
156 489
258 709
364 822
360 894
168 438
569 9
307 960
307 613
524 770
477 400
348 919
384 454
289 512
473 885
288 812
450 470
808 843
599 385
360 300
151 857
601 806
450 800
416 354
394 388
127 775
183 636
713 857
455 720
415 705
697 293
415 32
923 610
774 296
232 540
489 759
486 413
412 98
917 367
343 716
724 715
452 341
95 369
519 63
387 547
508 731
67 263
48 306
47 610
763 329
291 490
806 129
555 822
334 848
155 219
855 152
706 134
580 777
381 113
614 704
85 700
373 859
134 430
658 611
253 224
767 259
741 194
542 105
137 405
545 170
689 508
124 742
794 656
456 988
522 142
248 633
593 931
945 273
533 484
638 602
634 232
91 585
568 112
56 516
796 564
32 340
625 366
379 240
513 255
810 270
692 569
247 84
396 302
562 290
876 600
633 889
845 294
869 479
187 453
320 100
418 757
400 646
706 462
165 839
290 935
909 478
833 454
116 214
80 427
