1000 2951 10
12 19 73 90 36 60 73 44 58 43 77 85 65 53 37 76 24 76 23 47 42 88 89 4 54 1 97 22 4 90 94 9 50 68 86 9 85 30 90 64 18 100 52 50 34 89 24 32 43 83 20 5 17 83 48 28 42 67 4 41 57 82 25 67 52 37 47 1 100 49 27 78 55 60 29 63 99 35 36 37 66 97 2 16 25 29 19 61 46 14 1 42 7 63 16 48 92 71 42 77 90 97 36 52 97 42 41 63 92 67 71 23 98 40 59 72 98 13 33 8 96 2 88 13 87 53 37 65 15 69 93 94 87 28 46 11 63 65 94 79 82 58 60 13 56 14 18 77 57 41 78 87 26 57 70 48 58 53 34 88 73 35 57 35 12 85 71 5 37 4 99 81 87 42 52 6 27 88 46 5 7 97 54 74 34 24 80 78 58 11 75 49 40 29 100 22 24 15 80 45 94 2 35 33 63 56 82 13 85 7 56 86 75 34 55 45 23 5 32 40 53 48 65 9 54 98 56 76 87 28 1 97 21 51 21 40 55 70 40 19 98 60 57 4 63 99 32 73 78 61 43 4 60 68 25 57 56 94 96 96 61 39 41 13 71 17 18 67 53 96 56 21 26 73 30 90 62 92 31 50 89 62 20 42 94 41 84 21 11 47 75 39 63 76 80 53 69 91 43 83 40 84 29 2 6 86 45 19 9 4 97 40 56 85 6 5 80 38 56 94 49 36 31 44 67 92 18 51 37 42 85 61 71 1 32 84 41 21 34 58 52 5 12 48 45 57 26 62 49 60 27 28 59 73 6 70 8 80 4 23 88 63 60 5 75 21 92 43 54 78 57 44 2 8 12 2 95 43 73 22 40 48 50 60 98 63 44 23 41 63 79 4 31 74 39 72 80 59 47 11 14 49 82 93 90 8 22 70 85 25 50 64 19 90 22 35 81 45 4 48 83 81 75 42 46 81 54 3 94 74 86 39 99 45 99 55 18 40 3 86 81 4 56 65 36 45 65 76 81 75 52 90 90 37 88 98 74 34 60 1 90 52 27 73 99 37 53 89 19 93 100 19 39 88 51 33 20 92 79 24 90 3 93 6 70 12 30 29 31 58 29 85 55 2 65 55 60 8 71 10 14 65 71 86 14 17 7 20 85 67 23 18 11 68 48 73 63 52 30 26 62 46 45 5 14 32 9 59 73 1 69 35 52 63 31 18 1 17 70 47 5 62 14 63 2 76 94 53 82 33 84 46 30 98 22 64 12 68 23 23 18 36 40 1 5 86 77 60 13 18 47 68 84 42 67 54 2 38 81 82 38 10 15 61 4 32 61 47 97 82 69 45 27 64 40 66 67 84 27 5 33 93 67 23 81 16 3 12 64 12 21 65 4 81 44 1 46 88 3 74 32 28 91 89 9 81 34 73 95 47 83 10 49 40 48 22 96 77 86 83 68 44 18 79 43 25 1 48 34 73 20 81 74 75 23 69 24 59 17 59 61 56 28 42 35 25 85 56 24 90 97 49 51 62 73 61 80 81 91 35 70 67 27 12 48 38 61 16 28 8 58 24 65 1 40 78 45 53 25 55 44 72 97 82 22 10 16 54 11 75 46 66 18 46 26 24 49 24 43 52 27 22 18 79 28 65 88 76 11 43 55 18 43 66 87 79 1 57 83 40 4 14 99 35 4 89 83 55 1 41 77 68 54 76 89 96 72 17 24 76 66 4 15 96 96 18 100 75 92 17 55 68 99 95 71 90 24 71 75 36 84 27 55 69 96 98 79 79 19 75 98 8 55 35 18 68 2 47 91 7 95 44 79 75 29 79 100 72 9 9 22 84 67 71 58 36 81 87 88 89 43 39 26 5 64 9 28 33 29 79 42 57 48 28 47 54 3 40 13 3 46 69 52 13 94 19 96 92 45 29 18 6 14 54 95 46 65 21 67 49 47 90 58 43 9 69 8 57 55 79 64 76 58 93 65 52 100 2 24 7 51 66 9 81 19 4 68 40 38 93 67 12 61 64 60 41 16 54 75 62 32 82 80 62 86 50 19 37 43 84 37 24 98 55 5 64 2 17 20 74 76 44 10 91 88 48 59 57 62 9 55 29 64 78 1 28 75 61 4 18 7 49 80 27 52 75 63 92 2 25 71 48 44 47 100 73 61 83 26 91 19 52 99 93 82 16 70 98 45 26 81 23 41 20 90 84 50 30 21 67 53 87 60 79 62 3 41 38 93 66 66 51 50 70 45 5 26 28 5 1
0 131
0 206
0 332
0 888
0 902
0 925
0 940
1 128
1 235
1 349
1 516
1 519
1 794
2 49
2 130
2 156
2 642
2 683
2 719
2 751
3 31
3 115
3 525
3 582
3 786
3 923
4 33
4 59
4 637
4 804
4 965
4 977
5 249
5 385
5 411
5 455
5 509
5 913
6 18
6 46
6 210
6 347
6 445
6 673
7 29
7 215
7 309
7 368
7 549
8 99
8 223
8 614
8 812
8 873
8 944
9 22
9 269
9 366
9 601
9 685
9 705
9 747
9 838
9 924
10 501
10 548
10 717
10 817
10 865
11 166
11 187
11 344
11 549
11 896
12 61
12 70
12 130
12 148
12 280
12 744
13 15
13 112
13 239
13 702
13 856
13 883
13 961
14 239
14 306
14 385
14 509
14 555
14 736
14 949
15 264
15 702
15 856
16 169
16 600
16 649
16 815
16 890
16 915
16 998
17 80
17 344
17 520
17 813
17 903
17 987
18 173
18 210
18 285
18 347
18 831
19 87
19 235
19 764
19 771
19 886
20 137
20 238
20 386
20 503
20 626
20 696
20 825
21 24
21 336
21 521
21 669
21 692
21 942
22 404
22 544
22 640
22 685
22 747
22 777
23 68
23 493
23 651
23 750
23 770
24 336
24 394
24 521
24 525
25 91
25 233
25 300
25 852
25 904
26 45
26 117
26 196
26 431
26 622
26 773
26 929
27 322
27 443
27 517
27 628
27 911
27 995
28 286
28 361
28 415
28 563
28 613
28 808
28 860
29 240
29 284
29 309
29 368
29 916
30 105
30 189
30 312
30 579
30 733
30 768
30 801
30 927
31 115
31 401
31 462
31 470
31 582
31 952
32 557
32 686
32 875
32 922
32 981
33 59
33 392
33 804
33 849
34 316
34 359
34 639
34 914
35 136
35 299
35 454
35 526
35 592
35 725
35 877
36 92
36 207
36 219
36 283
36 492
36 672
36 983
37 578
37 687
37 735
37 778
38 406
38 655
38 810
38 836
38 843
38 876
39 268
39 710
39 718
39 958
40 203
40 237
40 515
40 535
40 845
40 977
41 76
41 715
41 819
41 853
41 879
41 937
42 81
42 383
42 500
42 508
42 967
43 131
43 207
43 219
43 598
43 660
43 902
44 75
44 133
44 321
44 389
44 542
44 612
44 776
45 86
45 116
45 117
45 917
45 929
46 65
46 158
46 438
46 445
46 577
46 673
47 62
47 165
47 383
47 425
47 432
47 540
47 676
48 255
48 345
48 381
48 518
48 912
48 963
49 251
49 359
49 642
49 719
49 914
50 108
50 230
50 448
50 680
50 760
50 842
51 63
51 87
51 100
51 276
51 345
51 700
51 941
52 396
52 688
52 714
52 793
52 857
53 81
53 308
53 314
53 373
53 956
54 325
54 654
54 971
54 984
55 57
55 364
55 650
55 678
55 703
55 865
55 988
56 145
56 223
56 594
56 614
56 889
57 371
57 382
57 608
57 678
57 854
57 988
58 112
58 183
58 239
58 287
58 601
58 949
59 184
59 849
59 965
60 192
60 205
60 741
60 872
60 957
61 130
61 148
61 683
61 783
61 801
61 807
62 340
62 357
62 383
62 425
62 591
62 864
63 107
63 276
63 345
63 566
63 737
63 779
64 265
64 266
64 302
64 421
64 758
65 158
65 347
65 354
65 445
65 653
66 113
66 147
66 380
66 524
66 795
66 828
66 953
66 997
67 215
67 309
67 362
67 916
67 943
68 267
68 567
68 667
68 750
68 770
68 840
69 276
69 575
69 764
69 779
70 256
70 280
70 334
70 356
70 472
70 744
71 149
71 447
71 531
71 597
71 934
71 964
72 434
72 479
72 518
72 866
72 963
73 365
73 418
73 529
73 649
73 890
73 909
74 253
74 275
74 392
74 469
74 527
74 776
74 804
74 878
75 281
75 389
75 542
75 554
75 755
75 870
75 904
76 694
76 820
76 853
76 856
76 937
76 961
77 332
77 649
77 689
77 841
77 888
77 940
78 316
78 436
78 446
78 587
78 796
78 800
78 918
79 252
79 330
79 809
79 839
79 872
79 957
79 992
80 479
80 520
80 813
80 837
80 866
81 296
81 308
81 373
81 500
81 508
82 268
82 568
82 573
82 935
82 958
83 128
83 201
83 349
83 393
83 423
84 355
84 408
84 573
84 905
85 289
85 362
85 487
85 595
85 782
86 116
86 669
86 929
86 942
87 276
87 700
87 764
87 886
88 471
88 588
88 607
88 778
88 806
88 823
88 891
89 144
89 243
89 408
89 475
90 168
90 198
90 274
90 323
90 659
90 790
90 868
91 133
91 185
91 300
91 459
91 464
91 542
91 904
92 283
92 348
92 663
92 983
93 209
93 529
93 600
93 670
93 767
93 885
94 225
94 532
94 592
94 893
94 921
95 175
95 316
95 587
95 639
95 926
96 151
96 182
96 390
96 473
96 787
96 833
97 395
97 396
97 574
97 714
97 802
97 989
98 118
98 456
98 486
98 656
98 817
99 119
99 488
99 742
99 812
99 944
100 345
100 434
100 941
100 963
101 109
101 219
101 272
101 894
101 983
102 164
102 184
102 399
102 657
103 174
103 214
103 402
103 696
103 731
104 481
104 493
104 562
104 651
104 901
105 312
105 579
105 730
105 740
105 948
106 127
106 200
106 568
106 573
106 935
107 273
107 307
107 381
107 566
107 737
108 448
108 680
108 931
109 272
109 721
109 837
109 894
110 165
110 177
110 442
110 659
110 858
111 163
111 580
111 586
111 589
111 632
111 933
112 239
112 287
112 785
112 961
113 355
113 560
113 789
113 795
113 997
114 636
114 643
114 763
114 800
114 918
115 525
115 952
116 293
116 669
116 917
117 269
117 431
117 705
117 838
117 917
118 221
118 456
118 501
118 699
118 817
119 204
119 474
119 505
119 742
119 944
120 134
120 292
120 640
120 739
120 747
121 247
121 489
121 494
121 495
121 510
121 553
121 911
122 132
122 218
122 634
122 788
122 850
122 867
123 373
123 508
123 609
123 699
123 939
123 956
124 294
124 469
124 527
124 871
124 907
124 920
125 195
125 533
125 839
125 851
125 992
126 438
126 504
126 507
126 612
126 753
126 999
127 147
127 200
127 355
127 524
127 568
127 795
128 270
128 349
128 423
128 794
129 304
129 478
129 603
129 680
129 887
129 979
130 280
130 683
130 751
131 206
131 631
131 660
131 902
132 218
132 552
132 605
132 777
132 788
133 459
133 542
133 569
133 612
134 290
134 292
134 512
134 739
135 150
135 226
135 377
135 440
135 447
135 513
135 597
136 299
136 516
136 519
136 526
136 846
137 254
137 386
137 603
138 384
138 484
138 666
138 706
138 861
138 990
139 259
139 310
139 650
139 690
139 772
139 844
140 463
140 648
140 789
140 880
140 905
141 158
141 217
141 244
141 343
141 577
141 657
142 145
142 154
142 157
142 220
142 367
142 537
142 834
142 950
142 975
143 561
143 570
143 722
143 723
143 762
143 948
144 228
144 245
144 408
144 463
144 475
145 537
145 614
145 834
145 889
146 257
146 353
146 392
146 577
146 830
146 878
146 999
147 524
147 795
148 713
148 744
148 792
148 807
149 335
149 531
149 638
149 711
149 779
149 934
150 279
150 377
150 597
150 953
151 473
151 559
151 602
151 682
151 833
152 289
152 412
152 520
152 664
152 903
153 414
153 480
153 713
153 792
153 860
153 910
154 157
154 220
154 629
154 883
154 908
155 302
155 333
155 391
155 553
155 758
156 256
156 521
156 669
156 692
156 719
156 751
157 167
157 376
157 883
157 975
158 244
158 354
158 577
159 208
159 543
159 734
159 774
159 993
160 205
160 242
160 252
160 576
160 748
160 818
160 872
161 172
161 315
161 596
161 644
161 740
161 948
162 286
162 713
162 733
162 768
162 807
162 860
163 458
163 580
163 593
163 774
163 933
164 260
164 424
164 657
165 198
165 425
165 540
165 659
165 858
166 187
166 344
166 476
166 721
166 987
167 376
167 509
167 736
167 883
167 913
168 198
168 221
168 274
168 432
168 540
168 699
169 529
169 600
169 890
170 177
170 179
170 323
170 379
170 442
170 690
170 868
171 186
171 337
171 450
171 583
171 810
171 852
171 876
172 624
172 644
172 740
172 938
173 210
173 533
173 564
173 677
173 831
174 214
174 402
174 420
174 604
174 608
175 318
175 639
175 746
175 757
175 898
175 926
176 290
176 295
176 413
176 605
176 619
176 739
177 379
177 442
177 661
177 858
178 480
178 632
178 749
178 792
178 972
179 323
179 690
179 790
179 859
180 270
180 335
180 380
180 638
180 794
180 816
180 991
181 318
181 436
181 587
181 606
181 962
182 317
182 623
182 787
182 833
183 287
183 601
183 685
183 715
184 399
184 657
184 849
184 965
185 246
185 459
185 464
185 665
186 224
186 305
186 450
186 583
187 476
187 724
187 811
187 896
188 435
188 502
188 572
188 828
188 997
189 263
189 539
189 801
189 927
190 561
190 563
190 723
190 808
191 255
191 272
191 518
191 837
192 205
192 261
192 741
193 225
193 454
193 545
193 617
194 215
194 344
194 549
194 903
195 246
195 483
195 533
195 665
195 677
195 839
196 584
196 622
196 693
196 756
196 929
197 375
197 444
197 458
197 496
197 580
197 589
197 994
198 540
198 659
199 465
199 606
199 824
199 895
199 984
200 355
200 573
201 349
201 374
201 393
201 718
202 228
202 245
202 328
202 398
202 536
202 594
202 695
202 880
203 515
203 765
203 827
203 845
204 505
204 658
204 679
204 873
204 944
205 261
205 576
205 750
205 872
206 631
206 909
206 925
207 219
207 231
207 492
207 631
207 660
208 290
208 512
208 547
208 774
208 933
208 993
209 600
209 767
209 850
209 915
210 483
210 673
210 677
211 300
211 342
211 485
211 583
211 852
211 892
212 331
212 735
212 862
212 901
213 227
213 467
213 634
213 788
213 960
214 420
214 499
214 511
214 731
215 309
215 362
215 549
215 903
216 298
216 304
216 478
216 635
216 769
217 244
217 262
217 424
217 657
218 544
218 777
218 784
218 867
218 879
219 272
219 598
219 983
220 367
220 513
220 611
220 629
220 996
221 274
221 501
221 548
221 699
221 790
222 251
222 263
222 484
222 746
222 898
222 990
223 363
223 398
223 594
223 614
223 873
224 242
224 305
224 342
224 583
224 798
224 826
224 980
225 454
225 592
225 617
225 805
225 921
226 440
226 447
226 550
226 947
226 964
227 241
227 468
227 788
227 960
227 982
228 245
228 475
228 652
228 695
228 951
229 346
229 806
229 930
229 970
229 978
230 267
230 567
230 680
230 769
230 842
231 418
231 492
231 498
231 631
231 909
232 249
232 250
232 385
232 693
232 756
232 829
233 599
233 655
233 852
233 904
234 327
234 376
234 411
234 610
234 913
234 975
235 516
235 575
235 764
235 771
235 794
235 846
236 410
236 625
236 686
236 704
237 351
237 637
237 845
237 977
238 506
238 825
238 928
239 736
239 883
239 949
240 284
240 301
240 681
240 827
240 916
241 378
241 468
241 588
241 982
242 342
242 748
242 818
242 980
243 475
243 616
243 652
244 262
244 354
244 630
245 463
245 880
246 464
246 665
246 839
247 494
247 911
247 969
247 995
248 271
248 405
248 422
248 618
248 671
248 688
248 863
249 266
249 385
249 455
249 829
250 385
250 431
250 555
250 693
250 773
251 263
251 642
251 746
251 914
252 330
252 485
252 748
252 872
253 257
253 776
253 878
254 360
254 603
254 874
254 979
255 272
255 372
255 518
255 912
256 280
256 472
256 669
256 751
257 321
257 507
257 776
257 878
257 999
258 351
258 399
258 637
258 965
259 371
259 382
259 506
259 650
259 928
259 988
260 262
260 424
260 460
260 477
260 581
260 625
260 630
261 451
261 645
261 647
261 741
261 750
261 842
262 424
262 630
263 484
263 539
263 642
263 706
263 927
264 702
264 720
264 820
264 856
265 266
265 326
265 421
265 528
265 974
266 302
266 455
266 829
266 974
267 298
267 567
267 769
267 840
268 573
268 718
268 958
269 306
269 431
269 601
269 705
269 949
270 423
270 712
270 794
270 991
271 338
271 350
271 688
271 781
271 857
271 863
272 372
272 598
272 837
273 307
273 514
273 689
273 737
273 940
274 790
275 281
275 389
275 437
275 469
275 776
276 764
276 779
277 302
277 462
277 756
277 946
278 301
278 387
278 515
278 761
278 797
278 968
279 377
279 828
279 953
280 751
281 389
281 437
281 870
282 375
282 414
282 480
282 589
282 959
283 538
283 663
283 672
283 832
284 301
284 368
284 968
285 347
285 397
285 684
285 821
285 831
286 613
286 733
286 860
287 715
287 785
287 853
288 337
288 450
288 627
288 732
288 766
288 906
289 362
289 595
289 664
289 903
290 439
290 512
290 619
290 739
290 993
291 680
291 726
291 729
291 887
291 931
292 416
292 512
292 747
292 775
293 313
293 334
293 472
293 633
293 669
293 917
294 527
294 535
294 707
294 804
294 871
295 413
295 429
295 439
295 607
295 619
296 308
296 444
296 496
296 500
296 716
297 329
297 346
297 419
297 543
297 593
297 976
297 978
298 430
298 457
298 635
298 754
298 769
298 840
299 519
299 877
299 893
300 464
300 809
300 852
300 892
301 387
301 827
301 968
302 333
302 756
302 758
302 829
302 946
303 578
303 627
303 687
303 798
303 826
303 919
304 478
304 680
304 769
305 450
305 798
305 919
306 431
306 555
306 949
307 381
307 902
307 912
307 940
308 314
308 352
308 444
308 708
308 994
309 916
310 548
310 717
310 772
310 844
310 859
311 465
311 558
311 763
311 796
311 800
311 824
312 613
312 730
312 733
313 633
313 791
313 838
313 917
314 352
314 618
314 863
314 956
315 339
315 427
315 596
315 722
315 762
315 948
316 359
316 446
316 587
316 639
317 407
317 623
317 670
317 787
318 606
318 666
318 757
318 926
318 962
319 403
319 550
319 720
319 799
319 936
319 947
320 461
320 517
320 616
320 628
320 679
320 969
321 507
321 612
321 776
322 443
322 505
322 517
322 662
323 790
323 868
324 617
324 752
324 805
324 822
324 884
325 495
325 510
325 654
325 973
325 984
326 421
326 443
326 474
326 528
326 662
327 610
327 812
327 834
327 950
327 975
328 502
328 536
328 560
328 648
328 880
329 346
329 543
329 823
329 897
330 485
330 809
330 892
331 350
331 793
331 857
331 862
331 901
331 930
332 888
332 940
333 391
333 401
333 946
334 356
334 472
334 633
335 380
335 597
335 638
335 934
335 953
336 525
336 584
336 929
336 942
336 952
337 450
337 766
337 836
337 876
338 352
338 409
338 419
338 781
338 863
339 379
339 427
339 596
339 666
340 357
340 383
340 808
340 848
340 869
341 360
341 726
341 729
341 874
341 875
342 485
342 583
342 748
343 577
343 657
343 830
343 849
344 549
344 903
344 987
345 381
345 566
345 963
346 806
346 823
346 978
347 445
347 653
347 684
348 538
348 571
348 663
348 675
348 698
348 881
348 983
349 374
349 519
349 727
350 409
350 781
350 857
350 930
351 399
351 637
351 681
351 845
352 419
352 708
352 863
353 438
353 577
353 999
354 460
354 630
354 653
355 573
355 789
355 795
355 905
356 491
356 633
356 744
357 546
357 591
357 808
358 452
358 482
358 551
358 645
358 741
358 855
358 955
359 446
359 534
359 719
359 914
360 729
360 874
360 887
360 979
361 414
361 415
361 860
361 910
362 487
362 903
362 943
363 398
363 461
363 658
363 695
363 873
363 951
364 370
364 486
364 565
364 656
364 678
364 865
365 390
365 418
365 529
365 787
366 791
366 838
366 924
366 932
367 537
367 996
368 549
368 896
368 968
369 379
369 427
369 453
369 668
369 745
369 762
370 530
370 556
370 565
370 678
370 985
371 382
371 854
371 928
372 598
372 902
372 912
373 508
373 956
374 532
374 718
374 727
375 496
375 589
375 716
375 959
376 913
376 975
377 513
377 828
377 966
378 413
378 552
378 588
378 607
378 982
379 427
379 661
379 668
380 524
380 816
380 953
381 566
381 912
382 988
383 500
383 676
383 869
383 967
384 624
384 666
384 861
384 938
385 509
385 555
386 603
386 626
386 899
387 515
387 765
387 827
388 428
388 457
388 615
388 714
388 754
388 989
389 776
390 418
390 473
390 498
390 787
391 401
391 470
391 553
391 641
392 804
392 830
392 849
392 878
393 423
393 710
393 712
393 718
394 446
394 521
394 525
394 534
394 636
394 918
394 923
395 420
395 802
395 985
395 986
395 989
396 422
396 574
396 671
396 688
396 714
397 466
397 697
397 821
397 831
397 954
398 594
398 695
399 681
399 965
400 492
400 497
400 498
400 672
401 462
401 470
401 946
402 608
402 696
402 825
402 854
402 928
403 780
403 841
403 936
403 945
403 947
404 544
404 685
404 715
404 819
405 574
405 609
405 618
405 671
405 847
406 599
406 602
406 655
406 682
406 843
407 623
407 670
407 766
407 885
407 906
407 960
408 463
408 905
409 419
409 781
409 930
409 978
410 426
410 686
410 704
410 981
411 449
411 455
411 610
411 913
412 520
412 545
412 617
412 664
412 759
412 866
413 552
413 605
413 607
414 415
414 480
414 910
414 959
415 808
415 848
415 959
416 512
416 775
416 882
416 932
417 437
417 554
417 832
417 870
417 881
418 498
418 909
419 708
419 976
419 978
420 499
420 604
420 985
420 986
421 443
421 553
421 758
422 671
422 688
423 712
424 657
425 858
425 864
426 557
426 691
426 701
426 704
426 855
426 981
427 762
428 481
428 667
428 714
428 754
429 439
429 607
429 823
429 897
430 457
430 585
430 635
430 674
431 555
431 773
432 540
432 676
432 699
432 939
433 541
433 641
433 654
433 814
433 971
433 973
434 759
434 866
434 941
434 963
435 502
435 536
435 537
435 572
435 889
435 996
436 558
436 587
436 606
436 796
437 469
437 698
437 870
437 881
437 920
438 577
438 673
438 753
438 999
439 619
439 734
439 897
439 993
440 513
440 550
440 611
441 451
441 620
441 645
441 900
441 955
442 659
442 868
443 553
443 662
443 911
444 496
444 994
446 534
446 918
447 597
447 964
448 760
448 900
448 931
449 455
449 488
449 610
449 742
449 974
450 627
450 919
451 645
451 647
451 760
451 900
452 551
452 564
452 855
452 954
453 570
453 745
453 762
454 545
454 592
454 700
454 725
454 941
455 974
456 486
456 609
456 699
456 847
457 615
457 674
457 754
458 580
458 593
458 976
458 994
459 569
459 665
460 477
460 630
460 653
461 616
461 658
461 679
461 951
462 584
462 756
462 946
462 952
463 880
463 905
464 809
464 839
465 590
465 763
465 824
465 895
466 490
466 581
466 697
466 821
467 634
467 767
467 850
467 885
467 960
468 588
468 732
468 743
468 906
468 960
469 527
469 920
470 541
470 582
470 641
471 588
471 743
471 778
472 669
473 497
473 498
473 559
474 505
474 528
474 662
474 742
475 652
476 571
476 675
476 721
476 811
476 894
477 581
477 653
477 684
477 821
478 585
478 603
478 635
478 899
479 518
479 837
479 866
480 589
480 632
480 792
481 493
481 667
481 714
481 793
481 901
482 551
482 741
482 851
482 957
482 992
483 665
483 673
483 677
483 753
484 706
484 990
485 748
485 892
486 565
486 656
486 847
487 522
487 782
487 943
488 610
488 742
488 812
489 495
489 553
489 641
489 973
490 581
490 625
490 691
490 697
490 704
491 633
491 744
491 792
491 972
492 498
492 672
493 651
493 667
493 770
494 510
495 510
495 973
496 716
497 498
497 559
497 602
497 672
499 511
499 615
499 986
499 989
500 716
500 869
500 959
501 548
501 817
502 536
502 560
502 997
503 626
503 696
503 731
504 569
504 612
504 665
504 753
505 517
505 662
505 679
506 928
507 612
507 999
508 939
508 967
509 736
509 913
511 585
511 615
511 674
511 731
511 738
512 547
512 882
513 611
513 966
513 996
514 531
514 689
514 737
514 964
515 535
515 761
515 765
516 519
516 846
517 628
517 679
518 837
518 963
519 532
519 727
519 893
520 866
520 903
521 534
521 692
521 719
522 595
522 752
522 782
522 884
522 943
523 524
523 568
523 712
523 958
523 991
524 568
524 816
524 991
525 923
525 952
526 725
526 771
526 846
526 886
527 804
528 742
528 974
529 600
529 670
529 787
529 890
530 565
530 802
530 803
530 985
531 737
531 779
531 964
532 727
532 884
532 893
532 921
533 551
533 564
533 677
533 851
534 719
535 707
535 761
535 871
535 977
536 594
536 889
537 889
537 996
538 663
538 832
538 881
539 642
539 683
539 801
541 582
541 641
541 786
541 814
542 904
543 593
543 734
543 774
543 897
544 777
544 819
544 879
545 617
545 759
545 941
546 570
546 591
546 723
546 745
546 808
547 586
547 835
547 882
547 933
548 717
548 790
548 859
549 896
550 611
550 720
550 947
551 564
551 851
552 605
552 788
552 982
553 641
553 758
553 911
554 602
554 672
554 755
554 832
554 870
556 604
556 608
556 678
556 985
557 620
557 701
557 922
557 981
558 606
558 796
558 824
559 602
560 648
560 789
560 997
561 563
561 613
561 723
561 730
561 948
562 578
562 651
562 735
562 826
562 901
562 980
563 613
563 808
564 831
564 954
565 803
565 847
567 750
567 842
568 935
568 958
569 612
569 665
570 723
570 745
570 762
571 675
571 698
571 709
571 811
572 828
572 966
572 996
573 935
574 671
574 802
574 803
574 847
575 711
575 764
575 779
575 794
576 750
576 818
577 830
578 687
578 735
578 826
579 706
579 740
579 861
579 927
579 938
580 589
581 625
581 821
582 786
583 852
584 756
584 929
584 952
585 635
585 674
585 738
585 899
586 632
586 749
586 835
586 933
587 926
587 962
588 607
588 743
589 632
590 643
590 763
590 814
590 895
591 728
591 745
591 864
592 877
592 893
593 774
593 976
594 889
595 664
595 752
595 782
595 822
596 644
596 666
597 934
597 953
598 902
599 602
599 655
599 755
599 904
600 915
601 685
601 949
602 672
602 682
602 755
603 899
603 979
604 608
604 985
605 640
605 739
605 777
606 824
607 823
608 678
608 854
609 618
609 699
609 847
609 956
610 812
611 629
611 720
611 908
613 730
613 733
614 812
614 834
615 674
615 989
616 652
616 951
617 664
617 805
617 822
618 863
618 956
620 646
620 701
620 726
620 900
620 922
620 955
621 784
621 815
621 867
621 879
621 915
621 937
622 693
622 773
623 766
623 833
623 836
623 843
624 644
624 666
624 938
625 704
626 731
626 738
626 899
627 687
627 732
627 743
627 919
628 969
628 995
629 908
631 660
631 909
632 749
633 791
633 882
633 972
634 788
634 850
636 643
636 918
636 923
637 965
637 977
638 711
638 794
639 746
639 914
640 739
640 747
640 777
641 973
642 683
643 763
643 786
643 814
643 923
644 666
645 741
645 955
646 726
646 875
646 922
647 760
647 842
648 789
648 880
649 841
649 888
649 890
649 909
649 925
649 998
650 703
650 772
650 988
651 750
651 818
651 980
652 951
653 684
654 971
654 973
655 810
655 852
656 817
656 865
657 849
658 679
658 873
659 868
661 668
661 728
661 858
664 822
665 753
666 757
666 990
667 754
667 770
667 840
668 728
668 745
669 692
669 942
670 787
670 885
672 832
673 753
675 894
675 983
676 939
676 967
680 769
680 887
680 931
681 827
681 845
681 916
682 833
682 843
683 801
684 821
685 715
686 875
686 981
687 743
687 778
688 857
689 780
689 841
689 940
689 964
690 844
690 859
691 697
691 704
691 855
691 954
693 756
693 773
694 799
694 815
694 820
694 937
695 951
696 731
696 825
697 954
698 709
698 881
698 920
699 939
700 725
700 886
700 941
701 855
701 955
702 720
702 883
702 908
703 717
703 772
703 865
705 838
706 861
706 927
707 804
707 977
708 976
708 994
709 811
709 907
709 920
710 712
710 718
710 958
711 779
711 794
712 958
712 991
713 792
713 807
713 860
714 793
714 989
715 819
715 853
716 959
717 772
717 865
720 799
720 820
720 908
721 813
721 837
721 894
721 987
722 762
722 948
723 808
724 797
724 811
724 896
724 968
725 886
726 729
726 875
726 900
726 931
728 745
728 858
728 864
729 887
730 948
731 738
732 743
732 906
733 768
734 897
734 993
735 778
735 862
735 891
735 901
736 883
737 779
738 899
740 938
740 948
741 957
742 974
743 778
744 792
746 898
746 914
747 775
747 924
749 835
749 972
750 818
750 842
752 822
752 884
754 840
755 904
756 829
757 898
757 990
759 866
759 941
760 842
760 900
761 797
761 871
761 907
763 800
765 827
766 836
766 906
767 850
767 885
768 783
768 801
768 807
771 846
771 886
774 933
775 924
775 932
778 891
780 841
780 947
780 964
783 801
783 807
784 867
784 879
785 853
785 961
786 814
786 923
788 982
789 905
790 859
791 838
791 882
791 932
792 972
793 857
793 901
796 800
797 811
797 907
797 968
798 826
798 919
799 815
799 820
799 936
799 945
800 918
802 803
802 985
803 847
804 977
805 884
805 921
806 823
806 891
806 970
808 848
809 839
809 892
810 852
810 876
811 907
812 834
813 837
813 987
814 895
814 971
815 915
815 937
815 945
815 998
816 991
817 865
818 980
819 879
820 856
823 897
825 928
826 980
827 845
828 953
828 966
828 997
830 849
831 954
832 881
833 843
834 950
835 882
835 972
836 843
836 876
838 917
839 992
841 945
841 998
844 859
848 869
848 959
850 867
850 915
851 992
853 961
854 928
855 954
855 955
856 961
858 864
860 910
861 938
862 891
862 930
862 970
867 915
869 959
871 907
872 957
873 944
874 875
875 922
877 893
879 937
882 932
882 972
883 908
884 921
885 960
887 979
888 925
891 970
894 983
895 971
895 984
896 968
898 990
900 931
902 912
902 940
906 960
907 920
909 925
911 995
916 943
924 932
926 962
929 942
930 970
930 978
936 945
939 967
945 998
947 964
950 975
957 992
966 996
969 995
971 984
976 994
986 989
433 708
261 862
300 214
177 289
760 848
215 451
836 708
567 934
127 525
374 398
747 137
559 877
367 230
297 527
278 448
305 549
447 603
488 862
844 680
316 840
949 296
262 292
412 435
756 443
231 290
686 630
285 364
55 437
472 164
588 944
362 133
169 311
980 544
772 833
250 169
322 898
543 736
631 443
620 597
143 820
705 886
370 506
579 199
485 738
694 733
304 344
826 730
608 131
430 790
279 179
868 463
366 839
717 341
620 242
70 270
801 180
149 562
853 194
321 464
786 845
805 557
362 198
571 94
366 783
144 422
851 735
187 709
532 973
799 418
316 793
360 259
292 708
429 846
487 638
709 793
663 711
354 528
401 677
209 189
769 583
466 854
577 216
123 794
200 854
53 695
462 950
297 316
339 842
587 426
28 627
675 98
709 657
566 757
493 571
317 951
221 142
565 633
779 312
722 188
119 496
398 835
534 769
840 863
871 264
717 424
381 99
117 761
376 753
895 462
519 799
624 56
491 281
311 494
137 689
171 222
199 308
312 327
321 368
695 165
97 479
448 400
41 368
462 518
627 209
672 816
783 621
769 715
143 734
235 846
907 408
336 219
481 712
472 477
705 699
455 377
254 664
291 890
969 346
307 75
804 105
86 672
835 801
203 551
467 78
55 635
160 550
779 782
164 726
390 225
268 742
231 689
578 645
461 910
450 216
250 556
135 375
280 261
244 536
835 774
504 346
758 535
394 47
415 193
513 306
857 846
614 90
531 855
237 489
642 136
470 608
687 37
653 567
366 59
842 664
850 254
232 123
494 411
615 27
449 263
716 68
228 781
176 131
570 614
343 453
811 857
741 654
671 547
571 862
176 651
333 145
478 115
461 797
808 531
370 920
525 919
777 647
242 352
527 257
633 102
104 205
118 743
195 886
97 617
698 918
76 512
797 520
468 691
515 730
484 342
478 569
824 684
712 577
668 414
523 515
859 276
528 938
867 399
856 803
442 498
528 754
231 579
693 132
284 102
120 544
711 516
356 932
288 651
528 500
63 606
606 370
855 431
518 693
209 404
669 625
186 492
299 838
975 631
724 888
915 226
291 491
626 950
537 471
735 525
22 606
853 783
72 631
750 641
20 386
688 299
204 430
259 406
289 149
763 565
751 772
982 383
448 782
332 266
755 752
765 908
886 183
920 750
828 514
878 803
313 144
315 561
137 438
159 425
825 423
125 821
325 411
213 813
672 314
476 785
374 717
684 114
669 762
337 806
191 367
639 900
215 679
335 236
659 747
503 199
585 733
617 929
874 689
431 170
333 475
590 527
462 932
482 373
931 453
439 378
353 306
694 840
515 413
559 231
581 328
847 393
297 908
711 603
631 921
169 399
649 490
885 408
667 529
290 435
393 723
585 263
557 958
758 101
147 201
423 126
364 329
621 262
434 43
223 177
545 600
205 97
340 620
17 472
744 737
75 444
698 75
374 965
50 303
111 440
178 507
107 644
566 367
748 577
678 372
420 694
155 363
370 276
224 737
244 304
616 564
631 300
423 7
538 140
975 458
717 545
810 806
535 882
405 799
584 358
863 714
588 769
243 865
652 341
734 928
619 277
798 757
860 752
107 714
386 262
535 105
857 592
252 191
955 424
473 182
497 958
82 548
765 191
514 643
385 362
214 579
567 918
494 39
788 237
870 198
455 758
616 221
205 902
521 223
207 499
233 667
519 458
552 16
210 744
402 758
864 183
574 165
328 67
252 444
945 333
655 914
810 364
680 741
545 644
132 347
773 813
176 839
206 230
791 284
727 313
888 673
92 565
792 897
566 708
158 340
870 245
345 641
396 464
714 264
626 643
556 576
44 677
626 338
976 616
178 473
426 902
509 436
487 191
489 174
421 347
621 729
516 660
594 311
818 274
126 411
702 307
194 834
871 820
592 97
949 606
471 25
779 372
533 395
856 361
274 403
627 148
92 301
417 862
169 610
170 158
629 758
807 744
512 386
258 635
905 540
665 52
83 423
551 251
849 720
231 196
286 694
889 476
159 469
643 535
872 521
893 613
493 57
366 895
174 455
690 205
833 365
538 294
726 667
895 759
41 546
195 346
67 655
746 619
131 213
909 677
507 542
550 492
666 778
135 326
587 444
352 276
562 663
105 462
37 611
566 834
896 724
886 368
444 848
455 233
735 387
816 597
805 686
302 99
738 563
735 204
479 975
153 487
85 333
941 657
409 276
545 719
734 419
25 360
42 327
544 237
570 687
533 682
823 303
547 208
708 147
155 642
918 286
756 689
74 467
905 207
759 732
601 202
251 467
30 345
837 313
450 346
233 629
344 731
673 885
281 868
49 462
452 811
260 905
463 895
247 265
431 990
159 790
174 744
209 296
311 874
691 810
122 451
495 609
774 249
326 746
290 952
820 642
241 222
695 867
139 595
192 580
596 752
332 171
630 123
123 297
688 700
536 336
416 480
388 888
509 87
457 326
731 116
552 907
286 625
850 617
488 461
107 367
621 711
275 422
808 230
949 576
153 181
579 660
126 662
461 106
706 462
482 130
847 646
754 219
386 766
814 446
148 770
731 686
487 75
582 806
197 634
99 779
738 277
284 809
778 516
818 770
647 470
356 100
505 271
935 687
141 297
702 557
221 337
891 331
472 301
207 150
560 455
488 256
129 229
546 94
327 916
535 318
128 572
448 962
406 18
250 711
476 752
648 654
464 593
335 433
607 671
941 354
816 257
465 451
149 145
532 416
841 227
675 227
169 490
262 602
732 712
442 152
135 538
831 337
16 557
382 930
668 265
504 399
927 529
421 552
254 373
573 599
349 52
966 661
904 300
608 510
35 438
246 580
892 775
502 708
474 268
400 294
505 520
871 365
176 241
746 885
250 780
246 153
448 439
117 327
311 179
159 251
373 41
862 552
954 510
846 495
105 667
442 656
827 146
744 460
28 586
876 729
61 291
654 622
743 185
840 833
68 533
636 84
494 725
587 23
95 446
580 750
426 926
758 671
345 35
766 401
547 32
309 303
521 600
713 291
579 717
806 707
844 348
567 798
601 151
818 670
805 209
57 506
897 445
680 962
604 629
333 198
879 706
375 432
995 551
630 458
696 324
362 695
747 68
920 637
266 274
240 383
377 573
74 580
915 260
901 664
612 793
659 177
360 858
933 578
285 554
789 147
952 621
338 389
317 98
709 850
586 289
610 813
158 821
262 792
171 808
411 209
762 347
370 471
536 221
766 125
135 834
274 218
322 585
521 825
446 64
490 94
603 869
340 878
948 487
230 916
553 51
947 446
431 113
880 281
592 508
415 154
518 363
654 426
266 485
351 749
891 311
461 409
380 71
830 566
119 469
593 462
387 240
507 69
270 151
429 405
743 545
453 281
794 467
315 246
399 973
783 705
798 383
642 687
203 381
233 87
133 396
414 877
871 485
654 859
470 62
156 218
323 817
673 922
578 579
489 552
391 165
862 414
763 417
310 859
786 129
262 390
505 320
418 373
729 765
443 457
617 434
319 777
336 664
640 323
463 970
380 180
430 518
324 503
143 278
533 611
498 492
108 686
699 97
382 347
441 243
722 367
263 807
144 715
168 179
636 858
669 508
364 601
178 207
354 170
780 269
758 255
735 842
364 949
595 392
396 189
498 138
743 596
650 591
600 830
144 517
487 842
117 266
406 587
199 762
723 162
763 503
380 484
352 565
903 697
405 945
572 387
127 184
920 243
686 486
674 945
196 665
185 409
793 803
861 670
604 729
586 624
165 534
457 308
609 583
475 823
361 354
763 617
801 403
379 664
841 475
607 610
751 85
713 921
295 861
721 237
522 162
801 835
474 539
807 613
674 600
349 512
869 228
908 595
321 538
691 356
587 67
728 99
438 187
322 83
650 399
666 282
574 77
766 165
446 868
447 526
676 72
539 166
638 734
667 839
780 567
88 524
989 436
998 511
629 578
311 914
763 782
415 503
89 653
611 757
421 324
261 537
359 973
507 561
330 863
930 415
439 683
155 576
478 621
614 400
724 588
303 935
548 801
109 231
572 886
539 374
266 99
910 337
899 502
683 417
433 727
491 920
669 668
66 683
568 530
649 840
266 567
477 671
455 195
57 397
415 749
223 483
268 166
450 555
597 975
332 342
198 216
635 516
655 804
342 963
965 538
173 269
396 379
454 684
213 128
342 120
889 217
262 325
631 355
910 471
402 349
492 312
251 726
122 776
355 625
399 563
351 74
622 184
406 704
376 865
274 311
499 988
108 507
370 634
171 357
322 645
428 83
309 452
180 524
44 572
206 324
207 703
905 634
912 566
640 240
797 572
141 803
511 186
541 532
323 518
196 125
414 834
315 693
771 867
214 632
596 178
620 890
18 415
620 377
87 272
438 278
84 316
152 450
202 515
571 305
728 866
598 343
943 399
709 490
984 574
517 477
550 772
95 220
794 260
809 294
500 852
838 159
796 313
292 82
192 788
795 603
499 363
552 288
40 423
201 598
153 663
432 611
770 743
