1000 2957 10
74 29 48 60 93 6 89 40 35 36 4 14 42 95 2 36 26 93 69 57 75 68 57 7 42 7 78 15 2 20 29 44 23 63 42 58 76 52 84 77 40 63 35 35 71 60 8 50 96 25 1 65 7 54 55 89 16 53 17 74 2 46 65 32 64 15 39 83 57 51 17 62 96 23 8 97 48 46 28 43 23 8 74 11 71 36 71 34 62 39 13 21 27 39 92 42 71 91 85 17 48 86 85 29 49 94 85 57 19 63 76 82 83 27 52 69 55 62 2 77 46 8 65 33 34 75 37 16 40 97 44 56 81 59 28 39 89 3 34 27 57 88 53 52 1 49 32 53 90 83 94 42 10 97 100 25 63 25 7 46 91 29 54 100 46 71 70 50 20 10 53 80 50 26 50 50 4 99 63 53 75 14 83 26 46 98 53 1 34 61 74 93 95 69 10 81 39 87 6 60 85 22 93 3 32 12 10 2 4 76 53 74 83 54 58 59 77 48 69 56 28 48 75 19 12 80 61 19 78 2 93 27 4 43 69 15 52 5 30 50 84 100 26 72 40 74 19 36 53 42 50 83 41 62 4 100 12 50 89 33 32 69 69 97 93 50 74 3 33 50 84 61 97 44 55 7 26 61 85 73 73 93 45 61 39 20 75 65 17 42 64 13 90 3 50 86 24 42 64 22 26 33 7 95 54 13 20 58 60 85 8 58 27 81 63 27 24 64 43 6 42 4 36 3 13 17 62 37 6 2 23 72 35 87 91 48 52 74 8 63 24 37 68 87 93 9 13 12 91 22 91 3 74 68 51 89 25 25 54 26 39 58 5 71 60 4 93 20 63 58 77 2 81 55 86 21 73 84 68 16 78 78 63 23 71 42 47 91 66 27 41 63 14 35 59 31 18 72 97 26 44 64 8 5 80 21 14 52 35 15 64 84 87 31 9 80 68 39 43 6 71 43 31 86 16 32 90 1 73 44 2 79 53 11 51 13 7 71 78 73 43 51 92 7 65 95 88 54 74 21 59 86 2 40 16 55 69 23 29 48 3 95 91 53 73 67 97 37 80 98 75 8 11 57 22 31 89 92 22 29 75 20 66 4 67 31 53 87 9 91 33 26 28 17 80 4 21 24 65 45 13 60 4 45 49 14 73 1 99 10 82 76 15 92 49 43 21 86 81 59 79 85 30 34 71 48 7 77 75 38 14 71 40 29 92 84 62 40 69 20 80 23 1 42 41 52 78 37 80 31 18 57 99 68 32 97 33 97 89 39 77 34 5 92 6 20 14 23 47 30 99 39 87 24 40 10 60 2 93 7 58 2 56 33 61 47 14 8 95 61 45 81 81 33 80 56 83 18 1 3 26 16 83 74 92 95 73 96 65 53 37 60 4 1 30 16 89 39 48 99 81 89 39 51 1 52 94 61 33 11 24 70 78 89 63 50 40 23 16 90 31 92 21 96 96 63 78 25 83 66 77 59 66 78 90 33 88 91 74 4 14 13 25 39 81 14 63 4 97 7 20 62 44 76 28 90 67 79 68 48 89 40 24 78 70 85 34 89 47 45 25 45 94 76 87 41 79 97 6 89 15 29 98 30 61 28 19 41 41 73 22 98 89 11 57 55 13 19 31 82 56 63 14 59 17 80 80 37 86 72 65 7 11 27 60 30 21 95 90 76 54 29 61 30 58 21 9 38 34 2 89 83 79 65 53 97 82 69 47 7 83 2 33 8 30 66 79 20 48 43 19 19 24 95 19 96 70 81 89 48 23 53 100 85 97 50 79 62 36 66 15 84 54 40 48 72 31 5 30 26 47 38 33 4 18 53 68 6 97 89 46 51 46 87 30 95 39 1 39 17 51 3 92 73 30 95 17 23 82 5 87 70 100 69 13 18 31 67 89 67 64 67 13 10 17 99 65 37 56 2 59 73 8 44 9 25 90 65 52 28 59 55 95 48 76 32 49 48 75 68 48 99 42 29 54 77 84 10 75 16 44 90 75 61 79 95 62 100 33 1 82 21 17 91 62 99 18 80 11 55 25 73 96 70 83 91 37 43 47 65 43 64 97 87 20 61 76 48 4 81 91 23 99 95 15 78 95 63 83 8 19 72 11 82 22 23 28 17 9 63 65 5 71 37 89 61 45 16 71 44 96 43 6 30 29 100 58 49 83 73 100 5 74 72 22 89 32 61 32 25 22 84 48 49 100 35 30 19 37 76 97 48 54 37 53 16 43 88 9 58 55 40 53 27 28 44 91 87 58 34
0 110
0 176
0 220
0 262
0 830
0 888
1 27
1 95
1 131
1 338
1 520
1 561
1 919
2 71
2 335
2 500
2 590
2 728
2 862
3 271
3 469
3 537
3 661
3 933
4 283
4 290
4 574
4 614
4 700
4 851
4 940
4 984
5 137
5 327
5 328
5 749
5 863
6 22
6 39
6 210
6 593
6 684
6 842
7 354
7 484
7 581
7 918
7 972
8 153
8 335
8 412
8 946
8 985
9 83
9 418
9 445
9 455
9 617
9 877
10 59
10 172
10 849
10 965
11 90
11 123
11 482
11 523
11 572
12 312
12 314
12 411
12 533
12 585
12 815
12 923
12 978
13 499
13 605
13 732
13 811
13 818
13 907
14 81
14 385
14 392
14 415
14 624
14 788
14 932
15 19
15 442
15 480
15 493
15 584
15 691
15 783
16 70
16 242
16 473
16 943
16 994
17 255
17 591
17 778
17 802
17 890
18 204
18 689
18 827
18 840
18 930
19 53
19 584
19 589
19 983
20 226
20 512
20 570
20 648
20 781
20 921
21 221
21 594
21 669
21 680
21 974
22 104
22 117
22 451
22 593
22 842
23 254
23 471
23 490
23 693
23 945
24 79
24 281
24 532
24 792
24 826
24 902
25 87
25 102
25 186
25 706
25 747
25 805
26 205
26 240
26 288
26 635
26 722
26 804
27 338
27 339
27 520
27 798
27 900
27 901
28 259
28 274
28 673
28 737
28 754
29 337
29 463
29 678
29 983
30 301
30 334
30 370
30 512
30 634
31 200
31 375
31 489
31 577
31 645
31 702
31 886
32 361
32 478
32 720
32 960
33 390
33 487
33 659
33 686
33 757
33 795
33 889
34 187
34 380
34 484
34 859
34 956
34 972
35 243
35 364
35 407
35 608
35 641
35 824
36 202
36 370
36 512
36 648
36 825
36 921
37 72
37 161
37 181
37 235
37 403
37 508
37 966
38 120
38 453
38 603
38 704
38 806
38 885
39 560
39 684
39 750
39 755
39 769
39 842
40 88
40 156
40 232
40 395
40 713
40 759
41 170
41 248
41 371
41 387
41 414
41 485
41 502
41 725
41 880
42 158
42 182
42 719
42 992
43 187
43 270
43 359
43 476
43 871
43 972
43 980
44 97
44 311
44 513
44 649
44 705
44 845
45 247
45 447
45 491
45 658
45 687
45 928
46 129
46 409
46 506
46 544
46 582
46 657
46 676
47 531
47 581
47 724
47 922
48 357
48 358
48 443
48 583
48 637
48 688
49 223
49 320
49 379
49 539
49 736
49 752
50 134
50 276
50 554
50 826
50 958
51 166
51 321
51 503
51 548
51 647
51 756
52 202
52 370
52 386
52 875
52 899
53 236
53 269
53 310
53 337
53 589
53 983
54 157
54 216
54 272
54 295
54 672
54 888
54 941
55 88
55 156
55 215
55 530
55 713
55 936
56 392
56 534
56 637
56 692
56 852
56 913
57 173
57 233
57 356
57 402
57 549
57 600
57 853
58 260
58 332
58 565
58 629
58 961
59 64
59 162
59 172
59 343
59 562
59 965
59 977
60 91
60 488
60 552
60 595
60 638
60 704
60 808
61 167
61 244
61 320
61 379
61 915
62 74
62 225
62 284
62 507
62 541
62 929
63 361
63 375
63 378
63 478
63 601
63 799
63 927
64 162
64 251
64 267
64 587
64 870
64 965
65 301
65 387
65 414
65 634
65 725
66 217
66 264
66 331
66 504
66 556
66 748
66 829
67 303
67 339
67 571
67 717
67 798
68 119
68 319
68 417
68 422
68 895
69 75
69 381
69 440
69 652
69 718
69 917
70 190
70 242
70 373
70 843
70 994
71 153
71 335
71 560
71 728
71 755
72 161
72 191
72 486
72 633
72 679
72 966
72 991
73 100
73 275
73 298
73 525
73 833
73 866
74 225
74 284
74 726
74 989
75 287
75 710
75 718
75 917
76 82
76 334
76 481
76 753
77 253
77 349
77 656
77 668
77 691
78 137
78 171
78 617
78 745
78 768
79 221
79 281
79 417
79 422
79 532
79 974
80 309
80 563
80 945
80 993
81 392
81 624
81 913
82 226
82 334
82 452
82 685
82 753
82 781
83 109
83 347
83 416
83 418
83 861
83 877
84 163
84 448
84 477
84 696
84 730
84 906
85 602
85 627
85 632
85 699
85 957
86 266
86 612
86 640
86 762
86 836
86 869
86 981
87 102
87 545
87 618
87 706
88 156
88 232
88 530
88 734
88 929
89 136
89 164
89 346
89 440
89 839
89 934
90 123
90 572
90 796
90 955
91 426
91 466
91 638
91 704
91 885
92 112
92 135
92 175
92 594
92 610
92 669
92 953
93 114
93 130
93 180
93 654
93 656
93 668
94 128
94 155
94 698
94 773
95 131
95 309
95 338
95 910
96 104
96 322
96 401
96 451
96 471
97 308
97 513
97 845
98 107
98 196
98 344
98 553
98 838
98 905
99 286
99 430
99 662
99 689
99 916
100 275
100 434
100 525
100 575
101 361
101 615
101 660
101 793
101 831
102 805
102 922
103 200
103 378
103 601
103 645
103 823
103 865
103 976
104 117
104 322
104 451
104 787
105 111
105 374
105 424
105 499
105 740
105 907
106 219
106 311
106 336
106 629
106 642
106 820
106 961
107 196
107 290
107 553
107 614
107 954
107 984
108 192
108 263
108 326
108 496
108 526
108 543
108 657
108 937
108 982
109 408
109 416
109 821
109 847
109 877
110 176
110 272
110 599
110 830
110 888
110 899
110 931
111 288
111 324
111 499
111 732
111 740
111 742
112 135
112 610
112 919
113 138
113 366
113 394
113 497
113 763
113 881
114 130
114 363
114 654
114 935
115 209
115 697
115 760
115 780
115 834
115 858
116 152
116 168
116 384
116 519
116 939
117 593
117 787
117 879
118 197
118 250
118 521
118 607
118 667
119 169
119 319
119 365
119 422
119 640
119 900
120 453
120 613
120 674
120 885
121 147
121 231
121 314
121 723
121 802
121 978
122 198
122 369
122 372
122 588
122 855
122 948
122 967
123 482
123 521
123 955
124 127
124 367
124 527
124 849
124 963
125 164
125 212
125 321
125 460
125 756
125 782
126 150
126 276
126 277
126 909
126 958
127 202
127 393
127 527
127 825
127 849
128 155
128 249
128 698
128 787
128 879
129 526
129 657
129 676
129 754
130 656
130 873
130 935
130 942
131 199
131 309
131 561
132 326
132 388
132 508
132 937
132 952
132 969
133 183
133 245
133 271
133 429
133 511
133 661
134 221
134 281
134 669
134 826
134 958
135 175
135 561
135 682
135 919
136 361
136 440
136 615
136 652
136 839
137 171
137 328
137 519
137 749
137 768
137 939
138 258
138 497
138 545
138 881
138 908
139 237
139 299
139 318
139 372
139 588
139 608
139 924
140 293
140 342
140 517
140 765
140 771
140 850
140 897
141 351
141 353
141 360
141 428
141 814
142 160
142 261
142 513
142 649
142 807
143 178
143 520
143 610
143 919
144 228
144 266
144 278
144 410
144 500
144 612
144 857
144 862
145 317
145 463
145 529
145 552
145 638
145 650
145 996
146 344
146 743
146 779
146 841
146 950
147 252
147 591
147 723
147 735
147 802
148 170
148 315
148 371
148 577
148 823
148 914
149 214
149 388
149 486
149 744
149 952
150 168
150 276
150 384
150 398
150 909
151 316
151 457
151 535
151 622
151 673
151 962
151 998
152 168
152 327
152 398
152 519
152 558
153 335
153 412
153 755
154 550
154 559
154 681
154 683
154 771
154 897
155 234
155 249
155 621
155 773
156 713
157 216
157 262
157 888
157 896
158 355
158 714
158 719
158 837
158 964
158 992
159 296
159 500
159 728
159 796
159 822
159 955
160 239
160 241
160 261
160 394
160 444
160 513
160 763
161 209
161 403
161 858
161 991
162 260
162 267
162 777
162 977
163 323
163 448
163 534
163 692
163 696
164 212
164 346
164 782
164 865
164 934
165 308
165 413
165 444
165 636
165 653
166 647
166 739
166 756
166 860
166 914
167 244
167 320
167 333
167 343
167 495
167 709
168 384
168 398
169 206
169 640
169 900
169 981
170 371
170 577
170 725
170 874
171 289
171 745
171 939
172 393
172 562
172 849
173 402
173 576
173 780
173 830
173 853
174 204
174 265
174 430
174 689
174 746
175 291
175 579
175 682
175 716
175 953
176 830
177 318
177 354
177 364
177 531
177 918
178 319
178 520
178 610
178 680
178 895
179 195
179 229
179 474
179 797
179 812
179 891
179 968
180 377
180 546
180 564
180 654
180 668
180 810
181 235
181 403
181 464
181 817
182 483
182 719
182 811
182 818
182 992
183 271
183 511
183 524
183 538
183 651
184 201
184 280
184 331
184 516
184 556
184 609
184 938
185 345
185 549
185 711
185 853
185 923
185 978
185 997
186 224
186 413
186 555
186 636
186 747
186 805
187 380
187 859
187 871
187 980
188 362
188 406
188 412
188 515
188 551
189 246
189 255
189 345
189 449
189 576
189 711
190 373
190 616
190 884
190 987
190 994
191 251
191 486
191 587
191 679
192 257
192 388
192 543
192 937
193 222
193 274
193 325
193 456
193 494
193 676
193 949
194 211
194 381
194 488
194 710
194 892
194 917
195 738
195 744
195 812
195 968
196 827
196 840
196 905
196 954
197 250
197 300
197 443
197 448
197 477
197 606
197 667
198 219
198 435
198 948
198 967
199 309
199 561
199 563
199 716
200 577
200 645
200 823
201 461
201 463
201 465
201 609
201 678
201 800
201 938
202 370
202 386
202 527
202 825
203 501
203 701
203 774
203 875
203 931
203 963
204 623
204 689
204 746
204 930
205 288
205 366
205 454
205 635
205 695
205 742
206 571
206 762
206 900
206 981
207 571
207 717
207 762
207 857
208 245
208 429
208 510
208 516
208 766
208 911
209 242
209 403
209 473
209 834
209 858
210 498
210 560
210 593
210 684
210 741
211 488
211 573
211 710
211 808
212 460
212 569
212 934
213 263
213 450
213 496
213 694
213 998
214 486
214 587
214 604
214 738
214 744
214 870
215 468
215 559
215 681
215 713
215 936
215 959
216 666
216 677
216 896
216 941
217 462
217 504
217 748
217 856
218 434
218 785
218 812
218 867
218 891
219 292
219 435
219 642
219 961
219 967
220 246
220 262
220 576
220 778
220 830
221 281
221 669
221 974
222 285
222 456
222 643
222 869
222 883
222 949
223 379
223 539
223 841
223 915
224 431
224 555
224 805
225 458
225 472
225 541
225 989
226 334
226 512
226 781
227 280
227 341
227 800
227 828
227 868
228 266
228 313
228 410
228 522
229 596
229 690
229 797
229 891
230 483
230 605
230 722
230 786
230 811
230 908
231 449
231 802
231 978
231 997
232 480
232 734
232 759
232 920
233 356
233 391
233 473
233 600
233 616
233 834
233 943
234 249
234 392
234 528
234 621
234 852
235 464
235 508
235 926
236 269
236 337
236 678
236 829
236 938
237 299
237 369
237 372
237 664
237 791
238 265
238 375
238 430
238 478
238 702
239 261
239 366
239 441
239 695
239 763
240 722
240 786
240 804
241 394
241 413
241 444
241 497
241 670
242 403
242 473
242 817
242 843
243 407
243 553
243 779
243 824
243 878
244 282
244 495
244 566
244 838
244 915
244 950
245 429
245 626
245 661
245 766
246 255
246 576
246 778
247 351
247 538
247 651
247 658
247 687
248 371
248 739
248 880
249 528
249 712
249 879
250 296
250 300
250 357
250 521
250 955
251 367
251 587
251 633
251 679
251 965
252 302
252 602
252 699
252 723
252 735
252 903
253 656
253 691
253 721
253 783
253 873
254 362
254 490
254 536
254 551
254 693
254 813
255 449
255 778
255 802
256 257
256 263
256 275
256 475
256 543
256 866
257 275
257 388
257 543
257 744
257 812
257 867
258 770
258 881
258 908
259 274
259 325
259 737
259 792
259 902
260 332
260 467
260 474
260 565
260 777
260 977
261 423
261 441
261 644
261 807
262 778
262 888
262 890
262 896
263 475
263 496
263 543
263 694
264 269
264 686
264 748
264 757
264 829
265 430
265 478
265 746
265 784
265 960
266 313
266 612
266 836
267 777
267 870
268 310
268 442
268 493
268 584
268 589
268 864
269 310
269 757
269 829
269 864
269 889
270 273
270 359
270 567
270 646
270 887
271 538
271 661
271 933
272 370
272 672
272 888
272 899
273 382
273 419
273 439
273 631
273 646
273 887
274 325
274 676
274 754
275 434
275 866
275 867
276 384
276 554
276 958
277 291
277 579
277 909
277 958
277 970
278 410
278 500
278 822
279 464
279 506
279 582
279 772
279 817
280 307
280 510
280 516
280 609
280 828
280 868
281 826
282 420
282 495
282 505
282 566
283 421
283 470
283 514
283 614
283 940
284 330
284 397
284 507
284 675
284 726
285 365
285 456
285 532
285 640
285 869
286 305
286 566
286 689
286 827
286 905
286 916
287 569
287 573
287 603
287 710
287 718
288 605
288 732
288 742
288 804
289 438
289 479
289 592
289 745
289 939
290 553
290 574
290 878
290 984
291 558
291 579
291 716
291 909
292 435
292 539
292 736
292 961
293 411
293 517
293 533
293 850
294 433
294 660
294 720
294 831
294 876
294 894
295 301
295 387
295 502
295 666
295 672
295 941
296 357
296 620
296 728
296 955
297 400
297 542
297 597
297 731
297 790
297 835
298 525
298 833
298 995
299 664
299 809
299 924
300 357
300 443
301 370
301 387
301 634
301 672
302 360
302 436
302 699
302 735
302 882
303 406
303 412
303 717
303 798
303 901
303 946
304 424
304 727
304 833
304 912
305 505
305 566
305 568
305 916
306 330
306 458
306 726
306 872
306 989
307 426
307 510
307 766
307 868
307 885
308 444
308 513
308 653
308 845
309 563
309 910
309 993
310 589
310 864
311 336
311 596
311 705
311 820
311 845
312 314
312 411
312 733
312 903
313 522
313 655
313 836
313 884
314 723
314 903
314 978
315 352
315 756
315 782
315 823
315 914
316 479
316 535
316 673
316 737
316 848
317 466
317 529
317 638
318 364
318 531
318 608
318 924
319 520
319 895
319 900
320 343
320 379
320 467
320 752
321 460
321 503
321 756
322 471
322 698
322 787
323 397
323 437
323 692
323 696
323 854
324 423
324 454
324 525
324 575
324 644
324 740
324 742
325 456
325 902
326 464
326 508
326 544
326 926
326 937
326 982
327 519
327 558
327 749
327 863
327 992
328 445
328 617
328 768
328 863
329 410
329 522
329 572
329 775
329 796
330 397
330 415
330 624
330 703
330 726
330 854
330 872
331 556
331 829
331 938
332 467
332 736
332 752
332 961
333 420
333 495
333 570
333 709
333 781
334 396
334 481
334 512
334 634
335 590
335 985
336 642
336 653
336 791
336 845
336 967
337 678
337 983
338 406
338 551
338 901
338 910
339 571
339 798
339 900
340 632
340 681
340 771
340 803
340 959
340 979
341 466
341 529
341 650
341 800
341 868
341 996
342 517
342 628
342 683
342 897
342 975
343 467
343 562
343 709
343 977
344 553
344 779
344 838
344 950
345 449
345 711
345 997
346 799
346 839
346 865
346 927
347 355
347 374
347 416
347 586
347 861
347 912
347 951
347 973
348 564
348 627
348 729
348 794
348 979
349 390
349 493
349 659
349 668
349 691
349 864
350 530
350 550
350 559
350 936
351 353
351 428
351 598
351 651
351 671
351 687
351 890
352 782
352 823
352 976
353 427
353 665
353 671
353 814
354 364
354 484
354 918
354 956
355 719
355 861
355 951
355 964
356 402
356 697
356 834
357 358
357 443
357 620
358 492
358 583
358 620
358 741
359 476
359 518
359 567
359 940
360 428
360 735
360 814
360 882
361 433
361 478
361 615
361 720
361 831
361 839
361 927
362 515
362 551
362 813
363 468
363 654
363 713
363 794
363 935
364 608
364 641
364 956
365 422
365 532
365 640
366 635
366 695
366 763
366 770
366 881
367 633
367 774
367 849
367 963
367 965
368 391
368 580
368 616
368 707
368 775
368 987
369 372
369 791
369 967
370 512
370 672
370 899
371 739
371 914
372 588
373 405
373 578
373 772
373 843
373 883
373 884
374 424
374 907
374 912
374 951
375 378
375 478
375 645
375 702
376 590
376 717
376 857
376 946
376 985
377 389
377 546
377 795
377 810
377 898
377 999
378 601
378 645
379 915
380 972
380 980
381 615
381 652
381 793
381 892
381 917
382 425
382 439
382 887
383 437
383 683
383 696
383 715
383 906
383 975
384 554
384 592
384 776
384 939
385 399
385 788
385 872
385 932
386 527
386 875
386 963
387 414
387 502
388 744
388 937
388 952
389 729
389 810
389 882
389 898
389 947
390 659
390 864
390 889
391 600
391 616
391 707
392 621
392 852
392 913
392 932
393 562
393 570
393 825
393 849
393 921
394 497
394 763
395 480
395 713
395 759
395 942
395 990
396 481
396 540
396 634
396 725
396 874
397 437
397 675
397 854
398 558
398 909
399 773
399 872
399 932
400 509
400 597
400 623
400 631
400 731
400 789
401 451
401 471
401 611
401 693
401 944
402 697
402 780
403 817
404 592
404 737
404 776
404 792
404 848
404 986
405 409
405 494
405 772
405 883
405 949
406 412
406 551
406 901
407 608
407 743
407 779
407 971
408 457
408 821
408 847
409 494
409 582
409 676
409 772
410 522
410 796
410 822
411 533
411 733
411 803
411 850
412 515
412 750
412 755
412 769
412 946
413 444
413 636
413 670
413 706
413 747
414 725
415 624
415 703
415 788
416 847
416 973
417 422
417 895
417 974
418 455
418 459
418 861
419 631
419 646
419 764
420 452
420 495
420 505
420 781
421 470
421 614
421 819
421 846
421 954
422 532
423 441
423 454
423 644
423 695
424 740
424 833
424 912
424 995
425 439
425 509
425 789
425 887
426 466
426 868
426 885
427 665
427 814
427 882
427 898
428 591
428 735
428 890
429 504
429 511
429 856
429 911
430 662
430 689
430 702
431 555
431 724
431 805
431 809
431 922
432 501
432 701
432 760
432 774
432 858
432 991
433 720
433 831
434 575
434 785
434 867
435 539
435 948
436 627
436 699
436 729
436 882
436 947
437 557
437 675
437 696
437 715
438 457
438 479
438 535
438 745
438 821
439 631
439 789
440 652
440 718
440 934
441 695
442 493
442 584
443 606
443 688
444 513
445 455
445 617
445 863
446 489
446 540
446 568
446 662
446 753
446 916
447 491
447 647
447 658
447 860
447 933
448 477
448 534
448 606
448 688
449 802
449 997
450 475
450 547
450 694
450 727
450 998
451 842
451 944
452 505
452 685
452 781
453 460
453 503
453 569
453 613
453 806
454 695
454 742
455 459
455 751
455 863
456 532
456 902
457 535
457 821
457 847
457 998
458 472
458 832
458 989
459 751
459 837
459 861
459 964
460 503
460 569
461 463
461 465
462 665
462 748
462 856
462 925
462 999
463 465
463 678
463 983
463 996
464 506
464 544
464 817
464 926
465 800
465 996
466 529
466 638
466 868
467 752
467 977
468 713
468 794
468 959
468 979
469 537
469 548
469 613
469 674
469 933
470 514
470 764
470 846
471 693
471 698
471 945
472 541
472 832
473 834
473 943
474 565
474 777
474 797
474 968
475 694
475 727
475 833
475 866
476 518
476 700
476 851
476 871
477 639
477 663
477 667
477 730
478 960
479 535
479 592
479 848
480 708
480 759
480 767
480 783
480 832
480 920
480 990
481 540
481 753
482 521
482 523
482 607
482 761
483 811
483 908
483 992
484 956
484 972
485 502
485 666
485 687
485 844
485 880
485 928
486 587
486 952
486 966
486 969
487 546
487 659
487 795
488 552
488 808
489 540
489 662
489 702
489 886
490 536
490 945
491 739
491 860
491 880
491 928
492 560
492 620
492 728
492 741
493 691
493 864
494 676
494 949
496 526
496 754
496 801
496 962
496 998
497 545
497 618
497 670
498 583
498 593
498 619
498 712
498 741
499 732
499 907
500 728
500 822
500 862
501 701
501 774
502 666
503 548
503 613
504 556
504 856
504 911
505 566
505 568
505 685
506 544
506 582
507 530
507 557
507 675
507 929
508 926
508 966
508 969
509 597
509 789
509 887
510 516
510 766
511 524
511 856
511 925
512 648
513 649
514 567
514 646
514 764
514 940
515 750
515 813
516 556
516 911
517 533
517 628
517 893
518 700
518 940
519 749
519 939
520 900
520 919
521 607
521 955
522 775
522 884
522 987
523 572
523 580
523 630
523 761
524 651
524 671
524 925
525 575
525 740
525 995
526 657
526 754
527 963
528 619
528 712
528 852
529 650
530 550
530 557
530 929
530 936
531 581
531 724
531 918
531 924
532 902
533 585
533 893
534 637
534 688
534 692
536 551
536 910
536 945
536 993
537 626
537 661
537 674
538 651
538 658
538 933
539 736
539 743
539 841
539 855
539 948
540 753
540 874
540 886
541 734
541 767
541 832
541 929
542 731
542 790
542 876
542 904
542 960
544 657
544 982
545 618
545 908
546 659
546 668
546 795
547 586
547 727
547 847
547 973
547 998
548 613
548 647
548 933
549 600
549 630
549 707
549 761
549 853
549 923
550 557
550 559
550 683
550 715
551 910
552 638
553 779
553 878
554 776
554 826
554 986
555 636
555 664
555 809
556 911
557 675
557 715
558 716
558 909
559 681
559 936
560 684
560 728
560 741
560 755
561 682
561 716
561 919
562 570
562 709
563 716
563 945
564 654
564 729
564 794
564 810
565 596
565 629
565 797
566 838
566 905
567 646
567 940
568 685
568 753
568 916
569 603
569 718
569 806
569 934
570 709
570 781
570 921
571 717
571 762
571 900
572 580
572 775
572 796
573 595
573 603
573 710
573 808
574 824
574 851
574 871
574 878
575 644
575 785
575 807
576 711
576 830
576 853
577 823
577 874
577 886
578 655
578 883
578 884
579 669
579 953
579 970
580 630
580 707
580 775
581 918
581 922
582 772
583 619
583 637
583 741
583 852
584 589
585 815
585 893
585 988
586 727
586 912
586 973
587 870
588 608
588 855
588 971
590 857
590 862
590 985
591 735
591 802
591 890
592 776
592 848
592 939
593 712
593 879
594 610
594 669
594 680
595 603
595 704
595 808
596 629
596 690
596 705
596 797
596 820
597 835
598 677
598 687
598 844
598 890
598 896
599 701
599 760
599 780
599 830
599 931
600 707
601 799
601 865
602 699
602 733
602 903
602 957
603 704
603 806
604 738
604 777
604 870
604 968
605 732
605 786
605 804
605 811
606 688
607 625
607 663
607 667
607 761
608 971
609 800
609 828
610 680
610 919
611 693
611 750
611 813
611 944
612 762
612 857
613 674
614 954
614 984
615 652
615 793
616 943
616 987
616 994
617 745
617 768
617 821
617 877
618 670
618 706
619 712
619 852
620 728
621 773
621 932
622 801
622 962
622 998
623 631
623 731
623 746
623 816
623 930
624 854
624 913
625 663
625 761
625 815
625 988
626 661
626 674
626 766
627 632
627 699
627 729
627 979
628 639
628 730
628 893
628 975
629 820
629 961
630 707
630 761
631 764
631 789
631 930
632 803
632 957
632 979
633 679
633 774
633 991
634 725
635 722
635 770
635 908
636 653
636 664
636 791
637 688
637 852
639 663
639 730
639 893
640 869
640 981
641 824
641 859
641 956
642 967
643 655
643 836
643 869
643 883
644 807
646 764
647 860
647 933
648 921
649 705
649 807
650 996
651 671
653 791
653 845
654 794
655 836
655 883
655 884
656 668
656 873
657 982
658 933
659 668
660 793
660 831
660 894
662 702
662 916
663 667
663 893
663 988
664 791
664 809
665 671
665 898
665 925
665 999
666 677
666 844
666 941
669 953
669 958
669 970
670 706
671 925
673 737
673 754
673 962
674 766
674 885
676 754
677 844
677 896
678 938
680 895
680 974
681 771
681 959
682 716
683 715
683 897
683 975
685 753
686 748
686 757
686 795
686 999
687 844
687 928
689 827
690 705
690 785
690 891
691 783
692 854
692 913
693 813
696 906
697 780
697 834
698 773
698 787
700 851
700 940
701 760
701 931
703 788
703 872
704 885
705 785
705 807
706 747
708 721
708 783
708 990
710 917
711 853
712 879
713 935
713 942
714 751
714 837
714 992
717 857
717 946
718 934
719 818
719 951
720 876
720 960
721 783
721 873
721 942
721 990
722 786
722 908
723 903
724 809
724 922
724 924
725 874
726 989
727 833
727 912
729 810
729 947
730 906
730 975
731 816
731 904
733 803
733 903
733 957
734 767
734 920
734 929
736 752
736 961
737 792
737 848
738 744
738 968
739 860
739 880
739 914
740 995
743 779
743 841
743 855
743 971
744 812
745 821
746 784
746 816
748 999
750 769
750 813
750 842
750 944
751 837
751 863
751 992
754 962
755 769
756 782
756 914
757 889
758 764
758 819
758 840
758 846
758 930
760 780
760 858
761 815
761 923
762 857
762 981
764 846
764 930
765 771
765 803
765 850
766 885
767 832
767 920
770 881
770 908
771 803
771 897
772 817
772 843
773 932
774 963
774 991
775 987
776 986
777 870
777 968
778 890
780 830
782 865
782 976
784 816
784 904
784 960
785 807
785 891
786 804
787 879
788 872
790 835
790 876
790 894
791 967
792 826
792 902
792 986
793 892
793 894
794 979
795 999
796 822
796 955
798 901
799 865
799 927
800 828
800 996
801 962
801 998
803 850
803 957
805 922
809 924
811 818
812 867
812 891
814 882
815 923
815 988
816 904
817 843
818 907
818 951
819 840
819 846
819 954
821 877
823 976
824 859
824 871
824 878
825 921
826 986
827 840
827 905
829 938
833 866
833 995
835 894
836 869
837 964
838 905
838 950
839 927
840 930
840 954
841 915
841 950
842 944
847 973
847 998
849 965
851 871
854 913
855 948
855 971
856 925
857 862
858 991
859 871
859 956
861 964
863 992
864 889
865 976
873 942
874 886
875 899
875 931
875 963
876 894
876 960
880 928
882 898
882 947
883 949
884 987
890 896
892 894
893 988
895 974
898 999
899 931
904 960
906 975
907 951
910 993
915 950
923 978
935 942
942 990
943 994
945 993
946 985
952 969
958 970
959 979
966 969
972 980
978 997
444 443
940 451
773 344
219 351
181 802
904 777
845 260
257 934
819 370
824 802
443 624
637 352
519 284
707 896
726 121
313 43
620 506
441 359
189 687
236 77
369 600
914 540
857 234
951 312
832 588
451 974
650 934
887 443
774 625
184 126
351 544
219 546
97 572
296 165
232 890
277 842
377 570
581 591
121 356
840 295
483 68
286 466
774 905
159 865
499 852
280 386
701 613
335 962
732 265
378 743
895 603
198 411
425 533
231 129
396 458
496 104
715 191
540 422
448 748
429 665
67 324
343 709
570 51
124 544
479 651
327 504
259 210
844 426
859 505
51 463
645 518
790 328
536 604
640 777
597 34
61 417
299 576
346 100
862 751
859 559
979 387
713 129
302 603
790 813
616 182
450 241
775 475
499 999
521 84
92 489
667 361
101 311
950 519
375 130
815 130
939 413
909 243
490 872
252 747
205 644
611 791
39 526
442 992
176 524
880 206
663 872
447 819
215 764
645 691
786 759
441 473
651 886
950 502
558 950
398 127
542 498
908 696
849 205
642 283
822 501
146 349
486 320
375 830
660 340
457 587
159 445
923 620
438 585
831 152
714 626
394 100
971 440
594 672
254 310
884 583
967 493
71 494
887 751
552 989
366 869
533 210
365 304
551 869
916 479
750 418
81 228
300 774
447 316
227 480
548 684
927 639
773 686
939 723
827 343
519 167
800 144
488 85
407 422
794 880
715 358
536 909
553 569
455 681
661 186
135 465
478 912
223 430
352 682
923 683
812 485
245 488
863 729
424 625
514 442
176 650
989 511
450 458
298 907
900 498
529 748
378 169
617 593
750 921
272 323
188 232
530 370
430 954
208 873
891 359
495 390
663 495
525 632
604 698
754 582
11 443
541 728
222 737
662 260
393 816
986 437
202 521
160 184
424 556
477 549
168 675
633 914
822 456
805 432
210 292
563 520
808 254
37 369
126 435
688 716
532 686
484 146
382 427
277 233
571 764
408 811
456 420
894 556
764 556
350 736
414 959
573 36
334 592
134 248
727 446
531 773
699 951
494 344
489 49
593 447
782 165
611 614
211 167
391 870
175 588
557 911
669 943
517 925
609 517
274 821
328 688
216 306
467 390
291 347
263 445
794 177
683 295
482 625
439 282
367 69
924 339
481 377
637 740
607 735
578 980
789 605
464 716
561 881
427 410
665 717
267 194
144 619
749 455
481 672
277 93
264 158
81 766
247 332
419 474
93 733
762 608
624 759
902 624
950 606
729 393
659 590
164 262
870 574
319 674
170 776
614 70
800 540
236 675
74 402
658 915
843 711
219 793
972 613
395 776
535 237
36 566
370 465
714 339
47 661
649 798
372 910
692 276
365 495
420 268
857 416
692 799
257 662
631 24
159 286
478 891
970 402
251 114
480 832
498 272
720 463
499 296
201 469
804 675
78 270
315 882
869 487
385 702
170 410
882 191
627 134
620 861
772 591
634 646
933 745
881 783
682 403
654 62
226 212
423 735
342 639
319 569
801 351
454 844
206 132
908 413
861 444
483 189
110 242
550 204
404 670
277 763
515 379
129 500
731 808
433 193
321 109
538 118
349 319
187 483
345 283
277 911
767 862
551 452
722 281
753 275
130 813
397 296
90 540
907 344
420 146
289 883
818 531
585 937
474 591
646 446
406 861
402 525
249 463
368 854
674 524
708 848
170 564
801 390
342 204
165 544
359 723
219 900
34 472
73 727
598 149
898 675
758 93
443 542
326 476
586 688
381 224
301 131
604 436
724 160
415 611
532 932
445 53
292 545
632 104
946 668
785 96
79 679
913 273
533 439
590 578
847 651
721 555
889 381
290 821
798 742
704 592
712 403
506 248
863 360
473 932
317 491
709 81
762 776
866 530
808 821
114 733
327 643
178 761
851 534
597 887
690 815
57 724
116 288
340 256
394 314
247 288
189 637
385 968
517 543
62 559
593 787
383 786
412 242
598 133
818 711
82 710
78 479
581 898
287 69
689 256
499 906
859 810
249 598
244 392
668 220
488 363
696 742
878 249
304 628
139 381
612 894
824 826
778 563
794 725
568 11
801 841
152 407
137 180
308 245
145 155
635 612
126 193
95 271
423 712
457 158
205 359
153 752
940 285
549 15
590 494
497 739
675 750
156 843
613 243
119 569
828 681
421 23
292 561
635 326
734 941
246 912
298 421
546 642
318 169
34 334
227 587
958 337
256 406
769 293
306 72
724 571
333 660
699 683
521 969
788 230
675 885
745 382
494 542
340 454
165 392
253 259
296 647
662 610
566 73
587 638
42 697
179 275
267 300
361 562
507 891
139 770
893 333
200 262
555 231
145 824
909 738
899 469
653 306
693 452
619 358
291 312
627 806
687 658
440 564
781 190
92 253
538 102
325 929
818 559
543 261
693 206
812 693
935 356
212 335
257 351
379 762
257 555
532 26
82 637
633 725
666 630
520 997
343 173
727 755
203 386
590 385
555 125
921 365
42 315
255 792
886 627
414 941
226 243
567 109
967 641
512 145
787 297
967 461
408 642
986 402
397 185
471 757
274 680
120 797
260 621
98 396
373 616
825 441
648 375
62 364
215 818
587 817
497 411
219 526
704 508
970 574
624 389
293 953
673 598
766 229
254 71
561 271
719 771
520 648
349 854
251 98
779 376
423 330
846 676
810 219
926 528
78 345
486 778
35 680
342 390
490 482
595 411
155 528
454 262
93 364
518 694
684 914
672 245
627 305
325 862
170 230
921 500
900 302
769 448
175 377
191 771
49 506
644 469
850 768
499 970
777 212
743 310
773 141
755 686
125 683
694 110
592 295
195 321
423 229
576 215
454 777
604 367
108 707
460 222
510 589
325 521
634 946
430 925
727 215
62 298
597 237
794 500
269 868
425 833
756 513
597 859
190 534
111 771
223 396
378 585
521 850
94 237
288 331
58 477
455 891
403 161
720 500
368 95
674 649
259 366
320 141
23 536
225 322
210 627
600 267
396 905
325 250
349 430
628 266
349 126
923 560
492 950
320 297
388 488
761 646
187 340
603 90
719 603
360 416
188 162
516 608
899 519
505 173
983 480
558 175
827 273
288 615
294 200
317 384
704 226
194 662
532 794
322 66
684 178
939 300
683 734
591 911
612 156
547 472
870 164
432 254
161 818
498 527
201 597
707 66
103 329
525 816
482 963
607 399
399 33
395 653
38 390
517 398
801 205
439 107
810 880
571 135
997 474
816 413
80 435
754 889
81 574
398 52
655 962
466 306
355 953
289 504
620 36
698 769
759 327
405 220
594 192
90 658
672 900
484 256
521 42
422 292
396 746
813 645
528 716
248 436
645 847
774 274
633 896
329 798
546 713
836 726
146 659
465 960
281 210
906 762
878 308
844 845
401 727
279 595
735 632
830 323
194 440
275 176
165 721
471 55
523 502
590 342
801 447
557 931
132 734
515 210
191 304
515 20
868 766
845 310
595 960
513 192
669 559
811 114
492 561
659 433
866 648
491 692
447 384
284 800
513 469
339 609
162 470
354 36
132 630
571 805
684 949
869 182
742 88
76 694
41 633
409 877
832 627
17 513
422 172
315 192
686 377
503 759
868 430
138 521
129 223
740 695
448 345
495 221
674 927
423 985
109 369
565 857
42 347
381 928
386 203
724 916
557 745
901 318
365 274
576 332
129 662
647 575
732 890
179 729
462 809
814 748
712 376
200 502
252 843
412 585
859 613
213 687
152 238
232 189
483 460
44 547
530 6
668 783
565 492
20 635
748 490
805 863
281 724
101 502
199 710
317 774
863 255
654 540
328 399
481 854
162 737
767 752
824 663
445 601
510 225
190 821
755 206
533 408
656 111
355 808
272 260
777 416
539 548
229 873
241 422
789 830
762 383
860 827
286 107
154 491
646 758
597 747
127 262
778 513
506 678
206 839
694 45
385 80
250 521
450 521
69 620
819 770
246 806
816 189
274 428
573 965
376 257
724 537
686 492
133 320
236 554
65 742
418 441
282 158
406 364
548 769
5 487
576 251
11 589
877 510
391 404
536 191
350 231
439 488
857 460
885 420
811 592
470 290
108 640
256 723
602 170
703 870
594 984
951 635
937 376
239 267
710 800
705 163
232 446
335 723
247 635
31 438
292 931
933 466
507 33
395 589
366 973
563 345
357 917
301 289
624 630
107 524
286 410
534 68
159 703
461 508
763 123
238 362
101 447
417 115
501 124
612 680
209 186
885 703
145 789
381 452
423 75
628 492
894 284
968 352
817 385
391 237
375 799
750 563
303 734
745 865
567 661
976 540
196 747
680 339
252 896
468 248
923 601
470 181
106 611
427 775
749 667
459 555
786 858
468 632
568 629
414 847
515 727
572 644
944 584
333 813
230 918
747 768
891 538
579 187
168 485
432 688
526 347
448 195
187 885
794 478
652 650
195 111
211 780
798 374
851 632
670 464
580 280
595 19
420 57
524 568
789 908
966 372
646 503
651 814
112 204
510 359
733 714
317 208
