1000 2963 10
59 49 16 90 46 49 4 66 26 79 13 96 60 14 1 5 12 84 73 27 73 17 19 51 87 5 67 64 48 67 18 67 61 44 92 79 16 79 53 96 45 64 34 21 42 43 6 39 12 40 1 9 88 57 76 98 4 45 35 30 18 75 7 85 57 54 65 28 68 93 35 76 100 90 28 26 63 94 26 20 66 2 30 2 18 7 14 37 72 95 42 57 95 63 1 79 60 36 62 68 96 38 64 94 38 94 62 53 15 4 6 78 24 66 20 10 57 95 29 93 8 14 41 69 73 94 56 24 1 2 95 1 47 12 62 46 33 25 34 37 10 89 76 72 60 1 59 53 93 21 44 14 85 17 67 75 86 42 98 70 78 14 91 62 38 48 6 68 98 22 76 91 49 43 39 75 42 64 89 37 53 41 65 41 57 88 86 39 8 98 72 71 11 24 82 3 25 98 25 36 41 100 25 77 67 54 71 5 76 30 50 75 88 49 80 51 42 81 93 80 14 13 22 56 33 95 35 64 97 93 4 5 76 37 19 43 79 44 2 40 24 94 13 80 65 28 61 1 79 50 66 4 9 99 50 84 91 100 59 32 99 83 11 93 44 63 56 25 60 99 54 37 66 73 50 69 35 63 18 84 76 36 48 83 26 10 81 62 14 96 58 35 85 10 3 73 84 20 81 16 32 43 42 77 53 2 44 67 71 98 93 38 55 100 85 22 2 9 38 19 69 99 65 3 20 16 67 97 6 24 35 25 25 13 26 83 72 62 32 6 39 99 39 79 56 11 49 36 50 39 89 1 31 92 74 45 2 40 1 61 5 72 64 76 49 88 4 14 97 15 6 78 68 17 99 59 20 62 35 62 24 74 31 5 5 91 58 75 72 27 36 13 9 84 6 13 38 24 89 12 85 1 36 60 32 73 53 98 32 98 58 40 97 41 21 93 99 34 97 75 30 75 32 94 46 78 78 32 3 40 58 63 2 44 50 3 42 25 32 82 28 45 44 34 5 61 84 86 67 53 10 39 72 84 95 65 41 46 30 48 99 11 6 77 52 23 26 34 83 97 75 40 88 38 83 46 54 72 65 25 87 67 81 67 70 60 42 84 92 58 86 67 60 79 92 56 3 45 49 6 91 1 67 82 8 56 78 61 4 13 17 9 33 35 61 95 3 80 60 25 84 91 58 17 4 79 11 25 100 70 62 84 100 78 99 8 32 10 98 46 19 19 40 15 19 72 38 78 16 70 91 73 80 50 86 4 5 71 99 74 68 30 85 59 19 46 39 22 78 60 6 94 8 37 34 50 93 24 76 3 13 67 20 18 3 53 7 95 60 74 85 96 23 28 24 99 12 32 39 71 16 92 34 23 65 66 86 75 65 94 91 62 76 2 22 79 16 29 37 40 14 2 73 44 6 44 28 6 41 70 67 86 23 21 23 44 90 10 84 37 60 100 44 76 54 39 62 83 55 67 49 97 13 71 100 47 42 38 30 11 48 18 70 52 63 33 79 61 15 39 65 5 35 71 70 28 10 30 69 8 43 19 44 36 22 31 39 44 79 23 48 17 40 40 18 31 40 84 52 35 1 96 8 18 32 28 26 87 63 98 4 70 17 50 47 100 91 57 74 65 96 37 90 54 61 12 69 52 95 20 78 88 47 3 78 82 23 27 81 62 66 28 80 84 78 85 21 58 68 82 38 95 14 53 66 74 11 96 42 90 36 51 76 76 25 94 52 71 83 9 31 8 97 36 87 42 71 73 22 64 71 13 83 76 80 9 63 54 7 21 96 86 10 77 83 44 69 52 56 16 61 15 74 39 35 32 86 73 100 15 92 11 27 31 71 72 24 57 60 38 45 29 1 7 73 17 97 36 56 80 53 29 84 89 69 65 50 32 90 52 79 31 99 12 29 75 97 21 90 72 87 70 92 96 33 94 56 47 32 68 99 88 58 44 74 32 65 98 63 17 96 40 14 82 1 42 73 41 56 90 73 71 76 69 15 55 48 56 47 57 70 22 46 4 99 54 1 79 83 68 68 62 70 56 52 22 51 32 62 98 86 81 76 8 7 47 18 3 21 7 50 94 86 52 92 25 1 86 84 36 28 10 81 88 57 53 13 56 81 100 15 23 55 90 45 43 3 23 44 5 5 45 68 62 22 92 86 13 65 53 70 85 84 32 2 11 81 74 10 46 31 75 42 83 79 5 48 15 46 60 95 79 56 80 36 16 95 16 70 62 81 97 3 95 40 55 46 80 12 79
0 102
0 142
0 199
0 406
0 584
0 603
1 103
1 302
1 706
1 970
2 98
2 239
2 304
2 421
2 620
2 716
2 861
3 35
3 211
3 691
3 870
3 915
3 945
4 176
4 242
4 529
4 626
4 667
4 788
5 255
5 257
5 301
5 592
5 729
5 907
5 944
6 41
6 157
6 204
6 711
6 797
6 810
7 126
7 408
7 772
7 802
7 947
7 956
8 60
8 86
8 185
8 221
8 235
8 530
8 623
8 890
9 27
9 55
9 636
9 776
9 865
10 295
10 371
10 410
10 506
10 568
11 44
11 176
11 339
11 614
11 735
11 775
12 164
12 292
12 301
12 359
12 378
12 592
12 821
12 834
12 988
13 119
13 310
13 394
13 427
13 494
13 564
14 194
14 327
14 593
14 601
14 622
15 52
15 122
15 212
15 641
15 668
15 746
16 282
16 355
16 397
16 737
16 739
16 895
17 265
17 361
17 462
17 524
17 535
17 591
17 596
18 642
18 704
18 775
18 790
18 869
18 950
19 246
19 307
19 310
19 365
19 416
19 467
19 715
19 824
19 853
20 223
20 338
20 434
20 743
20 752
20 891
20 996
21 422
21 616
21 643
21 645
21 676
21 868
22 207
22 407
22 938
23 51
23 55
23 351
23 779
23 789
23 798
24 133
24 140
24 562
24 690
24 728
24 825
25 178
25 436
25 516
25 632
25 862
25 943
26 262
26 324
26 415
26 493
26 731
26 774
27 252
27 474
27 636
27 776
27 808
28 99
28 196
28 333
28 575
28 883
29 96
29 124
29 232
29 298
29 453
29 978
30 44
30 53
30 195
30 278
30 874
30 974
31 163
31 180
31 193
31 219
31 325
31 882
32 40
32 371
32 470
32 876
32 912
32 948
33 148
33 170
33 174
33 289
33 517
33 577
33 667
34 82
34 474
34 636
34 805
34 829
35 49
35 211
35 264
35 447
35 621
35 918
35 945
36 78
36 317
36 455
36 585
36 683
37 469
37 514
37 608
37 741
37 896
37 899
37 971
38 160
38 268
38 561
38 851
38 946
39 269
39 285
39 342
39 533
39 536
39 716
40 90
40 470
40 571
40 662
40 844
40 912
41 157
41 341
41 810
41 848
42 112
42 130
42 599
42 613
42 666
42 745
42 997
43 224
43 428
43 648
43 835
44 195
44 278
44 462
44 614
44 735
45 62
45 154
45 222
45 362
45 630
45 661
46 218
46 343
46 587
46 841
46 920
47 341
47 381
47 532
47 556
47 565
47 665
47 923
48 66
48 619
48 652
48 660
48 703
48 967
49 211
49 447
49 509
49 537
49 654
49 987
50 79
50 244
50 311
50 349
50 657
50 928
50 956
51 237
51 290
51 351
51 789
51 901
52 97
52 200
52 668
52 746
53 161
53 458
53 535
53 593
53 874
53 940
53 974
54 222
54 362
54 606
54 652
54 847
54 937
55 252
55 270
55 776
55 779
55 798
55 865
56 72
56 145
56 359
56 582
56 821
56 966
57 207
57 291
57 664
57 700
57 826
58 141
58 190
58 340
58 544
58 764
59 296
59 396
59 425
59 833
59 839
60 185
60 203
60 235
60 515
60 769
61 113
61 230
61 520
61 527
61 706
61 852
61 911
62 154
62 387
62 630
62 827
62 833
62 889
63 65
63 288
63 862
63 943
63 953
63 981
64 135
64 202
64 217
64 717
64 819
64 866
64 941
65 438
65 771
65 862
65 981
66 160
66 268
66 660
66 967
67 516
67 550
67 609
67 943
67 953
68 166
68 179
68 241
68 597
68 656
68 813
69 80
69 150
69 209
69 262
69 324
69 748
69 877
70 128
70 173
70 273
70 566
70 980
70 996
71 133
71 175
71 481
71 498
71 786
71 958
72 145
72 360
72 760
72 935
72 966
73 88
73 167
73 346
73 800
73 939
73 998
74 151
74 226
74 238
74 284
74 681
75 434
75 627
75 701
75 743
75 791
75 999
76 95
76 101
76 313
76 331
76 364
76 465
76 491
76 674
76 961
77 210
77 255
77 545
77 586
77 747
77 750
77 944
78 108
78 239
78 585
78 683
78 983
79 244
79 349
79 845
80 150
80 209
80 463
80 684
81 259
81 631
81 680
81 723
81 736
81 854
82 220
82 474
82 805
82 808
82 933
83 343
83 432
83 452
83 611
83 823
83 836
83 914
83 920
84 85
84 409
84 410
84 448
84 505
84 598
84 912
85 505
85 844
85 912
86 139
86 185
86 221
86 256
86 508
86 699
86 730
87 445
87 507
87 669
87 789
87 901
88 234
88 346
88 416
88 467
88 998
89 164
89 445
89 486
89 750
89 834
90 115
90 470
90 662
90 876
90 888
90 930
91 122
91 225
91 293
91 354
91 576
91 806
92 326
92 388
92 611
92 638
92 836
93 177
93 366
93 431
93 675
93 763
93 837
93 955
94 315
94 477
94 497
94 510
94 512
94 705
95 465
95 491
95 550
95 770
96 298
96 459
96 929
96 978
97 200
97 557
97 746
98 342
98 451
98 620
98 711
98 716
98 924
99 124
99 172
99 196
99 260
99 312
99 333
99 658
99 873
100 401
100 489
100 532
100 759
100 766
100 973
101 143
101 188
101 313
101 331
101 653
102 210
102 347
102 584
102 603
102 688
103 302
103 546
103 555
103 919
103 970
104 112
104 121
104 165
104 326
104 388
104 521
104 613
105 295
105 412
105 450
105 858
105 906
106 491
106 702
106 738
106 758
106 781
107 166
107 226
107 589
107 681
107 813
107 971
107 985
108 186
108 227
108 323
108 585
108 983
109 116
109 192
109 409
109 539
109 909
109 921
110 140
110 284
110 656
110 952
110 962
111 168
111 183
111 322
111 513
111 760
111 935
112 130
112 521
112 613
113 440
113 852
113 911
113 990
114 144
114 258
114 546
114 555
114 569
114 762
114 984
115 488
115 662
115 843
115 888
116 192
116 202
116 275
116 595
116 819
116 872
116 909
117 228
117 316
117 442
117 449
117 830
118 252
118 669
118 727
118 779
118 808
118 934
119 394
119 427
119 440
119 852
120 283
120 296
120 396
120 575
120 672
120 883
121 165
121 326
121 328
121 495
121 508
122 212
122 293
122 305
122 354
122 668
122 793
123 127
123 217
123 358
123 435
123 563
123 628
123 717
123 822
124 172
124 201
124 232
124 453
125 143
125 286
125 352
125 564
125 653
125 659
125 860
126 553
126 719
126 772
126 947
127 336
127 358
127 568
127 822
127 858
127 906
128 566
128 581
128 724
128 763
128 887
128 996
129 161
129 170
129 278
129 289
129 528
129 974
130 521
130 666
130 900
131 336
131 637
131 694
131 765
131 831
131 858
131 972
132 546
132 569
132 765
132 768
132 919
133 175
133 562
133 728
133 786
133 931
133 976
134 276
134 377
134 766
134 866
134 871
134 941
135 276
135 468
135 578
135 717
135 767
135 941
136 137
136 446
136 617
136 640
136 816
136 877
137 182
137 446
137 541
137 609
137 617
137 770
137 781
138 454
138 460
138 562
138 604
138 976
139 142
139 328
139 699
139 730
140 656
140 673
140 690
140 825
140 952
141 231
141 544
141 764
141 787
141 839
141 959
142 199
142 328
142 406
142 699
142 761
143 331
143 352
143 653
144 534
144 762
144 803
144 984
144 986
145 247
145 399
145 582
145 935
146 223
146 427
146 440
146 494
146 502
146 891
146 990
147 379
147 538
147 850
147 892
147 898
147 991
148 174
148 240
148 667
148 880
149 320
149 330
149 449
149 519
149 677
150 183
150 476
150 684
150 748
151 226
151 238
151 469
151 503
151 899
152 224
152 303
152 375
152 639
152 737
153 212
153 257
153 354
153 473
153 501
153 641
154 387
154 661
154 905
155 370
155 414
155 612
155 713
155 894
155 975
156 265
156 277
156 420
156 524
156 591
156 843
156 884
157 797
157 848
157 879
158 180
158 646
158 893
158 954
158 995
159 178
159 274
159 415
159 774
159 905
160 268
160 946
160 967
161 472
161 528
161 593
161 974
162 468
162 554
162 628
162 767
162 815
162 840
162 897
163 179
163 219
163 241
163 294
163 325
163 926
164 586
164 750
164 834
164 988
165 243
165 495
165 521
165 623
166 241
166 813
166 985
167 198
167 346
167 567
167 896
167 939
168 183
168 315
168 322
168 476
168 512
169 353
169 473
169 722
169 818
169 828
169 875
170 278
170 289
170 517
170 735
170 788
171 484
171 487
171 650
171 817
171 917
172 260
172 453
172 573
173 273
173 334
173 338
173 680
173 689
173 980
174 240
174 525
174 577
175 481
175 931
176 242
176 253
176 339
176 775
176 788
177 431
177 583
177 675
177 876
177 930
178 274
178 415
178 436
178 862
179 241
179 245
179 325
179 590
179 597
180 193
180 590
180 646
180 697
180 882
181 270
181 309
181 330
181 636
181 865
181 960
182 491
182 770
182 781
183 261
183 476
183 684
183 760
184 220
184 376
184 486
184 811
184 914
184 934
185 256
185 769
186 227
186 272
186 323
186 407
186 938
187 188
187 313
187 491
187 758
188 313
188 478
188 653
188 659
188 758
189 541
189 549
189 617
189 663
189 707
190 249
190 281
190 340
190 490
190 544
190 650
191 461
191 565
191 848
191 879
191 951
192 285
192 533
192 595
192 902
192 921
193 325
193 590
194 327
194 601
194 859
195 462
195 874
196 575
196 846
196 873
197 233
197 426
197 461
197 548
197 600
197 718
198 208
198 633
198 850
198 896
198 939
198 991
199 214
199 475
199 559
199 584
199 699
199 783
199 932
200 297
200 557
200 668
200 803
200 986
201 232
201 287
201 349
201 657
201 855
201 995
202 266
202 595
202 819
202 866
203 235
203 319
203 515
203 807
204 401
204 451
204 489
204 665
204 711
204 810
205 425
205 438
205 457
205 827
205 849
205 959
206 390
206 498
206 542
206 835
206 927
207 407
207 700
207 814
207 826
207 938
208 379
208 741
208 896
208 991
209 463
209 816
209 877
210 255
210 347
210 357
210 688
210 747
211 654
211 915
212 354
212 641
213 368
213 724
213 752
213 911
214 559
214 783
214 818
214 828
215 280
215 714
215 838
215 890
215 900
215 908
215 994
216 374
216 379
216 384
216 589
216 741
216 971
217 563
217 717
217 819
218 343
218 625
218 811
218 841
219 294
219 882
219 885
220 727
220 805
220 811
220 933
220 934
221 495
221 508
221 623
222 362
222 652
222 661
222 696
222 703
222 754
222 949
223 335
223 434
223 502
223 891
224 303
224 375
224 390
224 428
224 835
225 360
225 483
225 576
225 806
226 469
226 681
226 971
227 272
227 306
227 443
227 983
228 267
228 316
228 322
228 449
228 477
228 512
229 358
229 435
229 867
229 897
230 368
230 520
230 832
230 911
231 405
231 756
231 764
231 771
231 849
231 959
232 298
232 678
232 855
233 666
233 712
233 718
233 838
233 994
234 246
234 263
234 370
234 416
234 693
234 998
235 319
235 530
236 348
236 363
236 441
236 820
236 867
237 247
237 290
237 399
237 442
237 651
237 901
238 250
238 284
238 419
238 503
238 968
239 271
239 304
239 683
239 861
239 983
240 299
240 437
240 525
240 529
240 880
241 926
241 985
242 253
242 588
242 626
243 521
243 623
243 714
243 900
244 356
244 572
244 845
244 947
244 956
245 367
245 590
245 597
245 655
245 673
246 263
246 416
246 499
246 674
246 853
247 399
247 513
247 651
247 935
248 558
248 700
248 751
248 910
249 281
249 484
249 650
249 964
250 419
250 503
250 643
250 863
251 267
251 320
251 395
251 677
252 776
252 779
252 808
253 588
253 642
253 775
254 454
254 673
254 825
254 922
254 989
255 357
255 818
255 907
255 944
256 475
256 699
256 769
257 473
257 501
257 722
257 729
257 907
258 286
258 555
258 860
258 984
259 601
259 610
259 723
259 854
259 859
260 573
260 873
261 463
261 684
261 692
261 760
262 324
262 493
262 748
263 370
263 414
263 674
263 961
264 369
264 385
264 424
264 621
264 918
264 979
265 524
265 591
266 377
266 595
266 866
266 902
266 973
267 320
267 395
267 449
267 477
268 660
268 851
269 304
269 533
269 709
269 716
269 921
270 798
270 865
270 960
271 306
271 744
271 861
271 983
272 407
272 443
273 338
273 996
274 438
274 862
274 905
275 410
275 448
275 506
275 872
275 909
276 515
276 578
276 871
276 941
277 524
277 602
277 614
277 869
277 884
278 735
278 974
279 300
279 424
279 869
279 884
279 979
280 530
280 718
280 890
280 908
280 977
281 459
281 490
281 572
281 964
281 978
282 375
282 428
282 639
282 721
282 737
282 739
283 333
283 396
283 753
283 833
283 856
283 883
284 681
284 952
284 962
284 968
285 533
285 536
285 902
286 302
286 394
286 555
286 564
286 860
287 349
287 523
287 855
288 580
288 953
288 965
288 975
288 981
289 417
289 472
289 528
289 577
290 309
290 351
290 442
290 830
290 960
291 391
291 664
291 691
291 700
291 942
292 483
292 592
292 821
292 966
293 549
293 707
293 793
293 806
294 531
294 725
294 885
294 926
295 371
295 450
295 568
295 906
295 948
296 396
296 430
296 672
296 787
296 839
297 441
297 557
297 569
297 762
297 768
297 986
298 678
298 929
298 969
299 303
299 437
299 903
300 704
300 869
300 910
300 979
301 592
301 944
301 988
302 394
302 527
302 555
302 706
303 397
303 737
303 903
304 683
304 709
304 716
305 429
305 478
305 668
305 793
306 443
306 744
306 951
306 983
307 346
307 467
307 526
307 676
307 715
308 430
308 490
308 544
308 846
308 993
309 330
309 519
309 830
309 960
310 329
310 352
310 365
310 494
310 564
310 853
311 386
311 408
311 881
311 928
311 956
312 333
312 658
312 753
313 491
314 376
314 452
314 545
314 679
314 864
314 914
315 318
315 476
315 497
315 512
316 322
316 442
316 513
316 651
317 455
317 456
317 509
317 537
317 683
318 476
318 493
318 497
318 570
318 748
319 530
319 784
319 807
319 923
320 449
320 677
321 334
321 566
321 594
321 685
321 757
321 940
321 980
322 512
322 513
323 380
323 439
323 585
323 654
323 915
323 938
324 415
324 436
324 877
325 590
326 328
326 388
326 611
327 622
327 734
327 859
327 878
327 895
328 508
328 611
328 730
328 761
329 350
329 352
329 853
330 519
330 636
330 677
331 350
331 352
331 499
331 674
332 497
332 510
332 552
332 682
332 801
333 753
333 883
334 610
334 680
334 723
334 740
334 940
334 980
335 365
335 373
335 434
335 502
335 715
335 824
336 358
336 765
336 768
336 858
337 579
337 627
337 842
337 857
337 963
338 689
338 743
338 996
339 735
339 788
340 400
340 405
340 487
340 650
340 764
341 565
341 665
341 810
341 848
342 451
342 536
342 716
343 811
343 914
343 920
344 708
344 854
344 859
344 878
345 456
345 509
345 539
345 598
345 635
346 467
346 526
346 567
347 357
347 584
348 554
348 815
348 820
348 867
348 897
349 523
349 657
349 845
350 352
350 499
350 853
351 798
351 960
352 564
353 404
353 473
353 641
353 875
354 501
354 576
355 397
355 482
355 742
355 785
355 895
355 903
356 572
356 719
356 794
356 947
357 559
357 584
357 818
358 435
358 768
358 867
359 378
359 582
359 821
360 483
360 663
360 692
360 760
360 806
360 816
360 966
361 418
361 480
361 535
361 596
362 630
362 937
363 404
363 441
363 557
363 773
363 820
363 875
364 414
364 465
364 612
364 792
364 961
365 494
365 502
365 824
366 724
366 763
366 832
366 955
367 590
367 655
367 989
368 724
368 832
368 911
369 700
369 910
369 918
369 942
369 979
370 414
370 693
370 726
370 894
371 410
371 912
371 948
372 403
372 421
372 744
372 861
372 951
373 434
373 522
373 551
373 715
374 379
374 384
374 393
374 624
374 725
374 898
375 428
375 639
376 486
376 545
376 914
377 766
377 866
377 973
378 399
378 507
378 582
378 834
378 901
379 741
379 898
379 991
380 455
380 537
380 585
380 654
381 543
381 556
381 644
381 784
381 916
381 923
382 708
382 721
382 733
382 734
382 739
382 780
383 413
383 444
383 749
383 804
383 857
383 963
384 531
384 589
384 725
385 420
385 424
385 621
385 884
386 408
386 560
386 720
386 881
387 438
387 457
387 827
387 905
388 599
388 613
388 638
389 466
389 480
389 488
389 540
389 812
390 460
390 542
390 671
390 835
391 691
391 918
391 942
391 945
392 471
392 558
392 588
392 796
392 950
393 496
393 624
393 720
393 725
394 527
394 564
394 852
395 477
395 615
395 677
395 809
396 833
397 737
397 903
398 492
398 511
398 607
398 783
398 840
398 932
399 582
399 901
400 405
400 487
400 504
400 580
400 649
400 965
401 489
401 532
401 665
402 444
402 708
402 733
402 736
402 854
402 904
403 421
403 695
403 879
403 924
403 951
404 557
404 641
404 746
404 875
405 756
405 764
405 965
406 603
406 761
407 443
407 700
407 938
408 720
408 802
408 956
409 448
409 539
409 598
409 909
410 448
410 506
410 912
411 657
411 881
411 893
411 928
411 954
411 995
412 450
412 675
412 837
412 858
412 972
413 749
413 804
413 931
414 612
414 961
415 436
415 774
416 467
417 472
417 577
417 622
417 742
417 785
417 982
418 458
418 480
418 535
418 685
418 710
419 579
419 749
419 863
419 931
419 968
420 485
420 621
420 843
420 884
421 620
421 861
421 924
422 616
422 627
422 643
422 782
422 863
423 660
423 686
423 754
423 778
423 795
423 801
423 925
423 949
424 884
424 979
425 827
425 833
425 839
425 959
426 461
426 600
426 644
426 732
426 755
426 916
427 440
427 494
428 574
428 648
428 721
428 780
429 478
429 702
429 738
429 793
430 544
430 672
430 787
430 846
431 466
431 605
431 763
431 888
431 930
432 452
432 611
432 679
432 761
433 498
433 574
433 733
433 780
433 904
433 958
434 551
434 743
434 999
435 628
435 897
436 632
436 640
436 877
437 482
437 525
437 903
437 982
438 457
438 771
438 849
438 862
438 905
439 814
439 915
439 938
440 852
440 990
441 557
441 768
441 867
442 651
442 830
443 951
444 481
444 736
444 804
444 857
444 886
444 904
444 958
445 486
445 507
445 669
445 834
445 934
446 516
446 609
446 632
446 640
447 571
447 621
447 799
447 987
448 909
449 519
449 830
450 583
450 675
450 948
451 489
451 536
451 711
452 679
452 914
453 573
453 978
453 993
454 460
454 562
454 825
454 922
455 537
455 585
456 509
456 539
456 683
456 709
456 921
457 827
458 535
458 685
458 940
459 572
459 929
459 978
460 590
460 604
460 671
460 922
460 989
461 565
461 732
462 524
462 535
462 614
462 874
463 684
463 692
463 816
464 606
464 619
464 652
464 658
464 847
464 967
465 550
465 792
466 488
466 605
466 812
466 888
468 492
468 578
468 767
468 840
469 899
469 971
470 876
471 529
471 558
471 588
471 626
472 528
472 593
472 622
473 641
473 722
474 636
474 808
475 578
475 607
475 699
475 769
475 932
476 748
477 512
477 615
477 705
478 534
478 659
478 668
478 702
478 758
478 803
479 500
479 538
479 618
479 633
479 850
479 992
480 488
480 540
480 596
480 710
481 804
481 931
481 958
482 742
482 903
482 982
483 576
483 592
483 729
483 966
484 650
484 719
484 794
484 817
484 964
485 571
485 621
485 662
485 843
486 545
486 750
486 934
487 504
487 629
487 650
487 917
488 591
488 596
488 843
488 888
489 536
489 973
490 544
490 978
490 993
491 758
491 770
491 781
492 578
492 607
492 840
493 570
493 731
493 748
493 795
494 502
495 508
495 623
496 720
496 725
496 885
496 913
496 957
497 510
497 570
497 801
498 542
498 574
498 786
498 927
498 958
499 674
499 853
500 518
500 618
500 633
500 800
500 939
501 576
501 729
503 514
503 643
503 899
503 936
504 629
504 649
504 713
505 598
505 635
505 799
505 844
506 568
506 822
506 872
507 834
507 901
508 730
509 537
509 635
509 987
510 615
510 682
510 705
511 773
511 783
511 815
511 820
511 828
511 840
513 651
513 935
514 608
514 868
514 899
514 936
515 578
515 769
515 807
515 871
516 609
516 632
516 943
517 667
517 788
518 618
518 693
518 726
518 800
518 917
518 998
519 830
520 547
520 637
520 706
520 832
520 970
521 900
522 551
522 645
522 676
522 715
522 999
523 698
523 845
523 855
523 969
524 614
525 577
525 982
526 567
526 608
526 676
526 868
527 706
527 852
529 626
529 667
529 880
530 784
530 890
530 977
531 589
531 725
531 926
531 985
532 665
532 759
532 923
533 921
534 659
534 803
534 984
535 874
536 902
536 973
537 654
538 772
538 802
538 850
538 892
538 992
539 598
539 921
540 581
540 710
540 812
541 617
541 707
541 738
541 781
541 793
542 671
542 786
542 976
543 548
543 784
543 916
543 977
544 787
545 747
545 750
545 864
546 555
546 569
546 919
547 637
547 694
547 832
547 955
548 600
548 718
548 916
548 977
549 663
549 707
549 806
550 609
550 770
550 792
550 953
551 999
552 682
552 801
552 925
553 618
553 719
553 772
553 817
553 992
554 815
554 897
556 565
556 644
556 755
557 746
558 700
558 751
558 790
558 796
559 584
559 818
560 687
560 720
560 881
560 954
560 957
561 634
561 777
561 851
561 946
562 825
562 976
563 819
563 822
563 872
565 732
565 755
565 848
566 581
566 594
566 980
567 608
567 896
568 822
568 906
569 762
569 768
570 795
570 801
571 621
571 662
571 799
571 844
572 794
572 845
572 929
572 964
573 846
573 873
573 993
574 648
574 780
574 927
575 672
575 846
575 883
576 729
577 982
578 607
578 769
579 627
579 749
579 782
579 863
579 963
580 649
580 713
580 965
580 975
581 594
581 710
581 812
581 887
583 675
583 876
583 948
586 750
586 944
586 988
587 636
587 745
587 829
587 841
587 920
587 997
588 626
588 642
588 950
589 971
589 985
590 989
591 596
591 843
592 729
593 601
593 622
593 740
593 940
594 710
594 757
595 902
597 656
597 673
598 635
599 613
599 638
599 997
600 916
601 610
601 740
601 859
602 614
602 775
602 869
603 679
603 688
603 761
603 864
604 671
604 976
605 763
605 812
605 887
606 652
606 847
607 932
608 868
608 896
609 770
610 723
610 740
611 761
611 836
612 792
612 953
612 975
614 775
615 634
615 647
615 682
615 705
615 809
616 627
616 645
616 999
617 663
617 816
618 817
618 917
618 992
619 652
619 967
620 924
622 785
622 895
623 714
623 890
624 720
624 802
624 892
624 898
625 805
625 811
625 829
625 841
627 782
627 791
627 842
627 999
628 717
628 767
628 897
629 713
629 894
629 917
630 856
630 889
630 937
631 680
631 689
631 701
631 736
632 640
633 850
633 939
634 647
634 682
634 777
634 946
635 799
635 987
636 745
636 829
636 865
637 694
637 831
637 970
638 823
638 836
638 920
638 997
639 737
640 877
641 746
642 775
642 950
643 863
643 868
643 936
644 755
644 916
645 676
645 999
646 687
646 697
646 954
647 677
647 809
647 946
648 835
648 927
649 713
652 703
653 659
654 915
655 673
655 989
656 673
656 813
656 962
657 928
657 995
658 753
658 847
658 937
659 860
659 984
660 686
660 703
660 851
660 949
661 696
661 905
662 843
663 806
663 816
664 691
664 826
664 870
665 810
666 712
666 900
667 788
667 880
668 803
669 779
669 789
669 934
670 687
670 697
670 882
670 885
670 913
670 957
671 976
672 846
673 825
673 989
674 961
675 837
676 715
676 868
677 809
677 946
678 698
678 855
678 969
679 761
679 864
680 689
680 723
681 813
681 962
682 777
682 925
683 709
685 710
685 757
685 940
686 777
686 851
686 925
687 697
687 954
687 957
688 747
688 864
689 701
689 743
690 728
690 952
691 870
691 945
692 760
692 816
693 726
693 998
694 837
694 955
694 972
695 797
695 879
695 924
696 754
696 774
696 778
696 905
697 882
698 855
698 969
700 910
700 942
701 736
701 743
701 791
701 842
701 886
702 738
702 758
703 949
704 790
704 869
704 910
706 970
707 793
708 733
708 734
708 854
708 878
709 921
710 757
711 797
711 924
712 900
712 994
713 894
713 975
714 890
714 900
715 824
717 767
718 838
718 908
718 977
719 794
719 817
719 947
720 802
720 957
721 739
721 780
722 818
722 907
724 752
724 763
724 832
724 996
725 885
726 894
726 917
727 808
727 933
727 934
728 931
728 952
728 968
731 774
731 778
731 795
732 755
733 780
733 904
734 739
734 878
734 895
735 788
736 854
736 886
738 781
738 793
739 895
740 940
741 896
741 971
742 785
742 982
744 861
744 951
745 997
747 864
749 931
749 963
751 790
751 910
752 891
752 911
752 996
753 856
753 937
754 778
754 949
756 771
756 965
756 981
759 766
759 807
759 871
759 923
760 935
762 986
763 887
765 768
765 831
765 919
766 871
766 973
768 867
771 849
771 981
772 802
772 992
773 820
773 828
773 875
774 778
774 905
775 869
777 851
777 925
778 795
779 789
782 863
783 828
783 932
784 923
784 977
785 895
786 976
787 839
789 901
790 796
790 910
790 950
791 842
792 953
794 964
795 801
796 950
797 879
797 924
798 960
799 844
799 987
800 939
800 998
801 925
802 892
803 986
804 931
805 811
805 829
807 871
807 923
808 933
811 914
812 887
813 962
814 826
814 870
814 915
814 938
815 820
815 840
816 877
817 917
818 828
818 907
819 872
821 966
822 872
823 836
823 920
826 870
827 833
828 875
829 841
831 919
831 970
832 955
833 856
833 889
835 927
837 955
837 972
838 908
838 994
839 959
842 857
842 886
844 912
845 929
845 969
846 873
846 993
847 937
848 879
849 959
850 991
854 859
856 889
856 937
857 886
857 963
858 906
858 972
859 878
860 984
862 943
866 941
867 897
868 936
869 884
870 915
876 930
876 948
879 951
881 928
881 954
882 885
885 913
888 930
891 911
891 990
892 898
893 954
893 995
894 917
900 994
902 973
904 958
910 979
911 990
913 957
918 942
918 945
919 970
920 997
922 989
926 985
929 969
931 968
943 953
944 988
946 967
947 956
952 968
953 975
965 981
978 993
259 294
467 548
95 633
194 796
393 952
394 281
59 548
866 472
135 353
346 40
303 590
398 889
400 216
561 546
575 855
435 371
603 920
386 801
322 906
622 543
563 658
701 643
116 801
394 87
816 766
643 277
632 199
324 70
870 217
930 332
448 856
950 636
295 658
460 938
274 85
221 796
145 702
781 624
683 52
141 573
286 681
50 522
100 206
704 945
426 875
741 172
205 155
71 486
746 108
213 737
931 456
422 98
444 390
469 833
784 145
371 54
458 191
181 861
796 343
801 252
153 403
490 589
761 208
687 309
249 504
711 289
715 92
647 320
862 687
587 224
511 723
768 813
478 205
724 515
789 688
622 690
610 423
330 235
118 712
929 430
562 226
583 773
295 97
227 200
242 629
249 647
185 325
380 136
697 510
346 189
317 698
472 297
176 234
400 650
563 115
604 378
911 354
425 402
87 600
894 200
146 487
579 446
290 277
449 530
152 257
346 589
544 385
843 653
102 735
204 603
833 720
502 158
112 235
519 591
470 485
328 730
223 571
492 58
355 109
546 565
830 226
165 275
464 340
287 500
958 320
543 485
843 456
339 535
468 689
467 879
89 254
398 574
423 497
788 796
194 477
254 465
581 278
581 335
859 804
199 317
831 738
797 292
229 288
571 474
476 458
463 169
560 606
827 535
463 983
518 22
561 191
785 667
645 972
417 321
731 198
686 403
333 803
39 550
997 512
663 217
718 65
499 868
288 449
898 642
366 208
128 290
866 671
760 547
533 154
356 347
448 910
802 402
940 293
540 730
491 984
759 797
377 920
357 662
660 253
912 688
978 627
416 23
575 351
531 181
274 155
181 374
95 755
565 411
563 426
528 314
823 354
2 514
193 580
961 653
577 834
427 857
898 230
21 398
774 538
260 342
442 421
990 424
227 523
160 421
95 548
752 269
754 896
127 818
799 569
566 247
315 276
188 781
429 339
500 654
295 345
76 324
824 604
264 519
218 146
913 625
281 130
141 324
730 154
582 641
692 957
482 271
817 662
79 737
535 86
329 482
471 618
764 311
959 346
40 314
688 475
136 400
362 448
448 109
770 702
100 692
504 997
880 664
368 944
107 301
904 436
900 715
659 499
458 127
228 907
833 367
739 679
553 32
347 84
355 913
883 762
351 278
210 367
395 301
498 489
578 798
917 260
534 217
614 205
667 453
264 820
368 811
194 538
553 68
703 77
137 622
389 34
82 695
85 770
520 707
682 233
256 586
202 451
342 847
445 882
288 854
76 356
869 343
649 932
825 202
803 707
166 574
519 506
973 418
698 332
503 902
449 72
196 846
433 228
493 320
895 621
319 591
817 254
433 448
926 355
543 993
286 873
388 252
491 529
605 985
129 644
483 364
63 717
686 560
861 309
465 32
577 535
922 487
854 160
585 425
280 214
568 150
495 85
172 709
597 155
122 411
535 24
496 764
512 142
141 762
611 222
930 688
168 248
593 853
195 286
587 522
493 8
601 465
604 111
868 186
523 765
608 621
364 533
677 716
565 700
405 911
782 363
53 505
120 570
230 165
622 823
197 655
713 536
307 289
329 441
967 433
604 503
423 78
580 504
384 353
443 323
585 922
869 407
314 311
344 520
420 201
504 254
415 782
780 161
366 403
654 416
597 573
425 657
923 728
482 644
235 845
704 453
295 639
47 655
630 627
862 566
675 955
299 194
194 507
398 174
821 564
157 740
77 431
646 866
699 752
854 611
278 811
910 507
747 216
161 224
415 741
781 902
208 828
323 949
882 577
542 541
576 47
813 232
596 950
286 393
442 142
753 369
117 504
655 806
33 625
388 376
757 344
250 278
100 796
891 484
218 621
278 615
983 475
367 609
726 754
678 418
640 230
675 507
540 910
435 779
732 707
307 787
61 637
699 671
656 124
278 828
770 262
18 447
561 580
672 928
504 367
839 283
393 688
237 227
710 848
605 650
309 485
623 260
537 971
712 257
150 788
546 586
384 447
468 81
58 732
698 787
350 172
605 308
234 740
250 611
507 38
341 628
109 558
259 214
924 305
857 789
170 728
182 654
744 248
454 802
890 358
892 809
3 485
404 847
544 234
782 95
634 395
382 704
687 542
269 438
789 647
306 678
340 966
520 882
378 333
302 83
248 387
571 174
565 78
513 402
788 490
411 758
737 793
567 935
448 257
825 402
284 734
320 187
774 400
367 751
139 517
862 325
576 388
265 423
618 183
577 573
141 306
899 575
597 127
725 865
619 489
762 488
420 302
582 617
750 660
748 404
232 658
291 580
389 158
169 293
194 704
590 101
317 393
546 114
495 140
748 632
180 426
624 304
439 943
745 472
501 22
458 602
114 279
657 623
945 404
370 826
513 956
713 586
500 555
497 887
391 986
123 387
872 624
127 471
158 587
488 439
424 819
145 543
184 735
825 517
203 622
430 742
527 335
802 864
76 406
821 324
311 212
447 512
434 604
36 401
514 306
627 365
635 642
622 111
822 456
315 448
485 505
50 463
395 413
285 943
300 321
925 526
667 61
827 782
277 538
544 522
45 492
490 736
751 581
326 558
428 480
614 150
274 713
889 376
899 280
701 896
855 240
444 276
501 934
237 413
697 705
722 356
452 714
422 183
342 645
286 307
140 730
354 231
175 141
344 950
839 630
939 713
366 771
407 251
528 848
471 744
205 558
400 775
882 716
214 647
146 210
27 417
566 823
341 867
262 260
862 829
415 691
785 114
261 398
750 613
606 329
553 798
212 235
669 384
126 223
391 859
598 64
685 658
547 301
786 462
759 98
69 621
256 758
560 875
122 319
869 543
228 127
368 966
653 692
292 479
745 423
780 178
609 752
620 285
772 515
638 64
217 664
321 34
423 585
168 203
643 948
602 280
407 346
336 913
727 655
48 442
676 643
984 535
620 31
705 924
729 373
794 386
472 104
768 119
559 460
180 757
905 730
849 708
976 448
845 145
526 471
705 110
718 188
297 716
527 294
179 844
99 499
64 262
434 963
465 380
364 126
938 581
820 868
840 249
882 735
631 467
361 636
685 617
567 11
947 367
254 238
573 752
824 679
628 80
137 670
551 209
461 780
662 99
957 549
297 260
576 726
802 737
183 826
525 242
704 472
414 599
35 592
693 176
972 580
951 387
223 348
199 891
634 730
524 391
731 132
298 887
578 86
477 561
512 324
645 840
145 646
447 757
63 580
55 283
709 389
97 316
635 583
105 611
278 487
32 361
842 430
899 536
649 904
367 319
567 779
471 672
875 592
736 458
317 119
777 742
417 279
187 303
639 180
16 464
670 841
620 856
430 902
640 778
610 944
517 359
628 897
532 799
802 599
559 922
601 686
66 699
139 160
424 386
314 239
593 177
721 732
328 206
275 930
512 667
848 176
690 152
30 458
742 330
462 764
545 403
146 457
504 200
226 262
464 470
426 680
776 337
408 543
161 486
276 471
401 487
202 392
591 360
726 295
827 474
352 385
659 201
355 893
347 65
658 81
667 152
375 97
668 887
559 356
701 687
285 358
88 417
576 907
785 823
809 280
413 926
387 107
288 919
643 704
645 384
497 346
855 398
634 150
307 942
46 580
409 70
236 694
737 505
623 126
862 488
469 436
727 778
254 100
495 296
156 440
322 98
594 24
66 533
248 151
426 725
844 687
153 803
313 433
539 281
818 427
337 319
251 540
340 408
430 213
288 551
189 197
618 575
842 769
144 818
759 244
327 372
228 111
484 43
416 568
447 636
790 224
379 180
743 924
194 224
401 611
46 336
796 271
299 419
200 129
657 710
322 746
259 691
931 414
869 269
798 130
32 531
746 285
794 534
675 74
513 573
613 527
634 804
973 400
811 191
674 746
361 579
591 820
520 486
67 670
684 275
725 688
299 237
363 36
219 507
351 461
721 619
323 870
171 811
168 461
267 556
906 244
429 842
360 371
318 660
579 258
612 836
21 560
433 981
940 489
961 622
856 224
315 838
909 603
660 752
437 703
360 698
783 204
108 335
533 632
845 531
987 496
735 441
605 903
772 575
311 465
852 545
771 647
78 294
417 128
174 553
580 943
691 824
705 202
336 575
367 297
66 343
231 584
254 890
515 633
272 645
921 579
256 188
167 786
43 422
766 436
235 817
429 532
195 170
165 616
897 770
124 447
60 607
639 101
882 646
735 899
941 472
911 372
355 683
753 757
271 376
303 113
325 135
482 158
740 647
798 154
129 786
756 517
512 791
231 481
218 844
652 303
359 258
209 809
661 34
888 441
310 644
706 135
323 929
31 653
800 722
671 330
967 510
412 623
903 466
927 553
720 828
782 285
417 38
646 436
833 700
695 722
846 375
730 342
448 220
745 69
776 721
933 381
446 546
810 642
381 599
158 509
463 861
691 365
804 823
75 391
895 332
264 853
509 745
720 322
526 943
102 709
499 468
861 644
461 454
209 702
372 235
907 751
536 609
805 550
805 474
883 303
62 308
997 456
514 687
152 193
715 501
643 656
