1000 2959 10
72 54 97 39 89 86 73 90 100 39 86 83 10 34 17 46 58 50 23 20 74 91 50 48 83 60 23 66 50 4 44 98 80 41 83 41 84 56 28 22 12 80 22 92 81 34 79 65 44 52 19 55 40 94 43 40 27 6 71 79 24 48 100 75 98 31 37 76 61 45 90 71 62 17 31 76 62 31 71 14 13 34 64 89 17 58 44 37 57 52 49 68 31 77 72 91 100 80 26 58 57 26 22 94 94 95 47 38 10 48 46 40 21 86 87 77 38 8 37 57 46 82 99 41 42 79 87 18 94 49 18 27 69 86 80 60 71 12 60 26 12 22 12 43 60 39 97 69 3 43 80 30 6 28 54 27 31 67 91 75 33 45 42 7 71 65 79 90 51 33 48 2 1 39 35 86 99 92 80 100 33 49 90 88 32 76 27 85 45 79 7 45 92 5 10 9 71 98 9 3 99 38 89 85 39 93 6 96 7 28 75 96 67 1 98 100 47 52 92 54 38 69 67 78 9 86 78 45 52 59 94 85 92 60 88 99 27 5 23 40 42 37 39 17 31 18 36 85 39 57 89 47 67 28 70 55 74 85 39 5 93 81 93 71 32 7 55 86 77 2 50 6 15 70 47 12 67 34 1 40 90 89 53 36 58 26 15 55 14 52 18 21 47 64 37 63 75 96 12 92 56 86 19 27 27 33 18 64 49 2 80 60 85 33 65 55 71 80 91 51 17 61 83 29 45 75 95 59 33 51 19 4 87 94 48 92 43 24 19 29 97 94 73 15 31 79 6 40 69 73 31 70 73 35 62 30 80 18 9 21 90 95 67 85 83 50 41 20 96 25 99 61 39 71 74 33 73 84 82 80 87 95 71 49 17 37 6 27 37 100 30 4 96 67 7 47 50 6 76 2 62 17 52 80 55 20 13 30 87 27 73 3 64 45 5 9 61 100 17 52 80 91 8 100 7 4 12 10 38 63 60 19 85 16 6 82 76 54 24 16 21 90 99 92 63 19 89 33 74 9 98 20 1 36 89 84 73 38 56 3 62 64 69 46 82 98 1 67 88 47 67 39 31 9 12 86 22 94 55 41 47 30 32 25 96 41 59 61 1 69 78 9 95 33 92 65 49 92 26 77 88 85 1 17 60 74 56 63 88 85 71 16 8 65 61 56 32 46 3 50 24 65 53 40 83 67 10 9 69 80 85 10 12 53 96 77 36 100 12 98 74 41 69 36 75 71 71 11 82 79 79 93 12 50 34 19 90 98 5 28 45 73 63 13 29 43 64 2 64 39 69 52 50 69 1 4 25 17 59 40 83 32 51 33 9 20 19 30 51 19 91 65 81 6 78 100 77 60 33 89 95 40 44 5 84 63 23 82 50 56 97 2 14 19 13 22 74 91 1 34 7 36 80 28 39 84 9 17 58 5 92 25 91 87 47 55 92 84 63 41 4 55 22 46 89 33 28 48 26 41 65 85 47 78 34 41 50 71 42 17 13 9 84 15 58 9 63 59 45 48 43 54 84 59 87 70 71 54 33 65 23 27 54 35 9 22 91 92 9 23 15 7 1 86 57 63 48 32 83 11 70 38 27 68 35 48 32 55 85 83 18 91 55 21 70 97 73 30 63 82 33 77 65 79 94 68 9 85 28 45 45 86 89 82 21 96 96 42 23 5 61 95 4 90 50 13 86 60 16 37 79 85 17 44 28 27 38 66 53 11 62 47 99 91 56 89 62 93 68 21 54 83 19 69 27 82 24 82 78 66 76 9 28 27 8 85 53 71 53 1 15 95 81 3 66 94 86 34 78 12 69 72 47 84 95 97 95 39 50 7 47 88 3 2 82 62 63 84 72 39 59 51 98 67 36 88 43 12 91 14 65 32 25 19 70 1 66 47 84 46 33 61 77 93 91 71 20 10 87 79 13 67 58 96 36 23 6 97 33 46 34 67 38 59 11 4 95 45 66 15 81 94 54 9 53 98 18 76 89 64 50 75 55 37 81 37 22 20 35 52 95 34 39 19 6 79 5 76 25 33 30 29 84 61 98 13 85 67 36 68 32 77 13 70 38 20 30 64 88 88 33 68 42 6 43 75 57 96 27 41 57 3 63 4 45 22 12 18 100 55 71 26 18 35 94 54 67 99 22 97 12 72 55 76 34 62 99 52 34 1 6 96 3 90 64 7 49 37 26 41 19 90 89 74 14 72 84 39 56 49 99 22 41 24 33 57 31 23 48 10 59 67 80 31 29 57 9 38 23 92
0 32
0 97
0 249
0 846
0 940
0 954
1 147
1 361
1 383
1 387
1 822
1 836
2 112
2 126
2 191
2 808
2 965
2 976
3 91
3 99
3 178
3 203
3 457
3 835
3 943
4 24
4 122
4 694
4 772
4 986
5 156
5 297
5 465
5 542
6 158
6 408
6 423
6 568
6 659
6 724
6 838
7 151
7 181
7 227
7 341
7 697
7 884
8 78
8 218
8 391
8 532
8 771
9 352
9 520
9 639
10 393
10 418
10 685
10 718
10 761
10 763
10 770
11 54
11 179
11 463
11 781
11 898
11 952
11 968
12 84
12 317
12 436
12 469
12 580
12 707
12 752
13 287
13 292
13 404
13 868
13 972
14 44
14 51
14 130
14 480
14 992
15 447
15 530
15 560
15 854
15 877
16 216
16 374
16 471
16 696
16 885
17 302
17 404
17 637
17 715
17 797
17 972
18 20
18 448
18 479
18 551
18 558
18 574
18 919
18 966
19 258
19 504
19 564
19 649
19 807
20 219
20 479
20 508
20 919
20 974
21 43
21 65
21 408
21 659
21 788
21 818
22 223
22 463
22 505
22 514
22 838
22 952
22 969
23 277
23 672
23 880
23 889
24 150
24 325
24 459
24 772
24 986
25 402
25 549
25 746
25 833
26 36
26 217
26 304
26 474
26 811
27 514
27 609
27 717
27 818
27 880
28 125
28 233
28 315
28 636
28 709
29 266
29 531
29 576
29 844
29 997
30 170
30 214
30 215
30 476
30 713
30 726
31 124
31 177
31 221
31 421
31 620
31 884
32 121
32 194
32 213
32 249
32 571
32 743
32 846
32 944
33 76
33 228
33 256
33 378
33 875
33 959
34 58
34 339
34 488
34 662
34 793
34 853
35 51
35 128
35 456
35 634
35 900
36 304
36 474
36 626
36 856
37 66
37 261
37 462
37 546
37 823
38 322
38 502
38 581
38 663
38 989
39 94
39 169
39 298
39 319
39 708
39 816
40 114
40 162
40 224
40 405
40 526
40 622
41 218
41 358
41 363
41 472
41 490
41 623
41 762
41 903
41 941
42 64
42 80
42 85
42 245
42 427
42 597
43 65
43 105
43 592
43 687
43 788
44 59
44 104
44 130
44 288
44 992
45 56
45 149
45 431
45 632
45 792
45 816
45 980
46 196
46 327
46 540
46 839
47 213
47 624
47 645
47 783
47 786
47 970
48 69
48 381
48 563
48 764
48 873
48 909
48 995
49 161
49 561
49 593
49 614
49 873
50 145
50 412
50 466
50 754
50 774
50 780
51 128
51 480
51 554
51 634
51 992
52 433
52 491
52 533
52 596
52 706
52 734
53 62
53 78
53 200
53 257
53 391
53 675
53 947
54 650
54 824
54 945
54 952
54 968
55 184
55 291
55 397
55 680
55 826
56 149
56 369
56 980
57 98
57 362
57 437
57 556
57 572
57 653
58 565
58 648
58 662
58 804
58 853
59 103
59 104
59 128
59 506
59 840
59 992
60 108
60 392
60 429
60 654
60 785
60 861
61 291
61 570
61 625
61 664
61 948
62 218
62 257
62 363
62 391
62 572
62 771
62 827
63 73
63 262
63 383
63 679
63 836
63 957
64 80
64 207
64 351
64 526
64 597
64 855
64 891
65 592
65 630
65 659
65 882
66 246
66 261
66 316
66 462
66 671
66 826
67 259
67 454
67 523
67 583
67 675
67 893
67 905
68 192
68 414
68 465
68 745
68 765
69 151
69 161
69 181
69 873
69 995
70 112
70 126
70 162
70 224
70 914
71 263
71 602
71 691
71 698
71 848
71 876
71 910
72 82
72 89
72 398
72 605
72 611
72 644
72 907
73 314
73 383
73 797
73 930
73 957
74 190
74 367
74 448
74 558
74 584
74 966
75 195
75 342
75 453
75 699
75 769
76 228
76 321
76 803
76 959
77 92
77 268
77 285
77 349
77 443
77 527
78 259
78 311
78 391
78 450
78 532
78 675
79 171
79 201
79 276
79 489
79 495
79 754
79 780
80 245
80 351
80 588
81 272
81 331
81 435
81 507
81 573
81 888
82 455
82 605
82 611
82 920
83 310
83 782
83 828
83 928
84 222
84 370
84 580
84 670
84 707
84 896
85 386
85 427
85 597
85 766
85 976
86 202
86 234
86 590
86 759
86 817
86 858
87 154
87 157
87 307
87 787
88 198
88 356
88 379
88 529
88 983
89 359
89 644
89 768
89 907
90 282
90 548
90 570
90 625
90 655
90 895
91 125
91 203
91 233
91 693
91 835
91 911
91 949
92 285
92 527
92 542
92 676
93 101
93 377
93 446
93 708
93 985
94 101
94 319
94 329
94 708
94 714
95 241
95 315
95 482
95 501
95 636
96 340
96 547
96 656
96 710
96 741
96 744
97 249
97 575
97 669
97 783
97 805
97 954
98 437
98 439
98 572
98 640
99 133
99 178
99 457
99 831
100 140
100 434
100 451
100 556
100 832
101 329
101 377
101 673
101 708
102 251
102 270
102 447
102 631
102 686
102 854
103 128
103 478
103 577
103 731
103 830
103 840
104 286
104 288
104 309
104 506
104 661
104 844
105 591
105 592
105 687
105 722
105 857
106 208
106 241
106 255
106 377
106 795
107 232
107 545
107 555
107 705
107 926
108 343
108 654
108 785
108 800
109 154
109 157
109 443
109 492
109 541
110 329
110 373
110 406
110 422
110 557
110 714
110 991
111 199
111 465
111 619
111 676
111 765
112 126
112 318
112 914
112 965
113 404
113 498
113 679
113 797
113 902
113 957
114 224
114 344
114 385
114 563
114 622
114 914
115 420
115 589
115 829
115 935
115 954
116 303
116 521
116 555
116 582
116 584
116 960
117 284
117 599
117 728
117 779
117 831
117 936
118 129
118 237
118 444
118 500
118 798
118 956
119 396
119 435
119 508
119 550
119 852
119 888
120 188
120 280
120 336
120 874
121 167
121 194
121 921
121 944
121 991
122 279
122 621
122 694
122 753
122 772
123 225
123 496
123 604
123 727
123 778
123 883
124 221
124 376
124 401
124 837
124 863
124 884
125 233
125 709
125 835
125 923
126 162
126 320
126 976
127 160
127 180
127 248
127 312
127 484
128 731
128 900
128 992
129 135
129 205
129 444
129 538
129 798
130 288
130 480
130 871
130 894
131 145
131 283
131 774
131 835
131 923
131 943
132 170
132 187
132 663
132 973
132 984
132 989
133 260
133 347
133 457
133 518
133 831
134 156
134 274
134 323
134 594
134 635
134 751
134 904
135 444
135 538
135 642
135 929
136 313
136 324
136 400
136 533
136 608
136 964
137 352
137 382
137 500
137 627
137 639
137 684
137 936
138 148
138 296
138 510
138 544
138 700
138 820
139 241
139 255
139 475
139 494
139 528
139 860
140 362
140 451
140 748
140 832
141 263
141 615
141 821
141 852
141 876
141 950
142 245
142 402
142 427
142 458
142 961
143 147
143 149
143 369
143 866
143 931
144 201
144 466
144 483
144 843
144 913
145 178
145 774
145 779
145 780
145 943
146 155
146 472
146 477
146 733
146 762
146 810
147 361
147 369
147 467
147 760
147 822
147 931
148 296
148 392
148 544
148 654
148 692
149 369
149 431
149 695
149 866
149 955
150 436
150 449
150 459
150 638
150 986
151 181
151 376
151 841
151 884
151 995
152 360
152 657
152 703
152 794
152 850
153 160
153 248
153 275
153 892
153 934
154 157
154 168
154 307
154 492
154 799
155 355
155 358
155 395
155 762
155 810
156 285
156 297
156 542
156 635
156 904
156 942
157 485
157 541
157 767
157 787
158 419
158 568
158 601
158 745
158 838
159 199
159 271
159 527
159 529
159 730
160 204
160 248
160 312
160 612
160 892
161 181
161 227
161 341
161 593
161 873
162 224
162 320
162 386
162 526
162 597
163 311
163 366
163 512
163 725
164 206
164 269
164 368
164 735
165 322
165 476
165 696
165 713
165 739
165 984
166 429
166 519
166 536
166 554
166 847
167 407
167 646
167 755
167 921
167 991
168 247
168 492
168 667
168 789
168 799
169 240
169 298
169 792
169 816
169 877
169 906
170 187
170 220
170 713
170 726
170 984
171 276
171 382
171 489
171 599
171 627
171 728
172 348
172 389
172 426
172 499
172 647
173 295
173 371
173 425
173 513
173 681
174 390
174 452
174 537
174 722
174 890
175 268
175 356
175 529
175 667
175 730
175 789
176 243
176 260
176 347
176 471
176 885
177 620
177 660
177 697
177 884
177 924
178 779
178 831
178 943
179 223
179 463
179 515
179 585
179 672
179 898
180 312
180 345
180 484
180 775
181 341
182 257
182 748
182 801
182 827
182 833
183 293
183 403
183 689
183 781
183 812
183 898
183 968
184 306
184 316
184 606
184 680
184 826
185 196
185 279
185 540
185 641
185 814
185 849
186 303
186 345
186 555
186 705
186 817
186 978
187 220
187 973
188 280
188 874
188 973
188 982
189 424
189 761
189 763
189 911
189 949
190 232
190 367
190 448
190 802
190 926
190 927
191 535
191 688
191 965
192 256
192 334
192 414
192 423
192 568
192 651
192 745
192 875
193 261
193 306
193 316
193 333
193 412
193 756
194 557
194 743
194 991
195 453
195 678
195 769
195 905
196 207
196 540
196 641
196 839
197 491
197 662
197 793
197 804
197 863
197 932
198 324
198 379
198 964
198 983
198 987
199 271
199 442
199 527
199 619
199 676
199 740
200 675
200 865
200 933
200 947
201 466
201 495
201 534
201 754
201 913
202 345
202 389
202 749
202 759
202 858
203 300
203 457
203 461
203 693
204 552
204 587
204 612
204 791
204 892
204 998
205 538
205 543
205 798
206 269
206 368
206 397
206 445
206 664
206 862
207 405
207 641
207 839
207 855
207 891
208 241
208 253
208 377
208 497
208 673
209 229
209 231
209 480
209 519
209 737
209 805
210 415
210 438
210 460
210 819
210 981
211 551
211 657
211 802
211 850
211 927
211 939
212 357
212 390
212 537
212 573
212 821
212 888
213 249
213 624
213 645
213 944
214 215
214 243
214 471
214 476
214 520
215 352
215 520
215 726
216 226
216 354
216 374
216 461
216 518
216 711
216 885
217 304
217 478
217 586
217 633
217 811
217 975
218 363
218 532
218 771
218 903
219 508
219 550
219 615
219 919
219 950
220 726
220 973
220 982
221 421
221 441
221 488
221 863
222 431
222 632
222 670
222 712
222 896
223 463
223 514
223 672
223 880
224 914
225 266
225 286
225 604
225 716
225 778
225 834
226 374
226 496
226 658
226 711
226 739
226 883
227 341
227 593
227 613
227 697
228 372
228 651
228 803
228 875
228 879
229 480
229 669
229 805
229 871
230 394
230 462
230 503
230 674
230 683
230 918
231 429
231 519
231 575
231 579
231 700
231 805
232 384
232 545
232 657
232 926
232 927
233 315
233 685
233 761
233 770
233 949
234 590
234 703
234 759
235 254
235 277
235 609
235 717
235 719
235 859
235 889
235 967
236 447
236 449
236 560
236 638
236 777
237 444
237 534
237 603
237 629
237 956
238 577
238 633
238 690
238 975
239 400
239 403
239 608
239 734
239 812
240 530
240 707
240 877
240 896
240 906
241 255
241 482
241 497
241 501
241 860
242 305
242 566
242 598
242 721
242 932
243 347
243 471
243 520
243 639
244 487
244 491
244 493
244 598
244 688
244 721
245 427
245 588
245 947
245 961
246 291
246 671
246 826
246 948
247 290
247 328
247 667
247 682
247 799
248 484
248 897
248 934
249 624
249 783
250 292
250 302
250 396
250 508
250 524
250 628
250 637
250 974
251 270
251 686
251 735
251 736
252 351
252 353
252 588
252 865
252 933
253 338
253 497
253 673
253 971
253 996
254 585
254 812
254 898
254 967
255 299
255 428
255 494
255 795
256 378
256 423
256 747
256 813
256 875
257 549
257 827
257 833
257 947
258 328
258 356
258 379
258 564
258 649
258 702
259 450
259 454
259 675
260 347
260 518
260 885
261 316
261 388
261 412
261 823
262 679
262 732
262 755
262 836
262 916
263 415
263 486
263 691
263 819
263 876
263 950
264 370
264 470
264 580
264 643
264 953
264 963
264 990
265 603
265 642
265 913
265 917
265 929
266 286
266 531
266 778
266 844
267 460
267 521
267 584
267 758
267 981
268 349
268 527
268 730
268 789
269 299
269 397
269 528
269 735
269 736
270 346
270 368
270 447
270 699
270 735
271 529
271 650
271 740
271 983
271 987
272 357
272 390
272 507
272 573
272 869
272 882
273 571
273 935
273 940
273 951
273 971
273 994
274 323
274 511
274 594
274 851
275 600
275 892
275 934
275 937
276 495
276 534
276 553
276 627
277 515
277 672
277 889
277 967
278 319
278 406
278 413
278 468
278 816
279 540
279 559
279 621
279 772
279 814
280 336
280 502
280 531
280 663
280 973
281 483
281 768
281 842
281 843
282 395
282 548
282 806
282 895
283 333
283 668
283 756
283 774
283 923
284 347
284 639
284 831
284 936
285 308
285 443
285 542
285 773
285 942
286 309
286 834
286 844
287 404
287 498
287 516
287 868
288 661
288 894
289 430
289 666
289 815
289 881
289 915
289 922
290 328
290 421
290 441
290 682
290 702
291 397
291 664
291 826
291 948
292 302
292 628
292 868
292 972
293 313
293 403
293 522
293 608
293 689
294 399
294 472
294 618
294 623
295 425
295 498
295 516
295 681
295 701
295 902
296 392
296 700
297 465
297 872
297 904
298 708
298 877
299 428
299 494
299 528
299 686
299 736
300 457
300 461
300 518
301 312
301 432
301 612
301 791
301 998
302 637
302 972
303 555
303 960
304 856
304 975
305 337
305 401
305 493
305 566
305 721
305 809
305 841
306 316
306 606
306 668
306 756
307 660
307 682
307 787
307 799
307 924
308 443
308 541
308 616
308 773
308 963
308 990
309 589
309 661
309 834
310 343
310 350
310 426
310 782
310 897
310 928
311 366
311 450
311 512
311 532
312 612
313 324
313 522
313 608
313 987
314 411
314 467
314 481
314 797
314 930
315 501
315 636
315 685
316 826
317 436
317 469
317 946
317 986
318 385
318 535
318 908
318 909
318 914
318 965
319 406
319 714
319 816
320 386
320 976
321 411
321 481
321 595
321 803
321 959
322 531
322 581
322 739
322 883
322 984
322 989
323 511
323 677
323 751
323 879
324 964
324 987
325 342
325 459
325 769
325 772
326 332
326 375
326 399
326 578
326 988
327 353
327 523
327 540
327 839
327 893
328 356
328 667
328 702
329 422
329 673
329 714
330 417
330 547
330 723
330 741
330 825
330 901
330 977
331 335
331 435
331 507
331 524
331 637
331 665
332 399
332 437
332 556
332 962
333 412
333 756
333 774
334 423
334 568
335 481
335 637
335 665
335 715
335 747
335 813
336 531
336 576
336 856
336 874
336 997
337 410
337 416
337 487
337 493
337 809
338 418
338 497
338 501
338 685
338 971
338 994
339 441
339 488
339 702
339 853
340 593
340 614
340 710
340 744
342 459
342 699
342 769
343 348
343 426
343 785
343 800
343 928
344 561
344 563
344 622
344 849
345 389
345 775
345 817
345 858
346 447
346 699
346 777
347 639
347 831
348 426
348 499
348 800
349 443
349 492
349 789
350 426
350 484
350 647
350 775
350 897
351 353
351 588
351 891
352 520
352 639
352 726
353 839
353 865
353 891
353 893
354 461
354 693
354 711
354 911
355 395
355 790
355 810
355 895
356 379
356 529
356 667
357 390
357 573
358 395
358 762
358 903
359 509
359 538
359 644
359 768
360 464
360 794
360 800
360 850
361 369
361 387
361 413
361 468
361 646
361 980
362 451
362 556
362 653
362 748
362 827
363 439
363 572
363 941
364 516
364 574
364 628
364 666
364 864
364 868
364 870
365 434
365 729
365 746
365 801
365 832
365 833
366 450
366 454
366 583
366 725
366 776
367 582
367 584
367 926
368 445
368 453
368 699
368 735
369 980
370 580
370 643
370 670
371 510
371 513
371 681
371 820
371 970
372 651
372 751
372 872
372 879
372 904
372 979
373 422
373 557
373 571
373 743
373 971
373 996
374 696
374 739
375 539
375 578
375 920
375 988
376 401
376 841
376 884
377 446
377 673
377 795
378 813
378 959
379 596
379 649
379 706
379 964
380 455
380 472
380 539
380 618
380 733
381 416
381 742
381 809
381 909
381 995
382 599
382 627
382 936
383 822
383 836
383 930
384 545
384 590
384 657
384 703
384 757
385 563
385 764
385 909
385 914
386 597
386 976
387 646
387 755
387 836
388 412
388 738
388 823
389 499
389 647
389 749
389 775
390 537
390 882
390 890
391 771
392 654
392 700
392 861
393 418
393 718
393 951
393 994
394 409
394 477
394 674
394 790
394 810
394 918
395 806
395 895
395 903
395 938
396 435
396 508
396 524
397 528
397 664
397 680
398 605
398 683
398 907
399 578
399 618
399 623
399 962
400 533
400 608
400 734
401 566
401 837
401 841
402 458
402 549
402 746
402 961
403 608
403 812
404 498
404 797
404 972
405 526
405 622
405 641
405 855
406 407
406 413
406 714
406 991
407 413
407 646
407 991
408 659
408 818
408 838
408 969
409 462
409 671
409 674
409 790
409 948
410 416
410 487
410 688
410 720
411 467
411 481
411 595
411 760
412 466
412 738
412 774
413 468
413 646
414 465
414 651
414 872
414 979
415 486
415 819
415 981
416 720
416 742
416 809
416 908
417 473
417 723
417 953
417 977
418 685
418 994
419 517
419 601
419 619
419 704
419 745
420 589
420 878
420 925
420 935
421 441
421 620
421 682
422 673
422 996
423 568
423 665
423 724
423 747
424 604
424 727
424 763
424 911
425 513
425 679
425 902
425 916
426 647
427 458
427 766
427 808
428 631
428 686
428 795
429 519
429 536
429 700
429 785
429 861
430 701
430 784
430 815
430 922
431 632
431 695
431 712
431 851
432 474
432 586
432 587
432 626
432 811
432 998
433 491
433 504
433 596
433 804
433 999
434 440
434 729
434 832
435 524
435 888
436 638
436 752
436 986
437 556
437 640
437 962
438 460
438 691
438 819
438 848
438 960
439 572
439 640
439 941
440 458
440 729
440 746
440 808
441 488
441 702
442 517
442 619
442 650
442 704
442 740
443 492
443 541
444 603
444 642
445 453
445 610
445 862
446 631
446 795
446 985
447 560
447 777
447 854
448 551
448 558
448 802
449 459
449 638
449 699
449 777
450 454
451 556
452 525
452 537
452 698
452 722
452 886
452 910
453 610
453 678
453 699
453 725
453 776
454 583
455 539
455 605
455 733
455 920
456 634
456 828
456 900
456 937
457 518
458 746
458 808
459 699
460 521
460 960
460 981
461 518
461 693
462 503
462 546
462 671
462 674
463 952
464 567
464 654
464 692
464 800
464 850
465 542
465 676
465 765
465 872
466 483
466 738
466 754
467 760
467 822
467 930
468 816
468 980
469 473
469 580
469 946
469 953
470 723
470 825
470 953
470 990
471 476
471 696
471 885
472 618
472 623
472 733
472 762
473 867
473 946
473 953
473 977
474 626
474 811
475 528
475 606
475 680
475 860
476 696
476 713
477 733
477 810
477 918
478 577
478 586
478 633
478 830
479 574
479 628
479 974
480 554
480 737
480 871
481 715
481 797
481 813
481 959
482 562
482 606
482 636
482 668
482 860
483 738
483 842
483 843
483 993
484 775
484 897
485 541
485 616
485 767
485 796
486 758
486 919
486 950
486 966
486 981
487 493
487 688
488 793
488 863
489 728
489 779
489 780
490 623
490 640
490 941
490 962
491 598
491 804
491 932
492 789
493 721
494 528
495 534
496 658
496 727
496 883
497 501
498 516
498 902
499 749
499 794
499 800
500 553
500 629
500 684
500 956
501 685
502 531
502 581
502 663
503 546
503 683
503 907
504 565
504 596
504 649
504 807
504 999
505 601
505 704
505 824
505 838
505 952
506 577
506 690
506 840
506 844
507 617
507 665
507 869
508 550
508 974
509 538
509 768
509 843
509 917
509 929
510 700
510 786
510 820
510 958
510 970
511 677
511 695
511 851
511 955
512 532
512 548
512 725
512 806
512 938
513 916
513 970
514 818
514 880
514 969
515 585
515 672
515 967
516 701
516 864
516 868
517 619
517 704
518 885
519 554
519 737
520 639
521 584
521 960
522 650
522 689
522 945
522 987
523 540
523 559
523 769
523 893
523 905
524 637
525 591
525 722
525 886
526 597
526 855
527 676
527 730
528 680
529 730
529 983
530 560
530 707
530 877
531 576
531 581
531 778
531 883
532 903
532 938
533 706
533 734
533 964
534 553
534 603
534 629
534 913
535 688
535 720
535 908
535 965
536 785
536 847
536 887
536 928
537 602
537 821
537 910
538 543
538 644
538 929
539 578
539 618
539 920
540 559
541 616
542 676
543 611
543 644
543 798
543 988
544 692
544 784
544 815
544 820
545 705
545 757
546 768
546 823
546 842
546 907
546 993
547 613
547 710
547 741
547 901
548 570
548 607
548 725
548 806
548 899
549 833
549 947
549 961
550 615
550 852
551 574
551 666
551 802
551 915
551 939
552 587
552 600
552 731
552 845
552 892
553 627
553 629
553 684
554 634
554 737
554 847
555 582
555 705
555 926
557 743
557 991
558 966
559 769
559 772
560 638
560 707
560 752
561 563
561 614
561 849
561 873
562 636
562 668
562 709
562 923
563 764
563 873
564 648
564 702
564 807
564 853
565 648
565 804
565 807
565 999
566 837
566 932
567 692
567 815
567 850
567 881
567 939
568 745
569 613
569 697
569 767
569 787
569 924
570 607
570 625
570 664
570 862
571 743
571 846
571 940
571 971
572 653
572 827
573 888
574 628
574 666
575 579
575 783
575 805
576 997
577 633
577 690
577 840
578 618
579 700
579 783
579 786
579 958
580 953
582 584
582 926
583 678
583 776
583 905
584 758
584 966
585 898
585 967
586 587
586 811
586 830
586 845
587 845
587 998
588 933
588 947
589 661
589 829
589 834
589 925
590 703
590 757
590 817
591 722
591 857
591 886
591 912
592 722
592 882
592 890
593 613
593 614
593 710
594 635
594 643
594 670
594 773
594 851
595 677
595 760
595 803
595 866
595 931
596 649
596 706
598 721
598 932
599 728
599 936
600 731
600 892
600 900
600 937
601 704
601 838
602 821
602 876
602 910
603 642
603 913
604 716
604 727
604 763
604 925
605 683
605 733
605 918
606 668
606 680
606 860
607 862
607 899
609 717
609 880
609 889
610 725
610 862
610 899
611 644
611 920
611 988
612 791
613 697
613 710
613 767
613 901
614 621
614 744
614 814
614 849
615 852
615 950
616 796
616 990
617 665
617 724
617 869
619 745
619 765
620 660
620 682
621 744
621 753
621 814
622 641
622 849
623 962
624 783
625 655
625 948
626 750
626 856
626 982
627 684
628 868
628 974
629 956
630 659
630 869
630 882
631 686
631 795
631 854
631 985
632 792
632 896
632 906
633 975
634 828
634 847
634 887
635 773
635 942
636 709
637 715
638 752
639 936
640 941
640 962
641 849
642 929
643 670
643 773
643 963
645 732
645 916
645 944
645 970
646 755
647 775
648 807
648 853
650 704
650 740
650 824
650 945
650 987
651 875
651 979
652 687
652 717
652 719
652 788
652 818
653 827
654 692
654 800
655 790
655 895
655 948
656 741
656 744
656 753
656 867
656 977
657 703
657 850
657 927
658 711
658 727
659 724
659 869
660 682
660 924
661 829
661 894
662 793
662 804
663 973
663 989
664 862
665 724
665 747
666 870
666 915
666 922
667 789
668 756
668 923
669 805
669 829
669 871
669 894
669 954
670 712
670 851
671 948
672 880
673 996
675 865
675 893
677 803
677 866
677 879
677 955
678 776
678 905
679 902
679 916
679 957
681 701
681 784
681 820
682 799
683 907
683 918
685 770
686 736
687 719
687 788
687 857
688 720
689 945
689 968
690 844
690 975
690 997
691 819
691 848
692 815
693 911
694 753
694 867
694 946
694 986
695 851
695 955
696 739
697 884
697 924
698 848
698 886
698 910
699 777
700 861
700 958
701 784
701 864
701 922
702 853
703 749
703 759
703 794
704 824
705 757
705 978
706 964
707 752
707 896
708 877
708 985
709 923
711 727
711 911
712 851
713 984
715 797
716 834
716 925
717 719
717 818
718 763
718 878
718 935
718 951
719 857
719 859
720 908
722 890
723 825
723 953
724 869
725 776
725 899
726 982
727 911
728 779
729 746
731 830
731 845
731 900
732 755
732 916
732 921
732 944
733 918
734 812
735 736
738 823
738 993
739 883
741 977
742 908
742 909
744 753
745 765
746 833
747 813
748 801
748 827
748 832
749 759
749 794
750 856
750 874
750 982
751 879
751 904
753 867
754 780
755 836
755 921
757 817
757 978
758 966
758 981
760 931
761 763
761 770
761 949
763 878
763 925
764 909
766 808
766 976
767 787
767 796
767 901
768 842
768 843
768 907
769 772
769 905
773 942
773 963
778 883
779 780
779 831
781 898
781 968
782 828
782 897
782 934
782 937
783 786
784 815
784 820
785 928
786 958
786 970
787 924
788 818
790 810
790 895
790 948
791 998
792 816
792 906
793 863
794 800
796 825
796 901
796 990
797 957
798 988
801 832
801 833
802 927
803 879
804 999
806 938
808 976
809 841
809 995
812 898
813 959
814 849
815 881
816 980
817 858
817 978
818 969
821 852
821 876
821 888
822 930
823 993
824 952
825 901
825 990
828 887
828 928
828 937
829 894
829 954
830 845
834 925
835 923
835 943
837 863
837 932
838 969
839 891
841 995
842 993
843 913
843 917
844 997
846 940
847 887
848 886
848 912
850 939
852 888
854 877
854 985
856 874
856 975
856 997
857 859
857 912
859 912
862 899
863 932
864 870
864 922
865 893
865 933
866 931
866 955
867 946
867 977
869 882
870 922
871 894
872 904
872 979
874 982
877 985
878 925
878 935
880 889
881 915
881 939
882 890
886 912
887 928
896 906
897 934
900 937
903 938
908 909
911 949
913 917
915 939
916 970
917 929
919 950
919 966
920 988
921 944
933 947
934 937
935 940
935 951
935 954
940 954
945 968
946 986
947 961
951 994
963 990
971 994
971 996
973 982
975 997
983 987
984 989
618 652
460 620
339 37
829 481
453 309
271 500
186 649
273 251
623 161
974 511
714 550
76 588
431 393
396 744
710 775
529 428
884 567
364 709
369 869
110 366
345 819
144 724
128 634
65 641
487 309
526 60
857 809
89 678
742 494
836 697
963 588
196 273
586 629
318 618
126 300
700 814
874 803
776 316
901 660
532 508
366 139
703 136
446 91
130 743
731 749
464 518
456 194
566 695
286 175
331 226
831 386
702 792
24 368
559 130
109 545
696 346
446 552
655 54
115 312
755 758
583 828
691 306
626 130
463 660
433 120
164 735
739 323
546 211
237 562
276 205
344 89
231 886
826 242
424 657
386 902
542 289
336 611
248 454
583 182
887 393
474 99
261 754
831 198
650 865
426 436
423 60
516 971
246 351
143 436
845 258
685 261
792 513
252 471
595 491
554 515
689 481
358 284
630 683
681 79
869 482
588 8
595 508
576 407
775 776
769 708
133 770
643 463
419 951
583 855
258 385
569 558
229 520
325 75
423 712
351 149
687 653
369 959
911 453
962 313
306 790
894 724
539 612
448 268
820 634
187 251
786 490
359 68
705 952
732 803
924 251
713 746
810 455
939 659
880 499
325 508
926 268
65 448
991 437
528 786
674 414
596 23
278 857
479 49
405 571
867 346
840 424
744 198
420 584
534 806
407 548
495 350
245 221
499 895
707 887
242 371
725 219
294 490
275 357
193 614
177 480
717 902
300 234
378 86
622 226
609 346
910 613
633 805
522 609
213 395
495 481
960 627
911 423
584 924
489 739
179 784
188 422
914 526
229 301
863 465
65 602
656 970
276 221
578 77
63 540
716 360
424 209
404 986
957 659
926 734
762 558
410 905
275 63
241 612
769 369
570 594
550 274
438 199
114 261
127 452
204 502
545 139
880 358
544 971
810 525
758 884
905 234
632 333
436 161
641 493
639 748
286 933
440 876
234 795
565 663
956 556
971 566
847 570
830 805
657 148
325 840
970 642
166 276
430 470
101 635
351 115
798 661
843 592
293 262
326 592
657 731
774 273
615 743
441 921
742 517
508 947
38 667
511 380
949 340
820 766
19 480
495 460
666 467
142 190
930 536
143 151
486 86
721 315
190 359
684 904
594 670
334 775
586 390
491 134
644 539
12 597
651 434
288 630
571 92
133 365
561 194
887 519
780 346
488 662
274 880
376 400
910 318
822 679
330 933
222 436
633 350
574 372
162 493
229 745
653 600
350 507
706 871
915 399
44 649
502 547
442 246
896 705
848 307
670 245
791 412
923 473
289 463
789 683
411 748
720 724
455 816
176 339
701 331
375 763
64 489
764 142
458 745
542 793
283 524
532 483
640 400
829 523
788 900
357 743
377 981
857 791
166 179
745 381
230 339
305 415
746 674
639 882
613 205
729 944
78 472
387 650
706 507
742 349
437 361
286 110
530 536
380 67
353 622
878 644
338 534
93 450
504 293
820 124
473 188
170 364
572 541
349 344
293 721
783 102
787 390
231 627
312 686
869 722
204 147
666 551
144 316
365 262
282 236
528 298
602 886
362 188
560 985
551 365
925 488
575 902
237 435
632 923
471 130
997 502
477 161
821 561
715 242
160 419
218 758
700 196
868 255
516 879
467 593
609 36
668 130
411 794
553 32
599 233
391 917
599 334
435 564
397 433
511 747
307 568
587 569
874 580
841 145
200 218
626 481
313 639
103 400
797 174
258 162
931 435
449 635
471 936
308 133
400 78
475 609
805 350
586 948
200 759
610 152
557 798
695 580
750 252
675 219
315 776
666 345
812 252
783 126
24 455
182 212
505 55
28 501
393 721
401 138
529 558
515 586
161 673
741 287
227 105
375 635
809 367
498 582
267 570
287 917
236 130
374 340
698 556
187 575
719 636
186 319
591 548
243 654
765 576
473 716
598 904
459 54
622 426
617 796
476 795
400 500
822 872
38 345
567 5
300 762
463 361
685 64
273 943
669 108
482 10
163 317
168 538
264 430
949 304
607 313
596 461
534 389
400 884
509 359
584 207
613 16
166 813
588 291
574 223
808 190
682 840
841 499
478 25
510 322
316 958
827 547
774 300
114 620
515 858
256 519
843 355
411 620
488 556
412 356
368 383
918 561
744 162
401 341
867 823
690 383
926 582
764 217
800 805
361 813
669 748
353 658
722 428
842 335
659 948
291 379
317 889
187 121
151 291
881 424
719 110
96 224
239 398
169 156
658 396
903 380
831 615
656 507
427 733
554 920
976 367
676 502
890 686
800 275
79 356
150 585
783 738
247 720
331 811
879 292
550 735
356 522
641 221
487 724
100 664
43 618
422 763
180 552
846 535
629 786
965 538
339 953
102 511
496 222
315 748
149 804
410 118
215 476
667 381
157 465
508 440
870 682
628 181
54 415
922 356
267 94
620 830
220 811
886 246
811 156
449 217
279 391
260 489
881 211
512 793
438 957
818 303
344 313
652 265
524 80
315 815
404 867
758 867
945 392
663 795
394 970
641 24
573 577
374 887
471 239
498 403
345 195
748 447
323 166
128 344
85 323
165 212
484 846
213 625
275 308
666 289
609 606
639 103
243 768
383 810
606 714
848 712
798 766
808 137
593 740
413 399
885 664
385 934
568 240
352 919
44 595
805 830
779 869
491 110
729 651
489 951
133 788
161 754
337 257
345 479
374 598
76 377
414 103
117 203
913 438
731 861
172 588
238 841
928 328
775 620
810 236
712 387
649 280
46 486
74 679
603 298
847 211
753 923
316 286
376 246
294 845
307 392
246 701
786 151
211 541
209 311
415 263
381 177
744 123
584 683
693 291
894 798
951 413
378 784
950 359
185 734
601 431
445 485
818 781
676 818
321 484
704 484
329 738
486 381
966 498
695 89
403 174
926 288
333 448
871 237
525 670
494 607
615 928
100 326
104 380
139 529
297 589
99 716
622 78
549 838
698 272
382 302
483 894
828 599
174 683
225 323
717 695
111 280
921 680
668 313
265 690
427 818
192 407
750 416
649 693
395 448
735 306
58 624
605 524
760 279
551 177
241 488
350 552
564 262
463 692
689 366
485 754
204 343
796 255
976 405
712 521
610 405
113 749
244 82
83 520
818 750
236 907
510 831
803 540
435 316
392 521
904 575
282 284
189 862
543 346
576 766
461 764
150 347
508 915
156 557
420 967
68 400
459 422
562 481
755 476
343 271
825 580
401 478
939 607
553 539
345 700
759 638
85 696
703 593
95 751
244 114
145 171
162 780
368 362
225 682
617 251
990 594
790 610
894 435
531 8
197 458
738 817
520 652
793 192
12 435
604 363
615 376
652 763
822 347
891 598
164 522
359 311
269 140
591 595
401 288
216 575
519 44
290 663
590 41
544 934
903 770
321 532
470 394
408 305
867 386
505 629
759 400
445 979
327 901
524 952
398 600
736 544
728 176
743 582
300 146
226 548
419 38
295 337
846 291
514 261
722 534
631 147
463 266
316 460
818 405
642 963
580 254
532 364
821 655
878 442
866 411
71 557
668 879
592 705
494 788
600 837
568 715
262 334
124 724
224 411
722 262
773 899
478 490
135 269
521 903
628 452
317 365
390 674
910 218
209 364
564 874
563 52
419 885
354 600
93 276
622 713
661 232
92 348
457 12
225 178
737 232
840 840
12 508
303 654
393 241
496 810
498 531
487 985
119 691
268 926
516 762
251 833
431 627
801 330
139 555
338 363
726 334
601 79
661 851
689 682
779 821
884 477
572 32
542 62
753 658
808 475
467 641
162 240
159 649
459 174
782 760
221 198
831 312
867 313
806 697
779 840
616 628
642 818
215 906
386 203
486 873
377 492
280 830
126 326
563 432
416 133
867 779
117 784
531 984
89 782
700 411
575 791
636 306
154 260
433 782
516 152
393 561
410 322
388 771
204 715
426 799
671 716
285 544
305 191
893 744
299 608
249 867
524 462
719 610
331 564
88 644
464 840
188 749
861 633
238 248
881 535
144 829
645 837
266 796
61 665
176 767
455 148
735 878
524 190
686 705
700 251
455 455
654 912
57 574
633 289
717 835
335 335
440 718
668 193
299 528
532 249
470 475
814 268
266 123
283 147
203 848
781 558
101 798
892 331
319 116
442 827
504 677
885 313
785 235
334 856
839 178
527 635
446 798
777 439
253 314
743 634
403 942
437 899
635 851
911 292
419 641
394 585
134 212
508 119
681 888
677 630
932 456
700 856
659 209
453 853
641 629
697 111
301 476
828 463
549 642
99 530
423 335
515 95
707 300
755 537
315 871
667 593
118 599
388 359
657 672
387 536
966 331
418 676
573 743
333 637
343 973
497 71
755 103
329 425
87 425
293 67
359 891
24 623
85 545
126 673
545 714
642 566
378 728
944 699
350 800
835 772
389 41
374 320
421 984
283 571
464 552
313 918
925 753
141 461
920 627
569 460
465 323
114 478
891 193
918 649
330 393
541 586
723 783
823 329
664 567
255 191
606 539
843 729
786 885
62 328
