1000 2963 10
59 63 98 78 48 40 44 6 97 63 15 42 65 84 86 71 36 20 11 22 41 40 33 9 2 91 53 48 87 32 28 62 22 36 71 85 70 27 66 74 20 93 36 76 81 57 14 56 98 54 50 77 17 24 28 73 22 42 62 13 54 41 44 37 81 12 91 90 4 52 16 26 21 24 24 15 65 86 80 52 31 26 100 84 98 75 42 36 24 65 55 97 35 44 72 37 7 43 65 86 52 88 91 30 60 50 27 65 32 94 65 92 18 70 7 48 43 93 45 83 9 91 12 14 85 35 14 41 26 74 8 87 100 90 16 75 22 40 3 82 51 48 20 10 74 48 30 25 7 29 58 61 77 33 100 3 12 96 46 86 35 5 17 4 40 95 97 83 26 35 47 88 37 51 31 95 12 39 18 61 54 26 40 11 49 60 40 69 1 26 29 52 15 78 1 10 49 93 82 10 65 80 42 62 21 31 81 24 17 61 78 37 91 12 47 37 30 86 45 51 98 64 8 41 40 9 83 17 72 75 64 89 78 3 90 4 28 25 26 84 44 43 55 87 9 39 23 68 22 86 39 53 90 95 17 93 67 59 8 4 97 37 74 50 92 88 90 31 88 73 39 88 7 63 23 55 95 84 83 9 75 71 25 65 93 38 65 4 55 36 81 27 52 50 89 96 64 55 86 78 82 21 65 15 56 23 50 14 87 6 67 99 44 10 46 23 41 98 49 51 35 32 36 64 19 55 15 87 89 36 57 6 85 9 93 7 5 30 56 42 90 22 24 17 51 80 7 41 36 31 50 37 83 41 1 92 35 66 23 47 54 63 35 39 60 31 12 80 31 30 9 31 29 38 53 86 43 32 13 100 44 41 86 97 39 76 35 32 81 55 98 86 44 59 27 37 74 28 56 6 16 40 9 99 77 57 91 79 46 75 8 6 2 11 5 9 98 27 90 66 39 37 44 41 33 8 29 9 31 33 82 2 51 26 75 7 93 87 1 24 97 90 3 14 58 34 63 88 74 18 90 8 35 100 21 18 39 20 3 97 60 43 63 52 30 41 1 53 47 14 10 88 31 4 66 50 27 87 33 87 74 53 80 87 32 95 38 53 14 71 71 44 58 100 63 90 14 2 17 76 44 76 95 7 74 81 38 1 86 37 13 94 62 76 63 66 44 87 49 86 89 81 31 8 31 71 43 80 18 59 32 79 53 71 48 86 89 74 55 40 67 59 9 83 15 71 98 88 89 38 27 3 94 60 69 79 19 30 60 81 2 5 76 52 92 53 46 20 60 54 75 93 9 20 26 62 59 8 78 13 98 19 60 43 60 88 75 67 95 62 22 53 25 29 33 3 71 92 51 15 11 75 5 61 46 69 8 64 76 71 31 83 75 3 50 54 32 19 81 18 88 6 48 4 10 66 18 96 85 72 50 1 95 20 50 44 49 71 86 86 34 41 3 23 66 74 81 4 14 40 51 54 98 50 76 68 70 47 55 70 81 15 61 70 37 61 2 31 93 78 28 25 67 34 24 9 95 37 87 55 22 27 87 65 51 80 66 26 69 47 37 100 55 57 11 58 52 47 71 69 75 41 92 78 1 4 55 21 29 18 58 41 88 45 92 7 10 93 35 17 79 86 12 40 28 43 19 39 27 78 42 58 38 41 29 80 13 98 89 43 84 52 9 12 71 14 91 30 92 20 77 93 42 22 15 33 81 74 83 1 38 98 37 59 49 99 54 1 82 21 94 61 67 20 64 13 38 93 28 4 23 72 37 12 89 48 42 37 52 51 19 26 18 50 68 31 74 71 90 65 91 56 63 97 69 5 48 7 40 34 69 39 52 61 35 71 9 96 69 36 12 71 88 20 13 28 73 73 68 90 38 19 95 59 73 43 47 18 70 29 36 26 57 20 24 4 89 23 74 53 30 80 46 12 84 82 57 59 66 3 43 48 49 75 68 47 38 26 6 44 48 81 64 88 63 38 57 52 50 60 33 57 8 39 63 100 69 52 31 68 29 26 97 20 56 28 44 92 54 97 89 97 12 71 43 49 54 50 63 27 35 3 72 28 19 98 41 80 14 63 59 25 90 17 97 78 81 65 47 26 97 85 16 58 49 30 25 80 46 2 60 19 100 98 40 98 36 42 37 91 95 94 23 83 25 53 46 68 43 90 35 99 25 4 3 56 67 75 84 4 50 83 3 92 90 74 97 39 66 26 50 36 1 83 39 52 27 66 9 32 91 69 25 37 53 4 46 62 36 25
0 25
0 74
0 145
0 279
0 578
1 158
1 207
1 256
1 346
1 447
1 764
2 14
2 35
2 212
2 409
2 959
3 18
3 30
3 314
3 342
3 682
3 767
3 987
4 156
4 375
4 424
4 661
5 130
5 205
5 329
5 779
5 784
6 159
6 384
6 462
6 768
6 777
6 919
6 927
7 48
7 95
7 262
7 270
7 497
7 501
7 553
7 815
8 27
8 252
8 322
8 567
8 888
8 944
9 407
9 507
9 528
9 618
9 736
10 181
10 434
10 516
10 580
10 722
10 972
11 196
11 492
11 601
11 817
11 929
12 462
12 768
12 911
12 919
12 948
12 958
13 307
13 310
13 525
13 630
13 783
14 176
14 212
14 409
14 425
14 607
15 60
15 197
15 214
15 376
15 414
15 852
16 24
16 76
16 128
16 216
16 678
17 394
17 476
17 524
17 576
17 692
17 821
18 314
18 598
18 682
18 813
18 991
18 993
19 558
19 560
19 615
19 932
19 939
19 990
20 101
20 358
20 547
20 775
21 177
21 450
21 583
21 602
21 656
21 771
22 266
22 413
22 676
22 744
22 869
23 50
23 265
23 489
23 584
23 898
24 123
24 128
24 192
24 484
24 678
24 690
24 999
25 145
25 279
25 640
25 745
26 502
26 577
26 582
26 713
26 751
27 226
27 252
27 286
27 888
27 942
28 69
28 638
28 654
28 765
28 904
28 995
29 333
29 394
29 538
29 712
29 833
29 856
29 949
30 314
30 342
30 369
30 866
31 54
31 458
31 727
31 879
32 129
32 238
32 363
32 395
32 521
32 691
33 135
33 307
33 392
33 418
33 525
33 728
33 756
34 464
34 549
34 623
34 730
34 844
35 47
35 64
35 212
35 959
36 155
36 190
36 443
36 782
37 84
37 358
37 415
37 427
37 563
37 665
38 107
38 139
38 335
38 535
38 896
39 306
39 323
39 452
39 595
39 838
39 922
40 46
40 461
40 572
40 617
40 806
40 979
41 45
41 189
41 208
41 460
41 885
41 994
42 331
42 587
42 676
42 719
42 794
42 819
42 869
43 117
43 304
43 339
43 855
44 167
44 214
44 313
44 402
44 924
45 189
45 190
45 242
45 879
45 994
46 213
46 461
46 621
46 806
47 64
47 385
47 618
47 736
47 959
48 345
48 553
48 815
48 877
49 134
49 191
49 222
49 234
49 281
49 499
49 564
50 199
50 235
50 584
50 898
50 908
51 114
51 305
51 351
51 386
51 396
51 488
51 544
51 695
51 874
52 165
52 320
52 436
52 482
52 612
52 820
53 136
53 463
53 483
53 685
53 688
53 976
53 983
54 258
54 458
54 473
54 627
54 727
55 289
55 466
55 476
55 543
55 620
55 641
55 978
56 207
56 241
56 250
56 267
56 447
56 546
56 788
56 850
57 62
57 64
57 312
57 385
57 545
57 857
57 887
58 183
58 261
58 296
58 555
58 648
58 926
59 283
59 328
59 417
59 699
59 760
59 846
59 883
59 897
60 230
60 376
60 410
60 414
60 827
60 975
61 104
61 110
61 184
61 315
61 698
61 742
61 905
62 74
62 141
62 144
62 279
62 312
62 585
62 887
63 332
63 406
63 470
63 556
63 908
63 910
64 176
64 212
64 385
64 545
64 635
65 428
65 529
65 781
65 848
65 911
65 916
66 297
66 711
66 770
66 797
66 840
66 870
67 113
67 252
67 322
67 458
67 652
67 686
68 244
68 247
68 367
68 557
68 587
68 719
68 935
69 132
69 198
69 531
69 904
69 915
69 995
70 140
70 519
70 604
70 756
70 828
70 845
71 413
71 594
71 673
71 907
71 913
72 179
72 368
72 423
72 571
72 721
72 735
73 591
73 723
73 741
73 801
73 811
73 836
74 144
74 279
74 338
74 578
74 798
75 176
75 325
75 425
75 851
75 934
76 97
76 128
76 216
77 153
77 154
77 276
77 404
77 409
77 608
78 373
78 464
78 624
78 645
78 730
78 867
78 882
79 302
79 383
79 446
79 496
79 718
79 769
80 88
80 308
80 330
80 362
80 412
80 581
80 636
80 955
81 230
81 509
81 549
81 623
81 975
82 138
82 255
82 272
82 310
82 537
82 872
82 962
83 120
83 284
83 411
83 490
83 591
83 839
83 923
83 947
84 358
84 665
84 814
85 112
85 290
85 433
85 498
85 538
85 634
85 712
86 193
86 362
86 715
86 916
87 211
87 245
87 449
87 786
87 787
87 861
88 210
88 308
88 868
88 955
89 125
89 280
89 459
89 508
89 747
90 186
90 541
90 647
90 648
90 926
91 188
91 344
91 519
91 554
91 780
91 856
92 98
92 177
92 450
92 467
92 609
92 989
93 161
93 276
93 404
93 738
94 148
94 336
94 355
94 566
94 633
94 722
94 788
95 186
95 501
95 815
95 967
96 363
96 514
96 559
96 640
96 745
97 128
97 216
97 282
97 822
98 109
98 115
98 157
98 177
98 328
98 467
98 771
98 846
99 245
99 352
99 449
99 593
99 832
99 861
99 997
100 122
100 170
100 329
100 504
100 594
100 676
101 461
101 506
101 547
101 775
101 840
101 870
102 271
102 401
102 659
102 866
102 943
102 991
103 481
103 518
103 631
103 639
103 664
103 766
103 966
104 247
104 315
104 367
104 486
104 532
104 905
105 387
105 474
105 573
105 731
105 804
105 863
106 220
106 403
106 511
106 541
106 647
107 335
107 365
107 535
107 554
107 759
107 780
108 281
108 499
108 620
108 803
108 921
109 455
109 534
109 771
109 846
110 271
110 303
110 315
110 742
111 113
111 242
111 316
111 319
111 443
111 652
111 705
112 290
112 291
112 712
112 839
112 981
113 316
113 652
113 686
114 185
114 386
114 396
114 702
115 157
115 328
115 699
115 913
116 421
116 575
116 707
116 812
116 985
117 304
117 508
117 696
117 843
117 855
117 956
118 185
118 269
118 295
118 386
118 405
118 568
118 982
119 132
119 198
119 274
119 311
119 697
119 808
120 121
120 233
120 411
120 490
120 663
120 889
121 171
121 233
121 654
121 663
121 680
121 765
121 772
122 170
122 594
122 907
122 977
123 192
123 422
123 690
123 702
123 793
123 965
124 175
124 471
124 528
124 785
124 925
125 139
125 280
125 349
125 606
125 747
125 855
125 896
126 227
126 503
126 583
126 656
126 918
127 172
127 215
127 451
127 571
127 675
128 282
128 690
129 363
129 395
129 559
129 689
130 329
130 397
130 657
130 725
130 779
131 225
131 326
131 671
131 860
131 884
132 184
132 198
132 274
132 366
132 531
132 669
133 203
133 263
133 300
133 350
133 480
133 551
133 710
134 160
134 222
134 281
134 454
134 494
134 921
135 237
135 307
135 415
135 605
135 717
135 728
136 685
136 838
136 922
136 952
136 983
137 223
137 441
137 539
137 632
137 831
137 891
137 956
138 201
138 255
138 310
138 630
138 672
138 894
139 191
139 535
139 564
139 606
139 896
140 317
140 590
140 756
140 783
140 828
141 279
141 289
141 585
141 906
142 226
142 306
142 323
142 429
142 830
143 221
143 323
143 341
143 429
143 629
143 807
143 930
144 312
144 338
144 837
145 569
145 578
145 640
145 849
146 469
146 643
146 741
146 842
146 894
146 900
147 204
147 316
147 319
147 686
147 901
147 912
148 267
148 355
148 544
148 788
149 183
149 261
149 274
149 598
149 615
149 813
149 865
150 278
150 457
150 498
150 524
150 634
151 187
151 237
151 337
151 626
151 674
151 902
152 293
152 367
152 504
152 557
153 409
153 528
153 608
153 959
154 276
154 409
154 425
154 562
154 607
154 638
155 189
155 190
155 208
155 364
155 782
156 232
156 375
156 424
156 757
156 814
156 872
156 962
157 266
157 467
157 913
158 217
158 256
158 625
158 683
158 764
158 778
159 243
159 768
159 777
159 958
159 964
160 238
160 454
160 494
160 521
160 978
161 172
161 397
161 404
161 738
161 779
162 369
162 600
162 619
162 659
162 758
163 420
163 427
163 444
163 563
163 605
163 902
163 917
164 359
164 526
164 582
164 713
164 854
165 320
165 482
165 578
165 798
165 849
165 969
166 194
166 321
166 347
166 438
166 550
166 664
166 755
166 966
167 298
167 313
167 402
167 609
167 744
167 819
167 989
168 277
168 512
168 533
168 597
168 643
168 660
168 774
168 842
168 928
169 204
169 269
169 380
169 405
169 649
169 795
170 329
170 784
170 977
171 343
171 663
171 772
171 851
171 934
172 215
172 257
172 404
172 451
172 779
173 253
173 407
173 693
173 857
173 876
174 229
174 292
174 831
174 891
174 946
175 471
175 507
175 528
176 212
176 268
176 325
176 425
176 635
177 450
177 771
178 217
178 251
178 625
178 823
179 372
179 423
179 571
179 957
180 294
180 681
180 766
180 829
181 336
181 357
181 722
181 893
181 972
182 268
182 278
182 457
182 684
182 858
183 261
183 615
183 926
184 366
184 531
184 698
184 742
185 386
185 422
185 702
185 982
186 501
186 512
186 541
186 648
186 774
186 967
187 237
187 392
187 674
187 716
187 728
188 519
188 554
188 565
188 604
189 190
189 208
190 242
190 443
191 499
191 535
191 564
191 895
192 422
192 484
193 221
193 239
193 330
193 362
193 916
194 550
194 724
194 755
194 903
195 283
195 677
195 760
195 940
195 985
196 374
196 440
196 540
196 750
196 817
196 929
197 376
197 737
197 739
197 835
197 852
198 233
198 808
198 904
199 235
199 389
199 468
199 584
199 599
200 324
200 334
200 407
200 507
200 791
200 876
201 317
201 630
201 894
201 900
202 273
202 383
202 446
202 465
203 318
203 551
203 710
203 767
203 881
203 987
204 269
204 319
204 380
204 912
205 360
205 400
205 779
205 784
205 977
206 231
206 399
206 720
206 737
206 739
207 241
207 256
207 447
207 703
207 862
208 364
208 460
208 522
209 253
209 334
209 733
209 864
209 876
210 262
210 477
210 599
210 868
210 955
210 974
211 352
211 510
211 628
211 786
211 810
211 861
213 431
213 621
213 708
213 729
213 806
213 832
214 313
214 414
214 852
214 924
215 257
215 675
215 785
216 678
216 687
216 709
217 251
217 625
217 778
218 455
218 503
218 534
218 583
218 602
218 771
218 918
218 941
219 344
219 734
219 845
219 856
219 949
220 348
220 403
220 468
220 511
220 589
220 951
221 239
221 428
221 429
221 826
221 916
221 930
222 234
222 408
222 454
222 513
222 526
223 292
223 441
223 696
223 843
223 956
223 961
224 391
224 432
224 748
224 822
225 326
225 472
225 884
225 964
226 285
226 306
226 596
226 830
226 888
226 942
227 503
227 656
227 867
227 882
228 326
228 472
228 807
228 948
228 958
229 809
229 875
229 891
229 946
229 960
230 414
230 623
230 975
231 250
231 399
231 546
231 561
231 739
231 827
232 321
232 424
232 592
232 755
232 757
233 411
233 765
233 808
233 904
234 453
234 513
234 564
234 704
235 348
235 468
235 908
235 951
236 600
236 613
236 701
236 758
236 763
236 847
236 931
237 605
237 728
237 902
237 917
238 395
238 454
238 521
238 988
239 265
239 330
239 799
239 826
240 358
240 592
240 757
240 810
240 814
240 903
240 938
241 267
241 706
241 862
241 874
242 443
242 652
242 879
243 616
243 777
243 884
243 964
244 331
244 361
244 670
244 719
244 935
245 449
245 861
246 374
246 540
246 834
246 880
246 899
247 303
247 315
247 367
247 388
247 935
248 258
248 387
248 460
248 727
248 753
248 804
248 885
248 954
249 272
249 345
249 419
249 530
249 877
250 399
250 546
250 847
250 850
251 377
251 778
251 823
251 980
252 286
252 322
252 458
252 627
253 426
253 485
253 733
253 820
253 857
253 876
254 361
254 666
254 670
254 720
254 737
254 835
254 950
255 272
255 530
255 672
256 683
256 703
257 404
257 528
257 608
257 785
258 387
258 473
258 573
258 727
259 327
259 348
259 379
259 523
259 589
260 362
260 412
260 639
260 715
260 781
260 816
261 274
261 555
261 651
262 270
262 389
262 553
262 599
262 974
263 300
263 327
263 379
263 480
264 265
264 382
264 437
264 489
264 596
264 888
265 489
265 584
265 596
265 637
265 799
265 826
266 413
266 467
266 744
266 913
267 544
267 788
267 874
268 278
268 325
268 635
268 684
268 732
269 295
269 319
269 405
270 389
270 468
270 497
271 303
271 401
271 611
271 742
271 943
272 419
272 530
272 962
273 383
273 465
273 574
273 980
274 311
274 651
274 669
274 865
275 517
275 642
275 655
275 725
276 404
276 638
276 642
276 725
276 738
277 296
277 555
277 651
277 660
277 774
277 859
278 457
278 498
278 732
279 745
279 906
280 453
280 459
280 564
280 577
280 606
281 499
281 921
282 432
282 690
282 822
283 417
283 760
283 776
283 940
284 533
284 660
284 923
284 947
285 306
285 452
285 942
286 452
286 473
286 627
286 942
286 952
287 412
287 481
287 581
287 631
287 816
288 289
288 466
288 792
288 858
288 937
289 466
289 585
289 641
289 906
289 937
290 398
290 433
290 839
290 984
291 479
291 591
291 723
291 734
291 839
291 981
292 431
292 441
292 831
292 843
292 946
293 329
293 367
293 370
293 486
293 504
293 657
294 518
294 520
294 548
294 644
294 766
294 829
295 319
295 568
295 705
296 555
296 648
296 774
297 420
297 711
297 825
297 840
297 875
298 402
298 450
298 726
298 989
299 373
299 464
299 509
299 549
299 646
299 968
300 350
300 379
300 470
300 556
301 410
301 625
301 764
301 975
302 378
302 718
302 769
302 971
303 315
303 388
303 401
304 339
304 632
304 956
305 351
305 386
305 405
305 795
306 323
306 452
307 310
307 525
307 717
308 581
308 661
308 868
309 474
309 753
309 954
310 537
310 630
310 717
311 651
311 697
311 859
312 837
312 857
313 491
313 794
313 819
313 852
314 866
314 991
316 319
316 686
317 590
317 630
317 783
317 900
317 973
318 749
318 767
318 881
318 893
318 972
319 705
320 338
320 426
320 798
320 820
321 424
321 481
321 661
321 664
321 755
322 567
322 686
322 762
323 429
323 595
323 629
324 471
324 507
324 791
324 970
325 732
325 934
326 472
326 629
326 807
326 860
327 379
327 480
327 558
327 589
328 699
328 846
329 504
329 657
329 784
330 362
330 636
330 799
331 491
331 670
331 719
331 794
331 996
332 382
332 406
332 437
332 567
332 910
333 439
333 610
333 833
333 856
334 487
334 791
334 864
334 876
335 365
335 754
335 800
335 896
336 357
336 633
336 722
337 626
337 653
337 674
337 752
337 809
337 960
338 426
338 798
338 837
339 349
339 632
339 752
339 855
339 945
339 953
340 350
340 380
340 556
340 649
340 710
340 901
340 912
341 807
341 871
341 930
341 948
342 369
342 749
342 767
342 893
343 542
343 663
343 732
343 889
343 934
344 519
344 845
344 856
345 371
345 456
345 530
345 815
345 877
346 447
346 546
346 561
346 764
347 438
347 796
347 966
347 992
348 523
348 589
348 908
348 951
349 754
349 855
349 896
349 945
350 556
350 710
351 516
351 570
351 695
351 795
352 628
352 729
352 832
352 861
353 461
353 510
353 775
353 841
353 938
354 416
354 500
354 601
354 789
354 817
355 516
355 544
355 695
355 722
356 361
356 388
356 600
356 659
356 666
356 935
357 369
357 619
357 633
357 893
358 427
358 547
358 775
358 814
358 938
359 395
359 408
359 526
359 689
359 854
359 988
360 400
360 579
360 650
360 977
361 666
361 670
361 935
362 412
362 715
363 559
363 691
363 745
364 522
364 687
364 782
364 873
365 554
365 653
365 716
365 790
365 800
365 953
366 495
366 611
366 669
366 742
367 486
367 557
368 448
368 571
368 735
369 619
369 659
369 866
369 893
370 486
370 517
370 532
370 657
371 456
371 469
371 530
371 672
371 894
372 421
372 423
372 603
372 650
372 957
373 464
373 645
373 667
373 968
374 436
374 475
374 540
374 612
374 880
375 661
375 824
375 962
376 739
376 827
377 646
377 667
377 823
377 968
377 980
378 552
378 718
378 748
378 802
378 853
378 971
379 470
379 523
380 649
380 912
381 496
381 683
381 703
381 805
381 862
381 933
382 437
382 567
382 888
382 944
383 446
383 718
383 802
383 822
384 462
384 658
384 829
384 927
384 963
385 618
385 693
385 857
386 405
387 573
387 804
388 401
388 659
388 935
389 468
389 599
390 396
390 488
390 552
390 971
391 748
391 802
391 822
391 853
392 418
392 565
392 614
392 716
392 728
393 505
393 575
393 750
393 812
393 929
394 524
394 527
394 538
394 588
394 821
394 833
395 689
395 988
396 488
396 552
396 679
396 702
397 725
397 738
397 779
398 445
398 490
398 839
398 984
399 613
399 720
399 847
400 515
400 650
400 779
400 957
401 659
402 700
402 726
402 924
403 589
403 647
403 932
404 608
405 795
406 437
406 898
406 908
407 507
407 618
407 693
407 876
408 454
408 526
408 988
409 607
409 959
410 561
410 764
410 827
410 975
411 808
411 923
412 581
412 816
413 594
413 676
413 913
414 623
414 924
415 537
415 563
415 586
415 605
415 665
415 717
416 471
416 500
416 789
416 886
416 970
417 673
417 699
417 776
418 604
418 614
418 756
419 824
419 868
419 877
419 962
419 974
420 444
420 825
420 840
420 902
421 423
421 575
421 603
421 940
421 985
422 484
422 568
422 702
422 982
423 575
423 721
424 661
425 562
425 607
425 851
426 820
426 837
426 857
427 444
427 506
427 547
427 563
428 871
428 911
428 916
428 930
429 826
429 830
430 545
430 585
430 684
430 887
430 937
431 622
431 708
431 843
431 946
432 690
432 748
432 793
432 822
432 965
433 498
433 542
433 732
433 984
434 580
434 710
434 881
434 892
434 972
435 520
435 548
435 616
435 662
435 914
436 475
436 485
436 612
436 820
437 489
437 898
438 493
438 550
438 992
438 998
439 610
439 759
439 780
439 856
440 540
440 789
440 817
441 831
442 499
442 588
442 610
442 759
442 833
442 895
443 484
443 568
443 705
443 782
444 506
444 840
445 490
445 542
445 889
445 984
446 465
446 496
446 805
447 546
448 500
448 571
448 675
448 735
448 818
448 886
448 925
449 493
449 787
449 997
450 656
450 726
450 989
451 515
451 571
451 779
452 838
452 942
452 952
453 502
453 564
453 577
453 704
454 988
455 534
455 771
456 469
456 815
456 967
457 524
457 576
457 792
457 858
458 627
458 652
458 879
459 508
459 577
459 751
459 843
460 522
460 709
460 753
460 885
461 621
461 775
461 841
461 870
461 979
462 658
462 848
462 911
462 919
463 671
463 694
463 878
463 884
463 976
463 983
464 549
464 730
465 574
465 683
465 805
466 476
466 792
467 609
467 744
468 497
468 511
468 951
469 597
469 842
469 894
469 967
470 523
470 556
470 908
471 507
471 886
471 925
471 970
472 958
472 964
473 573
473 627
473 952
474 694
474 709
474 731
474 753
474 804
474 954
475 485
475 733
475 864
475 880
476 576
476 620
476 692
476 792
477 599
477 636
477 637
477 799
477 955
478 677
478 707
478 743
478 941
478 985
479 723
479 734
479 828
479 836
479 845
480 551
480 558
480 990
481 581
481 631
481 661
481 664
482 569
482 612
482 969
483 688
483 694
483 731
483 976
484 568
484 782
484 999
485 733
485 820
486 532
487 791
487 864
487 880
487 899
488 706
488 769
488 874
488 933
488 971
489 898
490 839
490 889
491 794
491 835
491 852
491 996
492 505
492 601
492 721
492 735
492 818
492 929
493 536
493 550
493 724
493 787
493 997
493 998
494 543
494 620
494 921
494 978
495 611
495 669
495 865
495 986
496 769
496 805
496 933
497 501
497 511
498 634
498 732
499 527
499 588
499 803
499 895
500 601
500 818
500 886
501 511
501 541
502 513
502 577
502 582
502 704
503 645
503 667
503 882
503 918
504 557
504 587
504 676
505 575
505 721
505 929
506 547
506 840
507 528
508 747
508 843
508 855
509 549
509 625
509 646
509 823
509 975
510 628
510 810
510 841
510 938
511 541
512 597
512 774
512 967
513 526
513 582
513 704
514 559
514 569
514 640
514 740
515 571
515 779
515 957
516 570
516 580
516 695
516 722
517 532
517 655
517 657
517 725
518 644
518 766
518 796
518 966
519 604
519 845
520 548
520 644
520 668
520 914
521 641
521 691
521 906
521 978
522 687
522 709
523 908
524 538
524 576
524 634
525 756
525 783
526 582
527 588
527 803
527 821
528 608
528 736
528 785
528 959
529 715
529 781
529 916
530 672
531 698
531 915
532 655
532 905
533 660
533 801
533 928
533 947
534 714
534 846
534 941
535 759
535 895
536 593
536 668
536 761
536 997
536 998
537 586
537 717
537 872
538 634
538 712
539 632
539 809
539 891
540 789
540 834
541 647
542 732
542 889
542 984
543 620
543 978
544 695
544 874
545 635
545 684
545 887
546 561
548 662
548 829
548 963
549 623
550 724
551 936
551 987
551 990
552 679
552 748
552 965
552 971
553 877
553 974
554 565
554 716
554 780
555 651
556 901
556 910
557 587
558 589
558 932
558 990
559 689
559 740
560 936
560 939
560 990
561 764
561 827
562 638
562 680
562 772
562 851
563 605
564 606
565 604
565 614
565 716
566 633
566 746
566 763
566 788
566 931
567 762
567 773
567 910
567 944
568 705
568 982
569 612
569 640
569 849
569 969
570 580
570 649
570 795
571 675
571 957
572 617
572 708
572 806
573 685
573 688
573 863
573 952
574 683
574 778
574 980
575 721
575 812
576 792
577 751
578 798
578 849
579 603
579 650
579 673
579 776
579 907
579 977
580 649
580 892
581 661
582 713
583 602
583 656
583 918
584 599
584 637
585 887
585 937
586 665
586 814
586 872
587 676
587 719
588 833
589 932
590 828
590 836
590 973
591 723
591 801
591 839
591 947
592 755
592 757
592 903
593 761
593 890
593 997
594 676
594 907
595 629
595 922
596 826
596 830
596 888
597 842
597 967
598 615
598 682
598 813
598 939
599 637
600 659
600 666
600 701
600 758
601 817
601 818
602 771
603 650
603 776
603 940
604 614
604 756
605 917
609 744
609 989
610 759
610 833
611 742
611 943
611 986
611 993
613 701
613 720
613 847
613 950
615 926
615 932
615 939
616 662
616 777
616 890
616 914
616 927
617 708
617 797
617 909
617 979
618 693
618 736
619 633
619 758
620 692
620 803
620 921
621 628
621 729
621 841
622 708
622 770
622 909
622 946
623 844
623 924
624 656
624 700
624 726
624 730
624 844
624 867
625 764
625 823
625 975
626 825
626 902
626 960
628 729
628 841
629 807
629 860
629 922
630 783
631 639
631 816
632 752
632 809
632 956
633 758
633 763
635 684
636 799
636 955
637 799
638 642
638 654
638 680
638 995
639 766
639 781
639 816
640 745
641 906
641 978
642 655
642 725
642 995
643 741
643 811
643 842
643 928
644 668
644 796
644 992
645 667
645 882
646 823
646 968
647 926
647 932
648 774
648 926
649 710
649 795
649 892
650 957
651 859
652 879
653 674
653 752
653 790
653 953
654 680
654 765
655 698
655 905
655 915
655 995
656 726
656 867
657 725
658 681
658 829
658 848
659 866
660 697
660 859
660 923
661 824
661 868
662 927
662 963
663 889
664 966
665 814
666 701
666 950
667 968
668 761
668 890
668 914
668 992
668 998
669 865
670 835
670 996
671 860
671 884
671 922
671 983
672 894
673 699
673 776
673 907
673 913
674 716
674 790
675 785
675 925
676 869
677 760
677 897
677 941
677 985
678 687
678 873
678 920
678 999
679 702
679 965
680 772
681 766
681 781
681 829
681 848
682 936
682 939
682 987
683 703
683 778
683 805
684 858
684 937
685 688
685 952
686 762
686 901
687 709
687 873
688 731
688 863
689 740
689 854
690 793
691 745
691 906
692 803
692 821
693 857
694 731
694 878
694 884
694 976
696 843
696 956
696 961
697 808
697 859
697 923
698 905
698 915
699 913
700 726
700 844
700 924
701 950
702 965
703 862
706 862
706 874
706 933
707 743
707 812
707 985
708 806
708 909
709 753
710 881
710 892
711 770
711 875
711 946
712 949
712 981
713 751
713 854
714 846
714 883
714 897
714 941
715 781
715 916
716 790
718 802
720 737
720 950
721 735
723 836
724 786
724 787
724 810
724 903
725 738
727 879
727 885
727 994
729 832
730 844
731 863
732 934
733 864
734 845
734 949
734 981
735 818
736 959
737 739
737 835
739 827
740 854
741 811
741 836
741 900
741 973
743 750
743 812
743 941
744 819
744 869
745 906
746 788
746 847
746 850
746 931
747 855
748 853
748 965
749 767
749 893
750 812
750 929
750 941
751 843
752 809
752 953
753 954
754 800
754 896
754 945
755 903
756 783
757 814
758 763
759 780
759 895
760 897
761 890
762 773
762 901
763 931
765 904
766 781
767 987
768 919
768 958
769 933
769 971
770 797
770 909
770 946
772 851
773 901
773 910
775 938
776 940
777 927
778 980
780 856
781 848
782 873
782 920
782 999
784 977
785 925
786 787
786 810
788 850
789 817
789 834
789 899
789 970
791 899
791 970
792 858
793 965
794 819
796 966
796 992
797 870
797 909
797 979
800 945
800 953
801 811
801 928
801 947
802 822
802 853
803 821
804 954
807 948
808 923
809 891
809 960
810 903
810 938
811 928
813 865
813 986
813 993
814 872
815 967
819 869
824 868
824 962
825 875
825 902
825 960
826 830
828 836
828 845
829 963
831 891
834 899
835 852
835 996
836 973
837 857
838 922
838 952
840 870
843 961
844 924
846 883
847 850
847 931
848 911
849 969
851 934
856 949
858 937
860 922
862 933
864 880
865 986
866 991
867 882
868 974
870 979
871 911
871 930
871 948
872 962
873 920
875 946
875 960
877 974
878 884
879 994
880 899
881 972
883 897
884 964
885 994
886 925
888 944
890 914
893 972
894 900
897 941
898 908
899 970
900 973
901 910
901 912
902 917
907 977
911 948
915 995
920 999
922 983
926 932
927 963
936 939
936 987
936 990
940 985
943 991
943 993
945 953
948 958
949 981
958 964
986 993
991 993
992 998
69 585
647 137
231 458
588 386
650 753
329 268
882 759
601 620
815 481
170 435
668 319
108 260
879 722
490 734
247 455
548 146
903 248
241 642
558 394
602 471
557 873
406 62
401 189
733 567
875 264
68 612
116 809
843 516
381 422
322 670
583 365
883 440
104 685
459 765
537 74
211 471
878 343
522 827
292 784
881 571
536 969
916 395
449 206
308 882
491 132
888 385
556 967
197 457
613 644
214 734
717 554
748 247
29 499
959 557
890 466
174 632
657 196
158 510
536 513
304 120
568 128
450 354
146 548
730 493
203 485
814 727
480 929
835 437
465 278
415 417
405 700
346 184
202 251
436 614
93 544
269 496
906 226
259 420
515 32
760 126
712 686
571 82
540 712
402 551
567 816
309 606
771 697
681 921
688 683
237 866
580 533
370 720
415 95
294 353
655 271
589 600
46 668
893 201
361 95
671 968
378 230
542 897
532 354
743 779
436 320
980 498
614 542
312 762
213 689
330 55
476 339
834 375
350 606
815 410
785 264
353 129
186 161
282 902
794 302
440 480
390 518
360 489
353 224
835 253
189 365
269 836
457 29
219 312
884 241
89 688
336 297
920 644
441 432
662 404
182 717
472 776
921 562
346 919
511 678
261 798
453 698
132 599
834 595
851 654
103 532
48 577
498 630
780 386
670 248
528 441
259 586
416 840
417 283
234 411
277 440
908 357
615 791
367 142
644 95
908 736
137 693
284 337
576 306
478 836
91 776
40 531
710 816
453 148
490 576
746 338
346 239
323 486
247 330
124 454
386 936
178 390
237 495
409 81
619 65
226 237
815 782
645 326
236 560
546 492
454 392
794 279
577 563
413 818
380 738
902 371
888 364
233 749
841 278
776 670
681 849
239 129
51 288
537 169
422 444
698 569
124 405
488 675
760 79
650 382
767 358
302 258
579 190
674 146
935 371
75 439
685 657
651 921
228 476
576 991
509 136
218 347
931 259
640 73
349 24
371 685
638 527
808 657
169 745
328 960
837 181
932 676
822 556
480 25
893 698
400 916
557 106
604 166
646 803
398 477
191 794
674 524
599 255
446 812
120 689
758 642
602 841
677 200
867 393
925 763
483 248
681 952
51 352
474 300
941 433
606 682
620 200
638 42
847 494
77 459
535 224
552 688
668 117
249 374
920 478
658 489
757 733
510 481
654 634
652 454
765 542
749 600
389 170
683 220
251 538
787 335
649 583
503 364
580 694
728 61
488 454
362 353
318 368
488 521
261 566
117 594
221 851
202 714
876 202
268 148
429 554
850 556
882 506
721 730
193 588
155 613
344 588
388 648
385 983
400 295
810 803
810 347
535 532
465 906
458 114
562 46
693 463
599 102
760 152
500 330
321 892
750 291
857 570
491 757
691 704
986 419
517 719
471 492
116 514
479 167
562 379
473 322
801 393
467 674
643 368
797 376
59 518
667 791
816 459
850 597
121 377
274 515
907 667
644 477
327 125
373 265
739 664
479 211
761 504
320 695
93 414
311 800
641 294
403 868
84 513
320 872
722 400
858 672
599 361
311 528
375 702
591 659
629 140
740 831
660 514
298 837
705 407
723 278
642 949
589 914
118 299
681 271
518 271
614 324
559 852
90 746
302 218
522 254
740 695
77 667
926 342
348 800
472 405
428 305
193 276
591 337
389 323
550 654
237 212
541 22
20 381
639 741
568 151
625 28
792 164
676 472
743 363
712 121
776 508
778 88
857 774
158 470
773 282
947 486
509 300
663 591
772 199
849 167
421 778
149 202
265 653
86 719
773 221
312 326
361 566
598 196
281 251
520 341
481 117
613 520
266 374
756 315
738 515
142 421
125 742
252 435
595 127
405 508
724 706
377 185
538 119
502 792
116 330
300 149
428 759
614 698
471 873
224 190
826 283
195 228
652 779
276 470
71 490
519 852
822 687
827 631
184 545
401 990
843 205
321 566
681 344
845 831
9 472
754 526
730 850
311 719
72 297
351 968
268 725
859 349
490 870
349 551
743 105
645 164
182 289
717 933
440 90
240 293
872 550
173 836
135 726
340 42
557 629
244 588
871 451
201 878
953 375
562 917
857 741
960 596
539 47
725 83
199 614
401 133
657 554
529 618
704 482
143 355
925 691
897 493
994 456
24 422
211 625
708 643
199 117
400 658
638 445
714 764
8 524
974 552
853 288
39 440
410 313
82 389
726 189
747 548
372 554
493 183
149 253
724 880
164 676
492 401
732 136
631 573
294 581
241 700
149 292
599 576
149 807
468 6
406 255
155 223
516 890
163 403
271 888
582 58
617 909
616 558
528 581
160 779
42 693
254 282
691 298
378 342
774 798
394 713
821 830
127 651
947 356
675 487
261 612
466 740
133 763
248 680
209 408
791 727
570 678
430 396
412 329
444 560
311 60
278 772
749 889
553 769
290 635
363 910
52 310
594 551
323 549
173 653
690 243
197 509
623 168
532 880
837 814
566 64
713 854
629 421
786 212
633 643
360 745
509 510
722 446
430 274
618 477
61 677
604 446
611 147
308 456
502 819
215 795
391 762
632 260
782 475
829 342
11 585
712 314
221 289
526 984
942 507
705 59
192 185
236 620
169 856
60 560
301 201
694 333
704 717
130 797
413 37
713 572
165 554
557 784
433 255
265 696
639 499
452 669
402 591
624 828
771 918
369 211
886 601
795 560
522 600
560 435
705 617
576 267
132 273
390 45
245 186
405 731
476 798
251 816
262 449
248 397
416 126
297 711
496 378
3 499
581 227
413 756
567 478
868 838
513 970
165 455
600 306
197 660
590 952
440 982
545 89
498 58
615 83
418 874
877 482
625 936
885 622
494 689
725 753
347 897
627 285
280 610
227 510
720 656
721 612
345 403
748 751
27 607
152 633
346 386
477 605
779 836
527 12
578 32
596 530
553 539
717 348
282 221
488 486
838 421
371 832
352 437
397 368
463 47
368 307
840 770
554 317
444 539
661 740
855 818
344 507
709 792
556 800
541 246
544 7
779 868
475 425
497 232
933 605
541 667
309 166
391 821
205 320
399 206
224 107
913 276
806 228
340 447
823 758
571 407
689 104
221 538
944 534
804 423
939 309
970 533
64 723
866 234
110 649
220 656
137 462
993 578
707 268
296 930
450 507
429 380
318 138
490 97
582 251
805 247
687 119
171 816
831 360
707 175
184 130
491 988
978 358
689 390
445 939
331 630
95 793
294 72
772 722
377 782
502 773
777 124
461 240
567 205
174 233
664 300
421 636
682 881
338 342
472 85
899 425
429 798
625 975
519 56
988 530
294 541
54 430
384 670
174 253
185 446
557 191
316 343
578 169
50 717
465 637
471 368
167 137
407 166
76 637
630 233
255 872
822 179
629 360
144 153
184 882
358 859
984 396
307 816
666 821
446 729
620 809
606 276
306 747
259 122
789 893
791 450
615 262
616 115
374 436
779 774
611 385
893 737
745 155
457 969
365 65
327 467
771 452
528 563
576 889
292 170
903 778
666 55
279 299
348 726
788 742
884 326
471 709
338 254
201 353
675 906
696 897
648 237
89 327
375 813
100 381
221 601
838 223
471 186
734 317
763 821
491 940
71 534
733 640
328 824
435 591
820 144
224 672
981 470
724 104
541 987
877 672
419 487
382 895
620 886
453 599
167 154
522 417
583 820
586 626
736 737
98 281
150 271
452 185
47 481
245 665
866 169
602 51
629 728
459 892
791 618
588 146
426 683
834 784
808 603
370 955
653 973
289 698
57 338
514 211
435 647
101 503
903 560
381 589
503 905
595 929
498 614
268 942
514 71
397 687
322 94
614 224
827 743
25 568
635 218
301 488
515 166
812 163
75 763
292 875
338 700
112 485
214 585
472 515
907 624
666 934
699 156
979 513
61 399
507 429
567 355
483 40
673 675
436 194
507 931
842 693
589 763
921 305
713 200
425 913
119 435
616 663
980 611
869 412
48 381
664 357
498 21
290 87
969 648
925 415
167 314
175 527
801 514
338 533
812 888
374 926
700 348
628 344
520 651
258 738
292 806
268 95
724 540
84 370
483 650
758 435
450 848
626 849
406 442
430 348
125 628
340 202
689 512
476 979
761 474
837 713
764 384
360 165
836 852
402 398
790 700
463 830
445 16
876 737
901 301
187 697
902 601
433 522
512 121
190 326
574 519
881 788
460 582
112 228
839 677
621 247
607 488
714 154
295 502
494 274
609 430
182 563
592 887
580 443
256 163
225 87
850 538
517 373
791 502
321 838
425 949
425 569
880 707
341 666
554 228
654 530
893 534
346 841
974 430
701 661
326 915
251 244
912 713
218 450
415 899
288 943
603 742
860 797
932 732
823 224
737 796
570 611
570 15
14 557
109 355
776 174
662 339
451 654
649 652
585 96
977 572
329 218
154 652
515 954
655 37
349 635
809 289
938 586
343 566
212 129
510 402
610 406
99 731
429 115
619 447
542 371
757 838
523 390
905 408
387 408
499 216
750 922
743 863
872 285
