1000 2958 10
40 45 29 18 97 50 79 75 78 69 68 12 67 86 21 73 100 86 51 91 48 59 20 13 27 51 73 100 80 16 94 21 27 42 88 43 24 77 54 53 42 9 71 99 51 63 68 27 52 18 88 96 23 6 12 88 88 3 48 48 21 12 65 87 44 28 98 29 31 19 53 44 49 6 78 54 92 23 82 59 22 78 93 98 32 17 25 4 76 68 1 24 50 83 1 90 82 1 45 94 54 39 48 21 97 70 7 52 15 51 8 15 29 78 85 15 88 81 14 87 91 35 87 44 2 38 80 18 5 50 31 98 67 3 97 38 73 52 42 11 28 10 50 36 35 93 63 75 93 53 14 42 38 5 57 52 56 20 59 34 60 3 54 39 93 50 34 29 87 66 30 24 39 43 34 26 94 90 72 15 48 37 78 57 39 39 53 19 75 77 96 40 12 79 96 75 81 35 38 21 85 23 73 68 22 76 2 58 12 93 68 87 90 30 88 53 84 82 72 73 77 22 21 91 35 86 50 10 27 47 15 35 58 32 27 41 32 9 50 65 27 45 27 80 52 24 95 15 17 43 58 45 95 73 27 38 97 98 41 73 73 68 49 11 75 77 29 2 57 39 52 3 2 94 42 3 44 58 16 26 59 72 16 53 1 91 45 4 72 60 38 36 66 98 27 38 59 31 49 34 86 7 62 72 85 71 31 76 49 49 7 36 24 100 18 32 34 73 20 40 65 72 21 68 76 61 73 71 78 79 63 41 39 68 8 37 29 62 68 7 27 7 16 90 37 20 11 9 79 39 25 6 29 53 74 96 12 82 12 66 37 85 36 71 70 80 5 65 7 30 89 57 89 76 15 51 97 89 100 64 44 65 15 96 39 9 37 13 54 71 60 56 9 59 38 31 76 61 14 52 37 82 33 85 94 60 33 41 44 37 98 24 8 69 65 21 98 53 65 60 34 49 70 34 67 40 56 23 12 80 1 43 99 66 65 93 88 19 93 77 69 59 6 70 65 2 51 30 97 21 37 86 97 88 96 10 51 57 55 45 63 62 47 7 83 68 34 87 37 51 4 4 24 43 2 21 46 73 9 48 22 44 95 83 5 84 90 20 45 81 35 98 73 28 12 73 91 15 26 36 69 7 25 40 58 7 68 47 75 45 63 56 7 87 40 67 73 95 13 18 15 17 77 93 63 70 56 90 65 49 23 27 23 17 57 31 58 92 33 6 2 5 5 27 26 19 54 35 74 79 6 43 75 75 34 21 22 27 63 7 64 44 88 100 46 25 37 70 17 41 60 96 40 32 16 8 95 5 9 36 34 37 90 89 36 56 58 5 70 68 25 86 35 26 96 26 53 83 30 66 73 3 80 47 67 48 47 69 43 31 99 49 52 68 77 78 62 41 10 83 61 72 56 30 39 25 46 69 44 90 66 25 55 40 23 99 13 42 54 99 32 46 57 68 8 51 65 34 16 56 92 7 12 26 50 6 3 61 27 16 20 92 70 87 44 65 12 32 73 27 13 56 85 45 94 93 22 63 99 61 25 5 92 72 2 69 39 100 94 99 93 58 1 40 31 96 90 4 15 50 20 97 9 50 99 84 39 20 1 33 44 63 97 61 6 35 21 47 68 71 61 56 2 16 56 22 36 15 63 16 100 14 32 60 54 82 79 16 50 76 22 31 58 25 12 97 34 17 59 70 21 82 35 57 50 77 87 6 1 38 70 92 59 74 37 44 3 67 24 96 38 65 10 91 12 47 98 64 40 17 13 43 21 70 16 66 23 64 34 23 39 53 100 66 9 17 21 74 100 61 17 92 15 27 22 13 53 24 41 3 13 81 98 71 54 77 24 39 12 84 19 19 31 56 76 70 57 13 85 70 89 40 91 46 19 98 42 51 65 16 39 34 60 27 13 7 52 37 16 95 91 77 49 92 59 22 57 1 68 90 26 40 36 79 55 4 31 1 94 87 29 54 67 83 19 84 11 54 49 95 16 25 27 99 17 62 11 50 90 44 35 12 17 87 13 71 99 57 38 9 61 7 36 44 67 60 21 97 94 36 30 64 44 44 48 67 15 82 91 41 15 89 64 24 43 44 51 58 17 42 87 100 62 35 54 73 38 29 95 61 92 37 92 95 6 27 75 87 43 80 8 76 64 91 21 30 10 93 10 5 25 73 61 77 97 45 59 23 21 70 83 73 38 89 74 97 49 50 82 35 6 36 43 18 11 29 2 84 67 15 90 68 65 4 44 30 8 54 55 56
0 54
0 88
0 225
0 286
0 287
0 313
0 440
0 568
1 176
1 181
1 262
1 528
1 646
1 951
2 314
2 332
2 429
2 688
2 748
3 21
3 218
3 640
3 682
3 819
3 876
4 114
4 141
4 438
4 514
4 719
4 750
5 438
5 489
5 705
5 719
5 721
5 834
5 991
6 7
6 138
6 319
6 723
6 822
6 955
7 494
7 723
7 955
7 961
8 154
8 163
8 299
8 474
8 755
8 801
9 449
9 594
9 597
9 612
9 622
10 234
10 382
10 490
10 543
10 798
10 806
11 17
11 549
11 606
11 788
12 69
12 271
12 329
12 572
12 656
12 839
12 908
13 422
13 519
13 569
13 704
13 746
14 118
14 398
14 695
14 806
14 933
15 19
15 373
15 487
15 661
15 733
16 321
16 551
16 744
16 810
16 874
16 902
17 377
17 606
17 649
17 788
17 991
17 995
18 334
18 439
18 535
18 671
18 918
18 973
19 373
19 553
19 661
19 809
19 931
19 973
20 384
20 403
20 454
20 473
20 669
20 674
20 760
21 218
21 251
21 371
21 876
22 120
22 177
22 241
22 786
22 799
23 321
23 343
23 805
23 810
23 874
24 78
24 220
24 280
24 534
24 601
24 628
24 667
25 37
25 161
25 275
25 356
25 534
25 540
25 854
26 109
26 227
26 311
26 349
26 379
26 386
26 410
27 268
27 622
27 652
27 714
27 726
27 818
27 914
28 59
28 108
28 118
28 372
28 398
28 770
28 853
28 890
28 922
29 198
29 322
29 453
29 584
30 234
30 261
30 695
30 806
30 904
31 121
31 129
31 398
31 600
31 695
32 158
32 249
32 302
32 327
32 428
32 516
33 206
33 366
33 469
33 650
33 768
33 862
34 767
34 882
34 940
34 972
35 130
35 144
35 531
35 831
36 52
36 450
36 526
36 577
36 676
36 939
37 138
37 275
37 319
37 356
37 527
38 477
38 546
38 579
38 660
38 950
39 76
39 250
39 346
39 463
39 938
40 143
40 323
40 324
40 353
40 385
40 403
40 823
41 68
41 415
41 868
41 927
41 982
41 999
42 183
42 296
42 437
42 627
42 707
43 209
43 508
43 582
43 615
43 643
43 769
43 917
43 976
44 278
44 318
44 431
44 562
44 873
44 884
45 394
45 421
45 460
45 512
45 559
45 696
46 106
46 372
46 482
46 691
46 770
47 107
47 110
47 409
47 444
47 604
47 987
48 264
48 288
48 436
48 694
48 749
48 921
49 113
49 185
49 469
49 565
49 692
49 972
50 191
50 642
50 658
50 677
50 792
51 70
51 166
51 208
51 301
51 507
51 861
51 997
52 83
52 305
52 577
52 676
53 71
53 358
53 529
53 551
53 794
53 874
54 313
54 352
54 440
54 481
54 573
55 205
55 537
55 856
55 920
55 923
56 169
56 367
56 579
56 610
56 616
56 711
57 211
57 343
57 362
57 893
57 942
58 99
58 347
58 416
58 458
58 741
58 855
59 62
59 108
59 118
59 424
59 795
60 142
60 265
60 345
60 766
60 773
60 892
60 945
61 82
61 426
61 447
61 461
61 678
61 793
61 969
62 108
62 424
62 753
63 91
63 95
63 163
63 511
63 586
63 635
64 122
64 149
64 396
64 496
64 510
64 841
65 73
65 75
65 340
65 478
65 609
65 724
66 273
66 338
66 647
66 702
66 956
67 283
67 365
67 844
67 909
67 934
68 264
68 544
68 550
68 887
68 927
68 982
69 98
69 119
69 271
69 329
69 811
69 936
70 146
70 192
70 208
70 301
70 530
70 989
71 343
71 358
71 874
72 368
72 414
72 455
72 544
72 608
72 710
73 75
73 147
73 246
73 504
73 724
73 821
74 387
74 662
74 813
74 821
74 978
75 342
75 478
75 504
76 117
76 250
76 330
76 463
76 634
77 206
77 253
77 522
77 728
77 740
77 768
77 978
78 534
78 667
78 756
79 325
79 552
79 592
79 944
79 946
79 954
80 219
80 223
80 224
80 464
80 522
80 736
81 176
81 412
81 475
81 497
81 571
81 907
82 204
82 461
82 541
82 591
82 678
82 693
83 265
83 305
83 345
83 577
83 880
84 153
84 301
84 541
84 745
84 861
85 287
85 568
85 767
85 864
85 934
86 267
86 445
86 650
86 862
86 882
86 990
87 189
87 324
87 384
87 760
87 847
88 286
88 313
88 502
88 773
89 101
89 123
89 177
89 483
89 673
89 789
90 196
90 629
90 879
90 895
90 939
91 163
91 212
91 299
91 477
91 635
91 710
91 950
92 369
92 602
92 712
92 883
92 912
93 129
93 291
93 312
93 572
93 600
93 656
94 757
94 790
94 828
94 843
94 886
94 916
95 103
95 105
95 511
95 586
96 131
96 353
96 446
96 613
96 748
96 814
97 158
97 242
97 249
97 267
97 279
97 361
97 484
97 495
98 119
98 187
98 329
98 419
98 632
99 270
99 347
99 452
99 855
99 870
99 961
100 388
100 611
100 775
100 937
100 941
101 123
101 655
101 706
101 789
101 858
102 201
102 328
102 395
102 889
102 900
103 105
103 511
103 672
103 725
103 731
103 953
104 262
104 418
104 878
104 951
105 216
105 360
105 586
105 953
106 278
106 482
106 562
106 691
106 884
107 110
107 392
107 754
107 987
108 491
108 747
108 753
108 770
109 280
109 311
109 386
109 667
110 392
110 409
110 583
110 901
111 174
111 298
111 488
111 614
111 919
111 948
112 223
112 327
112 366
112 736
112 862
112 990
113 185
113 387
113 555
113 565
113 630
113 813
113 928
114 370
114 438
114 514
114 661
114 809
115 236
115 422
115 519
115 781
115 797
116 134
116 909
116 940
116 964
117 256
117 330
117 634
117 644
118 398
118 795
118 933
119 396
119 411
119 419
119 442
119 811
120 355
120 752
120 786
120 799
120 881
121 129
121 536
121 547
121 695
121 904
122 292
122 496
122 581
122 841
123 177
123 186
123 189
123 309
123 655
124 330
124 411
124 442
124 471
124 644
124 717
125 393
125 505
125 670
125 716
125 732
125 947
125 962
126 194
126 288
126 625
126 718
126 742
126 832
126 871
126 921
127 202
127 399
127 437
127 888
128 254
128 296
128 375
128 560
128 889
129 271
129 547
129 572
129 600
130 144
130 615
130 831
130 877
131 323
131 353
131 414
131 613
132 182
132 536
132 836
132 993
133 231
133 352
133 481
133 598
133 683
133 777
134 336
134 350
134 413
134 940
134 964
135 467
135 664
135 839
135 908
136 227
136 257
136 410
136 427
137 173
137 174
137 258
137 607
137 866
137 948
138 319
138 527
138 822
139 663
139 680
139 708
140 153
140 301
140 530
140 775
140 793
140 989
141 219
141 464
141 485
141 719
141 750
142 585
142 623
142 892
142 945
143 237
143 314
143 353
143 814
143 816
143 823
143 985
144 211
144 362
144 531
144 849
144 877
145 204
145 260
145 512
145 541
145 967
146 192
146 208
146 303
146 665
146 913
147 246
147 740
147 780
147 821
147 978
148 293
148 351
148 515
148 758
148 807
148 905
149 376
149 396
149 419
149 510
150 233
150 311
150 800
150 832
151 167
151 727
151 911
151 935
152 200
152 373
152 784
152 829
152 869
153 301
153 541
153 678
153 793
154 163
154 405
154 552
154 672
154 763
154 776
154 801
155 291
155 312
155 567
155 698
155 924
155 992
156 222
156 258
156 476
156 968
156 977
157 180
157 377
157 489
157 761
157 804
157 991
158 242
158 249
158 302
158 626
158 812
159 232
159 382
159 508
159 643
159 798
160 161
160 275
160 527
160 903
161 275
161 427
161 854
161 903
162 178
162 243
162 393
162 407
162 675
162 690
162 716
162 843
163 299
163 511
163 672
164 298
164 355
164 576
164 614
164 701
165 228
165 247
165 471
165 701
165 791
165 911
166 359
166 490
166 507
166 543
166 997
167 400
167 605
167 911
167 935
168 412
168 433
168 500
168 891
168 907
168 912
169 281
169 480
169 610
169 616
169 685
169 759
169 980
170 320
170 431
170 562
170 567
170 984
170 992
171 435
171 525
171 537
171 894
171 906
172 200
172 282
172 339
172 553
172 926
173 258
173 391
173 826
173 866
173 920
173 974
174 752
174 866
174 919
174 948
175 202
175 307
175 399
175 408
175 476
175 957
176 284
176 412
176 433
176 528
176 531
176 571
176 646
176 831
177 186
177 241
177 483
177 799
177 826
177 952
177 974
178 393
178 407
178 604
178 916
178 947
179 431
179 479
179 715
179 873
179 984
179 994
180 489
180 729
180 797
180 804
181 262
181 284
181 646
181 875
181 893
182 261
182 354
182 536
182 836
182 897
183 395
183 432
183 707
184 394
184 423
184 518
184 563
184 598
184 645
184 777
185 287
185 692
185 864
185 928
186 189
186 952
187 214
187 376
187 419
187 486
187 632
188 306
188 318
188 404
188 873
188 898
188 910
189 309
189 384
189 454
189 648
189 847
189 952
190 324
190 389
190 636
190 641
190 847
191 401
191 778
191 792
191 966
192 244
192 303
192 530
192 842
192 941
193 416
193 452
193 822
193 857
193 903
194 331
194 473
194 625
194 832
195 273
195 300
195 320
195 466
195 698
195 981
196 434
196 629
196 637
196 744
196 895
196 902
197 245
197 290
197 538
197 824
197 905
198 277
198 322
198 524
198 584
198 681
198 966
199 344
199 388
199 465
199 639
199 783
199 937
200 282
200 373
200 553
200 564
200 829
201 269
201 328
201 375
201 498
201 889
202 307
202 399
202 513
202 845
202 888
203 335
203 339
203 397
203 670
203 738
203 846
203 962
203 996
204 512
204 541
204 693
205 525
205 537
205 734
205 789
205 830
205 856
206 469
206 662
206 768
206 978
207 257
207 456
207 684
207 851
208 507
208 913
209 582
209 615
209 883
210 430
210 520
210 700
210 835
210 900
211 343
211 362
211 417
211 737
211 849
212 455
212 457
212 635
212 710
213 232
213 508
213 599
213 917
214 472
214 486
214 590
214 632
215 294
215 595
215 796
215 943
216 229
216 332
216 360
216 429
216 827
216 953
217 292
217 425
217 576
217 581
217 701
217 791
218 251
218 357
218 611
218 682
218 688
218 941
219 224
219 464
219 705
219 719
220 240
220 601
220 628
220 718
220 820
221 337
221 379
221 558
221 587
221 687
221 800
222 476
222 627
222 959
222 968
223 327
223 464
223 516
223 736
224 522
224 705
224 867
225 440
225 568
225 960
225 979
226 255
226 256
226 597
226 612
226 634
226 925
227 386
227 410
227 427
227 756
228 355
228 668
228 701
228 911
229 332
229 374
229 651
229 709
229 827
230 448
230 529
230 633
230 642
230 686
230 958
230 983
231 285
231 481
231 577
231 657
231 683
232 295
232 317
232 382
232 508
232 599
232 638
233 311
233 363
233 832
233 871
234 261
234 490
234 806
234 897
235 272
235 341
235 374
235 651
236 266
236 519
236 539
236 797
237 251
237 314
237 985
238 316
238 458
238 741
238 790
238 886
239 264
239 436
239 494
239 694
239 927
239 999
240 263
240 288
240 718
240 742
240 820
241 389
241 786
241 952
242 279
242 405
242 626
242 731
242 825
243 347
243 533
243 675
243 690
243 863
244 303
244 463
244 509
244 594
244 640
244 682
244 842
245 538
245 589
245 703
245 761
246 515
246 724
246 780
246 859
247 256
247 400
247 471
247 644
247 911
247 925
248 260
248 421
248 470
248 580
248 771
249 267
249 428
250 276
250 330
250 346
251 314
251 371
251 688
251 985
252 360
252 429
252 446
252 457
252 557
252 586
252 748
253 522
253 556
253 728
253 774
253 867
254 375
254 545
254 560
255 400
255 612
255 779
255 925
256 634
256 644
256 925
257 349
257 410
257 684
257 838
257 851
258 391
258 607
258 860
258 968
258 977
259 333
259 492
259 626
259 763
259 776
259 812
259 825
259 929
260 421
260 541
260 745
260 771
260 967
261 536
261 897
261 904
262 418
262 875
262 951
263 288
263 679
263 694
263 820
264 436
264 749
264 887
264 927
265 345
265 502
265 773
265 880
266 519
266 532
266 539
266 746
267 428
267 445
267 495
267 990
268 605
268 641
268 714
268 720
268 914
269 328
269 472
269 498
269 590
269 689
270 281
270 347
270 443
270 501
270 802
270 870
271 547
271 572
271 936
272 341
272 350
272 361
272 374
272 413
272 495
273 300
273 466
273 702
273 956
274 335
274 659
274 670
274 732
274 980
275 527
276 326
276 330
276 346
276 406
276 993
277 322
277 663
277 680
277 765
277 892
278 562
278 884
279 459
279 484
279 731
280 311
280 363
280 601
280 667
281 297
281 443
281 501
281 685
281 759
282 339
282 564
282 575
282 583
282 901
282 996
283 568
283 666
283 844
283 934
283 960
284 362
284 531
284 646
284 893
285 434
285 577
285 683
285 744
286 287
286 773
286 928
287 568
287 864
287 928
288 694
288 742
288 921
289 368
289 473
289 625
289 674
289 749
289 848
289 921
290 340
290 824
290 859
290 905
291 312
291 600
291 890
291 922
291 924
292 383
292 425
292 496
292 561
292 581
293 351
293 515
293 556
293 631
293 728
294 595
294 602
294 712
294 730
294 840
294 943
295 382
295 543
295 638
296 437
296 560
296 707
296 889
297 443
297 675
297 685
297 863
298 425
298 488
298 576
298 614
299 474
299 477
300 702
300 715
300 981
300 994
301 861
301 989
302 380
302 516
302 812
303 509
303 665
304 324
304 641
304 823
304 914
305 345
305 453
305 584
305 676
305 713
305 892
306 318
306 691
306 884
306 898
307 493
307 764
307 845
307 957
308 346
308 359
308 468
308 509
308 665
308 913
308 938
309 648
309 655
310 383
310 390
310 503
310 513
310 560
310 888
311 363
311 379
311 687
311 800
312 656
312 698
312 975
313 481
313 502
313 657
313 880
314 688
314 748
314 814
315 523
315 569
315 699
315 704
315 784
315 829
315 869
316 533
316 741
316 828
316 886
317 517
317 599
317 638
317 771
317 861
318 873
318 884
319 356
319 540
319 679
319 955
320 567
320 698
320 981
320 984
321 810
321 874
322 453
322 713
322 892
323 353
323 385
323 414
323 885
324 403
324 641
324 760
324 823
324 847
325 334
325 596
325 944
325 946
326 406
326 536
326 936
326 993
327 428
327 516
327 990
328 590
328 653
328 835
328 900
329 632
329 839
330 406
330 411
330 644
331 473
331 578
331 648
331 832
332 357
332 429
332 688
332 709
332 743
333 380
333 485
333 514
333 750
333 751
333 812
333 929
334 439
334 492
334 596
334 618
334 918
334 946
335 659
335 670
335 738
335 833
336 413
336 445
336 882
336 940
337 558
337 587
337 593
337 654
337 830
338 430
338 647
338 664
338 803
338 956
339 846
339 926
339 965
339 996
340 609
340 724
340 824
340 859
341 350
341 619
341 651
342 420
342 478
342 504
342 623
342 945
343 358
343 417
343 805
343 874
343 942
344 426
344 783
344 937
345 892
346 468
346 836
346 938
346 993
347 443
347 533
347 741
347 863
348 478
348 609
348 663
348 708
348 824
349 379
349 410
349 587
349 851
350 413
350 619
350 932
350 964
351 549
351 556
351 758
351 774
351 788
352 481
352 573
352 598
352 645
353 814
354 359
354 468
354 490
354 836
354 897
355 614
355 668
355 701
355 752
355 881
355 919
356 540
357 388
357 611
357 639
357 688
357 743
358 794
358 893
358 942
359 468
359 490
359 507
359 913
360 429
360 586
361 374
361 484
361 495
361 827
362 531
362 893
363 601
363 871
364 548
364 621
364 860
364 959
364 968
365 817
365 844
365 909
365 964
365 969
366 736
366 768
366 862
367 592
367 616
367 711
367 949
367 954
368 544
368 608
368 749
368 848
368 887
369 582
369 602
369 883
369 976
370 438
370 603
370 661
370 733
370 930
370 970
371 652
371 726
371 876
371 985
372 482
372 770
372 853
373 487
373 553
373 784
374 651
374 827
375 498
375 545
375 889
376 419
376 486
376 510
377 649
377 761
377 991
378 474
378 477
378 711
378 755
378 949
379 587
379 687
380 485
380 516
380 812
381 774
381 788
381 834
381 867
381 995
382 543
382 798
383 390
383 496
383 503
383 561
384 454
384 760
385 403
385 669
385 885
386 667
386 756
387 565
387 662
387 813
388 611
388 639
388 937
389 636
389 727
389 786
389 847
389 881
389 935
389 952
390 425
390 488
390 513
390 561
390 764
391 548
391 860
391 872
391 920
391 923
392 575
392 754
392 901
393 716
393 947
394 423
394 460
394 559
394 645
394 896
395 432
395 707
395 889
395 900
396 402
396 419
396 442
396 841
397 738
397 846
397 963
397 965
398 600
398 695
398 890
399 408
399 437
400 605
400 779
400 911
400 925
401 778
401 792
401 879
402 442
402 717
402 841
403 669
403 760
404 451
404 617
404 840
404 865
404 898
404 910
404 943
405 672
405 731
405 763
405 825
406 411
406 811
406 936
407 843
407 916
408 437
408 476
408 627
409 444
409 564
409 583
409 815
411 442
411 811
412 433
412 907
413 445
413 495
414 455
414 608
414 613
414 885
415 480
415 660
415 759
415 868
415 999
416 452
416 458
416 785
416 855
416 857
417 588
417 737
417 772
417 805
418 574
418 875
418 878
420 504
420 554
420 782
420 915
420 945
421 512
421 580
421 696
421 967
422 519
422 569
422 761
422 781
422 804
423 518
423 559
423 588
423 805
424 462
424 753
424 769
424 795
425 488
425 561
425 576
426 447
426 762
426 775
426 783
426 793
426 937
427 756
427 854
427 903
428 990
429 748
430 520
430 647
430 653
430 664
430 835
431 562
431 873
431 984
432 479
432 521
432 900
433 831
433 883
433 912
434 577
434 629
434 744
434 939
435 838
435 852
435 894
435 906
436 694
437 560
437 627
437 888
438 719
438 721
438 970
439 535
439 596
439 944
439 963
440 573
440 896
440 979
441 563
441 683
441 744
441 777
441 810
442 717
443 863
444 604
444 916
445 495
445 882
446 457
446 613
446 748
447 762
447 817
447 969
448 642
448 878
448 983
449 594
449 622
449 819
449 876
450 526
450 584
450 624
450 676
450 988
451 796
451 865
451 943
452 723
452 822
452 855
452 961
453 584
453 713
454 473
454 648
455 457
455 613
455 710
456 587
456 593
456 684
456 851
456 986
457 557
457 613
457 635
458 741
458 785
458 790
459 484
459 725
459 731
459 827
459 953
460 512
460 837
460 850
460 896
461 591
461 666
461 844
461 969
462 602
462 753
462 769
462 976
463 509
463 594
463 597
463 634
463 938
464 485
464 516
465 619
465 639
465 651
465 709
465 743
465 783
466 698
466 956
466 975
467 590
467 632
467 653
467 664
467 839
468 836
469 565
469 650
469 662
469 972
470 517
470 566
470 580
470 599
470 620
470 771
470 917
471 644
471 717
471 791
472 486
472 590
472 689
473 625
473 648
473 674
474 477
474 755
475 497
475 571
475 796
475 865
475 891
476 627
476 957
476 977
477 579
477 711
477 950
478 609
478 623
478 708
479 521
479 700
479 715
479 722
480 610
480 660
480 759
481 657
482 562
482 853
482 992
483 673
483 920
483 974
484 827
485 516
485 750
486 510
486 689
487 523
487 532
487 603
487 699
487 733
487 784
488 493
488 764
488 948
489 721
489 729
489 991
490 543
490 897
491 602
491 617
491 730
491 747
491 753
492 618
492 776
492 929
492 946
493 607
493 764
493 948
493 957
493 977
494 694
494 955
494 961
494 999
496 503
496 510
496 689
497 891
497 907
498 545
498 689
499 537
499 787
499 852
499 906
499 923
500 595
500 712
500 891
500 912
501 735
501 759
501 802
502 773
502 880
503 545
503 560
503 689
504 554
504 821
505 604
505 754
505 947
505 962
505 987
506 608
506 669
506 674
506 848
506 885
507 913
508 643
508 917
509 665
509 938
510 689
511 672
512 693
512 850
512 967
513 764
513 845
513 888
514 750
514 751
514 809
515 631
515 780
515 859
515 905
517 599
517 771
518 563
518 805
518 810
519 746
520 647
520 700
520 715
520 722
521 700
521 900
522 736
522 768
522 867
523 699
523 784
524 624
524 681
524 966
524 988
525 537
525 830
525 894
525 986
526 879
526 939
526 966
526 988
527 822
527 903
528 571
528 878
528 951
529 551
529 686
529 794
529 958
530 775
530 941
530 989
531 831
532 539
532 603
532 699
532 746
532 998
533 690
533 741
533 757
533 828
534 540
534 628
534 756
534 854
535 926
535 931
535 963
535 965
535 973
536 547
536 904
536 936
536 993
537 906
537 923
538 703
538 807
538 905
539 797
539 930
539 998
540 628
540 679
540 820
541 678
541 745
542 666
542 693
542 837
542 850
542 960
542 979
543 638
543 997
544 550
544 710
544 887
545 560
545 689
546 550
546 660
546 868
546 950
546 982
547 936
548 621
548 860
548 872
548 899
549 589
549 606
549 703
549 758
549 788
550 710
550 950
550 982
551 637
551 658
551 874
551 902
551 958
552 592
552 776
552 801
552 946
553 926
553 931
554 782
554 813
554 821
555 630
555 782
555 813
556 728
556 774
557 586
557 635
558 578
558 654
558 655
558 706
558 800
558 858
559 588
559 696
559 772
560 888
562 992
563 777
563 810
564 583
564 815
564 829
565 662
566 570
566 615
566 620
566 877
566 917
567 698
567 992
568 934
568 960
569 704
569 815
569 829
570 620
570 697
570 737
570 849
570 877
571 878
572 656
573 645
573 896
574 633
574 686
574 875
574 878
574 983
575 754
575 901
575 996
576 701
577 657
577 880
577 939
578 648
578 655
578 800
578 832
579 610
579 660
579 711
580 620
580 696
580 697
580 772
581 791
581 841
582 883
582 976
583 901
584 624
584 676
584 681
585 623
585 680
585 708
585 765
585 892
586 635
587 593
587 851
588 772
588 805
589 606
589 649
589 703
589 761
590 632
590 653
591 666
591 693
592 801
592 949
592 954
593 830
593 986
594 597
594 640
594 819
595 712
595 796
595 891
596 944
597 612
597 634
598 645
598 777
599 917
600 890
601 718
601 871
602 712
602 730
602 753
602 976
603 733
603 930
603 998
604 916
604 947
604 987
605 714
605 720
605 779
605 935
606 649
607 948
607 977
608 848
608 885
609 824
610 660
611 941
612 622
612 779
612 818
614 919
615 831
615 877
615 883
615 917
616 659
616 833
616 954
616 980
617 730
617 747
617 840
617 898
618 751
618 918
618 929
619 651
619 762
619 783
619 932
620 697
621 627
621 852
621 899
621 959
622 726
622 818
622 876
623 708
623 945
624 681
624 988
625 921
626 812
626 825
627 959
628 820
629 939
630 773
630 782
630 928
630 971
631 728
631 740
631 780
632 839
633 686
633 983
636 641
636 720
636 935
637 658
637 895
637 902
638 861
638 997
639 743
640 682
640 819
641 720
641 914
642 677
642 958
643 739
643 769
643 795
643 798
645 896
647 702
647 715
648 655
649 761
650 862
650 882
650 972
651 709
652 726
652 816
652 914
652 985
653 664
653 835
654 734
654 830
654 858
655 706
656 803
656 908
656 956
656 975
657 880
658 677
658 792
658 895
658 958
659 833
659 980
660 868
661 733
661 809
662 978
663 680
663 708
663 824
664 803
664 908
665 913
666 693
666 844
666 960
667 756
668 727
668 881
668 911
669 674
669 885
670 732
670 962
671 751
671 809
671 918
671 973
672 731
673 789
673 856
673 920
674 848
675 685
675 716
675 732
675 863
675 980
677 958
678 793
679 694
679 820
679 955
680 708
680 765
682 842
682 941
683 744
683 777
684 838
684 894
684 986
685 980
686 794
686 875
687 800
690 757
690 843
691 747
691 770
691 884
691 898
692 767
692 864
692 972
693 850
694 955
695 806
695 904
696 772
697 737
697 772
698 975
699 704
699 746
700 722
700 900
701 791
702 715
703 758
703 807
704 746
705 719
705 834
705 867
706 858
707 889
709 743
710 950
711 949
712 912
713 892
714 779
714 818
715 722
715 994
716 732
717 791
717 841
718 742
718 871
720 935
721 729
721 970
723 822
723 961
724 859
725 731
725 953
726 876
727 881
727 911
727 935
728 740
729 797
729 930
729 970
730 840
732 980
734 789
734 830
734 858
735 759
735 802
735 999
736 768
737 772
737 849
738 833
738 944
738 963
739 795
739 798
739 808
739 933
740 780
740 978
744 810
744 902
745 771
745 861
747 770
747 898
748 814
749 887
749 921
751 809
751 918
751 929
752 799
752 866
752 919
754 962
754 987
754 996
755 801
755 949
756 854
757 828
757 843
758 807
759 999
761 804
762 783
762 817
762 932
763 776
763 825
764 845
765 892
766 773
766 915
766 945
766 971
767 864
767 909
767 934
767 940
767 972
769 795
769 976
771 861
773 928
773 971
774 788
774 867
775 793
775 937
775 941
776 946
778 879
778 966
779 818
781 797
781 804
782 813
782 915
782 971
784 869
785 790
785 857
786 881
787 852
787 872
787 899
787 923
788 995
789 856
789 858
790 857
790 886
790 903
791 841
792 879
792 895
794 875
794 893
795 933
796 865
796 891
796 943
797 804
797 930
798 806
798 808
799 826
799 866
800 832
801 949
802 870
802 999
803 908
803 956
805 810
806 808
806 933
807 905
808 933
809 973
811 936
813 821
815 829
816 823
816 914
816 985
817 932
817 964
817 969
819 876
821 978
822 903
823 914
826 866
826 974
827 953
828 886
829 869
830 986
831 883
832 871
833 944
833 954
834 867
834 991
834 995
835 900
836 993
837 850
837 896
837 979
838 894
839 908
840 943
842 941
843 916
844 969
846 965
847 952
849 877
852 899
852 906
853 922
853 924
853 992
856 920
857 903
859 905
860 968
861 997
862 990
865 873
865 910
868 982
870 961
870 999
872 899
872 923
873 910
875 893
878 951
878 983
879 895
879 939
879 966
882 940
882 972
883 912
890 922
891 907
893 942
894 986
896 979
909 934
909 940
909 964
915 945
915 971
920 923
920 974
922 924
924 992
926 931
926 965
927 999
930 970
930 998
931 973
932 964
944 954
944 963
956 975
957 977
959 968
960 979
961 999
962 996
963 965
966 988
981 984
981 994
984 994
991 995
226 375
67 633
561 462
516 582
499 158
436 110
903 354
868 359
624 323
554 628
351 700
360 78
438 840
552 13
344 775
558 121
117 501
377 75
594 182
578 130
733 551
549 569
731 697
136 533
917 483
956 409
936 567
591 600
322 828
66 280
373 734
377 799
457 281
362 252
338 341
170 657
110 361
945 387
700 352
490 693
660 526
762 360
627 971
233 702
252 918
244 532
266 872
783 97
802 431
304 301
11 462
389 624
135 359
84 543
198 414
863 717
702 278
138 587
876 260
293 791
173 290
362 496
276 797
598 364
579 821
211 165
430 952
336 425
741 407
467 802
417 607
105 545
693 447
236 175
283 232
223 191
511 693
340 190
952 484
631 246
423 205
77 726
324 495
156 346
356 563
286 378
396 320
714 598
217 362
806 672
75 431
639 359
179 750
397 830
867 162
575 379
628 476
470 317
496 849
857 296
463 530
832 646
559 935
553 354
36 632
567 394
262 889
752 95
272 814
936 539
739 74
715 796
406 247
272 282
525 141
489 22
356 385
547 712
310 778
516 799
719 708
393 768
598 811
778 644
546 759
751 161
841 493
708 919
626 930
396 804
190 655
650 485
425 730
176 438
396 376
474 894
988 578
751 778
922 363
134 183
399 546
471 193
161 230
617 520
171 623
304 539
440 635
275 172
301 108
553 826
867 550
645 668
611 82
376 537
593 298
345 888
791 840
422 43
487 282
302 698
970 362
984 421
811 182
606 338
662 766
611 734
374 653
632 658
115 733
753 278
308 929
905 703
648 121
775 750
732 775
748 876
103 671
756 699
787 156
311 960
441 63
86 610
410 722
591 986
190 502
271 326
754 651
523 848
209 873
753 618
682 619
16 425
461 589
941 315
802 516
381 931
95 454
250 68
49 291
443 486
646 86
570 924
716 886
687 170
307 521
875 680
337 228
952 650
410 629
207 695
514 961
168 589
653 405
287 658
536 879
142 808
546 411
630 787
498 540
434 164
900 458
883 609
812 866
425 236
413 164
256 418
559 673
975 555
632 739
487 407
21 542
164 409
307 668
872 535
376 719
456 406
505 34
589 521
897 224
792 381
860 464
726 677
520 294
830 212
484 612
297 47
249 144
597 709
297 593
451 299
498 706
550 534
611 425
353 159
616 917
592 665
567 700
972 635
792 787
532 248
308 565
388 736
52 626
868 422
773 415
180 333
520 40
425 310
625 613
568 900
830 280
419 791
445 372
411 952
735 194
961 385
475 733
76 236
250 901
494 338
922 516
779 276
677 97
302 441
127 644
127 428
235 355
264 362
830 458
760 481
219 92
362 857
626 808
300 127
175 796
326 667
631 951
780 238
670 786
638 336
380 966
383 572
481 253
463 629
647 577
130 312
224 884
727 866
449 677
777 623
659 868
890 548
386 869
198 382
589 503
593 40
877 206
320 624
212 898
918 381
355 921
123 516
76 263
667 500
669 570
619 236
460 743
439 266
538 927
483 860
523 728
804 553
530 461
520 231
591 213
699 208
393 349
885 634
447 927
657 142
217 121
438 404
191 219
128 560
420 493
145 309
466 701
853 258
166 161
945 596
411 400
334 112
198 430
638 503
411 696
657 745
931 395
504 493
102 563
411 680
573 410
467 364
146 621
895 517
837 834
358 432
383 242
667 269
735 453
193 742
521 117
575 565
288 866
608 101
472 399
600 915
538 837
392 43
661 302
918 579
489 236
384 126
322 691
645 855
726 581
683 505
959 545
293 254
473 503
692 660
682 831
828 764
731 91
779 169
213 508
565 967
555 805
667 173
355 797
727 914
613 661
23 408
567 788
688 533
181 849
551 309
489 768
833 138
758 899
707 48
969 590
523 769
105 721
428 362
671 471
757 333
902 284
182 571
32 616
530 819
202 239
274 560
469 2
190 527
277 777
664 802
403 498
995 468
424 288
569 438
491 940
294 947
550 992
123 714
112 426
943 705
791 404
689 942
481 120
613 196
244 430
165 477
546 783
815 256
814 113
403 334
628 445
381 465
4 540
543 607
69 350
146 842
875 314
89 288
759 559
673 447
929 651
638 431
889 249
512 350
242 501
348 468
247 769
505 660
443 212
449 468
389 918
499 900
435 693
320 271
282 613
581 746
551 882
759 542
651 322
76 763
767 870
678 334
169 182
490 999
744 307
181 411
288 888
801 713
482 360
491 212
557 863
557 76
704 822
435 79
380 690
227 812
564 241
729 841
846 370
443 356
592 834
82 748
587 905
895 741
128 757
792 303
195 355
624 878
229 210
758 135
706 491
407 645
274 695
471 655
561 839
587 348
282 523
690 882
516 177
272 121
454 244
295 624
173 520
522 14
488 963
525 991
389 188
574 64
32 346
898 687
71 371
954 357
36 666
62 539
434 579
150 648
540 68
851 206
945 441
613 176
413 757
898 717
267 70
506 58
920 410
325 533
275 470
357 675
709 413
614 896
715 363
409 775
847 773
340 85
724 382
83 512
608 267
612 116
231 233
253 272
339 152
615 410
861 607
227 543
671 926
661 820
287 911
173 496
673 47
305 268
250 625
344 904
270 392
599 17
236 617
36 685
414 828
226 439
23 599
714 109
652 781
145 379
823 566
708 320
253 583
601 792
211 729
697 78
84 314
132 226
591 397
927 612
199 550
327 39
528 897
312 478
643 268
897 649
526 629
133 780
614 220
539 650
191 455
286 639
371 826
896 499
214 785
526 84
781 133
634 641
354 60
751 803
708 462
184 154
726 301
479 530
581 647
659 461
690 771
202 670
702 254
214 825
562 217
425 434
256 606
873 826
570 608
168 204
59 331
797 495
519 274
820 884
921 434
95 430
234 280
294 143
514 878
26 574
548 687
633 400
661 633
86 472
337 648
472 486
508 602
656 615
6 511
279 730
561 726
209 453
100 645
446 955
788 570
366 36
355 285
458 422
593 585
502 922
866 643
811 607
422 859
175 396
53 469
713 216
722 338
542 137
302 234
135 163
464 916
449 651
305 458
939 501
650 727
696 513
728 172
578 176
581 332
821 701
725 498
782 217
110 333
14 485
368 517
888 418
120 207
45 313
490 576
147 453
948 671
763 239
41 572
896 573
525 509
591 869
829 192
243 857
303 330
296 486
851 408
374 767
247 553
228 601
379 901
562 46
513 979
623 768
437 972
299 67
578 18
429 147
834 624
599 970
151 187
472 454
676 396
682 288
172 764
95 271
612 621
454 989
769 185
575 766
876 483
464 154
643 628
451 98
482 985
880 336
230 146
535 352
573 592
665 686
323 163
470 68
194 807
539 322
751 195
546 102
861 659
789 319
404 211
213 599
680 190
314 746
291 174
879 234
844 469
481 471
126 455
339 570
547 34
247 838
595 473
775 452
493 196
550 200
723 747
255 793
745 124
643 308
976 483
860 177
314 88
764 318
703 557
385 17
406 450
556 270
711 852
110 227
188 284
312 353
358 220
258 747
273 857
309 607
224 573
202 313
363 131
417 523
567 259
178 463
22 393
603 644
279 151
468 20
227 257
425 463
598 73
913 271
703 683
894 766
373 96
844 660
918 239
604 769
35 429
398 515
65 562
301 765
119 814
479 52
322 714
735 733
867 576
625 287
807 310
437 907
448 32
160 532
350 739
292 85
329 741
548 165
156 498
490 783
503 256
269 244
616 495
664 28
617 572
383 435
597 630
525 604
894 433
257 220
932 340
634 564
161 136
536 277
763 726
497 382
875 181
637 55
882 654
165 680
832 551
692 223
421 120
523 936
438 708
249 466
950 689
473 878
191 828
584 795
472 577
852 148
343 445
704 876
661 157
698 613
735 484
195 619
258 492
939 639
922 751
313 877
967 430
876 296
842 707
925 288
846 636
233 115
818 788
354 599
390 268
817 237
280 357
155 859
755 753
397 144
737 351
611 62
827 304
863 512
861 767
196 893
113 531
57 581
550 587
200 643
20 637
67 401
172 366
681 693
376 331
177 701
235 895
691 489
892 204
749 424
688 915
582 949
349 829
112 760
110 249
94 597
923 689
56 438
229 454
395 708
224 865
886 798
547 962
716 93
105 478
964 326
387 754
264 101
920 734
101 741
459 889
344 395
180 873
641 692
138 744
422 644
630 594
200 273
827 122
269 645
567 201
711 762
818 721
799 480
336 847
870 735
335 864
584 682
619 141
778 368
244 323
536 229
493 77
602 146
400 431
329 769
331 405
653 648
443 780
430 508
481 680
93 397
350 354
459 565
122 575
147 824
631 209
177 233
612 251
769 148
730 793
657 285
682 369
33 650
736 662
529 377
654 252
879 372
408 907
746 860
43 501
826 853
279 436
860 331
729 137
636 186
379 404
643 162
24 371
290 552
809 837
363 461
477 103
216 274
327 320
590 163
779 725
395 896
237 746
759 835
294 216
256 446
749 228
361 954
736 370
9 568
319 946
589 552
913 664
764 106
53 354
420 586
409 281
418 94
324 894
447 731
350 966
391 99
713 124
356 649
514 74
794 338
