1000 2960 10
61 70 32 49 99 6 1 97 24 6 55 7 56 94 37 87 26 34 63 19 60 89 32 71 94 69 21 41 83 43 35 66 83 42 19 84 13 29 60 39 99 17 62 67 80 12 82 25 55 45 89 72 45 36 80 16 84 15 65 53 35 57 31 55 99 58 73 37 86 92 34 23 11 37 33 2 66 14 9 61 64 4 61 39 99 73 55 59 84 3 76 43 75 40 16 41 56 49 9 44 77 46 74 90 35 66 7 29 78 31 39 47 29 72 48 16 98 55 34 7 4 20 93 12 11 36 16 35 17 18 83 62 61 42 74 17 55 15 75 20 43 37 93 30 41 41 70 78 80 90 6 93 62 86 78 75 94 20 32 52 18 53 48 5 35 12 34 11 83 34 13 45 31 47 36 33 17 20 7 88 54 30 43 24 28 28 92 66 53 10 79 52 11 47 100 27 16 44 4 75 98 84 34 65 55 68 60 84 83 38 16 10 40 17 79 24 85 71 97 53 9 27 11 88 18 65 73 85 91 81 17 10 54 61 69 49 54 15 61 37 94 18 57 38 35 28 82 71 86 33 49 79 99 49 34 19 43 74 89 95 14 6 38 77 100 69 16 61 75 91 57 5 12 2 100 19 25 45 64 82 47 13 98 56 88 38 77 48 51 38 89 58 83 85 79 48 2 4 71 86 12 4 85 89 31 52 68 13 2 7 89 82 51 25 93 33 46 100 45 24 55 60 38 72 30 55 15 35 1 48 58 15 89 31 48 61 66 58 96 24 17 49 10 28 57 18 17 82 35 97 77 63 46 60 41 2 20 28 89 25 31 90 65 57 3 38 56 30 93 46 4 11 58 15 70 5 14 41 75 78 46 20 12 66 59 91 85 36 61 33 24 17 45 15 4 45 19 33 12 87 96 62 56 84 64 71 90 77 70 100 77 18 92 26 37 51 39 90 78 61 80 89 69 84 62 72 55 95 17 79 23 69 8 30 25 6 96 86 58 19 8 41 2 65 63 78 37 55 1 27 48 31 29 74 60 63 37 91 72 100 56 19 22 39 39 61 83 91 65 2 63 86 72 73 2 48 25 7 66 21 25 36 25 46 81 21 87 27 53 6 30 67 17 84 90 14 74 52 41 85 74 81 30 83 52 74 96 98 73 96 71 34 25 75 61 91 33 62 78 85 13 95 63 2 41 41 87 59 34 27 40 50 55 84 21 90 25 98 92 87 64 79 34 80 80 11 45 71 25 16 91 68 20 1 65 3 6 9 80 79 26 30 76 25 89 64 84 72 51 37 5 60 2 76 18 64 68 37 61 89 65 24 96 36 11 13 56 34 16 80 6 64 95 87 7 70 99 75 79 11 39 51 66 10 66 28 41 43 51 29 50 1 54 15 53 52 66 62 65 49 6 32 19 75 68 46 67 65 100 87 86 81 34 97 37 51 97 38 61 59 64 65 28 11 42 16 68 13 69 28 63 74 44 3 91 42 85 83 89 82 82 36 62 33 42 4 56 91 40 53 72 98 48 100 7 71 77 63 86 99 92 14 71 45 75 77 31 85 99 4 41 36 53 29 18 65 5 32 75 28 7 64 48 12 71 49 29 11 93 60 87 15 53 26 13 65 35 46 68 46 30 29 87 1 12 75 37 12 22 10 52 1 74 55 58 69 57 91 33 77 6 52 41 27 48 59 44 36 86 48 93 80 89 92 7 83 3 58 98 31 50 9 24 19 89 55 26 69 22 25 33 96 35 45 84 95 44 28 87 25 87 28 74 81 43 20 5 71 98 23 9 7 69 29 24 71 64 8 49 21 14 95 42 8 98 40 28 45 59 54 54 9 34 43 74 91 65 86 14 81 3 43 48 14 67 83 94 19 16 35 51 95 95 34 48 49 70 55 88 48 59 86 58 65 36 24 49 93 86 92 71 88 25 34 25 79 20 1 76 67 88 9 37 91 93 45 59 21 17 28 37 45 33 15 24 41 52 76 96 13 60 21 22 64 68 39 88 84 9 93 24 9 81 88 25 57 12 53 64 17 74 25 99 67 50 11 13 48 21 41 41 68 19 55 88 63 92 87 55 4 69 16 84 90 8 69 45 93 55 62 63 85 49 72 59 31 23 53 50 65 63 75 34 77 96 21 68 29 54 51 12 14 54 18 47 62 63 67 10 6 59 47 76 49 67 83 33 10 55 73 28 87 61 79 46 28 20 83 78 86 45 45 96 83 8 61 18 35 49 15 70 76 10 15 27 95 24 72 44 9
0 195
0 307
0 677
0 822
0 904
1 43
1 136
1 274
1 517
1 790
1 849
2 16
2 47
2 160
2 170
2 456
2 525
2 544
2 718
2 968
3 126
3 236
3 610
3 825
4 423
4 434
4 438
4 487
4 582
4 855
5 119
5 121
5 526
5 613
5 789
5 944
6 296
6 327
6 329
6 354
6 574
6 859
7 60
7 72
7 284
7 298
7 657
8 136
8 274
8 441
8 477
8 710
8 908
9 44
9 57
9 69
9 103
9 485
9 731
10 79
10 80
10 382
10 616
10 754
10 914
11 24
11 230
11 667
11 754
11 946
12 53
12 214
12 335
12 803
12 816
13 37
13 111
13 181
13 332
13 529
13 562
13 842
13 853
13 979
14 75
14 261
14 431
14 440
14 586
14 676
14 733
14 763
14 883
15 339
15 467
15 494
15 669
15 873
15 960
15 963
16 301
16 367
16 456
16 870
16 968
17 70
17 183
17 324
17 515
17 596
17 776
17 809
18 442
18 633
18 664
18 668
18 709
19 453
19 767
19 795
19 806
19 937
20 129
20 268
20 429
20 506
20 647
20 678
20 722
21 223
21 479
21 608
21 962
22 113
22 125
22 199
22 273
22 406
23 195
23 289
23 375
23 680
23 785
23 921
24 230
24 256
24 368
24 430
24 871
24 946
25 69
25 731
25 867
25 895
26 41
26 158
26 576
26 838
26 857
26 914
27 64
27 153
27 260
27 634
27 881
27 922
27 933
27 956
28 473
28 756
28 760
28 801
28 889
29 30
29 147
29 272
29 321
29 489
29 750
29 792
29 831
30 67
30 272
30 489
30 582
31 162
31 179
31 425
31 671
31 688
32 124
32 175
32 416
32 554
32 910
32 966
32 995
33 76
33 196
33 559
33 639
33 830
33 943
34 66
34 113
34 134
34 212
34 891
35 165
35 221
35 265
35 304
35 466
36 71
36 102
36 198
36 421
36 573
37 111
37 235
37 745
37 842
37 942
38 164
38 539
38 591
38 687
38 723
38 734
38 811
38 828
39 125
39 322
39 406
39 411
39 413
39 769
40 92
40 400
40 522
40 594
40 650
40 773
41 157
41 158
41 317
41 595
41 670
41 857
42 214
42 302
42 364
42 533
42 646
42 839
43 166
43 249
43 517
43 819
43 849
43 952
44 57
44 358
44 485
44 949
44 971
45 238
45 297
45 309
45 847
45 888
45 980
46 109
46 200
46 208
46 220
46 701
46 996
47 160
47 170
47 385
47 649
48 385
48 547
48 550
48 656
48 806
48 999
49 174
49 250
49 566
49 617
49 643
50 90
50 102
50 555
50 586
50 663
50 852
51 187
51 288
51 629
51 764
52 105
52 190
52 372
52 645
52 856
52 918
53 254
53 335
53 736
53 741
53 816
53 817
54 177
54 245
54 252
54 363
54 983
55 143
55 275
55 401
55 436
55 732
55 957
56 206
56 332
56 392
56 507
56 682
57 69
57 358
57 545
57 640
58 129
58 153
58 217
58 246
58 704
59 100
59 348
59 424
59 475
59 528
59 609
59 650
60 72
60 82
60 285
60 298
60 320
60 846
61 196
61 248
61 366
61 830
61 879
62 104
62 106
62 303
62 439
62 775
62 898
62 916
62 981
63 84
63 210
63 298
63 320
63 496
63 657
63 716
63 750
64 397
64 578
64 922
64 956
65 197
65 248
65 366
65 714
65 830
65 989
66 113
66 134
66 631
66 807
67 244
67 487
67 489
67 511
67 582
67 860
68 75
68 215
68 861
68 883
69 393
69 545
69 696
69 731
69 867
70 203
70 239
70 515
70 596
70 627
71 102
71 131
71 186
71 198
71 427
71 659
71 851
72 108
72 284
72 285
72 314
72 702
73 365
73 560
73 572
73 930
73 964
74 556
74 576
74 612
74 756
74 760
74 783
74 882
75 215
75 527
75 676
75 883
76 196
76 259
76 639
76 684
76 862
77 115
77 177
77 294
77 509
77 728
77 748
77 905
77 945
78 486
78 520
78 714
78 841
78 940
79 297
79 309
79 382
79 667
79 754
79 834
80 382
80 518
80 576
80 914
81 162
81 171
81 514
81 688
81 702
82 213
82 276
82 320
82 802
82 846
83 311
83 317
83 360
83 473
83 889
83 919
84 171
84 284
84 496
84 657
85 315
85 392
85 420
85 498
85 682
85 815
85 829
85 863
86 138
86 346
86 444
86 957
87 185
87 630
87 738
87 788
87 934
87 980
88 361
88 526
88 568
88 805
88 880
89 95
89 110
89 140
89 368
89 588
89 858
90 102
90 281
90 387
90 421
90 555
90 573
90 802
90 972
91 225
91 538
91 767
91 937
92 161
92 522
92 594
92 892
92 896
93 419
93 484
93 565
93 618
93 711
93 984
93 997
94 374
94 447
94 505
94 599
94 642
94 693
95 110
95 368
95 430
95 463
96 261
96 280
96 478
96 511
96 978
97 244
97 489
97 716
97 786
98 384
98 424
98 492
98 522
98 539
98 648
99 255
99 299
99 300
99 386
99 924
100 218
100 475
100 528
100 668
100 721
101 326
101 352
101 665
101 700
101 915
101 925
101 931
101 977
102 131
102 421
102 852
103 485
103 731
103 753
103 827
103 895
104 874
104 898
104 916
104 953
105 362
105 408
105 561
105 856
105 918
106 303
106 510
106 571
106 775
106 814
107 673
107 755
107 894
107 913
107 928
107 948
108 314
108 702
108 959
109 135
109 220
109 388
109 565
109 940
109 984
110 282
110 463
110 837
110 858
111 128
111 235
111 529
111 654
112 247
112 291
112 341
112 552
112 735
113 199
113 273
113 631
113 891
114 234
114 503
114 556
114 612
114 836
114 901
115 242
115 474
115 482
115 728
115 749
115 905
116 133
116 143
116 420
116 564
116 698
116 815
117 159
117 241
117 675
117 910
117 995
118 136
118 753
118 777
118 827
118 908
119 150
119 173
119 526
119 613
120 379
120 537
120 734
120 828
121 361
121 469
121 526
121 666
121 751
121 944
122 323
122 503
122 707
122 885
122 920
123 327
123 342
123 354
123 594
124 554
124 691
124 737
124 995
125 273
125 406
125 411
126 236
126 777
126 825
126 827
126 895
127 234
127 267
127 428
127 488
127 783
127 834
127 882
128 211
128 529
128 654
128 797
128 813
129 153
129 217
129 506
129 678
130 207
130 636
130 658
130 662
130 784
130 791
131 192
131 427
131 852
132 439
132 480
132 510
132 534
132 549
132 747
133 138
133 143
133 346
133 357
133 564
133 840
134 212
134 439
134 807
135 371
135 388
135 565
135 976
136 274
136 777
136 790
136 908
137 230
137 316
137 759
137 770
137 871
138 346
138 357
138 444
138 626
139 497
139 516
139 537
139 734
139 740
140 585
140 588
140 623
140 766
140 858
141 163
141 167
141 391
141 615
141 808
141 818
141 869
141 926
142 380
142 524
142 595
142 670
142 759
142 963
143 346
143 698
143 732
143 957
144 343
144 593
144 793
144 847
144 868
144 886
145 247
145 333
145 519
145 735
145 884
146 254
146 391
146 471
146 736
146 824
146 982
147 321
147 587
147 831
148 239
148 596
148 659
148 851
148 936
149 189
149 649
149 720
149 765
149 782
149 787
150 173
150 270
150 328
150 526
150 805
151 318
151 376
151 393
151 527
151 867
151 887
152 167
152 486
152 817
152 841
152 982
153 246
153 260
153 634
153 678
154 388
154 486
154 532
154 603
154 752
155 189
155 262
155 347
155 558
155 600
155 718
155 765
155 951
156 325
156 741
156 803
156 816
156 821
157 317
157 334
157 377
157 513
157 595
157 768
157 947
158 670
158 759
158 838
159 241
159 242
159 277
159 515
159 675
160 649
160 718
160 782
161 168
161 492
161 522
161 896
161 992
162 425
162 509
162 688
162 702
162 959
163 167
163 407
163 520
163 818
163 841
164 539
164 591
164 938
164 992
165 195
165 265
165 307
165 466
166 232
166 517
166 866
166 928
166 952
167 391
167 841
167 982
168 508
168 896
168 938
168 992
169 218
169 348
169 528
169 653
169 713
170 292
170 385
170 544
170 656
170 843
171 229
171 284
171 496
171 514
171 702
172 308
172 552
172 626
172 875
173 270
173 394
173 459
173 550
173 613
173 999
174 250
174 259
174 370
174 389
174 617
175 416
175 432
175 554
175 647
175 722
176 206
176 392
176 420
176 564
176 917
177 245
177 252
177 294
177 748
178 293
178 333
178 341
178 395
179 252
179 294
179 425
179 671
180 295
180 357
180 689
180 840
180 845
181 446
181 491
181 745
181 842
181 979
182 258
182 331
182 364
182 445
182 679
182 757
183 198
183 213
183 324
183 596
183 851
184 263
184 534
184 631
184 761
184 807
184 923
185 593
185 606
185 630
185 738
186 427
186 477
186 485
186 659
186 660
186 710
186 753
186 908
187 628
187 629
187 764
187 796
188 293
188 395
188 472
188 907
188 920
188 927
189 326
189 558
189 765
189 787
189 925
189 977
190 256
190 368
190 372
190 451
190 588
190 918
191 221
191 290
191 304
191 769
191 835
191 955
192 427
192 852
192 949
192 971
193 374
193 419
193 531
193 642
193 711
193 747
194 222
194 508
194 637
194 641
194 896
194 906
194 938
195 307
195 375
195 458
195 466
195 677
195 785
196 259
196 830
196 879
197 248
197 407
197 869
197 926
197 989
198 213
198 573
198 851
199 355
199 406
199 414
199 631
200 208
200 579
200 701
201 345
201 465
201 614
201 798
201 872
201 890
202 237
202 403
202 416
202 966
203 239
203 373
203 535
203 577
203 627
203 774
204 514
204 635
204 688
204 745
205 592
205 638
205 771
205 785
205 921
205 974
205 998
206 392
206 437
206 507
206 917
207 658
207 791
207 864
207 911
208 354
208 541
208 579
208 625
208 810
209 220
209 286
209 599
209 693
209 701
209 823
209 996
209 997
210 276
210 320
210 716
210 786
210 972
211 500
211 654
211 764
211 796
211 813
212 439
212 874
212 891
212 916
213 324
213 573
213 802
213 846
214 279
214 335
214 364
214 646
214 803
215 318
215 393
215 527
215 730
215 861
216 363
216 426
216 585
216 620
216 746
216 900
217 506
217 690
217 704
217 706
217 939
218 502
218 528
218 611
218 653
218 655
218 721
219 257
219 340
219 598
219 652
219 912
220 286
220 984
220 996
221 290
221 304
221 466
221 543
221 953
222 296
222 329
222 574
222 641
222 892
222 896
223 319
223 479
223 780
223 804
223 899
223 962
224 264
224 415
224 417
224 624
224 632
224 662
225 394
225 459
225 538
225 937
226 337
226 443
226 455
226 484
226 618
226 976
227 336
227 418
227 422
227 470
227 530
227 913
228 431
228 527
228 604
228 733
228 994
229 496
229 514
229 587
229 762
229 792
229 831
229 942
230 316
230 754
230 871
231 269
231 405
231 739
231 932
231 935
231 961
231 987
232 517
232 692
232 832
232 928
232 948
233 409
233 448
233 605
233 691
233 719
234 396
234 428
234 503
234 612
234 882
235 654
235 942
236 597
236 610
236 686
236 887
236 895
237 403
237 416
237 458
237 677
237 812
238 847
238 886
238 888
239 596
239 774
239 936
240 373
240 577
240 699
240 876
241 242
241 695
241 995
242 474
242 515
242 674
242 695
242 749
242 776
243 283
243 390
243 413
243 495
243 578
243 820
243 865
243 954
244 489
244 786
244 860
245 363
245 426
245 748
245 945
246 634
246 704
246 865
247 291
247 402
247 661
247 735
247 884
248 366
248 551
248 879
248 926
249 381
249 684
249 819
249 849
250 370
250 471
250 566
250 679
250 824
251 268
251 339
251 493
251 494
251 561
251 678
252 294
252 671
252 911
252 983
253 337
253 455
253 708
253 752
253 821
254 335
254 471
254 679
254 736
255 263
255 299
255 399
255 447
255 481
255 685
255 924
255 973
256 368
256 451
256 871
257 602
257 652
257 743
257 848
257 870
257 912
258 331
258 336
258 351
258 470
258 757
258 839
259 389
259 617
259 684
259 879
260 339
260 678
260 881
261 280
261 431
261 478
261 604
261 763
262 347
262 611
262 653
262 902
262 951
263 481
263 761
263 923
263 973
264 415
264 417
264 644
264 694
264 738
265 304
265 307
265 413
265 495
265 706
265 904
266 271
266 415
266 590
266 632
266 758
267 313
267 428
267 449
267 488
267 619
268 429
268 493
268 678
269 614
269 801
269 932
269 935
270 287
270 328
270 452
270 553
270 999
271 401
271 436
271 590
271 758
272 321
272 582
272 855
273 411
273 835
273 891
274 441
274 517
274 692
275 436
275 444
275 580
275 626
275 875
275 957
276 320
276 802
276 972
277 373
277 515
277 535
277 675
278 305
278 669
278 712
278 873
278 881
278 933
279 303
279 621
279 646
279 803
279 814
280 440
280 511
280 763
280 860
281 387
281 581
281 786
281 860
281 972
282 417
282 623
282 624
282 662
282 784
282 837
282 858
283 390
283 537
283 740
283 954
284 657
284 702
285 314
285 674
285 776
285 809
285 846
286 984
286 997
287 292
287 452
287 656
287 999
288 500
288 548
288 629
288 764
289 375
289 680
289 800
289 898
289 953
290 874
290 891
290 953
290 955
291 308
291 402
291 552
292 452
292 656
292 843
292 899
293 333
293 395
293 563
293 715
293 927
294 425
294 509
295 344
295 461
295 567
295 575
295 689
296 327
296 329
296 892
297 309
297 540
297 667
297 980
298 320
298 657
299 300
299 481
299 584
299 637
300 386
300 435
300 637
300 641
301 456
301 826
301 848
301 870
301 969
302 454
302 646
302 680
302 800
302 839
303 646
303 800
303 814
303 981
304 413
304 769
305 467
305 560
305 608
305 669
305 712
305 768
306 310
306 512
306 632
306 636
306 683
306 725
307 904
308 402
308 552
308 875
309 488
309 834
309 888
310 315
310 683
310 725
310 799
311 317
311 513
311 521
311 919
312 602
312 652
312 778
312 794
313 449
313 563
313 619
313 907
313 927
314 674
314 749
314 959
315 683
315 698
315 732
315 799
315 815
315 829
316 616
316 754
316 759
316 838
317 360
317 513
317 857
318 393
318 527
319 334
319 450
319 479
319 780
319 947
321 587
321 654
321 796
321 855
322 390
322 406
322 413
322 740
323 472
323 707
323 920
324 809
324 846
325 337
325 443
325 571
325 621
325 803
325 821
325 990
326 558
326 925
326 931
327 354
327 594
327 892
328 553
328 805
329 574
330 410
330 442
330 665
330 697
331 364
331 533
331 839
332 461
332 507
332 562
332 682
332 853
333 341
333 519
333 715
333 735
334 450
334 513
334 521
334 947
335 364
335 679
336 470
336 757
336 913
337 443
337 455
337 821
338 355
338 414
338 501
338 591
338 811
338 844
339 494
339 678
339 873
339 881
340 379
340 537
340 598
340 652
340 794
340 954
341 395
341 552
341 735
342 354
342 583
342 594
342 709
343 398
343 593
343 726
343 868
344 461
344 567
344 893
344 993
345 570
345 666
345 751
345 798
345 890
346 957
347 483
347 600
347 611
347 655
347 897
348 528
348 609
348 681
348 713
349 383
349 418
349 457
349 577
349 672
349 965
350 372
350 409
350 607
350 620
350 645
350 705
350 766
350 900
351 454
351 470
351 592
351 839
352 523
352 700
352 854
352 977
353 367
353 378
353 743
353 930
353 964
353 968
354 601
354 709
354 810
354 859
355 406
355 414
355 497
355 516
355 687
355 811
356 386
356 504
356 541
356 625
356 924
357 626
357 840
358 640
358 663
358 971
359 369
359 569
359 610
359 686
359 729
360 473
360 576
360 760
360 857
361 526
361 751
361 880
362 408
362 494
362 561
362 960
362 975
363 426
363 585
363 983
364 533
364 679
365 560
365 572
365 608
365 804
365 962
366 830
367 743
367 870
367 968
368 430
368 588
369 476
369 569
369 610
369 717
369 825
369 958
370 389
370 615
370 808
370 824
371 388
371 708
371 976
372 588
372 645
372 766
373 535
373 577
373 675
373 876
373 903
374 599
374 642
374 711
375 466
375 543
375 953
376 597
376 867
376 887
377 479
377 768
377 947
378 560
378 622
378 743
378 930
378 933
378 956
379 537
379 781
379 794
379 828
380 759
380 770
380 960
380 963
380 975
381 476
381 684
381 790
381 849
381 862
381 909
382 518
382 783
382 834
383 457
383 672
383 742
383 832
384 424
384 460
384 609
384 648
384 681
385 542
385 547
385 649
385 656
386 435
386 504
386 924
387 555
387 581
388 532
388 708
388 752
388 940
389 615
389 879
390 413
390 740
391 808
391 824
391 982
392 420
392 682
393 696
393 730
393 867
394 459
394 538
394 613
394 789
395 552
395 920
396 428
396 503
396 703
397 578
397 598
397 622
397 912
397 956
398 590
398 593
398 606
398 644
398 661
398 726
398 884
399 447
399 505
399 549
399 973
400 475
400 650
400 773
400 877
401 436
401 683
401 732
401 758
402 580
402 661
402 875
403 458
403 675
403 850
403 903
403 966
404 412
404 739
404 836
404 901
404 950
405 412
405 739
405 950
405 985
405 987
406 516
406 740
407 520
407 818
407 869
407 989
408 770
408 918
408 975
409 429
409 448
409 554
409 607
409 691
409 705
409 722
410 483
410 665
410 697
410 915
410 931
411 769
411 835
412 469
412 885
412 901
412 950
412 985
413 495
413 769
414 501
414 631
414 923
415 590
415 632
415 644
416 432
416 812
416 966
417 624
417 694
417 837
418 422
418 470
418 577
418 638
418 672
418 699
419 443
419 531
419 618
419 711
419 990
420 564
420 815
421 573
422 530
422 672
423 434
423 438
423 468
423 744
424 522
424 609
424 650
425 509
426 589
426 746
426 945
427 660
427 949
428 449
428 703
429 493
429 607
429 722
430 463
430 934
430 941
430 946
431 604
431 733
432 647
432 812
432 991
433 446
433 491
433 512
433 725
433 829
433 863
433 970
434 487
434 744
434 978
435 504
435 574
435 641
436 580
436 590
436 661
437 507
437 575
437 689
437 917
438 468
438 557
438 855
439 510
439 534
439 775
439 807
439 916
440 581
440 586
440 763
440 860
441 477
441 692
441 742
441 832
442 633
442 697
442 709
443 618
443 990
444 626
444 957
445 566
445 679
445 757
445 894
445 913
446 491
446 546
446 635
446 745
446 864
446 970
447 505
447 685
447 693
447 823
447 988
448 589
448 705
448 719
448 746
449 703
449 907
450 521
450 553
450 568
450 780
450 805
451 770
451 871
451 918
452 553
452 780
452 899
453 542
453 720
453 767
453 795
453 967
453 986
454 592
454 680
454 839
454 921
455 708
455 976
456 718
456 826
457 742
457 936
457 965
458 677
458 779
458 785
458 850
458 974
459 550
459 806
459 937
460 648
460 681
460 713
460 781
460 794
460 929
461 507
461 562
461 575
461 797
461 833
461 993
462 523
462 787
462 854
462 967
462 977
463 694
463 837
463 941
464 490
464 559
464 724
464 830
465 536
465 614
465 880
465 889
465 890
465 919
466 543
467 524
467 669
467 768
467 963
468 557
468 628
468 744
468 994
469 570
469 651
469 666
469 772
469 944
469 985
470 592
470 638
470 998
471 679
471 824
472 707
472 907
472 920
473 760
473 889
474 482
474 695
474 719
475 650
475 664
475 668
475 877
476 777
476 790
476 825
476 909
476 958
477 659
477 710
477 742
478 604
478 744
478 978
478 994
479 608
479 768
479 947
480 510
480 531
480 571
480 747
480 990
481 584
481 923
482 719
482 728
483 655
483 697
483 897
483 931
484 565
484 618
484 976
485 660
485 753
485 949
486 532
486 603
486 817
486 841
486 940
487 511
487 582
487 978
488 619
488 834
488 888
489 716
489 750
490 559
490 717
490 724
490 909
490 943
490 958
491 853
491 863
491 979
492 522
492 539
492 992
493 561
493 607
494 561
494 960
495 706
495 820
496 750
496 792
497 516
497 687
497 734
498 682
498 853
498 863
499 700
499 854
499 986
500 548
500 727
500 764
500 813
500 893
501 584
501 844
501 923
502 633
502 655
502 721
503 703
503 707
503 885
503 901
504 541
504 574
504 601
504 859
505 549
505 642
506 647
506 939
506 991
507 575
508 896
508 938
509 905
509 959
510 571
510 775
511 860
511 978
512 636
512 658
512 725
512 970
513 521
514 688
514 745
514 762
515 535
515 627
515 776
516 740
517 692
518 576
518 783
519 715
519 726
519 868
519 884
520 714
520 841
520 989
521 568
521 919
522 650
523 854
523 977
524 595
524 768
524 963
525 544
525 572
525 804
525 964
525 968
526 805
527 676
527 733
529 562
529 797
530 672
530 755
530 913
531 747
531 990
532 940
533 839
534 549
534 761
534 807
535 627
536 568
536 880
536 919
537 734
537 740
537 954
538 651
538 767
538 789
538 986
539 648
539 723
539 992
540 667
540 788
540 946
540 980
541 601
541 625
541 810
542 547
542 649
542 720
542 795
543 953
544 804
544 843
545 640
545 696
545 730
545 861
546 635
546 671
546 864
546 911
547 795
547 806
548 567
548 629
548 893
549 642
549 747
549 761
549 973
550 806
550 999
551 615
551 879
551 926
553 780
553 805
554 691
554 722
555 581
555 586
556 612
556 756
556 836
556 935
557 628
557 855
558 600
558 897
558 931
559 830
559 943
560 608
560 712
560 930
560 933
561 607
561 856
562 797
563 619
563 715
563 793
563 927
564 840
564 845
564 917
565 976
565 984
566 643
566 679
566 894
567 628
567 629
567 893
568 805
568 880
568 919
569 717
569 724
569 729
570 666
570 772
570 798
571 621
571 814
571 990
572 804
572 964
573 802
574 641
574 859
575 689
576 760
576 783
576 857
576 914
577 699
577 774
577 965
578 598
578 634
578 865
578 922
578 954
579 625
579 701
579 988
580 661
580 875
581 586
581 860
582 855
583 594
583 664
583 709
583 773
583 877
584 637
584 844
584 906
584 923
585 620
585 623
585 766
585 983
586 663
586 883
587 654
587 831
587 942
588 766
589 719
589 728
589 746
589 945
590 644
590 661
591 811
591 844
591 938
592 921
592 998
593 606
593 630
593 847
594 773
594 892
595 670
595 768
596 851
597 867
597 887
597 895
598 912
598 954
599 693
599 711
599 997
600 897
601 810
601 859
602 652
602 778
602 848
602 969
603 741
603 752
603 817
603 821
604 994
605 691
605 695
605 719
605 737
606 644
606 738
607 645
607 856
608 768
608 962
609 681
610 686
610 825
611 653
611 655
612 882
613 789
614 801
614 872
614 889
614 932
615 808
615 879
615 926
616 754
616 838
616 914
617 643
617 684
617 819
617 866
617 952
619 793
619 886
619 888
620 766
620 900
621 803
621 814
622 743
622 912
622 956
623 784
623 858
623 983
624 662
625 685
625 924
625 988
626 875
628 629
628 796
628 855
630 847
630 980
631 807
631 923
632 636
632 662
632 683
632 758
633 655
633 668
633 697
633 721
634 865
634 922
635 671
635 688
635 745
636 658
636 662
637 641
637 906
638 699
638 771
638 998
639 862
639 909
639 943
640 663
640 861
640 883
642 747
643 673
643 866
643 894
644 738
645 856
646 800
647 722
647 991
648 723
648 781
649 720
649 782
651 789
651 944
651 986
652 794
653 713
653 902
653 929
654 796
654 942
655 697
656 999
658 864
658 970
659 742
659 851
659 936
660 949
661 884
662 784
663 852
663 883
663 971
664 668
664 709
664 877
665 700
665 915
666 751
667 754
667 946
668 721
669 873
670 759
671 688
671 911
672 755
672 832
673 866
673 894
673 928
674 749
674 776
675 903
675 910
675 966
676 733
677 812
677 822
677 939
677 991
680 800
680 921
681 713
682 853
683 732
683 758
684 819
684 862
685 924
685 988
686 729
686 887
687 734
687 811
689 845
689 917
690 706
690 822
690 904
690 939
691 737
692 832
693 823
694 738
694 837
694 941
695 719
695 737
695 995
696 730
698 732
698 815
699 771
699 850
699 876
700 854
700 986
701 823
701 988
701 996
702 959
703 707
703 907
704 706
704 820
704 865
705 746
705 900
706 820
706 904
707 907
708 752
708 976
710 908
711 997
712 933
713 929
714 940
714 989
715 793
715 868
716 750
716 786
717 724
717 958
718 765
718 782
718 826
718 951
719 728
720 787
720 967
723 781
723 828
724 729
724 830
725 799
725 829
726 868
726 884
727 813
727 833
727 893
727 993
728 945
729 887
730 861
731 895
734 828
736 817
736 982
737 995
738 934
738 941
739 836
739 935
739 950
741 816
741 817
741 821
742 832
742 936
743 870
743 912
744 978
744 994
745 762
745 842
745 942
746 900
748 945
749 905
749 959
750 792
751 880
751 890
752 821
753 827
753 908
755 832
755 913
755 948
756 760
756 801
756 935
757 913
759 770
759 838
761 973
762 942
764 796
765 782
767 937
767 986
769 835
770 871
770 918
770 975
771 850
771 974
772 798
772 878
772 985
773 877
774 936
774 965
776 809
777 790
777 825
777 827
778 794
778 929
778 969
779 785
779 974
780 899
781 794
781 828
783 834
783 882
784 791
784 983
785 921
785 974
786 860
786 972
787 967
787 977
788 934
788 946
788 980
789 944
790 849
791 911
791 983
792 831
793 868
793 886
794 929
795 806
796 855
797 813
797 833
798 872
798 878
799 829
800 898
800 981
801 889
801 935
802 972
803 816
804 843
804 899
804 962
806 937
808 824
809 846
812 991
813 833
817 982
818 869
819 952
820 865
822 904
822 939
823 988
826 902
826 951
826 969
827 895
829 863
832 948
833 993
835 891
835 955
836 901
836 935
838 914
840 845
843 899
844 906
844 938
845 917
847 886
847 980
848 870
848 969
850 876
850 903
850 974
852 971
853 863
853 979
854 967
854 986
861 883
862 909
864 911
864 970
866 928
866 952
867 895
869 926
872 878
872 932
872 961
873 881
874 891
874 916
874 953
876 903
878 961
878 985
878 987
880 890
881 933
885 901
886 888
889 919
891 955
892 896
893 993
894 913
897 931
898 953
898 981
902 929
902 951
902 969
905 959
906 938
907 927
909 943
909 958
910 966
910 995
911 983
915 931
925 977
928 948
929 969
930 964
932 961
933 956
934 941
934 946
936 965
938 992
939 991
949 971
960 963
960 975
961 987
964 968
967 986
984 997
985 987
514 410
163 345
828 447
63 374
106 720
939 621
720 72
270 637
188 395
93 478
683 749
618 735
355 194
290 821
82 604
655 569
786 415
281 529
873 203
940 492
540 502
765 543
577 270
455 349
605 718
60 452
720 690
651 461
799 733
183 714
159 702
345 690
445 505
111 228
527 247
523 353
198 531
280 789
689 261
581 314
777 185
732 672
389 246
181 324
112 499
647 801
544 2
850 458
891 512
223 258
137 549
154 831
568 636
327 172
416 688
460 919
306 882
92 501
588 464
804 238
252 615
138 197
467 229
217 649
664 436
140 156
548 242
132 676
67 555
48 473
296 492
191 505
295 635
734 495
762 776
59 579
146 242
389 634
244 90
657 772
707 741
299 689
226 601
792 687
254 669
360 875
425 972
587 815
865 627
521 704
173 572
968 542
756 165
457 72
529 97
538 720
97 663
170 651
760 225
622 118
837 255
963 365
174 533
94 435
476 255
595 604
443 193
259 309
309 627
421 10
512 739
248 805
590 969
559 256
792 811
358 602
380 918
394 521
127 411
908 602
679 313
924 646
817 885
803 128
443 526
577 286
82 380
720 801
226 825
563 480
438 762
167 517
514 166
388 948
518 223
404 25
162 390
649 687
394 978
642 308
499 700
231 164
686 639
410 917
621 852
610 925
276 186
191 735
248 464
898 418
889 596
1 473
267 137
607 478
309 89
877 348
362 149
740 635
703 672
375 524
869 438
735 186
320 679
238 148
688 232
509 378
201 319
255 147
722 177
821 292
844 483
282 686
528 994
909 576
220 241
472 505
340 910
406 668
648 958
369 693
322 965
318 798
320 259
246 536
571 179
575 832
178 441
136 820
726 906
913 385
561 664
521 312
151 509
489 112
690 158
496 392
140 217
179 147
228 526
595 249
589 18
868 710
440 470
312 454
321 732
410 355
310 913
403 750
630 22
513 37
202 629
206 821
505 245
227 570
372 200
31 546
474 639
565 454
850 290
707 387
486 6
504 320
726 134
791 537
495 813
954 549
412 89
318 332
25 625
264 725
629 713
846 776
219 351
447 569
761 815
258 778
51 402
453 445
644 828
274 470
350 419
384 542
358 555
612 380
151 660
436 659
606 455
575 943
156 178
162 306
260 230
577 553
388 707
369 94
315 203
594 119
575 686
747 383
344 297
180 220
616 506
75 639
847 339
587 172
518 833
544 383
477 855
702 836
558 543
834 750
879 560
477 871
147 725
557 276
182 357
477 963
203 603
356 495
673 532
410 195
102 648
162 603
493 759
633 354
289 659
292 578
482 23
868 528
172 833
462 302
511 285
565 966
838 502
705 926
382 663
243 918
762 114
641 783
247 640
623 133
661 127
783 386
402 275
430 227
535 343
715 547
426 837
528 393
541 982
666 799
405 845
800 660
763 339
716 865
315 603
394 862
660 711
766 660
6 489
799 580
218 629
182 749
601 319
778 902
264 554
402 145
921 354
779 117
871 593
728 94
946 287
349 252
297 857
631 924
786 602
343 205
324 303
394 98
641 224
622 527
710 351
632 966
818 138
600 866
224 903
889 689
405 956
882 322
808 264
294 399
509 602
376 303
967 381
738 456
710 48
622 253
630 77
370 978
108 516
36 347
770 704
897 642
616 599
452 670
356 236
748 511
133 174
744 431
557 715
81 337
232 209
370 44
528 637
352 445
506 94
472 342
13 430
753 585
713 460
704 330
662 635
138 307
700 760
270 393
764 264
889 486
637 96
157 586
313 50
196 217
614 347
259 186
337 894
21 494
941 580
711 953
759 840
678 428
566 886
574 121
803 196
454 889
540 943
422 455
836 827
871 800
609 296
212 131
609 630
490 551
943 314
562 300
853 845
570 353
619 218
503 838
463 485
518 785
323 383
455 98
356 908
185 554
302 350
82 735
781 230
357 667
455 650
163 493
738 836
532 546
568 734
44 634
488 481
372 811
85 707
672 108
488 925
288 924
99 743
495 213
110 608
200 382
922 248
423 103
450 980
293 264
354 770
574 85
450 589
734 856
828 600
598 663
847 540
942 474
411 300
393 80
799 404
280 415
438 411
937 551
765 297
260 878
949 422
537 742
72 265
851 691
506 358
713 580
78 753
966 673
358 337
301 217
747 899
794 711
381 575
820 207
113 322
225 424
70 665
764 558
486 161
605 172
385 590
899 308
430 61
135 463
273 95
111 687
691 823
162 686
89 276
331 821
733 214
559 564
633 589
561 382
243 680
641 280
337 854
990 422
189 839
635 203
882 267
781 849
661 72
538 113
539 480
295 893
706 176
360 652
482 186
114 668
405 804
787 647
299 729
337 528
626 295
188 339
723 747
620 902
224 103
802 638
763 197
954 396
709 612
797 466
900 625
15 583
824 263
252 831
289 331
469 114
296 57
370 248
532 175
329 479
837 663
662 323
979 572
719 237
607 784
648 53
913 472
489 338
804 481
63 516
357 750
904 491
179 859
541 129
912 540
186 186
561 994
842 591
471 529
142 573
803 791
100 767
908 344
86 243
711 501
585 588
263 846
671 883
350 938
429 40
268 248
179 875
844 639
66 322
924 709
431 172
756 495
207 560
688 101
267 921
739 732
325 417
642 404
594 39
506 938
124 598
130 722
838 152
629 170
474 688
122 581
210 730
532 664
433 613
501 877
663 226
387 320
591 851
806 150
723 632
276 490
39 417
672 388
517 81
889 337
673 55
760 359
314 114
41 660
431 563
561 855
531 591
739 544
791 259
43 365
857 306
775 801
927 594
836 713
205 200
669 731
201 276
441 72
665 858
491 640
408 175
700 437
480 728
485 783
601 61
496 993
312 489
109 799
153 846
604 819
585 212
460 830
901 255
631 445
338 736
443 791
670 153
365 373
117 253
82 523
693 134
517 114
236 272
530 853
536 613
412 229
508 490
738 269
879 450
797 214
980 606
735 362
829 315
242 779
888 281
876 515
256 653
420 773
236 450
148 481
533 928
467 782
104 534
857 178
969 338
915 664
634 754
858 224
678 549
697 650
363 718
294 364
243 289
316 579
377 479
47 594
499 435
601 509
302 239
433 306
780 273
326 871
430 853
155 269
594 78
22 377
650 267
324 700
309 950
531 435
446 553
205 363
538 73
539 787
382 558
41 494
926 273
401 895
360 400
982 377
558 26
302 670
753 858
594 430
492 601
554 407
762 874
364 61
877 177
185 417
497 81
698 510
807 301
235 77
645 893
188 657
74 308
834 376
415 583
916 444
870 255
515 515
714 280
55 295
392 827
593 888
210 861
400 615
44 321
47 511
77 458
418 899
39 611
657 300
601 956
311 175
430 546
571 817
851 807
629 324
344 150
243 420
731 423
62 699
308 765
456 608
499 149
418 654
342 603
212 678
900 661
340 95
143 434
652 746
271 324
784 753
314 277
463 847
667 677
779 738
556 158
271 742
86 627
168 815
899 396
514 646
984 496
733 581
551 325
616 656
373 387
908 740
814 170
304 437
467 200
317 551
116 370
777 345
433 395
824 562
729 287
882 417
733 763
452 744
444 375
172 632
929 431
596 773
961 600
146 351
415 732
213 698
646 861
759 324
923 489
182 791
237 846
882 718
389 847
443 257
819 737
207 588
378 179
774 505
866 610
931 513
540 204
246 194
288 555
653 38
646 249
490 461
204 836
427 192
374 891
352 168
289 144
222 149
178 300
591 403
354 126
515 427
556 59
260 206
85 352
801 373
108 413
692 304
369 853
101 212
207 713
247 367
225 860
707 777
543 293
819 819
511 758
686 704
378 287
356 970
259 102
302 783
815 494
652 193
330 948
269 577
619 827
768 378
161 324
381 417
234 496
140 531
324 839
974 422
117 749
566 617
746 699
501 724
692 69
125 651
62 534
132 263
351 843
380 765
616 428
224 299
37 454
619 885
199 154
754 407
610 679
871 740
652 531
497 259
522 968
365 430
831 176
888 745
177 200
852 662
658 517
753 791
89 548
583 902
830 872
645 843
11 401
666 817
819 715
865 684
520 262
752 141
194 869
261 287
65 432
732 160
897 324
460 257
815 517
480 615
822 839
816 342
384 448
533 409
348 621
668 170
733 876
174 405
107 284
404 507
395 724
707 406
309 312
698 726
950 328
485 234
313 929
595 645
816 662
768 920
426 337
646 446
604 191
613 84
929 371
193 169
717 884
238 314
801 333
726 476
926 339
857 751
681 505
577 771
827 784
285 432
950 512
696 188
532 455
265 64
562 770
264 759
102 249
948 638
426 627
612 752
774 591
249 332
138 493
852 826
837 356
193 302
481 301
649 361
527 296
677 447
435 948
95 311
327 627
649 612
860 768
769 523
668 617
750 472
302 422
431 490
953 438
781 446
792 360
377 789
131 518
188 604
562 143
415 393
643 629
392 60
938 389
93 682
316 814
606 802
446 239
275 163
423 704
450 25
898 760
998 456
875 778
571 52
210 113
439 126
519 469
717 212
223 887
41 679
415 531
525 16
493 46
383 343
896 547
