1000 2962 10
80 47 40 80 87 15 52 38 30 72 91 15 13 36 78 99 66 2 11 79 8 88 99 17 27 11 11 87 91 54 63 19 95 87 10 18 88 35 14 64 62 71 79 37 97 12 57 97 96 50 87 77 88 100 79 13 47 74 29 48 30 44 61 44 24 82 49 54 16 62 56 50 70 75 66 62 6 65 10 26 93 26 71 29 11 23 71 34 44 4 8 7 17 89 98 100 95 69 51 22 55 30 86 87 39 64 7 4 4 52 24 54 1 6 23 42 2 81 57 13 40 68 66 78 15 1 71 68 99 7 62 30 48 91 35 53 7 38 17 67 32 32 37 42 12 66 7 59 31 76 70 73 57 4 47 49 9 63 94 25 72 24 70 46 86 8 84 95 67 18 28 5 27 11 39 19 6 68 67 49 55 49 86 33 6 18 32 41 31 80 100 22 92 5 56 25 63 21 67 56 71 90 50 93 22 38 53 92 89 85 70 44 91 12 2 44 71 26 78 5 51 56 77 33 66 72 30 88 84 21 56 86 2 18 25 65 84 91 88 50 68 6 22 54 67 32 89 12 81 57 1 44 94 67 23 4 29 41 86 71 82 50 60 84 16 12 64 16 58 60 1 39 31 8 28 72 91 79 84 42 1 69 87 82 52 25 73 77 10 64 66 3 99 13 9 80 56 26 77 67 33 5 76 9 9 91 45 72 23 49 36 15 17 9 11 16 72 81 72 78 28 88 13 15 70 61 88 95 89 1 6 68 60 9 15 38 42 65 76 57 12 71 87 56 2 17 68 53 97 12 11 14 83 36 33 90 69 82 38 28 78 81 71 82 5 42 45 29 59 20 37 33 11 91 94 46 93 49 27 82 97 49 10 48 52 8 65 74 46 54 55 26 31 94 12 79 2 69 36 32 30 33 96 78 8 43 76 39 66 55 91 99 87 89 26 99 40 51 42 65 47 18 63 1 14 55 43 7 60 80 17 34 39 57 66 58 63 59 96 88 33 46 93 43 45 35 67 71 67 4 68 35 80 1 60 77 11 72 74 51 73 38 7 19 52 18 98 68 51 45 19 27 38 53 96 76 11 14 66 25 53 69 26 36 20 42 66 36 35 26 87 18 75 58 86 62 24 18 75 20 56 66 99 81 66 66 67 20 89 95 22 79 61 8 36 5 87 83 80 28 72 20 96 74 4 35 1 22 4 62 99 86 26 40 51 2 88 15 18 1 74 49 16 17 98 32 67 41 39 23 53 29 36 73 23 90 35 10 78 35 12 50 4 63 6 80 85 40 58 24 92 45 6 56 66 46 50 2 68 55 92 14 43 59 99 60 98 9 32 76 37 25 17 72 36 14 95 39 26 7 46 47 74 8 98 4 15 22 42 24 33 58 39 15 98 81 52 61 25 45 75 24 19 35 82 91 68 51 27 77 67 59 53 90 76 26 20 16 57 66 48 65 37 53 74 86 65 28 90 38 19 98 50 96 88 100 40 73 19 63 91 32 88 85 34 54 5 5 11 83 71 69 8 44 10 99 61 18 61 89 19 9 99 47 15 13 22 44 24 95 65 33 96 57 1 53 69 80 15 89 82 2 100 47 94 90 92 43 25 30 70 84 13 99 15 33 45 29 61 69 79 60 6 50 61 65 2 73 69 2 14 41 3 14 66 46 18 20 46 20 3 33 36 38 56 58 58 35 18 38 69 20 30 86 97 59 9 91 93 44 92 19 89 30 48 10 24 49 8 40 58 28 71 13 49 18 49 69 57 28 68 26 92 18 41 87 5 89 80 35 59 52 66 68 64 57 49 28 37 32 30 60 57 12 63 43 60 46 88 79 24 56 46 81 69 41 76 49 29 62 39 72 96 22 43 35 62 7 62 36 10 69 50 76 100 19 64 97 80 42 58 65 38 63 69 24 80 10 4 68 11 24 28 9 67 83 66 93 10 52 57 1 16 34 35 95 36 96 13 16 4 27 35 98 21 54 74 29 48 78 28 66 12 65 89 97 49 25 82 75 74 46 87 40 52 5 32 51 11 66 18 1 58 33 49 54 92 96 44 12 72 12 35 80 12 26 48 62 45 55 67 72 92 63 84 9 87 82 22 97 78 62 69 77 89 24 16 92 18 34 68 90 73 27 2 57 2 65 61 92 100 4 21 49 8 75 97 85 78 54 39 14 71 61 96 68 1 85 75 68 14 28 31 38 78 75 82 34 27 99 68 37 18 15 23 54 78 26 90 73 99 77 92 85 20 20 20 91 84 12
0 142
0 254
0 258
0 297
0 431
1 72
1 213
1 267
1 269
1 296
1 331
1 616
1 694
2 266
2 361
2 437
2 561
2 622
2 735
2 787
2 919
3 100
3 170
3 171
3 549
3 652
3 699
3 722
3 747
4 172
4 208
4 257
4 530
4 628
5 65
5 87
5 190
5 205
5 792
5 827
5 902
6 141
6 335
6 519
6 555
6 632
6 748
7 33
7 163
7 770
8 124
8 279
8 286
8 350
8 789
8 977
9 44
9 48
9 553
9 607
9 795
9 993
10 117
10 334
10 485
10 813
10 918
10 995
11 13
11 105
11 196
11 357
11 483
12 108
12 654
12 671
12 695
12 838
12 925
13 105
13 191
13 283
13 375
13 483
13 532
13 734
13 767
14 34
14 106
14 280
14 436
14 465
14 557
15 477
15 499
15 659
15 850
15 862
16 238
16 248
16 442
16 809
16 840
16 946
17 83
17 207
17 357
17 532
17 545
17 579
17 660
18 414
18 438
18 494
18 498
18 611
18 742
18 758
18 990
19 44
19 162
19 507
19 581
19 993
20 268
20 273
20 304
20 333
20 448
20 922
21 42
21 609
21 626
21 776
22 79
22 143
22 321
22 535
22 753
22 924
22 980
23 558
23 560
23 573
23 814
23 895
23 930
24 150
24 502
24 526
24 601
24 859
25 48
25 149
25 299
25 720
25 725
25 795
26 33
26 274
26 564
26 849
27 47
27 109
27 253
27 567
27 754
27 822
27 997
28 121
28 182
28 741
28 907
28 912
28 938
29 30
29 226
29 411
29 562
29 750
30 31
30 38
30 226
30 388
30 750
30 845
31 38
31 300
31 388
31 474
32 61
32 163
32 524
32 564
32 706
32 991
33 131
33 163
33 274
33 564
33 770
33 965
34 106
34 396
34 436
34 470
34 761
35 140
35 289
35 484
35 520
35 677
35 974
36 73
36 127
36 299
36 359
36 765
37 54
37 234
37 605
37 684
37 896
37 992
38 474
38 537
38 845
38 907
39 60
39 230
39 865
39 871
39 994
40 107
40 164
40 451
40 773
40 887
41 147
41 400
41 495
41 934
42 221
42 396
42 447
42 454
42 609
42 761
42 776
43 117
43 261
43 355
43 509
43 586
43 712
43 848
43 969
44 581
44 607
44 944
44 993
45 79
45 407
45 753
45 942
46 68
46 71
46 214
46 369
46 716
46 877
46 923
47 77
47 253
47 592
47 822
47 936
48 725
48 795
48 837
48 993
49 211
49 260
49 461
49 493
49 717
50 95
50 126
50 188
50 587
50 934
51 63
51 650
51 982
51 986
51 994
52 183
52 309
52 416
52 540
52 672
52 987
53 386
53 518
53 642
53 826
54 622
54 896
54 919
54 992
55 251
55 349
55 688
55 726
55 785
55 791
55 797
55 921
55 984
56 217
56 289
56 327
56 676
56 768
56 799
57 301
57 393
57 639
57 640
57 733
58 265
58 453
58 478
58 721
58 827
58 902
59 158
59 189
59 450
59 880
59 939
60 250
60 420
60 559
60 871
60 994
61 163
61 706
61 770
61 789
61 870
62 285
62 657
62 751
62 772
62 942
63 469
63 559
63 986
63 994
64 137
64 150
64 304
64 526
64 847
64 962
65 69
65 87
65 190
65 275
65 516
65 602
66 360
66 371
66 401
66 492
66 576
66 587
67 336
67 512
67 814
67 860
67 895
68 201
68 348
68 612
68 781
68 877
68 923
69 87
69 275
69 635
69 915
69 941
70 259
70 263
70 381
70 428
70 736
70 829
70 920
71 348
71 369
71 498
71 739
71 742
71 877
71 990
72 167
72 197
72 213
72 590
72 694
73 92
73 127
73 170
73 359
73 407
73 852
73 897
74 290
74 343
74 347
74 500
74 909
74 916
75 78
75 224
75 319
75 374
75 865
76 259
76 654
76 695
76 837
76 844
77 822
77 830
77 869
77 936
78 177
78 206
78 319
78 345
78 865
78 906
79 657
79 753
79 924
79 942
80 391
80 443
80 462
80 537
80 592
80 794
80 842
81 174
81 368
81 457
81 482
81 485
81 884
81 889
82 165
82 423
82 723
82 766
82 801
82 823
83 179
83 207
83 216
83 579
84 430
84 525
84 581
84 805
84 851
84 857
84 944
85 183
85 500
85 515
85 800
85 966
85 987
86 174
86 537
86 696
86 764
86 794
86 907
87 356
87 672
87 792
87 915
88 210
88 472
88 595
88 689
88 759
88 821
88 841
89 201
89 220
89 533
89 678
89 766
89 885
90 361
90 437
90 554
90 919
90 992
91 162
91 513
91 543
91 618
91 927
91 951
91 985
92 186
92 246
92 359
92 407
92 753
93 147
93 400
93 658
93 774
93 779
93 796
93 874
94 187
94 377
94 455
94 856
94 948
94 970
95 188
95 492
95 587
95 686
95 700
95 775
96 416
96 430
96 569
96 687
96 704
96 802
97 154
97 214
97 264
97 390
97 535
97 733
97 980
97 999
98 185
98 379
98 380
98 536
98 769
98 839
98 873
98 891
98 945
99 219
99 490
99 503
99 589
99 708
99 858
100 549
100 747
100 786
100 957
101 112
101 179
101 223
101 563
101 583
101 956
102 312
102 544
102 646
102 680
102 744
102 876
102 947
103 122
103 164
103 212
103 384
103 528
103 773
104 129
104 232
104 314
104 378
104 481
104 788
104 979
104 988
105 180
105 196
105 585
105 767
106 324
106 557
106 761
107 164
107 570
107 825
107 887
108 310
108 507
108 809
108 838
108 925
109 125
109 253
109 443
109 754
109 932
110 140
110 707
110 752
110 869
110 974
111 152
111 377
111 637
111 861
111 948
112 399
112 563
112 583
112 831
113 305
113 351
113 496
113 542
113 574
114 156
114 284
114 329
114 434
114 566
114 604
114 634
114 740
114 820
115 563
115 593
115 730
115 956
116 154
116 200
116 311
116 352
116 651
116 999
117 261
117 334
117 598
117 813
117 969
118 193
118 225
118 255
118 317
118 701
118 908
119 293
119 403
119 606
119 668
119 724
119 862
120 121
120 313
120 334
120 598
120 610
121 182
121 313
121 610
121 696
121 912
122 212
122 384
122 705
123 271
123 441
123 463
123 614
123 968
124 279
124 350
124 396
124 470
124 609
125 150
125 391
125 443
125 784
125 932
125 962
126 147
126 188
126 625
126 934
127 765
127 852
128 503
128 769
128 858
128 890
128 905
129 269
129 314
129 331
129 597
129 788
130 171
130 538
130 541
130 686
130 699
130 700
131 645
131 770
131 870
131 965
132 424
132 439
132 517
132 627
132 864
133 145
133 157
133 231
133 473
133 890
134 326
134 363
134 556
134 666
134 667
135 160
135 265
135 408
135 433
135 453
135 721
135 989
136 405
136 424
136 506
136 517
136 894
137 304
137 325
137 448
137 847
138 280
138 284
138 557
138 630
138 820
138 832
139 210
139 418
139 603
139 689
139 913
140 484
140 830
140 869
140 974
141 204
141 335
141 418
141 519
141 615
141 881
142 258
142 431
142 867
142 952
142 963
143 535
143 639
143 733
143 924
144 252
144 392
144 892
144 938
145 231
145 435
145 833
145 890
146 234
146 266
146 609
146 622
146 626
146 866
146 896
147 400
147 625
147 796
147 934
148 272
148 281
148 404
148 707
148 728
148 752
149 299
149 635
149 765
149 795
149 852
149 941
150 391
150 526
150 601
150 962
151 309
151 387
151 633
151 636
151 818
152 255
152 377
152 501
152 861
152 908
153 195
153 382
153 404
153 504
153 511
153 591
153 728
153 973
154 264
154 352
154 999
155 317
155 472
155 649
155 701
155 939
156 284
156 371
156 401
156 604
157 231
157 307
157 473
157 551
158 189
158 212
158 670
158 705
158 883
158 939
158 964
159 167
159 211
159 451
159 638
159 717
159 762
159 887
160 408
160 433
160 959
161 465
161 584
161 619
161 631
161 991
162 310
162 507
162 513
162 525
162 543
162 581
163 564
163 770
164 528
164 570
164 773
165 423
165 496
165 542
165 723
166 220
166 438
166 582
166 739
166 781
167 213
167 590
167 638
167 762
168 569
168 632
168 641
168 802
168 835
169 243
169 292
169 631
169 706
169 789
169 933
170 549
170 722
170 852
170 897
171 538
171 652
171 699
171 714
172 177
172 257
172 319
172 628
173 329
173 487
173 586
173 810
173 848
173 996
174 482
174 764
174 794
174 889
174 955
175 307
175 320
175 357
175 425
175 886
175 926
176 180
176 196
176 218
176 307
176 886
177 203
177 257
177 319
177 906
178 403
178 512
178 573
178 714
178 814
179 207
179 216
179 223
179 956
180 196
180 218
180 410
180 585
180 692
181 281
181 404
181 431
181 511
181 656
181 998
182 256
182 313
182 432
182 938
183 449
183 515
183 672
183 987
184 416
184 430
184 540
184 851
185 308
185 380
185 435
185 755
185 891
186 246
186 359
186 720
186 737
187 459
187 534
187 856
187 948
188 541
188 625
188 686
188 772
189 599
189 880
189 883
189 931
190 478
190 516
190 718
190 827
191 375
191 532
191 583
191 831
192 250
192 588
192 673
192 803
192 828
192 855
193 225
193 358
193 908
194 399
194 730
194 791
194 817
194 921
194 967
195 363
195 504
195 591
195 666
195 729
196 357
196 886
197 452
197 590
197 629
197 694
198 228
198 248
198 442
198 452
198 618
198 629
198 951
199 301
199 393
199 414
199 489
199 494
199 611
199 816
199 968
200 311
200 468
200 651
200 698
200 716
200 878
200 923
201 220
201 612
201 698
201 766
201 781
202 292
202 332
202 436
202 465
202 584
202 798
203 206
203 257
203 683
203 899
203 906
204 335
204 418
204 947
205 449
205 453
205 515
205 792
205 902
206 345
206 899
206 906
207 223
207 532
208 257
208 308
208 522
208 530
208 873
208 891
209 398
209 596
209 712
209 848
210 418
210 615
210 689
210 841
211 413
211 461
211 717
211 762
212 528
212 705
212 964
213 267
213 638
213 954
213 976
214 369
214 390
214 640
214 716
214 733
215 237
215 238
215 727
215 806
215 809
216 382
216 389
216 579
216 644
216 903
216 956
217 662
217 676
217 768
217 790
217 930
218 231
218 307
218 692
218 755
219 247
219 287
219 354
219 690
219 708
219 858
220 575
220 582
220 678
220 781
221 340
221 454
221 495
221 774
221 776
222 625
222 657
222 658
222 732
222 772
223 532
223 583
224 270
224 319
224 341
224 374
224 628
224 650
225 317
225 358
225 518
226 388
226 562
226 745
227 373
227 384
227 451
227 954
227 976
228 248
228 402
228 629
228 694
228 978
229 262
229 386
229 455
229 642
229 970
230 345
230 365
230 865
230 871
231 307
231 755
231 833
232 314
232 378
232 456
232 481
232 623
232 843
233 367
233 406
233 719
233 836
233 849
233 900
234 350
234 609
234 684
234 896
235 440
235 534
235 544
235 637
235 913
235 948
236 288
236 445
236 502
236 514
236 526
236 898
237 521
237 523
237 727
237 743
237 806
238 806
238 809
238 840
239 306
239 372
239 387
239 744
239 854
240 241
240 531
240 561
240 816
240 853
240 863
241 531
241 554
241 693
241 863
241 868
242 375
242 417
242 571
242 734
242 780
242 872
243 631
243 706
243 991
244 290
244 343
244 372
244 726
244 854
244 940
244 967
245 422
245 466
245 595
245 615
245 881
246 321
246 737
246 753
247 476
247 548
247 589
247 690
247 708
247 864
248 442
248 840
248 978
249 323
249 342
249 426
249 617
249 645
249 763
249 782
249 819
249 972
250 420
250 803
250 855
250 871
251 726
251 817
251 921
251 940
252 392
252 395
252 432
252 444
252 938
253 443
253 592
254 258
254 265
254 297
254 749
255 501
255 701
255 908
256 313
256 432
256 509
256 617
256 819
257 522
257 683
258 265
258 643
258 783
258 953
258 963
259 654
259 829
259 844
259 920
260 493
260 663
260 679
260 717
260 825
260 904
261 586
261 813
261 879
262 455
262 486
262 642
262 661
262 910
263 370
263 385
263 428
263 578
263 736
264 321
264 352
264 737
264 824
264 980
265 408
265 478
265 643
265 721
265 749
266 622
266 735
266 866
267 616
267 917
267 929
267 935
267 976
268 333
268 506
268 894
268 922
269 296
269 331
269 402
269 597
270 341
270 410
270 530
270 628
270 647
271 441
271 463
271 639
271 732
271 874
271 924
272 281
272 328
272 344
272 446
272 656
272 752
272 952
273 282
273 397
273 448
273 480
273 922
274 429
274 719
274 849
274 965
275 549
275 602
275 852
275 941
276 379
276 490
276 536
276 548
276 589
277 339
277 486
277 621
277 661
277 856
278 332
278 789
278 798
278 977
279 470
279 977
280 465
280 557
280 577
280 832
281 404
281 656
282 325
282 421
282 448
282 480
283 624
283 685
283 734
283 767
283 928
284 371
284 630
284 820
285 541
285 699
285 722
285 751
285 772
286 350
286 605
286 684
286 789
286 992
287 354
287 710
287 858
287 950
288 445
288 562
288 898
289 303
289 327
289 520
289 572
289 676
289 677
290 343
290 593
290 916
290 967
291 329
291 367
291 406
291 415
291 566
291 634
291 810
292 584
292 631
292 798
292 933
293 403
293 560
293 573
293 662
293 668
294 484
294 675
294 677
294 884
294 936
295 328
295 446
295 505
295 888
296 402
296 694
297 431
297 471
297 749
297 998
298 367
298 566
298 577
298 619
298 820
298 832
298 836
299 359
299 720
299 765
300 330
300 388
300 474
300 502
300 745
301 369
301 393
301 414
301 640
302 518
302 588
302 882
302 899
302 949
303 572
303 600
303 676
303 888
303 930
304 333
304 448
304 784
304 962
305 351
305 496
305 521
305 523
305 547
305 757
306 372
306 646
306 726
306 744
306 797
307 320
307 551
307 886
308 530
308 692
308 755
308 891
309 416
309 636
309 818
309 966
309 987
310 507
310 513
310 580
310 809
310 946
311 352
311 370
311 468
311 578
312 646
312 760
312 797
312 876
313 509
313 598
313 969
314 331
314 378
314 623
314 665
315 376
315 571
315 621
315 780
315 785
315 834
316 326
316 458
316 682
316 702
316 971
316 983
317 518
317 701
317 939
318 360
318 371
318 447
318 630
319 628
320 425
320 551
321 737
321 753
321 980
322 427
322 430
322 687
322 704
322 857
322 943
322 981
323 645
323 870
323 972
324 447
324 557
324 630
324 761
325 421
325 445
325 448
325 514
325 847
326 458
326 556
326 667
326 983
327 368
327 529
327 675
327 677
327 799
328 446
328 505
328 867
328 952
329 491
329 634
329 740
329 810
329 996
330 502
330 562
330 745
330 898
331 616
331 665
332 436
332 798
332 977
333 405
333 506
333 508
333 565
333 731
333 784
333 932
334 482
334 485
334 598
334 610
335 632
335 641
335 680
335 947
336 512
336 652
336 747
336 860
337 346
337 394
337 461
337 608
337 958
338 425
338 551
338 682
338 937
338 950
338 983
339 621
339 688
339 856
339 984
340 626
340 774
340 776
340 778
340 866
341 647
341 650
341 685
342 426
342 655
342 804
342 972
343 636
343 854
343 909
344 446
344 520
344 572
344 752
344 974
345 365
345 653
345 865
345 899
346 394
346 555
346 748
346 943
346 958
347 433
347 500
347 875
347 893
347 916
347 989
348 739
348 781
348 877
349 362
349 440
349 459
349 797
349 984
350 609
350 684
351 574
351 594
351 757
351 815
351 914
352 370
352 428
352 824
353 427
353 543
353 608
353 927
353 958
353 985
354 424
354 681
354 690
354 710
355 509
355 712
355 819
356 672
356 697
356 851
356 915
357 483
357 545
357 660
357 886
357 926
357 975
358 518
358 703
358 908
359 720
360 371
360 447
360 587
360 934
361 437
361 554
361 561
361 863
362 440
362 760
362 797
362 876
363 556
363 666
363 729
364 547
364 757
364 961
364 979
364 988
365 550
365 653
365 871
366 528
366 570
366 599
366 808
366 883
367 406
367 566
367 836
368 457
368 529
368 675
368 884
369 414
369 640
369 990
370 428
370 578
371 401
371 630
372 726
372 854
373 384
373 705
373 917
373 976
374 650
374 865
374 982
375 734
375 831
375 872
376 756
376 780
376 785
376 791
377 908
377 948
377 970
379 490
379 536
379 839
380 435
380 769
380 905
381 523
381 736
381 743
381 829
382 511
382 579
382 644
382 711
382 973
383 504
383 707
383 729
383 793
383 822
383 869
384 451
384 705
384 773
385 423
385 496
385 523
385 578
385 736
385 801
386 518
386 642
386 703
386 970
387 633
387 636
387 744
387 854
388 745
389 471
389 903
389 956
389 959
389 998
390 651
390 716
390 999
391 443
391 462
391 601
392 411
392 444
392 750
392 892
393 463
393 639
393 968
394 461
394 493
394 555
394 679
395 432
395 444
395 655
395 804
396 470
396 609
396 761
397 421
397 476
397 480
397 627
397 771
397 922
398 596
398 712
398 763
398 782
398 811
399 563
399 730
399 756
399 791
399 831
400 495
400 774
401 576
401 604
401 659
402 597
402 694
402 978
403 538
403 573
403 714
403 850
403 862
404 511
404 728
405 424
405 506
405 565
405 681
406 415
406 709
406 719
407 753
407 897
407 942
408 471
408 749
408 959
409 417
409 469
409 527
409 571
409 986
410 530
410 585
410 647
410 692
411 444
411 750
412 488
412 668
412 724
412 790
412 879
413 461
413 510
413 608
413 762
413 927
414 611
414 990
415 487
415 709
415 810
416 430
416 540
416 569
416 818
416 835
417 527
417 571
417 734
417 928
418 544
418 615
418 913
418 947
419 425
419 667
419 901
419 926
419 975
420 486
420 559
420 621
420 803
421 445
421 476
421 480
422 466
422 595
422 599
422 808
422 931
423 496
423 801
424 517
424 681
424 690
424 864
425 551
425 667
425 926
425 983
426 432
426 617
426 655
427 543
427 943
427 958
427 981
428 713
428 824
428 920
429 709
429 719
429 782
429 960
429 965
430 704
430 851
430 857
431 656
431 952
431 998
432 617
432 655
432 938
433 875
433 959
433 989
434 477
434 604
434 606
434 740
435 755
435 833
435 890
435 905
436 465
436 470
436 977
437 919
438 693
438 739
438 742
438 758
438 868
439 476
439 627
439 771
439 864
440 459
440 534
440 544
440 876
441 614
441 715
441 846
441 874
442 580
442 946
442 951
443 592
444 804
444 972
445 514
445 562
446 572
446 888
447 454
447 495
447 630
447 761
447 934
449 515
449 672
449 792
450 759
450 880
450 939
451 638
451 773
451 887
451 954
452 510
452 590
452 618
452 629
453 515
453 721
453 800
453 902
453 989
454 495
455 661
455 856
455 970
456 479
456 542
456 664
456 815
456 843
456 911
457 485
457 529
457 918
458 556
458 691
458 731
458 971
459 534
459 856
459 984
460 588
460 642
460 826
460 828
460 882
460 910
461 493
461 608
462 537
462 601
462 859
463 639
463 968
464 592
464 842
464 884
464 889
464 955
465 577
465 584
465 619
466 497
466 519
466 648
466 808
466 881
467 674
467 812
467 860
467 895
467 953
468 578
468 766
468 878
469 559
469 571
469 834
469 986
470 977
471 749
471 959
471 998
472 649
472 759
472 821
472 939
473 551
473 858
473 890
473 950
474 502
474 537
474 859
475 620
475 715
475 778
475 787
475 846
476 548
476 771
476 864
477 604
477 606
477 659
477 862
478 643
478 718
478 827
479 533
479 575
479 664
479 807
479 823
481 594
481 843
481 914
481 988
482 485
482 610
482 764
483 532
483 660
484 677
484 830
484 936
485 918
486 621
486 661
486 673
486 803
486 910
487 596
487 709
487 810
487 811
487 848
488 768
488 790
488 813
488 879
488 995
489 561
489 614
489 620
489 816
489 968
490 503
490 589
490 839
491 606
491 724
491 740
491 996
492 499
492 576
492 587
492 775
493 679
494 611
494 758
494 816
494 853
495 774
495 934
496 523
496 542
497 519
497 555
497 648
497 663
497 679
498 742
498 990
499 576
499 659
499 775
499 850
500 800
500 893
500 909
500 966
501 603
501 649
501 689
501 701
501 821
501 861
502 526
502 859
502 898
503 769
503 839
503 858
504 707
504 728
504 729
505 738
505 867
505 888
506 894
507 838
507 993
508 731
508 754
508 932
508 997
509 819
509 969
510 590
510 618
510 762
510 927
511 644
511 998
512 652
512 714
512 814
513 580
513 951
514 526
514 847
515 800
516 602
516 669
516 718
517 627
517 894
517 922
518 703
518 826
518 882
519 555
519 881
520 572
520 974
521 523
521 547
521 806
521 961
522 683
522 873
523 736
523 743
524 564
524 900
524 991
525 543
525 581
525 857
525 981
526 847
527 685
527 928
527 986
528 570
528 670
528 883
528 964
529 799
529 918
530 628
530 692
531 693
531 758
531 853
532 583
532 660
533 766
533 807
533 823
533 885
534 948
535 733
535 980
536 945
537 794
537 859
537 907
538 700
538 714
538 775
538 850
539 545
539 579
539 711
539 901
539 975
540 672
540 851
541 686
541 699
541 772
542 574
542 723
542 815
542 911
543 981
543 985
544 876
544 913
544 947
545 579
545 975
546 595
546 759
546 880
546 931
547 757
547 961
548 589
549 602
549 669
549 852
549 957
550 653
550 855
550 871
550 949
551 950
552 643
552 669
552 674
552 718
552 783
552 786
553 607
553 635
553 697
553 795
553 915
554 863
554 868
554 992
555 679
555 748
556 613
556 691
556 729
556 793
557 630
558 600
558 777
558 895
558 930
559 621
559 834
559 994
560 573
560 662
560 930
561 620
561 787
561 816
561 863
562 745
562 898
563 730
563 956
564 849
564 900
565 681
565 731
565 971
566 634
566 820
567 613
567 691
567 822
567 997
568 633
568 641
568 680
568 744
568 818
569 802
569 835
570 746
570 808
570 825
570 904
571 780
571 834
572 888
573 814
574 815
575 582
575 678
575 807
576 659
577 619
577 832
578 766
578 801
579 711
580 946
580 951
581 944
583 831
584 631
585 624
585 647
585 767
586 848
586 879
586 996
587 934
588 828
588 855
588 882
588 949
589 708
590 762
591 666
591 711
591 901
591 973
592 842
592 884
592 936
593 730
593 875
593 916
593 956
593 967
594 815
594 843
594 914
595 615
595 759
595 841
595 931
596 811
596 848
597 788
597 978
598 969
599 808
599 883
599 931
600 777
600 888
600 930
601 859
602 669
603 689
603 861
603 913
604 659
605 684
605 992
606 724
606 740
606 862
607 697
607 805
607 944
608 927
608 958
609 626
610 696
610 764
612 698
612 923
613 691
613 793
613 822
614 620
614 846
614 968
615 841
615 881
616 665
616 929
616 935
617 819
618 927
618 951
619 836
619 900
619 991
620 787
620 846
621 688
621 785
621 834
622 896
622 919
623 665
623 929
624 647
624 685
624 767
625 658
625 772
625 796
626 776
626 866
627 771
627 922
629 694
631 991
632 641
632 748
632 802
633 744
633 818
635 795
635 915
635 941
636 854
636 909
636 966
637 861
637 913
637 948
638 954
639 733
639 924
640 733
641 680
641 818
641 835
642 826
642 910
643 718
643 783
644 903
644 998
645 782
645 870
645 960
645 965
646 744
646 797
647 685
648 663
648 746
648 808
649 701
649 821
650 685
650 982
650 986
651 716
651 999
652 714
652 747
653 899
653 949
654 671
654 695
654 829
655 804
656 952
657 732
657 772
657 924
657 942
658 732
658 796
658 874
661 856
662 668
662 790
662 930
663 679
663 746
663 904
664 823
664 911
665 929
666 667
666 901
667 901
667 983
668 724
668 790
669 718
669 786
669 957
670 883
670 964
671 743
671 829
671 925
672 792
672 851
673 803
673 828
673 910
674 783
674 786
674 860
674 953
675 677
675 884
676 930
678 807
678 885
680 744
680 947
681 702
681 710
681 971
682 702
682 937
682 983
683 873
683 899
683 945
685 928
685 986
686 700
687 704
687 748
687 802
687 943
688 785
688 984
689 821
690 864
691 731
691 997
692 755
693 758
693 868
695 837
695 838
696 764
696 907
696 912
697 805
697 851
697 915
698 766
698 878
698 923
699 722
700 775
702 710
702 937
702 971
703 908
703 970
705 917
705 929
706 789
706 991
707 728
707 752
707 869
709 719
709 782
709 811
710 937
710 950
711 901
711 973
712 763
712 819
712 848
713 720
713 725
713 737
713 824
713 844
713 920
715 774
715 778
715 779
715 846
715 874
716 923
717 825
717 887
719 849
720 725
720 737
722 751
722 897
723 823
723 911
724 879
724 996
725 837
725 844
726 797
726 940
727 743
727 809
727 925
729 793
730 967
731 971
731 997
732 874
732 924
734 928
735 778
735 787
735 866
737 824
738 777
738 812
738 867
738 888
738 963
739 742
739 781
741 750
741 845
741 892
741 907
741 938
743 829
743 925
746 808
746 904
747 786
747 860
748 802
748 943
750 845
750 892
751 897
751 942
752 974
754 932
754 997
755 833
756 780
756 791
756 831
756 872
757 914
757 988
758 853
759 880
759 939
760 797
760 876
763 782
763 819
765 852
766 801
766 823
766 878
768 790
768 799
768 918
768 995
769 839
769 905
770 870
774 778
774 779
775 850
777 812
777 888
777 895
778 787
778 866
779 874
780 872
782 811
782 960
783 953
784 932
784 962
785 791
786 860
786 957
788 961
788 978
788 979
789 798
789 933
789 977
791 921
793 822
794 842
794 955
798 933
799 918
800 893
800 989
804 972
805 851
805 944
806 840
806 961
806 978
807 885
809 925
809 946
812 895
812 953
812 963
813 879
813 995
814 895
815 843
816 853
817 921
817 940
817 967
818 835
820 832
822 869
823 911
825 887
825 904
826 882
827 902
828 910
830 869
830 936
831 872
836 900
837 838
837 844
837 993
838 993
840 978
842 955
844 920
845 907
849 900
850 862
852 941
855 871
855 949
856 984
857 981
858 890
858 950
860 895
861 913
865 982
865 994
867 952
867 963
868 992
870 972
873 891
873 945
875 916
875 956
875 959
879 996
880 931
884 889
884 936
889 955
890 905
892 938
893 989
894 922
897 942
899 949
900 991
901 975
903 998
907 912
908 970
909 966
914 988
917 929
917 976
918 995
919 992
926 975
927 985
929 935
937 950
940 967
943 958
953 963
954 976
956 959
960 965
961 978
961 979
966 987
979 988
982 994
466 435
477 936
933 565
626 514
91 342
475 560
308 752
875 198
968 410
546 712
613 231
229 389
583 779
217 400
868 378
704 407
534 835
283 383
892 732
536 747
349 99
891 482
710 648
595 393
466 102
580 680
844 219
424 198
627 118
587 15
570 57
546 63
891 240
855 202
900 389
494 292
620 643
982 513
564 72
72 479
352 902
810 492
888 455
670 206
530 729
688 621
820 750
451 231
572 707
385 836
759 477
124 448
409 616
39 645
980 542
205 554
571 308
808 680
461 523
210 892
84 495
908 218
712 553
124 466
414 102
525 574
766 432
605 443
818 791
538 607
639 787
863 759
457 907
632 608
350 560
82 400
601 753
453 249
57 409
708 629
493 156
565 218
710 854
313 408
475 723
404 586
563 153
501 606
189 809
783 850
972 584
461 789
658 641
809 533
145 652
715 475
385 696
746 703
107 237
182 179
597 511
298 447
270 660
317 935
584 946
211 371
871 397
331 889
563 783
441 175
452 296
163 695
275 467
666 897
757 336
307 492
725 752
642 214
89 747
663 335
623 173
613 156
314 950
834 619
939 432
430 137
763 495
610 628
168 232
525 935
683 484
841 180
274 123
202 276
347 263
412 515
309 143
400 81
828 354
208 744
461 282
277 759
478 411
773 655
648 59
185 277
931 507
791 511
443 341
574 654
430 110
345 627
135 726
380 356
717 730
110 798
784 371
219 279
243 922
396 899
401 501
881 305
487 764
889 213
314 907
697 879
856 851
423 905
338 708
933 292
628 569
656 480
76 355
709 253
556 178
253 323
200 331
55 364
641 400
303 430
176 340
422 380
653 131
420 604
416 667
130 273
659 668
171 648
732 502
233 863
501 546
237 438
56 536
78 733
277 513
363 319
218 351
468 870
493 845
844 665
748 770
794 825
922 342
32 361
266 724
451 562
27 401
287 404
94 318
719 218
209 774
400 844
298 942
435 934
795 720
570 839
344 415
593 321
188 317
227 182
815 857
851 489
763 568
275 416
107 391
63 728
563 26
389 952
505 871
99 626
56 467
187 301
595 989
824 249
943 489
191 672
453 47
594 839
555 844
304 611
927 641
952 652
200 452
919 275
287 567
264 807
676 666
209 139
526 860
756 139
67 519
254 548
674 66
454 205
467 450
119 741
693 124
67 325
497 448
623 764
358 834
661 234
100 594
664 782
705 709
449 488
928 533
454 963
336 108
509 931
131 364
800 610
466 352
347 65
829 212
555 600
133 164
130 575
952 353
952 405
850 354
440 358
366 34
185 406
799 359
688 528
994 452
235 210
448 13
541 309
318 550
779 279
921 315
630 355
496 255
507 375
494 918
428 450
823 304
618 660
529 47
833 683
4 536
555 353
396 97
641 890
279 618
234 301
134 308
379 618
540 789
710 779
251 639
659 157
552 980
175 520
306 239
89 783
801 425
80 379
249 303
705 685
426 734
813 120
842 421
401 56
331 257
549 286
481 374
737 291
501 35
517 949
929 356
356 159
613 200
283 721
604 467
386 789
273 258
156 566
868 516
129 401
763 91
328 576
489 329
38 428
387 773
382 535
849 794
197 619
961 446
661 917
698 752
429 777
256 184
695 187
491 631
257 353
70 708
642 643
785 436
948 606
224 629
366 297
608 902
33 467
281 870
805 282
549 249
835 734
681 777
795 400
289 596
375 970
99 415
222 441
215 501
130 680
572 976
127 191
148 256
624 804
355 380
418 270
357 941
669 827
78 655
317 620
549 36
378 452
782 731
459 142
641 40
827 664
377 803
711 64
913 425
309 52
756 186
272 491
807 512
765 388
506 907
658 390
427 347
317 167
786 261
669 620
413 479
169 459
155 356
629 23
638 290
417 825
859 706
760 262
398 663
182 447
241 730
295 326
93 517
390 17
261 827
688 864
285 155
276 302
727 110
425 761
657 752
804 206
421 689
441 405
686 83
388 514
725 350
156 273
912 375
952 578
922 768
255 105
216 648
837 604
513 830
456 159
698 43
416 14
509 357
831 447
372 67
441 581
189 872
384 910
468 848
437 538
837 474
124 626
697 943
569 242
327 230
188 633
53 584
386 818
487 138
820 640
513 195
878 325
280 814
553 440
724 796
148 466
926 405
416 461
138 801
210 248
511 83
874 585
235 78
715 369
497 526
773 905
346 40
631 968
580 209
245 390
480 266
584 224
104 564
747 240
627 268
864 639
147 184
705 312
737 431
364 813
886 684
824 486
678 878
313 803
876 747
719 419
385 559
141 749
499 73
173 205
407 309
505 391
328 136
544 760
383 181
683 171
443 833
395 380
620 441
489 786
437 66
424 570
537 554
289 124
35 677
306 789
515 324
616 869
67 303
625 837
868 254
465 749
450 85
171 435
299 910
573 258
130 341
937 659
260 408
762 871
189 648
740 676
89 229
530 127
683 447
312 359
431 643
689 506
695 908
451 766
233 687
295 368
219 835
620 884
181 115
586 549
27 494
246 274
543 503
533 664
961 634
319 781
361 257
849 388
569 381
130 492
607 369
913 614
467 10
291 473
858 241
329 177
787 314
394 225
311 655
369 691
312 872
176 479
519 340
628 374
678 912
818 881
745 417
838 325
699 797
324 392
499 805
493 740
837 866
267 445
895 318
175 368
685 255
758 459
28 546
175 154
439 861
352 331
479 208
338 510
656 950
227 808
734 226
519 917
641 177
250 857
549 374
472 117
556 559
188 742
754 367
988 480
695 333
519 693
410 810
926 473
590 179
874 698
798 805
384 249
863 618
232 791
491 983
711 122
472 828
844 309
875 606
164 538
953 541
537 996
165 399
754 527
908 501
275 70
97 366
487 864
816 410
903 301
313 729
319 635
771 311
545 646
338 593
188 690
408 921
802 652
807 708
325 678
80 597
522 493
370 397
809 158
276 633
146 392
303 825
131 776
115 422
749 745
618 475
17 450
607 773
731 81
447 391
727 584
779 547
735 391
260 381
127 591
606 337
330 827
737 919
516 987
350 307
324 302
640 309
558 538
264 914
596 794
446 615
80 545
555 459
527 244
569 323
510 275
796 874
343 814
298 668
295 192
291 243
51 289
972 475
159 417
700 492
392 723
189 552
192 757
241 159
367 221
153 331
944 679
477 908
585 758
587 146
502 671
767 794
659 513
699 468
108 760
291 220
74 689
406 714
340 969
922 253
435 307
194 164
780 226
268 210
336 358
711 202
643 720
653 448
851 576
797 753
373 859
529 537
809 228
627 677
449 512
663 554
715 881
659 305
617 713
266 590
580 827
424 331
381 289
294 500
342 202
779 596
777 680
197 435
904 564
645 806
667 695
521 406
878 799
715 325
613 72
901 776
604 807
300 633
532 32
318 843
601 484
367 742
429 470
613 43
678 567
459 329
693 647
400 178
157 302
230 486
633 906
927 693
197 831
240 628
872 425
423 858
746 173
574 177
596 639
740 827
188 381
603 293
146 226
872 179
254 74
728 538
347 923
853 531
710 442
869 493
547 397
883 536
835 558
198 490
856 824
784 182
528 462
409 139
188 537
576 498
894 576
563 914
966 343
620 299
231 518
466 580
387 267
518 164
564 667
786 532
252 609
951 334
568 286
416 555
691 843
358 719
82 529
743 69
482 692
587 864
789 893
280 849
563 819
747 270
764 220
536 419
637 235
619 409
682 930
893 659
265 534
342 650
727 164
804 340
155 781
416 244
730 875
674 714
345 864
29 621
484 542
48 549
610 788
460 267
243 454
825 339
170 288
157 504
349 673
825 273
584 734
567 761
137 209
545 863
216 796
513 179
674 953
623 731
597 72
857 599
415 76
716 234
837 233
702 423
457 671
583 624
903 673
316 600
45 513
150 596
456 736
190 227
487 111
580 446
172 727
693 392
936 627
245 130
73 446
904 525
492 402
972 650
438 268
840 140
59 487
227 466
92 283
816 568
355 510
246 655
839 781
751 792
669 251
216 859
261 792
20 597
270 884
525 219
777 865
232 341
360 871
528 380
539 199
181 261
113 280
631 55
395 547
305 126
579 421
966 523
650 574
477 30
11 433
838 263
319 326
466 539
371 425
336 847
165 250
33 378
582 92
102 704
357 575
74 569
722 904
607 133
211 707
641 940
514 624
347 538
429 988
597 256
954 562
636 753
242 533
314 89
796 780
776 627
577 807
278 322
438 811
182 424
445 993
575 360
233 843
405 160
938 309
778 467
462 984
480 246
275 240
634 73
120 821
269 562
564 622
690 595
412 752
503 710
80 243
532 820
266 703
172 664
14 507
229 231
486 814
467 391
532 444
401 935
532 183
314 463
583 527
406 787
382 469
803 190
585 885
412 124
513 425
280 929
824 191
381 596
286 526
839 643
657 184
118 669
307 218
783 91
354 359
481 305
294 346
418 959
948 387
545 882
591 910
725 680
444 750
100 432
302 261
170 586
444 785
142 445
399 602
624 940
416 534
859 736
886 275
989 579
547 730
102 470
613 258
693 285
388 203
409 414
740 728
