1000 2962 10
53 6 67 79 52 6 15 97 83 92 52 36 7 39 17 83 48 71 2 96 41 76 72 70 27 66 88 66 56 21 57 8 67 11 69 52 70 66 43 52 14 88 42 77 44 65 43 95 54 32 4 32 18 88 57 75 21 69 39 6 75 11 32 12 67 100 25 71 29 34 70 84 68 35 90 45 84 40 24 74 61 78 87 61 17 23 54 91 22 46 18 84 97 32 52 59 56 82 82 52 61 63 15 96 28 62 53 79 84 16 62 67 46 76 40 3 6 4 84 24 81 7 22 68 17 5 43 99 35 76 88 36 43 64 96 53 95 38 51 99 64 36 43 73 30 94 68 6 21 2 80 9 63 77 57 24 86 69 57 54 13 78 42 89 42 84 51 90 97 94 59 14 53 86 3 53 70 24 89 54 81 74 91 15 10 86 58 78 79 2 68 57 53 92 12 74 86 46 4 98 88 28 38 82 90 6 9 34 54 51 86 10 5 57 3 53 12 7 13 83 52 63 94 94 31 10 61 90 31 5 85 47 31 57 20 40 54 41 14 20 18 59 28 95 24 48 14 48 71 73 32 34 50 90 100 93 29 67 39 31 45 21 70 28 78 41 50 17 49 73 10 70 80 96 35 51 95 96 78 72 7 92 16 76 43 83 56 11 12 5 30 63 33 52 39 46 55 64 20 88 36 1 14 93 80 91 89 41 65 82 68 29 92 69 84 13 60 69 49 85 47 60 35 23 93 13 52 23 19 14 62 71 76 98 74 93 94 5 27 73 36 71 70 16 100 39 31 36 81 97 13 27 40 50 68 48 92 53 56 48 51 56 26 10 92 47 63 54 91 14 2 63 85 94 43 13 70 76 88 76 39 31 28 3 41 17 28 16 16 64 30 37 75 76 13 63 75 63 18 98 88 32 60 86 78 60 20 71 65 67 30 56 1 60 11 73 36 33 80 29 14 94 45 85 71 19 76 70 13 82 68 4 45 71 15 18 58 64 39 27 15 93 47 78 76 91 43 96 40 45 76 57 66 1 94 95 36 9 78 39 34 66 29 50 74 58 10 17 58 95 48 22 27 20 9 73 46 36 80 22 88 33 51 21 23 93 98 51 16 88 3 35 95 94 12 76 36 82 20 80 88 74 25 51 56 1 28 97 67 42 53 37 54 10 5 80 61 37 2 22 59 34 17 5 44 55 85 86 63 39 2 97 89 81 33 84 72 92 42 66 82 14 42 48 62 2 41 60 38 72 31 51 100 78 15 17 9 62 32 59 93 56 81 44 51 96 65 25 59 63 83 43 17 46 73 13 6 34 18 50 32 34 27 20 54 5 5 55 56 25 73 80 40 34 18 42 66 56 99 25 74 70 91 98 41 15 12 16 15 60 85 5 5 33 9 44 21 47 78 26 84 79 57 15 25 80 24 34 28 39 30 38 6 18 11 85 16 96 69 48 11 46 83 13 99 22 19 46 92 80 30 29 51 54 3 8 35 6 60 90 97 98 99 66 57 64 28 88 54 13 77 48 54 75 71 96 28 47 25 72 45 28 46 78 8 26 40 78 44 43 6 82 82 6 76 75 25 41 15 51 7 20 69 52 66 34 58 67 51 42 87 77 10 33 52 27 24 14 26 95 34 7 1 60 16 68 96 32 11 55 86 48 67 56 91 13 53 27 24 71 90 53 56 4 13 33 53 49 73 21 20 31 76 57 36 50 91 48 33 85 28 77 5 42 83 47 27 48 75 26 44 27 21 58 33 89 61 90 26 89 37 60 69 35 15 37 24 96 56 50 91 96 91 94 26 98 12 30 71 6 53 44 46 95 93 34 58 2 93 66 80 51 88 84 92 31 11 66 37 88 92 42 65 39 83 45 9 91 49 54 88 91 82 31 38 63 33 57 30 70 82 44 12 68 85 60 11 3 29 36 65 92 37 94 43 62 43 77 24 15 29 35 20 8 57 85 99 78 7 19 14 90 11 30 72 13 100 68 94 42 15 85 33 41 72 28 23 15 80 70 87 35 73 100 77 13 18 70 90 99 49 33 61 97 30 43 3 39 65 53 89 71 84 41 6 6 16 55 64 68 47 22 66 34 82 15 13 76 28 73 83 39 69 15 32 65 46 64 38 74 45 47 3 80 33 39 92 26 43 80 1 9 73 30 12 75 15 25 86 46 74 86 7 66 58 11 30 76 24 12 66 38 16 53 23 79 82 98 30 35 89 71 53 33 99 10 42 24 25 51 70 40 73 22 85 95 77 19 80 4
0 5
0 94
0 453
0 482
0 677
1 8
1 219
1 256
1 748
1 757
1 770
1 896
2 34
2 50
2 221
2 420
2 592
3 195
3 264
3 279
3 384
3 478
3 708
4 39
4 154
4 661
4 696
4 923
4 953
5 240
5 315
5 482
5 568
5 677
5 691
6 325
6 607
6 611
6 712
6 965
7 22
7 62
7 226
7 262
7 660
7 792
8 219
8 251
8 339
8 361
8 615
8 748
9 73
9 79
9 184
9 404
9 411
9 700
10 223
10 234
10 624
10 635
10 647
10 723
11 321
11 537
11 819
11 827
11 934
12 261
12 620
12 753
12 875
12 946
12 988
13 209
13 258
13 435
13 557
13 591
13 736
13 781
14 335
14 419
14 465
14 495
14 669
14 670
14 698
15 29
15 170
15 192
15 354
15 874
16 155
16 499
16 550
16 600
16 636
16 637
17 23
17 65
17 226
17 470
17 838
17 904
18 334
18 460
18 797
18 873
18 937
18 995
19 396
19 456
19 551
19 739
19 847
19 893
20 255
20 257
20 385
20 479
20 483
20 839
21 102
21 271
21 409
21 606
21 759
21 785
21 955
22 262
22 424
22 509
22 604
22 660
22 872
23 55
23 111
23 402
23 665
23 838
23 847
23 904
24 343
24 582
24 830
24 845
24 931
25 122
25 284
25 451
25 757
25 800
26 395
26 770
26 793
26 800
26 885
26 925
26 943
27 408
27 546
27 560
27 572
27 594
28 115
28 450
28 559
28 724
28 784
28 875
29 170
29 859
29 874
30 175
30 253
30 528
30 834
30 982
31 87
31 142
31 403
31 679
31 860
32 92
32 314
32 342
32 690
32 983
33 270
33 432
33 543
33 894
34 50
34 211
34 221
34 371
34 648
34 871
35 121
35 149
35 165
35 402
35 687
35 979
36 230
36 250
36 394
36 448
36 802
37 248
37 289
37 434
37 511
37 707
38 400
38 501
38 635
38 695
38 728
39 246
39 506
39 661
39 696
39 713
40 53
40 104
40 207
40 296
40 475
41 379
41 602
41 629
41 662
41 842
42 188
42 363
42 469
42 517
42 556
42 583
42 682
43 82
43 129
43 645
43 679
43 860
43 957
44 158
44 319
44 323
44 362
44 367
44 500
44 968
45 190
45 740
45 848
45 925
45 943
45 949
46 118
46 339
46 615
46 769
47 127
47 427
47 434
47 613
47 926
48 88
48 229
48 522
48 629
48 761
48 776
48 932
49 288
49 416
49 505
49 571
49 640
49 900
49 935
50 105
50 269
50 592
50 648
51 73
51 378
51 466
51 618
51 882
51 892
52 205
52 235
52 468
52 513
52 536
52 667
52 680
53 104
53 162
53 207
53 809
53 936
54 236
54 503
54 566
54 735
54 888
54 901
54 971
55 62
55 111
55 226
55 474
55 838
56 222
56 356
56 603
56 639
56 670
56 721
56 984
57 372
57 530
57 626
57 726
57 825
58 77
58 103
58 397
58 570
58 617
59 177
59 436
59 487
59 803
59 824
60 85
60 222
60 335
60 670
60 861
60 915
60 948
61 113
61 214
61 439
61 587
61 813
61 879
62 226
62 345
62 474
62 641
62 792
63 198
63 672
63 744
63 919
63 939
64 201
64 317
64 343
64 540
64 624
64 723
64 741
64 822
65 226
65 286
65 470
65 897
66 505
66 640
66 673
66 738
66 828
67 288
67 350
67 571
67 760
67 795
68 168
68 598
68 606
68 627
68 778
68 991
69 183
69 412
69 524
69 752
69 798
69 849
70 126
70 199
70 470
70 585
70 807
70 831
70 883
71 119
71 143
71 377
71 685
71 834
71 913
72 243
72 257
72 329
72 464
72 686
72 729
73 303
73 404
73 618
73 700
73 882
74 173
74 398
74 484
74 889
74 941
74 987
75 147
75 369
75 476
75 674
75 692
75 796
75 970
76 268
76 444
76 544
76 830
76 845
76 863
77 165
77 307
77 397
77 570
77 979
78 267
78 325
78 388
78 607
78 815
78 895
79 184
79 411
79 531
79 545
80 429
80 655
80 745
80 762
80 914
81 447
81 552
81 630
81 761
81 787
81 932
82 129
82 306
82 645
82 764
82 919
83 146
83 488
83 599
83 614
83 960
84 131
84 157
84 252
84 290
84 375
84 710
85 191
85 502
85 915
85 948
86 177
86 407
86 439
86 487
86 813
86 829
87 142
87 679
87 818
87 915
87 962
88 522
88 932
88 959
88 967
89 193
89 320
89 458
89 602
89 657
89 842
90 356
90 406
90 554
90 603
90 732
90 818
91 559
91 658
91 875
91 884
91 988
92 197
92 690
92 983
92 985
93 457
93 646
93 790
93 809
93 886
93 936
94 217
94 274
94 453
94 482
95 259
95 452
95 652
95 711
95 780
96 179
96 230
96 341
96 529
96 548
96 755
97 247
97 264
97 332
97 480
97 708
97 837
97 878
98 185
98 846
98 855
98 992
99 283
99 309
99 465
99 555
99 856
99 997
100 180
100 266
100 407
100 813
100 877
100 975
101 279
101 310
101 384
101 387
101 699
101 903
102 160
102 409
102 606
102 778
103 570
103 617
103 832
103 958
104 296
104 374
104 763
104 936
105 124
105 202
105 269
105 328
105 370
105 592
105 938
106 168
106 265
106 336
106 558
106 627
106 866
107 252
107 290
107 366
107 560
107 620
107 742
107 753
107 898
107 973
107 978
108 280
108 336
108 381
108 702
108 929
109 233
109 327
109 481
109 520
109 526
109 545
109 941
110 330
110 605
110 740
110 754
110 848
111 151
111 402
111 474
112 237
112 301
112 308
112 652
112 716
112 717
112 751
112 851
112 862
113 451
113 813
113 879
113 975
114 345
114 601
114 617
114 641
114 750
114 832
115 307
115 450
115 514
115 559
115 884
116 185
116 282
116 422
116 486
116 846
117 267
117 369
117 607
117 692
117 712
117 805
118 400
118 507
118 615
118 695
118 769
119 143
119 377
119 773
119 972
120 235
120 278
120 300
120 313
120 536
121 149
121 402
121 665
121 678
122 425
122 451
122 615
122 757
122 896
123 332
123 480
123 519
123 675
123 811
123 999
124 328
124 588
124 595
124 857
124 938
125 128
125 387
125 544
125 705
125 863
125 944
126 311
126 490
126 807
126 831
126 833
127 418
127 427
127 506
127 613
127 696
127 714
128 167
128 310
128 387
128 944
129 156
129 764
129 880
129 957
130 192
130 215
130 326
130 874
131 157
131 290
131 324
131 444
131 854
131 973
132 138
132 281
132 358
132 412
132 573
132 798
133 197
133 213
133 258
133 552
133 720
133 736
133 771
133 787
134 593
134 639
134 659
134 984
135 689
135 747
135 804
135 808
135 887
136 232
136 265
136 294
136 621
136 836
137 217
137 246
137 274
137 632
137 713
138 204
138 358
138 527
138 561
138 573
138 650
139 281
139 385
139 405
139 412
139 479
139 917
140 167
140 310
140 316
140 485
140 493
140 903
141 445
141 486
141 727
141 749
141 817
141 840
142 206
142 403
142 663
142 939
142 962
143 182
143 428
143 685
143 767
143 972
144 150
144 181
144 211
144 415
144 457
145 164
145 225
145 590
145 653
145 709
146 353
146 488
146 589
146 921
146 960
146 994
147 371
147 476
147 788
147 970
148 232
148 287
148 295
148 467
148 534
149 212
149 260
149 678
149 687
149 954
150 248
150 415
150 457
150 511
150 643
150 790
151 165
151 397
151 402
151 474
152 200
152 241
152 344
152 420
153 173
153 484
153 577
153 868
153 869
153 920
154 244
154 807
154 826
154 922
154 923
154 953
155 359
155 405
155 499
155 600
155 917
155 980
156 164
156 537
156 622
156 880
156 957
157 324
157 569
157 688
157 710
158 319
158 367
158 436
158 824
159 246
159 525
159 578
159 661
159 989
160 337
160 409
160 538
160 600
160 766
160 778
161 194
161 460
161 575
161 710
161 918
161 937
162 207
162 511
162 707
162 809
162 926
163 212
163 767
163 811
163 951
163 999
164 225
164 537
164 709
164 827
164 880
164 981
165 397
165 402
165 979
166 673
166 697
166 768
166 773
166 972
167 310
167 485
167 724
167 944
168 391
168 598
168 627
168 866
169 500
169 666
169 786
169 900
169 916
170 354
170 535
170 783
170 859
170 995
171 294
171 295
171 454
171 608
171 621
171 821
172 218
172 366
172 408
172 594
172 717
172 841
172 956
173 382
173 398
173 484
173 631
173 704
173 868
174 216
174 297
174 351
174 756
174 775
174 892
175 312
175 332
175 834
175 837
175 982
176 220
176 245
176 346
176 431
176 532
176 726
176 825
177 263
177 407
177 436
177 455
177 487
178 196
178 231
178 268
178 755
178 774
178 845
178 942
179 196
179 230
179 430
179 516
179 755
180 284
180 340
180 451
180 877
180 975
181 211
181 415
181 643
181 871
181 965
182 216
182 428
182 456
182 463
182 517
182 693
182 927
182 972
183 329
183 752
183 849
184 228
184 293
184 373
184 398
184 404
184 531
184 987
185 282
185 727
185 772
185 817
185 819
185 846
185 855
186 307
186 386
186 514
186 687
186 979
187 245
187 254
187 429
187 581
187 914
187 993
188 273
188 363
188 583
188 672
188 676
188 744
188 850
189 285
189 293
189 373
189 634
189 704
189 791
190 518
190 806
190 848
190 943
191 472
191 502
191 795
191 948
192 215
192 298
192 354
192 844
192 874
193 435
193 602
193 657
193 974
194 575
194 710
194 928
194 986
195 343
195 384
195 446
195 478
195 582
195 699
195 870
196 430
196 755
196 942
197 209
197 690
197 736
197 771
197 985
198 403
198 645
198 919
198 939
199 286
199 368
199 470
199 883
199 950
200 202
200 344
200 420
200 423
200 592
200 977
201 231
201 317
201 491
201 624
201 755
202 423
202 592
202 938
203 215
203 259
203 292
203 326
203 701
203 780
204 358
204 417
204 539
204 650
204 671
204 952
205 249
205 424
205 477
205 513
205 680
205 804
205 976
206 628
206 663
206 924
206 962
207 427
207 475
207 714
207 826
207 926
208 233
208 411
208 545
208 586
208 977
209 553
209 591
209 690
209 736
209 843
210 372
210 391
210 598
210 733
210 765
211 221
211 457
211 871
212 521
212 678
212 767
212 951
212 954
213 258
213 379
213 602
213 787
214 364
214 365
214 587
214 879
215 292
215 326
215 844
216 351
216 357
216 517
216 693
216 775
217 274
217 462
217 482
217 632
217 906
217 959
218 298
218 717
218 844
218 956
219 251
219 425
219 896
220 245
220 254
220 255
220 483
220 825
220 963
221 241
221 420
221 457
222 356
222 554
222 670
222 915
223 234
223 331
223 449
223 723
224 338
224 399
224 662
224 814
224 864
225 590
225 880
225 996
226 660
226 838
226 897
227 463
227 583
227 673
227 676
227 697
227 945
228 293
228 404
228 791
229 239
229 522
229 776
229 814
229 906
229 959
230 394
230 516
230 548
230 802
231 317
231 755
231 845
231 931
232 265
232 295
232 534
232 621
233 376
233 520
233 545
233 586
233 718
234 449
234 635
234 728
235 313
235 536
235 667
236 349
236 442
236 589
236 888
236 901
237 360
237 550
237 636
237 637
237 716
237 766
237 862
238 527
238 549
238 564
238 750
238 832
238 958
238 990
239 662
239 776
239 814
240 515
240 613
240 677
240 691
240 911
241 344
241 420
241 457
241 547
241 646
242 247
242 264
242 414
242 498
242 518
242 806
242 870
242 876
243 277
243 329
243 563
243 667
243 729
244 512
244 922
244 950
244 953
245 254
245 532
245 581
246 567
246 578
246 632
246 661
246 713
247 264
247 414
247 489
247 878
248 289
248 511
248 643
248 644
249 276
249 477
249 976
249 989
250 394
250 426
250 448
250 703
250 858
251 425
251 615
252 290
252 375
252 742
252 928
253 377
253 416
253 528
253 773
253 834
253 935
254 963
254 993
255 257
255 464
255 483
255 963
256 757
256 770
256 800
257 329
257 464
257 479
257 849
258 435
258 602
258 736
259 326
259 452
259 780
260 386
260 687
260 947
260 951
260 954
261 401
261 753
261 784
261 875
261 898
262 649
262 792
262 872
263 436
263 440
263 455
263 471
264 478
264 498
264 708
265 336
265 381
265 836
265 964
266 407
266 455
266 743
266 877
267 437
267 607
267 614
267 692
267 815
268 324
268 444
268 774
268 845
269 370
269 648
269 788
269 970
270 543
270 595
270 857
270 894
270 909
271 409
271 681
271 907
271 955
272 392
272 719
272 730
272 820
272 998
273 363
273 634
273 744
274 418
274 453
274 506
274 713
275 327
275 383
275 481
275 749
275 889
276 477
276 567
276 578
276 804
276 887
276 989
277 313
277 329
277 667
277 752
278 300
278 313
278 524
278 752
279 384
279 708
279 903
280 336
280 391
280 866
280 929
281 358
281 412
281 917
281 980
282 486
282 817
283 465
283 698
283 721
283 984
283 997
284 340
284 451
284 800
285 631
285 634
285 704
285 725
285 969
286 368
286 470
286 509
286 897
287 295
287 443
287 467
287 504
288 362
288 472
288 571
288 786
288 795
288 900
288 968
289 434
289 515
289 644
290 973
291 482
291 541
291 576
291 814
291 905
291 906
291 940
292 701
292 717
292 844
292 851
293 373
293 791
294 608
294 621
294 836
295 443
295 454
295 621
295 881
296 374
296 475
296 490
297 421
297 551
297 756
297 775
297 893
298 354
298 535
298 575
298 844
298 956
299 361
299 395
299 492
299 664
299 748
299 793
300 389
300 468
300 524
300 536
300 549
300 649
301 302
301 308
301 572
301 862
302 546
302 572
302 574
302 671
302 862
302 952
303 363
303 404
303 556
303 791
303 882
304 385
304 405
304 530
304 625
304 642
304 733
305 346
305 431
305 608
305 702
305 821
305 836
306 725
306 764
306 919
306 969
306 996
307 514
307 570
307 884
307 979
308 572
308 594
308 717
309 365
309 419
309 555
309 633
309 856
310 387
310 903
311 421
311 831
311 833
312 332
312 519
312 811
312 834
312 913
313 667
313 752
314 342
314 504
314 534
314 690
314 843
314 966
315 442
315 568
315 691
315 921
316 493
316 675
316 708
316 903
317 343
317 931
318 454
318 532
318 581
318 821
318 881
319 323
319 330
319 436
319 440
320 352
320 458
320 508
320 657
320 961
321 392
321 537
321 580
321 719
321 820
321 934
322 743
322 810
322 885
322 925
322 949
323 330
323 500
323 666
324 444
324 688
324 774
324 942
325 607
325 643
325 895
325 965
326 452
326 785
326 874
327 481
327 889
327 941
328 370
328 588
328 674
328 683
329 752
329 849
330 440
330 605
330 666
330 754
331 449
331 638
331 723
331 801
332 480
332 519
332 837
333 390
333 406
333 580
333 732
333 957
334 426
334 783
334 859
334 873
334 995
335 669
335 670
335 861
336 381
336 866
337 360
337 409
337 681
337 766
338 399
338 566
338 576
338 814
338 816
339 361
339 615
339 769
340 800
340 810
340 877
340 885
341 529
341 548
341 782
342 443
342 504
342 579
342 983
343 446
343 582
343 822
343 931
344 533
344 547
344 933
344 977
345 389
345 601
345 641
345 792
346 431
346 532
346 821
347 449
347 507
347 638
347 769
348 365
348 419
348 495
348 587
348 633
348 734
349 442
349 541
349 568
349 901
350 502
350 760
350 779
350 795
351 517
351 682
351 892
352 668
352 816
352 890
352 961
353 388
353 691
353 815
353 911
353 921
353 994
354 535
355 441
355 563
355 596
355 609
355 667
355 680
356 554
356 603
357 693
357 775
358 417
358 980
359 405
359 538
359 600
359 625
359 733
360 652
360 681
360 711
360 716
360 766
361 492
361 638
361 748
361 769
362 500
362 786
362 968
363 556
363 634
363 791
364 365
364 587
365 587
365 633
365 856
365 879
366 408
366 560
366 742
366 841
367 472
367 669
367 824
367 861
367 968
368 496
368 509
368 853
368 950
369 476
369 692
369 805
370 674
370 970
371 476
371 611
371 648
371 788
371 871
372 530
372 626
372 733
372 765
373 398
373 704
374 490
374 494
374 610
374 618
374 651
374 763
374 833
375 710
375 928
376 423
376 586
376 718
376 867
377 773
377 834
378 466
378 618
378 651
378 756
379 602
379 629
379 630
379 787
380 446
380 584
380 741
380 870
380 876
381 702
381 964
382 590
382 631
382 868
382 969
382 996
383 445
383 484
383 577
383 749
383 889
383 930
384 699
385 405
385 479
385 642
385 839
386 493
386 514
386 687
386 947
387 699
387 863
388 644
388 815
388 895
388 911
389 549
389 601
389 649
389 792
390 537
390 580
390 622
390 957
391 598
391 765
391 866
391 929
392 706
392 746
392 819
392 820
392 934
392 998
393 524
393 549
393 561
393 564
393 573
393 798
394 516
394 703
395 748
395 770
395 793
396 456
396 521
396 665
396 678
396 847
396 927
397 474
397 617
397 641
398 704
398 987
399 458
399 816
399 864
399 961
400 449
400 507
400 695
400 728
401 705
401 724
401 784
401 898
401 944
402 665
403 645
403 860
403 939
404 791
405 625
405 917
406 565
406 580
406 603
406 719
406 730
406 732
407 455
407 813
408 560
408 594
409 681
410 715
410 777
410 946
410 978
411 545
411 700
411 812
411 933
411 977
412 479
412 798
412 849
413 596
413 609
413 612
413 654
413 823
414 489
414 518
414 902
415 643
416 528
416 900
416 935
417 499
417 574
417 671
417 980
418 453
418 506
418 613
418 677
419 465
419 495
419 555
419 633
420 592
421 585
421 610
421 756
421 831
421 833
421 893
422 461
422 486
422 846
422 920
422 930
423 586
423 867
423 938
423 977
424 513
424 604
424 872
424 891
424 976
425 615
425 896
426 448
426 858
426 859
426 865
426 873
427 714
427 926
428 521
428 767
428 927
429 441
429 686
429 745
429 914
429 993
430 516
430 688
430 758
430 942
431 626
431 702
431 726
431 765
431 929
432 543
432 656
432 794
432 894
432 910
433 470
433 585
433 739
433 893
433 904
434 515
434 613
434 707
434 926
435 508
435 557
435 602
435 974
436 440
436 824
437 488
437 614
437 815
438 709
438 819
438 855
438 981
439 587
439 813
439 829
440 471
440 605
441 563
441 609
441 612
441 686
441 745
442 568
442 589
442 921
443 504
443 579
443 881
444 544
444 854
444 912
445 486
445 749
445 930
446 741
446 822
446 870
447 552
447 562
447 932
448 802
449 507
449 638
449 728
450 514
450 724
451 879
451 975
452 711
452 722
452 785
453 677
454 821
454 881
455 471
455 743
456 551
456 693
456 775
456 927
457 646
457 790
458 842
458 864
458 961
459 653
459 709
459 789
459 855
459 992
460 797
460 918
460 937
461 789
461 846
461 920
461 992
462 567
462 616
462 632
462 959
462 967
463 517
463 583
463 697
463 972
464 686
464 963
464 993
465 555
465 698
466 756
466 892
467 504
467 534
468 513
468 536
468 649
468 872
469 556
469 682
469 882
469 892
470 585
470 904
471 605
471 740
471 743
471 949
472 795
472 861
472 948
472 968
473 558
473 606
473 759
473 991
474 641
475 490
475 807
475 826
476 611
476 712
476 805
477 804
478 498
478 870
479 849
480 675
480 708
481 520
481 597
481 749
482 541
482 568
482 906
483 642
483 825
483 839
484 577
484 889
485 493
485 514
485 724
486 817
486 930
487 734
487 803
487 829
488 614
488 815
488 994
489 666
489 878
489 902
489 982
490 807
490 833
491 529
491 624
491 647
491 755
492 638
492 664
492 684
492 801
493 514
493 675
493 947
494 533
494 618
494 700
494 763
494 812
494 886
494 933
495 669
495 734
495 803
496 512
496 525
496 853
496 950
497 501
497 548
497 695
497 782
497 802
498 870
499 574
499 636
499 980
500 666
500 786
501 635
501 647
501 695
501 782
502 779
502 795
502 915
502 962
503 566
503 576
503 901
503 905
503 940
504 534
505 571
505 640
505 738
505 760
506 696
506 713
507 769
508 557
508 657
508 731
508 974
509 604
509 660
509 853
509 897
510 683
510 737
510 772
510 796
510 909
510 910
511 707
511 790
511 809
512 525
512 661
512 950
512 953
513 872
514 724
515 613
515 644
515 911
516 703
516 758
517 583
517 682
518 806
518 848
518 902
519 811
520 597
520 619
520 656
520 718
521 678
521 767
521 927
522 959
523 552
523 612
523 654
523 720
523 745
524 549
524 752
524 798
525 661
525 853
525 891
525 976
525 989
526 531
526 545
526 941
526 987
527 561
527 564
527 650
527 990
528 900
528 916
528 982
529 647
529 755
529 782
530 642
530 733
530 825
531 545
531 987
532 581
532 821
533 547
533 886
533 933
534 731
534 966
535 575
535 937
535 995
537 580
537 622
537 827
538 598
538 600
538 733
538 778
539 650
539 777
539 852
539 952
540 542
540 723
540 741
540 801
541 568
541 901
541 905
542 584
542 684
542 741
542 801
543 737
543 909
543 910
544 705
544 863
544 912
546 560
546 572
546 715
546 952
547 646
547 886
548 782
548 802
549 564
549 601
549 750
550 636
550 637
551 775
551 893
552 562
552 654
552 720
552 787
553 591
553 731
553 781
553 843
553 966
554 818
554 915
556 882
557 731
557 781
558 627
558 759
558 785
558 991
559 875
559 884
560 715
560 978
561 564
561 573
562 623
562 654
562 747
562 932
563 667
563 686
563 729
565 603
565 639
565 659
565 706
565 730
566 576
566 668
566 735
566 816
567 578
567 616
567 632
567 887
569 688
569 710
569 758
569 918
570 884
570 958
571 760
572 594
573 798
574 636
574 671
574 862
575 937
575 956
575 986
576 814
576 940
577 920
577 930
578 989
579 762
579 881
579 983
580 719
581 762
581 881
581 914
582 699
582 830
583 676
584 684
584 694
584 741
584 876
585 831
585 893
586 977
587 734
587 829
588 683
588 857
588 909
589 835
589 888
589 921
589 960
590 653
590 789
590 868
590 869
590 996
591 781
593 659
593 706
593 746
593 984
594 717
595 857
595 894
595 938
596 609
596 680
596 823
596 908
597 619
597 749
597 794
597 840
598 733
598 778
599 614
599 692
599 890
599 899
599 960
599 971
600 637
600 766
601 750
602 842
603 639
604 853
604 891
605 740
606 759
606 778
606 991
607 712
608 821
608 836
609 612
610 651
610 756
610 833
611 712
611 871
611 965
612 654
612 745
613 677
614 692
616 808
616 887
616 967
617 641
617 832
618 651
618 700
619 656
619 794
620 753
620 946
620 978
622 957
623 654
623 689
623 747
623 823
624 647
624 723
625 733
626 726
626 765
627 991
628 663
628 738
628 760
628 924
629 630
629 662
629 761
629 776
630 761
630 787
631 704
631 969
634 725
634 744
634 791
634 919
635 647
635 728
636 862
637 766
638 769
638 801
639 659
639 984
640 673
640 768
640 935
642 825
642 839
643 644
643 895
643 965
644 895
644 911
645 860
645 919
646 886
647 782
648 788
649 792
649 872
650 658
650 852
650 988
650 990
651 756
652 711
652 716
652 751
652 780
653 709
653 789
654 823
655 720
655 745
655 762
655 771
655 983
655 985
656 718
656 794
656 894
657 974
658 884
658 958
658 988
658 990
659 706
660 897
661 953
662 776
662 814
662 842
662 864
663 672
663 738
663 939
664 684
664 793
664 799
665 678
665 847
666 754
666 902
666 916
666 982
667 680
668 735
668 816
668 890
669 803
669 824
669 861
670 698
670 721
671 952
672 738
672 744
672 828
672 850
672 939
673 697
673 768
673 828
673 945
674 683
674 796
674 970
675 708
675 947
675 951
675 999
676 850
676 945
679 732
679 818
679 860
679 957
680 804
680 908
681 711
681 907
682 892
683 796
683 909
684 694
684 799
684 801
685 767
685 811
685 913
686 729
686 993
687 979
688 758
688 942
689 747
689 804
689 823
689 908
690 843
691 911
691 921
692 796
693 775
694 799
694 806
694 876
694 943
696 714
696 923
697 972
698 721
699 830
699 863
700 812
701 751
701 780
701 851
702 836
702 929
702 964
703 758
703 797
703 858
703 918
705 898
705 912
705 944
705 973
706 730
706 746
706 998
707 926
708 903
709 855
709 981
710 918
710 928
711 722
711 907
712 805
714 826
714 923
715 777
715 952
715 978
717 844
717 851
718 867
718 894
719 730
719 820
720 745
720 771
721 984
722 785
722 907
722 955
723 801
724 784
724 944
725 919
725 969
726 825
727 772
727 817
727 840
730 998
731 781
731 966
732 818
732 957
734 803
734 829
735 890
735 971
737 909
737 910
738 760
738 828
739 847
739 893
739 904
740 848
740 949
741 822
742 841
742 928
743 810
743 877
743 949
744 919
746 856
746 984
746 997
747 808
747 932
747 967
748 770
749 840
750 832
751 780
751 851
753 898
754 848
754 902
756 892
757 800
757 896
758 918
759 785
760 779
760 924
761 932
762 881
762 914
762 983
763 886
763 936
764 880
764 996
765 929
767 811
768 773
768 935
770 800
771 985
772 794
772 840
772 910
773 935
773 972
774 942
777 852
777 946
777 952
777 988
779 924
779 962
783 859
783 995
784 875
785 955
786 900
788 970
789 869
789 920
789 992
790 809
793 799
793 943
794 840
794 910
797 858
797 865
797 873
797 918
799 943
800 885
803 824
804 887
804 908
806 876
806 943
807 826
807 883
807 922
808 887
808 967
809 936
810 877
810 885
811 913
811 999
812 933
813 975
814 906
815 994
816 961
818 915
819 827
819 855
819 934
819 981
823 908
826 923
827 981
828 850
828 945
830 845
830 863
832 958
834 913
835 888
835 899
835 960
836 964
837 878
837 982
841 928
841 956
841 986
842 864
843 966
845 931
846 992
847 904
848 902
850 945
852 988
853 891
854 912
854 973
855 992
856 997
857 909
858 865
859 874
861 948
865 873
867 894
867 938
868 869
869 920
870 876
871 965
875 988
878 982
880 996
882 892
883 922
883 950
884 958
885 925
886 936
888 899
888 971
889 941
890 971
891 976
894 938
898 973
899 960
899 971
900 916
901 905
905 940
906 959
907 955
912 973
915 962
916 982
917 980
920 930
922 950
924 962
925 943
925 949
928 986
932 967
933 977
937 995
941 987
946 978
946 988
947 951
951 954
951 999
956 986
958 990
959 967
963 993
969 996
976 989
983 985
984 997
316 216
810 839
546 136
617 706
399 316
333 187
456 100
402 468
785 866
648 266
642 892
922 299
399 717
78 322
922 562
287 925
223 710
464 452
371 959
548 441
208 583
94 765
364 456
480 485
573 815
889 798
792 772
312 761
458 676
299 948
684 586
820 413
64 414
667 85
520 138
512 552
501 975
427 201
661 945
382 306
489 280
156 259
680 393
821 374
798 613
774 720
761 914
399 240
228 297
744 535
543 114
609 337
293 457
492 265
253 128
457 488
921 479
132 600
432 578
863 627
874 524
938 686
421 495
761 388
620 859
445 442
720 476
775 518
82 686
285 563
465 371
649 550
221 517
623 314
728 237
558 38
519 783
451 574
408 109
663 250
147 446
191 339
817 345
340 68
435 833
845 509
881 663
840 444
248 320
116 229
902 438
399 660
86 396
507 223
317 238
180 844
533 939
656 662
881 196
981 551
884 709
559 708
113 714
413 581
508 274
581 93
34 667
406 786
51 602
691 191
759 672
471 505
247 793
920 705
399 544
442 640
830 155
449 61
748 930
654 533
301 496
521 525
864 839
611 625
602 90
509 744
489 355
387 255
520 714
850 344
241 919
466 827
290 607
149 351
982 473
275 367
16 525
342 291
322 620
242 618
537 672
764 145
793 434
624 524
481 173
863 274
342 101
511 68
6 466
530 551
471 188
462 523
560 179
789 235
430 318
242 677
874 336
469 856
822 608
350 348
139 712
382 894
460 240
592 593
885 292
481 544
675 502
515 684
67 657
750 592
317 926
45 508
319 809
762 268
595 394
666 605
106 553
856 650
547 844
515 918
879 742
482 145
627 464
258 552
691 268
863 157
484 593
125 483
700 396
719 309
748 731
823 536
279 887
99 265
374 868
595 758
533 880
101 373
778 381
431 402
579 166
593 878
590 145
228 875
323 657
314 414
786 453
460 267
634 218
74 351
108 636
505 146
565 553
149 318
963 665
237 889
620 419
301 266
301 832
811 857
148 539
542 163
899 479
657 886
186 208
850 289
427 470
679 466
688 289
222 249
516 959
572 862
1 490
659 192
662 911
286 476
270 135
204 756
367 577
201 247
367 194
543 179
679 721
245 495
423 344
124 520
345 330
689 680
440 190
323 389
468 979
807 872
407 814
688 567
153 518
184 544
830 808
219 546
130 320
192 881
542 586
423 721
372 474
825 680
654 694
6 551
856 706
404 39
524 828
560 89
648 88
117 770
960 373
709 364
339 263
741 201
318 365
262 511
301 512
597 701
48 621
267 635
823 135
964 525
887 760
747 307
432 423
26 447
774 552
416 189
427 800
245 189
253 849
707 289
32 521
41 478
501 299
564 408
322 884
748 824
328 525
271 760
287 738
671 315
177 627
63 547
797 316
473 609
272 781
978 580
539 705
514 362
639 589
280 495
45 407
317 158
565 665
599 852
88 499
811 623
100 203
937 342
820 729
777 625
494 842
442 117
210 903
712 203
594 69
248 529
780 644
660 866
645 622
894 396
339 964
889 537
25 622
152 742
215 167
762 893
848 748
559 948
70 428
612 807
568 206
387 524
82 541
709 891
932 613
288 151
795 501
630 399
170 129
373 131
319 899
231 449
913 460
609 431
308 626
178 669
189 786
740 868
781 570
688 358
966 647
977 633
356 790
818 592
403 407
462 40
570 70
500 90
133 622
721 282
548 303
413 834
643 159
664 551
583 337
165 304
659 774
22 594
797 274
762 206
575 720
219 604
519 610
537 733
398 127
367 521
899 371
67 626
971 336
320 573
483 940
775 792
558 476
442 546
727 258
171 184
700 926
470 715
488 522
800 415
669 298
208 641
908 417
870 688
339 780
136 746
369 720
625 238
268 610
208 416
711 685
470 159
708 559
294 671
352 253
947 595
557 160
539 373
816 170
606 151
345 420
822 868
416 988
419 248
595 514
178 473
501 893
76 572
689 84
504 417
423 219
84 295
827 634
371 52
909 234
910 660
804 659
203 452
298 130
57 455
500 815
772 160
634 788
197 360
501 994
686 896
466 645
925 751
170 862
332 239
65 498
837 692
581 467
498 193
144 213
867 227
398 914
843 205
287 311
647 470
198 520
950 556
595 353
13 427
333 476
655 369
468 412
813 691
812 562
74 730
437 509
461 293
489 57
305 399
635 719
226 583
617 648
713 164
292 214
173 563
765 224
519 659
797 153
880 635
363 70
707 643
508 317
590 905
729 850
528 641
570 255
913 587
393 394
630 979
659 714
249 691
765 608
645 945
815 508
245 157
27 420
740 500
371 268
713 916
63 262
395 429
646 25
457 219
404 349
334 438
479 626
389 204
490 925
641 415
727 697
628 611
690 160
568 526
250 303
172 401
313 552
357 375
690 231
356 604
704 583
574 935
154 615
674 239
93 515
555 220
10 404
336 910
313 482
913 341
134 687
348 672
658 827
282 169
680 806
673 71
506 771
656 222
332 732
535 212
548 959
355 545
223 726
556 427
182 369
40 345
880 454
965 566
670 354
67 309
48 706
430 670
350 768
331 602
212 369
226 476
349 585
961 438
217 147
309 331
300 161
461 887
423 599
758 527
297 755
314 590
265 712
345 881
230 173
793 214
335 356
79 446
909 383
97 484
581 778
670 415
674 786
496 403
620 176
937 642
615 69
302 113
830 266
55 336
575 150
994 487
318 781
636 99
229 429
714 145
95 660
289 51
185 694
374 538
122 280
938 457
370 422
786 660
92 715
439 73
45 532
211 434
543 351
484 93
193 421
385 225
354 46
791 903
287 328
414 558
598 296
697 138
397 734
18 510
893 347
214 387
618 882
183 647
113 596
51 689
766 456
188 285
180 316
777 284
310 306
971 603
721 339
643 926
242 732
202 738
722 865
958 460
710 519
412 526
179 597
449 154
409 167
794 371
518 205
622 928
536 98
355 494
357 645
566 332
213 795
860 243
196 398
122 418
681 135
89 251
384 637
979 458
405 453
383 333
183 239
765 440
728 805
523 489
731 632
263 476
197 137
870 577
913 512
306 681
746 423
701 478
573 49
577 648
693 438
347 206
545 529
837 402
259 430
144 772
639 375
607 26
699 812
624 560
208 499
504 588
485 878
244 391
71 386
360 155
447 24
609 448
717 767
649 972
405 288
671 484
946 528
567 745
609 273
228 853
39 579
463 932
737 281
463 753
982 413
444 228
609 671
894 242
424 868
166 802
463 78
358 288
424 270
350 721
201 775
283 818
664 151
941 383
144 391
936 505
112 804
635 868
477 663
768 315
121 575
778 97
669 931
226 492
954 393
42 302
878 402
136 648
905 622
210 111
95 345
669 50
735 472
521 434
769 688
649 812
378 823
828 713
729 380
152 430
998 506
249 372
770 830
738 164
381 554
230 830
275 525
416 736
741 660
550 883
584 366
848 824
471 902
77 746
766 489
216 316
110 452
529 261
817 322
100 611
173 732
594 546
685 515
743 885
801 795
112 386
754 79
671 531
523 845
583 420
202 272
358 687
114 697
793 485
205 845
55 319
609 955
331 947
457 697
90 786
764 579
173 333
530 79
849 225
477 204
699 307
369 500
761 786
719 105
805 531
594 9
421 936
300 584
727 790
829 789
665 844
522 993
885 601
288 394
469 58
720 737
462 346
277 352
478 221
834 738
608 588
587 244
906 682
209 213
392 108
184 154
810 123
864 447
944 271
951 357
61 517
630 805
224 403
843 613
139 571
444 301
907 289
718 461
903 644
555 776
496 376
389 569
525 351
668 581
277 83
42 550
660 632
466 475
194 589
734 120
347 827
144 232
40 373
280 866
559 827
861 180
529 466
744 692
242 566
713 437
251 834
363 671
379 408
477 805
897 213
996 538
630 84
442 961
319 958
821 395
855 559
252 749
535 769
171 206
420 958
33 643
647 142
804 254
813 241
641 737
483 128
347 456
397 973
256 931
422 684
694 748
850 726
684 649
954 691
860 318
81 480
660 341
448 366
428 633
815 750
530 230
300 353
256 102
740 223
190 111
357 408
625 362
525 418
656 119
420 138
830 853
428 442
439 753
273 68
735 575
260 153
725 658
569 681
497 439
265 168
266 225
127 791
259 414
632 69
696 56
374 165
475 790
633 574
126 466
850 488
724 595
234 650
419 897
778 344
811 219
348 134
441 348
421 294
788 469
790 731
428 235
584 501
383 838
66 600
784 193
591 828
230 325
577 227
955 307
699 532
505 252
354 906
617 124
776 408
248 173
709 224
519 870
753 760
489 719
698 456
384 719
536 621
837 544
795 713
416 379
575 599
322 691
413 328
550 566
109 789
335 842
875 372
400 615
269 301
309 73
156 161
811 470
178 523
19 568
470 120
23 383
260 333
797 571
780 299
549 68
230 92
643 513
448 785
83 265
902 715
339 393
602 190
376 735
475 577
271 657
914 254
697 605
101 415
970 485
103 400
353 854
701 242
381 672
342 373
371 615
76 705
863 210
179 503
376 102
339 934
816 304
981 520
977 394
589 609
