1000 2962 10
20 9 98 63 26 59 39 21 90 75 37 4 50 51 24 55 11 55 37 42 15 56 58 65 72 2 34 93 51 10 67 82 29 58 76 88 16 76 98 76 74 95 28 13 80 87 58 70 68 34 9 96 81 2 93 20 7 88 45 26 93 9 82 81 55 11 70 76 79 54 48 67 72 94 17 15 39 86 22 87 56 42 63 50 76 82 33 61 38 45 54 20 18 35 41 70 11 39 49 52 30 89 89 21 51 50 74 6 21 85 26 93 46 29 73 6 13 13 83 11 5 3 76 38 12 7 73 9 85 16 94 64 35 7 75 79 6 3 2 90 70 31 39 43 48 16 17 40 52 68 82 98 58 79 31 62 82 91 24 41 78 58 67 77 78 58 12 13 94 30 36 47 21 95 87 55 32 78 38 15 20 55 61 10 51 88 29 30 28 88 30 32 59 43 33 66 24 85 1 39 71 19 27 5 35 70 59 20 40 80 23 61 3 3 5 13 37 58 36 98 44 59 51 45 48 50 81 96 78 33 11 79 50 73 45 8 100 13 18 72 49 69 3 71 2 24 71 43 29 64 5 26 48 37 61 56 33 31 2 67 92 91 49 97 64 13 84 59 4 84 80 50 19 4 38 12 16 39 6 76 78 3 88 28 35 86 80 100 83 34 67 74 90 46 98 77 69 58 78 84 1 37 69 86 33 79 52 26 19 36 65 6 47 79 7 43 18 3 7 15 3 83 98 10 48 71 2 93 30 96 89 92 65 41 79 17 46 89 75 61 42 82 99 17 40 2 73 14 81 30 65 4 12 57 8 8 43 79 82 36 77 19 49 83 38 29 19 61 10 4 57 66 53 80 72 32 98 28 45 79 49 9 81 36 31 13 57 24 11 19 81 28 8 8 15 3 68 78 93 63 93 82 43 92 85 43 96 10 54 68 50 50 78 21 23 34 50 19 4 79 92 37 29 81 7 4 98 73 74 4 62 28 42 91 33 13 48 29 99 59 95 70 94 61 61 91 90 36 66 26 22 26 31 68 43 32 79 9 7 90 70 93 91 37 18 66 23 69 31 38 49 71 68 47 81 4 13 92 34 22 66 16 62 41 31 30 2 50 98 12 43 26 71 15 68 92 98 100 21 98 58 95 28 94 83 49 16 75 39 54 90 75 87 48 45 2 99 93 57 61 44 31 80 67 71 97 23 92 76 52 55 76 45 9 15 38 25 67 30 39 96 82 94 21 97 46 95 38 15 71 70 76 89 70 26 44 70 6 33 36 70 34 5 39 86 18 36 71 98 18 5 75 74 46 92 52 45 77 17 91 73 51 61 9 99 82 14 39 81 31 89 62 26 55 8 55 54 85 53 12 75 87 15 14 21 24 35 52 48 68 54 19 16 97 82 31 93 92 33 32 76 78 37 33 89 63 15 77 49 63 35 51 89 2 95 71 37 82 94 51 1 74 38 58 86 78 51 7 74 69 60 49 8 22 33 30 24 36 15 94 14 83 88 26 2 12 39 17 96 72 87 10 42 21 2 13 2 39 83 10 81 42 78 76 74 40 22 73 91 8 12 32 78 24 24 38 95 56 17 89 43 59 20 48 45 97 57 62 81 51 96 51 35 14 28 97 13 3 37 82 72 75 99 58 67 57 28 32 84 57 15 84 29 79 57 72 60 28 65 33 74 3 45 27 42 95 19 36 70 59 19 78 94 95 19 38 8 13 26 9 63 100 35 30 48 7 36 38 60 4 14 24 4 68 9 96 28 40 32 85 39 28 99 4 52 54 86 71 59 78 82 60 74 67 45 59 80 14 10 68 78 57 5 71 23 26 96 51 50 94 46 30 2 34 30 1 21 86 89 77 92 59 22 75 14 4 45 11 25 30 11 48 39 33 59 38 61 98 29 97 20 84 13 6 71 56 28 71 61 91 3 77 60 61 80 85 63 6 92 64 36 68 100 59 98 8 53 97 10 16 90 50 28 44 44 50 9 10 11 20 7 94 34 32 17 89 42 60 3 53 37 10 94 11 68 97 80 44 61 67 95 31 82 72 62 86 58 82 49 72 30 94 69 65 78 74 38 54 65 42 11 2 46 34 39 86 42 96 90 62 60 42 89 58 19 27 48 7 15 86 33 5 83 91 17 49 14 92 48 58 8 18 24 80 66 48 88 82 16 20 78 31 47 23 15 63 78 62 80 28 60 89 55 95 69 36 96 92 69 70 29 50 84 43 5 78 73 10 5 71 91 43 53 83 77 87 71 89 65 86
0 100
0 219
0 407
0 558
0 611
0 691
1 339
1 479
1 526
1 676
1 845
1 874
2 6
2 11
2 128
2 301
2 692
3 58
3 343
3 422
3 547
3 851
4 425
4 639
4 660
4 865
4 982
5 348
5 440
5 702
5 724
6 11
6 234
6 434
6 692
6 966
7 360
7 417
7 455
7 766
7 820
7 909
7 942
7 968
8 245
8 309
8 515
8 545
8 596
9 168
9 350
9 453
9 933
9 981
10 37
10 275
10 474
10 678
10 739
10 981
11 159
11 301
11 313
11 965
11 966
12 98
12 444
12 567
12 677
13 51
13 293
13 450
13 841
13 868
13 911
14 394
14 402
14 616
14 629
14 683
14 932
15 330
15 371
15 375
15 500
15 512
15 574
16 133
16 594
16 666
16 737
16 888
17 422
17 547
17 725
17 731
17 743
18 182
18 220
18 289
18 335
18 921
18 996
19 49
19 155
19 234
19 300
19 608
19 661
19 760
19 947
20 143
20 179
20 282
20 662
20 758
21 92
21 254
21 379
21 516
21 554
21 839
22 225
22 237
22 273
22 290
22 416
22 964
23 258
23 260
23 358
23 381
23 517
23 575
23 886
24 200
24 289
24 317
24 764
25 344
25 355
25 858
25 944
25 976
26 274
26 351
26 378
26 392
26 428
26 462
26 538
27 147
27 426
27 589
27 736
27 944
28 70
28 146
28 348
28 398
28 435
28 551
28 997
29 56
29 148
29 170
29 327
29 495
29 979
30 202
30 316
30 514
30 657
30 714
30 821
30 931
30 970
31 193
31 295
31 322
31 352
31 452
31 772
31 824
31 870
32 199
32 283
32 592
32 798
32 993
33 46
33 154
33 189
33 469
33 570
34 243
34 244
34 439
34 541
34 571
34 837
35 59
35 263
35 346
35 431
35 630
35 777
36 226
36 387
36 462
36 723
36 841
37 397
37 519
37 678
37 739
38 129
38 297
38 303
38 444
38 674
38 686
38 863
39 419
39 527
39 690
39 750
39 849
39 983
40 315
40 329
40 391
40 393
40 589
40 787
41 180
41 257
41 659
41 673
41 789
42 301
42 829
42 894
42 928
42 965
43 255
43 464
43 559
43 864
43 952
43 995
44 328
44 533
44 587
44 605
44 923
44 938
45 82
45 186
45 264
45 319
45 349
45 457
45 672
46 154
46 570
46 610
46 810
47 88
47 122
47 208
47 250
47 368
47 580
47 839
48 61
48 74
48 124
48 312
48 679
48 987
49 300
49 438
49 760
49 771
49 811
50 224
50 492
50 553
50 689
50 973
51 293
51 380
51 392
51 647
51 868
52 356
52 424
52 579
52 726
52 814
52 985
53 346
53 362
53 451
53 609
53 935
54 146
54 161
54 437
54 561
54 682
54 687
55 138
55 249
55 403
55 482
55 929
55 939
55 945
56 118
56 148
56 170
56 940
57 131
57 251
57 281
57 550
57 736
58 181
58 305
58 343
58 547
58 725
58 934
59 106
59 262
59 431
59 523
59 524
59 630
60 62
60 418
60 588
60 656
60 924
60 980
60 998
61 222
61 312
61 592
61 679
62 153
62 418
62 420
62 627
62 770
62 980
63 186
63 411
63 457
63 478
63 511
64 245
64 309
64 747
64 875
64 937
64 971
65 452
65 513
65 543
65 755
65 808
65 824
65 991
66 77
66 291
66 407
66 571
66 855
66 856
67 94
67 169
67 187
67 305
67 361
67 529
67 934
68 163
68 271
68 731
68 743
68 949
69 249
69 339
69 342
69 388
69 797
69 927
70 146
70 398
70 519
70 561
71 621
71 649
71 703
71 805
71 862
72 151
72 336
72 633
72 776
72 896
72 943
73 626
73 657
73 763
73 821
73 849
74 124
74 679
74 918
75 106
75 262
75 494
75 617
76 124
76 396
76 775
76 842
76 987
77 531
77 855
77 856
78 549
78 618
78 921
78 969
79 123
79 135
79 487
79 525
79 563
79 695
80 202
80 382
80 384
80 446
80 681
80 970
81 120
81 441
81 577
81 652
81 722
81 783
82 264
82 266
82 349
82 694
83 196
83 298
83 300
83 584
83 916
83 960
84 183
84 454
84 480
84 484
84 717
85 141
85 197
85 217
85 404
85 465
85 867
86 126
86 214
86 308
86 395
86 496
86 546
86 582
86 749
87 440
87 497
87 724
87 745
87 827
88 111
88 122
88 208
88 812
89 259
89 337
89 439
89 571
89 642
89 753
89 963
89 984
90 112
90 206
90 325
90 441
90 652
90 956
91 190
91 410
91 698
91 748
91 769
92 260
92 368
92 554
92 694
92 839
93 136
93 347
93 354
93 552
93 572
93 713
94 164
94 187
94 320
94 361
95 127
95 362
95 415
95 433
95 609
95 630
96 218
96 232
96 356
96 447
96 568
96 999
97 103
97 447
97 565
97 650
97 726
97 885
97 986
98 326
98 567
98 677
98 768
98 843
98 972
99 241
99 510
99 513
99 820
99 824
99 946
100 291
100 407
100 522
100 541
100 691
100 788
101 328
101 442
101 488
101 753
101 804
101 892
102 115
102 140
102 370
102 406
102 413
102 432
102 751
103 650
103 747
103 831
103 885
104 166
104 366
104 654
104 829
104 894
104 928
105 182
105 251
105 405
105 708
105 764
105 778
105 996
106 262
106 431
106 494
106 959
107 178
107 369
107 380
107 538
107 647
107 974
108 310
108 355
108 357
108 493
108 532
108 766
108 847
108 968
109 641
109 653
109 779
109 903
110 148
110 176
110 321
110 366
110 502
110 583
110 835
111 208
111 386
111 421
111 812
112 199
112 325
112 359
112 757
112 956
112 990
113 456
113 581
113 670
113 700
113 732
113 884
114 359
114 597
114 759
114 802
114 812
115 341
115 406
115 432
115 833
115 840
115 901
115 974
116 207
116 282
116 431
116 777
116 959
117 122
117 759
117 812
117 867
117 878
118 148
118 277
118 375
118 502
118 715
118 940
118 967
119 409
119 525
119 563
119 616
119 629
119 813
120 265
120 288
120 489
120 577
120 722
120 799
121 324
121 785
121 912
121 977
122 250
122 812
122 867
123 135
123 480
123 520
123 695
123 791
123 864
124 842
124 918
124 987
125 126
125 212
125 229
125 395
125 461
125 871
126 395
126 582
126 871
127 239
127 362
127 390
127 433
127 910
128 301
128 321
128 634
128 692
128 835
129 139
129 297
129 686
129 923
129 938
130 481
130 721
130 756
130 815
130 882
131 251
131 281
131 405
131 518
131 794
132 221
132 312
132 396
132 467
132 632
132 877
132 987
133 242
133 315
133 391
133 594
133 888
134 191
134 552
134 611
134 639
134 691
134 806
135 525
135 741
135 791
135 857
136 270
136 354
136 795
137 193
137 295
137 486
137 534
137 543
137 716
137 755
138 249
138 414
138 939
139 587
139 686
139 796
139 880
139 923
140 287
140 370
140 585
140 697
140 751
140 781
140 906
141 197
141 465
141 468
141 530
141 698
142 311
142 340
142 786
142 822
143 207
143 282
143 299
143 662
144 145
144 283
144 535
144 757
144 961
145 283
145 592
145 679
145 918
145 961
146 161
146 435
146 561
147 426
147 765
147 858
147 944
148 502
148 583
148 979
149 296
149 423
149 515
149 537
149 569
149 596
150 314
150 449
150 578
150 721
150 882
151 232
151 633
151 706
151 776
152 158
152 536
152 590
152 941
152 948
153 418
153 420
153 463
153 670
153 817
154 188
154 246
154 469
154 810
154 926
155 234
155 269
155 646
155 760
155 850
156 292
156 527
156 860
156 948
156 992
157 172
157 224
157 248
157 498
158 360
158 455
158 472
158 536
158 891
158 948
159 313
159 506
159 925
159 966
159 988
160 256
160 476
160 497
160 727
160 745
161 435
161 687
162 246
162 460
162 469
162 664
162 898
163 181
163 725
163 731
163 758
163 949
164 282
164 320
164 361
164 758
165 200
165 304
165 344
165 624
165 976
166 267
166 374
166 654
166 829
167 373
167 466
167 495
167 729
167 738
167 980
168 257
168 453
168 789
168 933
169 343
169 529
169 599
169 604
169 851
169 934
170 495
170 738
170 940
171 372
171 599
171 604
171 655
171 668
172 174
172 248
172 306
172 498
173 197
173 217
173 250
173 410
173 530
173 698
173 712
174 248
174 306
174 332
174 658
175 199
175 288
175 325
175 783
175 798
175 953
175 993
176 583
176 634
176 646
176 835
176 850
177 188
177 237
177 246
177 290
177 513
177 991
178 369
178 458
178 705
178 807
178 913
178 974
179 248
179 658
179 662
179 758
179 949
180 244
180 659
180 673
180 837
180 900
181 305
181 725
181 758
182 289
182 764
182 996
183 464
183 480
183 520
183 595
183 717
184 718
184 759
184 825
184 878
185 364
185 374
185 700
185 710
185 957
186 457
186 511
186 672
186 836
187 320
187 400
187 529
188 225
188 246
188 290
188 926
189 354
189 460
189 469
189 570
189 600
190 735
190 748
190 769
191 562
191 639
191 806
191 816
191 955
192 220
192 549
192 618
192 624
192 685
192 870
192 922
193 295
193 486
193 870
193 922
194 195
194 373
194 401
194 528
194 666
194 684
194 888
195 281
195 401
195 684
195 844
196 300
196 438
196 705
196 960
197 217
197 530
198 239
198 252
198 362
198 503
198 935
199 283
199 325
199 757
199 993
200 289
200 317
200 344
200 408
200 624
201 414
201 548
201 566
201 621
201 744
201 939
202 657
202 681
202 970
203 330
203 331
203 784
203 924
204 206
204 216
204 516
204 577
204 652
204 767
205 445
205 507
205 602
205 620
205 926
206 254
206 386
206 421
206 516
206 652
206 956
207 282
207 299
207 564
207 777
208 379
208 421
208 839
209 274
209 284
209 351
209 626
209 730
209 740
209 860
209 992
210 269
210 327
210 539
210 790
210 975
210 979
211 236
211 338
211 838
211 859
211 941
212 461
212 688
212 830
212 871
212 951
213 560
213 701
213 826
213 859
213 994
214 395
214 473
214 488
214 531
214 749
214 855
214 892
215 543
215 544
215 696
215 808
215 898
216 577
216 671
216 767
216 799
217 250
217 867
218 232
218 542
218 568
218 633
219 407
219 558
219 856
219 955
220 289
220 335
220 408
220 624
220 685
221 451
221 467
221 470
221 483
221 492
221 632
222 252
222 312
222 592
222 798
223 656
223 715
223 792
223 832
223 998
224 248
224 498
224 689
224 889
224 973
225 290
225 602
225 926
225 964
226 310
226 387
226 393
226 723
226 765
226 787
227 334
227 385
227 463
227 709
227 817
227 828
228 504
228 544
228 716
228 795
229 395
229 461
229 491
229 699
229 852
230 381
230 499
230 517
230 631
230 671
230 767
231 276
231 403
231 449
231 482
231 644
231 899
232 633
232 706
232 999
233 235
233 276
233 403
233 436
233 874
233 958
234 434
234 692
234 850
234 947
235 339
235 388
235 874
235 958
236 338
236 445
236 536
236 908
236 941
237 273
237 290
237 513
237 946
238 240
238 369
238 458
238 669
238 771
238 811
239 252
239 362
239 521
239 638
239 910
240 279
240 539
240 669
240 771
240 868
241 273
241 416
241 455
241 820
241 946
242 315
242 387
242 393
242 450
242 594
243 280
243 541
243 788
243 837
243 900
244 439
244 651
244 659
244 837
244 963
245 309
245 508
245 596
245 747
246 469
246 664
246 696
246 991
247 347
247 572
247 600
247 660
247 785
247 793
248 658
248 662
248 889
249 388
249 403
249 414
249 797
249 958
250 580
250 712
250 867
250 872
251 317
251 405
251 550
251 778
252 312
252 503
252 521
252 798
252 953
253 264
253 266
253 368
253 580
253 872
254 379
254 421
254 516
255 559
255 603
255 952
255 978
256 389
256 476
256 511
256 526
256 727
256 845
256 876
257 673
257 789
257 933
258 399
258 459
258 499
258 517
258 886
259 337
259 773
259 780
259 963
260 358
260 554
260 575
260 694
261 302
261 443
261 667
261 734
261 823
261 920
262 524
262 576
262 617
262 742
263 346
263 430
263 564
263 777
264 266
264 457
264 586
264 872
265 323
265 489
265 671
265 799
265 883
266 368
266 694
267 374
267 654
267 710
267 774
268 340
268 364
268 374
268 786
268 902
269 539
269 646
269 760
269 771
269 979
270 354
270 460
270 795
270 898
271 306
271 332
271 743
271 949
272 345
272 566
272 703
272 803
273 416
273 946
274 351
274 538
274 740
275 474
275 648
275 739
276 403
276 436
276 667
276 899
277 366
277 371
277 502
277 574
277 654
277 967
278 410
278 411
278 478
278 586
278 712
278 748
279 539
279 573
279 601
279 790
279 868
280 522
280 673
280 691
280 788
280 900
281 329
281 589
281 684
281 736
281 794
281 844
282 320
282 758
282 959
283 592
283 757
284 406
284 413
284 730
284 740
284 763
284 840
285 320
285 494
285 937
285 959
286 342
286 349
286 501
286 575
286 694
286 797
287 409
287 423
287 585
287 781
287 916
287 950
288 489
288 638
288 722
288 783
288 953
289 408
289 764
291 407
291 541
291 571
292 351
292 427
292 891
292 948
292 992
293 392
293 462
293 841
294 353
294 548
294 805
294 834
295 452
295 755
296 508
296 569
296 596
296 606
296 663
297 444
297 567
297 809
297 938
298 300
298 537
298 569
298 584
298 608
299 430
299 564
299 662
299 889
300 438
300 608
301 321
301 928
301 965
302 326
302 677
302 734
302 863
302 920
303 578
303 636
303 674
303 686
304 352
304 619
304 624
304 772
304 976
305 361
305 758
305 934
306 332
306 498
306 743
306 842
307 468
307 613
307 704
307 718
307 825
307 961
308 324
308 546
308 582
308 907
308 912
309 545
309 746
309 971
310 493
310 723
310 765
310 847
311 340
311 367
311 822
311 897
312 503
312 877
312 987
313 591
313 873
313 925
313 965
314 383
314 443
314 449
314 578
314 636
314 899
315 391
315 393
316 394
316 714
316 931
316 932
317 344
317 550
317 764
317 778
317 944
318 419
318 560
318 782
318 819
318 826
319 349
319 672
319 676
319 927
320 400
320 937
320 959
321 366
321 835
321 928
322 357
322 510
322 532
322 711
322 772
322 824
323 595
323 631
323 671
323 717
323 861
323 883
324 562
324 907
324 912
324 977
325 441
325 783
326 429
326 665
326 677
326 702
326 843
326 920
327 495
327 975
327 979
328 442
328 587
328 605
328 804
328 890
329 391
329 589
329 684
330 331
330 500
330 512
330 732
330 784
331 512
331 715
331 924
331 998
332 658
332 949
333 429
333 440
333 622
333 827
334 385
334 477
334 709
334 853
335 618
335 685
335 921
336 340
336 367
336 485
336 896
336 943
337 533
337 605
337 642
337 773
338 445
338 540
338 838
338 951
339 388
339 676
339 874
339 927
340 367
340 776
340 786
340 902
340 943
341 807
341 901
341 913
341 974
342 349
342 797
342 927
343 851
343 934
344 944
344 976
345 481
345 566
345 761
345 803
345 815
345 929
346 430
346 451
346 483
346 553
346 609
346 630
346 689
347 572
347 713
347 793
348 435
348 702
348 724
348 917
348 997
349 694
349 927
350 453
350 474
350 752
350 768
350 972
350 981
351 378
351 427
351 992
352 619
352 772
352 870
353 475
353 625
353 805
353 834
353 978
354 460
354 572
354 600
355 357
355 493
355 711
355 858
355 976
356 447
356 568
356 726
356 814
357 532
357 711
358 381
358 516
358 554
359 597
359 802
359 879
359 956
359 990
360 455
360 891
360 909
361 758
362 609
362 935
363 719
363 721
363 728
363 756
363 904
363 930
364 374
364 700
364 786
364 822
364 897
365 461
365 635
365 699
365 936
365 994
366 502
366 654
366 928
367 485
367 700
367 897
368 580
368 694
368 839
369 458
369 647
369 669
369 868
370 394
370 413
370 697
370 714
371 456
371 500
371 574
371 654
371 774
372 422
372 604
372 614
372 655
372 851
373 466
373 495
373 528
373 666
374 710
374 829
374 902
375 512
375 574
375 715
375 967
376 436
376 479
376 622
376 667
376 745
376 827
377 478
377 511
377 735
377 818
377 876
378 427
378 428
378 598
379 421
379 839
380 392
380 538
380 647
381 516
381 517
381 767
382 384
382 514
382 649
382 703
382 803
382 970
383 443
383 636
383 674
383 823
383 863
384 446
384 756
384 803
384 815
385 477
385 518
385 828
386 421
386 597
386 812
386 956
387 393
387 450
387 841
388 958
389 476
389 733
389 762
389 876
389 887
390 433
390 448
390 454
390 556
390 910
391 684
391 888
392 462
392 538
393 787
394 629
394 697
394 714
394 781
394 932
395 491
395 892
396 632
396 775
396 987
397 519
397 561
397 678
398 519
398 551
398 648
398 739
399 459
399 744
399 834
399 886
400 424
400 529
400 579
400 650
400 875
400 937
401 477
401 509
401 528
401 637
401 709
401 844
401 853
401 919
402 683
402 869
402 931
402 932
403 482
403 958
404 465
404 704
404 825
404 867
404 878
405 518
405 708
405 915
406 413
406 840
407 856
408 624
409 423
409 515
409 629
409 754
409 813
409 950
410 698
410 712
410 748
411 457
411 478
411 586
412 565
412 591
412 925
412 986
412 988
413 714
413 763
413 821
414 643
414 744
414 797
414 886
414 939
415 433
415 523
415 556
415 630
415 693
416 455
416 472
416 908
416 964
417 598
417 893
417 909
417 942
418 581
418 588
418 670
419 690
419 782
419 819
419 983
420 509
420 770
420 817
422 547
422 614
422 743
422 851
423 515
423 537
423 584
423 916
424 529
424 579
424 599
424 668
424 985
425 660
425 713
425 793
425 865
426 589
426 765
426 787
427 598
427 891
427 909
428 462
428 598
428 723
428 893
429 440
429 622
429 702
429 920
430 564
430 689
430 889
431 777
431 959
432 751
432 901
433 556
434 506
434 947
434 966
435 687
435 724
436 479
436 667
436 874
437 490
437 682
437 733
437 762
437 769
437 801
438 705
438 811
439 571
439 963
440 702
440 724
440 827
441 652
441 783
442 605
442 642
442 753
443 667
443 823
443 899
444 567
444 677
444 863
445 540
445 602
445 620
445 908
446 640
446 681
446 719
446 756
447 726
447 986
447 999
448 454
448 848
448 883
448 895
448 910
449 644
449 882
449 899
450 594
450 841
450 911
451 467
451 483
451 935
452 755
452 824
453 651
453 659
453 752
453 789
454 484
454 556
454 717
454 848
455 472
455 820
456 500
456 732
456 774
456 884
456 957
457 586
458 705
458 811
459 499
459 625
459 631
459 834
460 469
460 898
461 699
461 838
461 951
461 994
462 723
462 841
463 670
463 817
463 828
464 520
464 559
464 595
464 861
464 864
465 468
465 704
466 528
466 627
466 980
467 877
467 935
468 698
468 704
470 483
470 492
470 553
471 582
471 593
471 610
471 912
471 914
472 536
472 908
473 488
473 753
473 855
473 984
474 648
474 972
474 981
475 603
475 805
475 862
475 954
475 978
476 497
476 680
476 762
477 518
477 637
477 853
478 511
478 735
478 748
479 526
479 727
479 745
479 874
480 484
480 520
480 791
481 482
481 761
481 815
481 882
481 945
482 644
482 882
482 945
483 553
484 556
484 645
484 693
484 791
485 641
485 779
485 896
486 534
486 549
486 922
486 969
487 563
487 616
487 683
487 695
487 952
487 954
487 995
488 753
488 892
489 638
489 883
489 895
490 623
490 680
490 682
490 762
491 852
491 892
492 553
492 632
492 707
492 973
492 989
493 765
493 858
494 617
494 937
494 959
494 971
495 601
495 666
495 737
495 738
495 975
496 546
496 749
496 816
496 856
497 623
497 680
497 724
497 745
498 707
498 842
498 973
499 517
499 631
500 732
501 575
501 643
501 797
503 877
503 935
504 534
504 716
504 795
504 969
505 567
505 752
505 768
505 773
505 780
505 809
506 628
506 947
506 966
506 988
507 620
507 810
507 905
507 914
507 926
508 596
508 606
508 747
508 885
509 709
509 770
509 817
509 919
510 532
510 820
510 824
511 836
511 845
511 876
512 715
513 824
513 946
513 991
514 649
514 869
514 931
514 970
515 545
515 596
515 720
515 754
516 554
516 767
518 637
518 794
518 828
518 915
519 561
519 739
520 864
521 638
521 953
522 691
522 788
523 524
523 630
523 693
524 576
524 612
524 645
524 693
524 741
525 563
525 813
525 857
525 962
526 727
526 845
527 590
527 750
527 819
527 860
527 948
527 983
528 627
528 919
529 599
530 698
531 749
531 855
531 856
532 766
532 820
533 605
533 773
533 809
533 938
534 716
534 969
535 613
535 757
535 961
535 990
536 908
536 941
537 569
537 584
538 740
538 833
538 974
539 771
539 790
540 620
540 688
540 951
541 571
541 788
542 568
542 633
542 641
542 675
542 896
543 544
543 716
543 755
543 808
544 716
544 795
544 898
545 720
545 746
545 866
546 816
546 907
547 725
548 621
548 744
548 805
548 834
549 618
549 922
549 969
550 736
550 944
551 648
551 843
551 997
552 639
552 691
552 713
552 865
553 689
555 612
555 720
555 742
555 857
555 866
555 962
556 693
557 615
557 728
557 796
557 880
558 611
558 806
558 955
559 625
559 631
559 861
559 978
560 701
560 782
560 826
560 881
561 673
561 678
562 639
562 816
562 907
562 977
563 616
564 777
565 628
565 885
565 986
565 988
566 621
566 703
566 929
566 939
567 768
567 809
568 607
568 675
568 800
568 814
569 608
569 663
570 600
570 610
570 785
570 912
571 855
571 984
572 600
573 594
573 601
573 737
573 868
573 911
574 967
575 643
575 694
575 886
576 612
576 742
577 652
577 799
578 636
578 686
578 721
579 650
579 726
580 872
581 588
581 670
581 732
581 784
582 593
582 871
582 912
583 646
583 979
584 916
585 906
585 916
585 960
586 712
586 872
587 796
587 890
587 923
588 784
588 924
589 736
589 787
590 819
590 826
590 859
590 941
590 948
591 706
591 873
591 925
591 986
591 999
592 679
592 798
593 830
593 871
593 905
593 914
594 737
594 911
595 717
595 861
597 812
597 956
598 893
598 909
599 604
599 668
600 785
601 737
601 790
601 975
602 908
602 926
602 964
603 952
603 954
603 978
604 851
605 642
606 628
606 661
606 663
606 885
607 655
607 675
607 800
607 903
608 661
608 663
609 630
610 810
610 912
610 914
611 691
611 806
612 741
612 742
612 857
613 718
613 961
613 990
614 653
614 655
614 743
614 903
615 635
615 728
615 796
615 930
615 936
616 629
616 683
617 742
617 746
617 971
618 685
618 921
619 624
619 870
620 688
620 905
621 703
621 805
622 667
622 827
622 920
623 680
623 682
623 687
623 724
624 870
625 631
625 834
625 978
626 730
626 750
626 763
626 849
626 860
627 770
627 919
627 980
628 661
628 885
628 947
628 988
629 781
629 950
631 671
631 861
632 775
632 989
633 896
634 692
634 835
634 850
635 699
635 796
635 804
635 852
635 890
635 936
636 674
637 794
637 844
638 895
638 910
638 953
639 865
639 977
639 982
640 681
640 690
640 719
640 782
640 846
640 881
641 675
641 779
641 896
641 903
642 753
643 797
643 886
644 882
645 693
645 741
645 791
646 850
646 979
647 868
648 739
648 843
648 972
649 703
649 862
649 869
650 726
650 831
650 875
651 659
651 752
651 780
651 963
653 903
654 774
655 668
655 800
655 903
656 729
656 832
656 980
656 998
657 681
657 821
657 849
658 949
659 789
660 785
660 793
660 982
661 663
661 947
662 889
664 696
664 898
665 702
665 843
665 917
665 997
666 737
666 888
667 899
667 920
668 800
668 985
669 868
670 828
671 767
671 799
672 676
672 836
673 678
673 900
673 933
674 863
675 903
676 836
676 845
676 927
677 863
678 933
678 981
679 918
680 762
681 690
681 849
682 687
683 869
683 954
684 888
686 721
686 728
686 880
687 724
688 830
688 905
688 951
689 889
690 782
690 849
692 850
695 864
695 995
696 808
696 898
696 991
697 781
698 769
699 852
700 884
700 897
700 957
701 854
701 881
701 936
701 994
702 917
703 803
704 825
705 811
705 913
705 960
706 776
706 873
706 999
707 842
707 973
707 989
708 915
708 996
709 817
709 853
710 774
710 957
711 772
711 976
712 872
713 793
713 865
714 821
715 792
715 940
715 998
717 848
717 883
718 759
718 825
718 879
718 990
719 756
719 846
719 930
720 754
720 813
720 866
720 962
721 728
721 756
721 882
722 783
723 847
723 893
725 731
727 745
728 880
728 904
728 930
729 738
729 832
729 980
730 763
731 743
732 784
733 762
733 801
733 887
734 823
734 863
735 748
735 769
735 818
736 944
738 832
738 940
740 833
740 840
741 791
741 857
742 746
742 866
744 834
744 886
745 827
746 866
746 971
747 831
747 875
747 885
749 856
750 849
750 860
751 901
751 906
752 768
752 780
753 984
754 813
756 815
757 990
758 949
759 802
759 812
759 878
759 879
760 771
761 929
761 945
763 821
764 778
765 787
765 858
766 820
766 968
768 972
769 801
769 818
770 919
771 811
772 976
773 780
773 809
774 957
775 842
775 989
776 873
776 902
776 943
776 965
780 963
781 950
782 881
784 924
785 912
785 977
785 982
786 822
790 975
792 832
792 940
794 844
795 898
796 880
796 890
798 953
798 993
800 814
800 985
801 818
801 876
801 887
802 879
803 815
804 852
804 890
804 892
805 862
806 955
807 913
807 974
808 991
809 938
810 914
810 926
813 962
814 985
816 856
816 907
816 955
818 876
819 826
819 983
822 897
823 863
825 878
826 859
828 915
829 894
829 902
829 965
830 871
830 905
831 875
832 940
833 840
833 974
836 845
837 900
838 859
838 951
838 994
842 918
842 989
843 972
843 997
846 854
846 881
846 930
847 893
847 942
847 968
848 883
852 892
854 881
854 930
854 936
855 984
856 955
857 962
858 944
859 941
859 994
860 992
862 869
862 954
864 995
867 878
868 911
869 931
869 954
870 922
873 965
875 937
876 887
877 935
879 990
883 895
884 957
891 909
891 948
893 942
894 928
895 910
901 906
901 913
902 965
904 930
905 914
906 913
906 960
908 964
913 960
915 996
916 960
917 997
918 961
921 996
923 938
924 998
925 988
929 939
929 945
930 936
931 932
933 981
936 994
937 971
942 968
952 954
952 995
977 982
986 999
973 505
628 819
265 276
32 506
953 371
767 819
275 303
668 292
272 483
894 712
887 767
248 287
804 695
492 264
441 534
285 101
488 185
23 535
718 71
335 338
101 607
416 813
740 307
451 754
663 101
638 163
562 331
590 159
823 824
361 195
518 518
746 199
255 847
852 325
924 611
187 646
556 249
879 788
756 651
605 461
546 183
932 670
225 251
407 640
803 597
560 849
833 343
440 873
179 828
366 327
111 705
499 285
122 422
211 722
793 900
584 697
349 177
598 101
54 522
227 616
383 70
217 834
411 75
567 894
221 494
796 236
920 532
89 495
17 584
572 767
845 820
499 618
117 286
553 463
170 853
223 566
132 817
907 524
780 88
383 572
576 562
346 781
535 820
375 405
338 653
440 946
844 477
729 824
412 861
879 577
341 825
544 983
449 821
950 294
119 531
236 691
130 358
188 412
820 715
724 255
969 535
826 550
483 418
203 436
243 197
641 53
212 580
494 328
651 227
33 323
305 222
389 859
310 867
222 87
363 878
482 389
172 590
395 910
307 167
394 531
339 752
887 402
423 896
364 596
147 833
793 455
825 463
256 712
281 256
768 636
636 625
573 77
174 774
515 193
987 443
348 573
928 256
804 170
562 702
757 602
456 454
454 988
138 211
121 608
264 900
237 889
830 848
613 175
339 193
319 450
674 649
137 299
670 401
431 41
805 335
340 290
613 401
70 684
667 348
247 319
688 845
794 878
847 281
48 572
120 550
687 154
234 184
410 137
909 692
57 479
363 168
40 435
52 678
488 946
52 652
302 814
316 244
792 278
451 351
75 616
954 646
67 559
694 67
357 653
367 935
182 157
577 879
131 504
785 316
893 312
568 977
953 450
749 125
765 164
467 127
514 123
395 376
466 970
229 752
288 858
681 126
534 661
549 527
332 69
387 772
774 368
378 808
143 615
414 846
562 403
392 235
714 423
790 436
691 476
845 519
835 234
376 757
457 937
111 347
945 497
717 106
155 749
233 808
369 115
91 691
761 327
570 215
471 17
855 162
781 493
418 737
649 708
148 331
640 758
317 301
627 774
724 398
751 290
415 309
250 742
412 280
713 280
523 215
963 589
918 629
262 458
817 280
921 345
75 653
567 735
470 920
612 90
235 775
481 876
396 817
428 633
662 860
927 694
463 721
865 625
475 779
736 722
247 571
166 651
524 865
350 733
507 828
221 176
176 207
370 269
904 252
19 605
558 631
735 288
550 356
866 755
659 743
270 175
535 927
447 247
990 591
550 123
132 565
259 863
526 417
187 533
536 780
417 461
312 773
694 94
760 308
928 545
613 370
538 278
479 660
771 180
295 424
793 657
346 405
122 631
355 362
256 262
768 723
715 651
708 164
79 525
31 664
352 974
874 442
254 498
618 222
115 203
200 781
219 311
693 675
530 196
487 518
642 112
654 473
587 821
147 522
264 236
709 215
372 697
892 431
320 820
774 743
380 215
803 575
538 156
308 71
337 87
40 641
739 791
482 29
739 90
99 259
844 602
732 417
603 784
130 229
469 375
553 783
53 495
646 147
582 644
173 687
947 327
787 818
543 805
873 715
598 365
728 182
462 653
906 292
659 192
130 389
680 214
438 774
336 881
660 332
102 536
233 722
661 582
165 168
739 499
261 192
102 211
467 843
442 309
493 463
268 123
22 461
439 142
198 188
310 130
693 785
606 933
591 319
408 828
507 307
429 754
552 585
719 692
587 587
533 15
370 847
550 232
606 769
674 919
290 696
519 171
526 307
540 208
474 498
821 493
150 789
892 798
841 804
473 708
145 471
499 85
467 558
626 727
418 958
599 34
498 413
945 520
701 116
353 486
528 956
551 897
205 352
515 433
534 711
246 672
716 324
628 286
383 50
632 473
432 63
392 839
14 486
353 449
95 443
954 356
585 174
623 343
578 303
748 775
133 658
198 591
469 405
253 686
285 322
792 858
669 767
685 955
387 359
896 615
750 804
343 810
829 565
694 701
777 677
749 381
600 568
161 381
305 701
662 683
513 237
182 732
770 199
896 679
324 671
687 307
242 113
543 872
422 342
446 699
869 275
764 457
560 292
439 15
385 650
418 975
423 126
180 748
404 990
853 303
143 738
844 412
695 360
859 545
869 736
458 625
684 880
510 45
575 936
658 806
336 634
607 648
623 687
155 721
319 627
49 297
785 136
405 581
842 541
319 743
729 914
806 504
126 741
643 196
210 539
420 175
898 483
717 849
63 705
431 706
272 92
526 764
296 190
212 762
842 141
838 664
273 335
807 385
263 423
458 70
704 240
602 900
315 98
754 251
525 573
319 468
402 778
435 740
542 34
866 799
373 632
264 757
995 541
239 638
276 587
370 545
646 841
615 437
462 106
93 471
482 989
894 513
689 242
824 613
809 145
268 920
691 377
331 440
517 333
408 261
767 405
943 576
94 330
816 210
850 205
278 500
899 467
29 521
497 664
773 120
616 106
823 804
985 398
139 711
434 800
308 542
290 658
725 570
959 491
417 668
675 488
881 823
922 442
396 547
142 636
229 376
546 648
813 677
94 367
319 414
871 347
912 574
936 309
472 232
288 135
491 769
269 568
362 769
693 637
144 442
466 872
377 23
857 441
327 225
368 419
431 435
519 896
786 573
364 49
562 167
666 424
194 341
232 837
822 421
487 211
377 669
284 435
359 862
618 312
61 457
903 328
433 218
761 345
431 618
44 468
821 594
288 387
61 362
339 374
213 695
838 384
983 469
286 566
332 957
12 397
730 551
423 534
228 528
754 108
725 165
774 387
512 653
724 779
724 877
710 149
450 676
562 437
437 99
265 372
421 504
202 659
418 693
142 775
120 306
303 258
750 537
708 669
527 52
284 743
950 426
641 517
57 320
848 583
506 752
641 690
296 605
339 258
487 302
841 742
516 598
160 437
888 657
357 802
26 343
255 173
30 409
386 109
548 497
58 634
911 656
933 369
307 371
108 623
306 403
835 267
789 763
471 172
678 745
57 429
431 298
391 17
383 732
592 845
960 674
728 664
74 341
606 818
789 706
903 777
205 870
711 885
594 506
750 910
442 572
520 137
733 106
715 613
763 875
784 409
127 681
619 486
998 515
281 276
279 642
488 799
383 598
828 250
460 478
507 995
754 500
175 124
687 502
768 780
525 619
384 966
419 358
172 325
97 756
612 21
469 50
198 161
693 203
495 927
959 338
506 476
336 121
837 159
346 683
350 935
623 570
328 508
662 603
328 778
581 265
756 837
39 541
146 406
666 833
708 581
392 133
550 424
27 554
262 77
673 943
748 711
580 967
592 136
472 204
391 152
870 775
538 369
312 591
268 547
8 569
498 707
693 814
254 516
215 454
559 949
888 499
600 440
462 420
870 672
850 558
337 491
792 209
616 584
279 902
84 564
374 908
363 309
594 658
693 920
543 443
660 80
601 199
669 257
398 747
849 696
596 986
433 79
392 295
715 193
846 634
220 153
113 798
138 276
168 612
640 71
41 310
864 642
439 481
640 489
320 795
337 49
895 370
155 206
567 186
987 570
917 677
426 240
329 611
357 129
943 345
551 79
887 186
751 567
549 742
258 809
361 747
84 381
662 960
352 893
564 615
788 536
487 631
967 471
465 360
813 240
805 646
824 359
394 336
380 874
357 516
106 395
597 631
925 457
453 49
609 969
657 451
693 261
529 474
136 183
729 706
742 227
376 948
677 462
725 809
552 3
209 228
801 419
186 455
375 131
509 372
474 677
289 243
609 852
951 626
742 440
425 833
504 395
540 259
93 788
826 740
530 83
626 845
650 532
624 248
321 694
586 475
319 264
30 486
781 515
492 43
673 533
878 542
921 504
329 551
630 178
700 444
596 404
387 683
473 611
763 685
383 619
970 376
282 522
431 919
457 273
471 578
745 158
812 442
487 892
195 317
645 795
181 471
621 923
189 765
383 930
335 914
733 596
655 510
646 640
329 715
205 109
252 411
493 741
658 932
502 172
113 644
777 552
642 353
813 525
596 272
227 235
312 728
96 308
146 165
869 254
678 701
976 607
460 392
192 217
40 354
672 566
801 401
444 425
904 444
725 358
647 319
287 724
488 241
871 400
434 384
821 392
591 14
397 427
788 778
201 892
462 86
736 748
751 71
755 145
770 615
353 79
232 325
783 349
589 805
245 229
577 678
670 551
494 539
470 543
916 719
70 501
214 739
703 522
191 503
800 625
559 684
362 149
698 424
630 265
125 257
619 158
606 674
737 270
301 337
655 402
49 601
420 478
756 427
417 611
272 775
440 589
947 475
352 844
205 126
620 754
165 565
414 386
246 921
331 529
883 623
732 327
216 269
264 315
298 148
647 252
808 111
553 551
222 510
850 722
86 716
481 356
400 219
681 175
911 405
443 641
362 214
401 101
903 730
928 387
624 451
877 561
96 423
193 375
170 810
241 348
109 771
308 926
795 256
601 388
279 826
724 489
400 618
719 55
809 798
365 91
168 354
