1000 2961 10
6 98 19 10 28 89 65 26 5 74 6 92 71 48 22 60 94 53 57 84 85 66 97 9 68 53 55 82 76 4 89 56 72 95 47 35 50 51 73 55 23 9 62 21 80 89 52 30 88 30 91 76 31 95 72 73 87 99 44 6 8 71 20 8 92 61 89 84 66 66 18 21 5 95 85 2 96 8 47 11 2 44 27 53 50 61 3 61 74 86 1 69 56 4 62 70 47 32 80 64 85 81 50 76 80 85 69 10 76 22 65 68 91 52 9 69 67 59 31 88 12 87 28 22 28 89 59 14 67 59 79 71 76 47 12 86 38 54 77 75 30 80 5 3 68 83 49 88 65 44 62 46 59 55 92 70 38 22 94 56 49 49 55 44 64 30 35 64 58 12 60 74 13 8 97 61 4 59 60 50 97 33 87 48 21 66 18 84 94 23 10 39 26 62 84 5 47 18 45 87 29 18 85 28 93 66 94 31 5 90 10 19 81 97 48 74 82 97 13 65 9 13 49 33 40 39 77 63 3 22 40 1 18 67 27 78 70 50 83 84 69 18 83 32 75 57 20 51 43 34 35 23 39 22 79 63 97 15 12 28 45 22 97 65 36 43 59 25 17 19 5 9 14 85 18 79 81 98 58 78 51 2 45 5 70 22 73 8 43 4 84 19 75 33 15 1 19 44 27 97 50 36 74 21 83 29 13 78 23 6 32 53 45 25 61 21 44 9 53 84 84 54 93 68 5 6 44 17 82 19 94 51 71 67 49 55 82 71 11 4 5 12 19 72 100 30 46 31 81 32 22 21 43 45 44 80 100 1 38 74 15 51 74 25 99 94 4 17 11 8 74 28 81 30 11 60 89 1 72 22 8 94 25 2 52 84 81 82 28 19 49 51 90 13 90 37 84 41 65 49 91 5 7 71 43 38 11 62 73 33 74 97 88 57 45 62 98 27 11 99 30 86 81 39 16 9 20 49 76 16 70 48 85 21 81 21 98 87 25 79 57 46 18 53 66 92 37 67 27 67 79 75 63 96 23 81 61 30 91 78 67 27 59 53 89 17 82 99 72 91 46 13 26 30 74 60 26 89 44 2 80 83 21 76 34 76 66 75 48 58 55 26 12 68 65 85 5 32 98 84 74 50 72 49 36 85 15 9 52 17 62 59 14 99 92 28 32 51 10 42 24 3 27 21 38 88 50 55 25 94 29 16 75 34 47 20 34 38 84 49 8 41 55 16 20 2 28 75 71 2 20 44 11 91 14 34 63 26 66 5 40 71 78 27 22 59 20 10 18 25 6 82 94 22 63 14 17 59 98 32 7 87 23 58 92 47 23 44 40 68 86 100 96 16 29 1 39 88 21 47 98 28 34 13 58 64 23 58 90 22 17 80 24 81 70 37 10 70 42 58 84 45 90 31 54 57 57 17 80 76 48 90 97 82 80 96 85 86 86 88 42 91 15 11 15 51 35 32 75 82 84 65 54 31 37 59 86 96 33 86 42 81 92 35 89 73 39 30 95 91 7 29 38 97 50 58 1 16 79 18 7 23 49 6 50 80 14 77 28 85 39 49 3 38 92 64 38 37 36 45 6 64 2 17 24 70 75 38 1 30 88 40 94 2 65 63 11 33 67 55 14 85 82 34 69 72 38 11 77 51 94 43 70 56 62 43 20 66 5 89 38 50 6 49 15 76 46 28 32 44 26 17 28 89 41 12 94 35 85 41 32 62 86 33 10 99 80 9 6 94 29 66 41 42 95 26 94 68 62 84 13 77 34 36 86 6 46 17 95 66 63 53 71 77 37 32 23 63 52 73 14 10 34 17 99 57 40 24 72 24 58 90 36 7 32 30 2 94 46 31 16 51 9 7 50 5 79 36 74 67 44 78 38 37 69 50 41 65 49 39 2 54 19 81 35 30 78 31 83 7 10 22 47 41 48 37 54 57 17 80 52 59 58 39 96 92 9 32 19 74 31 93 38 72 83 11 52 29 28 95 45 79 66 45 35 90 96 40 22 100 90 43 8 78 36 49 80 54 77 76 68 60 67 90 35 34 93 8 40 46 38 99 21 72 8 33 27 36 97 39 21 55 26 19 74 54 4 92 77 79 79 43 94 66 29 81 98 39 30 23 63 34 29 99 82 61 76 11 11 91 79 7 14 13 41 90 8 7 27 15 22 98 2 82 66 12 52 95 28 88 9 42 35 20 52 14 90 66 93 33 26 47 59 88 27 33 15 98 86 34 57 22 10 25 24 69 45 99 45 19
0 141
0 320
0 457
0 601
0 801
0 898
1 114
1 157
1 228
1 446
1 560
1 591
2 38
2 139
2 278
2 463
2 471
3 17
3 198
3 371
3 408
3 686
3 987
4 52
4 338
4 742
4 892
4 947
5 295
5 296
5 309
5 479
5 617
5 718
6 98
6 163
6 196
6 472
6 577
6 664
6 693
7 341
7 651
7 921
7 936
7 944
7 965
8 321
8 624
8 661
8 780
8 785
8 842
9 102
9 324
9 481
9 672
10 162
10 255
10 270
10 611
10 726
10 794
11 52
11 197
11 350
11 420
11 526
11 631
12 67
12 90
12 99
12 137
12 556
12 818
13 202
13 223
13 386
13 592
13 951
14 64
14 91
14 119
14 396
14 473
14 585
14 641
14 712
14 845
15 359
15 847
15 896
15 949
16 88
16 96
16 343
16 348
16 424
16 485
16 853
17 70
17 221
17 408
17 456
17 761
17 987
18 219
18 433
18 466
18 910
19 36
19 86
19 120
19 590
19 996
20 51
20 117
20 171
20 411
20 723
20 739
20 787
21 109
21 159
21 314
21 369
21 398
21 550
21 774
22 152
22 496
22 540
22 588
22 676
22 736
22 926
22 991
23 27
23 165
23 484
23 697
23 853
23 921
24 160
24 189
24 543
24 796
24 831
24 903
25 327
25 339
25 361
25 498
25 545
25 708
26 321
26 465
26 722
26 785
26 958
27 40
27 165
27 213
27 715
27 836
27 921
28 149
28 393
28 627
28 633
28 737
28 918
28 938
29 308
29 750
29 819
29 917
29 941
29 992
30 154
30 497
30 568
30 621
30 763
31 94
31 217
31 236
31 268
31 507
31 636
32 264
32 348
32 478
32 480
32 691
33 132
33 434
33 539
33 942
33 945
34 125
34 363
34 601
34 843
34 898
34 943
35 212
35 216
35 281
35 308
35 377
35 527
35 649
36 120
36 304
36 409
36 453
36 889
36 996
37 416
37 448
37 582
37 834
38 139
38 262
38 278
38 286
38 584
39 343
39 348
39 480
39 959
40 213
40 477
40 542
40 788
40 836
40 895
41 68
41 74
41 525
41 762
41 769
41 771
42 147
42 153
42 193
42 388
42 796
42 914
42 982
43 227
43 460
43 509
43 538
43 624
43 744
43 897
44 77
44 437
44 608
44 619
44 647
44 741
44 808
45 96
45 350
45 424
45 526
45 790
45 809
45 950
46 107
46 319
46 328
46 500
46 778
46 793
46 962
47 431
47 451
47 752
47 881
47 975
48 372
48 378
48 528
48 716
48 825
48 868
49 188
49 232
49 468
49 493
49 685
49 860
50 248
50 283
50 336
50 640
50 665
50 805
51 171
51 367
51 575
51 787
51 867
52 197
52 338
52 420
52 742
52 812
53 353
53 412
53 429
53 554
53 629
54 134
54 182
54 261
54 274
54 735
54 813
55 69
55 138
55 184
55 431
55 495
55 622
55 673
56 295
56 296
56 405
56 441
56 617
56 642
56 650
56 856
57 78
57 215
57 302
57 380
57 455
57 798
58 148
58 185
58 252
58 628
58 776
58 820
58 912
59 63
59 234
59 387
59 523
59 705
59 707
59 947
60 105
60 530
60 644
60 710
61 86
61 120
61 564
61 586
61 928
61 979
62 175
62 247
62 414
62 428
62 634
62 901
63 351
63 370
63 387
63 523
63 544
63 859
63 948
64 119
64 187
64 434
64 512
64 641
64 657
64 803
64 945
65 106
65 365
65 392
65 883
65 909
65 972
65 988
66 94
66 153
66 160
66 236
66 362
66 541
66 751
66 982
67 99
67 671
67 818
68 100
68 257
68 502
68 562
68 769
68 771
69 556
69 622
69 673
69 696
69 818
70 221
70 366
70 456
70 635
70 865
71 174
71 307
71 374
71 382
71 678
71 733
72 467
72 640
72 679
72 913
73 93
73 116
73 121
73 305
73 385
73 426
73 435
73 567
73 929
74 81
74 243
74 515
74 519
74 525
74 762
74 799
75 133
75 291
75 360
75 468
75 685
75 804
76 250
76 273
76 509
76 598
76 600
76 677
77 437
77 808
77 933
78 85
78 161
78 215
78 302
79 81
79 110
79 515
79 580
79 613
79 885
79 963
80 217
80 376
80 378
80 825
80 949
81 515
81 519
81 613
81 844
82 118
82 303
82 743
82 993
83 170
83 402
83 672
83 891
83 935
84 441
84 445
84 607
84 650
84 839
85 161
85 302
85 709
85 782
85 789
86 120
86 326
86 571
86 586
86 590
86 702
86 880
87 134
87 222
87 259
87 725
87 919
88 343
88 484
88 853
89 118
89 176
89 659
89 671
89 696
90 99
90 137
90 176
90 555
91 473
91 585
91 764
91 861
91 882
92 269
92 508
92 761
92 770
93 258
93 426
93 435
93 452
93 639
93 960
94 236
94 268
94 504
94 541
95 126
95 247
95 448
95 834
95 890
95 901
95 937
96 424
96 485
96 809
96 822
97 170
97 727
97 849
97 876
97 891
97 972
98 196
98 472
98 510
98 573
98 674
99 176
99 671
100 135
100 257
100 407
100 562
100 721
101 108
101 117
101 171
101 547
101 611
101 867
102 324
102 522
102 828
102 908
103 144
103 344
103 645
103 654
103 724
103 915
103 955
104 183
104 223
104 231
104 768
104 932
105 177
105 530
105 564
105 644
105 647
106 231
106 558
106 909
106 988
107 500
107 742
107 812
107 962
108 593
108 611
108 620
108 726
108 792
109 159
109 191
109 394
109 483
109 774
109 961
110 179
110 242
110 613
110 963
111 702
111 704
111 722
111 880
111 923
111 952
111 958
112 146
112 239
112 243
112 519
112 655
112 844
113 168
113 195
113 327
113 363
113 498
113 520
113 579
114 173
114 300
114 560
114 591
115 140
115 235
115 669
115 784
115 978
116 305
116 385
116 609
116 698
116 814
117 171
117 255
117 611
117 739
118 303
118 659
118 696
118 993
119 305
119 396
119 942
119 945
120 453
120 564
121 131
121 435
121 855
121 929
121 990
122 258
122 403
122 623
122 776
122 820
123 377
123 406
123 518
123 649
123 750
123 857
124 174
124 240
124 339
124 490
124 498
124 688
125 293
125 306
125 601
125 612
125 879
125 943
126 266
126 448
126 731
126 758
126 890
127 229
127 233
127 421
127 589
127 899
127 930
128 218
128 353
128 413
128 565
128 629
128 964
129 254
129 256
129 299
129 422
129 713
129 946
130 387
130 471
130 597
130 707
130 815
130 954
131 585
131 764
131 845
131 929
131 990
132 313
132 406
132 434
132 539
132 649
133 307
133 360
133 678
133 804
133 862
133 930
134 259
134 261
134 700
134 813
134 919
135 166
135 216
135 281
135 407
135 721
135 854
136 330
136 356
136 772
136 821
136 864
137 555
137 828
138 431
138 673
138 743
138 752
138 993
139 471
139 489
139 584
139 597
140 224
140 235
140 274
140 551
140 652
140 784
141 320
141 711
141 801
141 840
141 983
142 238
142 531
142 666
142 828
142 908
143 431
143 495
143 821
143 881
143 956
144 344
144 645
144 690
144 970
145 228
145 244
145 384
145 446
145 689
145 920
146 505
146 613
146 655
146 675
146 844
146 911
147 153
147 193
147 446
147 920
148 252
148 488
148 491
148 912
148 953
149 393
149 502
149 771
149 938
150 312
150 333
150 364
150 648
150 730
150 833
151 192
151 195
151 399
151 514
151 520
151 561
151 824
152 214
152 357
152 496
152 588
152 594
153 362
153 920
153 982
154 250
154 497
154 600
154 621
155 390
155 464
155 469
155 477
155 873
155 895
156 301
156 754
156 777
156 887
157 230
157 380
157 425
157 446
157 455
157 591
157 655
158 357
158 551
158 632
158 784
158 806
158 838
158 978
159 369
159 483
159 749
159 858
160 543
160 751
160 796
160 982
161 206
161 215
161 409
161 789
161 816
162 255
162 443
162 794
163 196
163 693
164 167
164 212
164 527
164 698
165 697
165 836
166 196
166 281
166 527
166 573
166 854
167 527
167 563
167 698
167 720
167 814
168 374
168 447
168 498
168 520
168 916
169 264
169 526
169 631
169 823
169 950
170 312
170 402
170 849
170 891
171 867
172 234
172 368
172 462
172 778
172 892
172 927
172 962
173 243
173 300
173 525
173 591
174 240
174 374
174 430
174 688
174 733
175 279
175 428
175 634
175 788
175 869
176 555
176 659
176 671
176 775
176 848
177 237
177 316
177 317
177 501
177 564
177 647
178 553
178 566
178 704
178 790
178 809
178 859
179 242
179 613
179 675
179 786
180 405
180 596
180 607
180 626
180 763
180 900
181 207
181 296
181 309
181 756
181 863
181 866
182 261
182 274
182 652
183 223
183 231
183 381
183 558
183 792
184 495
184 622
184 810
184 821
185 229
185 421
185 628
185 670
185 912
185 953
186 267
186 277
186 499
186 738
186 893
186 941
186 980
187 512
187 641
187 712
187 773
188 232
188 382
188 683
188 685
189 543
189 552
189 658
189 766
189 831
190 316
190 317
190 516
190 608
190 638
191 276
191 394
191 550
191 643
191 774
191 835
192 233
192 447
192 520
192 561
192 795
192 899
193 215
193 388
193 446
193 455
194 533
194 614
194 662
194 687
194 797
195 520
195 579
195 824
196 573
196 693
196 854
197 338
197 350
197 740
197 790
197 939
198 220
198 442
198 686
198 748
198 987
199 208
199 292
199 516
199 583
199 729
199 989
200 440
200 521
200 536
200 542
200 697
200 836
201 286
201 476
201 603
201 727
201 846
201 852
202 223
202 381
202 386
202 792
202 894
203 316
203 638
203 658
203 766
203 800
203 878
203 989
204 254
204 299
204 423
204 682
204 802
204 833
204 994
205 273
205 459
205 509
205 511
205 570
206 409
206 590
206 789
206 996
207 309
207 479
207 605
207 684
207 866
208 583
208 800
208 847
208 989
209 306
209 400
209 451
209 743
209 752
209 879
210 220
210 415
210 456
210 635
210 997
211 265
211 269
211 347
211 508
212 527
212 539
212 649
212 698
213 715
213 895
214 357
214 594
214 714
214 978
215 388
215 455
215 816
216 281
216 308
216 721
216 917
217 376
217 507
217 636
217 825
218 413
218 480
218 651
218 691
218 964
219 433
219 513
219 765
219 910
220 225
220 442
220 456
220 987
220 997
221 322
221 645
221 761
221 865
221 970
222 251
222 280
222 414
222 450
222 703
222 725
222 919
223 381
223 592
223 768
224 436
224 551
224 652
224 981
225 442
225 499
225 738
225 997
226 393
226 502
226 562
226 615
226 630
226 819
226 877
226 971
227 536
227 624
227 661
227 744
228 446
228 560
228 689
229 417
229 421
229 589
229 668
229 807
229 953
230 239
230 591
230 655
231 558
231 909
231 932
232 493
232 683
233 421
233 670
233 795
233 899
234 462
234 707
234 892
234 947
235 274
235 669
235 735
235 826
235 907
236 323
236 507
236 751
237 316
237 501
237 552
237 831
238 423
238 531
238 666
238 730
238 848
239 243
239 591
239 655
240 374
240 498
241 313
241 434
241 602
241 657
242 265
242 662
242 687
242 786
242 963
243 519
243 525
243 591
244 384
244 664
244 689
245 321
245 460
245 578
245 842
245 922
245 974
246 444
246 506
246 604
246 934
247 428
247 834
247 901
248 260
248 524
248 640
248 665
248 701
248 887
249 340
249 404
249 487
249 500
249 872
249 968
250 273
250 511
250 600
250 621
250 642
251 450
251 536
251 703
251 744
252 258
252 345
252 452
252 488
252 820
253 385
253 426
253 503
253 563
253 573
253 674
253 720
253 960
254 275
254 299
254 682
254 829
254 946
255 346
255 443
255 611
255 739
256 303
256 400
256 422
256 713
257 407
257 577
257 769
258 403
258 452
258 639
258 820
259 725
259 813
259 901
259 937
260 665
260 805
260 887
261 410
261 652
261 700
261 969
262 278
262 286
262 318
262 852
262 934
263 395
263 432
263 482
263 680
263 694
263 817
264 348
264 478
264 823
264 950
265 347
265 401
265 508
265 662
265 963
266 352
266 448
266 731
266 826
266 907
267 529
267 630
267 941
267 980
267 992
268 342
268 504
268 636
269 322
269 347
269 508
269 761
269 783
269 875
270 593
270 726
270 794
270 904
271 537
271 546
271 676
271 779
271 906
271 926
271 957
272 356
272 486
272 493
272 572
272 772
272 851
272 864
273 509
273 511
274 652
274 735
275 506
275 637
275 682
275 829
275 983
276 550
276 832
276 835
277 841
277 893
277 941
277 986
278 437
278 463
278 934
278 966
279 280
279 414
279 542
279 634
279 788
280 414
280 521
280 542
280 703
281 527
282 285
282 315
282 403
282 623
282 719
282 837
283 336
283 569
283 581
283 757
283 805
284 439
284 492
284 956
285 342
285 623
285 636
285 837
286 584
286 846
286 852
286 902
287 329
287 390
287 395
287 482
287 884
287 936
287 965
288 339
288 451
288 490
288 708
288 975
289 295
289 505
289 675
289 718
289 931
289 998
290 301
290 468
290 524
290 701
290 995
291 468
291 804
291 827
291 995
292 583
292 711
292 729
292 888
293 306
293 361
293 451
293 943
294 561
294 628
294 663
294 716
294 776
294 868
295 441
295 617
295 718
295 998
296 309
296 511
296 617
296 642
296 756
297 583
297 599
297 711
297 781
297 801
298 329
298 390
298 395
298 464
298 873
299 422
299 659
299 802
300 525
300 560
300 577
300 664
300 689
300 769
301 701
301 777
301 887
301 995
302 310
302 709
302 717
302 798
303 400
303 422
303 659
303 743
304 409
304 816
304 889
304 903
305 396
305 438
305 567
305 609
305 942
306 451
306 879
307 360
307 382
307 678
308 377
308 750
308 917
309 479
310 605
310 684
310 717
310 798
311 354
311 513
311 667
311 768
311 811
311 932
312 364
312 402
312 648
312 849
313 406
313 434
313 602
313 857
313 973
314 369
314 398
314 548
314 588
315 403
315 503
315 639
315 674
315 719
316 317
316 552
316 638
316 766
317 608
317 647
318 389
318 444
318 476
318 603
318 852
318 905
318 934
319 328
319 346
319 443
319 753
319 793
319 794
320 457
320 983
321 578
321 785
321 842
321 958
322 645
322 761
322 783
322 955
323 376
323 383
323 507
323 658
323 751
323 878
324 522
324 672
324 935
325 436
325 497
325 549
325 568
325 632
326 571
326 578
326 702
326 746
326 958
327 363
327 498
327 545
328 391
328 494
328 778
328 794
329 390
329 395
330 439
330 772
330 821
330 956
331 375
331 419
331 474
331 625
331 900
331 985
332 454
332 494
332 592
332 794
332 904
332 951
333 364
333 389
333 833
333 994
334 397
334 404
334 532
334 723
334 753
334 968
335 415
335 738
335 755
335 997
336 640
336 757
337 529
337 615
337 630
337 686
337 748
338 939
338 947
339 490
339 498
339 708
340 420
340 500
340 631
340 823
340 872
341 651
341 817
341 874
341 936
341 964
342 504
342 636
342 837
343 348
343 484
343 959
344 366
344 690
344 767
344 915
345 452
345 470
345 488
345 574
345 999
346 397
346 443
346 739
346 753
347 401
347 875
348 424
348 480
348 950
349 544
349 564
349 644
349 979
350 526
350 790
351 523
351 740
351 939
351 948
352 448
352 594
352 669
352 826
353 412
353 629
353 874
353 964
354 454
354 587
354 592
354 667
354 768
355 731
355 758
355 871
355 890
355 907
355 937
356 772
356 864
357 496
357 806
357 978
358 359
358 378
358 514
358 599
358 824
358 924
359 378
359 583
359 599
359 847
359 949
360 382
360 685
361 451
361 545
361 708
361 943
362 384
362 541
362 610
362 728
362 920
363 461
363 545
363 579
363 843
363 943
364 389
364 849
365 449
365 876
365 883
365 972
366 415
366 635
366 690
366 767
366 865
367 547
367 554
367 575
367 629
367 867
368 391
368 587
368 778
368 927
368 967
369 548
369 858
370 387
370 544
370 710
370 815
370 940
371 408
371 615
371 627
371 686
372 623
372 636
372 716
372 825
373 416
373 469
373 582
373 869
373 873
374 498
374 678
374 916
375 419
375 474
375 537
375 676
375 736
376 383
376 507
376 949
377 649
377 750
378 399
378 514
378 528
378 825
378 949
379 490
379 492
379 688
379 881
379 956
379 975
380 425
380 455
380 798
381 792
382 595
382 683
382 685
382 733
383 878
383 896
383 949
384 472
384 610
384 664
384 920
385 426
385 563
385 814
386 620
386 894
386 904
386 951
387 707
387 815
388 816
388 914
389 476
389 849
389 905
389 994
390 464
390 715
390 884
390 895
391 494
391 587
391 618
391 778
392 481
392 672
392 760
392 972
392 988
393 502
393 615
393 627
394 614
394 643
394 706
394 961
395 482
395 694
396 438
396 845
397 411
397 723
397 739
397 753
398 550
398 588
398 699
399 514
399 528
399 561
400 713
400 743
400 879
401 614
401 662
401 706
401 875
402 522
402 648
402 935
403 623
403 639
404 500
404 753
404 793
404 968
405 607
405 650
405 763
405 856
406 649
406 857
407 577
407 693
407 854
408 627
408 633
408 761
408 770
409 816
409 996
410 677
410 700
410 886
410 969
411 723
411 739
412 429
412 432
412 874
413 427
413 565
413 691
414 634
414 725
414 901
415 635
415 755
415 997
416 448
416 582
416 873
417 491
417 616
417 807
417 953
418 581
418 656
418 747
418 764
418 913
418 990
419 517
419 540
419 625
419 736
419 838
419 991
420 500
420 631
420 812
421 670
422 659
423 730
423 775
423 802
423 833
423 848
424 950
425 655
425 660
425 684
425 798
425 911
426 960
427 478
427 487
427 565
427 691
427 872
428 582
428 834
428 869
429 432
429 554
429 680
430 486
430 492
430 572
430 595
430 688
430 733
431 495
431 752
431 881
432 680
432 817
432 874
433 466
433 765
433 846
433 902
434 657
434 945
435 452
435 574
435 855
435 976
436 549
436 551
436 632
436 981
437 463
437 741
437 933
437 966
438 567
438 845
438 929
439 492
439 572
439 772
439 956
440 536
440 661
440 697
440 780
441 445
441 650
441 931
441 998
442 499
442 529
442 748
443 794
444 506
444 905
444 934
445 533
445 687
445 692
445 839
445 931
446 455
446 920
447 520
447 899
447 916
448 834
449 811
449 876
449 883
449 910
450 538
450 598
450 700
450 744
450 886
450 919
451 708
451 752
451 975
452 574
453 501
453 564
453 889
454 494
454 587
454 592
454 618
456 635
456 987
457 601
457 612
457 829
457 946
457 983
458 549
458 600
458 677
458 981
459 511
459 535
459 570
459 576
459 756
459 759
459 863
460 624
460 842
460 897
460 974
461 579
461 843
461 924
462 489
462 597
462 707
462 732
462 927
463 471
463 741
464 873
465 485
465 722
465 785
465 822
465 923
466 727
466 846
466 876
466 910
467 679
467 861
467 913
468 524
468 685
468 860
468 995
469 477
469 788
469 869
469 873
470 534
470 574
470 747
470 976
470 999
471 597
471 741
471 954
472 510
472 610
472 664
472 719
473 679
473 712
473 882
474 537
474 925
474 985
475 604
475 606
475 637
475 888
475 933
475 966
476 603
476 727
476 849
477 788
477 895
478 691
478 823
478 872
479 660
479 684
479 718
480 651
480 691
480 944
480 959
481 672
481 988
482 694
482 817
482 936
483 749
483 797
483 961
484 853
484 921
484 959
485 780
485 785
485 822
485 853
486 572
486 595
486 851
487 532
487 565
487 872
487 968
487 977
488 491
488 999
489 557
489 584
489 597
489 732
489 902
490 688
490 975
491 616
491 953
491 999
492 572
492 688
492 956
493 524
493 683
493 851
493 860
493 864
494 618
494 794
495 821
496 517
496 540
496 806
497 549
497 568
497 600
499 529
499 738
499 980
500 793
500 812
501 564
501 831
501 889
501 903
502 562
502 771
503 639
503 674
503 960
504 541
504 837
505 675
505 718
505 911
506 604
506 637
506 682
506 905
506 994
508 695
508 770
508 918
508 963
509 538
509 570
509 598
509 897
510 674
510 719
511 642
511 756
512 773
512 803
513 667
513 765
513 811
513 910
514 824
515 737
515 799
515 885
516 608
516 638
516 729
516 989
517 540
517 806
517 838
518 653
518 750
518 841
518 857
518 941
518 984
519 844
521 536
521 542
521 703
522 648
522 666
522 908
522 935
523 705
523 939
524 701
524 860
525 769
526 631
526 950
527 573
527 720
528 561
528 868
529 630
529 748
529 980
530 619
530 647
530 710
530 940
531 555
531 828
531 848
532 723
532 787
532 968
532 977
533 687
533 692
533 797
534 569
534 581
534 747
534 754
534 791
534 999
535 576
535 681
535 709
535 717
535 863
535 866
536 661
536 703
536 744
537 676
537 734
537 925
537 957
538 598
538 744
539 609
539 649
539 698
539 942
540 991
541 728
541 837
542 788
542 836
543 658
543 751
544 644
544 710
544 859
544 928
544 979
545 943
546 548
546 588
546 779
546 926
547 554
547 680
547 867
548 588
548 779
548 858
549 600
549 981
550 699
550 774
550 832
551 632
551 784
552 766
552 831
553 740
553 790
553 859
553 948
554 629
554 680
555 828
555 848
556 622
556 810
556 818
556 864
557 732
557 765
557 902
557 927
557 967
558 792
558 988
559 602
559 646
559 712
559 755
559 893
559 973
559 986
560 689
561 628
561 670
561 795
561 868
562 721
562 877
563 720
563 814
564 644
564 979
565 575
565 629
565 977
566 704
566 830
566 859
566 928
566 952
567 929
568 625
568 632
568 763
568 838
568 900
569 581
569 791
569 805
570 759
570 897
571 590
571 746
571 782
571 789
572 772
573 674
573 720
574 976
575 629
575 787
575 977
576 681
576 759
576 922
577 664
577 693
577 769
578 746
578 922
578 958
579 824
579 924
580 695
580 885
580 918
580 963
581 745
581 747
581 757
581 913
582 834
582 869
583 599
583 711
583 847
584 902
585 764
585 845
586 830
586 880
586 928
587 618
587 667
587 967
588 699
588 926
589 668
589 862
589 930
590 789
590 996
592 768
592 951
593 620
593 726
593 904
594 669
594 714
595 683
595 733
595 851
596 607
596 626
596 734
596 839
596 925
597 707
598 677
598 886
599 781
599 924
600 677
601 612
601 898
602 646
602 657
602 803
602 973
603 852
604 637
604 934
604 966
605 684
605 717
605 866
606 637
606 840
606 888
606 983
607 650
607 839
608 647
608 729
608 808
609 698
609 942
610 719
610 728
610 837
611 726
612 713
612 879
612 946
613 675
613 844
614 662
614 706
614 797
614 961
615 627
615 630
615 686
616 754
616 777
616 807
616 999
619 647
619 741
619 815
619 940
619 954
620 792
620 894
620 904
621 642
621 763
621 856
622 810
623 636
623 663
623 716
623 776
624 661
624 842
625 838
625 900
626 900
626 925
626 985
627 633
628 670
628 776
630 971
630 992
631 823
632 838
633 770
633 918
636 825
637 983
638 989
639 960
640 679
640 745
640 757
640 913
641 712
642 856
643 654
643 706
643 724
643 835
644 710
645 955
645 970
646 712
646 773
646 803
648 666
648 730
651 944
651 964
652 969
652 981
653 841
653 984
653 986
654 724
654 832
654 835
654 915
655 911
656 747
656 855
656 976
656 990
657 803
658 751
658 766
658 878
659 775
659 802
660 684
660 718
660 911
661 780
662 687
663 716
663 776
664 689
665 805
666 730
666 908
667 765
667 967
668 807
668 827
668 862
669 714
669 826
669 978
670 795
671 696
671 818
672 760
672 891
672 935
673 696
673 993
674 719
675 786
675 931
676 736
676 926
677 886
677 969
677 981
678 899
678 916
678 930
679 712
679 861
679 882
681 709
681 870
681 922
682 994
683 851
684 798
686 748
687 786
687 931
690 865
690 970
692 734
692 749
692 797
692 839
692 906
692 957
693 854
695 918
695 963
696 818
696 993
697 780
697 836
697 853
698 814
699 767
699 832
699 850
700 886
700 919
701 887
702 880
702 958
704 809
704 923
704 952
705 939
705 947
706 724
706 875
709 717
709 782
709 870
710 940
711 801
711 840
711 888
712 773
713 879
713 946
714 978
715 884
715 895
715 921
716 868
717 866
718 911
719 837
721 877
721 917
722 923
722 958
723 787
724 783
724 875
724 955
725 901
727 846
727 849
727 876
728 837
729 808
729 888
729 933
730 833
731 758
731 907
732 927
734 839
734 925
734 957
735 813
735 871
735 907
736 991
737 799
737 885
737 918
737 938
738 755
738 893
738 997
740 790
740 939
740 948
741 954
742 812
742 892
742 962
743 752
743 993
745 757
745 913
746 782
746 870
746 922
747 976
749 797
749 858
749 906
750 941
753 793
754 777
754 791
754 805
754 887
754 999
755 893
756 863
758 890
759 897
759 922
759 974
760 891
760 972
761 770
762 771
762 799
762 938
763 856
763 900
764 861
764 913
764 990
765 902
765 967
767 850
767 915
768 932
770 918
771 938
773 803
775 802
775 848
776 820
777 807
777 827
777 995
778 962
779 858
779 906
780 785
780 853
781 801
781 843
781 898
781 924
782 789
782 870
783 875
783 955
784 978
786 931
787 977
788 869
790 809
791 805
792 894
792 988
794 904
796 816
796 903
796 914
796 982
797 961
799 938
800 847
800 878
800 896
800 989
801 898
804 827
804 862
805 887
806 838
807 827
808 933
809 822
809 923
810 821
810 864
811 883
811 909
811 910
811 932
813 871
813 937
815 940
815 954
816 903
816 914
817 874
817 936
819 877
819 917
819 971
819 992
821 864
821 956
822 923
823 872
824 924
826 907
827 862
827 995
828 908
829 946
829 983
830 880
830 928
830 952
831 903
832 835
832 850
832 915
833 994
840 888
840 983
841 941
841 986
843 898
843 924
845 929
846 902
847 896
850 915
855 976
855 990
857 973
857 984
858 906
859 928
859 948
861 882
861 913
862 930
863 866
865 970
870 922
871 907
871 937
874 964
876 910
876 972
877 917
878 896
880 952
881 956
881 975
883 909
884 921
884 965
885 918
888 933
889 903
890 937
891 972
892 947
892 962
893 986
896 949
897 974
899 916
899 930
900 985
901 937
904 951
905 994
906 957
909 932
912 953
921 944
921 959
921 965
922 974
925 985
927 967
928 979
931 998
933 966
934 966
936 965
939 947
941 992
942 945
944 959
969 981
971 992
973 984
973 986
984 986
233 551
587 376
329 686
718 151
472 777
727 464
530 299
696 867
694 679
137 832
414 933
531 794
17 623
330 916
410 68
336 485
642 773
745 157
288 797
548 585
504 952
920 317
979 480
708 774
476 517
179 452
641 677
737 783
695 228
602 121
836 519
410 429
593 844
477 107
219 509
536 157
523 570
898 783
309 693
639 819
780 783
639 279
525 464
740 640
375 644
561 753
449 849
108 484
341 390
110 245
225 97
518 961
499 799
608 954
885 649
61 503
770 477
608 461
330 278
439 732
445 629
530 618
850 745
473 696
472 43
212 864
460 427
34 618
628 238
39 549
794 118
149 344
308 44
384 166
663 305
172 261
790 579
350 634
593 517
716 305
358 442
691 322
109 582
172 782
815 419
616 535
568 605
848 681
661 774
88 612
52 667
357 65
758 212
395 232
441 414
904 719
600 743
225 783
500 281
55 644
588 231
489 997
98 781
844 191
288 896
443 610
211 888
461 834
410 987
888 323
733 315
584 650
667 357
216 420
599 353
934 604
444 145
467 969
96 592
436 97
533 594
353 144
370 300
560 99
152 413
198 516
933 732
245 310
618 913
174 594
387 702
358 111
522 79
185 302
873 664
568 226
37 414
40 686
91 524
338 704
912 613
254 569
94 712
73 456
831 160
548 386
701 372
539 422
303 262
675 236
172 708
278 392
987 555
511 428
823 546
808 843
202 179
607 410
928 569
901 344
475 475
585 531
420 917
531 282
502 173
731 766
527 228
489 187
214 384
558 804
206 764
491 980
414 797
615 332
138 373
833 755
79 641
438 583
534 694
741 346
854 473
713 505
884 632
277 913
37 482
286 292
644 80
447 14
105 265
441 516
372 569
886 285
261 364
547 459
816 340
249 412
518 274
520 757
709 127
340 546
746 727
271 741
310 941
395 512
183 657
751 566
567 554
686 492
345 529
149 531
750 77
763 252
513 156
758 800
975 573
562 485
563 184
386 430
615 895
302 806
733 109
784 172
804 671
306 918
898 589
692 87
652 176
736 662
571 374
250 278
633 385
261 889
89 272
250 329
421 764
938 651
417 454
442 559
111 698
647 372
163 395
516 45
758 344
643 346
540 344
681 617
257 658
873 739
169 135
528 866
800 552
770 668
345 264
461 230
197 608
449 940
157 575
599 271
387 266
865 685
192 128
854 629
291 690
689 956
589 823
776 288
965 669
639 105
421 412
773 227
392 931
952 406
37 361
775 571
900 636
233 625
894 271
633 64
308 666
807 733
801 717
543 191
423 341
241 107
79 410
416 367
304 720
758 884
143 451
727 408
159 196
181 246
317 549
174 509
331 352
736 440
743 493
277 522
814 886
151 615
584 324
178 197
623 502
123 589
520 540
429 132
163 525
160 312
574 158
709 482
647 482
309 858
187 737
529 57
951 331
423 313
402 556
394 585
264 700
441 886
236 568
656 667
803 183
392 470
124 802
876 549
608 602
197 438
431 871
770 898
50 423
908 472
368 893
188 692
498 900
707 54
240 88
676 138
486 770
150 433
533 831
669 896
425 381
645 801
853 163
326 221
459 920
778 267
617 817
495 625
542 761
490 715
980 636
619 934
332 866
929 692
27 387
958 553
292 467
312 479
148 279
169 484
492 392
219 470
206 708
229 834
811 111
545 966
389 815
930 338
443 677
706 161
374 386
858 832
189 371
934 458
384 455
551 137
327 427
111 433
610 429
283 931
132 317
371 473
528 354
434 194
346 929
419 705
548 479
224 698
779 848
395 845
184 846
665 214
856 303
773 918
419 93
480 918
945 305
299 395
147 557
806 283
166 768
407 317
497 879
815 472
544 83
578 262
710 178
552 545
837 619
493 935
647 963
588 886
832 713
731 59
885 815
257 258
317 115
940 494
499 815
268 302
141 598
135 676
586 771
654 424
419 226
573 884
854 766
612 978
99 359
78 478
667 963
303 785
498 54
355 174
888 561
341 647
397 117
70 397
713 718
786 426
687 103
437 905
247 671
807 399
551 411
232 372
925 763
248 828
803 638
146 486
348 224
502 582
366 876
602 442
767 110
215 568
840 581
726 535
705 628
249 466
394 756
333 664
822 870
623 696
276 786
323 48
135 209
827 808
286 182
370 696
493 328
388 40
901 447
291 618
244 729
803 803
578 849
695 464
636 862
151 846
702 927
857 341
677 780
646 739
67 350
545 898
304 243
360 742
132 434
281 244
95 411
62 284
389 870
60 488
970 526
851 541
185 415
667 94
487 854
477 559
652 222
442 268
444 389
709 410
236 657
400 443
746 252
756 608
482 293
764 537
467 25
302 823
305 423
692 286
351 562
953 525
591 71
674 331
243 396
768 707
118 762
474 712
154 148
626 313
557 788
522 192
312 383
665 113
427 638
94 694
526 905
816 370
272 162
689 534
745 675
907 430
765 633
491 127
966 500
460 389
774 727
456 483
492 656
200 466
953 383
551 997
943 357
862 567
921 278
914 581
437 533
520 701
589 966
66 677
7 558
344 782
237 915
538 5
579 347
303 359
620 213
462 202
494 608
559 918
540 672
395 133
885 512
241 135
735 584
600 587
74 380
501 233
335 207
543 942
682 562
572 297
643 621
247 447
726 283
263 113
878 799
316 525
330 718
365 88
545 635
356 847
982 387
227 287
575 580
622 368
336 901
372 956
985 600
99 332
849 445
378 718
794 604
287 501
832 567
217 532
523 28
263 720
263 641
661 497
273 597
828 446
359 594
459 138
491 351
440 971
196 551
711 351
826 321
673 172
245 226
753 476
370 859
404 663
356 962
814 520
16 533
373 361
709 658
901 498
861 457
688 190
309 325
577 952
654 132
539 807
905 543
707 211
829 737
785 98
390 393
253 629
374 554
404 263
285 50
428 15
779 504
841 270
471 634
816 167
504 8
406 624
139 738
529 119
803 439
650 875
879 617
592 47
857 236
649 394
309 144
499 39
428 506
119 622
696 438
715 681
808 326
348 350
537 319
207 112
126 720
325 842
222 272
965 625
283 327
69 627
155 805
77 533
462 283
719 372
958 421
829 596
202 317
357 27
596 986
650 557
207 634
85 306
657 469
130 268
690 146
801 365
126 411
562 347
833 141
600 865
867 386
549 270
706 947
731 262
73 575
718 734
470 151
936 262
838 636
173 175
585 630
768 683
563 680
470 733
820 275
413 723
157 465
640 540
451 646
283 544
410 14
180 558
970 601
749 834
346 374
653 514
712 434
466 312
484 209
606 204
611 664
506 920
829 237
845 702
397 960
266 771
480 373
328 571
144 711
956 682
365 770
118 342
877 413
903 655
955 466
690 270
682 56
466 944
508 727
381 662
459 812
134 548
760 653
275 82
627 601
294 150
689 122
872 368
579 107
430 464
105 515
481 898
226 172
696 42
725 517
256 81
939 705
706 581
194 822
761 192
659 284
838 488
332 109
324 806
417 517
909 214
309 883
612 284
737 213
649 247
44 396
478 10
907 309
118 646
348 317
199 206
418 832
927 380
687 711
266 508
608 572
807 227
933 589
658 703
750 368
528 937
807 766
595 563
532 728
239 155
258 937
471 873
402 908
267 339
505 493
841 354
633 466
674 277
357 511
256 532
139 642
492 22
188 268
223 129
949 540
229 251
349 607
555 720
10 481
269 855
482 825
890 673
458 171
426 682
534 518
679 925
32 588
624 154
352 288
42 450
602 725
547 823
273 436
355 417
962 653
214 255
49 707
220 596
543 650
467 547
889 253
177 680
881 758
869 254
743 744
429 357
918 528
840 426
268 575
613 69
692 654
246 492
688 340
376 103
305 768
339 505
104 656
225 734
904 229
68 326
289 719
656 759
542 243
340 157
800 498
551 64
918 353
498 679
117 209
344 55
207 277
703 526
9 423
805 139
695 510
535 995
317 365
849 793
638 575
906 676
556 861
847 853
651 920
804 257
241 812
618 178
384 488
166 540
568 642
93 451
358 43
242 848
739 859
708 281
819 615
188 171
305 588
505 554
922 714
184 799
443 776
655 35
341 955
778 815
360 490
740 606
235 522
230 344
878 480
863 714
324 771
489 532
372 931
238 684
912 395
935 672
80 742
256 873
272 817
691 420
292 273
305 82
524 487
877 209
213 354
596 163
715 257
833 659
510 404
713 835
658 594
589 697
269 473
874 447
972 405
377 789
527 641
380 131
218 308
746 385
279 879
317 608
272 674
146 789
698 885
897 697
675 259
488 734
436 663
622 85
463 120
192 502
660 850
454 97
197 577
460 748
503 699
354 465
574 787
350 907
556 662
280 262
384 678
825 197
72 425
903 411
609 647
655 826
428 250
850 325
433 819
742 299
635 912
713 868
298 632
346 808
522 889
861 610
817 151
638 141
216 825
555 19
696 613
120 465
333 184
540 927
954 593
508 633
652 96
860 586
503 449
241 583
572 39
892 461
634 34
727 129
181 873
356 544
342 128
962 485
627 121
99 562
200 663
183 230
556 569
705 75
742 404
269 216
