1000 2950 10
56 3 55 83 54 66 3 34 52 76 81 85 97 28 79 59 27 65 8 35 69 1 84 10 48 45 36 96 80 10 59 4 13 42 62 5 44 76 5 1 25 67 58 17 16 54 49 63 8 70 49 34 80 44 18 90 47 83 33 46 6 23 90 39 94 100 46 92 86 95 9 74 69 59 41 4 52 75 56 44 38 46 33 76 44 57 10 30 81 35 6 90 32 72 67 32 96 71 7 46 32 89 5 56 47 3 81 12 22 83 32 30 23 26 24 9 28 43 14 20 98 70 49 1 68 27 76 85 40 26 39 58 44 53 88 7 70 35 75 11 30 78 73 87 65 20 74 92 65 10 45 74 98 45 58 31 17 13 87 86 17 51 8 43 42 56 97 86 27 78 59 71 19 64 80 67 85 61 21 59 100 70 41 98 25 69 67 90 96 34 85 53 68 52 6 9 70 36 40 36 61 29 82 96 61 8 60 71 25 18 89 16 93 10 11 37 25 40 63 84 95 44 47 94 32 32 66 53 29 12 90 6 83 75 51 11 86 51 11 79 94 69 57 28 37 93 12 41 62 91 16 44 59 57 6 45 70 43 35 28 96 89 42 39 27 11 45 63 51 24 7 21 99 67 2 38 1 39 37 27 60 1 82 53 61 30 10 4 70 10 45 8 92 27 51 55 83 84 88 15 65 38 13 8 32 36 72 37 87 96 63 45 87 89 31 85 67 97 79 58 88 79 15 4 95 36 51 52 39 26 98 71 31 36 1 3 21 12 39 29 86 63 91 16 74 29 82 17 63 67 38 15 88 8 44 53 91 29 59 85 89 79 92 39 65 41 4 83 92 69 60 37 61 32 28 62 42 91 94 89 76 47 46 29 94 78 69 81 44 14 92 36 36 76 19 49 29 30 78 71 16 15 71 93 1 66 29 24 72 1 9 63 94 85 89 57 19 51 76 59 96 67 76 21 40 37 16 46 77 63 58 48 55 80 49 81 15 84 78 26 33 98 4 39 99 21 78 2 53 86 47 16 40 47 11 65 11 30 63 25 78 7 11 96 56 28 54 72 76 97 32 17 42 85 82 74 5 22 40 90 60 44 72 24 8 82 81 58 10 25 80 41 41 24 73 95 21 62 76 78 57 43 94 84 12 92 29 33 34 78 49 12 56 9 84 38 54 75 22 50 50 90 27 41 16 42 100 6 93 29 47 9 38 3 72 88 55 72 25 78 5 55 9 90 86 53 68 32 54 99 81 80 33 4 50 38 59 21 98 80 50 24 99 71 27 12 28 6 13 74 65 7 30 53 77 91 15 82 14 67 72 96 98 62 28 66 16 37 54 67 11 49 1 89 93 30 38 50 10 62 26 63 35 83 2 100 49 34 80 57 100 10 10 54 2 59 73 77 3 95 55 17 82 16 81 88 61 9 45 35 80 27 87 21 59 77 8 81 36 95 44 11 95 31 56 64 2 75 14 47 60 25 4 46 48 89 48 89 65 98 25 12 67 68 25 6 48 70 74 59 4 9 42 10 84 56 63 25 42 45 26 4 42 52 3 64 19 47 12 32 89 55 71 7 18 26 64 49 5 32 3 63 30 27 58 65 64 97 100 54 28 89 45 72 76 84 87 24 1 80 15 35 31 34 10 80 67 1 93 79 84 90 98 74 7 73 5 22 81 70 94 49 72 61 96 76 97 37 79 32 42 70 68 76 15 93 7 79 51 86 31 74 28 35 67 92 6 6 60 45 5 44 7 41 83 24 6 31 26 79 12 71 9 50 39 46 64 87 28 36 54 53 86 26 83 70 94 44 22 26 12 74 99 64 34 100 80 10 46 67 44 36 56 5 72 63 47 58 51 62 9 75 24 58 34 83 17 58 59 61 2 7 6 40 40 93 57 12 66 10 76 65 82 93 76 26 63 88 90 25 29 37 31 35 17 99 100 10 1 59 22 8 86 66 100 30 85 8 38 11 93 50 92 59 46 43 83 63 87 11 52 98 65 85 28 87 67 86 98 51 62 70 75 10 58 52 12 80 53 29 57 81 47 63 99 90 69 95 2 84 8 92 47 82 62 33 8 84 36 37 8 93 84 98 76 1 31 74 83 6 76 19 32 38 3 73 1 65 46 92 21 22 70 58 56 15 82 14 75 84 19 10 76 39 35 89 29 85 40 82 10 88 18 90 23 22 90 14 5 9 93 5 56 40 81 8 58 70 8 25 22 80 51 70 23 6 63 79 80 1 57 85 65 76 90 17 39 12 53 65
0 4
0 181
0 858
0 932
1 400
1 543
1 588
1 632
1 772
1 971
1 999
2 63
2 571
2 784
2 785
2 966
3 412
3 563
3 693
3 745
3 770
3 783
3 970
4 25
4 181
4 338
4 394
4 660
4 932
5 166
5 169
5 212
5 671
5 854
5 935
6 184
6 185
6 316
6 816
6 933
6 987
7 98
7 232
7 308
7 840
8 643
8 741
8 745
8 759
8 924
8 970
9 131
9 143
9 223
9 750
9 836
9 869
10 39
10 210
10 353
10 401
10 508
11 145
11 486
11 505
11 657
11 703
12 522
12 692
12 694
12 801
12 851
13 520
13 691
13 779
13 787
13 930
14 82
14 122
14 152
14 602
14 708
14 926
14 974
15 29
15 389
15 557
15 706
15 794
15 838
16 78
16 171
16 679
16 733
17 100
17 274
17 397
17 830
17 907
17 945
18 125
18 139
18 654
18 819
18 914
19 57
19 301
19 390
19 466
19 720
19 850
20 197
20 265
20 325
20 438
20 497
20 724
21 121
21 228
21 744
21 866
21 889
21 946
22 108
22 194
22 371
22 384
22 526
22 716
23 267
23 578
23 589
23 688
23 838
23 876
23 880
24 190
24 203
24 335
24 513
24 586
24 647
24 925
25 87
25 181
25 216
25 338
25 464
25 677
26 225
26 364
26 428
26 754
27 233
27 298
27 452
27 579
27 749
27 997
28 106
28 180
28 214
28 250
28 683
28 860
28 917
29 161
29 434
29 706
29 838
30 156
30 204
30 756
30 877
30 902
31 385
31 611
31 763
31 773
31 824
31 983
32 158
32 249
32 521
32 635
32 834
32 928
33 91
33 738
33 795
33 856
33 959
34 95
34 142
34 195
34 201
34 288
34 550
34 629
35 676
35 682
35 908
35 933
35 996
36 133
36 154
36 442
36 675
36 768
36 865
36 909
37 48
37 130
37 608
37 726
37 899
37 916
38 146
38 244
38 390
38 757
38 844
39 128
39 193
39 353
39 508
40 174
40 275
40 357
40 499
40 789
41 379
41 543
41 592
41 606
41 620
41 968
42 124
42 522
42 667
42 692
42 714
42 802
42 949
43 63
43 377
43 503
43 808
43 893
43 966
44 335
44 504
44 597
44 626
45 125
45 275
45 357
45 562
45 654
46 355
46 396
46 538
46 574
46 587
46 963
47 234
47 546
47 689
47 753
47 778
48 293
48 314
48 627
48 650
48 696
48 861
48 899
48 916
49 51
49 139
49 562
49 654
49 684
50 69
50 117
50 290
50 359
50 550
50 599
51 70
51 139
51 280
51 309
51 644
51 684
51 842
52 433
52 585
52 707
52 767
52 942
52 961
53 243
53 362
53 461
53 514
53 894
53 943
54 101
54 251
54 342
54 384
54 716
54 769
55 97
55 184
55 548
55 561
55 812
55 816
56 99
56 247
56 268
56 516
56 796
57 167
57 301
57 345
57 466
57 755
57 901
58 193
58 220
58 343
58 365
58 496
58 510
58 746
59 270
59 306
59 450
59 664
59 778
59 848
60 301
60 334
60 351
60 451
60 850
60 901
61 531
61 580
61 648
61 776
61 868
62 238
62 376
62 391
62 495
62 656
62 713
62 982
63 166
63 369
63 419
63 571
63 782
63 893
63 966
64 281
64 560
64 582
64 862
64 903
65 136
65 277
65 354
65 712
65 803
65 892
65 993
66 72
66 165
66 188
66 623
66 674
66 963
67 107
67 225
67 428
67 858
67 932
68 177
68 186
68 324
68 662
68 833
69 95
69 117
69 332
69 550
70 280
70 292
70 309
70 524
70 673
71 238
71 375
71 449
71 637
71 680
72 317
72 568
72 674
72 753
72 963
73 296
73 541
73 601
73 866
73 940
74 248
74 378
74 423
74 522
74 553
74 919
75 249
75 370
75 509
75 635
75 670
75 722
75 995
76 366
76 429
76 726
76 757
76 817
76 916
76 953
77 155
77 360
77 421
77 500
77 946
78 171
78 342
78 679
78 721
78 743
79 393
79 638
79 640
79 688
79 828
79 876
80 138
80 226
80 308
80 310
80 470
80 624
81 439
81 492
81 687
81 782
81 864
81 951
82 152
82 382
82 527
82 826
82 926
82 992
83 102
83 425
83 649
83 705
84 153
84 179
84 329
84 356
84 462
84 473
85 298
85 323
85 628
85 837
86 189
86 312
86 346
86 491
86 529
86 984
87 181
87 677
87 858
88 413
88 431
88 581
88 625
88 921
89 224
89 380
89 528
89 897
90 239
90 375
90 412
90 614
90 680
90 857
91 110
91 738
91 795
91 918
91 941
92 350
92 420
92 492
92 523
92 715
93 94
93 104
93 106
93 168
93 214
94 104
94 106
94 313
94 480
95 332
95 550
95 629
96 165
96 197
96 202
96 294
96 438
96 799
96 975
97 230
97 812
97 816
98 114
98 191
98 232
98 308
98 310
98 810
98 956
99 511
99 516
99 606
99 661
99 796
99 915
100 187
100 217
100 830
100 945
100 991
101 251
101 615
101 769
101 877
101 902
101 905
102 232
102 425
102 453
102 649
102 780
102 823
103 159
103 327
103 459
103 612
103 813
103 900
104 168
104 313
104 972
105 339
105 350
105 427
105 456
105 715
105 994
106 214
106 480
106 683
106 890
106 982
107 205
107 428
107 660
107 932
108 194
108 384
108 468
108 535
108 679
108 733
109 262
109 427
109 463
109 598
109 898
110 299
110 413
110 738
110 918
110 921
111 331
111 440
111 541
111 591
112 398
112 409
112 521
112 564
112 724
112 928
113 206
113 336
113 483
113 697
113 714
113 885
114 191
114 310
114 407
114 575
115 160
115 476
115 494
115 737
115 938
115 952
116 287
116 330
116 430
116 487
116 725
116 792
117 332
117 359
118 435
118 546
118 568
118 841
118 848
119 228
119 281
119 405
119 582
119 874
119 931
120 198
120 358
120 551
120 973
121 455
121 488
121 710
121 744
121 866
122 152
122 157
122 341
122 602
122 634
123 259
123 266
123 563
123 770
123 857
124 651
124 802
124 815
124 871
124 949
125 275
125 654
125 819
125 839
126 297
126 329
126 408
126 756
126 847
127 395
127 732
127 775
127 787
127 930
127 967
128 164
128 193
128 433
128 508
128 746
128 942
129 244
129 293
129 627
129 650
129 757
129 895
129 944
130 608
130 695
130 899
130 947
131 223
131 376
131 391
131 835
131 836
132 138
132 280
132 407
132 673
132 842
132 939
133 279
133 336
133 426
133 653
133 865
133 909
134 363
134 530
134 717
134 846
134 875
135 344
135 365
135 393
135 672
135 707
135 762
135 828
136 264
136 354
136 721
136 743
136 993
137 312
137 381
137 471
137 711
137 742
137 815
138 226
138 310
138 407
138 673
138 699
139 276
139 300
139 654
139 842
139 914
140 252
140 337
140 533
140 552
140 732
141 194
141 371
141 468
141 680
141 913
142 288
142 332
142 486
142 629
143 223
143 278
143 728
143 869
144 255
144 333
144 681
144 740
144 798
145 288
145 486
145 494
145 657
146 390
146 720
146 757
146 817
147 367
147 385
147 549
147 904
147 983
148 374
148 379
148 730
148 964
148 986
149 157
149 287
149 341
149 373
149 487
149 906
150 544
150 604
150 737
150 764
150 952
151 200
151 590
151 618
151 665
151 739
152 382
152 634
152 843
153 239
153 356
153 462
153 680
153 913
154 257
154 305
154 414
154 442
154 642
154 865
154 867
155 228
155 281
155 360
155 777
155 946
156 251
156 408
156 526
156 756
156 902
157 175
157 341
157 373
157 489
157 634
158 265
158 321
158 521
158 525
158 834
158 960
159 539
159 779
159 813
159 856
159 900
159 959
160 476
160 494
160 657
160 700
161 434
161 450
161 589
161 788
161 838
162 468
162 535
162 637
162 680
162 835
163 347
163 367
163 485
163 549
163 825
163 904
164 404
164 433
164 508
164 767
165 188
165 202
165 422
165 623
165 761
165 975
166 169
166 419
166 645
166 782
166 935
167 231
167 243
167 345
167 416
167 466
167 630
168 214
168 388
168 669
168 920
168 972
169 263
169 419
169 671
170 636
170 645
170 819
170 839
170 854
170 935
171 278
171 512
171 728
171 733
171 743
172 418
172 474
172 774
172 795
172 856
173 475
173 531
173 648
173 798
173 934
174 275
174 481
174 498
174 499
174 621
174 832
175 215
175 489
175 634
176 230
176 426
176 616
176 653
176 748
176 793
177 324
177 406
177 833
177 874
177 903
177 957
178 201
178 284
178 472
178 494
178 532
178 540
178 938
179 297
179 318
179 329
179 473
179 891
180 250
180 456
180 523
180 595
180 860
180 989
181 858
182 322
182 392
182 531
182 776
182 954
183 236
183 513
183 586
183 596
183 868
183 925
184 362
184 432
184 548
184 816
184 829
184 894
184 933
185 316
185 682
185 793
185 987
186 291
186 324
186 454
186 593
186 662
186 948
187 217
187 357
187 562
187 684
187 789
187 991
188 303
188 422
188 674
189 346
189 448
189 886
189 984
190 203
190 335
190 380
190 519
191 575
191 955
191 956
192 213
192 227
192 420
192 481
192 502
192 617
192 621
192 805
193 219
193 343
193 353
193 746
194 371
194 468
195 201
195 472
195 532
195 550
195 881
196 218
196 247
196 734
196 796
196 911
197 202
197 207
197 294
197 438
197 497
197 771
198 255
198 333
198 358
198 536
198 973
199 351
199 373
199 489
199 577
199 901
200 261
200 590
200 739
201 288
201 494
201 532
202 207
202 422
203 519
203 587
203 647
204 297
204 756
204 877
205 242
205 315
205 327
205 428
205 482
205 660
206 336
206 697
206 976
207 386
207 422
207 771
207 911
207 927
208 391
208 444
208 495
208 655
208 763
208 784
208 806
209 262
209 320
209 600
209 804
209 822
210 401
210 423
210 508
210 742
210 919
211 249
211 263
211 565
211 670
211 671
211 979
211 995
212 670
212 671
212 854
212 873
213 340
213 598
213 617
213 805
213 822
214 917
214 920
215 489
215 506
215 634
215 907
216 237
216 338
216 464
216 610
216 821
216 884
217 252
217 337
217 789
217 830
218 511
218 558
218 588
218 796
218 911
218 927
218 971
219 343
219 353
219 491
219 619
219 666
220 365
220 707
220 746
220 942
221 328
221 362
221 432
221 910
222 240
222 242
222 253
222 338
222 394
222 641
223 535
223 728
223 835
224 380
224 652
224 897
225 428
225 749
225 754
225 858
226 429
226 470
226 594
226 699
226 953
227 420
227 439
227 481
227 951
227 958
228 281
228 296
228 405
228 889
228 946
229 277
229 618
229 665
229 883
229 892
229 977
230 616
230 793
230 812
230 816
231 243
231 272
231 416
231 461
231 766
232 453
232 810
232 823
232 840
232 896
233 298
233 323
233 452
233 501
233 633
233 998
234 303
234 386
234 659
234 674
234 689
234 753
234 999
235 256
235 269
235 314
235 361
235 609
235 696
236 513
236 574
236 596
237 330
237 641
237 719
237 821
237 884
238 376
238 449
238 493
238 637
238 713
239 356
239 412
239 680
240 253
240 641
240 709
240 735
241 309
241 397
241 644
241 945
242 253
242 315
242 394
242 660
243 461
243 466
243 514
244 757
244 827
244 844
244 895
245 282
245 307
245 311
245 424
245 556
245 725
245 846
245 875
246 344
246 477
246 794
246 811
246 962
246 990
247 268
247 534
247 734
247 796
247 872
248 522
248 553
248 566
248 694
249 507
249 635
249 834
249 979
249 995
250 595
250 605
250 683
250 890
250 893
251 526
251 716
251 902
252 337
252 701
252 732
252 830
253 315
253 735
254 325
254 438
254 547
254 799
254 825
254 981
255 333
255 358
255 475
255 798
255 803
256 269
256 361
256 460
256 576
256 651
256 814
256 871
257 642
257 814
257 867
257 871
257 885
258 478
258 490
258 607
258 765
258 984
259 266
259 410
259 790
259 820
259 857
260 284
260 290
260 368
260 472
260 881
260 972
261 559
261 590
261 739
261 747
262 598
262 600
262 822
262 898
263 419
263 565
263 571
263 671
264 354
264 515
264 613
264 721
264 769
265 321
265 325
265 521
265 724
266 599
266 770
266 820
267 573
267 578
267 876
267 968
268 516
268 534
268 810
269 372
269 460
269 609
270 435
270 458
270 652
270 664
270 848
270 897
271 300
271 819
271 854
271 914
272 282
272 287
272 416
272 725
272 766
273 379
273 573
273 638
273 964
274 334
274 351
274 397
274 489
274 907
275 357
275 498
275 839
275 958
276 300
276 383
276 731
276 842
276 939
277 512
277 631
277 892
277 977
277 993
278 512
278 631
278 728
278 869
279 336
279 653
279 976
280 673
280 842
281 582
281 777
281 862
282 424
282 725
282 766
283 436
283 477
283 554
283 811
284 472
284 540
284 669
284 972
285 534
285 572
285 575
285 863
285 872
285 955
286 464
286 542
286 663
286 677
286 797
287 416
287 487
287 725
287 906
288 486
288 494
289 377
289 444
289 469
289 495
289 808
289 982
290 368
290 550
290 599
290 820
290 881
291 399
291 454
291 685
291 781
291 948
292 524
292 594
292 673
292 699
293 314
293 518
293 650
293 944
294 438
295 323
295 431
295 625
295 628
295 633
295 723
296 405
296 541
296 866
296 889
297 318
297 329
297 756
298 323
299 413
299 520
299 738
299 852
300 383
300 854
300 873
300 914
301 850
301 901
302 411
302 437
302 441
302 559
302 686
302 954
302 975
303 386
303 422
303 674
304 430
304 487
304 602
304 708
304 792
304 912
305 414
305 442
305 548
305 690
305 965
306 434
306 450
306 664
306 704
306 706
307 311
307 610
307 797
307 846
307 884
308 310
308 624
308 840
309 334
309 397
309 524
309 644
310 407
311 719
311 725
311 884
312 381
312 491
312 529
312 711
313 368
313 410
313 480
313 790
313 972
314 518
314 609
314 696
315 482
315 735
315 826
316 682
316 933
317 355
317 568
317 841
317 963
318 741
318 759
318 891
318 924
319 570
319 622
319 664
319 704
319 923
320 399
320 560
320 600
320 603
320 804
320 852
320 929
320 980
321 325
321 525
321 549
321 981
322 411
322 596
322 776
322 868
322 954
323 628
323 633
324 454
324 957
325 438
325 981
326 424
326 766
326 943
326 985
327 364
327 428
327 459
327 482
327 612
328 362
328 514
328 827
328 844
328 910
329 462
329 847
330 430
330 641
330 709
330 719
330 725
330 912
331 541
331 591
331 658
332 359
332 629
332 924
333 348
333 536
333 740
333 845
334 351
334 397
334 451
334 524
335 504
335 586
335 626
335 807
336 865
336 867
336 885
336 976
337 465
337 552
337 789
338 394
338 641
338 821
339 415
339 427
339 456
339 702
339 758
339 831
340 555
340 804
340 805
340 822
340 832
340 879
341 487
341 602
342 384
342 679
342 721
342 769
343 496
343 619
344 393
344 477
344 762
344 990
345 630
345 751
345 755
346 448
346 491
346 619
346 666
346 730
347 485
347 517
347 547
347 618
347 883
347 904
347 977
348 740
348 807
348 845
349 404
349 423
349 553
349 566
349 961
350 456
350 523
350 715
351 489
351 901
352 593
352 760
352 818
352 948
353 401
353 491
354 447
354 551
354 613
354 712
355 584
355 587
355 841
355 963
356 412
356 473
356 479
357 562
357 789
358 551
358 712
358 803
359 417
359 599
359 693
359 924
360 500
360 758
360 777
360 831
361 402
361 576
361 696
361 800
362 432
362 514
362 894
363 530
363 663
363 717
363 996
364 428
364 459
364 754
364 887
365 510
365 707
365 828
366 429
366 720
366 817
366 850
367 549
367 904
368 410
368 820
368 972
369 595
369 687
369 782
369 893
370 398
370 509
370 635
370 928
371 408
371 526
371 847
371 913
372 460
372 518
372 609
372 809
372 895
372 944
373 489
373 577
373 751
373 906
374 379
374 443
374 620
374 986
375 449
375 680
375 790
375 849
375 857
376 391
376 637
376 835
377 444
377 655
377 808
377 966
378 522
378 667
378 919
379 573
379 620
379 964
379 968
380 519
380 528
380 622
380 652
381 402
381 529
381 815
381 853
382 527
382 691
382 779
382 843
383 509
383 722
383 731
383 873
383 937
384 679
384 716
385 525
385 549
385 773
385 983
386 422
386 558
386 772
386 927
386 999
387 421
387 537
387 604
387 752
387 764
388 540
388 544
388 669
388 917
388 920
389 639
389 706
389 794
389 962
390 466
390 720
390 844
391 495
391 656
391 806
391 836
392 531
392 739
392 747
392 934
392 936
392 954
393 688
393 718
393 828
393 990
394 660
395 457
395 533
395 732
395 775
395 988
396 538
396 623
396 963
397 945
398 509
398 564
398 572
398 928
398 937
399 454
399 581
399 603
399 685
399 929
400 511
400 543
400 588
400 606
401 491
401 742
402 529
402 576
402 800
402 853
403 597
403 648
403 681
403 740
403 807
403 922
404 423
404 508
404 767
404 961
405 541
405 658
405 931
406 582
406 874
406 903
407 575
407 939
408 526
408 756
408 847
409 497
409 564
409 724
409 734
409 771
409 911
410 790
410 820
411 441
411 484
411 538
411 574
411 596
411 954
412 479
412 563
412 614
412 745
413 581
413 603
413 852
413 921
414 460
414 642
414 809
414 965
415 456
415 544
415 567
415 604
415 702
416 630
416 906
417 643
417 693
417 783
417 924
418 474
418 583
418 727
418 774
418 997
419 571
420 492
420 502
420 715
420 951
421 500
421 537
421 752
421 946
423 508
423 553
423 919
424 556
424 766
424 985
425 448
425 705
425 729
425 780
425 886
425 986
426 653
426 748
426 909
427 463
427 502
427 598
427 617
427 758
427 994
429 451
429 594
429 850
429 953
430 792
430 912
431 581
431 625
431 685
431 723
431 781
432 548
432 910
433 767
433 942
434 450
434 706
435 458
435 841
435 848
436 445
436 570
436 639
436 706
436 811
437 686
437 747
437 954
438 799
439 636
439 864
439 951
439 958
440 545
440 591
440 678
440 837
441 484
441 761
441 975
442 548
442 675
443 592
443 620
443 729
443 986
444 495
444 655
445 570
445 704
445 706
445 923
446 463
446 600
446 758
446 862
446 898
447 467
447 551
447 613
447 973
448 730
448 886
448 986
449 493
449 849
450 778
450 788
451 524
451 594
451 850
452 474
452 579
452 583
452 998
453 649
453 695
453 840
453 947
454 929
454 957
455 476
455 488
455 700
455 703
455 710
456 523
456 567
456 989
457 533
457 804
457 879
457 950
457 980
457 988
458 528
458 584
458 841
458 897
459 774
459 887
459 900
460 642
460 809
460 814
461 766
461 943
462 847
462 913
463 758
463 898
464 542
464 610
464 677
464 797
465 499
465 552
465 555
465 789
466 514
466 844
467 515
467 613
467 615
467 969
467 973
467 978
468 535
468 680
469 605
469 808
469 890
469 982
470 608
470 624
470 726
470 953
471 667
471 742
471 815
471 919
471 949
472 532
472 881
473 479
473 759
473 891
474 583
474 795
474 941
474 998
475 698
475 798
475 803
475 934
476 700
476 710
476 737
476 764
477 554
477 762
477 811
478 529
478 765
478 800
478 984
479 745
479 759
480 790
480 849
480 982
481 498
481 621
481 958
482 612
482 826
483 714
483 802
483 871
483 885
484 538
484 623
484 761
485 547
485 825
486 505
486 940
487 602
487 792
488 505
488 703
488 866
488 940
489 907
490 607
490 695
490 765
490 861
490 899
491 666
491 711
491 742
492 523
492 687
492 951
493 713
493 849
494 657
494 938
495 656
495 982
496 510
496 619
496 640
496 730
496 878
497 724
497 771
498 958
499 555
499 789
499 832
500 537
500 831
501 625
501 633
501 918
501 921
501 998
502 617
502 715
502 994
503 605
503 808
503 893
504 597
504 807
504 922
505 703
505 940
506 634
506 701
506 830
506 843
506 888
506 907
507 569
507 646
507 834
507 859
507 960
507 979
509 722
509 937
510 640
510 828
511 588
511 606
511 796
512 631
512 743
512 993
513 574
513 647
513 925
514 844
515 613
515 615
515 769
515 905
516 810
516 896
516 915
517 631
517 870
517 904
517 977
518 609
518 944
519 528
519 584
519 587
520 539
520 738
520 779
520 787
520 852
520 950
520 988
521 724
521 928
522 667
522 692
522 694
522 851
523 595
523 687
524 594
525 549
525 773
525 960
526 716
527 779
527 992
528 584
528 897
529 800
529 984
530 663
530 797
530 846
531 648
531 776
531 934
533 552
533 732
533 879
534 810
534 872
534 955
535 728
535 733
535 835
536 845
536 969
536 973
537 604
537 702
537 831
538 574
538 623
539 738
539 779
539 959
540 544
540 669
540 938
540 952
541 658
542 677
543 606
543 632
543 786
543 968
544 567
544 604
544 860
544 917
544 952
545 593
545 678
545 818
545 837
546 568
546 753
546 778
546 848
547 590
547 618
547 799
547 825
548 561
548 675
548 690
548 910
549 825
549 981
550 881
551 712
551 973
552 555
552 879
553 566
554 668
554 672
554 762
555 832
555 879
556 875
556 985
557 718
557 794
557 838
557 880
557 990
558 772
558 927
558 971
559 590
559 686
559 747
559 799
559 975
560 600
560 791
560 862
560 903
560 929
561 616
561 675
561 768
561 812
561 909
562 654
562 684
563 614
563 770
563 857
564 572
564 734
564 872
565 569
565 571
565 646
565 785
565 979
566 694
566 961
567 860
567 989
568 753
568 841
569 646
569 979
570 622
570 923
571 785
572 863
572 872
572 937
573 638
573 876
573 968
574 587
574 596
574 647
575 863
575 939
575 955
576 651
576 853
577 751
577 755
577 901
578 589
578 736
578 786
578 968
579 583
579 997
580 586
580 597
580 626
580 648
580 868
581 603
581 685
582 874
582 903
583 997
584 587
584 841
585 668
585 707
585 961
586 626
586 868
586 925
587 647
588 971
589 659
589 689
589 736
589 788
589 838
590 618
590 799
591 658
591 678
591 833
591 874
592 606
592 620
592 661
592 729
593 662
593 678
593 818
593 948
594 699
595 687
595 893
596 868
597 626
597 648
597 922
598 617
598 822
599 693
599 770
599 820
600 862
600 898
601 866
601 940
602 708
603 852
604 702
604 764
605 808
605 890
605 893
606 661
607 695
607 705
607 855
607 886
607 984
608 624
608 726
608 840
608 947
610 797
610 884
611 763
611 806
611 983
612 813
612 826
612 992
614 857
615 877
615 905
615 978
616 748
616 812
616 909
618 665
618 883
619 666
619 730
621 805
621 832
622 652
622 664
623 761
623 963
624 840
625 633
625 921
627 650
627 757
627 916
628 723
628 837
630 751
630 906
631 869
631 870
631 977
632 659
632 736
632 786
632 999
634 843
635 928
636 645
636 839
636 864
636 958
637 680
637 835
638 640
638 876
638 878
638 964
639 706
639 811
639 962
640 828
640 878
641 709
641 821
642 814
643 783
643 924
643 970
644 684
644 945
644 991
645 782
645 864
645 935
646 763
646 784
646 785
646 824
646 859
648 681
648 798
649 695
649 705
649 855
651 815
651 853
651 871
652 664
652 897
653 976
655 784
655 966
657 700
657 703
658 874
658 931
659 689
659 736
659 999
660 932
661 729
661 780
661 823
661 915
662 678
662 833
663 797
663 996
664 704
665 698
665 739
665 892
667 919
667 949
668 672
668 707
668 961
669 972
670 671
670 722
670 873
670 995
672 707
672 762
673 699
674 753
675 768
676 717
676 908
676 996
678 833
679 733
680 913
681 740
681 798
682 793
682 933
682 996
683 890
684 991
685 781
686 747
687 782
688 718
688 876
688 880
689 778
689 788
690 809
690 827
690 895
690 910
690 965
691 779
691 843
691 888
691 930
692 714
692 801
693 770
693 783
694 801
694 851
695 855
695 899
695 947
696 765
696 800
696 861
697 714
697 801
697 976
698 739
698 803
698 892
698 934
698 936
700 703
701 732
701 830
701 888
701 967
702 831
704 706
704 923
705 855
705 886
707 942
708 912
708 974
709 735
709 912
709 974
710 744
710 764
711 742
712 803
713 849
713 982
714 801
714 802
715 994
717 875
717 882
717 908
717 996
718 880
718 990
719 725
719 884
720 817
720 850
721 743
721 769
722 873
723 760
723 781
723 837
726 916
726 953
727 774
727 887
727 997
728 733
729 780
729 986
730 878
730 964
730 986
731 937
731 939
732 967
734 872
734 911
735 826
735 974
736 786
737 764
737 952
738 959
739 747
739 936
740 807
741 759
741 924
742 919
743 993
744 752
744 764
744 946
745 759
745 970
746 942
747 954
748 909
749 754
749 887
749 997
750 836
750 869
750 870
750 983
751 755
751 906
752 764
752 946
754 887
755 901
757 817
757 916
758 777
758 831
758 862
759 891
760 781
760 818
760 837
760 948
761 975
763 784
763 806
763 824
765 800
765 861
766 943
767 961
768 909
769 905
771 911
772 971
772 999
773 824
773 859
773 960
774 856
774 887
774 900
775 787
775 988
776 868
777 862
778 788
778 848
779 813
779 992
780 823
781 948
782 864
783 970
784 785
784 966
786 968
787 930
787 988
790 849
790 857
791 903
791 929
791 957
793 816
793 987
794 962
794 990
795 856
795 941
797 846
799 975
802 871
803 892
804 822
804 879
804 980
805 832
806 836
806 983
807 845
807 922
809 895
809 965
810 896
810 955
810 956
811 962
813 992
814 871
815 853
815 949
816 987
818 837
819 839
819 854
819 914
823 896
823 915
824 859
825 981
826 926
826 974
826 992
827 844
827 895
827 910
829 894
829 908
829 933
830 907
833 874
834 960
836 983
838 880
839 958
840 947
842 939
843 888
845 969
846 875
847 913
849 982
852 950
852 980
854 873
854 935
856 900
856 959
858 932
859 960
860 917
860 989
861 899
863 937
863 939
865 867
866 889
866 940
867 885
869 870
870 904
870 983
871 885
874 931
875 882
875 985
877 902
877 969
877 978
878 964
882 894
882 908
882 943
882 985
883 977
886 984
887 997
888 930
888 967
890 982
894 908
894 943
895 944
896 915
903 957
904 983
908 933
911 927
912 974
917 920
918 921
918 941
918 998
926 974
929 957
930 967
934 936
937 939
938 952
941 998
943 985
945 991
950 980
950 988
955 956
969 973
969 978
207 879
452 247
653 518
916 533
207 847
573 523
44 611
355 406
979 540
767 406
189 234
884 797
65 264
419 801
302 775
373 102
830 356
400 648
515 570
255 580
574 338
740 836
873 385
368 157
661 49
161 849
290 920
426 992
741 637
403 91
968 367
685 414
588 411
409 878
906 727
46 673
76 472
268 422
225 521
195 218
493 652
391 243
96 302
682 550
737 80
504 610
595 107
478 168
238 426
470 588
923 638
439 548
201 127
163 609
893 341
84 557
439 334
261 602
256 175
473 83
319 584
698 131
775 495
624 545
620 845
811 259
558 184
244 906
610 917
933 666
388 541
838 487
533 172
778 911
116 236
555 447
291 516
702 800
846 336
313 152
357 477
635 627
324 794
333 343
953 466
519 996
224 311
173 874
501 919
556 26
871 515
431 904
655 652
789 614
797 598
923 696
604 263
43 547
380 418
418 319
431 645
916 311
357 342
345 869
804 612
667 720
769 610
247 884
851 399
619 763
465 900
670 963
542 377
43 358
404 436
828 742
245 723
943 646
506 115
683 875
846 192
788 827
321 749
886 579
115 335
527 606
947 418
450 767
197 175
209 479
296 414
790 444
404 509
36 438
109 726
277 121
821 286
177 305
371 495
488 551
475 728
879 433
939 737
790 390
794 156
888 766
246 521
690 375
332 255
276 683
771 737
719 264
338 773
914 466
93 439
683 809
940 369
319 703
618 386
368 858
852 763
411 122
834 453
685 336
175 171
589 225
592 553
222 625
796 649
596 517
563 579
813 353
382 910
751 179
536 659
335 695
10 506
614 900
846 706
972 472
707 643
192 872
686 162
664 97
93 576
26 601
582 928
447 631
542 205
272 308
642 22
402 420
576 687
239 203
872 410
883 696
486 323
579 290
839 173
313 640
707 250
886 727
578 253
631 49
983 400
264 872
26 379
545 281
712 471
559 801
166 250
593 466
561 511
567 720
777 628
360 694
175 803
462 673
479 285
230 240
245 151
156 565
238 824
802 408
537 14
262 936
351 499
593 657
702 855
755 278
17 547
205 636
353 383
446 975
481 189
188 396
645 106
197 780
809 484
907 483
247 805
396 599
240 841
189 619
206 501
149 718
329 73
471 335
98 225
592 447
719 607
915 346
439 708
260 820
643 307
794 181
155 379
94 399
248 348
869 581
847 643
689 247
581 769
601 499
863 281
581 353
888 602
346 180
438 352
155 408
505 56
532 550
219 673
327 210
355 637
537 636
474 520
771 281
781 363
27 419
409 530
668 842
192 692
298 58
839 658
466 421
112 812
239 696
900 753
732 535
883 642
554 909
369 537
205 457
597 288
495 962
743 880
986 415
445 993
465 863
517 526
292 598
645 195
529 225
269 756
122 469
451 67
163 757
366 437
380 578
386 445
187 745
204 314
827 600
200 417
276 831
37 631
547 127
996 503
472 28
547 838
627 373
664 142
478 984
596 909
609 333
161 661
298 884
171 559
950 444
222 752
676 948
948 712
824 147
357 598
720 54
43 402
470 697
206 822
679 738
539 729
301 713
872 332
254 212
314 104
251 628
259 267
702 324
821 130
137 194
674 686
332 635
570 957
215 239
835 251
580 98
923 492
492 635
820 204
953 625
668 797
191 375
156 581
72 738
305 921
266 145
291 532
691 358
849 621
652 595
547 432
894 422
164 441
291 666
347 260
852 510
796 469
690 523
115 261
343 239
575 6
181 327
355 790
524 496
868 369
675 394
508 244
746 765
793 671
365 64
235 555
751 467
707 189
308 128
219 835
470 770
583 148
378 616
514 425
549 887
421 275
201 248
185 351
765 119
160 186
701 910
631 888
420 471
933 383
530 337
854 593
634 161
917 513
480 898
125 440
723 716
236 658
966 595
371 945
612 530
633 671
725 786
555 240
144 231
166 677
334 324
15 464
639 743
288 903
319 530
245 744
520 937
139 562
182 145
420 92
525 71
381 27
665 192
609 301
602 621
653 970
627 193
98 476
365 281
715 503
412 22
612 795
864 228
296 294
837 506
448 108
319 567
416 967
341 372
572 893
829 807
693 690
501 788
540 63
351 900
133 412
174 630
930 444
637 773
152 808
495 705
233 578
882 228
852 437
740 549
320 474
146 280
862 672
951 487
395 944
767 201
824 780
311 72
233 344
939 501
799 569
564 659
294 850
80 356
619 175
674 322
906 788
270 727
826 833
331 667
256 377
217 283
649 638
811 520
869 752
731 497
270 207
555 336
556 645
513 685
710 775
458 945
623 710
705 564
755 88
878 813
395 720
632 435
179 215
530 461
272 172
444 299
793 342
654 81
198 564
881 266
425 344
723 351
193 447
603 34
436 813
577 378
99 263
671 643
367 560
636 387
916 371
346 805
572 40
213 328
96 750
736 165
862 695
483 745
452 364
824 414
854 153
720 753
603 148
407 843
811 684
754 926
126 822
407 243
766 705
599 977
492 131
675 289
120 532
660 365
899 687
847 212
492 722
123 207
281 67
509 713
140 695
353 115
497 265
666 231
598 836
61 512
483 599
901 534
518 363
628 491
120 180
722 699
516 132
628 460
478 6
635 519
492 414
338 196
628 105
427 437
169 363
292 633
393 191
406 981
711 117
521 904
648 875
380 971
572 81
211 114
692 78
598 89
442 284
419 160
685 269
655 948
383 289
591 949
355 526
692 627
654 123
748 103
594 738
913 611
595 812
805 879
295 732
520 886
751 750
714 578
402 289
277 353
313 444
173 420
159 794
703 424
321 853
867 250
883 532
910 260
44 503
598 721
715 285
258 237
366 265
546 680
499 2
581 169
343 456
483 939
718 96
239 471
510 982
930 714
246 646
757 350
438 214
473 955
361 714
562 420
576 597
829 473
310 200
363 42
293 189
221 793
119 421
965 577
418 599
589 584
646 460
635 67
748 143
330 361
229 459
140 354
521 5
10 431
498 593
690 501
753 485
866 772
688 925
448 185
241 863
394 307
610 936
98 793
489 48
745 264
245 250
118 280
224 101
817 653
562 476
584 493
262 96
392 521
529 187
86 486
57 701
134 835
621 949
850 364
871 464
769 144
37 659
737 610
446 599
538 911
663 207
650 615
340 148
462 166
151 490
394 779
69 292
925 583
79 231
306 380
216 396
27 338
751 226
365 512
850 781
428 723
719 733
857 796
453 50
312 343
393 67
238 129
283 768
242 787
802 796
195 296
812 236
787 521
49 329
642 689
900 355
89 711
350 134
201 754
257 553
850 320
543 481
513 966
560 365
202 712
293 468
361 932
805 392
363 310
286 242
475 484
461 744
828 381
502 344
264 804
418 184
808 748
441 867
722 226
807 139
988 526
179 269
815 313
769 806
960 525
217 169
695 205
26 493
319 964
742 394
264 646
742 782
499 153
315 936
279 625
963 397
241 502
653 785
974 513
555 958
611 190
291 89
696 443
791 785
236 374
177 653
168 153
69 487
881 294
905 585
536 317
478 242
658 414
367 915
454 782
692 145
667 817
473 127
400 820
362 327
540 945
627 593
945 570
674 492
643 503
418 208
435 793
425 134
475 662
854 571
596 861
260 739
19 573
351 89
409 908
452 322
113 779
774 165
641 268
204 365
52 283
98 341
780 230
536 787
558 700
731 443
781 89
721 547
152 451
409 379
322 52
54 532
345 843
114 396
158 317
42 569
260 527
585 968
530 565
875 615
193 799
563 758
380 345
672 427
658 322
313 813
183 497
297 157
86 644
414 678
691 756
529 681
631 936
618 412
813 450
756 420
535 994
385 124
558 599
330 411
536 110
459 532
386 746
210 551
837 132
125 734
927 426
493 106
808 541
288 556
74 251
483 847
166 347
547 546
312 360
382 887
867 561
210 907
655 432
736 654
243 399
618 829
463 447
611 608
64 432
789 859
79 410
683 128
770 391
733 378
114 379
490 370
543 503
652 897
122 699
336 166
963 314
287 211
516 734
366 141
872 660
117 672
719 310
176 768
72 383
292 330
336 929
402 746
741 863
733 587
980 491
769 260
682 574
132 627
183 481
395 352
538 32
604 780
258 398
363 883
291 614
933 335
613 860
707 359
897 274
265 670
369 673
92 660
50 489
154 509
518 297
254 766
913 449
511 546
404 338
271 471
766 659
446 925
148 259
780 646
473 927
767 98
461 13
986 595
672 77
308 790
520 281
551 407
568 857
420 767
681 896
224 882
67 638
747 201
573 563
738 218
489 468
833 726
454 469
830 869
425 923
206 155
149 638
193 469
408 622
725 822
312 405
562 943
128 302
480 812
608 649
801 722
312 500
669 177
424 411
409 404
593 885
570 635
402 864
637 405
137 163
346 64
564 131
305 216
137 455
668 529
418 750
385 214
904 208
961 554
467 260
829 638
872 193
279 784
609 210
14 389
727 331
912 225
610 457
507 804
641 343
762 542
713 402
247 326
131 678
322 289
29 586
465 797
716 661
338 100
433 607
339 824
797 291
642 713
577 459
59 727
349 967
427 954
465 222
