1000 2962 10
69 30 15 72 73 35 39 15 11 44 1 66 15 39 86 16 13 34 75 72 15 86 84 5 65 77 39 56 91 39 44 53 41 49 1 14 25 39 93 76 61 5 5 80 90 92 2 32 30 36 87 14 44 30 96 80 98 53 63 20 59 60 91 57 9 17 99 5 11 62 33 45 74 27 24 25 31 2 45 69 50 31 93 95 91 22 77 48 73 65 51 73 86 66 63 96 9 87 5 40 66 8 87 56 90 94 24 79 9 36 53 16 83 99 7 66 44 93 59 34 78 36 36 95 77 35 39 27 72 55 19 36 17 51 19 36 50 57 98 94 61 5 10 31 26 52 67 98 75 79 21 93 78 41 24 55 88 10 4 21 43 38 51 76 71 50 93 51 97 72 26 65 80 86 30 23 74 24 4 93 58 49 93 5 50 74 32 27 84 58 52 4 75 14 25 1 83 21 12 86 59 60 40 63 46 21 91 10 1 25 40 90 62 38 69 90 99 57 40 3 33 64 100 5 74 44 36 98 20 16 46 9 91 10 39 54 16 57 84 35 19 60 14 59 72 77 98 39 5 82 97 61 56 40 6 41 69 92 79 59 23 87 42 10 4 67 30 24 85 9 99 21 39 57 100 99 41 25 92 12 81 94 81 4 22 39 1 45 73 8 87 100 84 100 54 59 63 78 14 58 74 83 6 16 41 38 58 6 80 51 52 76 58 31 15 1 90 61 71 99 55 12 44 64 69 10 91 88 58 96 18 58 51 22 56 22 14 43 3 82 64 32 42 59 92 2 65 48 72 48 64 60 90 26 83 46 88 52 87 50 2 54 41 100 78 34 4 78 12 54 14 13 79 6 72 11 36 19 13 24 27 42 94 68 54 46 52 14 66 62 40 49 76 38 70 20 53 45 38 85 87 67 26 84 39 30 87 7 20 73 12 32 50 66 73 45 86 28 47 41 15 27 21 87 24 77 55 55 27 86 14 52 80 61 81 30 32 75 84 67 82 16 7 22 33 42 58 49 97 65 32 70 51 89 14 78 69 42 87 22 80 81 97 92 81 29 67 67 86 37 96 76 100 62 16 12 28 50 80 85 40 38 83 36 98 83 13 84 9 65 54 44 54 75 38 81 17 98 22 39 27 44 59 99 68 64 91 64 47 48 68 10 82 23 82 15 19 94 23 13 69 65 85 100 100 20 96 91 57 45 71 89 6 94 60 44 97 93 69 95 21 42 97 85 79 33 28 35 62 34 31 38 84 10 42 29 79 76 66 54 36 2 96 90 4 26 53 10 45 76 94 62 96 32 59 68 79 99 41 85 9 51 36 60 52 14 72 12 68 97 35 78 71 28 98 19 77 73 75 3 23 37 60 34 82 8 47 17 39 4 2 88 51 84 66 25 62 68 28 43 93 97 97 53 97 45 92 26 95 45 44 26 42 58 13 57 9 1 58 30 78 63 14 95 12 93 52 25 8 12 39 14 21 78 83 99 57 82 68 78 85 84 60 8 38 69 62 42 46 63 9 19 76 23 85 51 36 17 10 56 90 34 51 18 9 47 18 80 73 7 14 4 30 68 96 31 38 62 53 19 38 77 42 32 84 23 43 27 67 28 97 69 82 42 97 5 42 82 19 40 68 38 76 88 59 9 58 26 52 48 55 86 47 83 67 87 3 23 32 17 99 16 74 85 66 30 57 11 80 20 90 32 48 96 53 63 93 89 79 48 73 67 32 98 88 31 43 7 57 70 76 59 83 97 86 9 53 96 53 53 82 74 26 77 16 98 17 43 53 94 74 25 66 69 72 86 41 94 84 9 77 9 59 80 72 69 77 21 28 91 49 82 72 95 18 62 34 1 34 33 57 43 59 95 74 72 70 98 39 62 44 9 85 94 94 25 41 76 72 52 61 10 91 62 27 27 40 27 41 94 3 67 19 67 64 86 15 4 69 12 91 44 87 62 92 39 28 81 41 17 32 98 11 67 23 19 88 62 61 36 75 30 44 60 17 99 1 47 82 33 9 88 52 90 52 32 45 69 76 1 83 65 51 85 68 17 87 58 22 69 68 53 2 25 55 15 61 58 16 51 8 25 32 48 36 40 70 57 42 13 93 92 62 49 6 68 93 46 64 26 72 73 75 1 82 57 67 90 97 89 88 84 77 96 30 85 70 61 29 28 14 11 52 90 31 63 46 13 11 46 23 57 98 5 58 43 70 74 33 11 21 32 28 85 78 16 45 56 47 60 40 51 40 76 28 15 72 100 60 52
0 22
0 99
0 252
0 282
0 451
0 579
1 67
1 277
1 636
1 830
2 176
2 212
2 285
2 571
2 791
2 974
3 345
3 362
3 696
3 699
3 984
4 123
4 198
4 265
4 323
4 360
4 566
4 785
4 858
4 935
5 35
5 241
5 510
5 561
5 700
6 241
6 281
6 563
6 715
6 812
6 845
7 25
7 37
7 125
7 157
7 393
7 567
7 837
8 62
8 259
8 532
8 616
8 712
8 723
8 850
9 134
9 271
9 429
9 602
9 724
10 216
10 454
10 518
10 551
10 608
10 989
11 279
11 294
11 581
11 629
11 864
11 953
12 121
12 412
12 666
12 772
13 87
13 146
13 556
13 715
13 779
13 806
14 148
14 239
14 321
14 425
14 931
15 538
15 704
15 714
15 949
15 980
16 58
16 389
16 528
16 714
16 874
16 949
17 237
17 320
17 337
17 543
17 718
18 21
18 481
18 750
18 768
18 994
19 56
19 449
19 460
19 492
19 610
19 626
19 862
20 226
20 434
20 437
20 464
20 797
20 912
20 982
21 30
21 427
21 481
21 902
21 909
21 984
21 994
22 63
22 282
22 451
22 553
22 788
23 93
23 146
23 262
23 301
23 418
23 556
23 751
24 59
24 250
24 354
24 646
24 695
24 767
24 771
25 37
25 125
25 156
25 165
25 537
26 28
26 29
26 116
26 283
26 346
26 373
26 447
26 483
27 364
27 475
27 752
27 801
27 930
28 199
28 346
28 373
28 557
28 713
29 220
29 283
29 300
29 476
29 483
30 195
30 710
30 790
30 902
30 909
31 588
31 677
31 682
31 722
31 746
31 835
31 846
32 86
32 302
32 398
32 769
32 885
33 133
33 247
33 549
33 608
34 407
34 479
34 545
34 775
34 971
34 999
35 93
35 241
35 488
35 561
35 845
35 863
36 154
36 235
36 694
36 865
36 928
37 165
37 224
37 837
38 60
38 64
38 101
38 131
38 866
38 882
38 940
39 74
39 115
39 432
39 532
39 663
39 712
40 255
40 289
40 339
40 714
40 939
41 237
41 332
41 337
41 605
41 798
42 357
42 452
42 739
42 783
42 859
42 911
43 76
43 77
43 252
43 572
43 579
43 740
44 205
44 218
44 399
44 508
44 698
44 780
45 48
45 150
45 278
45 521
45 598
45 705
46 225
46 647
46 665
46 697
46 701
47 385
47 397
47 515
47 564
47 593
47 915
47 924
47 981
48 79
48 256
48 472
48 582
48 598
48 705
49 138
49 145
49 635
49 792
49 866
49 998
50 106
50 621
50 719
50 727
50 827
50 976
50 986
51 486
51 540
51 585
51 873
51 914
51 937
51 962
52 187
52 208
52 815
52 983
53 199
53 233
53 436
53 557
53 794
54 144
54 234
54 504
54 707
55 100
55 121
55 277
55 306
55 349
55 951
56 168
56 253
56 492
56 626
56 996
57 235
57 412
57 772
57 881
57 898
58 258
58 714
58 874
59 250
59 271
59 641
59 771
59 783
60 131
60 336
60 852
60 940
60 990
61 395
61 435
61 470
61 622
61 657
61 765
62 259
62 474
62 712
62 840
63 232
63 282
63 361
63 788
63 823
63 828
64 131
64 708
64 792
64 866
65 200
65 443
65 603
65 607
65 942
66 81
66 117
66 311
66 499
66 583
66 873
66 958
67 230
67 636
67 775
67 814
67 830
67 889
68 112
68 192
68 487
68 535
68 703
68 787
68 807
69 343
69 373
69 447
69 781
69 967
70 164
70 167
70 751
70 916
70 988
71 75
71 249
71 254
71 341
71 738
71 791
72 79
72 88
72 256
72 407
72 545
72 667
72 889
73 113
73 628
73 847
73 880
73 936
74 423
74 443
74 532
74 663
74 942
75 209
75 211
75 249
75 303
75 318
75 791
76 77
76 572
76 990
77 511
77 579
77 671
77 681
77 914
77 990
78 169
78 484
78 530
78 794
78 926
78 950
79 256
79 407
79 598
79 753
79 978
80 140
80 334
80 596
80 749
80 756
80 757
81 185
81 392
81 439
81 499
81 958
82 204
82 297
82 678
82 683
82 782
82 813
82 844
83 188
83 664
83 675
83 721
83 963
84 451
84 553
84 572
84 708
84 740
84 793
84 818
85 130
85 466
85 654
85 781
85 947
86 352
86 381
86 398
86 637
86 885
87 146
87 149
87 779
87 988
88 230
88 326
88 428
88 667
88 889
89 421
89 778
89 824
89 896
90 175
90 227
90 363
90 384
90 433
90 645
90 760
91 402
91 450
91 507
91 742
91 829
91 905
91 934
92 174
92 328
92 403
92 426
92 620
92 805
92 920
93 418
93 488
93 556
93 726
93 863
94 375
94 580
94 659
94 759
94 833
95 188
95 396
95 523
95 777
95 786
95 842
96 311
96 379
96 387
96 468
96 500
96 568
96 583
96 662
97 294
97 629
97 632
97 757
97 883
98 170
98 288
98 292
98 304
98 455
98 615
99 140
99 282
99 511
99 579
99 596
99 822
100 189
100 264
100 306
100 409
100 506
100 951
101 260
101 618
101 882
101 940
102 314
102 324
102 380
102 605
102 720
103 105
103 319
103 376
103 547
103 584
103 630
103 688
103 868
104 106
104 129
104 216
104 257
104 467
104 608
104 673
104 796
104 956
105 315
105 319
105 584
105 732
106 727
106 796
106 827
107 361
107 555
107 674
107 731
107 828
107 836
108 348
108 439
108 540
108 559
108 919
108 964
109 197
109 233
109 509
109 658
109 922
110 353
110 441
110 999
111 170
111 231
111 238
111 304
111 399
111 642
111 938
112 406
112 535
112 554
112 807
112 892
113 431
113 466
113 490
113 847
113 880
113 973
114 201
114 247
114 473
114 549
114 691
114 743
114 841
115 180
115 432
115 474
115 660
115 712
116 199
116 224
116 346
116 483
116 509
117 160
117 161
117 331
117 583
117 585
117 873
118 292
118 351
118 566
118 773
118 858
119 206
119 417
119 486
119 488
119 498
119 520
119 652
120 186
120 395
120 426
120 622
120 661
120 901
121 277
121 349
121 412
121 666
121 798
122 129
122 257
122 435
122 467
122 657
122 918
123 436
123 736
123 785
123 794
123 933
123 935
124 201
124 350
124 669
124 691
124 725
124 821
125 139
125 393
125 411
125 537
125 617
126 188
126 523
126 730
126 826
126 877
126 963
127 312
127 529
127 800
127 860
127 979
128 317
128 344
128 364
128 679
128 836
128 929
128 930
129 257
129 467
130 370
130 431
130 466
130 490
130 947
131 572
131 708
131 990
132 245
132 333
132 438
132 493
133 187
133 247
133 608
133 733
134 391
134 429
134 602
134 630
134 688
135 248
135 318
135 365
135 569
135 680
135 985
136 244
136 270
136 390
136 505
136 853
136 857
137 221
137 525
137 601
137 644
137 803
137 851
137 893
138 145
138 593
138 849
138 998
139 179
139 270
139 276
139 411
139 494
139 617
139 809
140 440
140 511
140 596
140 756
141 205
141 217
141 307
141 508
141 587
142 144
142 181
142 544
142 888
142 927
142 985
143 183
143 190
143 573
143 633
143 670
143 869
143 993
144 504
144 544
144 643
144 707
144 985
145 708
145 792
145 818
145 849
145 900
146 556
146 751
146 988
147 171
147 201
147 347
147 669
147 743
147 932
148 194
148 228
148 425
148 558
148 692
148 931
149 167
149 445
149 494
149 779
149 895
149 988
150 278
150 374
150 521
150 795
150 905
151 582
151 659
151 705
151 833
151 887
152 367
152 463
152 485
152 614
152 800
153 254
153 341
153 656
153 672
153 766
154 235
154 675
154 684
154 710
154 790
154 865
154 910
155 374
155 402
155 507
155 569
155 745
156 165
156 329
156 537
156 604
156 628
156 702
156 867
157 164
157 393
157 446
157 567
157 960
158 261
158 455
158 469
158 739
158 811
158 859
159 379
159 456
159 625
159 706
159 729
159 954
160 161
160 263
160 325
160 585
160 937
161 263
161 331
161 648
162 172
162 366
162 482
162 606
163 701
163 719
163 727
163 804
163 808
164 167
164 393
164 411
164 446
164 916
165 224
165 329
165 483
166 210
166 218
166 243
166 399
166 625
166 938
167 411
167 494
167 988
168 275
168 359
168 565
168 626
168 996
169 484
169 514
169 794
169 987
170 304
170 455
170 642
170 780
171 594
171 669
171 716
171 819
171 888
171 932
171 957
172 253
172 366
172 419
172 492
172 606
173 357
173 698
173 711
173 739
173 780
173 811
174 309
174 328
174 352
174 717
174 805
175 433
175 645
175 716
175 741
175 957
176 251
176 285
176 310
176 471
176 571
176 930
177 295
177 422
177 487
177 695
177 807
178 333
178 493
178 542
178 720
178 846
179 240
179 276
179 405
179 776
179 809
180 183
180 190
180 432
180 660
180 683
181 594
181 819
181 888
181 927
182 670
182 813
182 844
182 908
183 190
183 398
183 660
183 869
183 959
184 222
184 385
184 430
184 539
184 913
185 311
185 392
185 499
185 568
185 631
186 395
186 426
186 560
186 633
186 747
187 208
187 247
187 382
187 473
187 733
187 983
188 523
188 675
188 690
188 842
188 963
189 268
189 306
189 409
189 581
190 670
190 683
190 844
191 406
191 503
191 519
191 554
191 891
191 892
191 917
192 307
192 313
192 457
192 587
192 703
192 787
193 446
193 512
193 872
193 916
193 960
194 343
194 459
194 527
194 558
194 692
194 967
195 684
195 710
195 909
195 951
196 246
196 762
196 872
196 879
196 960
197 509
197 567
197 658
197 837
198 265
198 269
198 293
198 566
199 233
199 346
199 509
199 557
200 286
200 308
200 505
200 603
200 607
200 774
201 669
201 691
201 743
202 308
202 339
202 595
202 639
202 689
202 857
202 906
203 299
203 309
203 352
203 372
203 401
203 885
204 297
204 495
204 640
204 782
205 307
205 508
205 698
205 711
206 336
206 417
206 520
206 852
207 227
207 384
207 725
207 755
207 921
208 382
208 610
208 815
208 862
209 236
209 303
209 318
209 330
209 526
209 680
210 231
210 625
210 706
210 831
210 938
211 248
211 249
211 318
211 522
211 761
212 214
212 375
212 571
212 856
212 974
212 995
213 556
213 715
213 845
213 863
214 829
214 856
214 934
214 995
215 410
215 415
215 574
215 826
215 838
216 454
216 608
216 956
217 480
217 508
217 587
217 730
217 787
217 838
218 243
218 399
218 508
219 340
219 356
219 570
219 908
219 966
220 283
220 300
220 447
220 654
220 781
220 947
221 471
221 525
221 571
221 803
222 414
222 430
222 462
222 650
222 760
222 913
223 394
223 570
223 573
223 670
223 908
224 483
224 509
224 837
225 284
225 495
225 640
225 665
225 697
226 437
226 464
226 896
227 384
227 414
227 755
227 760
228 343
228 558
228 781
228 931
229 273
229 334
229 478
229 822
229 823
230 388
230 428
230 636
230 889
231 238
231 831
231 938
232 491
232 644
232 823
232 828
232 851
233 436
233 509
233 922
234 504
234 656
234 707
234 766
234 946
235 694
235 881
235 898
235 910
236 303
236 526
236 856
236 974
237 324
237 337
237 543
237 605
238 304
238 351
238 468
238 597
238 613
238 831
239 319
239 321
239 630
239 732
239 748
239 931
240 244
240 270
240 276
240 405
241 510
241 563
241 763
241 845
242 277
242 306
242 636
242 685
242 925
243 456
243 480
243 508
243 625
243 923
244 270
244 405
244 704
244 857
244 980
245 298
245 438
245 493
245 577
246 612
246 744
246 762
246 872
247 473
247 549
248 318
248 522
248 946
248 985
249 341
249 761
250 313
250 452
250 767
250 783
250 854
251 471
251 491
251 803
251 929
251 930
252 451
252 579
252 740
252 793
253 492
253 606
253 754
253 981
253 996
254 341
254 475
254 502
254 672
254 738
254 752
254 897
255 258
255 289
255 714
255 810
255 965
256 472
256 667
257 435
257 673
258 714
258 874
258 965
259 812
259 840
259 850
260 336
260 417
260 458
260 497
260 618
260 940
261 455
261 469
261 615
262 301
262 489
262 586
262 751
262 992
263 325
263 648
263 799
263 855
264 409
264 506
264 728
264 802
265 269
265 612
265 785
266 453
266 521
266 550
266 592
266 795
266 978
267 280
267 355
267 362
267 427
267 662
267 737
267 984
268 409
268 581
268 638
268 953
269 293
269 612
269 619
269 655
269 744
270 276
270 494
270 853
270 895
271 602
271 641
271 724
271 783
272 342
272 442
272 676
272 746
272 835
272 907
272 928
273 478
273 632
273 644
273 823
273 883
273 893
274 314
274 548
274 666
274 677
274 722
274 772
275 359
275 626
275 661
275 901
277 306
277 636
277 798
277 830
278 450
278 705
278 759
278 833
278 905
279 581
279 734
279 848
279 864
280 355
280 362
280 699
280 954
281 563
281 812
281 840
282 822
282 823
283 447
284 297
284 335
284 367
284 495
284 614
284 697
285 310
285 475
285 738
285 791
285 897
286 308
286 607
286 611
286 945
287 489
287 512
287 586
287 655
287 744
288 292
288 305
288 323
288 386
288 615
288 668
289 339
289 595
289 649
289 810
290 342
290 438
290 546
290 577
290 676
291 536
291 565
291 620
291 754
291 805
291 996
292 304
292 323
292 773
292 858
293 566
293 613
293 619
293 955
293 975
294 513
294 517
294 629
294 757
294 953
295 646
295 695
295 807
295 861
295 968
296 316
296 445
296 477
296 616
296 850
297 423
297 495
297 614
297 678
298 368
298 437
298 493
298 546
298 577
298 797
299 309
299 401
299 413
299 575
299 717
299 977
300 476
300 947
301 348
301 418
301 964
301 992
302 398
302 474
302 763
302 769
302 840
303 791
303 974
304 351
304 773
305 469
305 615
305 624
305 668
306 581
306 925
307 457
307 587
307 711
308 505
308 857
308 906
308 945
309 352
309 717
310 475
310 930
311 499
311 568
311 583
312 358
312 424
312 611
312 800
312 906
312 945
312 979
313 452
313 457
313 703
313 854
314 548
314 605
314 720
314 722
315 469
315 584
315 624
315 732
315 903
316 477
316 806
316 812
316 850
317 344
317 674
317 679
317 820
317 843
317 913
318 680
319 630
319 732
320 380
320 441
320 543
320 718
321 425
321 748
321 972
322 516
322 541
322 629
322 886
322 887
322 904
323 360
323 386
323 858
324 380
324 543
324 605
325 440
325 589
325 799
325 937
326 428
326 472
326 667
326 848
326 886
327 377
327 599
327 766
327 970
327 997
328 352
328 403
328 637
329 476
329 483
329 604
330 365
330 526
330 680
330 884
331 427
331 583
331 648
331 662
331 737
331 994
332 337
332 479
332 627
332 798
332 814
332 832
332 971
333 438
333 493
333 676
333 682
333 835
333 846
334 478
334 596
334 632
334 757
334 822
335 367
335 408
335 697
335 770
336 417
336 852
336 940
337 627
337 718
338 513
338 728
338 749
338 757
338 764
338 768
338 802
338 991
339 595
339 639
339 939
340 640
340 782
340 890
340 908
340 966
341 656
341 761
342 442
342 546
342 591
342 676
343 558
343 781
343 967
344 674
344 836
345 415
345 696
345 699
345 878
347 743
347 841
347 888
347 932
348 392
348 439
348 964
348 992
349 412
349 898
349 951
350 384
350 669
350 725
350 957
351 566
351 613
351 773
352 637
352 885
353 407
353 441
353 496
353 592
353 999
354 602
354 641
354 646
354 758
354 771
355 387
355 662
355 729
355 954
356 448
356 570
356 966
356 976
357 452
357 457
357 711
357 739
358 369
358 424
358 595
358 649
358 689
358 906
359 565
359 901
359 920
360 386
360 935
361 555
361 788
361 828
362 699
362 984
363 552
363 645
363 760
364 679
364 801
364 930
365 533
365 569
365 680
365 742
365 884
366 419
366 482
366 534
366 816
366 821
367 408
367 529
367 614
367 800
368 546
368 797
368 982
369 378
369 424
369 649
370 476
370 490
370 604
370 947
371 440
371 511
371 589
371 671
372 401
372 458
372 618
372 686
372 885
373 447
373 713
373 967
374 507
374 745
374 795
374 905
375 525
375 571
375 580
375 601
375 759
375 995
376 465
376 469
376 547
376 584
376 859
377 416
377 504
377 623
377 643
377 970
377 997
378 424
378 649
378 653
378 810
378 825
378 965
379 387
379 468
379 706
379 729
379 831
380 493
380 542
380 543
380 720
381 398
381 634
381 637
381 959
382 419
382 473
382 534
382 610
383 633
383 634
383 735
383 747
383 869
383 959
384 433
384 725
384 957
385 515
385 539
385 913
385 924
386 530
386 668
386 935
387 662
387 729
388 428
388 636
388 685
388 734
388 848
389 528
389 874
389 880
389 936
389 973
390 505
390 774
390 853
391 429
391 609
391 688
392 439
392 631
392 992
393 411
394 448
394 570
394 573
394 765
394 993
395 560
395 622
395 765
396 434
396 591
396 777
396 786
396 912
396 948
397 413
397 564
397 578
397 635
397 915
397 977
398 474
398 660
398 959
399 642
399 780
399 938
400 531
400 628
400 936
400 949
401 575
401 618
401 882
402 507
402 569
402 742
403 426
403 634
403 637
403 735
404 648
404 764
404 768
404 855
404 994
405 776
405 980
406 519
406 535
406 730
406 877
406 892
407 496
407 545
407 753
407 999
408 529
408 770
408 860
409 638
409 728
410 415
410 480
410 838
410 923
411 494
412 772
412 898
413 575
413 635
413 866
413 977
414 430
414 755
414 760
415 574
415 696
415 878
415 923
416 544
416 623
416 643
416 716
416 741
416 927
417 488
417 497
417 561
417 700
418 559
418 726
418 964
419 492
419 534
419 610
420 449
420 551
420 784
420 815
420 862
420 989
421 464
421 503
421 824
421 896
421 917
422 487
422 695
422 703
422 767
422 854
423 443
423 485
423 614
423 663
423 678
424 825
424 979
425 692
425 941
425 972
426 735
426 747
426 901
426 920
427 737
427 984
427 994
428 848
429 465
429 609
429 724
429 911
430 539
430 755
430 839
431 466
431 490
432 663
432 678
432 683
433 957
434 464
434 524
434 777
434 912
435 470
435 657
435 673
435 870
435 894
436 762
436 785
436 794
436 922
436 933
437 797
437 896
438 577
438 676
439 919
439 958
440 511
440 589
440 756
440 799
441 479
441 718
441 999
442 591
442 690
442 786
442 928
443 485
443 607
443 942
444 603
444 616
444 723
444 875
444 942
444 952
445 477
445 616
445 779
445 895
445 952
446 916
446 960
447 781
448 570
448 657
448 765
448 976
449 460
449 600
449 784
449 862
450 759
450 829
450 905
450 995
451 553
451 793
452 457
452 783
453 592
453 753
453 978
454 673
454 784
454 894
454 956
454 989
455 615
455 780
455 811
456 625
456 699
456 878
456 923
456 954
457 711
458 497
458 510
458 618
458 686
459 527
459 687
459 713
459 967
460 470
460 600
460 622
460 626
461 640
461 665
461 701
461 871
461 890
461 986
462 552
462 650
462 760
462 961
463 485
463 607
463 611
463 800
464 503
464 519
464 524
464 896
465 547
465 609
465 859
465 911
466 781
466 874
466 973
467 796
467 918
468 500
468 597
468 831
469 584
469 615
469 624
469 859
470 600
470 622
470 870
471 571
471 803
472 582
472 667
472 886
473 534
473 691
473 816
474 660
474 712
474 840
475 752
475 897
475 930
476 483
476 604
476 947
477 779
477 806
478 632
479 627
479 718
479 971
479 999
480 508
480 838
480 923
481 750
481 789
481 909
482 606
482 821
482 921
484 834
484 941
484 950
484 987
485 607
485 614
486 498
486 540
486 559
486 652
486 914
487 703
487 807
488 561
488 652
488 726
489 586
489 655
489 992
490 604
490 847
491 803
491 828
491 851
491 929
492 610
493 542
494 895
495 640
496 592
496 753
497 510
497 700
498 520
498 681
498 914
500 568
500 597
500 631
501 552
501 599
501 645
501 709
501 817
501 961
502 599
502 672
502 752
502 817
503 519
503 917
504 643
504 766
504 970
505 774
505 857
506 789
506 802
506 951
507 905
509 837
510 576
510 686
510 700
510 763
511 579
511 671
512 586
512 744
512 872
512 916
513 517
513 638
513 728
513 757
514 557
514 687
514 794
514 943
514 944
514 987
515 593
515 843
515 913
516 541
516 601
516 629
516 883
516 893
517 638
517 953
518 551
518 608
518 733
518 983
519 524
519 877
520 681
520 852
521 598
521 795
521 978
522 656
522 761
522 946
523 524
523 777
523 877
524 777
524 877
525 571
525 601
526 533
526 856
526 884
527 687
527 692
527 943
528 936
528 949
529 800
529 860
530 668
530 926
530 935
530 950
531 628
531 776
531 899
531 949
531 980
532 712
532 723
532 942
533 742
533 856
533 884
533 934
534 816
535 730
535 787
536 578
536 651
536 754
536 805
537 617
537 867
538 704
538 714
538 939
539 839
539 924
540 559
540 919
540 962
541 580
541 601
541 659
541 887
542 720
544 643
544 927
545 775
545 889
546 577
546 591
546 948
546 982
547 609
547 868
548 605
548 666
548 798
549 608
549 841
550 592
550 745
550 795
551 815
551 983
551 989
552 645
552 760
552 961
553 555
553 788
553 818
553 900
554 807
554 891
554 892
554 968
555 674
555 788
555 900
556 715
556 863
557 713
557 794
557 944
559 652
559 726
559 964
560 633
560 765
560 993
561 700
562 693
562 825
562 860
563 763
563 840
564 578
564 651
564 981
565 620
565 920
565 996
566 613
566 858
567 658
567 837
567 879
567 960
568 631
569 742
569 745
570 908
572 708
572 740
572 990
573 670
573 993
574 664
574 696
574 826
574 963
575 866
575 882
576 686
576 763
576 769
578 651
578 717
578 805
578 977
580 601
580 659
581 734
581 925
581 953
582 705
582 886
582 887
583 662
585 873
585 937
586 751
586 916
587 787
588 677
588 694
588 746
588 881
588 907
589 671
589 914
589 937
590 621
590 657
590 796
590 827
590 918
591 786
591 948
592 745
592 753
593 843
593 849
593 915
593 998
594 819
594 888
595 649
595 689
596 822
597 613
597 631
597 955
597 975
598 978
599 672
599 709
599 766
599 817
599 997
600 784
600 870
601 893
602 630
602 641
603 774
603 853
603 875
603 942
604 628
604 847
605 798
606 839
606 921
606 924
606 981
607 611
608 733
609 688
609 868
610 862
611 800
611 945
612 744
612 762
612 785
613 975
616 723
616 850
616 952
617 809
617 867
618 882
619 631
619 655
619 955
619 992
620 805
620 920
621 657
621 827
621 976
622 626
622 661
623 709
623 741
623 997
624 668
624 903
624 950
625 706
626 661
627 718
628 702
628 847
628 899
628 936
629 864
629 883
629 904
630 688
630 931
631 955
631 992
632 757
632 883
633 747
633 869
633 993
634 637
634 735
634 959
635 866
635 915
635 998
636 685
638 728
638 953
639 704
639 857
639 939
640 665
640 782
640 890
641 771
642 780
644 823
644 851
644 893
645 709
645 741
646 695
646 758
646 861
647 697
647 701
647 876
648 855
648 994
649 810
650 679
650 801
650 913
650 961
651 754
651 981
652 726
653 808
653 825
653 965
654 781
654 947
655 744
655 992
656 761
656 766
656 946
657 765
657 918
657 976
658 879
658 922
659 833
659 887
661 901
662 737
663 678
664 696
664 721
664 902
664 963
665 701
666 772
666 798
668 950
669 957
670 844
670 908
671 914
672 766
673 894
673 956
674 820
674 836
674 900
675 690
675 721
675 790
675 865
676 835
677 722
677 772
677 881
678 683
679 801
679 913
681 852
681 914
681 990
682 835
682 846
683 844
684 710
684 910
684 951
685 734
685 925
686 769
686 885
687 713
687 943
687 944
688 868
689 906
690 786
690 842
690 865
690 928
691 816
691 821
692 941
692 943
693 770
693 808
693 825
693 860
694 881
694 907
694 928
695 767
696 902
696 984
697 770
697 876
698 711
698 780
699 878
699 954
701 804
701 808
701 871
701 876
702 867
702 899
703 854
704 857
704 939
704 980
705 833
706 831
707 946
707 985
708 792
708 818
709 741
709 997
710 790
713 944
713 967
714 939
714 949
715 806
715 812
715 845
716 741
716 819
716 927
716 957
717 805
717 977
719 727
719 804
719 871
719 986
720 722
720 846
721 790
721 902
722 846
723 942
724 783
724 911
725 821
725 921
728 802
729 954
730 787
730 826
730 838
730 877
731 828
731 836
731 929
732 748
732 903
733 983
734 848
734 925
735 747
736 794
736 926
736 935
738 791
738 897
739 811
739 859
740 793
742 934
743 841
744 872
745 795
746 835
746 907
748 903
748 972
749 756
749 757
749 764
750 768
750 789
750 802
750 991
751 916
751 988
752 801
752 817
753 978
754 981
754 996
755 839
755 921
756 764
756 799
756 855
758 778
758 861
758 896
758 969
759 833
759 995
762 785
762 879
762 922
763 769
763 840
764 768
764 855
765 993
766 970
767 854
768 991
768 994
769 885
770 808
770 860
770 876
772 881
774 853
775 814
775 889
775 971
776 809
776 867
776 899
776 980
778 824
778 861
778 896
778 969
779 806
780 811
782 813
782 908
783 911
784 870
784 894
784 989
785 933
786 842
789 802
789 909
789 951
790 902
791 974
792 866
794 926
796 827
796 918
797 982
798 830
798 832
799 855
801 817
801 961
802 991
803 851
804 871
806 812
807 968
808 825
808 876
808 965
809 867
810 965
812 840
812 850
813 844
813 908
814 830
814 832
814 971
815 862
815 983
816 821
817 961
818 900
819 927
820 843
820 849
820 900
821 921
822 823
824 861
824 891
824 917
825 860
825 979
826 838
826 963
828 929
829 934
829 995
830 832
834 903
834 941
834 950
834 972
836 929
839 921
839 924
843 849
843 913
845 863
848 864
848 886
848 904
849 900
852 990
853 875
853 895
856 934
856 974
859 911
860 979
861 891
861 968
861 969
864 904
865 928
866 882
867 899
869 959
870 894
871 986
872 960
873 958
873 962
874 973
875 895
875 952
878 923
879 922
879 960
880 936
880 973
883 893
886 887
886 904
888 932
890 966
890 986
891 917
891 968
895 952
898 910
898 951
901 920
902 984
903 950
903 972
906 945
907 928
909 951
910 951
912 948
912 982
914 937
915 998
919 958
919 962
924 981
926 935
929 930
936 949
941 943
941 972
941 987
943 987
946 985
948 982
949 980
955 975
958 962
966 976
966 986
976 986
542 364
838 335
629 146
719 594
547 794
370 501
345 534
347 770
255 585
762 899
112 225
733 333
850 429
358 615
538 985
187 786
167 836
955 325
701 481
208 264
933 655
710 527
539 339
423 611
821 835
329 780
379 922
480 195
419 913
350 894
761 530
912 483
313 445
176 128
875 265
382 527
837 526
352 810
436 403
206 542
109 761
919 350
716 837
524 405
694 742
781 182
37 523
368 281
767 217
415 332
34 418
518 530
171 197
455 864
467 22
785 423
231 265
824 467
135 837
805 849
445 424
145 347
267 534
575 304
445 389
197 614
571 573
838 315
796 752
401 957
390 663
558 102
818 255
232 881
195 569
592 77
500 431
516 441
532 873
822 221
624 400
537 597
148 494
799 589
494 355
294 942
301 431
355 639
811 284
920 746
382 138
733 119
282 357
415 556
703 213
875 609
592 618
675 337
628 794
573 394
757 433
407 419
940 394
655 919
62 273
637 923
14 394
530 278
497 580
437 811
907 230
636 734
826 731
226 900
237 106
215 505
390 876
596 532
574 760
457 500
218 345
838 401
71 331
504 827
297 147
333 748
819 638
92 628
483 228
63 316
281 919
462 402
981 521
167 152
759 915
608 23
216 697
628 254
424 311
310 728
588 422
734 739
386 17
198 424
443 13
468 319
374 627
278 92
516 979
335 663
787 153
736 224
136 593
499 84
801 516
775 103
302 811
388 748
677 834
655 662
579 501
610 512
287 213
7 435
384 695
340 823
670 711
361 690
227 296
511 887
639 756
314 86
279 234
700 771
307 360
379 107
582 188
824 773
967 469
267 742
205 492
351 30
138 464
217 456
396 214
549 623
210 372
176 169
839 599
753 385
197 453
869 720
770 758
424 704
474 956
757 500
435 749
408 805
537 762
436 861
187 655
260 127
155 698
348 397
110 513
721 751
444 476
343 176
201 207
634 82
646 704
563 46
653 145
371 575
681 125
765 643
87 233
753 706
685 725
96 441
344 944
615 223
406 200
139 430
387 822
71 528
943 690
362 161
502 997
614 339
817 308
622 704
582 287
440 839
480 38
817 481
633 99
941 351
605 705
588 970
249 733
358 511
798 370
685 705
221 722
990 541
458 752
199 133
542 29
569 75
803 833
569 225
526 371
278 254
519 131
100 784
802 240
74 300
103 803
287 546
405 442
651 836
450 643
600 494
738 432
519 766
831 155
664 582
741 373
513 723
265 699
766 878
898 529
629 305
884 429
227 315
268 714
821 381
743 177
759 337
677 611
327 535
563 355
362 931
102 549
564 154
159 651
464 693
608 805
100 745
950 555
290 311
595 780
540 722
691 348
845 781
282 610
125 528
992 587
349 362
335 891
470 621
275 491
617 97
610 748
602 856
776 387
738 760
166 672
332 364
566 173
575 609
127 654
780 790
905 420
623 892
292 594
465 233
595 39
636 946
958 307
565 956
739 272
563 801
944 375
575 484
778 270
434 77
290 377
333 846
663 58
630 540
889 319
954 516
627 378
86 569
430 445
925 330
664 426
138 726
96 461
546 77
926 565
432 979
476 249
726 621
403 885
268 62
495 619
804 438
327 141
579 737
314 400
900 215
854 853
657 615
89 425
730 802
118 688
243 310
552 822
539 302
692 593
400 140
477 212
694 58
252 198
117 593
970 628
96 695
289 897
546 452
358 432
420 932
777 138
672 199
658 892
430 59
73 703
636 650
989 426
279 420
215 197
244 407
351 143
404 236
564 841
625 619
789 329
181 847
223 683
724 907
523 621
349 741
146 399
166 362
905 625
373 301
265 468
663 731
230 825
366 390
753 93
274 371
644 477
238 754
841 698
848 244
88 597
736 407
755 663
339 713
826 440
371 342
373 182
739 637
399 60
419 483
444 585
237 218
154 242
905 726
815 790
159 562
92 679
547 952
248 359
658 543
800 302
729 892
381 206
264 916
183 509
366 127
909 651
112 309
474 806
966 672
963 529
524 582
569 457
928 258
895 560
185 585
239 616
281 638
406 705
384 949
101 399
169 266
731 140
518 355
754 803
847 166
99 259
651 797
686 669
737 783
378 451
458 931
181 281
47 468
421 165
156 612
930 702
703 876
267 934
52 338
595 678
644 871
153 304
598 214
776 240
220 154
262 504
534 166
327 873
298 609
629 336
912 288
726 683
719 484
298 193
371 872
533 891
158 589
483 520
811 765
427 533
479 659
270 899
573 246
232 242
997 496
336 696
92 526
879 199
378 470
482 494
559 601
568 654
428 133
475 128
884 713
446 35
198 682
744 453
755 119
718 720
409 826
361 475
554 424
434 688
683 391
497 893
411 252
709 286
699 375
130 199
880 697
466 479
811 176
541 46
842 642
889 663
648 206
650 84
483 929
189 828
94 612
549 861
242 804
220 566
683 82
236 182
796 722
305 308
311 774
166 773
383 223
499 548
703 262
971 447
966 349
401 23
847 268
965 587
677 898
894 392
199 104
830 139
137 218
415 145
505 334
853 740
517 302
378 595
461 884
486 988
461 562
191 381
391 502
51 630
325 519
335 297
264 306
558 759
404 790
570 631
737 66
112 415
625 178
483 399
156 411
780 628
377 372
345 469
970 559
327 313
543 407
694 249
756 360
751 235
591 584
641 897
548 513
442 665
752 743
881 487
543 476
64 368
918 581
858 151
403 286
324 45
126 714
596 391
562 679
820 197
460 111
144 287
670 259
780 906
227 646
285 862
929 379
303 214
180 619
120 176
700 906
219 229
150 631
494 751
560 719
143 577
627 832
262 617
302 756
392 416
519 694
277 326
65 385
179 323
406 78
604 881
662 690
210 281
914 313
260 833
720 306
657 963
540 646
648 342
213 415
259 404
399 328
821 342
292 398
716 394
163 725
89 490
804 882
657 746
425 25
620 273
400 122
852 814
25 541
629 500
107 706
443 198
317 296
452 529
50 700
326 948
491 693
514 65
87 376
422 797
721 227
229 487
212 330
615 597
173 549
784 585
43 504
864 421
792 260
582 850
311 122
146 447
527 452
478 109
89 278
472 268
813 554
946 537
879 468
153 516
463 218
643 41
484 475
927 500
175 493
782 505
795 350
349 452
469 915
683 940
135 693
853 567
244 148
516 951
39 615
857 516
836 801
741 598
63 547
704 755
693 629
377 486
15 490
285 807
791 777
184 753
742 206
638 666
481 13
448 364
411 104
778 522
723 766
232 537
439 923
151 792
350 585
364 90
336 341
929 297
25 437
948 434
790 562
924 445
246 600
746 881
327 166
439 557
8 416
702 413
653 635
791 697
521 243
612 941
146 177
775 340
251 388
518 839
650 557
560 117
699 815
501 382
392 97
700 92
248 86
460 718
806 109
893 497
233 394
584 949
641 417
695 461
419 638
479 157
861 190
301 282
353 189
600 437
665 394
880 821
712 178
391 159
545 61
457 770
329 504
642 439
151 370
469 57
814 810
657 460
324 457
71 583
826 863
867 456
590 755
220 663
855 287
258 787
887 644
900 785
321 623
683 761
402 980
108 494
761 852
144 264
510 782
890 575
775 732
532 323
733 469
777 539
597 109
433 360
509 369
496 857
813 154
41 360
967 643
884 373
596 456
115 625
459 189
701 437
598 241
14 450
308 335
338 604
825 756
22 600
281 756
75 730
683 794
313 557
134 480
859 308
164 223
242 168
459 152
486 337
358 51
449 282
296 169
588 363
596 314
890 760
51 659
786 643
36 389
562 277
707 125
856 339
617 683
873 324
718 206
563 907
915 511
505 243
391 807
766 674
348 212
293 525
223 89
858 585
424 270
159 475
367 544
935 471
256 877
783 309
439 294
275 585
604 262
451 462
248 680
799 798
616 458
665 110
172 707
570 780
698 851
74 628
881 784
177 242
386 557
739 319
826 543
399 375
286 790
679 921
229 431
128 286
32 452
446 725
544 549
144 851
246 639
23 568
841 682
710 634
422 781
208 866
858 480
390 399
668 320
670 72
338 437
759 272
741 248
300 47
829 287
70 450
870 753
839 721
653 273
105 279
263 669
931 733
544 149
813 454
264 812
473 298
238 338
742 557
586 918
748 289
751 138
134 674
882 515
111 453
738 491
796 488
732 861
919 639
434 224
505 485
395 299
407 669
886 730
65 346
512 563
258 330
329 183
455 805
711 668
355 237
781 361
531 855
378 49
862 540
536 229
541 211
526 995
286 57
491 810
701 109
537 833
214 840
540 499
645 719
153 758
426 417
530 918
225 606
497 921
466 899
143 660
508 10
309 902
927 603
190 811
564 892
771 471
260 632
723 357
668 636
534 693
77 260
355 116
538 564
252 429
420 752
441 166
523 546
793 610
467 589
52 716
80 438
439 943
859 770
892 799
452 55
875 286
569 921
184 874
642 132
552 697
78 395
353 346
833 188
84 658
221 768
340 258
946 620
153 195
714 569
529 1
43 434
514 907
374 651
122 238
486 438
679 451
489 646
179 406
654 505
695 140
274 288
419 86
406 314
895 253
