1000 2961 10
59 65 88 43 45 17 83 15 76 100 5 42 11 87 43 58 69 40 96 50 68 3 89 51 30 92 26 70 23 11 100 35 70 81 91 96 2 52 56 11 64 92 28 52 70 83 98 15 45 84 85 91 8 73 50 50 96 13 100 54 57 79 43 75 6 59 21 31 44 13 55 52 66 78 77 72 27 37 13 35 96 88 71 36 40 69 81 25 69 69 72 83 47 29 58 65 69 51 94 41 67 35 47 12 37 56 18 73 11 82 10 61 33 54 52 96 16 55 3 11 59 94 48 93 92 44 32 62 32 68 98 71 34 67 54 75 4 13 4 37 36 8 96 54 45 11 49 49 74 97 31 89 51 70 39 7 41 46 89 91 69 54 66 13 73 7 27 91 48 53 53 76 87 63 32 70 32 4 51 86 60 52 7 100 27 72 66 69 74 26 34 46 25 4 20 85 45 37 31 52 33 4 9 30 53 59 65 4 81 70 47 50 33 57 18 61 49 8 63 16 32 5 85 96 5 91 68 54 72 96 82 40 4 46 76 48 26 92 44 69 14 90 98 42 68 90 5 31 58 96 8 39 59 82 34 17 94 39 25 57 75 80 60 25 57 57 97 24 57 39 100 38 16 5 77 82 65 76 69 23 37 72 51 48 96 75 93 44 57 86 59 91 34 100 3 58 47 40 98 13 29 6 7 37 61 6 51 27 30 74 6 80 20 17 14 48 25 87 57 10 4 70 37 11 22 93 59 26 85 31 31 71 90 49 64 1 89 39 40 61 45 11 64 19 88 30 61 53 73 64 62 38 99 37 8 20 54 39 34 65 5 61 3 73 74 54 1 72 98 46 66 48 27 34 9 100 57 75 54 91 48 66 20 2 6 55 48 35 63 11 98 100 56 26 4 47 30 88 13 94 34 36 2 2 3 70 88 28 63 12 24 41 85 6 39 76 63 53 12 24 13 69 77 16 1 12 6 86 51 30 65 42 15 27 26 92 89 33 53 96 48 60 8 24 53 76 62 6 27 69 80 74 20 67 30 39 80 96 41 32 62 93 61 13 57 74 43 75 25 63 69 50 78 40 19 46 76 36 90 44 61 59 88 90 41 20 12 35 96 70 10 82 73 39 43 71 78 91 99 28 88 15 22 1 53 27 33 93 82 68 14 40 60 72 70 71 94 2 16 4 13 28 64 64 21 40 68 17 8 40 10 48 50 24 31 16 56 13 61 68 76 41 21 65 34 56 60 83 10 10 34 53 49 70 93 7 19 93 83 40 84 82 56 76 10 6 24 75 63 49 80 64 35 88 66 79 77 61 46 63 78 38 47 44 33 99 29 95 19 59 17 100 98 60 21 6 93 23 26 16 30 71 56 80 6 66 33 26 22 2 42 28 5 17 18 15 45 4 31 56 86 92 79 18 94 35 10 22 6 85 13 34 55 78 32 62 24 96 27 48 79 97 55 98 7 32 77 53 57 82 4 44 97 23 13 10 63 14 62 91 15 19 98 95 35 49 24 34 88 61 49 80 82 61 70 45 93 18 98 27 51 5 53 95 46 93 43 73 25 29 4 60 41 73 24 52 42 16 48 50 100 13 94 100 41 58 18 8 76 3 92 6 81 71 79 80 89 25 41 89 15 86 7 15 53 89 65 20 90 62 29 14 55 71 61 28 76 90 64 29 10 23 60 49 88 66 56 82 56 68 14 45 98 27 26 88 14 44 40 34 83 43 99 26 50 49 65 64 47 3 76 61 1 95 40 43 4 62 47 76 13 84 50 46 68 58 54 45 26 32 76 57 3 7 6 41 49 91 50 21 90 29 28 66 52 48 64 72 4 41 82 100 88 10 75 49 44 66 51 63 1 44 68 39 5 99 92 9 41 18 88 97 7 52 21 44 21 92 55 68 89 67 42 2 70 66 18 48 6 99 84 47 84 68 51 81 70 36 21 22 91 26 35 97 100 61 97 26 99 30 63 59 49 92 45 4 69 70 89 95 72 17 90 67 56 24 4 19 12 81 77 72 5 37 98 94 59 37 5 51 15 69 16 36 74 11 81 59 42 50 22 78 19 83 51 96 17 25 35 27 59 13 58 52 76 74 93 93 20 39 66 95 4 45 75 56 49 9 32 49 81 39 27 72 64 24 20 71 64 19 33 22 84 42 47 38 82 40 50 28 46 4 96 19 62 77 100 96 100 14 97 34 86 53 87 54 66 56 82 59 53 63 30 38 69 83 49 36 56 31 40 98 34 85 49 24 1 80 53 11
0 240
0 328
0 426
0 755
0 819
0 943
1 427
1 507
1 616
1 652
1 894
2 16
2 194
2 438
2 523
2 877
3 30
3 255
3 372
3 512
3 578
3 600
3 971
4 81
4 309
4 447
4 504
4 546
4 984
5 53
5 56
5 103
5 199
5 234
5 347
5 872
6 65
6 288
6 294
6 339
6 579
6 730
6 798
7 38
7 132
7 406
7 480
7 558
7 571
7 577
7 862
8 126
8 225
8 364
8 379
8 812
9 193
9 317
9 636
9 901
9 999
10 228
10 369
10 684
10 741
10 887
11 87
11 132
11 275
11 434
11 577
11 832
11 969
12 90
12 204
12 274
12 300
12 409
12 590
12 645
12 780
13 95
13 326
13 408
13 575
13 622
14 47
14 232
14 357
14 419
14 504
14 744
15 345
15 351
15 682
15 706
15 781
15 960
16 100
16 194
16 291
16 361
16 438
16 653
17 131
17 609
17 687
17 835
17 871
17 939
18 61
18 93
18 141
18 503
18 718
18 899
19 97
19 453
19 495
19 588
19 801
20 25
20 35
20 133
20 611
20 668
20 769
20 873
20 962
21 59
21 244
21 383
21 637
21 998
22 515
22 560
22 727
22 765
22 870
22 920
22 946
23 51
23 419
23 437
23 592
23 629
23 744
23 809
24 176
24 270
24 490
24 709
24 763
25 107
25 242
25 420
25 873
25 962
26 119
26 173
26 397
26 618
26 914
26 938
27 113
27 318
27 402
27 747
27 767
27 918
28 330
28 477
28 530
28 603
28 794
28 802
29 67
29 158
29 233
29 549
29 785
29 842
30 372
30 478
30 484
30 578
30 711
31 45
31 48
31 201
31 548
31 639
31 716
31 986
32 59
32 212
32 383
32 517
32 543
32 681
32 985
33 218
33 257
33 541
33 766
33 815
33 827
33 996
34 352
34 354
34 827
34 908
34 919
34 940
35 156
35 370
35 611
35 668
35 710
36 390
36 509
36 574
36 591
36 680
36 834
36 886
37 256
37 602
37 622
37 805
37 905
38 164
38 480
38 558
38 590
38 847
39 73
39 135
39 181
39 236
39 620
39 628
39 699
39 821
39 928
39 977
40 89
40 232
40 294
40 360
40 644
41 429
41 845
41 876
41 965
41 987
42 208
42 213
42 269
42 576
42 981
43 398
43 461
43 733
43 783
43 852
44 286
44 338
44 452
44 531
44 592
44 898
45 48
45 298
45 303
45 482
45 548
45 661
45 713
46 160
46 303
46 661
46 906
46 979
47 197
47 357
47 419
48 303
48 716
48 979
49 122
49 356
49 591
49 610
49 704
50 91
50 534
50 605
50 954
51 255
51 437
51 578
51 629
51 747
51 927
52 123
52 614
52 617
52 851
52 972
53 54
53 199
53 441
53 761
53 872
54 199
54 761
54 838
55 129
55 268
55 304
55 327
55 414
55 857
56 118
56 199
56 234
56 615
56 630
56 838
57 265
57 678
57 694
57 720
57 839
57 929
58 72
58 179
58 200
58 292
58 357
58 781
59 212
59 383
59 637
60 385
60 506
60 537
60 690
60 779
61 93
61 98
61 110
61 313
61 513
61 864
61 899
62 142
62 220
62 380
62 983
63 79
63 178
63 322
63 633
63 729
63 934
64 170
64 189
64 341
64 791
64 831
64 855
65 540
65 579
65 730
65 891
66 468
66 485
66 647
66 768
67 171
67 233
67 469
67 470
67 527
67 785
68 175
68 253
68 314
68 413
68 521
68 900
69 777
69 778
69 822
69 826
69 841
70 276
70 568
70 580
70 643
70 655
70 674
70 997
71 180
71 284
71 456
71 715
71 721
71 830
72 115
72 179
72 362
72 457
72 706
72 781
73 181
73 275
73 556
73 628
73 658
73 969
74 286
74 464
74 531
74 563
74 662
74 825
74 967
75 167
75 371
75 551
75 677
75 819
75 943
76 277
76 329
76 440
76 460
76 696
76 865
77 269
77 277
77 576
77 788
77 795
77 816
77 875
78 89
78 333
78 345
78 374
78 960
79 322
79 368
79 728
79 888
79 934
80 94
80 573
80 848
80 879
80 883
81 82
81 232
81 360
81 504
81 546
82 263
82 360
82 546
82 579
82 644
82 751
83 97
83 510
83 588
83 642
83 710
84 343
84 488
84 552
84 569
84 613
84 950
84 958
85 634
85 651
85 675
85 882
85 930
85 965
86 211
86 378
86 492
86 537
86 796
86 870
87 209
87 243
87 282
87 434
87 448
87 532
87 577
88 328
88 471
88 583
88 659
88 677
88 973
89 232
89 292
89 294
89 333
89 798
89 960
90 153
90 164
90 558
90 590
90 780
90 923
91 214
91 534
91 605
91 869
91 881
92 340
92 364
92 379
92 567
92 793
92 800
93 141
93 313
93 471
93 659
93 755
94 181
94 275
94 282
94 434
94 848
94 879
95 108
95 326
95 443
95 575
95 693
96 143
96 336
96 452
96 592
96 629
96 976
97 453
97 588
97 710
97 873
97 874
98 110
98 121
98 462
98 899
99 444
99 525
99 542
99 553
99 650
99 853
100 104
100 133
100 438
100 653
100 962
101 159
101 206
101 754
101 761
101 774
101 838
102 205
102 453
102 511
102 596
102 756
102 896
102 984
103 234
103 347
103 750
104 107
104 291
104 653
104 909
104 962
105 195
105 241
105 412
105 863
105 893
106 134
106 271
106 283
106 311
106 618
106 641
107 263
107 420
107 909
107 962
108 124
108 137
108 381
108 433
108 443
108 693
109 272
109 454
109 572
109 612
109 995
110 462
110 864
111 209
111 227
111 349
111 367
111 532
111 570
111 806
112 503
112 718
112 866
112 947
113 402
113 495
113 511
113 756
113 918
114 281
114 394
114 435
114 458
114 990
115 362
115 487
115 648
115 682
115 706
116 219
116 538
116 719
116 790
116 959
117 396
117 401
117 456
117 477
117 562
117 715
117 742
118 315
118 497
118 630
118 838
118 988
119 173
119 311
119 449
119 520
119 618
119 964
120 215
120 349
120 411
120 621
120 649
120 731
120 999
121 229
121 366
121 406
121 462
121 503
121 862
121 899
122 170
122 356
122 591
122 632
122 791
123 526
123 595
123 666
123 725
123 851
123 972
124 246
124 358
124 381
124 443
124 771
125 332
125 344
125 491
125 605
125 850
125 955
126 177
126 225
126 465
126 609
126 812
127 225
127 364
127 670
127 828
127 951
127 993
128 224
128 382
128 425
128 544
128 723
128 822
129 147
129 304
129 414
129 440
129 714
130 247
130 252
130 446
130 640
130 743
130 773
131 350
131 505
131 687
131 841
131 904
131 939
131 945
132 406
132 577
132 832
133 438
133 500
133 769
133 959
133 962
134 271
134 585
134 618
134 938
135 182
135 236
135 392
135 699
135 883
136 172
136 331
136 685
136 926
136 932
137 433
137 477
137 603
137 693
137 742
137 802
138 157
138 222
138 517
138 543
138 593
138 985
139 166
139 399
139 691
139 764
139 849
139 888
140 335
140 405
140 594
140 956
141 240
141 389
141 718
141 755
142 220
142 274
142 380
142 687
142 835
142 945
143 255
143 450
143 629
143 971
143 976
144 211
144 727
144 782
144 961
145 150
145 324
145 363
145 638
145 956
146 198
146 473
146 582
146 643
146 717
146 829
146 942
147 187
147 440
147 714
147 981
148 399
148 445
148 698
148 866
148 930
149 415
149 533
149 707
149 749
149 845
149 987
150 237
150 335
150 363
150 403
150 667
150 956
151 565
151 584
151 679
151 689
151 789
151 825
151 892
152 183
152 346
152 901
152 952
153 459
153 570
153 780
153 923
154 371
154 393
154 446
154 498
154 551
154 677
154 773
154 973
155 260
155 353
155 474
155 726
155 818
156 219
156 305
156 323
156 370
156 496
156 538
156 668
157 593
157 684
157 741
157 811
157 985
158 486
158 491
158 549
158 787
158 842
158 878
159 249
159 754
159 761
159 816
159 968
160 492
160 515
160 770
160 906
160 979
161 163
161 231
161 719
161 790
161 931
161 935
162 190
162 354
162 804
162 856
162 936
163 231
163 427
163 676
163 894
163 931
164 558
164 590
165 180
165 194
165 301
165 516
165 810
166 325
166 399
166 849
166 866
167 185
167 297
167 310
167 371
167 819
167 853
168 247
168 265
168 701
168 831
168 855
168 910
169 432
169 690
169 782
169 860
169 861
169 916
170 356
170 791
170 831
171 468
171 469
171 527
171 646
172 191
172 331
172 884
172 932
172 941
173 307
173 449
173 692
173 897
173 914
174 254
174 614
174 671
174 737
174 772
174 817
174 851
175 281
175 413
175 569
175 695
175 900
175 990
176 490
176 624
176 763
177 245
177 418
177 473
177 609
177 812
177 871
178 196
178 533
178 633
178 673
178 729
178 845
179 200
179 457
179 464
179 703
180 284
180 301
180 516
180 666
180 672
180 830
181 236
181 275
181 879
182 317
182 392
182 573
182 883
183 346
183 621
183 731
183 952
184 208
184 213
184 285
184 586
184 981
185 297
185 508
185 819
186 264
186 499
186 519
186 522
186 784
186 803
186 892
187 269
187 440
187 460
187 981
188 203
188 207
188 321
188 382
188 581
189 341
189 566
189 632
189 791
190 627
190 635
190 797
190 804
190 856
191 331
191 712
191 850
191 869
191 884
191 955
192 563
192 688
192 689
192 868
192 893
192 967
193 223
193 489
193 636
193 999
194 361
194 516
194 523
194 810
194 992
195 234
195 241
195 293
195 312
195 750
195 863
196 296
196 633
196 845
196 882
196 965
197 200
197 357
197 419
197 703
197 809
198 379
198 582
198 942
199 838
200 357
200 703
201 259
201 394
201 639
201 735
201 986
202 301
202 342
202 359
202 540
202 730
202 810
202 992
203 207
203 323
203 496
203 501
203 581
203 657
204 418
204 459
204 645
204 780
205 216
205 261
205 511
205 918
205 984
206 315
206 388
206 774
206 838
206 924
207 250
207 321
207 496
207 642
208 213
208 981
209 243
209 367
209 532
210 212
210 463
210 623
210 637
210 807
210 846
211 378
211 727
211 870
211 961
212 463
212 637
212 681
213 285
213 295
213 576
213 875
214 712
214 727
214 782
214 869
214 881
214 963
215 349
215 410
215 481
215 649
215 717
215 806
216 261
216 309
216 437
216 744
216 927
216 984
217 442
217 534
217 727
217 732
217 808
217 878
217 881
217 946
218 230
218 239
218 466
218 479
218 541
218 975
218 996
219 305
219 514
219 538
219 719
220 221
220 274
220 300
220 651
220 983
221 300
221 337
221 524
221 651
222 450
222 512
222 543
222 593
222 971
223 448
223 489
223 573
223 636
223 848
224 250
224 382
224 425
224 588
224 777
224 801
225 364
225 465
225 904
225 939
225 951
226 469
226 654
226 656
226 768
226 785
227 459
227 481
227 570
227 806
228 369
228 597
228 705
228 867
228 887
229 503
229 862
229 911
229 947
230 239
230 541
230 804
230 991
231 387
231 430
231 676
231 935
232 292
232 357
232 360
232 504
233 444
233 470
233 842
234 293
234 615
234 750
235 624
235 678
235 763
235 929
236 879
236 883
237 335
237 667
237 722
237 734
237 820
238 352
238 408
238 622
238 823
238 905
238 940
239 348
239 428
239 466
239 494
239 797
239 991
240 389
240 426
240 535
240 755
240 786
240 974
241 293
241 412
241 766
241 799
241 815
242 420
242 596
242 873
242 874
242 896
243 367
243 558
243 577
243 923
244 386
244 400
244 637
244 724
244 846
244 998
245 418
245 473
245 717
246 256
246 316
246 358
246 602
246 771
247 252
247 446
247 701
247 855
248 739
248 746
248 759
248 861
248 963
249 441
249 669
249 761
249 966
249 968
250 321
250 382
250 510
250 588
250 642
251 306
251 479
251 483
251 630
251 752
251 925
251 988
252 341
252 439
252 743
252 855
253 272
253 343
253 521
253 900
254 430
254 671
254 737
254 921
255 578
255 629
255 971
256 358
256 602
256 805
257 766
257 799
257 827
257 919
258 555
258 641
258 854
258 928
258 964
258 980
259 394
259 559
259 697
259 735
260 474
260 550
260 726
260 760
260 922
261 747
261 918
261 927
262 455
262 539
262 619
262 776
262 902
262 953
263 420
263 447
263 546
263 751
263 896
263 909
264 384
264 522
264 608
264 625
264 892
264 917
265 694
265 831
265 839
265 910
266 373
266 384
266 385
266 599
266 783
267 355
267 581
267 670
267 775
267 828
267 836
268 327
268 700
268 748
268 857
269 277
269 460
269 576
269 981
270 646
270 709
270 763
270 913
271 283
271 407
271 439
271 509
271 585
271 762
272 343
272 485
272 521
272 572
272 612
272 738
272 745
273 351
273 421
273 547
273 823
273 940
274 300
274 409
274 835
275 434
275 969
276 280
276 580
276 674
276 833
277 460
277 696
277 816
278 353
278 405
278 594
278 740
278 889
279 365
279 493
279 685
279 786
279 880
280 580
280 607
280 833
281 435
281 695
281 890
281 990
282 434
282 448
282 848
283 555
283 641
283 762
283 837
284 301
284 342
284 456
285 586
285 664
285 686
285 753
286 338
286 464
286 531
287 298
287 528
287 548
287 713
287 840
287 858
288 339
288 342
288 401
288 562
288 730
289 368
289 372
289 600
289 711
289 729
289 934
290 315
290 483
290 497
290 970
291 359
291 361
291 540
291 653
291 909
292 357
292 781
292 960
293 615
293 815
293 996
294 579
294 644
294 798
295 388
295 424
295 774
295 875
295 924
296 472
296 633
296 675
296 882
297 508
297 525
297 757
297 844
297 853
298 548
298 713
299 312
299 347
299 404
299 679
299 688
299 689
300 337
300 590
300 847
301 342
301 810
302 355
302 375
302 581
302 722
302 836
303 661
303 979
304 528
304 604
304 664
304 714
304 857
305 323
305 501
305 514
305 820
306 494
306 752
306 925
307 313
307 513
307 583
307 659
307 897
307 914
308 337
308 445
308 480
308 524
308 571
308 634
308 698
308 911
308 947
309 504
309 744
309 984
310 371
310 451
310 498
310 701
310 853
310 910
311 618
311 641
311 964
312 347
312 688
312 750
312 863
313 513
313 659
314 413
314 521
314 572
314 695
314 890
315 388
315 497
315 838
315 970
316 502
316 602
316 771
316 856
316 936
317 392
317 554
317 573
317 636
317 901
318 478
318 747
318 767
318 885
319 353
319 567
319 740
319 818
319 859
319 915
320 324
320 363
320 638
320 944
321 382
322 472
322 633
322 691
322 888
323 496
323 501
324 395
324 405
324 638
324 758
324 944
324 956
325 422
325 535
325 849
325 866
326 358
326 443
326 622
326 805
327 414
327 700
327 989
328 471
328 677
328 755
328 943
329 665
329 669
329 696
329 865
329 903
329 966
329 968
329 982
330 477
330 715
330 721
330 794
331 529
331 685
331 850
331 880
332 344
332 491
332 757
332 787
332 844
333 374
333 798
333 814
333 824
334 386
334 400
334 626
334 764
334 849
334 926
335 594
335 734
335 956
336 377
336 452
336 811
336 898
336 976
337 480
337 524
337 847
338 464
338 592
338 703
338 809
339 401
339 798
339 824
340 550
340 674
340 793
340 800
340 833
340 949
341 439
341 566
341 855
342 456
342 562
342 730
343 569
343 613
343 738
343 900
344 529
344 757
344 850
345 351
345 374
345 547
345 960
346 467
346 580
346 731
346 901
347 404
347 416
347 750
347 872
348 466
348 479
348 494
348 925
349 411
349 532
349 806
350 380
350 826
350 841
350 876
350 945
351 545
351 547
351 682
351 908
351 940
352 354
352 502
352 905
352 940
353 474
353 740
353 758
353 818
353 889
354 502
354 804
354 827
354 936
355 581
355 836
356 694
356 704
356 720
356 831
358 443
358 805
359 361
359 540
359 992
360 644
361 992
362 457
362 487
362 662
363 403
363 507
363 631
363 638
363 944
364 379
364 567
364 828
365 426
365 508
365 529
365 757
365 786
365 880
366 406
366 462
366 832
366 948
367 570
367 923
368 518
368 600
368 728
368 934
369 608
369 625
369 684
369 867
369 907
370 496
370 642
370 710
371 498
371 551
372 600
372 711
373 385
373 506
373 539
373 783
373 953
373 978
374 547
374 814
375 594
375 722
375 734
375 836
375 994
376 467
376 568
376 649
376 731
377 684
377 811
377 843
377 898
378 537
378 690
378 961
379 582
379 800
379 812
379 942
380 429
380 876
380 945
380 983
381 433
382 581
382 723
382 775
383 518
383 543
383 998
384 476
384 589
384 599
384 608
384 733
384 783
384 917
385 506
385 599
385 779
385 860
386 400
386 724
386 764
387 427
387 430
387 676
387 921
388 924
388 970
389 535
389 718
390 554
390 555
390 620
390 886
390 980
391 515
391 560
391 598
391 716
391 770
392 554
392 699
393 397
393 583
393 640
393 773
393 973
394 435
394 458
394 639
394 697
395 405
395 758
395 889
396 401
396 575
396 742
396 814
396 824
397 583
397 640
397 914
397 938
398 561
398 733
398 813
398 852
399 472
399 691
399 866
399 930
400 846
400 926
400 932
400 941
401 562
401 824
402 415
402 495
402 767
402 777
402 801
403 631
403 667
403 912
404 416
404 679
404 683
405 594
405 889
405 956
406 832
406 862
407 439
407 509
407 591
407 680
407 792
408 421
408 547
408 575
408 622
408 823
409 645
409 835
409 871
410 643
410 649
410 717
410 997
411 448
411 489
411 532
411 999
412 702
412 799
412 893
413 695
414 440
414 708
414 865
414 982
414 989
415 707
415 749
415 767
415 777
415 778
416 519
416 683
416 784
416 872
416 966
417 463
417 564
417 606
417 705
417 739
417 759
417 807
417 916
418 459
418 481
418 645
418 717
418 871
419 744
419 809
420 896
421 547
421 823
422 535
422 626
422 786
422 849
422 974
423 528
423 686
423 840
423 858
424 754
424 774
424 788
424 795
424 875
425 777
425 822
426 508
426 786
426 819
427 616
427 676
427 894
427 921
428 494
428 627
428 752
428 771
428 797
429 651
429 876
429 965
429 983
430 737
430 921
430 935
431 516
431 617
431 666
431 672
431 972
432 476
432 564
432 860
432 916
433 802
435 697
435 890
435 937
436 462
436 556
436 658
436 692
436 864
436 948
437 744
437 927
438 500
438 772
438 877
439 566
439 585
439 743
439 792
440 460
440 865
441 761
441 872
441 966
442 486
442 663
442 732
442 878
442 958
444 470
444 542
444 553
444 839
444 842
445 634
445 698
445 930
446 498
446 701
446 773
447 546
447 896
447 984
448 489
448 532
448 848
449 520
449 658
449 692
450 593
450 811
450 971
450 976
451 553
451 650
451 839
451 853
451 910
452 592
452 898
453 495
453 596
453 756
453 874
454 490
454 572
454 709
454 995
455 482
455 539
455 700
455 902
455 978
456 562
456 715
457 464
457 662
458 598
458 601
458 639
458 660
458 895
458 990
459 481
459 570
459 780
461 700
461 708
461 783
461 852
461 978
461 989
462 864
462 948
463 606
463 681
463 807
464 662
464 703
465 609
465 939
466 479
467 568
467 580
467 731
468 469
468 646
468 647
468 768
469 768
469 785
470 527
470 839
470 929
471 659
471 755
472 633
472 675
472 691
472 930
473 717
473 812
473 942
474 758
474 922
475 548
475 587
475 735
475 858
475 986
476 564
476 589
476 597
476 599
476 860
477 603
477 715
477 742
478 484
478 578
478 747
478 885
479 615
479 630
479 925
479 975
480 571
480 847
481 717
481 806
482 661
482 700
482 713
482 748
482 776
482 902
483 497
483 752
483 970
483 988
484 673
484 711
484 885
485 612
485 647
485 654
485 745
485 768
486 549
486 656
486 663
486 878
487 536
487 648
487 662
487 702
487 868
488 552
488 732
488 808
488 920
488 958
489 999
490 572
490 709
491 605
491 787
491 878
491 954
492 515
492 796
492 870
492 906
493 626
493 685
493 786
493 926
494 752
494 925
495 756
495 801
496 642
497 988
498 701
499 522
499 733
499 784
499 813
499 917
500 772
500 817
500 959
501 657
501 820
502 602
502 905
502 936
503 718
503 899
503 947
504 744
505 544
505 822
505 841
505 904
505 951
506 537
506 619
506 953
507 616
507 631
507 652
507 944
508 757
508 819
509 680
509 762
509 834
510 588
510 642
511 756
511 918
512 543
512 600
512 971
513 864
513 897
514 719
514 820
514 912
514 931
514 933
515 560
515 770
515 870
516 523
516 617
516 672
517 543
517 985
518 543
518 600
518 728
518 998
519 683
519 784
519 803
520 658
520 854
520 964
520 977
521 572
522 917
523 614
523 617
523 877
524 634
524 651
525 542
525 844
525 853
526 595
526 851
527 646
527 763
527 929
528 664
528 686
528 713
528 840
528 857
529 757
529 850
529 880
530 557
530 725
530 794
530 802
531 565
531 825
531 898
533 673
533 707
533 845
533 885
534 878
534 881
534 954
535 718
535 866
535 974
536 545
536 648
536 702
536 799
536 919
537 619
537 690
537 796
538 668
538 769
538 959
539 953
539 978
540 730
540 891
540 909
541 804
541 827
542 842
542 844
543 600
544 723
544 822
544 951
544 993
545 648
545 682
545 908
545 919
547 575
547 814
548 858
548 986
549 656
549 785
550 607
550 726
550 760
550 793
550 833
550 957
551 677
552 660
552 765
552 920
552 950
553 650
553 839
554 620
554 699
554 821
554 901
555 641
555 837
555 886
555 980
556 658
556 948
556 969
557 721
557 725
557 794
557 830
558 577
558 923
559 587
559 686
559 697
559 735
559 937
560 598
560 765
560 895
561 665
561 813
561 852
561 903
563 662
563 868
563 967
564 597
564 705
564 916
565 789
565 825
565 843
565 898
566 632
566 792
567 793
567 818
567 828
567 859
568 580
568 649
568 997
569 601
569 900
569 950
569 990
570 923
571 862
571 911
572 890
573 636
573 848
573 883
574 762
574 834
574 837
574 886
575 693
575 742
575 814
576 875
578 747
579 644
579 751
579 891
580 607
580 922
581 657
581 722
581 775
582 800
582 829
583 659
583 914
583 973
584 679
584 683
584 803
584 892
585 640
585 743
585 938
586 714
586 753
586 981
587 686
587 735
587 858
588 801
589 597
589 608
589 867
590 847
591 610
591 632
591 680
591 792
592 629
592 809
593 811
594 734
594 740
594 915
594 994
595 671
595 851
595 921
596 874
596 896
597 705
597 867
598 639
598 716
598 895
599 860
601 660
601 950
601 990
602 905
603 802
604 664
604 714
604 753
605 869
605 954
605 955
606 681
606 705
607 760
607 833
607 922
607 957
608 625
608 867
609 871
609 939
610 624
610 678
610 704
610 720
611 710
611 873
612 647
612 913
612 995
613 736
613 738
613 745
613 958
614 617
614 772
614 851
614 877
615 630
615 975
615 996
616 921
616 944
617 972
618 938
619 776
619 796
619 953
620 821
620 928
620 980
621 731
621 952
621 999
622 805
622 905
623 807
623 846
623 884
623 941
624 678
624 763
625 789
625 892
625 907
626 786
626 849
626 926
627 771
627 797
627 856
628 658
628 977
630 988
631 652
631 912
631 933
632 791
632 792
634 651
634 930
635 797
635 804
635 991
637 846
639 716
640 743
640 773
640 938
641 964
642 710
643 655
643 717
643 829
643 997
645 871
646 647
646 763
646 913
647 913
648 682
649 731
649 997
650 853
651 965
651 983
652 894
652 933
654 656
654 663
654 736
654 745
654 768
655 674
655 829
655 949
656 663
656 785
657 722
657 820
658 692
658 977
660 765
660 895
660 950
661 776
661 906
662 868
663 736
663 958
664 686
664 753
665 852
665 903
665 982
666 672
666 725
666 830
666 972
667 820
667 912
668 769
669 966
669 968
670 775
670 828
670 993
671 851
671 921
673 711
673 729
673 885
674 833
674 949
675 882
675 930
677 943
677 973
678 720
678 929
679 683
679 689
681 705
681 887
681 985
682 706
683 803
684 741
684 811
684 843
684 907
685 880
685 926
686 858
686 937
687 835
687 945
688 689
688 863
688 893
689 825
689 967
690 779
690 782
690 860
690 961
691 888
692 864
692 897
693 742
694 720
694 831
695 890
696 816
696 968
697 937
698 866
698 947
699 821
700 748
700 978
700 989
701 910
702 799
702 868
702 893
703 809
704 720
705 887
706 781
707 767
707 885
708 852
708 982
708 989
709 913
709 995
710 873
711 729
712 746
712 869
712 884
712 963
713 748
713 857
714 753
714 981
715 721
716 770
716 979
718 866
719 790
719 931
721 794
721 830
722 734
722 820
723 775
723 993
724 728
724 764
724 888
724 998
725 802
725 830
726 793
726 818
727 782
727 870
727 881
727 946
728 888
728 998
729 934
732 808
732 958
733 783
733 813
733 917
735 986
736 745
736 958
737 817
737 935
738 745
739 759
739 861
739 916
740 915
741 887
741 985
746 759
746 807
746 884
746 963
747 918
747 927
748 857
749 778
749 826
749 987
751 891
751 909
754 774
754 788
754 816
757 844
758 889
758 922
758 944
759 807
760 922
761 838
762 834
762 837
763 929
764 849
764 888
765 895
765 920
766 799
766 815
767 885
769 959
770 979
771 856
772 817
772 877
774 924
775 993
776 796
776 902
776 906
777 778
777 801
777 822
778 826
779 860
781 960
782 861
782 961
782 963
783 978
784 813
784 903
784 966
786 974
787 842
787 844
788 795
788 816
789 843
789 892
789 907
790 817
790 935
790 959
793 818
795 875
796 906
797 991
798 824
799 919
800 829
800 949
803 892
804 827
804 991
807 884
808 920
808 946
810 992
811 976
812 942
813 903
814 824
815 996
816 968
817 935
817 959
819 943
820 912
822 841
823 940
825 967
826 841
826 876
826 987
827 919
828 836
828 859
828 994
829 949
831 855
832 948
832 969
833 957
835 871
836 994
837 886
839 910
839 929
840 858
842 844
843 898
843 907
845 965
845 987
846 941
850 955
852 982
854 928
854 964
854 977
856 936
859 915
859 994
861 916
861 963
862 911
863 893
864 897
865 982
866 947
868 893
869 955
872 966
873 874
876 987
878 954
879 883
882 965
884 941
887 985
890 937
891 909
894 931
894 933
896 984
901 952
901 999
903 966
904 939
904 951
908 919
908 940
911 947
912 933
913 995
915 994
920 946
926 932
928 977
928 980
931 933
932 941
948 969
951 993
952 999
975 996
310 657
945 658
897 458
546 478
715 417
494 131
801 358
468 783
682 785
503 986
460 355
430 829
539 778
806 200
676 382
704 277
856 461
615 717
353 719
712 550
788 534
434 482
201 363
609 394
28 560
784 502
268 800
620 527
911 296
146 544
545 503
182 248
450 436
636 128
687 164
797 556
159 863
784 146
493 773
345 905
734 359
569 630
307 59
373 225
581 325
216 235
235 272
669 360
201 259
62 719
248 468
594 431
951 454
465 135
468 106
296 166
507 85
94 646
680 301
443 453
321 310
349 748
554 705
495 573
126 743
817 385
81 506
114 559
48 395
643 627
663 934
911 344
671 278
378 865
602 287
260 661
357 118
351 67
745 293
483 556
431 924
728 403
756 415
749 569
127 415
519 655
266 329
469 864
281 708
738 342
519 798
266 454
731 838
331 718
427 883
841 206
568 372
734 547
371 754
185 596
820 496
431 66
698 479
514 143
810 467
589 200
249 837
778 475
876 219
25 470
359 764
532 871
409 696
658 527
77 294
655 244
876 570
849 302
506 45
286 825
552 923
417 762
74 733
987 458
881 179
265 505
653 769
701 717
696 648
310 140
198 745
634 691
442 802
830 514
218 814
387 944
338 536
883 253
490 410
426 591
865 753
352 684
567 713
554 410
270 363
894 727
663 850
307 118
452 648
589 584
871 692
526 266
558 984
531 823
232 706
790 838
824 585
484 385
205 523
410 91
232 288
918 586
705 111
938 608
500 788
904 407
422 616
229 648
158 686
328 354
102 737
88 544
346 519
298 797
935 511
63 365
11 584
644 787
542 584
648 296
926 373
393 886
414 963
569 970
263 69
257 629
438 250
317 99
772 649
121 766
712 72
324 491
585 244
496 963
884 445
567 163
532 617
657 349
678 831
485 109
657 320
140 250
852 403
788 637
569 797
662 461
451 26
763 620
282 65
513 876
394 457
264 346
421 454
322 35
289 436
594 883
657 437
193 422
613 95
865 598
537 716
511 707
519 429
466 945
698 620
678 741
114 509
548 854
432 359
432 730
661 102
936 593
710 359
143 567
535 127
56 606
398 929
842 693
737 172
656 65
346 650
594 181
746 496
498 851
423 499
630 816
802 116
170 718
335 422
424 128
739 614
549 46
168 766
55 412
963 535
563 443
805 131
645 165
294 881
108 243
796 870
641 451
294 251
756 443
437 282
143 676
351 270
745 708
272 176
324 79
49 535
204 824
48 449
732 216
555 745
411 867
704 918
349 91
838 802
323 578
729 931
57 337
453 884
224 864
884 359
237 82
598 305
201 180
832 343
512 512
490 10
838 452
703 345
575 148
761 365
410 11
512 624
247 613
208 198
516 198
516 741
889 393
778 696
220 257
252 147
839 618
572 20
304 751
467 705
680 420
202 668
270 834
542 171
326 746
19 388
466 19
755 93
442 978
602 518
789 794
935 730
751 632
470 575
810 617
912 762
401 628
821 179
299 181
293 690
387 154
903 309
323 541
253 542
776 298
394 552
852 726
540 374
492 728
610 323
808 328
725 876
144 762
845 362
83 426
271 537
727 286
587 991
506 164
602 48
548 893
599 667
708 232
723 152
817 819
707 135
762 710
98 689
684 347
835 155
851 430
740 392
857 445
649 259
909 706
722 780
298 595
404 799
517 861
491 518
458 336
784 581
232 673
526 498
335 271
766 284
794 714
620 955
517 347
282 333
684 803
573 682
903 209
730 652
471 475
391 274
341 304
416 528
964 586
441 4
368 668
248 922
187 311
377 958
248 729
91 280
876 804
834 288
256 755
392 218
447 623
390 517
828 314
641 547
883 679
493 196
875 767
424 782
163 827
775 210
580 762
622 896
515 924
607 209
39 372
330 150
614 566
483 181
382 404
593 808
656 382
763 477
757 218
384 619
169 155
392 35
679 625
304 636
975 626
661 35
559 653
948 569
956 414
358 355
909 223
431 868
62 289
358 807
637 413
879 487
161 780
329 127
451 143
172 462
853 183
154 583
470 657
206 712
725 439
478 917
314 831
526 415
178 637
572 349
702 527
9 498
301 232
876 345
648 278
129 308
570 834
340 105
348 210
373 780
406 432
615 298
646 754
613 76
616 983
78 524
103 535
113 583
306 699
483 609
644 823
814 858
148 204
380 319
876 288
594 505
580 86
481 746
591 865
260 215
542 4
564 523
81 480
152 505
637 230
155 421
495 943
4 533
221 517
250 309
351 568
610 31
682 538
784 598
507 27
196 682
414 237
885 516
826 637
750 126
399 724
688 406
668 670
314 291
922 691
276 623
180 845
738 582
669 496
520 460
319 761
882 634
221 315
928 419
475 420
483 485
465 222
305 844
21 409
422 251
913 459
497 700
209 587
983 474
85 569
209 158
299 549
937 300
574 309
510 901
580 570
238 453
380 653
647 214
301 314
855 559
314 243
838 409
653 115
194 580
491 453
689 667
688 222
739 431
766 245
182 211
144 528
756 888
245 681
146 384
163 605
332 967
249 894
378 831
940 329
487 801
88 230
174 332
399 196
847 338
608 262
380 370
528 299
143 788
754 810
645 948
98 393
535 843
462 749
7 435
442 943
194 885
802 259
327 53
463 824
573 473
782 393
671 969
772 671
689 842
275 739
490 236
212 787
254 82
133 196
717 576
411 319
511 768
130 835
595 368
507 403
827 771
989 493
730 492
408 360
170 315
362 306
509 486
113 331
785 127
895 264
247 130
261 490
406 410
781 906
429 307
628 762
34 680
774 540
50 491
111 446
943 469
566 118
958 687
938 436
255 822
291 284
299 933
558 951
793 173
372 475
17 610
450 299
387 588
726 64
347 865
576 409
521 62
909 674
120 808
501 590
489 682
692 74
457 973
421 474
921 736
147 282
233 757
274 857
757 593
654 886
748 378
582 782
64 537
64 504
663 231
620 932
183 617
535 674
922 660
828 468
110 487
684 891
133 506
817 661
345 844
303 716
128 334
245 256
628 264
140 478
230 123
385 179
956 375
864 672
816 552
407 140
722 709
979 506
950 390
554 553
698 901
498 630
958 602
268 693
56 636
497 220
152 847
421 421
690 240
480 220
490 352
337 555
163 141
610 698
567 225
549 255
316 336
457 587
332 813
857 230
104 674
40 347
376 112
87 262
441 667
347 941
306 207
176 682
618 222
638 333
50 685
412 382
690 271
598 561
352 189
29 521
765 561
540 525
321 473
232 189
266 111
893 323
186 291
628 855
382 688
880 595
63 661
924 330
815 687
712 665
433 525
956 341
778 850
240 395
462 526
533 544
832 378
595 957
168 433
396 237
832 710
108 221
120 472
935 536
85 446
343 403
810 783
467 375
850 264
201 770
647 398
90 464
342 445
619 477
256 200
600 611
526 157
778 419
557 7
251 98
392 62
321 680
683 518
271 596
872 826
350 420
790 892
439 109
210 871
56 581
424 551
171 363
628 166
612 545
99 507
830 540
205 303
762 78
923 491
226 720
415 48
727 687
267 251
663 607
627 615
329 323
556 810
694 293
284 370
355 240
437 211
122 538
336 621
225 548
377 54
485 300
897 560
103 767
143 810
753 851
926 314
364 45
271 285
693 52
766 350
622 185
711 843
685 582
917 243
475 243
689 103
805 153
549 876
369 453
178 419
626 345
879 420
513 387
666 786
414 218
782 279
610 147
383 81
910 528
776 826
265 642
841 667
331 946
661 643
734 190
788 315
557 279
612 627
670 143
743 765
682 863
941 359
137 697
418 814
737 916
184 866
584 729
773 725
222 889
460 70
135 619
182 164
641 659
193 562
509 330
223 577
555 609
400 493
496 750
448 922
408 590
279 515
962 476
379 210
205 623
309 875
154 717
734 88
255 163
163 173
776 781
343 329
324 388
434 748
576 212
346 784
343 135
416 654
425 331
605 239
292 478
237 330
601 766
479 160
757 526
743 519
348 42
578 651
912 474
196 471
412 919
312 564
244 434
521 638
411 938
339 484
587 532
227 908
447 381
447 549
859 811
32 334
794 405
472 267
590 223
925 637
154 326
732 475
321 781
537 338
379 738
80 409
524 993
282 240
416 187
658 698
767 141
253 284
481 318
699 199
788 448
169 654
445 722
878 661
45 516
278 788
793 773
354 371
404 256
648 490
659 178
171 384
993 573
805 894
515 834
426 15
571 40
368 549
628 443
302 898
83 597
480 645
897 617
362 520
905 646
503 537
933 563
732 104
67 250
232 802
632 723
714 197
367 494
663 830
282 678
946 717
599 684
202 384
425 698
386 815
701 879
117 394
675 701
545 972
310 266
233 471
284 493
879 737
756 904
133 433
870 536
722 303
280 348
799 501
311 431
288 843
539 645
429 162
579 259
397 116
395 833
470 1
545 434
969 434
261 719
358 634
590 106
544 398
334 878
332 236
220 278
274 912
289 82
365 179
550 685
703 449
460 398
154 238
584 615
522 33
330 191
93 332
669 78
867 433
702 693
779 747
34 496
596 128
634 911
441 504
526 947
