1000 2959 10
3 99 70 90 98 34 17 82 57 56 38 15 23 42 81 78 87 74 56 19 15 66 20 97 75 28 16 37 46 48 26 15 60 54 24 2 26 14 36 18 21 7 80 41 94 82 4 99 15 8 100 88 77 80 15 11 79 32 47 22 81 40 33 88 52 63 15 93 40 79 57 36 74 55 55 63 89 33 41 76 30 43 64 3 88 54 30 76 12 82 23 37 39 44 64 92 45 77 71 77 46 15 29 15 7 90 10 77 4 31 69 2 43 75 61 22 99 51 70 51 46 54 25 78 31 49 39 35 8 14 34 91 82 72 75 77 67 66 97 90 29 52 75 37 70 98 37 32 19 2 30 77 61 88 27 29 35 86 61 44 58 21 77 20 39 48 41 75 54 61 86 15 55 16 5 37 99 31 36 54 36 12 13 86 14 48 15 15 61 42 76 40 6 66 65 68 94 96 96 11 10 40 79 92 29 93 100 15 30 67 46 6 87 63 56 22 59 28 63 81 68 30 70 64 78 69 61 3 93 5 10 56 52 24 42 90 7 59 65 92 38 66 97 36 92 89 41 18 54 78 91 6 51 66 21 62 29 6 77 41 39 32 84 5 55 34 91 24 63 94 50 97 86 100 86 46 14 73 96 58 93 99 3 2 48 44 60 30 46 25 52 9 24 49 57 25 44 97 7 62 46 4 8 9 10 49 47 32 34 18 2 35 70 37 18 48 20 86 81 89 62 89 30 72 76 95 23 61 91 97 24 85 70 35 71 28 55 50 89 69 3 6 59 44 46 71 33 67 36 60 21 10 8 47 12 74 21 97 98 81 30 22 46 57 60 49 45 10 43 64 26 47 62 26 100 38 91 100 36 50 52 34 10 30 85 49 55 13 78 51 50 54 33 75 47 81 37 60 40 17 54 83 20 39 34 60 36 3 28 64 77 30 37 65 76 45 74 9 12 85 71 34 2 7 23 6 7 72 92 19 22 53 90 51 18 86 43 79 39 86 89 23 46 2 20 45 45 67 72 97 45 50 54 100 92 29 45 8 38 23 7 83 78 37 72 18 4 17 17 27 56 76 86 66 26 47 21 73 89 7 37 82 15 56 36 46 35 43 54 64 13 82 41 79 83 63 35 76 61 62 18 85 47 57 89 50 24 69 29 6 55 30 16 57 57 25 90 97 60 74 80 94 96 32 11 63 36 44 18 29 65 44 45 2 82 16 88 80 50 4 94 77 83 96 41 18 50 56 83 91 12 24 60 100 90 70 70 85 66 86 35 33 41 45 48 34 88 60 68 5 16 51 81 53 52 74 72 79 63 74 67 33 51 94 47 27 6 91 96 71 25 17 96 43 66 43 55 4 77 7 57 65 52 44 53 12 41 34 22 22 23 23 71 1 85 3 61 35 90 78 5 24 39 99 54 86 20 20 16 13 65 29 92 58 27 40 29 10 38 75 78 73 64 26 77 84 98 67 84 73 50 79 3 25 28 38 11 64 29 80 85 97 39 20 21 87 2 3 2 16 54 1 23 66 81 17 6 16 55 2 53 1 42 48 67 57 69 53 69 97 6 42 9 27 20 57 52 10 49 85 14 72 19 46 11 46 84 6 79 49 14 95 1 63 25 42 43 100 59 80 30 76 4 56 36 71 56 9 66 65 32 47 78 88 94 15 58 85 49 13 85 56 92 61 61 33 84 6 1 47 27 58 63 97 97 44 15 77 81 22 33 72 50 91 88 27 1 51 95 25 62 76 62 92 93 55 74 13 39 92 61 17 23 54 37 86 70 82 43 85 8 62 1 56 39 27 58 2 91 98 36 38 13 83 27 26 68 2 27 47 100 21 91 26 92 50 65 77 29 57 38 91 64 7 30 15 42 65 70 88 78 96 3 64 54 63 49 67 48 53 69 97 6 67 29 48 71 92 91 36 43 29 44 14 100 97 3 9 35 16 8 60 72 80 75 59 35 12 35 37 4 62 22 72 70 100 8 49 84 59 12 69 82 30 45 8 53 77 26 44 15 36 45 71 72 30 61 28 1 96 64 83 99 52 56 31 79 30 25 97 84 44 39 99 56 68 6 72 29 29 54 55 79 57 92 16 99 38 32 97 61 5 10 7 95 33 54 47 28 20 34 87 35 10 44 69 85 3 11 18 94 19 42 28 96 43 93 57 39 100 4 29 36 9 90 50 25 82 4 100 53 75 100 6 77 52 26 94 53 91 16 54 48 60 31 81 27 58 47 76 23 70 60 76 43 18 15 19 80 84
0 181
0 233
0 244
0 339
0 441
0 505
1 226
1 389
1 429
1 610
2 46
2 144
2 152
2 527
2 711
2 835
2 937
3 410
3 613
3 706
3 725
3 800
3 971
4 17
4 564
4 611
4 690
5 252
5 263
5 353
5 539
5 621
5 622
5 729
5 946
5 964
6 194
6 261
6 578
6 634
6 802
6 832
7 143
7 298
7 340
7 368
7 470
7 721
7 749
7 979
8 35
8 79
8 570
8 849
8 949
8 990
9 10
9 348
9 358
9 530
9 829
9 900
10 420
10 530
10 793
10 829
10 889
11 74
11 344
11 434
11 557
11 572
11 699
11 728
11 774
12 34
12 177
12 279
12 435
12 482
13 133
13 137
13 197
13 343
13 784
13 915
13 928
14 199
14 225
14 611
14 651
14 690
14 772
14 930
14 972
15 91
15 379
15 523
15 579
15 648
15 650
15 765
15 835
16 50
16 129
16 397
16 437
16 638
16 736
16 773
17 225
17 357
17 564
17 580
17 690
17 999
18 30
18 206
18 431
18 490
18 602
18 759
19 433
19 472
19 548
19 787
19 901
20 55
20 474
20 496
20 560
20 586
20 695
20 696
21 38
21 228
21 267
21 425
21 536
21 755
21 781
22 222
22 224
22 229
22 452
22 675
22 730
22 745
23 26
23 193
23 566
23 666
23 754
24 108
24 126
24 139
24 301
24 475
24 587
24 685
25 159
25 319
25 383
25 480
25 694
25 927
26 576
26 666
26 722
26 754
26 917
27 178
27 450
27 512
27 559
27 591
27 643
27 652
28 116
28 329
28 400
28 645
28 791
28 820
28 839
28 993
29 233
29 253
29 339
29 449
29 796
30 206
30 399
30 759
31 67
31 90
31 270
31 602
31 780
31 812
32 347
32 799
32 826
32 862
32 888
33 207
33 478
33 763
33 814
33 925
34 166
34 177
34 279
34 487
34 498
34 716
35 440
35 750
35 949
35 990
36 156
36 179
36 264
36 599
36 825
36 952
37 98
37 351
37 372
37 609
37 823
37 856
38 536
38 781
38 912
39 206
39 399
39 433
39 472
39 818
40 335
40 405
40 461
40 703
40 726
40 944
41 91
41 266
41 278
41 436
41 625
41 648
41 701
42 81
42 223
42 770
42 847
42 865
43 164
43 214
43 499
43 620
43 732
43 911
43 987
44 54
44 130
44 265
44 476
44 481
44 491
44 904
45 228
45 494
45 744
45 842
45 918
45 974
46 213
46 541
46 550
46 835
46 937
47 289
47 577
47 791
47 839
47 845
48 82
48 467
48 600
48 834
48 883
49 237
49 486
49 562
49 743
49 756
49 851
50 397
50 409
50 437
50 453
50 552
50 903
50 961
51 58
51 431
51 490
51 794
51 854
52 152
52 173
52 446
52 608
53 328
53 338
53 709
53 802
53 832
53 958
54 130
54 476
54 526
54 810
55 358
55 474
55 695
55 945
56 160
56 333
56 447
56 465
57 97
57 348
57 782
57 792
57 900
57 977
58 90
58 490
58 854
58 931
59 174
59 208
59 238
59 245
59 283
59 420
59 700
59 807
60 539
60 720
60 785
60 831
61 411
61 469
61 528
61 563
61 579
61 751
62 376
62 540
62 877
62 966
62 974
63 105
63 274
63 408
63 538
63 997
64 89
64 445
64 639
64 644
64 676
65 196
65 317
65 612
65 664
65 875
65 886
66 110
66 132
66 223
66 404
66 565
66 713
67 270
67 407
67 780
67 893
68 104
68 114
68 135
68 491
68 904
69 315
69 454
69 671
69 683
69 872
69 984
70 141
70 265
70 388
70 448
70 569
70 740
71 320
71 342
71 363
71 685
71 913
71 943
72 171
72 190
72 211
72 362
72 446
72 608
72 866
72 867
73 629
73 673
73 768
73 828
73 876
74 140
74 546
74 728
74 757
74 774
75 109
75 215
75 283
75 627
75 790
75 983
76 86
76 180
76 423
76 503
76 514
76 744
77 127
77 186
77 212
77 321
77 786
77 859
77 923
78 146
78 202
78 344
78 572
78 617
78 913
79 570
79 933
79 949
80 82
80 134
80 318
80 467
80 819
80 882
81 223
81 473
81 636
81 865
81 986
82 134
82 325
82 467
82 605
82 883
83 339
83 401
83 505
83 513
83 778
83 947
84 306
84 331
84 566
84 784
84 928
85 588
85 593
85 803
85 852
85 870
86 101
86 180
86 220
86 503
87 166
87 242
87 414
87 559
87 763
87 916
88 294
88 329
88 367
88 568
88 762
88 822
89 384
89 445
89 644
89 735
89 811
90 243
90 490
90 602
90 812
90 931
91 436
91 523
91 648
91 905
92 214
92 334
92 463
92 911
92 957
93 243
93 270
93 504
93 647
93 773
93 812
93 857
94 355
94 421
94 720
94 785
94 894
94 973
95 236
95 246
95 560
95 586
95 642
96 485
96 913
96 943
96 975
97 782
97 824
97 900
97 963
98 337
98 351
98 518
98 593
98 609
99 102
99 303
99 392
99 521
99 808
100 162
100 172
100 300
100 680
100 880
101 220
101 418
101 503
101 843
102 157
102 392
102 459
102 808
102 874
103 271
103 596
103 618
103 746
103 775
104 114
104 135
104 407
104 752
104 776
104 919
105 148
105 365
105 408
105 626
105 997
106 457
106 518
106 697
106 783
106 895
106 936
107 219
107 377
107 432
107 554
107 684
107 841
107 850
107 965
108 139
108 312
108 401
108 475
108 485
108 756
109 240
109 283
109 627
109 660
109 669
109 735
109 811
110 223
110 293
110 713
110 809
111 282
111 394
111 699
111 728
111 757
112 174
112 513
112 537
112 543
112 700
112 778
112 902
113 130
113 135
113 198
113 403
113 624
113 752
114 129
114 667
114 741
114 904
114 919
115 294
115 381
115 387
115 532
115 673
115 822
115 828
116 531
116 577
116 839
116 993
117 330
117 415
117 451
117 632
117 901
118 244
118 484
118 501
118 868
118 879
119 145
119 160
119 447
119 668
119 713
119 873
120 198
120 519
120 595
120 780
121 414
121 571
121 598
121 703
121 726
121 954
122 210
122 380
122 488
122 590
122 655
122 909
123 169
123 324
123 371
123 509
123 848
123 938
124 284
124 345
124 584
124 731
124 795
124 805
124 878
124 966
125 188
125 373
125 703
125 738
125 954
126 139
126 301
126 484
126 501
126 623
127 163
127 212
127 322
127 323
127 332
127 786
128 145
128 231
128 336
128 510
128 677
128 873
129 437
129 453
129 638
129 667
129 919
130 135
130 422
130 491
130 624
130 708
130 810
131 265
131 438
131 481
131 740
131 908
132 383
132 565
132 668
132 713
132 771
132 927
133 343
133 514
133 597
133 719
133 784
134 255
134 605
134 819
135 491
135 752
136 257
136 362
136 393
136 637
136 813
136 845
136 867
136 978
137 197
137 343
137 369
137 686
137 962
138 486
138 542
138 556
138 743
138 907
138 913
138 975
139 401
139 501
139 868
140 154
140 292
140 305
140 391
140 546
140 774
141 296
141 388
141 569
141 633
141 789
141 956
142 159
142 210
142 380
142 628
142 942
143 340
143 368
143 795
143 966
144 152
144 257
144 527
144 608
144 867
145 160
145 250
145 336
145 625
145 873
146 320
146 617
146 913
147 157
147 272
147 373
147 392
147 865
147 896
148 365
148 408
148 570
148 933
149 230
149 317
149 466
149 492
149 549
149 861
149 967
150 203
150 531
150 653
150 661
150 866
151 374
151 405
151 480
151 630
151 698
151 737
151 944
152 173
152 239
152 522
152 608
152 711
152 871
153 286
153 508
153 583
153 639
153 666
153 917
153 988
154 292
154 305
154 348
154 530
154 932
154 992
155 266
155 278
155 349
155 452
155 489
155 541
155 718
156 264
156 413
156 507
156 881
156 952
157 392
157 459
157 636
157 865
158 190
158 211
158 248
158 259
158 424
158 884
159 280
159 319
159 380
159 628
159 694
160 436
160 447
160 465
160 625
161 247
161 429
161 805
161 878
161 906
161 930
162 172
162 209
162 375
162 524
162 680
163 173
163 211
163 217
163 248
163 322
163 446
163 786
164 214
164 240
164 398
164 463
164 689
164 732
165 303
165 583
165 639
165 710
166 498
166 559
166 716
166 763
166 814
166 924
167 351
167 409
167 518
167 552
167 823
167 903
168 395
168 403
168 519
168 595
168 624
169 232
169 371
169 848
170 269
170 310
170 444
170 673
170 760
170 960
171 190
171 203
171 866
172 209
172 252
172 729
172 880
173 217
173 446
173 871
174 420
174 700
174 793
174 902
174 959
175 394
175 468
175 546
175 761
175 782
175 792
176 290
176 370
176 532
176 646
176 941
177 482
177 487
177 500
178 406
178 512
178 643
179 674
179 825
179 952
180 220
180 514
180 719
181 233
181 286
181 441
181 670
182 236
182 246
182 382
182 948
182 985
183 412
183 478
183 748
183 758
183 769
184 293
184 897
184 982
185 295
185 309
185 549
185 678
185 692
185 717
185 767
186 212
186 327
186 923
186 980
187 251
187 262
187 297
187 823
187 856
187 887
187 903
188 272
188 285
188 373
188 607
188 954
189 197
189 209
189 524
189 594
189 640
189 855
189 915
190 203
190 211
190 884
191 234
191 241
191 359
191 682
191 817
191 833
191 885
192 479
192 509
192 555
192 663
192 691
192 938
193 306
193 341
193 539
193 566
193 621
193 666
193 681
193 831
194 261
194 551
194 578
194 981
195 330
195 619
195 654
195 799
195 836
195 914
196 612
196 684
196 687
196 846
196 875
197 369
197 640
197 915
198 403
198 407
198 595
198 752
198 780
199 376
199 540
199 651
199 906
199 930
200 354
200 375
200 923
200 951
200 980
201 285
201 390
201 634
201 896
201 926
202 304
202 344
202 604
202 617
202 838
202 968
203 653
203 798
203 866
203 884
203 890
204 532
204 646
204 941
204 950
204 995
205 440
205 520
205 529
205 777
206 399
206 433
206 451
206 602
206 632
207 328
207 460
207 478
207 925
208 221
208 420
208 807
208 892
209 524
209 594
209 729
210 380
210 488
210 626
210 942
211 248
211 446
212 323
212 327
212 588
212 953
213 349
213 541
213 561
213 937
214 463
214 911
215 253
215 790
215 796
215 983
216 359
216 430
216 534
216 631
216 833
216 955
217 321
217 786
217 871
218 328
218 427
218 460
218 499
218 709
219 347
219 432
219 965
220 268
220 495
220 576
220 719
220 843
221 358
221 420
221 829
221 892
221 945
222 250
222 266
222 452
222 511
222 701
222 745
223 293
223 326
223 404
223 473
223 734
223 847
223 897
224 229
224 675
224 797
224 819
225 307
225 357
225 690
225 972
226 385
226 389
226 610
226 826
226 836
226 862
227 384
227 445
227 508
227 796
228 425
228 744
228 781
228 806
228 974
229 745
229 819
229 882
230 363
230 549
230 861
230 934
231 234
231 250
231 336
231 677
231 712
231 969
232 371
232 399
232 431
232 759
232 794
232 848
233 286
233 339
233 449
233 988
234 677
234 682
234 712
234 885
235 239
235 249
235 275
235 456
235 522
235 650
236 246
236 500
236 929
236 948
237 486
237 537
237 542
237 562
237 688
238 283
238 543
238 700
238 983
239 275
239 522
239 711
240 398
240 660
240 669
240 689
241 677
241 682
241 817
241 909
242 414
242 419
242 450
242 559
242 571
243 417
243 426
243 812
243 857
243 931
244 441
244 505
244 525
244 659
244 868
244 879
245 283
245 515
245 660
245 807
246 382
246 497
246 560
247 307
247 429
247 610
247 930
247 972
248 322
248 424
249 277
249 456
249 650
249 679
249 765
250 336
250 511
250 625
250 701
250 969
251 297
251 428
251 903
251 961
252 622
252 729
252 751
252 880
252 991
253 339
253 513
253 796
253 947
253 983
254 307
254 357
254 385
254 554
254 580
254 733
254 921
255 605
255 797
255 819
256 337
256 618
256 686
256 803
256 870
256 962
257 527
257 867
257 978
258 324
258 371
258 472
258 705
258 818
259 296
259 315
259 424
259 884
260 291
260 397
260 417
260 426
260 574
260 747
261 328
261 832
261 925
261 981
262 281
262 297
262 428
262 464
262 749
262 887
262 979
263 621
263 681
263 855
263 915
263 928
263 964
264 462
264 507
264 599
264 665
265 388
265 476
265 481
265 740
266 278
266 452
266 701
267 536
267 596
267 746
267 755
267 804
268 286
268 576
268 670
268 722
268 843
269 361
269 444
269 526
269 683
269 760
270 504
270 812
270 893
271 343
271 597
271 618
271 746
271 962
272 285
272 373
272 896
273 369
273 477
273 686
273 870
273 980
274 538
274 631
274 955
274 997
275 650
275 711
275 835
276 334
276 382
276 442
276 545
276 582
276 911
276 998
277 528
277 579
277 679
277 765
278 648
278 718
279 435
279 498
280 483
280 520
280 628
280 694
280 777
281 428
281 464
281 479
281 555
281 691
282 344
282 394
282 699
282 838
282 875
282 968
283 660
283 983
284 316
284 345
284 389
284 715
284 878
285 578
285 607
285 634
285 896
286 670
286 722
286 917
286 988
287 365
287 520
287 529
287 628
287 942
288 320
288 466
288 604
288 617
288 664
288 967
289 290
289 393
289 791
289 815
289 845
289 976
290 370
290 646
290 791
290 815
291 426
291 736
291 747
291 773
291 857
292 546
292 761
292 992
293 809
293 897
293 982
294 329
294 381
294 645
294 822
295 309
295 439
295 739
295 767
295 827
296 315
296 424
296 573
296 789
296 872
296 956
297 428
298 396
298 721
298 912
298 979
299 417
299 574
299 663
299 702
300 517
300 528
300 679
300 680
300 880
301 352
301 564
301 581
301 587
301 623
301 649
301 827
302 402
302 419
302 571
302 591
302 652
302 922
302 935
303 521
303 639
303 676
303 710
303 808
304 604
304 875
304 968
305 391
305 932
305 939
306 566
306 681
306 928
307 357
307 385
307 610
307 972
308 364
308 411
308 469
308 714
308 897
308 946
308 982
309 549
309 827
309 934
310 360
310 395
310 444
310 458
310 502
310 606
310 673
310 704
311 507
311 665
311 815
311 950
312 485
312 756
312 851
312 975
313 438
313 453
313 641
313 667
313 697
313 741
314 440
314 461
314 737
314 777
314 922
314 935
315 454
315 872
315 884
315 890
316 345
316 493
316 715
316 858
316 996
317 466
317 492
317 612
317 886
318 467
318 662
318 727
318 882
319 378
319 380
319 590
319 635
319 927
320 342
320 617
320 913
320 967
321 443
321 786
321 859
321 871
322 332
322 424
322 573
323 332
323 953
324 371
324 509
324 705
324 858
324 996
325 506
325 605
325 779
325 883
326 404
326 847
326 899
327 477
327 588
327 980
328 460
328 709
328 832
328 925
329 568
329 645
329 993
330 415
330 548
330 619
330 654
330 901
331 495
331 566
331 719
331 754
331 784
332 573
332 953
333 447
333 465
333 563
333 809
333 982
334 471
334 545
334 616
334 911
334 957
335 461
335 726
335 935
337 593
337 609
337 618
337 803
338 613
338 706
338 753
338 802
338 958
339 505
339 947
340 470
340 533
340 584
340 795
341 583
341 666
341 710
341 831
342 363
342 861
342 967
343 597
343 962
344 572
344 699
344 838
345 493
345 584
346 359
346 662
346 712
346 727
346 885
347 432
347 826
347 888
347 921
347 965
348 468
348 530
348 900
348 977
348 992
349 489
349 541
349 561
349 599
349 825
350 484
350 494
350 547
350 649
350 707
350 772
350 842
351 518
351 823
352 564
352 592
352 739
352 827
353 539
353 714
353 720
353 946
354 369
354 375
354 524
354 640
354 980
355 421
355 714
355 720
356 413
356 603
356 615
356 779
356 995
357 580
358 474
358 829
358 900
358 945
359 534
359 658
359 662
359 833
359 885
360 361
360 444
360 458
360 614
361 444
361 526
361 614
362 531
362 577
362 637
362 866
362 867
363 587
363 685
363 830
363 861
363 934
364 421
364 714
364 897
365 529
365 626
365 933
365 942
366 382
366 535
366 582
366 724
366 769
366 985
366 998
367 568
367 653
367 661
367 762
367 798
368 721
368 781
368 877
368 912
368 966
369 640
369 686
369 980
370 532
370 791
370 820
370 853
371 399
371 818
372 516
372 609
372 856
372 887
373 738
373 770
373 865
374 405
374 601
374 630
374 899
374 989
375 524
375 680
375 951
376 540
376 731
376 906
376 966
377 684
377 841
377 970
378 510
378 590
378 635
378 677
379 550
379 648
379 835
380 590
381 400
381 532
381 645
381 853
382 497
382 545
382 985
382 998
383 480
383 567
383 771
383 927
383 989
384 445
384 627
384 790
384 796
384 811
385 610
385 826
385 921
386 551
386 763
386 916
386 920
386 981
387 822
387 828
388 476
388 956
389 429
389 654
389 715
389 836
389 878
390 613
390 634
390 802
390 926
390 971
391 542
391 557
391 774
391 907
391 939
392 410
392 521
392 896
392 926
392 971
393 813
393 845
393 976
394 546
394 757
395 422
395 519
395 606
395 624
396 536
396 672
396 887
396 912
396 979
397 479
397 574
397 736
397 747
397 961
398 669
398 732
398 753
398 898
399 759
399 818
400 645
400 820
400 853
401 505
401 525
401 562
401 756
401 778
401 868
402 575
402 652
402 750
402 821
402 922
403 595
403 624
404 565
404 899
404 989
405 601
405 703
405 738
405 944
406 487
406 512
406 643
406 716
406 924
407 504
407 752
407 776
407 780
407 893
408 538
408 570
409 552
409 903
410 521
410 725
410 971
411 469
411 563
411 982
412 435
412 478
412 482
412 498
412 748
412 814
413 507
413 603
413 615
413 881
413 910
414 571
414 598
414 916
414 920
415 451
415 619
415 864
416 492
416 612
416 678
416 692
416 846
417 426
417 574
417 702
417 854
417 931
418 503
418 544
418 589
418 659
418 788
418 843
419 450
419 571
419 591
420 793
420 829
421 714
421 734
421 897
421 973
422 606
422 624
422 708
423 425
423 514
423 744
423 755
424 573
425 744
425 755
426 857
427 460
427 499
427 535
427 769
427 987
428 479
428 961
429 610
429 878
430 534
430 600
430 631
431 490
431 759
431 794
432 554
432 921
433 472
433 632
433 901
434 556
434 557
434 572
435 482
435 498
436 465
436 625
436 905
437 453
438 457
438 641
438 740
438 741
438 908
439 592
439 739
439 767
439 837
439 940
440 529
440 750
440 777
440 922
440 949
441 589
441 659
441 670
442 582
442 911
442 987
443 456
443 517
443 859
443 871
445 508
445 639
446 608
447 713
447 809
448 569
448 740
448 742
448 783
448 936
449 508
449 796
449 988
450 559
450 591
451 632
451 864
451 891
452 489
452 730
453 552
453 667
453 697
454 671
454 798
454 890
455 489
455 657
455 674
455 675
455 730
455 952
456 517
456 522
456 679
456 871
457 641
457 697
457 740
457 936
458 614
458 704
458 994
459 636
459 874
459 986
460 478
460 769
461 737
461 935
461 944
462 599
462 665
462 813
462 976
463 515
463 689
463 957
464 470
464 533
464 555
464 749
465 563
465 905
466 664
466 886
466 967
467 662
467 834
468 761
468 792
468 977
468 992
469 622
469 751
469 946
469 991
470 533
470 749
471 545
471 616
471 695
471 696
472 705
472 787
472 818
473 734
473 986
474 496
474 900
474 963
475 485
475 685
475 943
476 526
476 872
476 956
476 984
477 588
477 870
477 980
478 769
478 814
479 574
479 663
479 691
479 961
480 483
480 567
480 630
480 694
480 698
481 904
481 908
482 500
482 748
483 694
483 698
483 737
483 777
484 501
484 623
484 649
484 707
484 879
485 943
485 975
486 542
486 743
487 512
487 716
488 626
488 655
488 723
488 997
489 674
489 730
489 825
490 602
491 904
492 549
492 612
492 678
493 533
493 584
493 858
494 540
494 651
494 772
494 842
494 974
495 576
495 719
495 754
496 586
496 642
496 824
496 963
497 545
497 560
497 696
498 814
499 620
499 709
499 987
500 553
500 748
500 758
500 929
501 868
502 606
502 704
502 708
502 844
503 744
503 788
504 647
504 776
504 893
505 525
506 603
506 605
506 779
506 910
507 615
507 665
507 950
508 639
508 796
508 988
509 533
509 555
509 858
509 938
510 635
510 677
510 873
511 712
511 727
511 745
511 969
512 575
512 652
512 849
513 543
513 778
513 947
513 983
514 597
514 719
514 746
514 755
515 660
515 689
515 807
515 892
515 957
516 596
516 609
516 672
516 775
516 804
516 887
517 679
517 680
517 859
518 552
518 593
518 697
518 895
519 595
519 780
520 529
520 628
520 777
521 676
521 725
522 871
523 563
523 579
523 905
524 640
525 868
526 614
526 683
526 810
526 984
527 585
527 937
527 978
528 579
528 679
528 751
528 880
529 933
529 949
530 889
530 932
531 577
531 661
531 866
531 993
532 853
532 941
532 995
533 555
533 584
533 858
534 600
534 658
535 582
535 769
535 987
536 672
536 804
536 912
537 562
537 688
537 778
537 902
538 570
538 631
539 621
539 720
539 831
540 651
540 974
541 550
541 718
542 688
542 889
542 907
542 939
543 700
543 983
544 656
544 659
544 788
544 801
544 918
545 696
546 757
546 761
547 656
547 707
547 801
547 842
548 654
548 787
548 869
548 901
549 678
549 934
550 648
550 718
550 835
551 578
551 766
551 920
551 981
552 697
553 724
553 758
553 769
553 929
554 733
554 850
554 921
555 691
556 557
556 572
556 907
556 913
557 774
557 907
558 799
558 863
558 888
558 891
558 914
559 643
559 924
560 586
560 696
561 585
561 599
561 937
562 756
562 778
563 579
563 905
563 982
564 592
564 611
564 649
564 999
565 771
565 989
566 754
567 630
567 989
568 661
568 993
569 633
569 742
570 933
571 726
571 935
572 913
573 633
573 789
573 953
574 663
575 652
575 821
575 849
576 722
576 754
577 637
577 839
577 845
578 607
578 634
578 766
579 765
580 693
580 733
580 837
580 999
581 587
581 827
581 830
582 987
582 998
583 639
583 666
583 710
584 795
585 599
585 813
585 937
585 978
586 642
587 685
587 830
588 852
588 870
588 953
589 659
589 670
589 843
590 677
590 909
591 652
592 739
592 837
592 999
593 803
593 852
593 895
594 729
594 855
594 964
596 746
596 775
596 804
597 746
598 607
598 766
598 920
598 954
599 813
599 825
600 658
600 834
601 738
601 770
601 899
603 779
603 910
604 617
604 664
604 875
605 657
605 797
605 910
606 708
607 766
607 954
608 867
609 618
609 775
611 649
611 690
611 772
612 846
613 706
613 802
613 971
614 810
614 994
615 950
615 995
616 695
616 945
616 957
618 775
618 962
619 864
619 914
620 709
620 732
620 753
620 958
621 681
622 946
622 991
623 649
625 701
626 942
626 997
627 790
627 811
628 942
629 671
629 768
629 816
629 876
630 989
631 955
632 901
633 742
633 789
633 953
634 802
635 668
635 873
635 927
636 865
636 986
637 845
638 647
638 773
638 776
638 919
639 676
641 697
642 782
642 824
643 924
644 676
644 735
646 815
646 941
646 950
647 773
647 776
648 718
649 772
650 765
650 835
651 772
653 661
653 798
654 715
654 836
654 869
655 723
655 817
655 909
656 801
656 842
656 918
657 675
657 797
657 910
657 952
658 662
658 834
659 801
659 879
660 689
661 993
662 727
662 834
663 702
663 938
664 875
664 886
665 815
665 976
666 917
667 741
668 713
668 873
668 927
669 735
669 898
670 843
671 683
671 762
671 768
671 798
671 816
672 804
672 887
673 828
673 876
673 960
674 825
674 952
675 730
675 797
676 725
676 735
677 682
677 909
678 692
680 859
680 951
681 928
683 760
683 816
683 984
684 687
684 840
684 860
684 970
685 943
686 870
686 962
687 692
687 840
687 846
688 889
688 902
688 959
692 717
692 840
692 846
693 733
693 764
693 837
693 970
695 696
695 945
698 737
699 728
702 794
702 848
702 854
702 938
703 726
703 738
703 954
704 844
704 994
705 787
705 869
705 996
706 753
706 800
707 801
707 879
708 810
708 844
708 994
709 958
710 785
710 808
710 831
711 835
712 727
712 885
712 969
713 809
714 720
714 946
715 869
715 996
716 924
717 767
717 840
719 784
720 785
721 912
722 917
723 817
723 833
723 955
723 997
724 769
724 929
724 948
724 985
725 735
725 800
726 935
727 745
727 882
728 757
729 964
731 805
731 906
731 966
732 753
733 850
733 970
734 897
734 973
734 986
735 800
735 811
735 898
736 747
736 773
737 777
737 944
738 770
739 827
740 936
741 904
741 908
742 783
742 852
742 953
743 851
743 975
744 788
744 918
745 882
746 755
748 758
749 979
750 821
750 922
750 990
751 880
751 991
753 800
753 898
753 958
756 851
758 769
760 816
760 876
760 960
761 992
762 768
762 798
762 822
762 828
763 814
763 916
763 925
763 981
764 837
764 860
764 940
764 970
766 920
767 840
767 860
767 940
768 828
770 847
770 865
770 899
771 989
773 857
776 919
779 883
779 995
781 806
781 877
781 912
782 792
782 824
783 852
783 895
783 936
784 928
785 808
785 831
785 894
787 869
788 918
790 796
791 820
791 839
792 977
793 889
793 959
794 848
794 854
795 966
797 819
798 890
799 836
799 862
799 888
799 914
800 898
801 879
802 832
803 870
805 878
805 906
806 877
806 974
807 892
808 874
808 894
809 982
810 994
813 976
813 978
815 950
815 976
816 876
817 833
817 909
819 882
820 853
821 849
821 990
822 828
823 856
823 903
824 963
826 862
826 921
827 830
827 934
830 934
833 955
836 862
837 940
837 999
838 968
840 860
841 850
841 970
842 918
844 994
847 899
848 938
849 990
850 970
851 975
852 895
852 953
854 931
855 915
855 964
856 887
858 996
859 923
859 951
860 940
860 970
861 967
863 864
863 891
863 914
864 891
864 914
869 996
872 956
872 984
874 894
874 973
874 986
875 968
876 960
877 966
877 974
881 910
881 952
883 995
884 890
887 979
888 891
888 965
889 932
889 939
889 959
891 965
892 945
892 957
894 973
896 926
897 982
899 989
900 963
902 959
903 961
904 908
906 930
910 952
911 987
913 943
913 975
915 928
916 920
922 935
923 951
923 980
925 981
926 971
929 948
930 972
932 939
933 949
945 957
948 985
950 995
955 997
973 986
599 327
881 427
355 733
377 289
805 340
436 537
287 274
782 544
19 376
532 90
542 114
697 85
176 149
533 542
807 379
321 653
774 724
837 334
953 684
941 542
443 76
697 513
191 696
512 435
709 272
154 476
515 419
107 259
381 915
552 311
959 659
879 807
940 402
252 198
168 180
43 385
238 794
685 624
717 522
939 591
161 360
264 657
292 414
386 199
667 849
714 430
306 723
347 868
79 767
637 215
738 713
910 695
425 750
321 242
639 878
468 78
272 577
528 35
905 716
501 193
424 441
333 588
765 457
18 504
455 327
837 139
260 494
830 832
709 837
539 878
605 803
742 204
434 803
496 973
645 76
480 251
634 463
478 683
726 144
18 430
119 717
315 421
117 757
574 278
509 487
582 668
610 457
180 246
425 937
459 304
897 758
289 636
416 149
813 775
381 453
405 24
698 209
510 35
663 649
407 384
439 616
618 430
355 388
639 561
748 820
32 494
658 713
969 333
679 255
444 253
273 507
689 47
570 197
744 862
742 797
428 986
389 890
969 520
677 323
224 569
795 887
192 319
104 539
878 615
819 482
222 363
702 289
494 721
176 581
740 749
693 892
664 796
224 498
577 524
133 738
734 847
361 813
556 581
659 186
683 272
628 92
567 792
109 499
785 518
380 748
209 579
734 164
298 357
30 474
808 189
436 865
173 418
396 733
496 366
589 82
257 703
224 806
331 385
481 792
129 481
233 586
839 432
455 617
474 745
413 211
454 385
167 208
702 677
751 915
898 624
580 982
448 833
438 586
431 736
552 181
631 28
297 940
155 146
99 225
236 771
602 471
586 346
346 67
258 123
321 518
845 233
500 671
726 632
242 338
492 586
457 816
100 599
822 623
482 458
266 262
932 482
869 163
522 573
765 868
802 409
480 640
300 308
741 113
465 851
251 920
87 422
976 651
279 195
483 157
463 581
94 517
462 777
522 705
296 748
409 175
508 273
34 609
440 722
316 186
973 364
583 450
496 139
191 666
299 466
172 722
836 363
904 431
488 318
713 471
161 701
789 213
161 606
911 637
564 335
126 608
380 676
339 39
617 186
524 207
382 702
438 223
103 578
161 263
857 751
636 334
484 194
392 53
845 410
492 766
381 652
196 623
749 653
416 571
539 277
896 355
152 746
584 614
344 786
902 573
509 818
822 706
283 236
770 601
463 520
266 815
660 812
233 676
674 534
568 403
585 942
835 812
617 548
286 340
533 631
5 534
366 689
372 128
363 630
259 672
197 164
125 458
789 622
735 62
481 221
862 497
283 309
553 380
77 469
774 159
322 879
313 893
821 736
608 64
304 511
404 951
833 261
533 811
749 634
745 556
841 671
416 631
758 283
106 327
440 371
771 103
613 107
493 488
876 383
368 538
824 242
664 970
247 862
679 238
703 746
111 391
508 846
859 536
824 167
113 702
160 521
748 179
447 702
511 760
524 724
883 566
137 793
256 437
530 672
296 216
410 918
957 504
541 479
519 746
281 562
410 124
144 360
179 596
623 650
352 258
567 298
800 537
461 425
761 200
577 565
714 90
843 534
116 656
955 382
539 76
276 756
735 374
678 653
801 294
411 501
497 624
379 473
178 864
876 359
495 89
83 623
615 961
600 952
399 818
770 229
361 514
60 480
335 105
449 914
758 512
515 613
318 945
903 602
689 609
258 371
211 427
468 628
784 450
940 280
156 542
309 677
122 523
361 970
361 95
187 471
482 294
902 391
230 259
445 980
597 816
884 451
310 296
633 122
355 352
322 836
657 36
740 929
726 563
790 692
409 230
943 632
366 937
632 258
77 340
751 877
247 459
185 388
121 194
779 813
14 485
712 692
368 335
332 563
235 148
192 837
185 265
978 487
849 194
859 697
639 408
140 298
524 147
359 468
717 903
660 488
498 791
692 475
839 736
327 163
765 642
865 429
16 611
920 676
943 360
964 552
671 131
213 151
273 615
743 732
676 774
847 275
82 391
617 348
367 145
435 689
594 975
474 324
442 766
266 552
625 763
542 327
134 281
998 520
224 700
716 735
515 885
217 746
400 663
662 747
639 954
350 403
295 181
140 379
287 819
429 179
797 601
279 591
799 171
81 723
569 34
382 549
799 563
419 104
925 572
324 436
469 63
708 244
611 859
545 659
263 167
804 648
171 449
678 813
197 125
141 444
716 332
694 235
638 200
132 173
74 531
237 738
933 701
687 855
825 197
840 551
743 408
556 458
459 51
400 82
216 176
348 188
261 62
684 306
696 942
641 438
806 796
614 306
155 811
230 856
502 345
849 606
175 563
171 651
78 238
566 246
607 505
458 182
676 593
419 652
658 676
787 901
86 443
404 346
397 693
302 624
484 610
635 314
598 909
333 771
393 594
66 438
566 96
412 863
304 957
819 559
48 671
327 129
704 545
588 194
1 504
443 489
774 414
293 709
629 160
541 218
672 401
399 105
634 62
716 374
935 523
814 225
304 694
240 274
699 701
293 94
927 347
810 611
661 151
653 120
969 436
162 246
410 55
296 772
607 225
311 588
799 322
240 483
510 465
189 453
427 910
602 779
4 454
150 313
688 135
536 773
828 689
46 322
552 430
385 863
258 284
339 618
870 329
762 262
347 130
469 394
820 533
310 780
437 37
748 255
557 671
626 389
127 540
107 292
830 293
623 668
465 562
775 887
661 563
605 528
209 305
274 783
43 686
222 414
956 699
172 827
775 133
147 769
721 933
236 312
410 759
654 602
878 404
782 355
847 172
332 287
628 943
210 876
441 119
751 157
638 596
960 474
359 203
456 497
413 534
732 325
735 895
226 616
66 505
475 267
102 465
509 954
202 440
5 565
988 539
564 765
287 293
192 535
332 402
369 829
777 768
460 351
506 596
678 741
450 15
119 228
440 313
383 948
287 901
794 783
286 671
754 345
348 663
770 397
78 299
455 893
918 494
78 557
693 398
183 750
68 674
658 374
455 211
433 896
97 673
834 653
799 149
272 833
489 413
715 768
226 527
430 246
594 377
524 930
707 567
514 993
234 754
189 728
428 333
133 587
841 215
397 645
451 637
478 492
117 591
566 933
926 244
731 244
558 612
907 228
599 182
435 195
817 353
804 629
862 219
890 309
141 465
435 102
415 81
674 716
155 435
710 64
540 200
213 654
863 648
202 362
667 942
898 555
369 270
705 357
688 914
319 208
435 412
364 708
149 635
248 531
379 499
879 510
147 197
867 234
280 696
587 498
399 472
749 539
549 403
61 554
323 90
396 318
173 340
143 677
693 64
444 559
216 721
808 458
391 214
895 327
335 457
423 298
793 724
144 416
224 388
819 282
652 777
704 783
579 744
653 209
679 457
181 678
639 541
804 712
244 93
783 578
77 364
397 572
752 841
383 241
523 447
666 510
647 241
664 52
273 109
932 662
550 958
606 42
480 929
238 226
884 292
349 642
240 290
864 252
490 943
307 116
260 392
223 482
763 379
792 750
644 103
650 574
774 794
108 416
588 234
157 833
809 880
727 502
520 3
613 708
548 503
405 435
479 725
915 537
672 431
557 780
490 276
342 902
539 10
554 157
899 684
803 521
507 311
168 743
482 895
945 437
395 281
685 362
314 280
604 656
682 556
828 468
727 481
473 176
414 403
283 545
643 912
454 276
875 776
310 811
234 194
291 881
536 943
81 574
915 592
146 719
348 922
60 347
427 956
714 643
484 19
253 766
919 389
799 266
464 980
514 100
772 245
436 431
307 251
60 597
59 702
337 686
913 449
857 305
732 94
359 882
881 241
952 307
716 401
610 414
679 927
347 852
866 184
274 423
879 638
33 332
929 317
665 219
593 702
338 954
882 697
471 542
710 620
815 759
858 561
449 667
879 273
781 200
927 429
984 440
990 470
304 388
433 848
396 776
661 303
896 519
573 651
420 698
553 836
191 557
359 427
795 106
530 973
747 482
857 476
680 347
408 584
205 800
146 692
92 789
498 834
121 629
816 153
709 596
958 399
579 138
489 853
991 419
468 141
813 811
382 438
630 690
305 334
338 512
410 248
237 429
503 58
957 530
583 176
733 663
694 817
296 609
809 443
644 154
686 789
110 556
185 803
395 158
730 535
709 171
959 448
497 532
200 258
523 401
690 421
759 789
217 272
919 368
95 355
480 659
135 211
276 219
320 319
192 518
496 506
291 64
818 408
896 732
592 111
27 449
790 231
132 350
643 752
314 749
862 628
616 124
864 282
275 932
77 494
725 214
163 397
462 124
407 518
556 275
327 63
34 419
238 890
458 652
216 770
544 738
221 343
19 557
571 816
434 149
353 238
574 162
559 982
766 666
577 592
494 44
451 541
983 386
781 489
787 183
754 92
169 636
917 301
333 307
834 384
359 445
750 450
677 207
306 840
549 31
318 793
759 576
510 642
253 254
321 547
527 234
554 877
335 79
336 425
353 155
541 346
223 459
48 364
397 552
584 43
397 903
658 924
186 884
875 530
52 541
353 114
845 320
