1000 2960 10
44 93 54 34 97 49 71 26 24 98 41 12 38 61 37 60 86 77 83 51 15 10 86 56 63 59 15 94 14 24 16 3 12 85 23 1 37 13 68 93 50 12 100 74 52 32 7 70 85 9 95 100 43 26 3 5 91 70 16 53 71 78 10 80 8 55 59 74 98 23 27 74 55 40 79 57 83 39 37 97 45 53 54 5 89 19 83 15 72 72 45 93 50 39 8 14 59 49 14 25 17 51 33 54 91 36 48 8 83 80 7 47 85 23 69 86 91 64 29 83 64 47 63 66 11 75 38 34 100 54 19 1 61 67 32 75 23 18 91 62 75 39 15 92 95 51 37 67 49 33 29 32 36 54 92 22 87 7 7 95 13 91 27 39 24 34 51 40 3 50 51 38 14 52 65 57 60 43 36 47 90 92 19 51 17 49 30 55 76 16 17 93 100 43 55 21 68 40 35 91 83 84 64 28 87 42 17 4 68 45 42 31 70 91 84 32 68 29 71 100 100 73 74 44 83 20 38 72 23 95 56 100 21 51 15 61 40 30 28 71 53 42 85 22 84 4 25 37 60 96 99 50 41 74 73 69 99 62 43 22 34 54 50 17 74 8 53 7 65 85 96 84 33 75 13 65 50 98 7 88 50 77 26 7 19 97 43 23 28 92 11 24 12 18 34 99 36 31 39 12 32 87 87 20 69 95 34 14 32 87 4 88 34 94 53 83 47 4 17 77 32 84 88 100 6 81 67 55 99 25 34 97 48 79 50 99 16 21 71 80 63 99 82 97 77 79 67 75 23 68 68 95 29 42 20 77 17 35 7 61 43 13 8 20 32 43 37 61 29 3 27 3 10 14 45 98 19 51 48 61 12 16 71 88 39 83 87 84 8 77 69 56 50 56 77 95 50 88 8 53 55 91 53 61 80 56 59 92 78 27 72 21 42 69 78 50 47 37 92 57 30 14 62 94 42 66 60 22 38 24 76 48 49 95 73 51 73 11 99 53 29 86 85 59 38 97 33 10 33 99 14 59 46 77 48 78 37 86 85 62 26 9 84 79 60 44 27 84 25 91 47 45 95 39 56 22 27 63 25 50 33 85 71 57 41 55 38 86 50 61 75 98 50 55 7 19 3 66 66 30 69 46 15 9 78 48 88 33 21 48 68 57 70 61 25 65 43 3 9 26 5 36 4 10 64 52 56 78 3 15 10 3 71 3 42 70 97 80 91 56 56 5 19 47 12 35 40 53 87 98 25 100 45 25 35 43 87 46 39 78 94 96 45 21 51 6 23 96 100 83 22 16 16 76 56 2 82 81 26 68 77 17 28 83 23 46 94 40 80 97 14 90 88 79 10 69 47 9 34 4 39 50 70 24 76 79 31 80 9 94 27 8 23 66 1 1 21 18 73 22 66 5 75 85 15 13 24 79 72 64 15 33 9 74 78 91 86 50 95 97 40 64 30 4 87 15 57 51 22 14 33 3 80 28 24 89 82 24 22 28 83 5 36 44 92 84 43 59 95 60 63 72 39 66 8 74 76 51 63 33 9 60 49 84 21 44 56 72 71 89 69 94 87 33 100 56 25 62 66 70 10 16 75 20 97 87 12 9 74 21 53 63 14 84 47 16 96 81 59 2 35 38 47 61 65 34 91 21 59 88 71 26 25 23 17 6 2 1 36 39 63 2 39 50 57 89 59 49 68 2 89 45 72 11 10 57 63 17 38 57 43 19 6 4 6 71 43 80 54 73 45 79 7 35 79 100 82 52 18 73 41 36 93 95 100 72 44 68 34 88 14 92 87 50 99 59 28 42 70 54 33 7 84 83 70 82 85 29 95 93 90 100 1 82 73 65 7 13 31 65 86 59 4 43 29 94 80 14 14 16 28 54 79 44 46 9 96 50 71 37 37 20 70 3 52 44 32 34 60 29 84 76 85 55 57 94 59 42 61 9 37 51 54 37 35 37 4 93 31 77 35 62 5 38 4 82 94 4 14 66 39 88 15 40 34 35 82 9 89 49 25 66 46 72 28 70 79 63 82 57 43 82 40 45 69 92 71 37 49 81 24 10 41 42 3 19 50 80 60 100 31 72 96 85 75 15 39 81 86 17 30 62 22 34 42 13 24 49 2 18 89 1 39 30 29 96 72 62 2 72 88 45 62 17 62 97 63 57 51 12 4 10 93 95 79 29 39 36 88 59 61 71 94 48 48 80 6 52 30 67 22 81 15 74 92 12 13 14 52 39 14 19 56 22 37 37 100 53 3 20
0 65
0 73
0 97
0 141
0 173
0 516
0 791
1 238
1 391
1 392
1 413
1 752
1 784
1 851
2 29
2 91
2 338
2 548
2 559
2 819
3 7
3 79
3 83
3 401
3 477
3 710
4 157
4 339
4 357
4 450
4 484
4 846
4 971
5 427
5 440
5 616
5 845
6 368
6 467
6 568
6 666
6 702
6 753
7 83
7 171
7 303
7 401
7 910
7 964
8 234
8 419
8 446
8 664
8 730
8 922
9 71
9 119
9 487
9 753
9 982
10 49
10 59
10 102
10 208
10 270
10 720
10 973
11 187
11 243
11 251
11 579
11 592
11 682
12 18
12 53
12 241
12 692
12 936
13 22
13 69
13 232
13 486
13 719
13 955
14 24
14 101
14 148
14 249
14 308
14 479
15 139
15 406
15 521
15 615
15 735
15 827
15 905
15 995
16 116
16 122
16 219
16 378
16 653
16 853
17 72
17 402
17 406
17 507
17 759
17 905
17 962
18 53
18 297
18 353
18 438
18 692
19 455
19 651
19 823
19 838
19 896
19 984
19 990
20 224
20 256
20 348
20 515
20 579
20 589
20 682
20 872
21 28
21 158
21 448
21 709
21 801
21 818
22 69
22 152
22 671
22 719
22 975
23 177
23 380
23 652
23 724
23 799
23 897
24 101
24 479
24 683
24 798
24 909
25 127
25 146
25 242
25 313
25 405
25 483
25 487
25 530
26 181
26 430
26 665
26 772
26 849
27 85
27 465
27 714
27 981
27 985
28 158
28 197
28 303
28 448
28 725
29 248
29 298
29 338
29 434
29 559
29 967
30 66
30 371
30 476
30 552
30 708
30 831
30 891
31 228
31 430
31 600
31 627
31 661
31 665
31 794
32 67
32 312
32 594
32 689
32 752
32 784
32 849
32 914
33 61
33 650
33 924
33 950
34 51
34 57
34 542
34 543
34 645
34 837
35 436
35 515
35 640
35 679
35 953
36 632
36 729
36 755
36 865
37 148
37 175
37 431
37 692
37 813
37 856
38 110
38 249
38 459
38 581
38 698
39 130
39 323
39 379
39 441
39 572
39 624
40 62
40 121
40 191
40 414
40 456
40 948
41 393
41 537
41 790
41 860
41 885
41 891
42 52
42 358
42 502
42 923
43 53
43 353
43 386
43 643
43 687
43 989
44 127
44 273
44 313
44 630
44 686
44 738
45 411
45 625
45 762
45 811
46 319
46 418
46 746
46 749
46 750
46 777
47 94
47 184
47 238
47 547
47 754
48 145
48 436
48 524
48 640
48 660
48 960
49 59
49 223
49 326
49 399
49 720
50 422
50 545
50 604
50 674
50 839
50 889
51 203
51 230
51 258
51 509
51 526
51 542
51 837
52 502
52 769
52 853
52 923
52 994
53 241
53 353
53 989
54 56
54 62
54 137
54 414
54 541
54 781
55 219
55 329
55 480
55 731
55 994
56 178
56 195
56 540
56 541
56 781
56 892
57 60
57 288
57 349
57 525
57 543
57 837
58 128
58 304
58 464
58 550
58 587
58 846
59 208
59 223
59 306
59 593
59 883
60 154
60 288
60 423
60 543
60 921
61 366
61 384
61 650
61 836
61 924
62 121
62 318
62 414
62 620
62 642
62 781
62 892
63 410
63 497
63 517
63 568
63 753
63 812
64 136
64 210
64 482
64 761
65 141
65 282
65 666
65 791
66 70
66 371
66 552
66 740
66 828
67 312
67 391
67 569
67 700
67 784
68 173
68 528
68 838
68 882
68 920
68 993
69 773
69 955
69 975
70 460
70 552
70 740
70 744
70 944
71 119
71 305
71 497
71 546
71 695
71 753
72 167
72 334
72 507
72 759
72 919
73 140
73 141
73 457
73 516
74 340
74 341
74 600
74 744
74 817
74 831
75 214
75 386
75 560
75 728
75 927
76 358
76 502
76 549
76 765
76 933
76 957
77 80
77 495
77 768
77 782
77 824
78 333
78 375
78 445
78 575
78 907
78 941
79 300
79 401
79 437
79 477
79 707
80 87
80 433
80 462
80 495
80 675
80 768
81 173
81 185
81 516
81 638
81 882
81 897
81 993
82 388
82 434
82 471
82 621
82 694
82 732
82 967
83 703
83 710
83 964
83 992
84 144
84 225
84 257
84 289
84 830
84 930
85 220
85 620
85 634
85 714
85 932
85 985
86 381
86 446
86 551
86 664
86 726
86 730
86 821
87 198
87 462
87 675
87 704
88 193
88 222
88 266
88 466
88 676
88 723
88 871
88 878
89 345
89 425
89 448
89 745
89 876
89 929
90 155
90 352
90 599
90 854
91 107
91 264
91 338
91 548
91 829
91 975
92 246
92 398
92 798
92 875
92 893
92 909
93 221
93 390
93 670
93 820
93 877
94 184
94 519
94 547
94 680
94 712
95 142
95 246
95 605
95 698
95 824
95 909
96 233
96 447
96 453
96 611
96 652
97 130
97 173
97 323
97 791
97 823
98 576
98 724
98 751
98 799
98 822
98 834
99 332
99 481
99 490
99 493
99 669
100 180
100 200
100 245
100 540
100 941
101 249
101 605
101 698
101 909
102 170
102 270
102 278
102 301
102 684
102 928
102 973
103 287
103 295
103 564
103 887
103 906
104 159
104 375
104 445
104 565
104 802
104 835
105 115
105 205
105 307
105 564
105 706
105 758
105 906
106 151
106 491
106 658
106 770
106 884
106 966
107 152
107 302
107 513
107 548
107 975
108 109
108 218
108 287
108 307
108 480
108 570
108 758
109 219
109 329
109 378
109 480
109 570
110 172
110 249
110 308
110 459
110 492
110 743
111 209
111 356
111 389
111 512
111 586
111 954
111 980
112 160
112 537
112 667
112 713
112 790
112 860
113 221
113 250
113 648
113 820
113 843
113 952
114 452
114 566
114 604
114 879
114 881
114 900
115 307
115 574
115 672
115 693
115 706
116 118
116 122
116 279
116 378
116 639
116 913
116 935
117 271
117 502
117 598
117 765
117 769
118 122
118 335
118 639
118 721
118 918
119 242
119 327
119 487
119 695
120 255
120 558
120 709
120 722
120 801
121 191
121 465
121 620
121 655
121 985
122 131
122 263
122 653
122 721
123 207
123 369
123 376
123 738
123 763
123 826
123 867
124 354
124 478
124 606
124 741
124 858
125 253
125 355
125 357
125 484
125 965
125 987
126 293
126 335
126 596
126 903
126 918
127 146
127 273
127 313
128 157
128 587
128 846
128 958
129 314
129 518
129 534
129 874
129 948
130 323
130 572
130 791
130 915
131 231
131 263
131 631
131 721
132 204
132 415
132 437
132 477
132 529
132 937
133 253
133 331
133 506
133 737
133 965
134 179
134 663
134 931
134 974
135 394
135 474
135 532
135 597
135 618
135 681
136 409
136 482
136 761
137 396
137 414
137 541
137 874
137 948
138 446
138 688
138 825
138 899
139 164
139 521
139 716
139 901
139 995
140 141
140 372
140 457
140 947
141 282
141 372
141 861
142 581
142 698
142 782
142 824
143 239
143 795
143 868
143 940
143 963
144 257
144 284
144 289
144 870
144 890
145 380
145 436
145 524
145 609
145 733
146 154
146 273
146 483
146 921
147 292
147 628
147 690
147 789
147 796
148 172
148 175
148 308
148 479
148 856
149 444
149 555
149 808
149 859
149 873
150 297
150 431
150 438
150 727
150 856
151 580
151 884
151 966
151 977
152 500
152 513
152 671
152 975
153 360
153 582
153 740
153 828
153 840
154 483
154 543
154 921
155 207
155 352
155 369
155 525
155 854
156 366
156 424
156 566
156 775
156 992
157 339
157 846
157 946
157 958
158 197
158 289
158 707
158 818
159 232
159 295
159 445
159 802
159 807
160 531
160 573
160 601
160 667
160 860
161 261
161 355
161 357
161 493
161 584
161 585
162 174
162 265
162 532
162 536
162 670
163 239
163 242
163 327
163 483
163 543
163 645
163 979
164 393
164 521
164 716
165 226
165 325
165 615
165 705
165 901
165 995
166 264
166 363
166 706
166 773
166 829
167 334
167 649
167 870
167 919
167 937
168 472
168 594
168 646
168 689
169 204
169 330
169 384
169 998
170 553
170 622
170 741
170 928
170 973
170 999
171 303
171 725
171 876
171 898
171 910
172 175
172 308
172 505
172 743
173 516
173 823
173 838
173 882
174 206
174 356
174 474
174 532
174 536
174 783
174 911
175 440
175 505
175 813
176 196
176 588
176 593
176 684
176 883
177 343
177 380
177 609
177 652
178 200
178 396
178 540
178 541
178 596
179 354
179 602
179 663
179 858
179 931
180 195
180 245
180 377
180 540
180 873
181 473
181 665
181 849
181 894
181 914
182 244
182 340
182 627
182 794
182 825
182 899
183 416
183 668
183 841
183 852
183 977
184 238
184 519
184 612
184 646
184 689
184 752
185 638
185 656
185 724
185 897
186 268
186 422
186 742
186 889
187 251
187 682
187 839
187 872
188 194
188 276
188 292
188 792
188 796
188 857
188 958
189 201
189 202
189 673
189 908
189 912
190 276
190 324
190 365
190 538
190 678
190 855
190 857
191 397
191 456
191 655
191 701
192 418
192 573
192 667
192 735
192 827
192 939
192 983
193 336
193 569
193 700
193 871
193 878
194 252
194 276
194 324
194 347
194 628
194 796
195 377
195 449
195 475
195 540
195 892
196 469
196 588
196 684
197 303
197 401
197 707
198 618
198 675
198 681
198 704
198 809
199 261
199 296
199 778
199 833
199 878
199 987
200 540
200 596
200 903
200 941
201 202
201 281
201 822
201 912
202 281
202 630
202 673
202 717
202 793
203 247
203 509
203 542
203 940
204 384
204 477
204 529
204 710
204 836
204 998
205 486
205 706
205 906
205 955
206 209
206 523
206 536
206 586
206 911
207 267
207 369
207 854
207 867
208 270
208 883
209 356
209 432
209 586
209 911
210 275
210 482
210 545
210 761
210 889
211 252
211 259
211 382
211 832
212 228
212 481
212 490
212 522
212 595
212 661
212 862
213 298
213 488
213 559
213 805
214 501
214 560
214 632
214 662
214 865
214 927
215 319
215 641
215 657
215 677
215 991
216 237
216 262
216 283
216 392
216 413
216 617
216 851
216 986
217 228
217 336
217 430
217 569
217 636
217 644
218 307
218 398
218 480
218 693
218 875
218 904
219 329
219 378
219 853
219 994
220 578
220 620
220 932
220 972
220 988
221 250
221 390
221 715
221 820
222 337
222 440
222 466
222 676
222 969
223 306
223 399
223 446
223 522
223 688
223 922
224 348
224 515
224 679
225 254
225 289
225 558
225 722
225 818
225 830
226 260
226 325
226 412
226 705
227 241
227 633
227 728
227 880
227 927
227 936
228 430
228 644
228 661
228 862
229 360
229 418
229 749
229 780
229 840
229 939
230 258
230 349
230 514
230 837
231 263
231 503
231 610
231 631
231 685
232 295
232 486
232 719
232 807
233 343
233 362
233 453
233 652
233 895
234 306
234 381
234 419
234 593
234 922
235 460
235 567
235 600
235 744
236 326
236 399
236 481
236 493
236 590
236 595
237 238
237 283
237 392
237 547
237 754
237 951
238 392
238 752
238 754
239 247
239 645
239 940
239 963
239 979
240 278
240 421
240 469
240 864
241 728
241 936
241 989
242 327
242 483
242 487
243 251
243 315
243 425
243 592
243 898
244 340
244 341
244 711
244 726
244 821
244 899
245 575
245 808
245 873
245 941
246 398
246 824
246 842
246 909
247 542
247 645
247 940
248 298
248 361
248 635
248 757
248 967
249 308
249 698
250 290
250 347
250 715
250 736
250 843
251 623
251 674
251 839
251 898
251 910
252 259
252 324
252 347
252 832
252 855
253 296
253 331
253 337
253 466
253 965
253 987
254 498
254 558
254 806
254 830
255 417
255 510
255 558
255 709
255 926
256 348
256 589
256 761
256 956
257 320
257 890
257 930
257 943
258 352
258 514
258 526
258 577
259 344
259 347
259 382
259 394
259 715
260 325
260 364
260 412
260 844
261 355
261 585
261 833
261 987
262 266
262 616
262 723
262 851
262 869
262 986
263 503
263 598
263 653
264 338
264 363
264 732
264 829
265 344
265 390
265 394
265 532
265 670
266 391
266 700
266 723
266 869
266 871
267 599
267 854
267 867
267 886
267 968
268 275
268 742
268 889
269 376
269 673
269 691
269 763
269 774
269 793
270 684
270 883
271 503
271 517
271 598
271 765
271 812
272 321
272 581
272 654
272 678
272 782
272 787
273 738
273 826
273 917
273 921
274 328
274 330
274 364
274 383
274 529
274 998
275 482
275 742
275 771
275 889
275 900
276 324
276 857
277 385
277 463
277 491
277 779
277 800
278 301
278 421
278 469
278 684
279 287
279 639
279 802
279 835
279 887
279 913
280 373
280 426
280 462
280 495
280 533
280 704
280 788
280 842
281 630
281 686
281 751
281 822
282 467
282 666
282 861
283 617
283 619
283 951
284 334
284 870
284 890
284 961
285 387
285 397
285 465
285 509
285 655
285 795
285 866
285 940
286 348
286 362
286 557
286 841
286 895
286 956
287 564
287 570
287 758
287 887
287 913
287 935
288 423
288 525
289 300
289 707
289 818
289 870
290 347
290 628
290 690
290 736
291 310
291 677
291 746
291 827
291 962
291 983
292 550
292 587
292 789
292 792
292 796
293 565
293 903
293 918
293 941
294 315
294 592
294 660
294 929
294 953
295 486
295 802
295 887
295 906
296 466
296 878
296 987
297 431
297 438
297 692
298 559
298 757
298 805
299 469
299 478
299 588
299 606
299 864
300 437
300 649
300 707
300 870
301 421
301 928
302 309
302 407
302 513
302 548
302 819
303 401
303 725
304 450
304 464
304 846
304 850
305 314
305 534
305 546
305 695
306 593
306 922
307 693
307 758
309 407
309 500
309 513
309 591
309 625
309 762
310 319
310 677
310 746
311 363
311 373
311 426
311 468
311 520
311 574
311 706
312 569
312 772
312 849
313 530
313 561
313 686
313 786
314 451
314 518
314 534
314 695
314 701
315 425
315 592
315 929
316 447
316 463
316 491
316 629
316 658
316 764
317 395
317 499
317 582
317 790
317 885
318 607
318 620
318 642
318 988
319 677
319 746
319 777
319 991
320 322
320 748
320 890
320 943
320 961
321 342
321 508
321 654
321 734
321 787
322 657
322 748
322 961
322 970
323 379
323 823
324 855
325 844
325 901
326 399
326 461
326 590
326 720
327 695
327 979
328 364
328 383
328 412
328 705
328 919
329 480
330 364
330 384
330 844
330 950
330 998
331 337
331 492
331 737
331 743
332 490
332 585
332 669
332 833
332 862
333 442
333 575
333 808
333 907
333 996
334 759
334 870
334 961
335 596
335 721
335 918
336 569
336 636
336 778
336 878
337 466
337 743
337 969
338 434
338 732
339 342
339 484
339 506
339 508
339 946
340 341
340 600
340 627
341 711
341 817
342 506
342 508
342 734
343 362
343 609
343 652
343 949
344 390
344 394
344 715
345 614
345 660
345 745
345 929
346 403
346 442
346 445
346 810
346 815
346 907
347 628
347 715
348 362
348 679
348 956
349 352
349 514
349 525
349 837
350 410
350 534
350 546
350 603
350 610
350 978
351 442
351 591
351 626
351 810
351 996
352 496
352 514
352 525
352 577
352 599
353 359
353 438
353 687
353 976
354 622
354 741
354 858
354 931
355 357
355 987
356 432
356 783
356 911
356 980
357 484
357 584
357 971
358 502
358 847
358 923
358 957
359 438
359 731
359 923
359 976
359 994
360 582
360 780
360 840
361 471
361 635
361 954
361 967
362 679
362 895
362 949
363 520
363 621
363 706
363 732
364 412
364 844
365 508
365 654
365 678
365 857
365 946
366 424
366 703
366 836
366 924
366 992
367 381
367 476
367 551
367 711
367 726
367 891
368 511
368 568
368 666
368 933
369 423
369 525
369 826
369 917
370 422
370 604
370 742
370 881
370 900
371 395
371 499
371 828
371 891
372 530
372 561
372 861
372 947
373 426
373 574
373 788
374 429
374 510
374 709
374 745
375 445
375 565
375 941
376 571
376 763
376 774
376 803
376 867
376 886
376 916
377 439
377 475
377 659
377 873
378 570
378 935
379 441
379 823
379 990
380 609
380 733
380 897
381 419
381 551
381 588
381 593
381 664
382 394
382 681
382 832
383 415
383 529
383 919
384 650
384 836
384 950
385 463
385 583
385 647
385 800
385 902
386 560
386 643
386 728
386 989
387 454
387 509
387 544
387 696
387 714
387 866
388 468
388 621
388 694
388 804
388 863
389 420
389 512
389 586
389 635
390 670
390 715
391 700
391 784
391 851
391 869
392 413
393 521
393 527
393 601
393 716
393 860
394 532
394 681
395 499
395 582
395 828
396 541
396 596
396 785
396 874
397 655
397 701
397 795
397 868
398 672
398 693
398 842
398 875
399 522
399 595
400 444
400 470
400 555
400 578
400 814
400 888
401 707
402 657
402 677
402 759
402 961
402 962
403 445
403 671
403 719
403 807
403 815
404 455
404 489
404 501
404 608
404 662
404 816
404 984
405 443
405 487
405 530
405 702
405 982
406 507
406 615
406 905
407 411
407 488
407 762
407 819
408 485
408 626
408 697
408 811
408 888
409 416
409 482
409 557
409 761
409 771
410 497
410 603
410 610
410 685
410 812
411 488
411 762
411 805
411 811
412 705
413 851
414 948
415 529
415 919
415 937
416 557
416 580
416 668
416 771
416 977
417 498
417 539
417 558
417 848
417 926
417 951
418 746
418 749
418 939
418 983
419 664
420 586
420 635
420 757
420 805
421 478
421 864
421 928
422 604
422 742
422 889
423 525
423 917
423 921
424 452
424 566
424 766
424 767
424 924
425 876
425 898
425 929
426 435
426 468
426 704
426 804
427 440
427 813
427 845
427 936
428 534
428 785
428 874
428 978
429 510
429 614
429 699
429 745
429 945
430 569
430 665
430 772
431 692
431 856
432 911
433 538
433 675
433 768
433 809
433 832
433 855
434 732
434 967
435 556
435 618
435 704
435 804
435 980
436 609
436 640
436 679
436 949
437 477
437 649
437 937
438 727
438 731
438 739
439 458
439 475
439 504
439 578
439 659
440 505
440 616
440 676
440 813
440 969
441 560
441 624
441 643
441 651
441 990
442 810
442 907
442 996
443 467
443 530
443 702
443 861
444 555
444 814
444 859
445 807
445 907
446 688
446 730
446 821
446 899
446 922
447 453
447 611
447 629
447 760
447 764
448 709
448 725
448 745
448 876
449 475
449 642
449 747
449 892
450 846
450 850
450 925
450 938
450 971
451 695
451 701
451 868
451 963
451 979
452 566
452 766
452 900
453 629
453 852
453 884
453 895
454 496
454 544
454 696
455 608
455 756
455 896
455 984
456 518
456 701
456 948
457 516
457 638
457 656
457 947
458 470
458 578
458 659
459 492
459 581
459 734
459 787
460 567
460 744
460 944
461 590
461 720
461 850
461 938
461 973
461 999
462 495
462 704
463 491
463 647
463 764
463 908
464 550
464 553
464 789
464 850
464 934
465 655
465 866
465 981
465 985
466 878
467 666
467 702
467 861
468 520
468 621
468 804
469 588
469 684
469 864
470 555
470 578
470 659
471 694
471 954
471 967
472 594
472 612
472 646
472 777
472 991
473 567
473 594
473 750
473 777
473 894
473 914
473 944
474 532
474 597
474 783
475 504
475 747
476 708
476 711
476 891
477 710
478 606
478 741
478 864
478 928
479 683
479 727
479 856
480 731
480 739
480 904
481 490
481 493
481 595
482 771
483 543
484 506
484 965
485 626
485 697
485 996
486 906
486 955
487 982
488 559
488 805
488 819
489 608
489 699
489 816
489 926
490 862
491 658
491 770
491 779
492 734
492 737
492 743
493 584
493 585
493 590
493 669
493 925
494 571
494 583
494 599
494 718
494 800
494 916
494 968
495 824
495 842
496 544
496 577
496 634
496 696
497 546
497 603
497 753
498 558
498 806
498 951
499 885
499 891
500 513
500 591
500 671
500 810
500 815
501 535
501 662
501 816
501 865
502 765
502 769
503 598
503 685
503 812
504 578
504 642
504 747
504 972
505 743
505 969
506 734
506 737
506 965
507 615
507 705
507 919
508 654
508 946
509 526
509 577
509 696
509 940
510 699
510 709
510 926
511 517
511 568
511 765
511 933
512 635
512 954
515 579
515 592
515 679
515 953
516 638
517 568
517 765
517 812
518 701
518 948
519 612
519 712
519 748
519 943
519 970
520 621
521 527
521 531
521 735
522 595
522 661
522 688
523 536
523 586
523 776
523 942
524 733
524 920
524 960
524 993
526 577
527 531
527 601
528 562
528 756
528 838
528 896
528 920
529 998
530 561
530 861
531 573
531 601
531 735
533 574
533 672
533 788
533 842
534 546
534 874
534 978
535 539
535 619
535 729
535 816
535 848
535 865
536 670
536 942
537 790
537 860
538 678
538 768
538 855
539 619
539 848
539 951
542 645
543 645
544 634
544 714
545 589
545 761
545 839
545 872
545 889
546 603
547 680
547 754
547 951
548 819
549 572
549 915
549 933
549 957
550 587
550 789
551 726
552 744
552 831
553 622
553 850
553 934
553 999
554 683
554 727
554 739
554 797
554 904
555 659
555 873
556 694
556 804
556 863
556 954
556 980
557 668
557 761
557 841
557 956
558 722
559 819
560 643
560 651
560 662
560 984
561 786
561 947
562 614
562 756
562 920
562 945
562 960
563 613
563 624
563 643
563 687
563 847
564 758
564 906
565 835
565 918
565 941
565 997
566 637
566 775
566 879
567 600
567 894
567 944
568 753
569 700
569 772
570 935
571 691
571 718
571 774
571 902
571 916
572 624
572 915
572 957
573 667
573 735
574 672
574 706
574 788
575 808
575 941
576 656
576 686
576 724
576 751
576 786
576 947
577 696
578 972
579 592
579 682
580 770
580 771
580 966
580 977
581 698
581 782
581 787
582 713
582 780
582 790
582 828
583 718
583 800
583 902
584 925
584 971
585 669
585 833
586 805
587 792
587 958
588 593
589 761
589 872
590 925
590 938
591 625
591 626
591 810
591 959
592 953
593 883
594 689
594 777
594 914
596 631
596 721
596 785
596 903
597 618
597 783
597 980
598 653
598 769
598 853
599 854
599 968
600 627
600 665
600 744
600 894
601 860
602 606
602 648
602 663
602 858
602 952
604 674
604 879
604 881
605 698
605 909
606 858
607 642
607 972
607 988
608 699
608 756
609 949
610 631
610 685
610 978
611 652
611 760
611 799
611 834
612 641
612 646
612 970
612 991
613 687
613 847
613 976
614 660
614 745
614 945
614 960
615 705
615 995
616 676
616 723
616 845
616 986
617 619
617 729
617 755
617 986
618 681
618 704
618 980
619 729
619 951
620 985
620 988
621 732
622 741
622 931
622 934
623 637
623 674
623 910
623 964
624 643
624 847
624 957
625 762
625 811
625 959
626 811
626 959
626 996
627 794
628 690
628 796
629 658
629 884
630 686
630 717
630 738
630 763
631 721
631 785
631 978
632 755
632 865
632 880
632 927
633 755
633 845
633 880
633 936
634 714
634 932
635 757
635 954
636 644
636 778
636 833
637 674
637 775
637 879
637 964
638 656
639 835
639 918
639 997
640 660
640 953
641 657
641 970
641 991
642 747
642 892
642 972
643 687
644 833
644 862
646 689
647 673
647 691
647 902
647 908
648 663
648 736
648 843
648 952
649 870
649 937
650 950
651 984
651 990
652 799
653 853
654 678
656 724
656 947
657 677
657 961
657 970
658 884
659 873
660 929
660 953
660 960
661 688
661 794
661 825
662 984
663 736
663 974
664 730
665 894
666 791
666 915
666 933
667 713
667 939
668 841
670 877
670 942
671 719
671 815
672 693
672 842
673 691
673 793
673 908
674 839
674 879
675 809
676 723
677 962
678 768
678 782
679 949
680 712
680 806
680 951
681 809
681 832
682 872
683 727
683 797
683 798
684 883
685 812
686 751
686 786
687 976
688 825
689 752
690 736
690 789
690 974
691 774
691 902
692 813
692 936
694 863
694 954
695 979
697 814
697 859
697 888
697 996
699 756
699 926
699 945
700 871
701 868
702 753
702 982
703 710
703 836
703 992
705 919
706 773
706 955
708 711
708 817
708 831
709 745
709 801
710 836
711 726
711 817
712 806
712 830
712 930
712 943
713 780
713 790
713 939
714 866
714 981
716 844
716 901
717 763
717 793
718 902
719 807
720 973
722 801
722 818
724 799
724 897
725 876
726 821
727 739
727 856
728 927
728 989
729 755
729 865
731 739
731 994
733 897
733 993
734 737
734 787
735 827
736 843
736 974
738 763
738 826
739 904
740 828
740 840
740 944
741 928
742 900
743 969
744 831
746 983
748 943
748 970
749 750
749 840
750 777
750 840
750 944
751 822
752 784
753 982
755 845
755 880
755 986
756 896
756 945
757 805
759 961
760 764
760 834
760 908
760 912
761 956
763 793
764 908
765 933
766 767
766 900
767 900
767 924
767 950
768 782
769 853
770 779
770 800
770 966
772 849
773 829
773 955
773 975
775 964
775 992
776 820
776 877
776 942
776 952
777 991
778 833
778 878
779 800
780 939
781 892
782 824
783 980
785 874
785 978
786 947
789 931
789 934
789 974
790 885
791 915
792 958
794 825
795 868
795 940
797 798
797 893
797 904
798 893
798 909
799 834
801 818
802 835
802 887
803 886
803 916
803 968
804 863
806 830
806 951
808 859
808 873
808 996
809 832
810 815
811 888
811 959
813 936
814 859
814 888
816 848
816 926
817 831
820 877
820 952
821 899
822 834
822 912
823 838
823 990
824 842
825 899
826 917
827 905
827 962
827 983
829 975
830 930
832 855
833 862
834 912
835 997
838 896
839 872
840 944
841 852
841 895
844 901
845 936
845 986
847 923
847 957
847 976
848 926
849 914
850 938
850 999
851 869
852 884
852 895
852 977
853 994
857 946
857 958
859 996
866 981
867 886
868 963
874 948
875 893
875 904
876 898
877 942
880 927
881 900
882 993
884 977
885 891
886 968
890 961
893 904
897 993
898 910
901 995
903 941
905 962
908 912
910 964
913 935
915 933
916 968
917 921
918 997
919 937
920 960
920 993
923 976
923 994
924 950
925 938
925 971
930 943
931 934
931 974
946 958
954 980
963 979
964 992
972 988
973 999
705 487
385 347
397 918
590 144
198 525
397 441
712 570
631 153
92 355
760 618
98 454
726 219
477 505
467 838
383 578
402 83
569 684
448 120
481 524
619 408
772 228
597 238
471 872
791 384
404 612
803 566
287 311
830 817
606 220
369 916
166 193
218 336
339 293
627 41
892 658
741 288
496 395
431 524
336 587
612 485
760 781
237 78
574 589
532 495
860 523
474 986
315 199
432 285
701 334
108 432
760 158
913 681
574 606
498 492
714 810
518 631
705 833
904 643
150 564
79 425
875 608
621 63
751 818
686 624
837 166
701 519
191 187
340 336
679 397
450 850
225 211
748 638
485 122
725 484
173 249
533 451
626 576
319 683
582 870
574 150
295 707
725 435
337 870
620 125
512 208
841 834
85 299
280 728
321 410
659 262
980 607
412 889
398 667
114 773
455 257
359 655
852 346
672 494
822 419
201 408
639 848
368 616
72 496
488 775
548 810
446 760
936 318
441 906
484 703
521 674
331 549
248 890
276 96
70 720
723 88
429 738
558 729
610 618
598 738
772 632
562 276
790 783
592 718
931 516
31 582
240 504
621 770
840 534
171 573
728 724
650 501
623 709
565 105
279 518
77 635
222 781
853 175
715 780
144 333
401 28
745 483
739 502
327 620
827 703
507 193
744 347
845 549
141 631
394 551
615 921
448 566
918 297
464 897
241 179
855 593
959 597
666 93
194 577
582 215
526 822
310 77
219 466
173 804
817 628
382 17
450 44
408 848
508 131
366 247
568 26
73 549
648 202
364 537
688 437
193 812
401 505
36 442
780 358
674 816
32 636
661 891
284 290
175 309
876 277
412 274
751 430
785 127
745 192
180 626
902 435
219 648
781 765
334 143
299 390
169 660
685 881
22 454
607 205
265 755
263 440
646 814
862 451
879 464
884 694
588 91
442 790
177 866
944 543
73 441
215 889
807 161
198 718
193 378
364 965
529 431
402 202
429 367
261 368
447 679
553 663
822 881
115 754
343 453
111 393
769 256
546 248
462 34
479 451
227 360
288 171
946 672
634 687
503 838
822 326
69 368
226 253
154 421
447 332
413 315
844 684
24 495
489 479
801 606
710 222
143 287
625 879
372 677
871 684
341 925
359 575
124 706
706 171
187 701
277 482
520 268
570 299
803 214
494 212
947 690
182 725
482 20
239 446
381 404
604 673
380 857
172 783
354 392
974 539
802 126
925 474
70 457
625 629
284 623
862 541
531 38
823 130
194 635
955 375
41 494
551 753
337 735
842 452
716 529
468 353
483 172
854 762
815 261
501 743
904 622
534 190
123 679
377 147
152 617
613 802
708 270
518 795
274 459
469 544
345 946
2 544
548 177
47 510
434 933
630 205
147 548
736 679
76 392
450 723
364 556
478 950
377 166
356 783
316 323
819 509
744 693
694 247
904 359
220 119
782 847
378 183
466 195
273 586
444 207
641 478
199 660
457 15
140 440
800 638
512 57
528 658
549 11
308 514
223 404
577 892
483 152
610 753
282 390
327 481
378 887
225 553
169 282
154 266
246 558
796 332
168 764
666 279
525 882
150 704
785 258
937 650
699 682
538 926
977 623
519 530
51 594
240 471
229 853
213 492
585 575
531 566
256 177
315 895
800 275
378 825
506 19
232 621
630 85
99 223
677 568
926 559
764 101
176 159
758 511
361 763
614 295
578 834
961 487
675 912
536 692
623 469
772 381
34 348
208 731
527 83
583 23
963 408
534 480
880 771
326 834
278 925
145 770
365 352
418 336
364 19
197 756
201 141
695 773
811 740
412 690
135 418
634 979
596 173
431 142
517 868
565 369
766 581
431 99
443 975
557 991
873 187
682 662
450 990
490 35
396 362
736 779
532 99
884 234
522 303
319 165
64 346
293 945
33 516
766 132
901 587
673 71
679 224
315 788
426 464
693 727
621 315
272 335
448 545
208 868
251 697
352 872
297 798
742 311
557 146
484 564
695 929
380 458
598 475
542 902
738 559
621 938
557 848
118 338
876 349
628 240
714 870
160 529
791 693
696 65
845 306
904 774
607 391
764 749
745 465
673 954
316 563
242 228
138 465
319 730
932 391
120 575
819 790
304 458
720 557
336 800
17 478
663 967
312 879
370 232
282 255
206 801
703 902
116 204
583 125
15 556
409 588
496 629
182 401
835 145
827 595
221 518
557 970
462 802
781 602
422 979
565 341
203 391
935 349
316 543
199 444
998 459
333 698
923 762
706 635
506 281
167 144
491 918
539 388
593 593
624 656
730 919
362 497
261 539
464 92
244 594
890 725
594 301
665 579
285 910
466 913
959 659
754 254
713 471
658 616
750 741
449 242
352 799
367 46
162 368
137 836
696 356
934 617
932 710
341 47
650 386
552 86
785 557
342 72
193 788
370 734
712 706
522 362
158 816
252 79
248 660
510 343
654 843
695 813
889 678
852 629
891 802
798 181
722 671
450 299
421 920
614 543
141 578
84 280
188 203
101 555
447 613
635 931
280 834
846 229
539 279
381 946
549 446
778 506
656 356
567 519
482 749
588 802
691 94
250 256
684 594
307 343
509 703
968 455
613 523
325 87
389 751
599 878
802 452
933 733
723 943
753 228
920 249
323 604
250 145
984 411
199 473
219 440
269 941
160 586
10 433
795 201
157 445
511 949
713 249
29 420
335 246
171 389
643 763
246 819
588 654
991 585
215 290
326 52
26 653
704 659
739 124
366 633
9 577
783 881
590 357
769 346
668 702
843 381
406 247
558 539
647 322
445 76
391 420
471 369
268 781
487 347
795 830
351 837
69 587
683 157
586 506
495 974
536 960
198 303
134 662
895 338
882 490
653 718
495 415
465 438
881 820
303 908
257 392
682 124
744 446
569 766
718 306
408 218
750 877
554 492
241 380
860 670
390 254
944 415
52 689
535 143
613 28
580 437
833 350
581 674
262 598
809 767
759 451
421 198
913 337
655 925
694 293
186 360
551 409
57 651
81 329
262 302
687 547
310 128
866 243
211 427
138 797
499 877
407 728
913 449
711 147
266 721
351 439
396 161
259 642
762 289
476 269
234 768
747 213
424 614
48 478
655 675
823 488
540 520
156 352
371 284
108 645
940 448
460 522
426 716
310 858
766 659
915 747
586 975
346 616
598 340
325 365
780 719
734 583
628 103
295 772
478 85
425 792
574 186
141 226
601 271
607 117
126 244
482 245
288 128
860 803
137 741
407 10
895 479
975 441
506 853
120 459
619 731
564 258
352 413
783 430
639 218
100 277
457 593
505 461
484 377
102 341
508 614
363 856
737 377
286 556
358 86
94 680
279 542
879 525
468 610
231 194
57 553
781 108
341 503
209 240
649 281
361 165
728 887
456 227
299 188
288 215
822 454
379 311
728 612
434 300
470 414
624 372
331 939
475 732
465 140
886 389
828 195
471 970
918 488
896 374
629 597
697 46
683 35
264 665
591 611
968 341
893 202
300 319
430 847
951 460
669 115
112 813
329 225
269 420
973 358
267 158
720 827
297 633
240 836
358 327
685 745
801 498
290 574
364 748
109 609
243 113
684 520
167 607
911 465
200 329
842 733
153 642
437 625
411 638
819 397
985 388
584 257
536 796
978 485
310 827
334 963
493 271
523 837
606 907
251 724
517 909
518 995
665 659
420 491
606 963
512 892
548 348
150 248
573 229
427 959
82 763
134 303
848 433
656 441
332 671
165 327
897 547
384 102
200 168
420 860
519 241
180 220
228 717
242 404
848 399
555 791
608 82
918 655
654 417
752 177
270 194
862 268
355 698
78 701
446 3
444 440
171 550
576 549
531 337
323 296
131 539
385 373
860 283
572 655
973 589
232 671
425 566
214 615
19 603
597 935
272 66
744 530
224 384
304 841
14 515
512 384
854 780
958 515
809 721
371 379
522 157
320 390
766 199
643 901
708 740
437 661
656 219
107 792
294 420
719 128
485 437
740 90
702 412
55 445
907 322
224 94
978 508
514 777
605 987
795 148
479 187
152 150
713 852
429 644
262 267
839 289
640 398
757 415
681 209
145 315
712 54
427 11
961 424
629 802
450 643
417 116
474 784
552 888
912 409
391 644
661 186
192 865
880 421
541 732
304 276
638 532
984 471
894 563
601 774
492 102
676 374
882 574
92 376
554 588
637 57
168 477
565 323
505 444
47 534
684 263
500 231
77 612
857 846
647 568
91 593
525 710
470 475
530 123
153 470
300 140
870 717
608 830
129 810
474 228
257 220
629 329
227 599
776 487
735 762
772 313
631 20
482 319
61 737
723 279
279 889
452 831
822 226
598 552
186 599
511 965
665 342
453 177
416 131
813 689
660 144
258 512
942 302
329 889
991 519
354 480
441 223
182 504
777 903
98 516
93 641
437 867
544 555
894 281
681 714
806 673
264 833
836 802
745 595
353 152
577 418
807 817
441 398
259 466
802 879
506 477
599 453
381 214
649 101
710 389
540 608
437 53
568 931
582 788
555 34
109 530
