1000 2958 10
77 81 98 97 33 66 2 30 14 58 54 1 26 18 68 2 72 84 61 43 90 7 99 13 66 77 6 17 75 68 28 90 75 62 4 47 35 20 55 67 34 32 66 97 42 52 36 16 56 87 100 70 61 79 99 30 66 81 99 92 53 10 45 86 9 5 18 75 78 99 42 97 93 32 13 64 99 23 90 70 44 78 39 91 90 42 61 24 28 75 52 53 50 74 41 21 9 36 11 43 72 21 55 27 55 30 43 40 73 81 38 94 47 72 8 18 76 79 61 72 70 76 4 1 21 41 62 85 41 23 31 15 96 98 96 54 61 19 27 9 79 90 84 47 73 76 72 54 56 14 66 8 67 85 36 84 64 31 80 61 17 29 93 66 43 27 25 26 15 29 83 97 48 94 31 79 46 48 33 92 16 12 6 78 39 78 59 10 25 3 33 17 39 55 4 19 50 66 39 72 40 83 51 29 34 1 80 47 46 61 7 88 84 65 43 50 7 83 13 60 74 44 100 88 70 65 24 82 88 42 86 8 57 97 19 56 11 66 65 17 85 22 97 93 42 88 67 85 11 29 99 3 90 38 22 20 14 36 26 45 74 14 91 56 26 31 80 97 79 19 45 76 70 88 7 35 89 5 61 30 50 39 18 44 24 89 1 35 17 51 93 29 89 42 68 62 21 89 60 88 11 46 70 66 52 85 34 57 62 38 97 39 20 62 61 96 69 92 23 41 48 68 8 39 3 33 28 67 15 64 30 47 87 74 50 57 53 13 94 95 75 78 24 17 15 50 92 94 52 17 94 82 26 11 96 76 66 83 23 50 71 24 38 73 24 63 1 37 11 26 5 36 23 46 15 30 65 23 73 31 36 96 41 7 90 2 85 32 7 4 39 19 75 48 94 35 39 46 56 70 18 34 29 75 7 29 71 66 17 62 46 9 63 46 31 55 76 15 46 31 79 86 25 59 74 100 35 80 62 30 21 73 24 86 44 67 69 55 79 65 49 94 7 3 96 31 100 66 38 80 40 94 28 94 47 50 69 72 77 91 81 28 44 20 15 69 47 22 3 93 56 15 31 73 2 30 88 66 51 32 80 24 82 45 71 12 32 95 14 9 95 2 16 55 83 62 6 79 40 89 69 96 98 46 76 98 70 40 32 74 72 29 27 40 85 37 31 25 76 98 31 59 94 2 46 43 91 68 37 1 38 47 89 42 58 96 46 30 19 19 52 40 36 60 91 26 38 83 51 97 67 58 44 9 46 46 76 63 25 42 31 53 91 33 72 71 93 33 33 37 87 11 36 14 16 90 98 33 27 82 23 34 40 23 73 77 79 26 87 83 88 35 49 38 37 58 54 35 42 77 28 7 16 11 95 36 28 71 88 69 15 58 18 64 69 54 8 64 82 37 8 59 86 35 88 100 3 29 81 56 91 16 67 36 73 42 72 10 57 15 65 53 62 10 50 72 92 80 67 2 7 11 22 28 60 48 16 51 35 39 9 86 50 23 57 1 82 17 2 28 73 23 70 21 97 43 83 40 4 82 57 70 70 16 68 79 26 54 99 24 24 26 43 53 41 60 2 87 73 64 79 11 54 12 91 28 52 78 33 70 61 9 97 41 93 41 96 97 47 5 67 77 52 38 24 24 14 47 92 89 38 62 3 83 19 65 63 72 81 14 19 89 86 68 42 24 64 37 50 85 84 28 70 93 55 73 9 17 2 89 31 55 43 97 24 27 82 53 100 64 24 91 94 26 20 35 70 56 5 39 15 80 66 6 51 82 37 81 27 52 14 76 43 73 34 96 4 95 28 89 33 24 59 95 8 97 43 31 2 96 38 94 51 40 41 78 32 36 38 4 67 7 68 53 47 2 19 25 61 9 55 20 77 99 28 83 63 34 56 82 13 91 78 38 98 94 72 29 65 100 68 21 49 86 15 57 28 90 1 9 71 2 82 6 19 67 21 54 32 8 32 30 62 71 26 94 43 8 89 18 73 42 56 31 73 72 50 33 40 32 79 73 24 80 27 27 8 87 93 79 66 35 12 89 89 99 53 29 1 91 81 66 2 71 59 93 99 97 8 76 41 41 44 34 86 95 2 53 61 73 60 24 76 57 23 79 28 77 56 23 68 66 48 24 11 35 60 69 81 64 16 1 98 81 66 22 75 36 9 43 47 91 23 86 26 95 31 35 81 33 89 71 28 44 58 72 14 20 6 11 28 19 7 63 43 6 55 85 55 82 44 82 26 52 28 55 46 27 39 59
0 2
0 172
0 210
0 312
0 319
0 676
0 684
0 739
1 20
1 308
1 395
1 592
1 704
1 763
1 776
1 989
2 140
2 172
2 469
2 676
2 916
2 980
3 287
3 487
3 514
3 914
3 965
4 99
4 118
4 262
4 418
4 457
4 556
4 619
5 48
5 578
5 674
5 808
5 838
5 859
5 923
6 13
6 365
6 386
6 653
6 870
7 60
7 83
7 124
7 594
7 835
7 873
7 885
8 374
8 569
8 638
8 686
8 717
9 281
9 371
9 415
9 589
9 591
9 734
9 852
9 959
10 36
10 178
10 376
10 519
11 128
11 235
11 428
11 664
11 732
11 907
11 921
12 38
12 157
12 176
12 364
12 394
12 995
13 207
13 287
13 365
13 370
13 580
13 653
14 105
14 219
14 224
14 533
14 579
14 625
15 118
15 187
15 241
15 411
15 418
15 539
15 548
16 22
16 174
16 219
16 506
16 586
16 625
16 903
17 95
17 103
17 221
17 232
17 297
17 362
17 530
18 522
18 866
18 910
18 929
19 249
19 323
19 330
19 428
19 565
19 882
19 921
20 132
20 395
20 405
20 642
20 989
21 85
21 112
21 627
21 872
21 900
21 969
22 59
22 173
22 219
22 586
22 623
23 306
23 422
23 562
23 601
23 680
23 844
24 138
24 225
24 386
24 459
24 870
24 891
25 80
25 574
25 799
25 880
25 952
26 268
26 344
26 588
26 723
26 868
27 105
27 211
27 305
27 358
27 426
27 688
27 903
28 29
28 133
28 270
28 501
28 551
28 703
28 810
29 133
29 456
29 703
29 866
29 929
30 100
30 140
30 326
30 337
30 375
30 407
30 806
30 916
31 79
31 295
31 399
31 661
31 843
31 861
31 931
32 505
32 546
32 656
32 756
32 761
32 987
33 186
33 315
33 316
33 421
33 526
33 545
34 248
34 525
34 636
34 768
34 918
35 427
35 464
35 640
35 705
35 727
35 752
35 784
36 131
36 171
36 376
36 392
36 715
36 726
37 335
37 527
37 552
37 597
37 702
37 887
38 176
38 364
38 385
38 848
39 151
39 280
39 397
39 424
39 458
39 754
39 884
40 51
40 73
40 560
40 709
40 798
41 243
41 366
41 445
41 475
41 491
41 757
41 824
42 104
42 165
42 367
42 379
42 420
43 136
43 283
43 436
43 501
43 569
43 658
43 686
44 135
44 275
44 300
44 479
44 547
44 632
44 879
44 982
45 70
45 111
45 426
45 485
45 494
45 777
46 198
46 514
46 553
46 785
46 965
47 163
47 391
47 486
47 633
47 649
47 772
47 827
47 881
48 259
48 614
48 822
48 838
48 859
49 62
49 523
49 528
49 541
50 143
50 250
50 348
50 389
50 416
50 462
51 73
51 129
51 347
51 353
51 560
51 922
51 954
52 54
52 500
52 698
52 712
52 780
52 862
53 144
53 503
53 634
53 875
54 261
54 693
54 712
54 780
55 71
55 75
55 206
55 208
55 517
55 621
55 651
55 968
56 139
56 392
56 610
56 667
56 706
56 883
56 930
57 182
57 414
57 540
57 973
57 984
58 64
58 162
58 240
58 472
58 835
58 873
58 885
59 83
59 126
59 173
59 584
59 623
59 747
60 63
60 124
60 430
60 451
60 599
60 835
61 202
61 344
61 363
61 588
61 800
61 917
62 200
62 204
62 354
62 434
62 528
62 541
63 124
63 430
63 832
63 935
64 162
64 240
64 388
64 814
65 700
65 714
65 769
65 816
65 876
65 926
65 997
66 188
66 432
66 448
66 879
66 960
67 227
67 316
67 511
67 716
68 86
68 332
68 582
68 825
68 942
69 162
69 468
69 520
69 698
69 862
70 111
70 174
70 292
70 400
70 506
70 543
70 777
71 75
71 393
71 449
71 621
71 663
72 175
72 593
72 630
72 645
72 681
73 276
73 353
73 709
73 869
74 277
74 327
74 499
74 590
74 617
74 724
74 772
75 527
75 663
75 968
76 348
76 477
76 534
76 644
77 114
77 685
77 695
77 738
77 788
77 924
78 194
78 269
78 304
78 801
78 886
78 966
79 135
79 218
79 399
79 931
79 960
80 203
80 236
80 256
80 854
80 880
80 952
81 94
81 164
81 263
81 353
81 464
81 699
81 802
82 361
82 615
82 654
82 787
82 850
83 126
83 594
83 747
83 885
84 167
84 237
84 324
84 325
84 402
84 581
84 608
85 327
85 809
85 872
85 969
86 516
86 582
86 613
86 687
86 825
87 168
87 603
87 673
87 927
87 940
88 149
88 296
88 475
88 622
88 757
88 837
89 382
89 466
89 492
89 767
89 775
89 794
90 106
90 452
90 473
90 683
90 748
90 901
91 221
91 398
91 695
91 736
91 773
91 836
92 256
92 307
92 429
92 605
92 778
92 854
92 963
93 204
93 257
93 410
93 434
93 733
94 164
94 397
94 488
94 699
94 946
95 103
95 362
95 437
95 762
95 934
95 945
96 468
96 549
96 599
96 698
96 835
97 453
97 500
97 603
97 755
97 841
98 634
98 722
98 796
98 808
98 863
98 999
99 309
99 457
99 619
99 983
100 233
100 337
100 538
100 581
100 806
101 129
101 170
101 263
101 401
101 431
101 954
102 399
102 612
102 719
102 789
102 819
103 297
103 587
103 762
103 957
104 115
104 201
104 216
104 367
104 379
104 442
104 826
105 358
105 533
105 625
105 660
105 688
106 624
106 748
106 851
106 901
107 122
107 273
107 287
107 598
107 691
108 577
108 665
108 791
108 948
108 958
109 340
109 567
109 590
109 718
109 751
109 889
109 953
110 199
110 216
110 272
110 332
110 379
110 383
110 786
111 190
111 494
111 543
111 779
111 906
112 242
112 617
112 627
112 741
112 900
112 955
113 192
113 331
113 441
113 641
113 998
114 257
114 685
114 788
115 216
115 261
115 442
115 755
115 841
116 121
116 142
116 238
116 313
116 411
116 829
117 245
117 323
117 330
117 628
117 636
117 768
117 871
117 950
118 418
118 548
118 619
118 782
119 141
119 484
119 520
119 626
119 780
119 949
120 209
120 268
120 298
120 723
120 753
121 142
121 238
121 377
121 406
121 415
121 734
122 273
122 508
122 598
122 891
122 932
122 974
123 543
123 748
123 779
123 855
123 920
124 594
124 832
125 159
125 180
125 433
125 637
125 660
125 689
126 557
126 584
126 594
126 877
127 200
127 204
127 512
127 678
127 733
128 235
128 242
128 741
128 907
129 401
129 864
129 922
129 954
130 175
130 301
130 333
130 878
131 139
131 171
131 715
132 211
132 305
132 405
132 485
132 494
132 989
133 248
133 270
133 450
133 456
133 795
134 401
134 431
134 532
134 564
134 651
134 803
135 218
135 479
135 879
135 960
136 144
136 372
136 501
136 658
136 810
137 183
137 672
137 776
137 848
138 225
138 321
138 690
138 870
139 171
139 392
139 610
139 715
140 326
140 338
140 380
140 469
140 916
141 162
141 167
141 520
141 558
141 764
141 814
141 949
142 406
142 411
142 521
142 548
143 265
143 317
143 366
143 389
143 416
143 542
144 372
144 495
144 503
144 555
144 658
144 875
145 154
145 246
145 328
145 349
145 790
145 801
146 179
146 423
146 818
146 934
146 945
147 215
147 266
147 384
147 444
147 864
147 922
147 988
148 218
148 354
148 479
148 528
148 982
149 228
149 258
149 296
149 356
149 475
149 491
150 293
150 511
150 529
150 536
150 847
150 860
151 169
151 397
151 424
151 488
152 301
152 333
152 381
152 596
152 669
152 766
152 823
153 220
153 274
153 306
153 515
153 680
154 246
154 349
154 363
154 410
154 502
154 588
154 733
155 191
155 329
155 345
155 644
155 833
155 978
156 196
156 317
156 554
156 707
156 837
157 176
157 385
157 718
157 809
157 953
157 995
158 244
158 631
158 648
158 679
158 683
158 857
158 994
159 533
159 660
159 689
159 867
160 369
160 541
160 685
160 736
160 961
161 230
161 331
161 652
161 709
161 730
161 869
161 998
162 468
162 520
162 814
162 835
163 242
163 277
163 391
163 617
163 772
164 170
164 223
164 263
164 946
165 252
165 367
165 420
165 449
165 573
166 384
166 444
166 571
166 597
167 325
167 402
167 558
167 764
168 184
168 318
168 476
168 673
168 927
169 205
169 368
169 424
169 488
169 531
169 993
170 223
170 263
170 431
170 803
171 392
172 210
172 916
172 938
173 219
173 224
173 576
173 584
174 426
174 506
174 777
174 903
175 301
175 681
175 766
175 878
176 385
177 240
177 419
177 457
177 556
177 834
178 504
178 519
178 722
179 547
179 609
179 728
179 818
179 898
179 934
179 951
180 433
180 635
180 689
180 749
180 849
181 254
181 689
181 716
181 758
181 815
181 847
181 867
182 414
182 540
182 674
182 796
183 763
183 776
183 848
184 318
184 476
184 721
184 937
184 964
185 433
185 637
185 672
185 704
185 897
186 227
186 316
186 545
186 874
187 264
187 418
187 539
187 990
188 399
188 448
188 960
189 251
189 342
189 466
189 771
189 794
189 858
190 405
190 494
190 724
190 751
190 906
191 423
191 833
191 957
191 978
192 271
192 641
192 662
192 817
192 998
193 250
193 389
193 471
193 853
193 972
194 260
194 269
194 338
194 454
194 886
195 270
195 551
195 610
195 667
195 795
196 417
196 554
196 578
196 707
197 477
197 534
197 728
197 818
197 919
198 553
198 692
198 719
198 785
199 272
199 332
199 343
199 616
199 825
200 204
200 295
200 334
200 354
200 678
201 278
201 442
201 765
201 826
201 895
201 915
202 650
202 800
202 917
202 981
203 236
203 256
203 697
203 797
203 943
203 963
204 434
204 733
205 284
205 304
205 424
205 461
205 993
206 208
206 231
206 289
206 458
206 616
206 651
206 840
207 275
207 321
207 365
207 370
207 675
207 865
208 420
208 616
208 621
209 341
209 568
209 572
209 723
209 753
209 888
210 312
210 373
210 744
210 911
210 938
211 305
211 426
211 485
212 217
212 298
212 361
212 570
212 753
213 255
213 435
213 587
213 740
213 833
213 905
214 247
214 339
214 404
214 568
214 888
214 939
215 444
215 742
215 793
215 988
216 261
216 379
216 383
216 408
216 693
217 339
217 570
217 753
217 939
218 295
218 354
218 479
218 931
219 224
219 625
220 274
220 306
220 429
220 447
220 562
220 778
221 362
221 530
221 773
221 836
222 314
222 518
222 681
222 766
223 397
223 803
223 884
223 946
224 576
224 579
224 976
225 443
225 459
225 620
225 690
226 546
226 583
226 731
226 761
226 792
226 904
227 316
227 511
227 874
227 908
228 258
228 290
228 356
228 686
228 717
229 322
229 591
229 611
229 912
229 936
230 607
230 640
230 652
230 694
230 842
230 869
231 458
231 516
231 687
231 754
231 840
232 297
232 465
232 507
232 530
232 737
233 337
233 355
233 538
233 558
233 846
233 894
234 583
234 666
234 731
234 830
234 977
235 242
235 428
235 565
235 804
236 374
236 409
236 496
236 943
236 952
236 979
237 325
237 608
237 834
237 983
238 377
238 631
238 648
238 829
239 245
239 249
239 323
239 359
239 561
239 602
239 649
239 881
240 388
240 419
240 472
240 834
241 313
241 411
241 489
241 539
242 391
242 617
242 741
242 804
243 329
243 345
243 445
243 824
244 307
244 605
244 679
244 828
244 857
245 251
245 323
245 561
245 871
246 279
246 328
246 363
247 339
247 404
247 692
248 450
248 456
248 525
248 918
249 323
249 565
249 804
249 881
250 348
250 389
250 853
250 909
251 342
251 561
251 602
251 858
251 871
252 367
252 573
252 821
252 826
252 985
253 255
253 439
253 507
253 535
253 740
253 844
253 947
254 529
254 847
254 867
254 976
255 535
255 740
255 905
256 854
256 963
257 410
257 434
257 502
257 685
257 788
258 296
258 436
258 686
258 973
258 984
259 351
259 614
259 859
260 294
260 454
260 676
260 738
260 760
260 886
261 693
261 712
261 755
262 264
262 418
262 556
262 770
262 781
263 353
263 954
264 285
264 418
264 770
264 990
265 317
265 366
265 757
265 837
266 384
266 552
266 597
266 864
267 563
267 591
267 852
267 911
267 936
268 298
268 344
268 346
268 723
268 986
269 284
269 304
269 338
270 551
270 795
271 378
271 493
271 641
271 662
271 701
272 379
272 616
273 386
273 691
273 891
274 371
274 515
274 778
274 959
275 370
275 547
275 632
275 675
276 353
276 640
276 802
276 869
277 617
277 772
278 745
278 765
278 841
278 895
278 927
279 311
279 328
279 363
279 800
279 896
280 424
280 461
280 613
280 687
280 754
280 856
281 371
281 373
281 852
282 460
282 493
282 713
282 746
282 971
282 981
283 501
283 569
283 703
283 866
284 304
284 338
284 461
284 807
284 856
285 770
285 811
285 990
286 381
286 440
286 446
286 451
286 467
286 549
286 604
287 514
287 580
287 598
287 653
287 691
287 914
288 318
288 509
288 645
288 937
288 964
289 458
289 651
289 803
289 884
290 356
290 374
290 409
290 480
290 717
291 470
291 525
291 537
291 812
292 350
292 400
292 489
292 506
292 539
292 586
293 481
293 536
293 577
293 647
293 708
293 820
293 832
293 860
294 738
294 788
294 886
294 966
295 334
295 354
295 661
295 931
296 622
296 984
297 507
297 587
297 740
298 346
298 361
298 753
299 336
299 376
299 390
299 463
299 519
299 715
300 547
300 682
300 951
300 982
301 333
301 766
302 504
302 614
302 822
302 999
303 334
303 341
303 512
303 678
303 723
303 868
304 531
304 790
304 801
304 993
305 308
305 358
305 989
306 562
306 680
307 585
307 605
307 828
307 963
308 358
308 592
308 989
309 322
309 608
309 619
309 912
309 936
309 983
310 320
310 352
310 918
310 950
310 967
311 705
311 752
311 800
311 813
311 896
312 438
312 684
312 744
312 759
313 411
313 489
313 544
313 677
313 829
314 440
314 446
314 518
314 618
314 655
314 766
315 526
315 805
315 878
316 716
316 758
317 542
317 707
317 837
318 593
318 645
318 673
318 937
319 478
319 684
319 737
319 739
320 352
320 522
320 524
320 918
320 979
321 365
321 690
321 865
321 870
321 972
322 406
322 521
322 611
322 619
322 782
322 912
323 330
324 375
324 581
324 608
324 806
324 944
325 388
325 764
325 834
326 337
326 380
327 590
327 617
327 809
327 872
327 889
327 955
328 790
328 896
328 941
329 345
329 639
329 644
329 824
330 628
330 882
331 441
331 730
331 998
332 786
332 825
332 942
333 823
333 878
334 341
334 661
334 678
335 527
335 532
335 552
335 564
335 710
336 463
336 503
336 519
336 555
336 863
337 380
337 846
338 380
338 454
338 469
338 807
339 570
339 692
339 787
339 939
340 590
340 724
340 751
341 572
341 661
341 723
341 861
342 771
342 871
342 967
343 516
343 616
343 825
343 840
344 588
344 713
344 917
344 986
345 435
345 445
345 833
346 361
346 460
346 629
346 654
346 746
346 986
347 425
347 560
347 798
347 890
347 922
347 988
348 462
348 534
348 639
348 644
348 909
349 502
349 788
349 801
349 966
350 539
350 586
350 729
351 614
351 792
351 859
351 904
352 524
352 771
352 774
352 967
353 802
353 954
354 528
355 558
355 894
355 942
355 949
355 996
356 480
356 491
357 845
357 895
357 925
357 985
358 592
358 660
358 783
359 486
359 559
359 602
359 649
359 775
359 827
360 389
360 471
360 566
360 690
360 831
360 991
361 570
361 654
361 787
362 437
362 773
362 961
363 588
363 800
364 394
364 763
364 848
365 870
366 416
366 757
366 824
367 826
368 427
368 488
368 531
368 727
368 941
369 523
369 541
369 725
369 961
370 580
370 632
371 373
371 515
371 744
371 959
372 495
372 810
373 744
373 852
373 911
374 409
374 496
374 638
374 717
375 407
375 563
375 806
375 944
376 519
376 715
377 589
377 648
377 734
378 493
378 641
378 892
379 420
379 616
380 657
380 807
380 846
381 446
381 604
381 669
381 766
382 413
382 492
382 624
382 767
383 408
383 786
384 444
384 597
385 664
385 809
385 969
386 653
386 691
386 870
386 891
387 396
387 498
387 509
387 671
387 962
388 764
388 814
388 834
389 471
389 542
389 831
389 987
390 463
390 551
390 610
390 715
391 804
391 881
392 706
392 726
393 449
393 573
393 663
393 720
394 395
394 642
394 743
394 763
394 995
395 642
395 763
396 498
396 509
396 913
396 925
397 488
397 884
397 946
398 606
398 695
398 836
398 924
399 448
399 612
399 819
399 843
399 960
400 489
400 543
400 677
401 431
401 532
401 864
402 538
402 558
402 581
403 572
403 819
403 843
403 861
403 888
404 692
404 719
404 789
404 819
404 888
405 494
405 567
405 642
405 751
406 415
406 521
406 611
407 563
407 670
407 916
408 482
408 484
408 693
408 786
409 480
409 595
409 952
410 502
410 733
411 548
412 450
412 795
412 812
412 930
413 624
413 750
413 767
413 857
413 901
414 658
414 796
414 875
414 973
415 591
415 611
415 734
416 462
416 824
417 578
417 656
417 707
417 839
417 859
419 472
419 556
419 781
420 449
420 616
420 621
421 526
421 545
421 646
421 791
421 948
422 497
422 535
422 562
422 844
422 947
423 762
423 818
423 945
423 957
423 978
424 461
425 793
425 890
425 988
426 485
426 777
426 903
427 705
427 727
427 941
428 565
428 921
429 447
429 778
429 854
430 451
430 467
430 899
430 935
431 803
432 448
432 632
432 879
432 914
433 637
433 849
433 897
433 970
434 541
434 685
435 445
435 490
435 696
435 833
435 905
436 658
436 686
436 973
437 725
437 934
437 961
438 478
438 601
438 684
438 759
439 465
439 507
439 601
439 844
440 446
440 549
440 655
441 730
441 793
441 798
441 890
442 765
442 841
443 459
443 508
443 620
443 830
443 932
444 571
444 742
445 490
445 491
446 766
447 497
447 562
447 854
447 880
448 487
448 612
448 914
449 573
449 621
450 525
450 795
450 812
451 467
451 549
451 599
452 473
452 544
452 683
452 994
453 500
453 518
453 603
453 618
453 698
453 940
454 469
454 676
455 529
455 536
455 576
455 877
455 976
456 522
456 918
456 929
457 556
457 834
457 983
458 754
458 884
459 891
459 932
460 493
460 629
460 746
461 856
462 639
462 824
463 551
463 555
464 640
464 699
464 784
464 802
465 478
465 507
465 601
465 737
466 775
466 794
466 858
467 604
467 899
468 698
468 835
469 676
469 980
470 537
470 711
470 812
470 816
470 876
471 690
471 972
472 781
472 885
473 543
473 544
473 677
473 748
474 600
474 720
474 821
474 956
474 962
475 491
475 757
476 721
476 745
476 927
477 534
477 644
477 818
477 978
478 601
478 684
478 737
479 982
480 490
480 491
480 595
480 893
481 536
481 557
481 647
481 877
482 484
482 626
482 786
482 996
483 550
483 585
483 697
483 797
484 626
484 693
484 780
485 494
486 510
486 559
486 633
486 827
487 612
487 914
487 965
488 699
488 727
488 784
489 539
489 677
490 491
490 696
490 893
492 559
492 624
492 735
492 775
493 629
493 701
493 892
493 971
495 551
495 555
495 810
496 638
496 910
496 979
497 535
497 562
497 574
497 880
498 600
498 913
498 962
499 633
499 668
499 724
499 772
499 920
500 698
500 712
500 755
501 703
501 810
502 788
503 555
503 634
503 863
504 614
504 722
504 999
505 666
505 731
505 761
505 831
505 987
505 991
506 586
507 740
508 583
508 830
508 932
508 974
509 671
509 845
509 925
509 964
510 559
510 633
510 668
510 735
510 855
511 716
511 847
511 860
511 908
512 588
512 678
512 733
512 868
513 577
513 708
513 899
513 935
513 958
514 598
514 785
514 965
514 974
515 680
515 744
515 759
516 687
516 825
516 840
517 564
517 651
517 710
517 968
518 618
518 630
518 681
518 940
518 992
519 722
519 863
520 780
520 862
521 548
521 782
522 910
522 918
522 929
522 979
523 528
523 541
523 609
523 725
524 774
524 943
524 979
525 537
525 575
525 768
525 812
526 805
526 948
527 663
527 710
527 887
527 968
528 609
528 682
528 898
528 982
529 536
529 847
529 976
530 737
530 836
531 790
531 941
531 993
532 552
532 564
532 864
533 579
533 660
533 867
534 909
534 919
535 574
535 595
535 696
535 799
535 905
535 947
536 877
537 575
537 643
537 816
538 558
538 581
539 729
539 990
540 554
540 622
540 674
540 984
541 685
542 707
542 756
542 987
543 677
543 748
543 779
544 677
544 829
544 994
545 646
545 874
546 656
546 761
546 839
546 904
547 675
547 728
547 951
548 782
549 599
549 618
549 655
549 698
550 585
550 750
550 771
550 774
550 797
550 928
551 555
551 610
551 810
552 597
552 864
553 612
553 719
553 965
554 578
554 622
554 674
554 837
556 781
557 594
557 647
557 832
557 877
558 949
559 735
559 775
560 798
561 602
563 670
563 911
563 936
563 944
564 651
564 710
565 804
566 666
566 690
566 830
566 977
566 991
567 642
567 718
567 743
567 751
568 753
568 888
568 939
569 638
569 686
569 866
570 787
571 597
571 671
571 702
571 742
572 861
572 888
573 720
573 821
574 799
574 880
575 628
575 643
575 768
575 882
576 584
576 877
576 976
577 708
577 791
577 820
577 874
577 958
578 674
578 859
579 867
579 976
580 632
580 914
581 806
582 613
582 657
582 846
582 894
582 942
583 731
583 792
583 830
584 877
585 697
585 750
585 828
585 857
585 963
586 623
586 729
586 811
587 740
587 833
587 957
588 733
588 868
589 648
589 659
589 734
589 959
590 724
590 889
591 611
591 852
591 936
592 637
592 704
592 783
593 630
593 645
593 673
593 992
594 832
595 696
595 799
595 893
595 952
596 669
596 823
596 975
597 702
598 974
599 835
600 821
600 913
600 962
601 680
601 759
601 844
602 775
602 858
603 841
603 927
603 940
604 669
604 899
604 975
605 659
605 679
605 778
606 737
606 739
606 836
606 924
607 650
607 694
607 701
607 842
607 981
608 936
608 944
608 983
609 725
609 898
609 934
610 667
610 715
612 719
612 965
613 657
613 687
613 856
614 822
615 641
615 654
615 850
615 892
615 933
616 840
617 955
618 655
618 698
619 782
620 690
620 830
622 837
622 984
623 747
623 770
623 811
624 735
624 851
624 901
625 688
625 903
626 949
626 996
627 664
627 741
627 969
628 768
628 882
629 654
629 892
629 933
630 681
630 992
631 648
631 829
631 994
632 879
632 914
633 668
633 772
634 796
634 863
634 875
635 749
635 758
635 815
635 849
635 897
636 768
636 918
636 950
637 660
637 704
637 783
638 866
638 910
639 644
639 824
640 752
640 802
640 842
640 869
641 850
641 892
642 743
643 700
643 816
643 882
644 978
646 791
646 874
647 832
648 659
648 679
649 827
649 881
650 800
650 813
650 842
650 981
651 803
652 662
652 694
652 817
652 998
653 691
654 933
656 707
656 756
656 839
657 807
657 846
657 856
658 875
658 973
659 679
659 778
659 959
660 783
661 861
662 694
662 701
662 817
663 720
663 887
663 956
664 714
664 732
664 741
664 907
664 926
664 969
665 805
665 899
665 948
665 958
665 975
666 731
666 977
666 991
667 795
667 930
668 855
668 920
669 975
670 911
670 916
670 938
671 702
671 902
671 962
672 704
672 776
672 848
672 897
673 940
673 992
674 796
674 923
675 728
675 865
675 919
676 739
676 760
676 980
680 759
681 766
682 898
682 951
682 982
683 857
683 901
683 994
685 695
685 736
686 717
687 754
688 903
689 749
689 815
689 867
690 830
690 972
692 719
692 785
692 787
693 780
694 701
695 736
695 924
696 893
696 905
697 797
697 963
698 862
699 784
700 732
700 816
700 882
700 997
701 971
701 981
702 887
702 902
703 866
704 776
705 752
705 896
705 941
706 711
706 726
706 883
707 756
708 832
708 935
709 730
709 798
709 869
710 968
711 726
711 812
711 876
711 883
712 755
713 746
713 917
713 981
713 986
714 726
714 769
714 926
716 758
716 847
718 743
718 953
718 995
719 789
720 821
720 956
721 745
721 845
721 895
721 964
722 863
722 999
723 868
724 751
724 906
724 920
725 934
725 961
726 769
726 876
727 784
728 818
728 919
729 811
729 990
730 798
731 761
732 882
732 921
732 926
732 997
735 851
735 855
736 773
736 961
737 739
737 836
738 760
738 788
738 924
739 760
739 924
741 907
742 793
743 995
744 759
745 895
745 927
746 986
747 770
747 781
747 885
748 851
748 855
749 815
750 767
750 857
750 928
752 813
752 842
753 939
755 841
756 987
757 837
758 815
758 897
760 924
762 945
762 957
763 776
763 848
764 814
765 841
767 794
767 928
769 876
770 781
770 811
771 774
771 794
771 928
771 967
773 961
774 797
774 943
775 858
778 959
779 906
779 920
780 862
781 885
785 974
786 942
786 996
787 850
788 966
789 819
790 801
790 941
791 874
791 948
792 904
793 890
793 988
794 928
795 930
796 808
796 875
796 923
797 943
798 890
799 952
800 813
801 966
803 884
804 881
805 878
805 948
805 975
807 856
808 822
808 838
808 923
808 999
809 889
809 953
809 969
811 990
812 883
812 930
813 842
816 876
817 998
818 978
819 843
819 888
820 860
820 874
820 908
821 913
821 925
821 985
822 838
822 999
823 878
823 975
826 915
826 985
828 857
829 994
830 977
831 987
831 991
832 935
833 957
834 983
835 873
839 859
839 904
841 927
843 861
844 947
845 895
845 925
845 964
846 894
849 897
849 970
851 855
852 911
853 865
853 909
853 919
853 972
854 880
855 920
857 901
859 904
860 908
864 922
865 919
865 972
866 910
866 929
867 976
871 950
871 967
872 900
872 955
873 885
874 908
878 975
879 960
882 921
883 930
886 966
887 902
887 956
889 953
891 932
892 933
894 942
895 915
895 985
896 941
897 970
898 951
899 935
899 958
899 975
900 955
902 956
902 962
906 920
909 919
910 979
911 938
912 936
913 925
915 985
916 938
917 981
918 950
922 988
925 985
926 997
934 945
936 944
937 964
940 992
942 996
943 979
949 996
950 967
956 962
971 981
973 984
463 556
812 206
499 595
83 660
695 470
133 284
86 576
820 519
331 294
529 452
181 115
539 37
787 118
99 585
832 344
675 419
779 349
337 535
377 250
504 88
786 202
647 46
808 396
431 468
59 539
399 366
273 783
786 284
301 189
361 208
559 598
191 712
95 389
992 522
408 158
430 822
217 93
632 921
802 109
551 778
467 927
239 411
702 787
292 250
176 622
737 275
67 705
600 170
99 267
279 649
185 434
491 923
788 664
222 211
760 683
644 830
311 99
213 291
770 533
814 425
843 538
319 816
273 665
864 531
736 572
423 24
148 669
963 412
622 714
774 611
707 304
673 842
931 735
456 908
648 144
663 863
205 486
379 645
462 695
188 683
418 348
486 856
216 881
817 472
649 570
674 63
606 727
850 755
229 349
529 242
592 314
353 589
464 364
314 701
503 823
309 550
809 591
809 720
169 203
664 490
601 613
538 881
135 716
316 516
742 778
821 309
589 287
40 613
934 520
727 157
686 731
694 268
616 73
352 976
371 668
755 731
612 396
469 161
674 440
707 635
221 805
596 420
20 612
637 273
835 513
885 301
834 456
274 710
569 52
526 907
968 654
234 96
752 234
342 161
571 871
186 659
274 221
866 178
83 533
280 94
529 616
701 612
630 419
174 405
245 211
397 748
249 559
561 953
220 659
256 351
903 424
514 786
941 624
461 457
363 735
257 488
153 344
754 118
563 355
883 328
321 624
409 940
761 587
608 123
528 844
707 825
618 967
663 585
866 772
486 772
543 847
258 77
497 568
838 403
761 318
967 670
772 103
708 511
152 145
233 582
906 294
930 348
209 274
851 168
852 809
894 233
984 460
709 433
154 683
498 224
701 227
270 499
324 962
130 486
470 679
313 141
142 324
201 521
83 744
657 747
248 695
769 776
341 836
452 316
279 692
500 749
609 799
127 572
659 810
189 777
506 535
769 258
194 848
304 463
144 794
549 969
732 727
168 833
210 683
820 376
471 417
357 571
900 678
539 831
841 372
67 521
43 364
962 433
276 319
599 478
385 893
599 774
368 514
626 636
24 426
562 67
392 323
661 535
591 397
525 163
730 527
678 400
587 82
243 435
531 369
501 165
368 758
119 787
392 164
536 113
154 475
503 204
725 829
363 455
909 373
337 450
437 345
360 685
260 312
84 266
435 661
757 709
735 465
519 870
731 438
183 389
598 942
567 506
255 814
481 697
317 157
316 934
672 749
43 588
495 428
157 585
450 894
626 130
799 778
373 789
548 737
519 484
297 871
310 253
520 716
744 429
875 620
83 627
855 845
585 821
301 336
386 98
726 361
900 464
409 675
214 703
241 328
325 502
219 830
219 140
189 610
951 642
111 211
245 749
470 721
790 250
446 454
502 357
832 249
636 497
437 221
384 817
462 522
639 382
891 660
991 551
980 410
156 390
903 767
422 556
414 242
118 529
626 474
505 131
604 561
693 572
544 623
674 101
403 772
236 452
485 113
420 971
642 717
969 639
235 731
603 891
216 165
573 632
502 656
141 822
703 164
207 740
485 215
638 758
295 814
265 453
244 845
489 964
198 462
401 716
730 381
50 314
445 238
491 894
234 672
638 656
293 360
785 834
837 266
568 189
84 450
211 864
316 573
336 771
826 132
107 565
197 403
723 798
460 779
305 616
126 591
498 478
264 206
507 497
337 315
576 571
202 120
572 415
279 928
689 769
545 661
898 623
543 252
690 715
591 957
746 69
58 575
780 905
711 565
126 442
254 134
587 120
275 68
694 855
804 162
805 178
776 889
521 800
380 596
150 704
681 342
558 897
640 610
165 737
137 760
733 205
614 446
556 567
699 695
343 335
351 709
642 403
355 129
540 282
222 266
583 450
200 422
127 329
696 446
739 503
674 809
967 512
409 426
273 526
523 762
506 972
764 278
429 802
529 74
460 395
872 556
555 864
132 649
898 268
323 666
290 434
264 276
296 583
444 517
390 486
866 636
443 995
768 759
34 522
571 981
264 437
890 643
437 408
124 675
692 834
361 145
854 578
594 334
827 677
483 655
867 412
382 195
681 502
586 789
44 537
272 875
525 738
207 439
249 159
465 848
382 503
517 229
881 571
784 597
502 622
381 78
95 470
766 512
609 325
717 888
240 370
839 797
220 505
425 524
199 650
307 368
871 445
670 676
482 306
703 680
745 252
591 198
99 663
497 792
684 380
293 403
277 387
558 241
280 901
713 239
256 190
373 290
407 411
760 893
648 187
801 677
294 233
384 706
215 192
122 182
78 405
753 334
356 474
14 528
802 895
607 223
931 413
274 732
904 538
55 669
481 473
610 762
622 859
885 700
192 167
757 636
630 437
393 239
275 631
436 261
409 129
974 529
635 906
236 644
895 398
361 553
462 762
573 898
856 337
190 491
373 425
878 430
401 90
628 620
704 397
192 295
304 642
134 394
663 303
627 352
977 481
73 350
182 591
659 436
835 620
494 278
276 155
592 916
89 709
172 317
246 175
714 485
855 462
659 619
588 213
475 943
511 178
432 428
576 524
592 873
545 95
55 449
747 168
169 794
322 274
179 861
642 966
189 749
709 846
394 388
441 98
854 402
918 504
139 303
855 358
119 612
606 588
608 701
20 389
838 432
502 321
750 380
310 497
313 764
553 414
691 137
572 479
848 242
904 745
837 495
335 376
936 599
616 944
35 629
831 587
737 885
424 492
518 195
828 726
898 590
508 383
392 585
355 878
646 519
253 608
277 126
596 458
111 692
564 723
96 223
226 904
647 783
625 109
835 657
660 472
66 504
665 826
203 327
783 418
572 258
801 341
683 665
611 28
453 123
258 886
910 722
579 370
136 633
617 192
200 219
943 289
426 160
876 267
342 283
215 453
435 882
276 945
780 188
436 79
228 474
918 755
962 490
877 460
555 388
566 162
365 846
589 839
363 929
75 592
231 876
851 641
106 341
565 686
265 259
532 403
860 289
218 727
338 931
682 869
571 9
940 543
50 426
315 120
624 223
919 602
543 555
708 945
894 200
876 749
173 287
169 555
472 618
659 344
253 727
540 384
448 473
930 698
213 622
573 331
444 539
341 653
287 298
592 750
800 313
906 316
77 493
59 598
99 770
738 683
362 896
354 633
319 407
469 316
808 650
486 826
450 54
326 911
656 958
319 228
859 229
409 809
334 57
129 350
899 508
439 941
625 878
364 72
775 701
303 849
416 10
233 114
964 389
298 321
744 147
112 735
704 877
817 808
165 174
219 789
668 187
291 605
352 28
453 805
188 547
720 395
430 957
39 402
490 24
305 720
574 435
584 245
340 621
383 559
406 646
415 579
341 470
583 40
551 988
772 160
474 506
814 793
280 848
787 474
617 289
921 317
524 283
726 189
395 834
174 815
571 769
790 714
111 383
219 383
971 357
455 501
419 619
66 377
296 536
824 178
700 590
783 766
917 651
522 258
431 132
378 26
754 453
490 248
622 163
329 588
461 269
551 220
857 193
751 286
488 401
665 257
748 653
750 486
654 456
853 270
471 827
45 693
659 696
186 887
395 681
129 739
423 751
952 505
35 348
536 989
509 244
335 141
192 253
466 295
457 959
380 371
363 823
426 719
473 864
564 834
564 96
970 549
591 577
550 683
151 248
714 89
283 198
759 416
369 107
377 831
720 578
932 330
420 67
354 947
229 537
144 737
918 467
742 856
114 236
967 610
221 429
630 738
745 801
578 177
513 332
618 369
23 473
83 423
873 506
284 473
691 515
806 544
377 573
168 355
118 252
91 334
625 772
795 736
379 861
172 722
406 469
806 837
583 668
922 395
847 142
935 276
203 902
593 268
549 497
143 513
448 385
613 256
537 717
535 324
519 214
80 304
923 431
194 727
773 639
194 185
560 921
139 533
346 255
892 354
267 762
426 899
90 547
466 201
660 78
798 522
937 470
220 227
386 47
855 434
986 590
167 657
426 394
568 137
478 84
346 96
564 807
785 508
430 677
649 922
170 761
714 124
459 990
33 562
250 914
321 386
610 676
791 811
396 799
925 241
235 602
910 553
639 68
573 299
692 919
785 310
51 332
328 431
670 232
563 23
936 439
167 484
382 268
551 519
610 491
752 868
114 642
767 806
539 574
316 835
408 182
162 526
643 225
519 45
515 931
165 265
398 614
768 854
438 10
837 774
506 267
377 218
340 119
199 694
20 542
241 896
268 570
882 535
594 514
860 826
524 553
157 812
862 727
423 774
624 690
444 292
594 537
277 541
518 818
388 440
950 529
680 643
428 180
214 603
377 347
737 124
513 894
634 83
697 899
293 509
922 537
510 430
171 676
314 595
721 908
461 346
838 848
86 693
421 694
457 214
639 864
707 56
927 261
306 888
126 511
239 277
21 636
940 571
882 387
39 445
245 511
398 273
492 609
330 868
210 637
662 516
216 312
761 820
273 832
116 400
519 958
794 217
727 423
65 428
889 737
478 745
593 355
774 142
650 667
455 26
360 961
137 197
