1000 2959 10
26 83 72 44 39 31 12 12 20 38 57 14 86 44 8 5 20 49 73 53 69 47 66 70 24 42 29 94 89 79 66 70 43 30 7 27 97 30 8 99 61 19 70 9 36 42 20 90 46 32 67 91 18 92 26 18 76 15 63 58 97 49 81 31 87 3 39 67 13 54 49 12 69 19 35 28 60 89 77 24 43 60 18 18 83 47 31 50 6 24 4 58 11 6 62 8 99 13 97 31 98 74 37 4 99 21 11 89 87 44 47 26 80 80 45 93 32 30 35 19 69 96 22 51 76 56 82 46 97 21 86 83 7 82 98 83 96 46 38 39 50 7 66 31 34 79 38 4 92 64 43 77 84 42 48 73 98 62 6 41 2 69 3 83 60 71 50 16 95 75 64 36 52 56 55 78 73 10 21 66 3 19 5 13 85 67 59 29 53 21 61 48 94 13 24 64 14 40 98 26 12 88 81 75 80 32 39 4 19 46 6 52 20 97 27 91 24 1 32 39 39 86 23 94 51 68 24 74 70 50 42 92 71 37 7 68 74 43 82 13 80 69 94 36 71 48 28 46 49 25 65 6 54 50 80 70 55 76 24 25 48 96 46 26 27 42 42 66 39 72 88 61 37 25 16 84 10 71 86 35 70 63 37 25 50 36 31 94 76 27 53 94 17 32 31 41 59 68 55 10 69 2 60 92 60 89 90 13 11 81 65 35 47 10 87 79 60 5 59 38 87 64 88 86 90 33 84 64 54 87 54 65 43 32 15 47 66 46 24 31 75 71 53 13 69 83 34 44 100 75 43 77 69 24 84 94 79 33 43 9 23 1 78 7 66 36 96 47 46 43 35 76 49 47 32 3 50 71 84 1 86 38 7 50 16 23 52 16 18 100 97 31 21 80 2 62 17 49 86 52 18 49 93 86 83 18 87 49 43 9 7 20 27 56 92 57 47 15 68 32 33 24 66 88 96 57 6 80 37 11 89 12 72 43 75 94 45 76 53 65 52 17 12 99 59 32 24 53 81 21 76 60 3 71 35 66 21 7 98 95 77 72 94 39 54 14 79 32 60 67 10 2 78 21 75 1 97 32 51 90 92 19 37 30 78 2 79 44 89 52 46 55 29 32 77 43 87 35 85 62 59 99 48 57 62 100 71 83 89 47 100 31 69 19 49 7 28 55 54 50 54 82 48 30 26 39 51 92 53 43 72 61 25 41 14 74 72 70 18 93 52 41 23 57 21 16 59 65 84 92 58 1 43 22 4 28 8 5 96 79 59 35 39 12 90 81 54 28 8 7 60 52 56 55 44 5 100 28 51 34 75 89 18 11 10 48 94 44 76 69 67 59 48 66 99 53 34 6 83 6 70 51 43 72 84 67 43 36 21 48 32 19 45 34 67 23 66 52 84 9 45 68 19 96 92 73 86 32 1 15 39 39 5 80 25 7 87 42 1 71 11 36 10 66 58 26 48 69 59 67 66 42 7 12 15 4 52 49 24 86 13 58 30 40 50 10 78 65 74 78 88 63 94 75 78 35 94 64 32 20 91 44 54 32 74 39 65 100 18 81 64 26 22 90 31 14 33 57 78 79 31 98 78 87 58 41 47 9 25 42 29 83 59 28 83 14 26 93 87 16 57 57 94 8 15 5 87 41 7 69 41 48 68 36 38 17 40 83 29 88 30 77 21 69 82 46 34 52 33 36 75 52 39 41 4 30 20 35 43 41 7 45 90 73 79 88 88 16 13 4 38 37 4 20 2 49 90 49 50 89 22 17 83 99 91 62 100 43 33 59 59 4 97 95 18 4 57 76 24 73 5 32 3 84 37 39 48 91 1 72 79 1 53 54 80 90 17 43 83 49 75 86 37 40 88 1 60 82 78 78 79 18 83 73 72 83 38 95 72 59 56 52 37 68 62 28 48 6 97 89 66 4 4 21 92 35 92 66 51 86 32 15 44 3 27 95 3 21 59 57 86 2 28 76 62 25 31 39 91 70 3 99 94 80 94 73 73 37 62 78 85 49 68 60 66 67 39 28 57 16 61 58 91 43 20 6 12 46 58 39 14 36 92 61 9 82 42 38 91 91 98 81 4 91 78 32 44 77 9 55 25 40 27 50 41 94 82 91 33 78 78 53 73 44 72 17 57 49 13 23 91 71 10 53 1 47 70 7 12 41 38 50 73 53 15 7 33 23 97 28 87 91 62 84 48 98 7 6 70 93 22 30 75 91 98 40 86 98 81 35 58 69 45 47 98 5 53 64 64 47
0 43
0 121
0 244
0 255
0 300
0 713
1 4
1 53
1 93
1 171
1 266
1 720
1 988
2 162
2 529
2 576
2 606
2 752
3 189
3 297
3 652
3 656
3 815
3 964
4 53
4 86
4 581
4 720
5 78
5 92
5 341
5 573
5 971
6 94
6 343
6 394
6 473
6 497
7 34
7 102
7 203
7 523
7 765
7 906
8 72
8 142
8 267
8 277
8 301
8 525
9 464
9 561
9 613
9 665
9 847
9 860
10 273
10 446
10 447
10 522
10 672
10 921
11 482
11 539
11 587
11 667
11 678
11 954
12 601
12 634
12 777
12 780
12 862
12 933
13 302
13 566
13 691
13 711
13 733
13 753
13 815
13 980
14 33
14 44
14 121
14 244
14 326
14 329
15 29
15 261
15 425
15 554
15 669
15 712
16 20
16 131
16 526
16 743
16 750
17 48
17 407
17 499
17 520
17 569
18 68
18 262
18 351
18 357
18 540
18 850
19 236
19 272
19 516
19 629
19 793
19 805
20 37
20 66
20 131
20 607
20 627
20 750
20 789
20 863
21 166
21 245
21 369
21 401
21 431
21 710
21 729
22 264
22 271
22 440
22 509
22 819
23 237
23 270
23 542
23 772
23 931
24 170
24 343
24 438
24 762
24 826
24 864
25 30
25 67
25 705
25 843
25 867
26 216
26 392
26 411
26 584
26 657
26 827
26 945
27 155
27 361
27 368
27 391
27 441
27 684
27 716
27 768
27 884
28 308
28 330
28 828
28 849
28 936
29 31
29 312
29 475
29 567
29 669
29 712
30 36
30 586
30 843
30 867
30 955
31 205
31 406
31 567
31 601
31 634
31 712
32 104
32 140
32 185
32 557
32 704
32 845
33 326
33 329
33 355
33 381
33 749
34 102
34 439
34 765
34 871
34 960
35 134
35 138
35 388
35 538
35 702
35 804
35 912
36 288
36 333
36 685
36 843
36 848
36 927
36 955
37 51
37 294
37 581
37 607
37 627
38 297
38 343
38 497
38 652
38 994
39 228
39 256
39 647
39 852
40 478
40 773
40 807
40 984
41 128
41 293
41 407
41 514
41 520
41 649
41 692
42 174
42 327
42 546
42 585
42 823
43 255
43 300
43 334
43 335
43 344
43 993
44 244
44 300
44 326
44 534
44 671
45 350
45 354
45 483
45 562
45 683
45 738
45 899
46 217
46 787
46 806
46 976
46 979
47 128
47 205
47 601
47 783
47 862
47 948
48 285
48 407
48 499
48 527
48 650
49 383
49 434
49 447
49 691
49 733
49 791
50 89
50 225
50 534
50 671
50 986
51 53
51 322
51 581
51 627
52 91
52 280
52 379
52 643
52 653
52 851
52 926
53 93
53 322
53 581
54 59
54 570
54 666
54 883
54 977
55 128
55 285
55 293
55 444
55 560
55 696
55 785
55 948
56 228
56 299
56 592
56 807
56 852
57 217
57 450
57 609
57 637
57 928
57 971
58 203
58 350
58 435
58 918
58 919
59 261
59 425
59 883
60 570
60 587
60 726
60 977
61 75
61 130
61 171
61 593
61 781
61 913
61 988
62 160
62 445
62 462
62 778
62 957
63 95
63 363
63 390
63 558
63 620
63 857
63 932
64 103
64 241
64 396
64 730
65 150
65 390
65 404
65 547
65 880
66 131
66 386
66 410
66 446
66 863
67 76
67 317
67 662
67 705
67 843
68 262
68 357
68 917
68 958
69 214
69 298
69 472
69 648
69 797
70 248
70 363
70 571
70 706
70 857
70 972
71 92
71 184
71 348
71 524
71 609
71 741
71 971
72 142
72 277
72 348
72 375
72 741
72 930
72 992
73 247
73 249
73 402
73 533
73 738
73 918
73 919
73 990
74 271
74 461
74 479
74 680
74 876
75 130
75 371
75 593
75 730
75 861
76 317
76 705
76 725
76 968
77 81
77 159
77 204
77 282
77 378
77 421
77 708
77 824
78 341
78 549
78 573
78 629
78 734
78 890
78 978
79 132
79 445
79 462
79 571
79 706
80 423
80 453
80 722
80 737
80 747
80 770
80 915
81 204
81 378
81 466
81 981
82 125
82 194
82 264
82 461
82 698
82 700
82 721
83 90
83 221
83 257
83 341
83 531
83 882
83 940
84 229
84 231
84 366
84 384
84 577
84 697
84 937
85 165
85 195
85 291
85 685
85 709
85 834
86 235
86 581
86 675
86 720
87 192
87 523
87 533
87 760
87 891
87 898
88 137
88 212
88 399
88 498
88 689
88 710
89 225
89 318
89 356
89 623
89 825
89 986
90 139
90 221
90 316
90 940
90 999
91 280
91 366
91 690
91 748
91 879
91 926
91 937
92 341
92 524
92 971
93 171
93 322
93 456
93 630
93 640
93 742
93 798
93 832
94 394
94 434
94 497
94 618
94 728
94 994
95 458
95 620
95 646
95 932
96 181
96 383
96 602
96 728
96 791
96 905
97 155
97 260
97 413
97 442
97 716
97 831
98 135
98 339
98 414
98 591
98 884
99 175
99 230
99 544
99 875
99 878
100 320
100 336
100 621
100 695
100 718
100 970
101 232
101 240
101 347
101 521
101 812
101 939
101 985
102 192
102 523
102 871
103 130
103 266
103 396
103 481
103 730
104 327
104 417
104 557
104 761
104 845
105 118
105 138
105 202
105 309
105 702
105 856
105 869
106 218
106 351
106 357
106 511
106 639
106 708
107 405
107 583
107 794
107 817
108 120
108 310
108 416
108 583
108 651
108 735
108 792
108 794
109 150
109 359
109 495
109 496
109 547
109 656
109 658
109 964
110 195
110 291
110 310
110 427
110 794
110 817
110 951
111 329
111 636
111 649
111 654
111 713
111 749
111 969
112 137
112 424
112 493
112 507
112 579
112 793
112 805
112 866
113 123
113 208
113 258
113 422
113 480
113 597
113 744
114 159
114 421
114 429
114 917
114 958
115 199
115 365
115 437
115 512
115 574
115 996
116 216
116 233
116 504
116 779
116 827
116 837
117 281
117 365
117 574
117 699
117 878
117 907
117 973
117 987
118 202
118 223
118 642
118 869
118 916
119 485
119 620
119 732
119 762
119 826
120 195
120 310
120 709
120 735
120 962
121 244
121 329
121 713
122 272
122 622
122 629
122 751
122 836
122 890
123 146
123 208
123 349
123 480
123 737
123 961
124 180
124 183
124 644
124 715
124 787
124 806
125 264
125 552
125 661
125 700
126 246
126 290
126 296
126 513
126 628
126 833
126 901
127 508
127 660
127 703
127 842
127 993
128 293
128 692
128 783
128 948
129 172
129 283
129 301
129 525
129 528
129 564
129 616
129 923
130 266
130 730
130 781
131 386
131 743
131 885
132 363
132 462
132 589
132 706
132 790
132 982
133 188
133 353
133 564
133 616
133 758
133 810
133 903
134 388
134 782
134 854
134 912
134 974
135 339
135 487
135 591
135 686
135 707
136 240
136 389
136 400
136 614
136 757
136 823
136 840
137 212
137 424
137 494
137 498
137 507
138 202
138 388
138 489
138 642
138 702
139 268
139 331
139 940
139 965
139 999
140 185
140 287
140 492
140 602
140 704
140 905
141 250
141 457
141 476
141 617
141 822
141 887
142 184
142 301
142 348
143 145
143 263
143 466
143 888
143 923
143 981
144 312
144 625
144 922
144 967
145 265
145 528
145 755
145 888
145 923
145 946
146 295
146 349
146 480
146 723
146 931
147 201
147 360
147 368
147 414
147 449
148 227
148 508
148 628
148 660
148 676
148 963
149 206
149 560
149 665
149 696
149 809
149 910
150 390
150 547
150 658
150 956
151 253
151 300
151 335
151 589
151 759
151 813
151 982
152 207
152 231
152 345
152 395
152 522
152 599
152 921
153 418
153 443
153 487
153 745
153 908
154 754
154 796
154 801
154 868
154 935
154 966
155 413
155 530
155 684
155 716
155 740
156 222
156 242
156 364
156 595
156 939
157 170
157 801
157 826
157 868
158 223
158 426
158 547
158 555
158 771
159 168
159 378
159 421
159 429
160 377
160 778
160 859
160 957
160 986
161 315
161 499
161 515
161 650
161 655
161 660
161 703
162 367
162 529
162 653
162 752
162 851
163 566
163 711
163 753
163 789
163 832
163 894
163 975
164 206
164 780
164 910
164 934
165 197
165 598
165 709
165 834
165 938
166 246
166 290
166 431
166 725
166 729
166 968
167 385
167 664
167 681
167 764
167 935
167 943
167 983
168 214
168 378
168 429
168 797
168 811
169 430
169 546
169 604
169 724
170 438
170 826
170 868
171 426
171 456
171 913
171 988
172 325
172 525
172 616
172 835
173 201
173 328
173 339
173 414
173 510
173 855
174 327
174 585
174 651
174 792
175 230
175 663
175 875
176 181
176 704
176 905
176 929
176 989
177 395
177 697
177 761
177 845
177 929
177 989
178 346
178 582
178 597
178 830
178 959
179 226
179 304
179 632
179 638
179 698
179 721
179 784
180 183
180 286
180 369
180 401
180 644
181 791
181 905
181 929
182 219
182 224
182 448
182 616
182 701
182 810
182 835
183 212
183 401
183 689
183 787
183 816
184 265
184 301
184 348
184 450
184 528
184 609
185 287
185 557
185 583
186 281
186 474
186 563
186 836
186 874
187 491
187 707
187 797
187 917
188 463
188 701
188 758
188 810
189 297
189 501
189 656
189 658
189 864
189 956
190 224
190 448
190 719
190 998
191 199
191 365
191 428
191 699
192 523
192 760
192 871
193 324
193 331
193 559
193 657
193 889
193 999
194 337
194 374
194 461
194 698
194 995
195 291
195 310
195 709
196 308
196 314
196 330
196 626
196 967
197 311
197 693
197 709
197 938
198 494
198 507
198 670
198 679
198 786
198 953
199 210
199 365
199 428
199 437
199 471
199 532
200 594
200 755
200 775
200 902
200 946
201 243
201 414
201 449
201 578
201 855
202 642
203 247
203 435
203 523
203 906
203 919
204 282
204 466
204 799
204 903
205 541
205 567
205 601
205 783
206 696
206 780
206 785
206 910
207 395
207 447
207 791
207 921
207 929
208 582
208 597
208 737
209 409
209 479
209 576
209 606
209 680
209 997
210 278
210 437
210 532
210 622
211 289
211 433
211 575
211 688
211 756
211 877
211 896
212 494
212 670
212 689
212 816
213 422
213 486
213 641
213 744
213 880
213 972
214 298
214 668
214 797
214 811
215 463
215 477
215 488
215 701
215 719
215 998
216 233
216 392
216 827
217 637
217 787
217 816
217 928
217 953
217 976
218 511
218 588
218 639
218 941
219 224
219 504
219 779
219 835
220 379
220 435
220 765
220 776
220 879
220 906
220 926
221 316
221 342
221 531
221 584
221 992
222 252
222 595
222 774
222 821
222 925
222 939
223 404
223 426
223 547
223 869
223 916
224 233
224 448
224 719
224 779
225 356
225 534
225 600
226 386
226 596
226 632
226 638
226 672
226 853
227 279
227 476
227 517
227 676
227 892
227 963
228 256
228 760
228 807
228 852
229 366
229 384
229 659
229 748
229 879
230 398
230 544
230 663
231 345
231 395
231 697
231 937
232 443
232 521
232 530
232 684
232 908
232 985
233 392
233 411
233 559
233 779
234 254
234 306
234 356
234 503
234 623
234 678
234 841
234 954
235 481
235 675
235 720
235 800
236 272
236 502
236 516
236 694
237 270
237 303
237 313
237 543
237 931
238 243
238 449
238 773
238 952
239 241
239 500
239 766
239 846
239 912
239 974
240 347
240 364
240 389
240 614
240 939
241 730
241 804
241 861
241 912
242 364
242 393
242 595
242 614
242 693
243 403
243 449
243 578
243 952
244 300
245 399
245 431
245 515
245 655
245 710
245 746
245 909
246 290
246 296
246 968
247 523
247 533
247 891
247 919
248 454
248 486
248 857
248 972
249 490
249 683
249 738
249 990
250 334
250 352
250 617
250 887
250 993
251 299
251 451
251 592
251 687
251 831
252 745
252 774
252 895
252 939
252 985
253 334
253 335
253 617
253 813
253 822
253 872
254 356
254 420
254 503
254 849
254 920
255 344
255 713
255 944
256 402
256 442
256 533
256 647
256 760
256 898
257 341
257 734
257 788
257 882
258 295
258 445
258 480
258 571
258 744
258 972
259 399
259 424
259 498
259 746
259 820
259 950
260 402
260 413
260 442
260 490
260 990
261 425
261 669
261 883
262 305
262 328
262 540
262 707
262 917
263 677
263 736
263 888
263 942
263 981
264 271
264 461
264 509
264 552
265 450
265 528
265 535
265 946
266 481
266 720
266 781
266 988
267 277
267 325
267 525
268 292
268 788
268 882
268 940
268 965
269 500
269 605
269 830
269 854
269 893
270 313
270 519
270 667
270 772
270 897
271 461
271 479
271 819
272 502
272 629
272 836
273 410
273 446
273 447
273 691
273 753
273 975
274 424
274 444
274 579
274 809
274 820
275 389
275 400
275 430
275 610
275 724
275 757
275 899
276 336
276 608
276 615
276 839
276 927
276 955
277 325
277 375
277 945
278 292
278 437
278 622
278 645
278 734
278 788
279 457
279 476
279 796
279 892
279 966
280 460
280 690
280 851
281 428
281 563
281 699
281 874
281 907
281 973
282 468
282 682
282 799
282 824
283 353
283 466
283 564
283 923
284 380
284 535
284 545
284 594
284 608
284 615
284 979
284 991
285 293
285 407
285 444
285 527
285 820
286 369
286 370
286 644
286 725
287 405
287 492
287 583
287 911
288 333
288 662
288 843
289 553
289 631
289 674
289 688
289 896
290 431
290 628
291 333
291 685
291 951
292 376
292 512
292 645
292 788
292 965
293 407
294 419
294 469
294 581
294 603
294 607
294 675
294 818
295 445
295 480
295 723
295 957
296 317
296 513
296 968
297 343
297 652
297 864
298 455
298 472
298 668
298 774
298 895
299 451
299 478
299 592
299 807
300 335
300 671
300 759
301 525
301 528
302 618
302 733
302 815
302 994
303 543
303 722
303 931
304 432
304 526
304 632
304 784
304 885
305 328
305 505
305 510
305 540
306 382
306 482
306 503
306 828
306 936
306 954
307 314
307 514
307 541
307 692
307 783
307 795
308 330
308 828
308 914
308 967
309 856
309 869
309 913
310 794
311 393
311 518
311 693
311 709
311 962
312 314
312 475
312 669
312 883
312 922
312 967
313 543
313 667
314 467
314 475
314 541
314 626
314 795
314 967
315 323
315 499
315 569
315 703
315 969
316 584
316 657
316 999
317 513
317 662
317 968
318 542
318 825
318 859
318 986
319 470
319 624
319 641
319 916
320 332
320 336
320 455
320 568
320 802
320 970
321 522
321 552
321 596
321 599
321 661
321 853
322 627
322 798
323 703
323 713
323 944
323 969
324 331
324 376
324 559
324 965
324 996
325 525
325 619
325 835
325 945
326 381
326 534
326 600
327 417
327 546
327 557
327 792
328 339
328 510
328 707
329 713
329 749
330 626
330 849
330 949
331 965
331 999
332 455
332 590
332 802
332 821
332 925
333 662
333 685
333 829
333 951
334 335
334 617
334 993
336 568
336 695
336 839
336 927
337 374
337 808
337 844
337 995
338 427
338 611
338 764
338 817
338 983
339 414
339 707
340 505
340 540
340 548
340 727
340 850
341 524
341 531
341 734
342 375
342 584
342 945
342 992
343 438
343 473
343 497
343 580
343 864
344 842
344 944
344 993
345 509
345 552
345 599
345 690
345 937
346 408
346 453
346 582
346 767
346 830
347 389
347 812
347 899
348 741
349 722
349 915
349 931
349 961
350 435
350 506
350 562
350 738
350 918
351 357
351 433
351 639
351 850
352 508
352 887
352 963
352 993
353 466
353 564
353 903
354 362
354 683
354 812
354 899
355 381
355 420
355 484
355 636
355 749
355 924
355 947
356 600
356 623
356 920
357 421
357 708
357 958
358 367
358 439
358 529
358 536
358 643
358 871
359 496
359 547
360 368
360 415
360 449
360 984
361 368
361 415
361 768
362 521
362 683
362 740
362 812
362 873
363 589
363 706
363 857
363 932
364 614
364 939
365 574
365 699
366 748
366 937
367 529
367 643
367 653
368 414
368 415
368 884
369 401
369 725
369 729
370 380
370 644
370 705
370 715
370 725
370 867
371 538
371 593
371 804
371 861
371 870
372 417
372 577
372 604
372 697
372 761
373 397
373 565
373 714
373 717
373 934
374 409
374 461
374 844
374 876
375 945
375 992
376 512
376 965
376 996
377 671
377 759
377 778
377 982
377 986
378 736
378 811
378 981
379 536
379 643
379 765
379 926
379 960
380 586
380 608
380 715
380 867
380 991
381 420
381 600
381 920
382 482
382 587
382 726
382 828
383 434
383 728
383 791
384 430
384 577
384 604
384 659
384 769
385 681
385 892
385 935
385 966
386 446
386 632
386 672
386 885
387 568
387 598
387 802
387 834
387 848
388 489
388 605
388 782
389 757
389 899
390 454
390 558
390 857
390 880
390 956
391 418
391 441
391 591
391 884
392 411
393 518
393 614
393 693
394 473
394 492
394 602
394 728
394 731
394 911
395 697
395 929
396 469
396 481
396 800
396 818
397 551
397 561
397 717
397 934
398 406
398 544
398 634
398 663
398 777
398 814
399 498
399 710
399 746
400 610
400 757
400 823
401 689
401 710
402 442
402 533
402 990
403 465
403 578
403 688
403 886
403 952
404 547
404 624
404 880
404 916
405 583
405 611
405 731
405 817
405 911
406 544
406 554
406 634
406 712
407 520
408 412
408 453
408 747
408 767
409 529
409 606
409 680
409 871
409 876
410 446
410 572
410 863
410 975
411 559
411 657
411 889
412 747
412 766
412 767
413 490
413 683
413 740
413 873
414 884
415 633
415 768
415 984
416 557
416 583
416 792
417 546
417 604
417 761
418 441
418 487
418 591
418 908
419 469
419 526
419 556
419 607
419 635
419 750
420 849
420 920
420 947
420 949
421 708
421 958
422 597
422 641
422 744
422 959
423 722
423 770
424 498
424 579
424 820
425 544
425 554
426 456
426 555
426 869
426 913
427 550
427 817
427 951
427 983
428 471
428 699
428 874
429 797
429 917
430 483
430 604
430 724
430 769
430 899
431 515
431 628
432 526
432 784
432 808
432 858
432 881
433 575
433 639
433 756
433 850
434 618
434 728
434 733
435 506
435 776
435 906
436 474
436 563
436 613
436 694
436 860
437 512
437 645
438 580
438 868
439 536
439 871
439 960
440 460
440 509
440 690
440 752
440 819
441 684
441 908
442 647
442 831
443 745
443 908
443 985
444 560
444 809
444 820
445 462
445 571
445 957
446 672
447 691
447 791
447 921
448 701
448 998
449 773
449 984
450 535
450 537
450 609
450 928
451 478
451 633
451 687
451 768
451 984
452 563
452 613
452 717
452 865
452 907
453 582
453 737
453 747
454 486
454 857
454 880
455 668
455 718
455 774
455 925
455 970
456 555
456 630
457 476
457 646
457 732
457 796
457 801
457 822
458 646
458 813
458 822
458 872
458 932
459 553
459 631
459 674
459 803
459 941
460 690
460 752
460 851
461 876
462 778
462 790
463 468
463 488
463 701
463 758
464 516
464 665
464 793
464 860
464 866
465 548
465 688
465 877
465 886
466 903
466 923
466 981
467 484
467 626
467 795
467 924
468 488
468 682
468 758
468 799
469 603
469 635
469 818
470 489
470 641
470 642
470 916
470 959
471 532
471 751
471 874
472 487
472 648
472 745
472 895
473 580
473 731
474 502
474 563
474 694
474 836
475 541
475 567
476 887
476 963
477 488
477 553
477 719
477 803
478 807
478 984
479 680
479 819
479 997
481 720
481 800
482 587
482 954
483 562
483 769
483 899
484 626
484 924
484 947
485 558
485 620
485 762
486 880
486 972
487 591
487 648
487 686
487 745
488 682
488 803
489 605
489 642
489 959
490 683
490 990
491 648
491 686
491 707
491 797
492 602
492 911
493 507
493 549
493 629
493 679
493 805
494 507
494 670
495 496
495 640
495 711
495 832
495 964
495 980
496 547
496 630
496 640
496 742
496 771
497 994
499 569
499 650
500 846
500 854
500 893
500 974
501 558
501 762
501 864
501 956
502 694
502 836
503 849
503 936
504 619
504 779
504 835
504 837
505 510
505 540
505 548
505 886
506 562
506 659
506 769
506 776
507 679
508 660
508 963
508 993
509 552
509 690
510 855
510 886
511 588
511 708
511 824
512 645
512 996
513 612
513 662
513 664
513 901
514 649
514 692
514 795
515 628
515 655
515 660
516 694
516 793
516 860
517 676
517 681
517 892
518 585
518 614
518 651
518 840
518 962
519 772
519 841
519 897
520 569
520 649
520 739
521 530
521 740
521 812
522 599
522 672
522 853
522 921
523 891
524 531
524 741
524 930
524 992
526 556
526 743
526 750
526 881
526 885
527 650
527 820
527 950
528 923
529 606
529 871
530 684
530 740
531 992
532 622
532 751
533 891
533 898
534 600
534 671
535 537
535 594
535 946
535 976
535 979
536 643
536 960
537 928
537 976
538 702
538 804
538 856
538 870
539 667
539 678
539 897
540 850
541 567
541 783
542 723
542 772
542 825
542 859
542 931
543 667
543 722
544 554
544 878
545 594
545 615
545 902
546 604
546 610
546 724
546 823
547 771
548 727
548 877
548 886
549 629
549 673
549 679
549 786
549 978
550 612
550 664
550 829
550 951
550 983
551 561
551 847
551 910
551 934
552 599
552 661
553 631
553 719
553 803
554 712
555 630
555 771
556 635
556 858
556 881
557 583
557 792
558 620
558 762
558 956
559 889
560 696
560 809
561 613
561 717
561 847
562 769
563 613
563 907
564 616
565 714
565 717
565 763
565 875
565 878
565 904
566 711
566 753
568 802
568 848
568 927
569 739
569 969
570 625
570 666
570 726
570 977
571 706
571 972
572 863
572 894
572 975
573 637
573 971
573 978
574 996
575 639
575 896
576 606
576 752
576 997
577 604
577 697
578 855
578 886
579 809
579 866
579 900
580 611
580 731
580 868
581 675
582 597
582 737
583 794
584 657
584 945
585 651
585 823
585 840
586 608
586 867
586 955
587 726
587 977
588 682
588 803
588 824
588 941
589 813
589 932
589 982
590 598
590 802
590 821
590 938
591 884
592 647
592 831
592 852
593 870
593 913
594 902
594 946
595 693
595 821
595 938
596 638
596 661
596 853
597 959
598 802
598 834
598 938
600 920
601 634
601 862
602 728
602 905
603 818
605 782
605 830
605 854
605 959
607 750
608 615
608 955
609 971
610 724
610 823
611 731
611 764
611 817
611 868
612 662
612 664
612 829
613 717
613 860
614 840
615 839
615 902
616 810
616 835
617 822
618 733
618 994
619 827
619 835
619 837
619 945
620 646
620 732
621 695
621 718
621 775
621 902
622 734
622 751
622 890
623 825
623 841
624 641
624 880
624 916
625 666
625 726
625 914
625 922
625 967
626 947
626 949
627 789
627 798
628 660
628 676
628 833
629 805
629 890
630 742
630 771
631 674
632 885
633 768
633 984
634 777
636 654
636 749
636 838
636 924
637 673
637 953
637 971
637 978
638 661
638 700
638 721
639 896
639 941
640 742
640 832
641 880
641 959
642 916
643 653
644 715
646 732
646 822
647 831
647 852
648 686
648 797
649 654
649 739
649 795
649 838
649 969
650 655
650 909
650 950
651 735
651 792
651 962
652 815
652 994
653 851
654 838
655 909
656 658
656 964
657 889
657 999
658 956
659 769
659 776
659 879
660 703
661 700
662 829
662 843
663 714
663 814
663 875
664 901
664 943
664 983
665 809
665 847
665 866
665 900
665 910
666 883
666 922
667 722
667 897
668 718
668 811
669 883
670 816
670 953
671 759
671 986
672 853
673 786
673 953
673 978
674 896
674 941
675 800
675 818
676 681
676 833
677 718
677 736
677 942
678 841
678 897
678 954
679 786
680 876
681 833
681 892
681 901
681 943
682 803
682 824
683 738
683 873
684 908
685 834
685 848
686 707
687 716
687 768
687 831
688 807
688 877
688 952
689 710
690 937
691 733
691 753
692 783
693 938
694 860
695 839
695 902
696 785
697 761
698 721
698 784
698 808
698 995
699 973
700 721
701 810
701 998
702 856
703 842
703 944
704 845
704 905
704 989
705 725
705 867
707 917
708 824
709 962
711 832
711 980
713 944
713 969
714 780
714 814
714 875
714 934
715 806
715 991
716 768
716 831
717 763
717 865
718 736
718 775
718 811
718 942
718 970
719 998
722 770
722 915
722 931
723 859
723 931
723 957
725 729
725 968
726 828
726 914
727 756
727 850
727 877
730 861
731 911
732 801
732 826
734 788
734 890
735 962
736 811
736 981
737 915
737 961
738 918
739 969
740 873
741 930
743 885
744 972
745 895
745 985
746 909
746 950
747 766
747 770
748 879
751 836
751 874
752 819
752 851
752 997
753 975
754 764
754 868
754 935
755 775
755 888
755 942
755 946
756 850
756 877
758 799
758 903
759 982
760 807
760 898
761 845
762 826
762 864
763 865
763 904
763 987
764 868
764 935
764 983
765 906
765 960
766 767
766 770
766 846
767 830
767 846
767 893
772 825
772 841
773 807
773 952
773 984
774 895
774 925
775 902
775 942
776 879
777 814
777 933
778 790
778 982
780 785
780 814
780 862
780 933
780 934
781 988
782 854
784 808
785 862
785 948
786 953
787 806
787 816
788 882
789 798
789 832
789 863
789 894
790 982
791 929
793 805
793 866
794 817
795 838
795 924
796 801
796 966
797 917
798 832
799 903
800 818
801 826
801 868
803 941
804 861
804 912
806 979
806 991
807 952
808 844
808 858
808 995
809 900
812 899
813 872
813 932
814 933
815 964
815 980
815 994
816 953
819 997
820 950
821 925
821 938
822 872
823 840
825 841
827 837
827 945
828 914
828 936
829 951
830 893
830 959
833 901
834 848
836 874
838 924
839 902
841 897
842 944
842 993
844 858
845 989
846 893
847 910
848 927
849 936
849 949
854 974
855 886
856 870
856 913
858 881
859 957
859 986
862 948
863 894
865 907
865 987
866 900
869 913
870 913
875 878
878 904
878 987
879 926
882 940
883 922
887 963
888 942
892 966
894 975
896 941
901 943
904 987
907 987
909 950
910 934
912 974
914 967
915 961
917 958
918 919
927 955
928 976
929 989
930 992
935 966
939 985
947 949
964 980
976 979
979 991
735 435
713 866
275 909
635 704
695 888
412 180
551 680
175 808
281 214
620 143
497 832
988 416
748 175
569 763
769 420
844 186
561 915
681 298
100 412
544 145
583 884
547 345
376 876
939 501
594 624
455 402
289 95
140 590
876 345
828 205
420 408
799 195
428 674
806 395
182 831
834 782
415 449
626 905
578 694
82 716
32 590
719 277
358 636
702 463
772 451
225 679
442 298
744 221
665 299
503 748
825 467
652 885
255 840
665 869
924 237
692 242
52 673
425 247
202 760
891 194
935 281
758 858
812 552
698 608
752 931
713 696
546 870
479 429
120 411
212 446
758 603
370 217
320 204
177 724
370 937
790 866
503 399
182 331
441 157
776 577
948 635
207 313
427 929
377 128
341 750
402 512
678 906
105 773
554 294
855 461
352 104
297 814
383 193
675 818
552 709
681 582
482 717
135 666
124 510
754 82
305 413
231 592
137 823
744 914
387 681
806 771
112 342
455 587
411 590
665 734
442 526
747 360
567 215
844 626
161 384
467 36
216 114
605 12
781 749
640 601
398 560
751 398
516 126
880 622
472 318
426 894
544 440
653 425
724 238
245 232
776 880
536 890
760 554
199 230
869 777
164 483
293 611
568 260
824 758
373 81
471 668
654 509
300 220
266 299
869 266
295 300
889 582
66 537
617 434
671 197
695 698
753 508
430 807
187 526
588 549
159 625
289 537
582 586
720 758
179 377
823 525
649 339
253 899
594 811
689 167
366 509
552 377
541 506
208 398
313 681
575 605
726 825
229 185
89 500
371 624
753 97
440 713
396 720
871 674
483 909
492 329
450 734
176 169
489 308
341 247
453 647
559 70
172 426
175 230
644 684
126 187
527 25
108 801
358 42
427 949
413 540
853 310
348 532
505 241
496 51
325 346
62 522
809 755
188 789
188 298
769 230
689 184
451 778
876 637
312 929
480 79
30 386
527 278
787 650
228 411
140 225
245 103
449 263
100 320
186 154
237 802
339 123
273 512
736 746
162 145
841 455
488 877
611 488
73 734
309 770
777 114
395 776
203 571
271 58
919 409
693 929
551 129
954 509
36 543
894 807
279 570
868 835
320 561
37 523
755 436
602 333
543 404
162 763
757 624
181 701
671 481
82 653
249 503
700 511
878 409
705 433
103 728
401 127
836 601
589 285
145 690
871 198
123 440
265 332
402 888
325 290
737 896
270 201
388 85
885 737
956 477
372 893
534 125
528 819
613 239
276 645
369 396
272 178
455 84
622 518
305 846
582 32
151 302
232 273
387 352
672 272
503 354
464 634
454 455
37 313
569 400
433 512
425 68
694 260
641 929
852 580
528 424
612 685
238 447
52 644
754 466
292 238
568 745
967 525
504 929
95 456
939 356
793 269
881 315
778 786
421 555
355 557
848 253
970 493
826 299
673 342
332 106
501 431
880 484
793 696
302 433
454 856
646 859
689 371
369 28
244 174
808 432
367 652
102 478
764 385
863 337
367 63
296 473
447 471
689 476
717 485
355 413
450 979
519 556
121 495
61 436
412 153
320 142
567 659
690 439
409 839
895 696
245 609
342 224
907 597
219 722
100 375
659 467
217 265
222 664
811 366
879 434
123 386
199 883
673 747
75 568
112 589
204 651
736 581
282 551
510 12
324 788
233 898
102 570
523 351
472 365
801 831
359 715
694 108
411 986
290 162
408 52
786 513
210 340
224 841
428 367
827 394
941 333
495 732
294 730
566 508
514 885
359 466
840 763
259 615
708 656
142 547
279 80
338 568
529 669
416 768
732 941
658 121
776 136
568 306
287 632
524 321
140 708
15 487
737 717
486 616
802 171
686 282
925 674
304 956
549 849
294 68
939 681
169 665
99 521
92 601
416 605
367 686
164 536
595 943
837 378
165 360
821 661
968 638
592 248
852 146
736 779
495 537
535 40
174 393
289 678
586 384
513 969
72 373
533 732
225 772
588 100
464 56
561 611
174 855
326 870
169 557
124 688
208 547
648 234
825 573
516 839
502 794
140 181
53 546
398 260
71 625
642 72
913 656
752 656
269 423
715 802
628 536
679 565
83 286
317 856
392 944
783 562
157 229
594 154
18 464
227 288
808 316
150 276
629 979
813 708
528 64
215 480
549 661
564 86
821 243
634 506
113 258
42 619
347 923
859 601
715 930
963 367
255 696
813 335
648 614
766 649
185 502
131 265
829 719
170 685
175 448
495 662
524 190
520 257
629 772
664 773
562 692
572 276
666 320
908 772
658 670
559 109
896 387
207 152
68 457
247 728
529 226
636 438
374 860
76 486
116 327
447 43
504 454
748 290
609 370
584 138
586 483
339 585
944 464
701 293
202 608
464 833
142 792
361 183
257 216
543 935
642 284
291 269
243 915
184 606
352 150
503 75
140 741
809 452
411 295
201 866
410 270
817 808
980 445
89 435
805 250
895 499
978 507
819 119
368 355
331 659
688 746
46 442
499 192
495 516
652 145
421 874
64 259
831 167
717 776
567 992
410 639
664 652
289 51
659 217
634 111
247 712
597 67
223 239
697 89
590 792
813 228
352 447
684 319
908 261
771 595
566 844
427 190
469 10
63 349
298 919
341 730
40 506
604 222
543 617
665 896
888 652
442 599
306 106
344 600
420 388
950 291
118 299
739 548
318 476
148 527
71 671
786 841
344 344
302 523
464 879
852 662
352 492
442 832
833 434
770 204
492 682
646 969
318 700
862 730
286 930
612 917
404 377
384 234
309 646
506 589
495 475
621 101
311 574
360 373
213 191
685 510
557 727
235 155
667 613
313 391
485 100
886 448
764 697
884 274
825 319
627 878
589 406
519 156
693 792
58 275
501 907
82 614
783 163
595 987
777 352
445 226
462 901
88 342
653 789
801 675
805 734
229 872
467 343
447 65
661 569
96 699
198 462
740 319
647 302
378 591
593 709
250 878
757 343
628 334
652 710
314 73
674 698
285 764
630 394
440 879
479 457
750 112
524 480
616 188
898 245
986 476
243 415
855 203
500 259
789 465
490 850
460 208
65 302
675 929
579 469
264 347
951 426
517 209
332 956
559 492
132 287
194 674
173 593
406 471
175 466
103 642
4 451
537 301
360 840
535 778
750 263
336 543
579 114
334 396
689 207
378 742
461 945
567 13
438 908
165 206
818 782
659 396
435 690
463 387
757 586
150 453
129 336
378 544
560 326
612 774
818 192
741 386
711 110
451 341
122 638
651 86
285 389
105 204
709 897
456 917
979 574
881 555
308 664
502 378
914 306
51 418
507 709
537 357
785 900
523 617
639 585
550 758
434 130
390 579
241 355
910 637
205 702
705 323
183 639
348 209
671 797
546 920
818 633
203 507
591 302
951 668
300 796
778 370
581 927
523 79
293 887
573 796
564 559
308 332
46 401
276 620
183 249
770 499
79 756
381 710
629 634
683 72
546 554
205 824
952 711
911 703
104 626
268 724
970 661
702 762
919 479
22 575
258 479
301 355
241 773
769 154
788 537
183 129
716 167
757 874
859 759
763 246
489 945
707 206
483 212
462 306
413 108
616 840
774 547
477 756
389 620
554 175
440 577
787 310
603 538
191 428
631 849
177 278
687 952
602 563
327 462
102 281
837 822
536 178
449 315
14 599
479 971
639 211
183 217
224 394
225 610
719 549
742 142
613 736
489 281
479 568
661 963
340 898
632 265
304 495
681 526
325 631
132 320
893 468
604 597
248 122
912 328
477 497
883 707
119 673
628 818
559 458
383 495
220 168
544 91
225 132
780 335
350 393
321 603
930 443
670 424
462 441
455 995
420 694
934 733
637 150
385 453
860 365
74 404
284 870
66 698
475 864
876 756
65 501
800 796
737 621
540 994
842 527
605 142
821 863
750 198
576 856
614 656
655 59
587 199
447 388
569 577
773 767
803 815
154 857
700 535
186 660
544 63
722 96
378 976
19 426
721 58
281 781
753 683
532 969
395 103
877 218
124 544
530 920
55 470
655 487
286 319
307 58
488 118
144 767
581 501
903 732
582 839
232 489
49 329
956 452
95 761
243 666
602 205
539 467
341 371
201 268
688 57
455 714
207 809
613 38
185 553
620 310
669 162
499 632
876 811
766 797
895 307
925 618
784 726
166 411
201 734
180 768
844 412
485 813
880 249
268 283
797 332
280 480
248 821
382 438
424 263
438 747
346 190
904 557
723 568
747 160
683 128
573 543
891 365
358 802
326 510
262 542
371 98
85 312
283 352
539 486
690 421
271 149
327 312
823 349
725 222
848 353
623 288
460 512
12 537
475 240
951 406
404 412
672 680
849 552
137 393
835 705
196 845
908 621
373 570
641 474
634 729
394 58
580 528
864 297
525 408
700 353
288 411
406 216
783 627
583 14
897 783
557 830
434 283
934 252
447 200
424 303
619 753
242 311
757 523
514 527
48 593
227 547
828 498
667 44
729 864
423 710
162 698
431 344
335 156
671 452
572 723
456 965
443 11
332 915
136 199
339 84
