1000 2960 10
2 100 22 93 70 5 40 60 1 29 45 84 27 54 80 27 31 60 93 69 99 98 86 32 44 37 99 86 11 4 67 83 26 10 47 38 9 32 14 61 100 96 33 9 51 89 6 50 93 91 68 40 39 16 35 83 44 35 40 75 43 28 84 40 1 1 42 99 41 17 48 55 10 32 26 54 15 54 86 34 97 46 87 17 29 25 47 31 37 22 85 69 35 95 1 30 26 60 91 58 14 64 28 8 38 64 67 23 95 41 88 39 25 24 51 50 18 91 30 46 62 15 86 24 52 89 19 40 74 41 75 75 74 33 56 70 42 96 80 6 72 57 11 15 19 6 92 67 7 85 69 20 75 2 10 77 24 38 50 30 25 59 22 99 9 30 29 82 29 15 50 49 88 95 23 62 23 26 22 96 75 49 85 85 44 12 76 10 73 47 93 39 78 22 49 91 4 21 48 74 87 31 66 12 95 99 35 63 43 58 64 15 69 97 43 21 22 16 14 70 80 17 97 93 81 99 52 4 69 83 73 18 67 72 37 53 41 97 4 68 20 44 88 99 74 40 82 82 16 63 18 11 18 40 39 69 92 39 40 7 90 13 27 78 61 26 4 67 72 70 53 5 66 41 53 29 59 92 4 62 18 90 74 18 21 91 20 70 61 34 16 84 29 75 88 9 90 53 19 26 60 44 44 59 34 4 81 50 91 49 68 33 68 40 33 20 1 92 15 32 16 65 40 38 76 66 85 95 60 77 84 20 75 34 48 79 69 90 1 34 58 7 77 86 46 78 86 5 3 92 11 22 6 3 11 8 68 51 66 8 24 34 67 29 59 21 89 21 70 44 100 97 42 34 39 45 36 58 70 96 95 40 59 54 92 67 89 73 43 46 58 72 27 17 51 37 44 98 86 77 83 72 64 69 51 90 19 54 57 17 18 6 46 58 67 80 50 17 35 1 19 33 54 59 13 8 42 7 38 74 36 12 45 83 57 35 73 10 87 41 15 60 8 22 19 33 54 58 80 84 67 55 72 22 16 74 32 40 86 18 86 2 38 60 84 8 92 22 38 86 57 38 63 98 97 15 59 99 61 80 51 36 21 80 35 66 9 77 79 100 95 10 92 50 48 75 34 38 81 29 35 51 5 84 96 35 96 2 94 70 81 41 17 51 50 2 19 12 73 11 46 19 58 74 8 34 2 55 53 69 23 26 84 60 16 27 55 38 1 16 53 8 27 90 82 78 76 9 5 30 86 62 79 96 66 12 69 65 46 50 30 1 9 94 86 32 61 3 78 40 39 76 60 32 40 11 25 42 60 18 33 63 54 58 13 1 66 51 42 65 84 46 58 73 42 36 96 28 66 49 3 76 35 6 48 83 31 10 21 25 98 41 51 92 96 87 81 87 63 11 16 71 53 100 5 55 37 60 6 58 11 40 96 47 33 63 75 85 17 30 35 72 95 12 65 9 34 29 37 80 67 23 34 80 82 93 67 19 25 100 45 25 29 49 62 94 76 71 100 50 40 80 88 58 87 27 56 42 84 27 69 3 36 33 12 54 45 43 2 89 17 72 93 48 95 6 22 97 7 55 1 60 60 89 97 94 41 31 21 11 61 65 47 30 36 30 72 32 89 21 51 5 61 87 5 48 90 48 27 79 93 59 15 40 71 71 35 79 39 1 1 31 94 51 75 9 49 26 80 21 50 24 46 33 73 73 57 20 87 35 30 55 7 32 12 64 77 52 79 93 9 7 74 2 6 22 90 13 28 81 53 5 73 12 43 30 69 71 15 51 73 43 27 43 36 20 90 4 82 13 18 10 3 1 94 71 89 8 75 42 15 2 32 25 5 93 50 70 88 59 76 87 50 66 76 2 11 40 42 34 50 83 72 82 100 34 85 35 66 8 49 42 17 5 68 98 91 13 27 81 72 79 15 55 12 33 68 35 89 98 55 21 21 12 7 95 3 49 37 34 31 44 89 3 18 26 87 27 99 42 43 93 70 3 19 38 86 71 25 45 8 99 65 26 45 58 42 52 13 48 37 70 44 11 38 98 58 100 41 89 67 48 98 46 28 79 38 10 31 45 33 53 61 72 1 33 64 50 59 97 52 59 58 47 60 66 59 96 58 81 28 9 84 78 5 65 29 91 81 3 82 38 3 98 89 96 81 54 16 51 18 80 43 52 90 52 8 95 75 67 51 70 50 34 75 35 80 99 60 77 84 48 70 22 97 81 4 92 23 85 24 44 60 12 19 21 69 46 41 52
0 20
0 100
0 562
0 645
0 824
1 160
1 408
1 534
1 885
1 892
2 297
2 473
2 652
2 770
2 858
2 884
2 943
3 205
3 258
3 540
3 561
3 610
4 609
4 633
4 701
4 861
4 883
4 891
4 935
5 518
5 765
5 810
5 860
6 34
6 290
6 477
6 506
6 777
7 194
7 272
7 286
7 558
8 70
8 437
8 480
8 484
8 733
8 751
9 216
9 434
9 636
9 928
9 993
10 112
10 372
10 424
10 939
11 60
11 260
11 497
11 668
11 831
11 922
12 385
12 411
12 515
12 674
12 753
12 848
12 852
13 292
13 346
13 355
13 377
14 159
14 574
14 796
14 985
15 17
15 230
15 351
15 474
15 640
15 646
15 999
16 34
16 83
16 369
16 637
16 827
16 873
16 913
17 351
17 531
17 538
17 559
17 640
17 657
17 764
17 951
18 43
18 573
18 584
18 878
18 882
19 398
19 461
19 727
19 820
19 870
20 100
20 291
20 304
20 455
20 478
20 562
20 594
21 433
21 438
21 486
21 503
21 653
21 847
22 151
22 311
22 337
22 346
22 377
22 846
22 855
22 877
23 81
23 177
23 375
23 445
23 974
24 91
24 331
24 528
24 840
24 889
25 42
25 491
25 620
25 705
25 709
25 920
26 129
26 220
26 317
26 533
26 570
26 669
26 890
26 982
27 122
27 220
27 542
27 580
27 891
27 935
28 139
28 405
28 410
28 902
28 925
29 31
29 46
29 281
29 523
29 747
29 785
29 895
30 157
30 269
30 387
30 631
31 46
31 406
31 523
31 615
31 642
32 79
32 458
32 569
32 644
32 822
32 924
33 260
33 362
33 508
33 638
33 744
34 185
34 223
34 290
34 777
34 827
34 873
35 92
35 164
35 283
35 393
35 704
35 919
36 232
36 428
36 674
36 771
36 786
36 848
37 61
37 88
37 347
37 413
37 503
37 653
37 994
38 725
38 930
38 958
38 973
38 992
39 108
39 126
39 142
39 263
39 524
39 679
40 461
40 630
40 706
40 727
40 731
40 960
41 82
41 125
41 275
41 854
41 869
42 464
42 491
42 620
42 663
43 103
43 367
43 573
43 584
43 796
44 127
44 221
44 262
44 768
44 769
44 813
45 286
45 481
45 717
45 719
45 905
46 408
46 642
46 885
46 895
47 526
47 613
47 826
47 898
47 941
47 988
48 137
48 459
48 469
48 482
48 583
48 791
49 85
49 218
49 323
49 361
49 456
49 627
49 965
50 452
50 484
50 598
50 751
50 993
51 321
51 526
51 806
51 817
51 988
52 313
52 440
52 631
52 724
52 736
53 308
53 423
53 439
53 466
53 937
54 87
54 355
54 401
54 451
54 713
54 819
55 447
55 680
55 698
55 774
55 901
55 995
56 191
56 395
56 423
56 822
56 902
56 909
56 925
57 174
57 187
57 463
57 700
58 158
58 168
58 448
58 856
58 918
58 990
59 235
59 328
59 410
59 493
59 686
60 398
60 497
60 643
60 668
60 707
61 86
61 347
61 503
61 847
61 958
62 145
62 295
62 629
62 694
62 770
62 858
63 551
63 557
63 797
63 862
63 880
63 969
64 222
64 349
64 547
64 574
64 666
64 768
65 217
65 628
65 668
65 823
65 842
66 284
66 435
66 446
66 708
66 723
66 909
67 68
67 81
67 445
67 793
67 900
68 454
68 793
68 849
68 900
69 237
69 294
69 489
69 779
69 928
69 946
69 959
70 383
70 449
70 484
70 733
70 952
71 96
71 635
71 665
71 687
71 815
71 837
71 843
72 211
72 256
72 442
72 745
72 963
73 77
73 195
73 365
73 477
73 506
73 943
74 161
74 418
74 855
74 868
74 877
74 912
75 90
75 236
75 257
75 487
75 547
76 118
76 146
76 173
76 412
76 415
76 444
76 955
76 968
77 105
77 195
77 338
77 506
77 950
77 971
78 123
78 308
78 330
78 467
78 488
78 964
79 155
79 569
79 689
79 822
79 902
80 549
80 641
80 741
80 792
81 445
81 793
81 974
82 275
82 660
82 854
82 940
83 113
83 318
83 369
83 390
83 827
83 938
84 138
84 352
84 677
84 688
84 781
84 805
84 833
85 456
85 483
85 518
85 717
85 859
85 965
86 347
86 471
86 871
86 917
86 958
87 358
87 451
87 713
87 904
88 209
88 212
88 347
88 429
88 994
89 127
89 176
89 325
89 399
89 532
89 673
90 339
90 487
90 547
90 768
90 813
91 331
91 832
91 840
91 867
92 150
92 219
92 283
92 393
92 711
93 141
93 516
93 607
93 754
93 788
93 915
94 101
94 148
94 149
94 341
94 348
94 512
94 991
95 309
95 684
95 838
95 841
95 981
96 271
96 837
96 843
96 936
97 164
97 194
97 272
97 919
98 360
98 412
98 692
98 711
98 783
98 955
99 325
99 363
99 399
99 450
99 775
99 916
100 302
100 478
100 571
100 645
101 149
101 512
101 602
101 781
101 797
102 315
102 345
102 485
102 541
102 563
102 897
102 929
103 564
103 584
103 666
103 796
104 140
104 794
104 853
104 899
104 910
104 947
105 192
105 338
105 568
105 815
105 950
106 154
106 356
106 812
106 933
106 938
106 979
107 114
107 354
107 362
107 508
107 616
107 798
108 126
108 468
108 501
108 524
109 289
109 538
109 559
109 590
109 712
109 867
110 115
110 366
110 587
110 844
111 396
111 550
111 758
111 776
111 934
111 962
112 170
112 421
112 424
112 624
112 939
113 203
113 215
113 318
113 390
113 874
113 942
114 433
114 442
114 616
114 653
114 746
114 798
115 126
115 263
115 366
115 441
115 468
115 587
115 961
116 169
116 202
116 525
116 537
116 548
116 627
116 778
117 184
117 207
117 619
117 722
117 734
117 779
117 953
118 146
118 400
118 444
118 807
119 170
119 343
119 370
119 374
119 424
119 520
119 926
120 206
120 348
120 512
120 726
121 504
121 608
121 716
121 811
122 220
122 264
122 542
122 634
122 890
123 243
123 330
123 453
123 457
123 644
123 811
123 964
124 335
124 517
124 623
124 754
124 915
124 932
124 970
125 162
125 479
125 648
125 854
125 869
126 263
126 468
127 221
127 262
127 399
127 673
127 775
128 189
128 199
128 595
128 737
128 748
128 872
129 220
129 317
129 580
130 174
130 463
130 560
130 593
130 735
130 860
131 372
131 483
131 558
131 905
131 939
132 188
132 206
132 626
132 647
132 695
132 884
133 190
133 219
133 311
133 543
133 846
134 459
134 515
134 583
134 674
135 163
135 165
135 210
135 332
135 569
136 181
136 242
136 317
136 596
136 612
136 667
137 469
137 595
137 648
137 791
137 954
138 677
138 726
138 781
139 394
139 405
139 579
139 689
139 902
140 208
140 749
140 853
140 947
141 178
141 556
141 607
141 915
142 251
142 263
142 549
142 679
143 156
143 172
143 310
143 353
143 883
144 241
144 611
144 856
144 918
145 280
145 301
145 502
145 694
145 767
145 770
145 888
146 173
146 807
146 936
147 209
147 429
147 685
147 795
147 800
147 980
148 341
148 348
148 379
148 601
148 664
148 750
149 602
149 738
149 991
150 173
150 271
150 360
150 393
150 711
150 936
151 219
151 311
151 337
151 519
151 876
152 314
152 418
152 426
152 465
152 575
152 864
152 921
153 420
153 658
153 676
153 774
154 356
154 524
154 592
154 759
154 979
155 210
155 234
155 394
155 537
155 569
155 689
156 172
156 246
156 267
156 310
156 373
156 861
157 213
157 222
157 240
157 269
157 387
157 574
157 670
158 241
158 279
158 448
158 710
158 875
158 990
159 213
159 409
159 535
159 574
159 985
160 239
160 265
160 282
160 408
160 892
161 418
161 426
161 528
161 868
162 482
162 648
162 655
162 854
163 165
163 228
163 569
163 924
164 194
164 704
164 863
164 919
164 989
165 228
165 332
165 621
165 896
166 471
166 526
166 614
166 871
167 266
167 449
167 554
167 581
167 952
167 986
168 731
168 856
168 960
168 974
168 990
169 525
169 627
169 719
169 801
170 343
170 424
170 425
170 624
171 198
171 646
171 662
171 759
172 267
172 319
172 353
172 368
172 384
172 857
173 360
173 936
173 955
174 463
174 700
174 735
174 996
175 186
175 276
175 281
175 341
175 523
175 738
175 991
176 325
176 439
176 532
176 723
176 937
177 375
177 536
177 974
178 556
178 658
178 774
178 845
178 915
179 183
179 250
179 301
179 502
179 672
179 684
180 184
180 217
180 285
180 489
180 779
180 953
181 317
181 533
181 650
181 667
181 828
182 209
182 597
182 795
182 917
183 250
183 306
183 525
183 672
183 984
184 779
184 953
185 223
185 318
185 601
185 664
185 827
186 215
186 276
186 281
186 329
187 246
187 267
187 319
187 463
187 498
187 585
187 700
188 379
188 389
188 664
188 695
188 696
188 884
189 510
189 748
189 766
189 814
189 872
190 219
190 283
190 378
190 543
190 784
191 410
191 589
191 708
191 909
191 925
192 193
192 568
192 752
192 815
193 287
193 665
193 752
193 815
193 863
193 989
194 272
194 286
194 287
194 863
195 338
195 365
195 732
196 403
196 604
196 887
196 972
197 309
197 324
197 504
197 621
197 660
198 254
198 592
198 662
198 759
198 834
198 907
199 229
199 470
199 505
199 737
199 748
200 359
200 388
200 838
200 841
200 869
200 966
201 465
201 531
201 575
201 830
201 951
202 234
202 525
202 548
202 654
202 984
203 215
203 276
203 318
203 750
204 244
204 251
204 474
204 490
204 646
204 699
204 759
204 760
205 315
205 541
205 561
205 610
206 348
206 379
206 626
206 677
206 695
206 726
207 214
207 509
207 599
207 722
207 734
207 856
208 609
208 697
208 749
208 853
208 891
209 347
209 429
209 795
209 917
210 234
210 332
210 569
211 256
211 427
211 442
211 739
211 798
211 799
212 413
212 429
212 591
212 994
213 387
213 409
213 513
213 574
214 357
214 452
214 598
214 599
214 606
214 789
215 276
215 329
215 874
216 233
216 434
216 464
216 480
216 993
217 225
217 285
217 489
217 823
217 842
218 361
218 627
218 778
218 931
219 283
219 311
219 519
219 692
219 711
220 580
220 890
221 349
221 768
221 775
222 547
222 574
222 670
223 290
223 389
223 664
223 803
224 494
224 553
224 671
224 676
224 816
224 977
225 268
225 285
225 842
225 893
226 235
226 323
226 361
226 405
226 579
226 703
226 761
227 335
227 402
227 522
227 623
227 718
227 757
227 944
228 243
228 457
228 896
228 924
229 386
229 470
229 729
229 737
229 780
230 351
230 474
230 699
230 755
231 259
231 371
231 555
231 573
231 582
231 878
232 237
232 702
232 771
232 848
232 852
233 294
233 434
233 443
233 464
234 332
234 537
234 548
234 654
235 328
235 405
235 410
235 703
236 253
236 257
236 293
236 487
236 658
236 676
236 724
237 443
237 702
237 771
237 946
237 959
238 306
238 403
238 481
238 773
238 802
238 887
239 265
239 530
239 836
239 892
240 257
240 269
240 547
240 670
241 448
241 611
241 710
241 893
241 918
242 273
242 596
242 612
242 633
242 659
242 762
242 945
243 457
243 644
243 924
244 251
244 490
244 549
244 641
245 274
245 437
245 632
245 705
245 709
245 763
246 249
246 267
246 373
246 700
246 996
247 326
247 511
247 657
247 840
247 864
247 889
248 416
248 427
248 655
248 799
248 854
248 886
249 273
249 373
249 735
249 762
249 996
250 621
250 654
250 684
250 981
250 984
251 549
251 679
251 760
252 296
252 397
252 447
252 577
252 995
253 313
253 430
253 556
253 658
253 724
253 743
254 382
254 495
254 691
254 834
254 881
254 907
255 436
255 539
255 555
255 617
255 806
255 817
255 997
256 682
256 799
256 963
257 269
257 547
257 724
257 809
258 327
258 540
258 610
258 683
258 957
259 527
259 555
259 573
260 497
260 638
260 721
260 744
260 831
261 385
261 416
261 427
261 756
261 886
262 435
262 446
262 673
262 769
263 549
263 690
263 961
264 431
264 594
264 634
264 669
264 890
265 282
265 408
265 740
265 836
265 895
266 344
266 381
266 581
266 969
266 986
267 319
268 285
268 500
268 611
268 893
269 631
269 736
269 809
270 364
270 507
270 582
270 818
270 865
270 882
270 908
270 927
271 393
271 837
271 936
272 558
272 919
272 939
273 735
273 762
273 945
274 437
274 449
274 651
274 733
274 763
274 804
275 309
275 660
275 838
275 869
276 341
276 750
277 364
277 742
277 927
277 987
278 368
278 384
278 476
278 546
278 600
278 998
279 643
279 707
279 710
279 875
280 365
280 732
280 770
280 772
280 888
281 329
281 417
281 523
281 785
282 408
283 421
283 784
283 919
284 435
284 553
284 589
284 708
284 787
285 500
285 619
285 953
286 287
286 481
286 558
286 802
286 905
287 752
287 802
287 863
288 350
288 407
288 417
288 740
288 747
288 785
289 559
289 657
289 867
290 477
290 652
290 803
291 304
291 594
291 669
292 346
292 355
292 529
292 675
292 819
293 487
293 676
293 816
294 434
294 443
294 928
294 959
295 388
295 629
295 694
295 767
295 841
296 391
296 397
296 544
296 967
296 995
297 652
297 696
297 884
298 431
298 634
298 749
298 947
299 461
299 492
299 536
299 630
299 706
299 782
299 903
300 414
300 586
300 591
300 661
300 745
301 502
301 684
301 767
301 841
302 307
302 514
302 571
302 645
302 824
303 316
303 476
303 794
303 808
303 899
303 998
304 455
304 570
304 669
305 454
305 730
305 790
305 898
305 934
306 403
306 525
306 672
306 773
307 340
307 514
307 578
307 605
307 824
307 828
307 851
308 439
308 466
308 488
308 685
308 800
308 964
309 621
309 660
309 838
309 981
310 701
310 861
310 883
311 846
312 378
312 425
312 567
312 693
312 784
313 440
313 678
313 724
313 743
314 412
314 575
314 603
314 783
314 921
315 345
315 541
315 561
316 600
316 757
316 808
316 944
316 998
317 533
317 580
317 596
318 601
318 750
318 827
319 391
319 397
319 498
319 857
320 359
320 462
320 473
320 510
320 814
320 966
321 364
321 436
321 526
321 614
321 817
321 908
322 533
322 562
322 824
322 851
322 982
323 361
323 593
323 761
323 965
324 457
324 504
324 621
324 811
324 896
325 399
325 439
325 800
325 916
325 980
326 465
326 531
326 657
326 864
327 514
327 571
327 610
327 683
328 493
328 565
328 703
329 407
329 417
329 874
329 942
330 453
330 467
330 475
330 608
330 949
331 528
331 572
331 832
331 868
332 621
332 654
333 380
333 382
333 422
333 495
333 635
333 687
333 843
333 950
333 976
334 350
334 366
334 576
334 740
334 844
335 522
335 623
335 932
336 375
336 445
336 782
336 900
336 903
336 923
337 566
337 876
337 877
338 568
338 604
338 732
338 772
338 972
339 487
339 671
339 813
339 816
340 432
340 514
340 578
340 819
341 750
341 991
342 427
342 721
342 739
342 744
342 756
342 911
343 425
343 520
343 693
344 381
344 557
344 588
344 862
344 969
345 529
345 540
345 561
345 929
345 957
346 377
346 529
346 855
346 929
347 917
348 379
348 512
349 564
349 666
349 768
349 775
350 366
350 407
350 441
350 496
350 740
351 538
351 755
352 681
352 688
352 781
352 797
353 368
353 697
353 883
353 910
354 508
354 616
354 839
354 894
355 377
355 401
355 819
356 592
356 720
356 812
357 598
357 606
357 956
357 993
358 451
358 520
358 567
358 693
358 904
359 462
359 479
359 869
359 966
360 711
360 955
361 579
361 931
362 508
362 739
362 744
362 798
362 911
363 450
363 472
363 507
363 715
363 916
364 614
364 742
364 908
364 927
365 732
365 770
365 943
366 441
366 844
367 527
367 573
367 625
367 796
367 985
368 384
368 476
368 910
369 637
369 812
369 938
370 374
370 612
370 926
370 975
371 436
371 555
371 582
371 908
372 424
372 483
372 859
372 939
373 633
373 762
373 861
374 424
374 765
374 810
374 975
375 445
375 536
375 903
376 407
376 496
376 906
376 933
376 942
376 983
377 401
377 846
378 543
378 567
378 784
379 664
379 695
380 422
380 495
380 506
380 649
380 777
380 873
381 588
381 892
381 986
382 495
382 691
382 976
383 452
383 484
383 554
383 789
383 952
384 404
384 546
384 857
385 459
385 515
385 753
385 756
385 886
386 428
386 663
386 729
386 780
386 920
387 513
387 631
388 629
388 841
388 966
389 664
389 696
389 803
390 906
390 933
390 938
390 942
391 397
391 498
391 544
392 404
392 577
392 639
392 829
392 857
393 704
393 837
394 537
394 579
394 689
394 931
395 423
395 723
395 909
395 937
396 454
396 758
396 900
396 923
396 934
397 577
397 857
398 497
398 707
398 820
398 870
399 775
400 444
400 691
400 807
400 834
401 451
401 543
401 846
402 521
402 600
402 639
402 718
402 829
402 944
403 672
403 887
403 972
404 546
404 639
404 857
405 410
405 579
406 615
406 642
406 862
406 880
407 417
407 496
407 942
408 885
408 895
409 513
409 535
409 539
410 589
410 686
410 925
411 628
411 721
411 753
411 831
411 852
412 415
412 575
412 783
412 830
412 955
413 414
413 591
413 653
413 948
413 994
414 591
414 745
414 746
414 948
415 764
415 830
415 968
416 427
416 886
417 785
418 426
418 566
418 877
418 921
419 626
419 647
419 677
419 748
419 835
420 494
420 676
420 774
420 901
421 624
421 784
421 919
421 939
422 506
422 950
422 971
423 458
423 466
423 822
423 937
424 810
424 859
425 624
425 693
425 784
426 528
426 864
426 889
427 739
427 756
427 799
428 663
428 771
428 780
428 786
429 591
429 685
429 949
430 556
430 607
430 743
431 594
431 634
431 947
432 514
432 675
432 683
432 819
433 438
433 616
433 653
434 928
435 446
435 553
435 769
435 977
436 555
436 817
436 908
437 480
437 620
437 705
437 733
438 460
438 486
438 616
438 725
438 962
439 800
439 937
440 631
440 678
440 788
441 468
441 496
442 745
442 746
442 798
443 464
443 663
443 771
443 959
444 834
444 968
444 999
445 900
446 532
446 673
446 723
447 577
447 698
447 829
447 995
448 918
449 581
449 651
449 733
449 952
450 472
450 775
450 850
451 543
451 567
452 484
452 598
452 789
453 608
453 811
454 730
454 849
454 900
454 934
455 562
455 570
456 627
456 717
456 719
457 811
457 896
458 466
458 644
458 822
459 482
459 515
459 583
459 886
460 550
460 616
460 839
460 962
461 492
461 630
461 727
461 820
462 479
462 510
462 595
462 648
462 872
463 565
463 585
463 593
463 703
463 761
464 480
464 620
464 663
465 531
465 575
465 864
466 644
466 964
467 488
467 685
467 949
468 496
468 501
469 482
469 648
470 505
470 709
470 729
470 805
470 835
470 920
471 526
471 613
471 871
471 958
471 973
472 507
472 850
472 882
473 629
473 814
473 858
473 884
473 966
474 646
474 699
475 608
475 728
475 949
476 794
476 910
476 998
477 506
477 652
477 943
478 571
478 610
479 648
479 869
480 620
480 751
480 993
481 719
481 773
481 801
481 802
482 648
482 655
482 886
483 717
483 859
483 905
484 751
485 563
485 572
485 897
486 725
486 847
486 992
487 816
488 685
489 779
489 823
489 946
490 590
490 641
490 699
490 741
491 663
491 920
492 638
492 782
492 820
492 894
493 544
493 565
493 585
493 686
493 967
494 553
494 676
494 866
494 901
495 649
495 881
496 501
496 983
497 638
497 820
498 544
498 585
499 605
499 612
499 650
499 926
500 509
500 611
500 619
500 825
501 524
501 979
501 983
502 672
502 888
503 653
503 847
504 660
504 716
504 811
504 940
505 748
505 835
506 777
506 971
507 715
507 865
507 882
507 987
508 638
508 894
509 611
509 734
509 825
509 856
510 814
510 872
511 657
511 840
511 867
512 726
512 781
513 539
513 631
514 571
514 683
515 674
516 607
516 678
516 743
516 788
517 622
517 623
517 718
517 915
518 810
518 859
518 860
518 965
519 603
519 692
519 876
520 605
520 693
520 904
520 926
521 622
521 698
521 718
521 829
522 757
522 808
522 899
522 932
523 615
523 738
524 679
524 759
524 979
525 773
525 801
525 984
526 613
526 614
526 988
527 555
527 573
527 617
527 625
528 868
528 889
529 675
529 929
529 957
530 576
530 740
530 836
530 844
531 657
531 951
532 673
532 723
533 828
533 851
533 982
534 588
534 642
534 885
534 892
535 539
535 618
535 985
536 706
536 903
536 974
537 548
537 778
537 931
538 559
538 712
538 755
539 617
539 618
540 561
540 957
541 563
541 832
542 634
542 891
543 567
543 846
544 585
544 967
545 690
545 792
545 961
546 600
546 639
547 670
547 768
549 641
549 690
549 792
550 714
550 758
550 839
550 962
551 651
551 681
551 797
551 804
551 969
552 560
552 656
552 765
552 860
553 787
553 866
553 914
553 977
554 789
554 952
554 986
555 617
556 607
556 658
557 862
557 969
558 905
558 939
559 657
560 656
560 735
560 860
562 570
562 824
562 982
563 572
563 832
564 584
564 666
564 775
564 850
565 585
565 703
566 876
566 877
566 921
567 693
568 604
568 752
569 924
570 669
570 982
571 610
572 832
572 868
572 897
572 912
573 878
574 666
574 796
575 830
576 740
576 844
577 829
577 857
578 605
578 713
578 819
578 904
579 931
580 596
580 659
580 935
581 651
581 969
582 818
582 878
582 908
583 674
583 786
583 791
584 850
584 882
586 661
586 682
586 716
586 745
586 963
587 844
587 961
588 642
588 862
588 892
589 686
589 708
589 787
589 914
589 978
590 699
590 712
590 741
590 755
590 792
591 661
591 728
591 949
592 720
592 759
592 907
593 761
593 860
593 965
594 669
595 648
595 737
595 872
595 954
596 659
597 715
597 795
597 917
597 987
598 993
599 606
599 722
599 956
600 639
600 944
600 998
601 664
601 750
602 615
602 738
602 797
602 880
603 692
603 783
603 876
603 921
604 752
604 802
604 887
604 972
605 650
605 828
605 904
605 926
606 956
607 743
608 716
608 728
608 811
609 697
609 883
609 891
611 856
611 893
612 650
612 656
612 667
612 926
612 945
612 975
613 898
613 973
614 742
614 871
615 738
615 880
616 839
617 618
617 625
618 625
618 985
619 734
619 825
619 953
620 705
621 654
621 896
621 981
622 698
622 718
622 845
622 915
623 718
624 784
625 985
626 647
626 677
627 719
627 778
628 668
628 702
628 823
628 831
628 852
628 922
629 858
629 966
630 706
631 736
632 709
632 763
632 805
632 833
633 659
633 762
633 861
633 935
634 749
634 891
635 687
635 843
636 928
636 956
636 993
637 720
637 812
637 881
637 913
638 820
638 894
639 829
640 764
640 968
640 999
641 741
642 862
642 885
643 668
643 707
643 710
643 842
644 924
644 964
645 824
646 662
646 759
646 999
647 748
647 766
647 814
647 884
649 873
649 881
649 913
650 667
650 828
651 804
651 969
652 696
652 803
652 943
653 746
653 948
654 984
655 854
655 886
656 735
656 765
656 945
656 975
657 867
658 676
658 774
659 935
660 940
661 716
661 728
662 834
662 999
663 771
663 920
665 815
665 837
665 989
666 796
668 842
668 922
669 890
671 769
671 813
671 816
671 977
672 888
672 972
674 786
674 848
675 683
675 819
675 957
676 816
677 726
677 805
677 835
678 743
678 788
679 759
679 760
680 866
680 901
680 967
680 978
680 995
681 688
681 797
681 804
682 716
682 799
682 940
682 963
683 957
684 841
684 981
685 800
685 949
686 967
686 978
687 815
687 950
688 763
688 804
688 833
689 902
690 792
690 961
691 807
691 834
691 976
692 711
692 783
694 767
696 803
696 884
697 853
697 883
697 910
698 774
698 829
698 845
699 755
700 996
701 861
701 883
702 823
702 852
702 946
703 761
704 837
704 989
705 709
706 731
706 974
707 870
707 875
708 909
709 805
709 920
710 842
710 893
712 755
713 819
713 904
714 758
714 782
714 839
714 923
715 795
715 916
715 987
716 728
716 940
717 719
717 905
719 801
720 812
720 881
720 907
721 744
721 753
721 756
721 831
722 779
722 956
723 909
723 937
724 736
724 809
725 776
725 930
725 962
725 992
726 781
727 870
727 960
728 949
729 920
730 790
730 849
730 879
731 960
731 974
732 772
734 825
735 945
735 996
736 809
737 780
737 954
738 991
739 798
739 911
740 747
740 836
740 895
741 792
742 871
742 987
744 911
745 746
745 963
746 948
747 785
747 895
748 766
748 835
749 891
749 947
751 993
752 802
753 756
754 788
754 915
754 970
757 808
757 944
758 923
759 760
763 804
763 833
764 830
764 951
764 968
765 810
765 860
765 975
766 814
767 841
768 813
769 813
769 977
770 858
770 943
772 888
772 972
773 801
774 845
774 901
775 850
776 930
776 934
776 962
777 873
778 931
779 928
779 956
780 786
780 791
780 954
781 797
782 839
782 894
782 903
782 923
786 791
787 914
788 970
789 986
790 821
790 826
790 879
790 898
791 954
793 849
793 879
793 997
794 899
794 910
795 916
795 980
796 985
797 880
799 854
799 940
800 980
802 887
805 833
805 835
806 817
806 988
806 997
807 936
807 976
808 899
810 859
812 938
814 884
815 950
818 878
818 882
821 826
821 879
821 941
821 997
822 902
823 946
824 851
826 898
826 941
828 851
830 951
831 922
832 867
834 999
837 989
838 841
838 869
839 894
840 867
840 889
842 893
843 936
843 976
844 961
845 915
847 958
847 992
848 852
849 879
850 882
853 910
854 940
855 877
855 897
855 912
855 929
856 918
856 974
860 965
862 880
863 989
864 889
865 927
865 987
866 901
866 914
866 978
868 912
870 875
870 960
871 917
871 987
873 913
874 942
875 960
875 990
876 921
878 882
879 997
881 907
881 913
888 972
891 935
892 986
897 912
897 929
898 930
898 934
898 973
899 932
899 970
900 923
902 925
906 933
906 942
914 978
916 980
917 987
919 939
927 987
928 956
930 934
930 973
932 970
933 938
933 979
933 983
936 976
941 988
941 997
950 971
956 993
958 973
958 992
960 990
967 978
967 995
968 999
979 983
988 997
198 860
323 54
464 363
101 778
399 904
383 697
369 365
356 559
563 98
654 131
328 632
769 273
690 280
168 684
851 759
116 399
317 328
86 441
858 674
839 276
211 890
819 461
157 625
955 322
42 582
567 164
279 849
342 889
575 683
318 150
843 832
341 129
619 592
788 336
345 334
283 546
648 246
795 483
889 481
163 260
873 270
599 396
599 163
842 702
741 745
404 588
320 114
934 517
626 308
449 647
604 56
954 559
793 886
677 630
198 702
611 841
626 668
467 768
872 194
548 738
790 258
829 499
485 402
413 118
787 759
758 211
666 699
969 363
968 389
679 177
539 72
295 464
728 418
398 395
94 623
751 805
174 460
367 419
694 556
593 621
80 266
970 334
616 422
302 297
478 179
408 661
853 521
236 699
781 512
711 673
741 785
20 584
236 531
678 922
396 224
557 470
278 470
325 549
185 513
771 659
160 834
410 191
83 695
819 698
430 991
361 453
239 280
798 385
194 258
11 441
169 160
904 432
311 628
314 270
807 408
165 192
482 596
741 107
206 441
307 712
434 220
663 484
320 907
654 550
645 942
600 360
155 238
730 704
547 279
308 852
440 746
366 599
455 274
223 616
654 285
577 572
321 808
604 294
469 196
563 660
398 983
681 898
134 274
452 889
847 163
474 437
204 457
746 582
388 255
384 198
227 503
186 590
98 543
670 833
217 292
556 617
456 851
826 797
846 213
867 773
268 67
81 594
617 353
593 567
310 530
583 543
904 545
474 42
897 226
456 588
303 672
175 360
494 887
206 475
448 761
356 211
691 650
934 300
662 882
513 477
736 151
294 797
786 563
484 512
737 131
361 304
333 209
482 799
425 299
531 286
250 625
620 698
363 481
343 495
339 541
392 416
423 481
599 475
193 360
551 251
552 384
90 500
502 554
330 250
117 339
57 731
452 241
749 71
396 945
780 549
557 590
739 398
761 502
864 802
653 34
322 236
632 146
749 177
466 635
231 573
311 880
752 730
821 781
372 315
679 789
795 171
509 697
581 945
605 545
576 241
92 370
918 659
667 222
630 163
535 583
541 712
725 843
663 203
434 521
240 75
792 806
832 189
362 809
627 558
97 311
535 147
438 816
50 539
673 373
411 804
519 499
125 305
568 838
720 864
231 372
979 602
709 415
779 815
116 773
916 693
770 298
696 335
711 710
130 241
292 921
272 102
458 30
470 839
808 158
807 834
864 625
259 482
335 572
393 799
513 124
589 411
346 239
864 584
512 935
811 222
433 420
328 175
280 80
267 570
645 728
765 150
371 556
361 516
283 169
12 491
381 354
245 907
165 709
713 821
654 165
516 394
557 822
445 337
334 956
878 313
732 458
510 446
198 809
536 982
239 891
956 452
448 514
223 792
700 586
578 468
434 887
202 610
270 659
757 886
141 524
81 712
543 965
309 837
347 294
502 835
527 341
929 579
251 823
479 691
611 500
725 643
64 526
140 793
525 744
307 213
689 535
42 606
562 557
287 427
207 143
618 961
919 351
151 610
390 448
721 787
189 754
371 239
734 328
289 685
412 62
113 719
146 680
811 529
423 232
784 733
226 157
80 399
446 163
458 919
835 369
177 699
233 307
643 59
252 692
559 357
211 495
494 666
791 360
798 630
885 581
416 401
192 162
881 720
471 928
284 308
323 734
930 637
349 639
417 832
338 717
920 325
252 218
181 664
258 647
423 268
325 384
403 31
250 402
530 32
511 896
684 296
602 235
860 824
535 392
395 312
294 281
516 822
553 887
262 515
553 641
666 658
923 430
542 844
820 273
743 665
211 422
203 667
572 927
433 496
538 889
551 689
369 127
276 190
295 77
878 790
589 703
726 279
140 492
772 476
751 454
139 466
692 354
295 181
108 589
491 245
656 815
293 597
333 403
649 623
331 667
287 656
79 575
707 358
621 237
755 531
716 883
290 947
172 752
818 445
647 149
683 728
957 612
541 126
847 437
694 628
773 915
198 187
765 420
637 190
167 434
940 350
681 702
581 848
851 192
502 77
803 649
219 682
558 19
671 527
957 427
228 875
426 619
624 536
638 603
654 310
866 418
863 290
565 338
483 758
614 160
79 518
658 595
717 548
170 219
624 323
547 222
895 525
828 646
493 348
107 371
701 514
490 972
387 376
137 829
584 352
576 106
422 565
640 326
378 628
560 54
60 662
850 464
731 811
710 567
716 164
90 334
585 180
843 326
531 759
664 791
281 386
217 203
802 281
506 800
301 762
807 132
214 248
498 464
808 474
630 474
530 232
354 388
839 627
809 349
826 129
527 322
31 544
427 205
878 818
188 785
669 290
720 929
622 926
400 680
175 563
272 732
588 900
584 981
349 166
207 276
472 551
921 535
897 707
53 595
135 711
213 96
72 492
694 678
274 820
363 47
884 773
917 302
507 616
57 413
914 778
105 748
47 711
339 907
219 654
542 797
87 223
527 911
784 775
515 587
100 270
881 409
439 131
398 735
650 775
504 18
934 704
681 876
426 77
358 576
18 469
416 748
78 730
215 865
47 682
805 691
504 750
134 602
252 665
381 472
588 600
248 866
145 809
50 644
879 698
838 767
107 515
197 123
557 853
225 743
521 660
329 863
467 72
889 644
638 289
824 680
506 778
712 448
152 162
388 66
606 718
46 334
742 492
224 335
454 720
255 926
585 297
331 825
802 585
630 51
678 47
539 941
371 273
401 161
156 544
398 478
273 765
667 62
697 904
682 511
403 919
115 807
828 155
326 761
912 515
907 563
372 152
824 399
931 728
894 757
774 114
572 143
556 516
616 898
611 945
295 636
895 727
467 250
458 609
734 231
516 372
878 293
838 856
520 168
374 857
330 925
294 442
661 104
271 328
812 317
551 910
120 432
76 298
371 95
796 224
641 581
186 843
146 367
483 269
613 334
305 366
295 777
480 107
423 344
782 446
532 537
654 344
389 754
40 493
674 854
358 862
620 442
716 473
174 379
622 208
389 295
311 480
811 727
310 796
772 240
273 896
803 791
706 769
467 486
706 692
653 266
160 737
686 820
482 211
748 914
149 280
611 813
450 142
687 434
144 767
529 471
729 571
570 754
315 443
473 159
575 644
106 225
216 402
182 542
273 684
498 415
439 270
432 322
419 935
610 861
82 356
462 787
417 893
713 221
503 730
287 524
551 152
897 283
823 250
644 708
544 169
811 205
213 531
29 409
218 724
894 388
796 613
675 473
409 616
601 908
437 595
249 328
738 310
724 73
676 670
765 869
871 460
448 201
853 265
713 500
571 217
975 442
906 250
403 433
535 102
762 82
413 770
804 857
579 269
371 187
738 359
250 124
56 308
870 569
739 898
763 333
735 441
769 436
287 146
517 249
369 943
363 252
591 88
367 501
703 290
672 960
45 378
709 327
559 965
906 408
161 335
142 320
492 719
378 814
513 150
109 446
376 716
509 288
506 430
758 759
707 743
463 392
640 211
421 444
446 541
647 852
783 681
898 446
345 367
483 614
696 130
601 254
442 180
887 366
162 527
265 628
301 165
628 260
628 743
718 949
521 6
968 468
614 280
79 244
984 396
482 989
771 579
836 719
422 150
776 396
691 403
725 599
446 563
404 506
396 330
472 138
510 196
973 564
223 435
552 984
794 844
364 691
655 505
258 301
730 757
508 311
321 465
709 798
966 578
874 642
193 724
827 302
984 489
624 620
728 198
216 815
780 97
964 496
336 311
264 792
571 894
111 468
746 275
14 611
506 177
189 393
507 215
244 103
291 493
565 411
859 379
35 568
547 414
773 208
275 440
166 133
631 880
195 637
833 473
680 250
984 416
820 662
254 808
711 239
421 963
623 393
111 651
847 143
539 861
480 363
366 653
410 723
421 869
391 104
342 515
73 546
851 613
631 784
8 539
69 611
585 374
838 256
869 550
560 314
334 350
304 234
835 231
161 574
126 616
869 657
986 455
389 139
266 344
845 649
422 915
463 323
317 83
670 336
414 494
456 448
62 566
293 895
373 918
378 28
808 179
835 348
286 122
598 524
79 661
948 489
542 996
937 383
637 813
587 658
901 329
246 736
382 597
268 237
222 359
919 620
645 675
450 967
752 344
93 644
311 345
616 762
658 929
781 619
808 548
858 177
309 570
572 200
125 575
757 251
911 392
617 577
590 677
303 740
859 599
670 125
112 682
899 464
501 637
625 976
251 255
929 449
348 875
255 462
676 645
282 292
340 591
639 434
966 524
288 235
420 381
564 946
390 775
704 183
350 973
767 459
726 535
330 427
92 462
516 59
758 129
596 269
194 488
673 90
124 742
854 495
659 187
864 246
119 179
874 435
715 432
664 575
440 686
528 361
569 793
147 446
445 78
656 970
348 409
426 466
899 494
940 278
341 732
247 431
695 758
601 765
226 263
756 601
548 485
259 837
228 239
500 538
876 746
462 12
836 584
956 537
308 511
859 225
375 215
861 476
627 90
776 492
581 814
425 795
995 548
529 954
144 397
