1000 2961 10
26 100 77 68 89 3 13 37 55 91 78 42 11 100 41 62 18 39 59 19 75 85 47 87 54 69 100 4 3 48 17 89 2 58 44 69 18 27 63 75 1 81 13 50 24 60 93 93 64 86 58 73 88 75 78 41 16 35 88 96 91 53 22 72 71 55 51 55 58 63 5 2 38 30 43 20 8 32 37 57 96 60 28 90 35 64 81 87 37 16 12 34 43 72 45 68 44 98 51 68 58 38 27 37 68 48 48 84 22 9 62 95 81 90 97 8 69 3 62 7 46 41 85 77 33 28 55 92 90 40 7 83 7 71 84 51 48 100 58 71 83 100 87 53 78 62 72 43 21 90 91 35 67 13 52 20 82 96 31 53 44 50 95 31 38 32 72 59 16 87 29 47 64 29 14 49 83 29 18 38 75 50 18 71 4 22 16 66 2 11 99 60 31 96 71 26 60 43 34 26 50 93 89 49 12 96 74 5 21 15 82 47 90 61 78 87 96 50 70 2 27 49 21 59 27 38 31 74 61 81 40 37 6 30 48 18 26 88 1 35 98 32 12 98 49 96 54 73 88 23 72 24 33 34 71 18 14 85 24 36 71 98 82 78 53 50 92 51 42 64 85 7 89 66 89 59 56 15 3 48 27 71 41 44 30 43 19 45 55 58 50 22 95 99 90 52 38 86 44 99 18 94 31 7 83 35 83 48 57 70 50 59 33 82 90 100 24 87 57 95 20 90 98 7 11 91 44 85 5 47 6 74 71 3 97 3 21 57 56 62 80 36 69 42 21 53 56 98 44 14 30 80 35 29 97 7 3 93 43 15 35 83 73 69 34 82 32 87 57 48 47 89 17 27 4 17 20 51 98 82 24 58 13 22 35 59 45 51 55 49 64 19 81 51 43 52 58 47 95 20 87 80 17 14 84 21 4 5 19 49 59 20 15 22 29 81 22 80 7 58 41 63 51 44 7 21 26 40 43 74 43 58 34 62 35 85 76 73 8 29 8 28 19 20 15 66 91 68 28 54 49 61 19 26 94 46 18 3 43 25 5 87 29 68 91 99 50 86 63 24 88 89 15 34 91 84 35 91 25 58 55 71 44 59 2 32 81 43 24 99 32 57 17 51 74 24 35 70 85 34 56 94 61 12 52 18 89 86 89 37 77 27 4 6 71 97 63 19 49 79 88 95 22 77 89 64 93 40 8 17 18 48 1 37 44 15 32 4 60 73 31 52 49 66 29 71 36 62 48 29 48 72 40 19 31 80 11 76 66 90 40 3 18 72 80 68 97 27 91 5 36 67 69 55 90 61 35 20 48 34 95 26 67 35 85 2 25 69 74 41 58 88 66 92 97 55 79 5 61 10 55 48 18 36 53 69 72 67 53 47 99 86 50 88 50 67 11 10 59 27 99 11 6 12 24 78 57 53 93 74 86 68 59 33 69 40 53 78 55 62 8 47 85 81 14 81 98 16 86 1 33 51 70 19 12 19 10 89 26 6 29 43 75 62 61 77 45 8 10 89 52 89 45 1 2 2 48 32 5 42 60 37 81 86 95 85 42 78 2 99 10 66 37 43 26 78 44 54 22 38 87 89 79 36 23 1 3 76 64 48 25 57 66 83 50 60 77 64 55 55 16 74 27 58 91 42 98 95 13 86 13 34 31 56 15 71 85 87 79 40 48 32 72 73 50 46 69 63 83 57 49 8 84 97 83 95 16 80 36 71 36 60 71 50 42 7 67 56 37 44 1 71 51 48 19 32 97 90 28 13 97 4 93 88 99 96 95 38 24 31 61 97 95 52 81 15 14 45 83 6 40 29 52 80 79 39 15 44 2 99 48 100 55 62 92 4 16 10 40 43 79 14 68 60 60 16 48 18 18 61 94 61 71 47 2 15 79 46 65 37 55 79 84 86 51 86 49 93 46 4 15 86 98 1 88 75 31 77 6 42 92 16 25 67 85 67 90 15 98 8 99 94 84 56 18 4 53 9 14 41 36 65 30 93 48 69 34 47 12 7 81 83 72 62 95 27 74 40 97 88 39 58 24 14 14 13 85 62 31 21 61 3 18 82 31 1 1 76 22 64 28 100 20 32 11 3 90 65 45 9 58 61 5 67 64 3 33 83 59 100 22 19 38 37 96 96 52 55 77 28 71 14 9 37 74 66 66 94 87 66 41 42 87 60 34 49 50 2 83 5 8 81 69 55 52 18 32 67 75 100 2 26 35 65 66 19 49 57 1 24 7 23 85 41 64 62 57 76 28 38
0 422
0 583
0 619
0 675
0 803
0 849
1 53
1 74
1 120
1 355
1 722
1 872
2 20
2 292
2 644
2 762
2 769
2 863
3 34
3 163
3 257
3 657
3 774
3 848
3 989
4 84
4 166
4 228
4 431
4 524
4 734
5 83
5 128
5 495
5 533
5 551
5 627
5 765
5 980
6 157
6 442
6 483
6 552
6 629
6 964
7 86
7 318
7 336
7 518
7 862
7 949
8 72
8 419
8 443
8 643
8 903
8 909
9 342
9 377
9 391
9 538
9 731
9 780
10 154
10 255
10 313
10 787
10 869
10 948
11 44
11 224
11 269
11 613
11 634
11 928
12 57
12 181
12 511
12 809
12 920
13 407
13 453
13 458
13 556
13 558
13 604
14 228
14 516
14 622
14 893
14 900
15 78
15 92
15 151
15 427
15 465
15 692
15 768
15 800
15 884
16 447
16 575
16 653
16 778
16 831
17 139
17 192
17 224
17 295
17 395
17 497
17 718
17 985
17 987
18 75
18 90
18 107
18 149
18 220
18 977
19 147
19 249
19 348
19 351
19 589
19 810
19 890
20 70
20 248
20 366
20 644
20 762
21 26
21 119
21 135
21 584
21 723
22 94
22 309
22 479
22 493
22 824
23 25
23 103
23 406
23 414
23 609
23 798
24 99
24 233
24 248
24 366
24 825
25 103
25 606
25 609
25 877
25 995
26 119
26 126
26 330
26 723
27 174
27 331
27 757
27 983
28 41
28 201
28 311
28 385
28 443
28 643
29 45
29 491
29 663
29 759
29 862
30 442
30 483
30 616
30 629
30 635
30 850
30 996
31 86
31 177
31 336
31 345
31 556
31 558
32 386
32 459
32 531
32 652
32 800
32 908
32 970
33 115
33 433
33 466
33 544
33 821
33 911
34 362
34 596
34 657
34 692
34 839
34 848
34 926
35 38
35 132
35 322
35 439
35 496
35 636
35 912
36 70
36 172
36 249
36 762
36 766
36 890
37 133
37 183
37 277
37 380
37 397
37 426
37 772
37 845
37 972
38 132
38 496
38 615
39 89
39 312
39 358
39 363
39 399
39 572
39 796
40 208
40 244
40 844
40 882
40 967
40 984
41 201
41 311
41 410
41 477
41 883
41 962
42 191
42 608
42 683
42 752
42 840
42 954
42 957
43 178
43 254
43 375
43 476
43 508
43 751
43 807
43 950
44 269
44 298
44 874
44 928
45 74
45 491
45 862
45 868
45 872
45 949
46 62
46 118
46 194
46 299
46 789
47 329
47 527
47 554
47 614
47 631
47 646
47 691
47 939
48 140
48 381
48 599
48 661
48 751
48 807
49 147
49 226
49 348
49 562
49 589
49 611
49 771
50 237
50 289
50 296
50 346
50 481
50 626
50 834
50 951
51 127
51 171
51 350
51 580
51 767
51 899
52 245
52 276
52 354
52 642
52 744
52 826
53 120
53 198
53 355
53 374
53 822
53 877
53 944
54 293
54 500
54 530
54 537
54 735
54 982
55 187
55 324
55 586
55 603
55 771
55 885
56 529
56 552
56 724
56 813
56 819
56 964
57 295
57 511
57 920
58 536
58 607
58 621
58 630
58 889
58 907
59 162
59 229
59 407
59 458
59 630
59 971
60 389
60 435
60 457
60 749
60 993
61 169
61 344
61 828
61 999
62 194
62 281
62 299
62 847
63 123
63 468
63 525
63 592
63 814
63 853
63 876
64 91
64 169
64 279
64 325
64 482
64 651
64 832
65 73
65 138
65 146
65 180
65 305
66 205
66 280
66 628
66 742
66 940
66 974
67 155
67 387
67 466
67 544
67 764
68 210
68 514
68 672
68 720
68 920
68 975
69 339
69 353
69 380
69 451
69 611
69 845
70 248
70 762
70 766
70 827
71 164
71 167
71 230
71 777
71 843
71 947
72 227
72 419
72 582
72 754
72 909
73 138
73 305
73 352
73 470
73 682
74 491
74 617
74 722
74 872
75 90
75 470
75 682
75 895
75 977
76 277
76 434
76 736
76 765
76 772
76 968
77 190
77 383
77 891
77 897
77 918
77 973
78 176
78 490
78 692
78 768
78 926
79 100
79 200
79 209
79 484
79 521
79 988
80 323
80 415
80 565
80 804
80 903
80 979
81 84
81 217
81 274
81 376
81 734
81 770
82 211
82 428
82 463
82 864
82 879
83 128
83 218
83 384
83 519
83 567
83 570
83 980
84 166
84 376
84 734
85 173
85 258
85 266
85 555
85 837
85 859
86 336
86 345
86 518
87 165
87 252
87 563
87 650
87 678
87 740
88 515
88 637
88 816
88 929
88 936
88 976
89 150
89 363
89 399
89 835
90 220
90 288
90 571
90 576
90 895
90 933
91 169
91 241
91 424
91 482
91 745
92 596
92 692
92 884
93 395
93 559
93 718
93 874
93 913
94 309
94 493
94 620
94 621
94 907
95 674
95 677
95 804
95 941
95 979
96 116
96 215
96 390
96 758
96 786
97 315
97 690
97 735
97 746
97 924
97 942
97 959
98 115
98 214
98 456
98 911
98 969
99 233
99 450
99 557
99 825
100 404
100 428
100 521
100 864
100 988
101 340
101 482
101 745
101 758
102 240
102 317
102 335
102 369
102 801
103 252
103 406
103 606
103 998
104 146
104 354
104 546
104 575
104 741
104 744
104 870
105 249
105 351
105 569
105 660
106 171
106 302
106 710
106 767
107 149
107 709
107 892
107 977
108 154
108 255
108 782
108 818
108 857
109 227
109 419
109 468
109 525
109 643
109 785
110 196
110 485
110 506
110 585
110 784
111 318
111 336
111 452
111 556
111 604
111 878
112 186
112 341
112 408
112 787
112 934
112 948
113 147
113 155
113 397
113 466
113 562
114 233
114 259
114 294
114 338
114 557
114 776
115 394
115 433
115 820
115 911
115 969
116 129
116 168
116 390
116 593
116 618
116 758
116 815
117 222
117 242
117 539
117 577
117 728
118 194
118 489
118 527
118 659
118 789
118 855
119 126
119 135
119 299
119 600
120 198
120 301
120 722
121 463
121 547
121 587
121 695
121 830
121 879
122 185
122 513
122 681
122 687
122 815
122 856
123 227
123 525
123 853
123 894
124 591
124 775
124 792
124 840
124 956
125 179
125 286
125 417
125 442
125 779
125 904
126 330
126 600
126 654
126 817
127 130
127 131
127 179
127 286
127 475
127 899
128 570
128 736
128 765
129 168
129 272
129 332
129 513
129 625
129 815
130 179
130 580
130 899
131 286
131 475
131 725
131 779
131 881
132 367
132 439
132 615
132 627
132 781
133 397
133 398
133 426
133 543
133 821
134 189
134 257
134 278
134 897
134 918
134 989
135 299
135 793
135 847
136 218
136 384
136 602
136 649
136 707
136 841
137 143
137 368
137 370
137 463
137 684
137 686
137 830
137 858
138 145
138 180
138 352
139 192
139 295
139 578
139 873
140 381
140 461
140 496
140 542
140 615
140 807
141 161
141 429
141 633
141 799
141 991
142 192
142 281
142 337
142 613
142 634
142 750
143 176
143 271
143 370
143 624
143 684
144 421
144 715
144 856
144 906
144 923
145 180
145 186
145 352
145 469
145 934
146 180
146 305
146 523
146 575
146 741
147 155
147 348
147 351
147 387
147 562
147 802
148 202
148 280
148 320
148 401
148 865
149 220
149 709
149 737
149 773
150 297
150 330
150 399
150 723
150 835
151 465
151 641
151 783
151 800
151 961
152 234
152 683
152 684
152 752
152 791
152 830
153 221
153 253
153 471
153 663
153 759
153 970
154 255
154 714
154 782
155 387
155 466
156 278
156 368
156 370
156 545
156 774
156 891
156 973
156 989
157 343
157 388
157 483
157 658
157 964
158 188
158 373
158 501
158 504
158 788
158 942
159 246
159 324
159 339
159 353
159 411
159 495
159 603
160 365
160 414
160 440
160 595
160 978
161 448
161 566
161 726
161 799
161 991
162 630
162 640
162 889
162 971
163 271
163 624
163 774
163 848
164 409
164 801
164 843
164 947
165 279
165 437
165 563
165 650
165 651
166 307
166 376
166 524
167 219
167 300
167 499
167 763
167 777
167 947
168 193
168 243
168 272
168 593
169 344
169 424
169 832
169 999
170 307
170 372
170 376
170 610
170 755
171 302
171 350
171 689
171 767
172 308
172 416
172 766
172 890
172 937
172 994
173 258
173 485
173 555
173 579
173 585
173 833
174 310
174 325
174 331
174 688
174 757
174 866
175 259
175 265
175 514
175 664
175 666
175 699
175 720
176 234
176 490
176 624
176 684
176 926
177 292
177 345
177 405
177 413
177 558
178 232
178 254
178 327
178 393
178 574
178 698
178 950
179 286
179 304
179 417
179 580
180 469
180 523
181 242
181 511
181 666
181 694
181 809
182 244
182 638
182 790
182 795
182 932
183 356
183 592
183 772
183 846
183 876
183 972
184 430
184 555
184 579
184 587
184 791
185 390
185 421
185 786
185 815
185 856
186 408
186 469
186 934
187 197
187 324
187 487
187 586
187 811
188 501
188 658
188 717
188 922
188 942
189 257
189 494
189 597
189 852
189 897
189 898
190 383
190 435
190 510
190 737
190 973
191 467
191 490
191 608
191 641
191 676
191 957
192 224
192 578
192 634
192 750
193 198
193 243
193 272
193 301
193 505
194 281
194 527
194 750
194 939
195 379
195 403
195 544
195 756
195 764
195 842
196 230
196 506
196 777
196 784
196 812
196 963
197 324
197 487
197 781
198 243
198 301
198 374
199 328
199 619
199 693
199 803
199 916
199 930
200 484
200 507
200 534
200 729
200 988
201 212
201 643
201 785
201 962
202 250
202 280
202 865
202 901
202 940
203 237
203 256
203 282
203 296
203 445
203 760
203 867
203 981
204 327
204 422
204 438
204 529
204 574
204 619
204 819
205 291
205 648
205 742
205 974
206 371
206 377
206 381
206 391
206 496
206 797
207 472
207 628
207 960
207 974
208 532
208 569
208 802
208 844
208 882
209 211
209 267
209 484
209 521
209 632
209 864
210 295
210 672
210 808
210 873
210 920
211 267
211 321
211 864
211 879
212 251
212 665
212 785
212 962
213 382
213 393
213 476
213 887
213 950
214 456
214 550
214 655
214 915
214 969
215 241
215 745
215 758
215 786
216 321
216 326
216 396
216 931
216 952
217 274
217 705
217 770
217 997
218 384
218 420
218 519
218 602
219 426
219 499
219 753
219 763
220 737
220 933
221 471
221 491
221 663
221 712
222 242
222 250
222 539
222 880
222 901
223 378
223 394
223 506
223 540
223 585
223 591
224 497
224 553
224 634
224 928
225 568
225 612
225 823
225 929
225 976
226 380
226 397
226 562
226 611
227 419
227 420
227 525
227 754
227 894
228 431
228 516
228 734
228 900
228 914
229 413
229 450
229 458
229 557
229 699
229 971
230 777
230 806
230 812
230 843
231 341
231 408
231 469
231 680
231 706
231 708
231 715
232 302
232 393
232 698
233 248
233 294
233 338
233 557
233 645
233 743
234 490
234 608
234 683
234 684
235 247
235 283
235 498
235 711
235 811
235 935
236 349
236 851
236 859
236 931
236 966
237 296
237 445
237 626
238 262
238 333
238 379
238 467
238 655
238 886
238 896
238 957
239 486
239 488
239 566
239 713
239 854
240 335
240 369
240 516
240 622
240 770
241 424
241 714
241 745
241 782
241 786
241 921
242 511
242 577
242 694
242 880
242 987
243 374
243 563
243 593
243 601
244 357
244 503
244 790
244 795
244 882
244 967
245 642
245 727
245 823
245 826
245 936
245 976
245 990
246 324
246 367
246 495
247 283
247 502
247 711
247 930
248 366
248 645
248 827
249 351
249 660
249 762
249 890
250 880
250 901
250 940
251 317
251 436
251 468
251 665
251 785
252 606
252 678
252 740
252 998
253 455
253 759
253 970
254 438
254 461
254 508
254 574
254 916
255 857
255 869
255 906
256 560
256 739
256 760
256 981
257 597
257 657
257 989
258 474
258 485
258 702
258 837
259 373
259 557
259 664
259 699
259 776
260 513
260 546
260 681
260 687
260 708
260 870
260 986
261 362
261 473
261 597
261 657
261 875
261 898
262 467
262 673
262 783
262 896
262 961
263 274
263 334
263 464
263 474
263 668
263 755
264 559
264 662
264 728
264 913
265 319
265 373
265 664
265 666
265 788
266 349
266 430
266 555
266 859
267 321
267 488
267 632
267 671
268 306
268 334
268 425
268 464
268 610
268 730
269 298
269 337
269 613
269 847
270 392
270 531
270 638
270 673
270 716
270 908
270 961
271 370
271 545
271 624
271 774
272 505
272 625
272 732
273 609
273 620
273 798
273 910
273 992
274 376
274 474
274 755
274 997
275 368
275 404
275 435
275 480
275 973
276 581
276 744
276 826
276 875
277 353
277 434
277 772
277 845
278 891
278 918
278 989
279 325
279 535
279 650
279 651
280 320
280 628
280 940
281 337
281 750
281 847
282 289
282 296
282 382
282 441
282 696
282 905
283 293
283 416
283 502
283 586
283 811
283 937
284 285
284 325
284 535
284 688
285 535
285 650
285 667
285 688
285 704
285 796
286 475
286 779
287 350
287 689
287 696
287 836
287 887
288 494
288 571
288 576
288 653
288 831
288 852
289 296
289 346
289 905
289 938
290 326
290 396
290 429
290 444
290 478
290 526
290 561
290 805
291 460
291 504
291 648
291 694
291 742
292 345
292 405
292 412
292 644
292 863
293 416
293 502
293 530
293 537
293 675
294 557
295 511
295 873
295 920
295 985
297 310
297 331
297 584
297 723
297 835
298 793
298 847
298 874
299 600
299 789
299 847
300 721
300 763
300 801
300 947
301 505
301 612
301 697
301 722
301 838
302 393
302 689
302 698
302 710
303 472
303 616
303 725
303 733
303 850
303 871
303 960
304 417
304 580
304 710
304 724
304 767
304 904
305 447
305 575
305 682
305 831
306 425
306 726
306 730
306 799
307 372
307 376
307 432
307 524
308 586
308 670
308 810
308 885
308 890
308 937
309 522
309 607
309 824
309 907
310 331
310 688
310 704
310 835
311 385
311 656
311 883
312 440
312 541
312 572
312 667
312 796
313 341
313 706
313 787
313 869
314 326
314 526
314 685
314 931
314 966
315 658
315 717
315 746
315 942
316 385
316 443
316 512
316 565
316 656
316 903
317 335
317 436
317 468
317 721
317 801
317 814
318 336
318 878
318 949
319 460
319 666
319 694
319 788
320 401
320 472
320 564
320 628
321 396
321 671
321 879
321 952
322 377
322 423
322 538
322 636
322 797
322 912
323 415
323 903
323 909
323 946
324 367
324 603
324 781
325 535
325 688
325 832
325 866
326 396
326 526
326 931
327 529
327 574
327 698
328 502
328 675
328 803
328 930
329 554
329 646
329 669
329 719
329 824
330 358
330 399
330 654
330 723
331 584
331 983
332 513
332 625
332 986
332 990
333 379
333 456
333 655
333 756
334 464
334 610
334 755
335 436
335 622
336 556
337 613
337 847
338 743
338 776
338 942
338 959
339 353
339 451
339 603
340 437
340 482
340 618
340 758
341 408
341 706
341 787
342 538
342 560
342 739
342 780
342 902
343 388
343 549
343 658
343 690
343 746
344 492
344 828
344 832
345 412
345 518
346 382
346 834
346 938
347 423
347 551
347 647
347 738
347 902
347 965
347 980
348 589
349 430
349 851
349 859
350 689
350 696
351 569
351 802
352 470
352 934
352 948
353 411
353 434
353 845
354 546
354 642
354 744
355 872
355 877
355 995
356 753
356 763
356 846
356 972
357 392
357 403
357 503
357 790
358 399
358 572
358 654
358 861
359 539
359 573
359 662
359 865
359 901
360 372
360 432
360 448
360 610
360 829
361 369
361 409
361 700
361 705
361 806
361 997
362 473
362 657
362 839
363 704
363 796
363 835
364 410
364 590
364 656
364 794
364 829
364 883
365 440
365 479
365 572
365 669
365 679
365 719
365 978
366 405
366 644
366 825
367 495
367 627
367 781
368 370
368 404
368 686
368 858
368 973
369 409
369 705
369 770
369 801
370 545
370 858
371 381
371 391
371 481
371 599
371 661
372 432
372 610
373 664
373 776
373 788
373 942
374 601
374 944
375 382
375 476
375 751
375 834
376 755
377 391
377 538
377 797
378 585
378 591
378 792
378 833
379 403
379 756
379 896
380 397
380 611
380 845
381 496
381 661
382 441
382 476
382 834
382 836
382 887
382 905
382 938
383 571
383 737
383 897
383 933
384 707
384 980
385 443
385 656
386 446
386 459
386 598
386 652
387 623
387 764
387 802
388 549
388 813
388 964
389 449
389 747
389 749
389 993
390 786
390 815
391 481
391 731
392 403
392 638
392 673
392 790
393 689
393 887
393 950
394 506
394 540
394 588
394 703
394 820
394 919
394 969
395 718
395 913
395 987
396 444
396 486
396 671
397 466
397 562
397 821
398 433
398 543
398 820
398 821
398 919
400 616
400 648
400 658
400 922
400 960
400 974
400 996
401 564
401 573
401 725
401 865
401 945
402 594
402 647
402 738
402 739
402 748
403 503
403 673
403 842
403 896
404 428
404 480
404 686
404 988
405 413
405 644
405 825
406 414
406 998
407 453
407 458
407 536
407 630
408 469
409 801
409 806
409 843
410 477
410 794
410 883
410 953
410 955
411 434
411 495
411 888
412 518
412 863
412 917
412 958
412 984
413 450
413 458
413 558
413 825
414 595
414 798
414 978
414 998
415 804
415 841
415 941
415 946
416 537
416 937
416 994
417 904
418 489
418 554
418 659
418 679
418 817
418 861
419 643
420 519
420 567
420 602
420 754
420 894
421 786
421 818
421 856
421 857
421 906
421 921
422 583
422 619
422 819
423 538
423 551
423 636
423 902
424 714
424 999
425 448
425 610
425 726
426 499
426 543
426 753
426 972
427 459
427 800
427 884
428 463
428 686
428 864
429 478
429 561
429 633
429 730
429 799
430 547
430 555
430 587
430 851
431 524
431 829
431 914
432 524
432 829
433 820
433 821
434 765
434 888
435 457
435 480
435 510
435 749
435 973
436 622
436 665
436 893
437 482
437 563
437 593
437 618
437 651
438 574
438 619
438 916
439 533
439 627
439 636
440 541
440 572
440 595
441 696
441 836
442 552
442 629
442 635
442 779
442 904
443 643
443 903
444 486
444 713
444 805
445 626
445 731
445 780
445 867
445 951
446 454
446 459
446 515
446 598
446 816
446 884
447 575
447 831
448 610
448 726
449 605
449 747
449 892
449 993
450 557
450 825
451 603
451 611
451 771
452 604
452 878
452 910
453 536
453 604
453 992
454 515
454 596
454 839
454 884
455 531
455 716
455 759
455 970
456 655
456 756
456 911
457 480
457 507
457 729
457 993
458 558
459 800
459 884
460 504
460 694
460 788
461 508
461 542
461 693
461 701
461 807
461 916
462 518
462 795
462 862
462 932
462 958
463 686
463 830
463 879
464 668
464 685
464 730
464 966
465 490
465 641
465 768
466 544
466 821
467 676
467 783
467 957
468 525
468 785
468 814
469 523
469 708
469 741
470 682
470 892
470 948
470 977
471 652
471 697
471 712
471 970
472 564
472 628
472 733
472 960
473 515
473 637
473 826
473 839
473 875
474 668
474 700
474 702
474 837
474 997
476 950
477 893
477 953
477 962
478 633
478 805
478 991
479 493
479 669
479 824
479 978
480 507
480 988
481 599
481 731
481 834
481 951
482 651
482 745
483 629
483 658
483 996
484 534
484 548
484 632
485 585
485 702
485 761
485 784
486 488
486 671
486 713
487 498
487 781
487 811
487 935
488 632
488 671
488 854
489 659
489 817
489 855
490 608
490 641
490 768
491 617
491 663
491 712
492 757
492 828
492 832
492 866
493 620
493 798
493 978
494 571
494 852
494 897
495 627
495 765
495 888
496 615
496 797
496 912
497 553
497 718
498 542
498 711
498 781
498 935
499 543
499 703
499 777
499 919
500 530
500 583
500 735
500 849
500 860
501 504
501 648
501 922
502 675
502 930
503 842
503 882
504 648
504 788
505 568
505 612
505 732
506 585
506 588
506 963
507 729
507 988
508 807
509 794
509 829
509 914
509 955
510 737
510 749
510 773
511 985
511 987
512 565
512 590
512 656
513 681
513 815
513 986
514 666
514 720
514 809
514 975
515 637
515 816
515 839
516 622
516 734
516 770
517 522
517 607
517 614
517 672
517 808
517 889
518 862
518 958
519 567
520 645
520 743
520 924
520 959
520 982
521 864
522 607
522 614
522 646
522 824
523 741
524 829
526 561
526 685
527 554
527 659
527 939
528 635
528 725
528 779
528 850
528 881
529 698
529 724
529 819
530 675
530 849
531 716
531 908
531 970
532 623
532 802
532 882
533 551
533 627
533 636
534 548
534 605
534 729
534 854
535 650
536 621
536 630
536 992
537 766
537 827
537 982
537 994
538 902
539 662
539 728
539 901
540 591
540 915
540 969
541 595
541 667
541 678
541 998
542 615
542 701
542 711
542 781
543 919
544 756
544 764
544 911
545 774
546 642
546 870
546 986
547 587
547 851
547 879
547 952
548 632
548 854
549 690
549 813
549 860
550 655
550 775
550 886
550 915
550 954
550 956
550 957
551 636
551 980
552 724
552 904
552 964
553 718
553 928
554 659
554 679
554 719
555 579
556 558
556 604
557 699
559 662
559 874
559 913
560 739
560 780
560 981
561 685
561 730
563 593
563 601
563 740
564 733
564 945
565 590
565 903
565 979
566 713
566 854
566 991
567 570
567 853
567 894
568 612
568 727
568 732
568 823
569 660
569 802
569 844
570 736
570 853
570 968
571 897
571 933
572 679
572 861
573 662
573 865
575 581
575 744
575 778
576 682
576 831
576 895
577 728
577 913
577 987
578 614
578 631
578 691
578 750
578 808
578 873
579 752
579 791
579 792
579 833
580 767
580 899
581 744
581 778
581 875
581 898
582 602
582 754
582 909
582 946
583 813
583 819
583 849
583 860
584 723
584 757
584 828
584 983
585 833
586 811
586 885
586 937
587 695
587 791
588 703
588 963
589 670
589 771
589 810
590 656
590 979
591 775
591 792
591 915
592 772
592 853
592 876
592 968
593 618
594 739
594 748
594 760
594 927
595 998
596 692
596 839
596 884
597 657
597 898
598 652
598 697
598 816
599 661
599 751
599 834
600 789
600 817
600 855
601 606
601 740
601 944
602 754
602 841
602 946
603 771
604 910
604 992
605 729
605 892
605 993
606 740
606 822
606 877
606 944
607 889
607 907
608 683
609 798
609 910
609 995
610 755
611 771
612 697
612 929
613 634
614 646
614 691
614 808
615 781
616 850
616 960
616 996
617 712
617 722
617 838
618 758
619 803
619 916
620 621
620 798
620 992
621 907
621 992
622 893
623 764
623 802
623 842
623 882
624 848
624 926
625 727
625 732
625 990
626 951
628 974
630 889
631 691
631 750
631 939
632 854
633 991
635 779
635 850
637 826
637 936
638 716
638 790
638 932
639 649
639 674
639 677
639 927
639 943
640 672
640 699
640 720
640 889
640 971
641 676
641 783
642 986
642 990
643 785
645 743
645 827
645 982
646 824
647 738
647 748
647 925
647 927
647 965
648 922
648 974
649 677
649 707
649 841
649 925
649 941
649 943
650 667
650 678
652 697
652 970
653 778
653 831
653 852
653 898
654 817
654 861
655 886
656 883
658 717
658 746
658 922
658 996
660 762
660 769
660 844
662 728
662 874
663 759
665 893
665 962
666 694
666 809
667 678
667 796
668 837
668 859
668 966
669 719
669 824
670 771
670 810
670 885
672 720
672 808
672 889
673 896
673 961
674 677
674 760
674 927
674 979
675 803
675 849
676 783
677 941
678 998
679 719
679 861
680 687
680 708
680 715
681 687
682 831
682 895
683 752
684 830
685 730
685 966
687 708
687 715
687 856
688 704
689 887
690 735
690 746
690 860
692 926
693 701
693 711
693 916
693 930
694 742
694 880
695 791
695 830
696 836
697 712
697 816
697 838
697 929
698 710
698 724
699 720
699 971
700 702
700 761
700 806
700 997
701 711
702 761
703 777
703 919
703 963
704 796
704 835
705 770
705 997
706 715
706 869
706 923
707 925
707 965
707 980
708 741
708 870
709 747
709 773
709 892
710 724
710 767
711 930
712 838
713 805
713 991
714 782
714 828
714 999
715 856
715 923
716 759
716 932
717 942
718 874
718 928
721 763
721 801
721 814
721 846
722 838
724 904
725 850
725 871
725 881
725 945
726 799
727 732
727 823
727 990
728 913
729 993
730 799
731 780
731 951
733 871
733 945
734 770
735 860
735 924
735 982
736 765
736 968
737 773
737 933
738 739
738 902
739 760
739 902
741 870
742 880
742 940
743 959
745 758
747 749
747 773
747 892
748 927
749 773
750 939
751 807
751 834
752 791
752 792
752 840
753 763
753 972
756 911
757 828
757 866
757 983
759 862
759 932
760 927
761 784
761 806
761 812
762 769
763 846
764 842
765 888
766 827
766 994
769 844
769 863
771 885
772 968
774 989
775 915
775 956
776 942
777 963
778 898
779 881
780 867
780 981
782 818
782 921
783 961
784 812
786 921
787 948
789 855
791 830
792 833
792 840
793 847
793 874
794 829
794 955
795 932
795 958
795 967
797 912
798 978
800 908
800 961
801 947
804 941
804 979
805 991
806 812
806 843
808 873
809 920
809 975
810 890
811 935
813 819
813 860
813 964
814 846
814 876
816 929
817 855
817 861
818 857
818 921
820 919
822 877
822 944
823 976
826 875
826 936
827 982
828 999
829 914
832 866
836 887
837 859
840 954
840 956
841 941
841 946
842 882
844 863
844 984
846 876
848 926
851 931
851 952
852 898
853 894
853 968
857 906
859 966
862 932
862 949
863 984
865 901
867 981
868 872
868 878
868 910
868 949
868 995
869 906
869 923
871 945
872 995
874 928
875 898
877 995
878 910
878 949
879 952
880 940
886 957
891 918
891 973
892 977
893 900
893 953
893 962
897 918
900 914
900 953
900 955
903 909
905 938
906 923
908 961
909 946
910 992
910 995
913 987
914 955
915 969
917 958
917 967
917 984
920 975
924 959
924 982
925 927
925 943
925 965
927 943
929 976
931 952
931 966
934 948
936 976
942 959
953 955
954 956
954 957
958 967
960 974
965 980
967 984
985 987
986 990
210 478
613 324
412 433
791 551
537 945
287 726
126 374
533 387
334 895
143 711
949 294
381 77
316 177
478 326
487 918
683 526
886 476
328 112
974 562
396 532
385 417
672 34
497 213
581 241
381 378
603 263
620 37
725 69
371 910
576 403
115 333
480 376
654 479
507 643
772 526
212 685
355 473
413 700
209 638
619 123
494 500
400 931
659 639
111 569
380 55
573 368
474 76
481 138
136 617
393 584
69 668
6 455
813 423
626 312
267 447
315 589
131 420
330 161
462 258
424 291
928 669
800 116
457 74
390 785
767 165
947 445
202 204
487 593
373 213
370 633
360 428
504 764
322 868
964 457
595 362
974 527
341 706
873 606
708 554
878 724
292 935
568 901
812 737
303 770
553 920
666 771
500 388
689 207
740 430
633 101
936 540
797 168
723 518
296 85
496 237
230 910
803 246
260 365
551 641
381 351
848 716
786 217
465 838
606 248
865 409
417 500
54 464
982 583
906 248
368 862
577 748
518 342
959 354
436 604
327 321
524 657
767 286
249 128
494 95
539 26
650 342
760 738
838 325
368 802
628 674
67 393
563 62
13 399
313 746
778 334
17 415
24 360
236 638
451 679
848 569
444 7
266 840
790 671
966 432
372 151
175 618
748 918
410 92
740 616
881 304
944 396
906 428
417 557
154 170
955 585
646 88
654 551
716 659
622 435
934 253
458 588
826 616
152 374
270 279
318 640
578 203
714 950
407 260
762 578
495 787
711 207
564 937
487 740
736 325
782 142
609 932
38 478
338 485
644 746
723 99
328 254
714 600
458 396
108 519
36 413
934 410
299 179
553 469
401 734
675 726
824 293
946 376
291 586
228 303
845 546
895 613
661 603
385 120
703 333
462 96
526 584
545 754
270 601
674 318
206 510
910 730
393 885
192 177
54 718
150 470
214 233
160 660
151 252
462 512
854 755
384 191
811 756
411 879
72 533
574 642
817 225
762 804
558 862
282 810
451 725
938 561
624 419
233 164
577 694
365 84
730 401
395 616
349 837
509 936
408 315
531 776
899 342
82 492
342 354
690 623
260 544
703 790
57 693
611 597
849 840
503 857
837 200
270 149
690 303
519 494
774 406
299 637
256 528
343 388
392 507
215 174
424 857
655 219
613 450
141 536
915 272
88 758
824 552
636 782
321 290
833 362
816 496
617 568
629 867
246 92
300 262
696 759
850 770
667 904
398 57
609 507
766 605
742 343
542 282
599 854
866 669
833 444
380 676
842 603
722 182
190 192
432 80
13 599
291 516
703 144
675 153
38 393
23 529
905 517
38 647
765 856
236 230
449 418
274 471
340 330
349 156
45 671
676 78
386 20
472 41
462 771
670 372
66 478
120 273
72 431
919 457
705 922
588 944
333 534
478 213
688 107
379 945
605 159
943 310
734 830
240 345
337 944
434 838
531 367
282 231
157 202
804 779
188 696
296 905
292 615
743 141
751 824
127 474
226 501
494 159
619 54
702 66
788 352
577 609
652 898
471 863
503 367
418 69
294 347
347 629
770 234
935 337
135 729
200 370
786 123
464 412
59 629
208 769
397 560
708 772
3 517
419 525
978 411
355 649
835 409
592 318
426 737
541 517
592 92
190 132
617 982
527 826
782 505
645 121
404 988
550 176
391 395
277 662
817 676
515 847
802 639
132 657
602 955
299 291
671 299
97 576
586 909
160 702
625 706
572 582
406 650
157 637
42 580
898 583
248 799
360 934
672 471
467 567
185 383
953 667
805 278
127 685
559 516
81 510
548 691
303 100
790 826
421 645
485 673
621 88
173 294
132 169
152 791
546 537
852 684
431 393
600 230
457 303
930 354
514 810
417 964
333 668
473 433
443 374
583 219
267 905
305 487
70 414
547 110
342 864
312 818
864 257
189 464
199 744
819 152
673 939
453 708
676 506
823 708
750 891
706 747
517 964
581 984
498 665
339 682
911 652
452 878
745 234
152 496
228 689
590 174
9 563
86 363
345 930
790 847
78 700
712 471
913 472
684 960
974 645
395 340
357 617
517 325
484 309
734 490
608 466
568 624
919 688
442 309
669 489
252 235
162 573
521 427
787 719
685 854
674 555
460 624
628 598
397 836
918 372
997 511
650 425
135 248
782 474
615 821
24 383
81 554
441 930
771 890
529 191
885 679
105 662
768 197
141 348
902 748
592 755
825 833
268 579
860 812
516 91
694 595
602 391
774 101
538 231
880 537
301 680
191 652
337 88
244 569
497 727
234 427
232 278
259 507
522 514
250 267
708 355
572 727
913 706
138 563
483 991
917 626
326 144
322 958
815 339
337 217
744 473
510 911
438 190
515 405
298 805
296 387
853 740
458 191
913 413
549 974
377 831
746 842
490 122
60 294
119 446
240 452
629 488
466 528
249 709
927 749
713 161
491 272
302 468
169 715
221 136
568 672
627 186
199 586
478 690
505 603
809 623
844 395
749 754
900 780
206 396
598 639
219 733
112 406
350 73
519 133
673 743
489 350
369 326
468 363
266 86
99 741
738 869
420 602
697 244
112 201
307 942
846 857
313 783
736 385
437 503
328 745
898 557
584 146
172 132
135 496
880 445
927 514
264 125
413 152
662 716
33 434
851 469
304 866
211 448
693 41
601 738
310 563
717 722
539 718
374 564
305 958
608 680
388 753
718 264
112 789
594 193
736 509
828 529
688 443
112 630
529 38
661 263
280 847
332 612
497 317
954 706
628 263
449 223
673 616
557 294
643 932
379 619
713 390
403 73
452 172
204 619
141 293
610 377
752 253
174 493
533 256
495 257
483 890
482 555
745 598
767 355
74 683
257 680
169 216
118 357
455 272
448 131
876 783
759 904
391 92
89 325
217 710
762 443
572 483
212 870
398 245
664 574
814 392
350 890
408 417
326 386
478 176
165 802
210 259
236 848
696 187
745 198
651 450
884 494
576 87
590 620
366 973
797 526
197 331
511 106
409 486
133 638
226 93
595 405
318 272
432 878
300 214
643 170
666 828
516 174
354 565
834 798
387 227
597 548
201 892
227 481
650 586
219 890
649 203
550 144
880 352
837 346
969 479
683 646
727 635
714 841
820 693
852 345
696 128
36 513
215 381
444 146
723 538
192 537
265 211
725 702
6 546
677 427
94 471
384 297
574 808
192 567
598 783
524 716
665 119
533 850
906 324
236 813
885 377
960 604
72 462
215 547
643 410
820 852
876 176
877 333
596 478
234 326
314 83
531 156
350 231
442 778
628 357
659 42
99 431
63 258
701 941
769 381
244 109
931 707
703 889
112 687
747 361
102 228
540 911
260 406
339 723
922 583
161 776
117 761
668 241
895 402
223 211
302 366
847 425
807 212
226 363
960 636
145 808
935 642
427 101
117 587
683 662
435 723
304 849
619 903
546 602
751 75
788 236
575 434
88 776
580 788
396 473
451 743
503 577
325 707
333 458
50 449
690 551
417 453
541 867
351 595
381 716
940 612
791 576
607 665
305 309
514 744
866 471
59 345
96 717
254 610
883 219
635 563
568 761
384 870
834 243
956 328
282 263
500 51
556 485
714 684
629 690
424 6
459 991
536 452
648 143
176 671
553 248
727 924
651 520
477 806
454 539
212 494
263 931
780 872
551 799
135 585
408 178
314 202
355 548
282 566
555 778
195 412
410 791
810 301
708 445
548 73
885 234
173 445
512 674
462 648
630 284
748 398
488 194
408 376
787 443
332 426
788 95
536 998
739 687
918 490
767 143
639 716
93 618
659 104
24 545
662 790
651 391
748 497
650 652
272 885
516 560
521 788
456 472
392 659
423 757
425 36
755 564
226 458
105 303
726 772
878 508
360 778
881 819
523 67
862 310
896 264
801 659
677 789
220 414
562 111
553 405
449 446
839 734
162 148
753 97
72 721
566 340
920 297
872 395
85 241
585 334
388 173
358 30
823 477
399 765
603 283
534 343
778 745
232 179
36 346
499 515
394 956
713 498
321 574
606 618
43 527
320 685
421 240
380 517
861 621
986 610
451 907
335 802
956 519
588 570
876 569
844 497
11 437
471 943
202 144
160 754
305 923
85 411
26 616
896 294
470 231
628 506
307 893
538 305
536 630
190 679
276 107
496 972
578 658
175 524
481 451
860 593
510 694
334 185
864 237
202 295
896 312
277 394
210 826
740 556
154 825
356 59
730 418
222 518
729 805
562 448
921 564
963 388
261 564
770 430
311 513
43 628
453 114
210 190
252 902
275 332
211 849
648 278
98 213
287 886
482 769
982 386
552 367
87 528
91 678
752 770
454 940
635 646
455 964
626 659
623 616
504 440
284 359
154 277
617 537
425 910
538 734
137 386
207 807
709 816
507 479
357 736
553 656
633 451
401 279
422 715
869 634
189 245
331 202
745 415
992 529
556 206
282 948
241 784
79 735
302 410
714 55
466 459
324 128
824 378
293 115
884 709
807 568
782 370
797 889
512 276
951 683
318 470
574 301
161 310
582 827
618 206
823 134
