1000 2958 10
6 89 25 98 20 79 30 5 13 72 55 28 89 43 76 64 1 90 69 87 85 26 43 52 96 80 88 55 30 29 66 29 34 92 49 85 77 47 67 20 82 52 20 98 9 97 17 66 45 38 77 9 74 59 93 35 17 17 24 38 23 86 13 2 84 3 62 1 34 9 74 89 66 17 36 5 63 92 53 56 22 93 91 16 82 94 78 83 74 99 36 77 77 14 76 65 89 16 69 64 95 97 61 42 41 90 12 46 24 27 28 30 61 87 29 38 10 35 84 62 44 80 43 38 87 65 8 70 91 73 42 78 13 21 82 85 70 46 56 59 30 38 84 59 26 73 39 83 11 53 100 2 70 90 91 38 37 5 94 31 77 65 4 61 65 75 54 36 47 13 54 95 8 86 66 80 99 78 97 97 32 55 91 47 51 85 50 61 91 12 20 62 77 22 90 50 16 17 61 75 1 15 65 96 96 19 82 17 48 6 88 31 66 82 43 28 3 83 57 82 10 48 69 91 94 77 53 17 22 9 71 41 35 6 18 20 43 58 100 62 56 8 49 20 61 41 49 54 6 80 9 69 38 79 33 70 20 13 47 13 49 72 83 70 31 83 90 5 77 63 18 42 33 78 60 63 66 18 14 31 88 57 21 64 48 31 25 98 24 43 89 88 73 97 24 76 40 12 87 47 62 75 12 53 41 33 42 15 21 4 55 95 31 58 92 17 47 15 6 84 3 88 30 71 68 33 17 95 65 62 6 48 14 55 32 46 12 34 87 20 95 37 34 51 44 18 34 11 36 33 94 47 17 28 10 76 64 94 64 32 9 80 82 4 83 79 66 12 45 23 40 40 51 55 20 26 46 63 24 58 16 49 23 1 62 82 7 97 63 23 71 84 52 74 35 21 8 31 13 22 13 81 79 26 49 34 90 15 69 56 96 19 24 7 71 53 24 13 19 96 64 12 26 52 17 55 67 72 29 68 99 46 100 100 95 51 17 32 90 11 70 98 42 85 63 48 90 31 3 37 85 71 34 29 98 61 57 59 92 31 66 68 45 57 92 45 58 86 68 30 45 7 10 74 48 8 84 7 20 46 23 15 88 34 56 95 63 87 87 69 20 40 66 64 85 80 94 62 95 34 97 60 23 43 63 85 56 71 31 44 90 50 58 70 83 87 36 94 84 84 6 2 5 45 34 57 59 10 23 40 44 93 92 2 56 69 25 86 30 77 27 64 12 96 92 84 89 19 24 41 68 26 16 11 83 58 32 19 18 93 61 96 34 41 91 70 32 51 64 49 53 51 69 90 89 26 86 2 75 73 53 45 33 38 61 45 13 90 42 91 11 45 34 11 68 91 4 31 39 68 88 98 20 70 51 14 89 75 44 40 86 3 48 23 7 92 58 56 10 72 87 29 84 58 56 69 41 44 37 68 29 94 11 11 50 86 85 50 73 94 76 30 86 63 96 18 41 73 97 44 1 9 87 10 17 93 61 32 51 60 36 10 79 1 41 66 18 39 26 77 59 70 21 52 2 93 26 83 77 59 84 13 13 18 72 42 85 63 4 24 99 96 76 46 31 79 13 83 82 64 18 29 47 61 95 47 82 61 98 4 67 27 97 46 60 87 53 34 70 28 52 4 82 78 50 35 83 62 93 34 24 82 54 55 18 27 97 87 99 32 88 2 29 38 9 59 82 53 86 87 62 58 51 20 14 89 99 86 78 45 97 55 9 75 37 55 61 68 33 44 5 68 14 1 56 15 73 29 42 92 69 43 5 51 48 76 3 40 49 70 8 80 9 22 35 74 72 81 34 48 27 15 98 44 2 44 69 64 98 88 42 92 76 25 29 2 3 27 1 37 83 44 11 94 53 97 75 62 54 25 5 100 21 53 58 82 36 46 34 50 67 29 12 73 79 25 50 77 19 22 89 84 36 59 81 19 7 43 45 21 3 62 28 8 60 5 22 3 71 57 76 33 23 72 83 27 90 20 27 96 75 84 68 30 97 49 85 98 55 89 29 46 49 12 47 47 47 69 15 19 57 58 82 76 81 32 71 69 88 24 61 39 30 80 30 27 61 5 27 52 28 47 74 53 47 52 20 41 5 59 48 64 38 39 28 70 38 31 12 16 6 90 48 5 90 77 11 51 64 2 4 78 30 3 22 45 56 84 67 9 7 47 30 25 21 64 59 29 100 40 4 26 15 34 8 69 5 49 28 76 5 30 62 39 99 98 63 45 44 7 40 72 96 23 45 27 74 64 21 28
0 192
0 517
0 533
0 651
0 683
0 749
0 940
1 31
1 54
1 352
1 565
1 673
1 923
1 944
2 287
2 526
2 575
2 653
2 914
2 970
3 41
3 195
3 271
3 412
3 938
3 945
4 194
4 249
4 290
4 313
4 596
4 748
5 59
5 299
5 531
5 781
5 883
6 69
6 74
6 601
6 679
6 718
6 831
6 926
6 941
7 49
7 345
7 564
7 616
7 660
7 901
8 308
8 403
8 568
8 627
8 971
8 996
9 256
9 285
9 427
9 453
9 555
9 820
10 94
10 239
10 536
10 662
10 717
11 104
11 541
11 595
11 772
11 827
11 899
12 137
12 458
12 523
12 584
12 634
12 670
12 682
12 849
13 197
13 605
13 621
13 663
13 787
14 684
14 802
14 814
14 823
14 829
14 866
15 275
15 406
15 488
15 705
15 720
15 732
15 860
16 400
16 507
16 524
16 809
16 943
17 49
17 206
17 636
17 788
17 901
18 216
18 354
18 745
18 967
18 981
19 163
19 168
19 530
19 859
20 111
20 490
20 602
20 742
21 143
21 379
21 518
21 588
21 618
21 846
21 981
22 103
22 266
22 489
22 721
23 201
23 355
23 604
23 652
23 712
23 934
24 113
24 352
24 821
24 862
24 923
25 27
25 338
25 340
25 398
25 613
25 961
26 86
26 101
26 387
26 515
26 804
26 840
26 867
27 297
27 338
27 340
27 433
27 622
27 738
27 977
28 261
28 313
28 356
28 585
28 596
28 931
29 144
29 247
29 351
29 386
29 553
30 193
30 198
30 316
30 425
30 509
30 963
31 113
31 602
31 673
31 923
32 196
32 244
32 541
32 595
32 759
33 103
33 243
33 244
33 282
33 486
33 591
34 62
34 467
34 547
34 610
34 637
34 876
35 43
35 257
35 332
35 728
35 810
35 814
35 866
36 156
36 221
36 811
36 910
36 956
36 989
37 129
37 135
37 320
37 440
37 985
38 284
38 295
38 344
38 924
39 325
39 483
39 508
39 666
39 907
39 952
40 171
40 322
40 346
40 369
40 447
41 271
41 456
41 668
41 945
42 235
42 374
42 404
42 474
42 658
42 700
43 257
43 278
43 500
43 728
44 130
44 195
44 376
44 574
44 798
44 938
45 59
45 476
45 783
45 879
45 988
46 88
46 175
46 432
46 454
46 455
46 903
47 132
47 141
47 224
47 246
47 402
47 537
48 77
48 117
48 497
48 592
48 844
49 383
49 564
49 636
49 748
49 901
50 213
50 226
50 294
50 930
51 234
51 318
51 435
51 491
51 561
51 785
51 869
52 109
52 154
52 526
52 653
52 679
52 924
52 926
52 970
53 355
53 419
53 504
53 707
53 867
53 878
54 514
54 565
54 778
54 785
54 944
55 204
55 222
55 245
55 253
55 260
55 542
55 640
55 795
56 101
56 124
56 223
56 292
56 804
56 837
56 888
56 946
57 70
57 111
57 162
57 232
57 319
57 559
57 917
58 105
58 362
58 543
58 767
58 796
58 984
59 531
59 551
59 781
59 784
59 879
59 896
59 988
60 306
60 349
60 625
60 761
61 265
61 501
61 572
61 955
62 119
62 281
62 603
62 637
62 739
62 832
62 876
63 395
63 544
63 692
63 752
63 833
64 264
64 396
64 694
64 799
64 978
65 79
65 353
65 554
65 578
65 675
65 688
66 666
66 772
66 827
66 907
66 939
67 218
67 330
67 391
67 560
67 608
68 425
68 459
68 963
69 95
69 109
69 466
69 831
69 926
70 134
70 162
70 232
70 911
71 106
71 229
71 302
71 749
71 906
71 940
72 100
72 130
72 145
72 174
72 334
72 408
72 798
73 170
73 277
73 317
73 335
73 619
73 661
73 737
74 205
74 601
74 701
74 941
75 139
75 377
75 465
75 719
75 796
75 984
76 310
76 434
76 442
76 751
76 776
76 948
76 954
77 337
77 497
77 547
77 592
77 610
77 754
78 140
78 329
78 527
78 671
78 947
79 452
79 554
79 599
79 675
79 701
80 133
80 192
80 510
80 711
80 872
80 904
81 491
81 529
81 561
81 607
81 709
81 870
82 107
82 132
82 141
82 179
82 962
83 96
83 221
83 678
83 915
83 983
84 124
84 371
84 433
84 614
84 738
84 947
85 317
85 335
85 405
85 498
85 791
86 387
86 690
86 789
86 867
87 138
87 225
87 232
87 797
87 917
88 416
88 432
88 455
88 469
88 548
89 238
89 486
89 519
89 591
89 994
90 413
90 429
90 582
90 628
90 836
91 188
91 209
91 237
91 255
91 629
91 959
92 173
92 265
92 474
92 826
92 975
93 445
93 540
93 603
93 812
93 832
93 874
94 180
94 536
94 692
94 833
94 965
95 109
95 466
95 620
96 484
96 702
96 915
96 983
97 247
97 311
97 365
97 538
97 709
97 724
97 734
97 870
98 361
98 422
98 439
98 471
98 689
98 774
99 217
99 498
99 883
99 965
100 334
100 472
100 798
100 830
101 124
101 804
101 840
102 128
102 239
102 624
102 662
102 699
103 186
103 243
103 266
103 282
103 489
103 863
104 473
104 541
104 664
104 818
104 827
105 362
105 714
105 792
105 984
106 161
106 236
106 302
106 349
106 891
106 940
107 132
107 885
107 918
107 962
108 148
108 168
108 428
108 478
108 479
108 658
108 767
109 284
109 597
109 620
109 924
109 926
110 246
110 280
110 350
110 598
110 755
110 909
111 490
111 559
111 602
111 917
112 202
112 420
112 735
112 821
112 862
112 913
113 602
113 862
113 913
113 923
114 219
114 617
114 644
114 680
114 702
114 915
115 154
115 204
115 222
115 295
115 430
115 526
115 914
116 129
116 152
116 243
116 440
116 486
116 676
117 407
117 414
117 592
117 844
118 125
118 191
118 496
118 507
118 576
118 735
118 882
119 281
119 445
119 637
119 856
119 969
120 157
120 261
120 313
120 632
120 887
120 974
121 126
121 417
121 567
121 788
121 826
121 898
122 201
122 450
122 482
122 652
122 757
123 160
123 426
123 859
123 936
124 371
124 492
124 614
124 840
124 946
125 191
125 507
125 524
125 559
126 417
126 483
126 788
126 901
127 151
127 218
127 341
127 500
127 513
127 728
128 624
128 662
128 855
128 885
128 962
129 320
129 440
129 486
129 519
130 174
130 375
130 574
130 665
130 798
131 175
131 207
131 300
131 454
131 534
131 999
132 141
132 537
132 918
133 192
133 209
133 868
133 904
134 228
134 232
134 446
134 669
134 797
134 911
134 953
135 207
135 251
135 372
135 440
135 534
135 631
135 985
136 215
136 384
136 437
136 838
136 854
136 871
137 326
137 366
137 584
137 670
137 887
138 225
138 642
138 823
138 895
138 917
139 465
139 663
139 714
139 984
140 297
140 433
140 527
140 824
140 947
141 179
141 224
142 250
142 289
142 378
142 583
142 717
142 743
143 330
143 379
143 981
144 247
144 365
144 386
144 411
144 540
144 813
145 334
145 408
145 764
145 768
146 167
146 464
146 572
146 756
146 763
147 329
147 492
147 556
147 617
147 671
147 851
147 946
148 168
148 426
148 478
148 936
149 360
149 424
149 512
149 625
149 667
149 929
149 986
150 160
150 163
150 418
150 859
150 963
151 218
151 513
151 560
151 745
152 211
152 440
152 631
152 676
152 897
153 264
153 424
153 506
153 890
153 978
154 295
154 526
154 924
155 269
155 298
155 353
155 425
155 578
155 825
155 912
156 164
156 276
156 580
156 910
156 956
157 249
157 313
157 448
157 690
157 822
157 974
158 172
158 205
158 241
158 444
158 480
158 505
158 669
159 263
159 324
159 461
159 528
159 557
159 589
159 803
159 919
160 459
160 475
160 612
160 859
160 936
160 963
161 349
161 360
161 517
161 667
161 940
162 319
162 911
163 348
163 418
163 530
163 630
163 639
163 859
164 276
164 409
164 580
164 646
164 927
165 315
165 367
165 499
165 600
165 736
166 328
166 411
166 561
166 758
166 778
166 869
167 307
167 710
167 746
167 756
167 763
167 779
168 426
168 479
168 530
168 818
168 859
168 976
169 215
169 234
169 283
169 318
169 576
169 685
169 838
170 176
170 190
170 277
170 532
170 730
170 737
171 346
171 369
171 407
171 414
172 384
172 444
172 480
172 809
172 943
173 235
173 417
173 474
173 508
173 567
173 826
174 375
174 408
174 787
174 991
175 454
175 847
175 903
175 999
176 185
176 190
176 516
176 570
176 737
176 793
177 182
177 214
177 288
177 364
177 815
177 841
178 274
178 362
178 394
178 478
178 487
178 936
178 942
179 224
179 562
179 598
179 801
179 820
179 855
179 962
180 536
180 692
180 698
180 885
180 918
181 254
181 259
181 382
181 535
181 645
181 777
181 875
182 288
182 521
182 587
182 808
182 815
182 864
183 270
183 427
183 453
183 760
183 960
183 998
184 193
184 425
184 466
184 620
184 825
185 481
185 485
185 495
185 499
185 516
185 793
185 839
186 266
186 296
186 367
186 393
186 736
186 863
186 959
187 189
187 212
187 410
187 666
187 881
187 952
188 209
188 533
188 629
188 683
188 843
189 410
189 571
189 579
189 611
189 750
189 881
190 350
190 402
190 537
190 570
190 730
190 964
191 490
191 559
191 742
191 882
192 209
192 510
192 651
192 749
193 316
193 425
193 620
194 231
194 290
194 383
194 622
194 693
194 748
195 412
195 798
195 830
195 938
196 244
196 327
196 541
196 807
196 994
197 413
197 605
197 628
197 663
197 714
198 258
198 316
198 509
198 597
198 630
199 443
199 586
199 594
199 609
199 731
199 800
200 216
200 359
200 780
200 829
200 894
201 373
201 482
201 652
201 712
202 234
202 420
202 449
202 821
203 310
203 343
203 390
203 511
203 715
203 811
204 222
204 253
204 295
204 344
205 384
205 444
205 505
205 601
205 701
206 613
206 636
206 657
206 710
206 788
206 898
206 961
206 997
207 251
207 300
207 534
208 409
208 431
208 763
208 779
208 782
209 255
209 533
209 600
209 651
209 868
210 411
210 438
210 762
210 813
210 842
211 237
211 676
211 863
211 897
212 314
212 356
212 674
212 877
212 881
212 952
213 226
213 522
213 606
213 703
213 860
213 930
214 288
214 364
214 884
215 384
215 400
215 576
215 838
216 354
216 513
216 745
216 780
216 894
217 405
217 498
217 883
217 935
218 341
218 391
218 560
218 992
219 457
219 644
219 680
219 747
219 817
220 304
220 330
220 379
220 397
220 608
220 900
221 678
221 811
221 910
221 983
222 245
222 430
222 725
222 726
223 837
223 888
223 980
224 246
224 598
225 446
225 642
225 797
225 814
226 286
226 294
226 606
226 647
227 373
227 450
227 482
227 670
227 682
227 707
228 480
228 669
228 911
228 943
229 749
229 835
229 906
230 250
230 378
230 458
230 687
230 717
230 921
231 290
231 502
231 693
231 713
231 789
232 797
232 917
233 385
233 463
233 812
233 874
233 979
234 283
234 318
234 420
234 435
234 449
235 374
235 474
235 508
235 649
236 306
236 349
236 447
236 891
236 932
237 629
237 863
237 897
237 959
238 320
238 519
238 865
238 994
238 996
239 662
239 699
239 717
240 391
240 594
240 615
240 769
240 800
240 819
241 505
241 669
241 953
242 487
242 525
242 612
242 716
242 731
242 942
243 486
243 676
243 863
244 282
244 470
244 591
244 759
244 994
245 542
245 633
245 726
246 350
246 402
246 598
247 351
247 365
247 724
248 278
248 341
248 500
248 922
249 290
249 313
249 690
249 789
250 289
250 378
250 399
250 458
251 300
251 396
251 631
251 799
252 577
252 586
252 623
252 800
252 995
253 344
253 415
253 640
253 971
254 382
254 401
254 535
254 604
254 934
255 367
255 600
255 959
256 270
256 427
256 820
256 880
257 278
257 332
257 593
257 957
258 597
258 630
258 845
258 928
258 973
259 777
259 875
259 925
260 372
260 389
260 640
260 795
260 985
261 313
261 585
261 632
262 388
262 514
262 673
263 324
263 460
263 461
264 799
264 890
264 978
265 501
265 826
265 955
265 975
265 997
266 296
266 521
266 721
267 299
267 468
267 791
267 935
268 423
268 518
268 805
268 846
268 972
269 291
269 312
269 578
269 733
269 912
269 922
270 326
270 427
270 563
270 760
270 880
271 456
271 708
271 902
271 938
272 497
272 754
272 761
272 949
272 987
273 361
273 431
273 439
273 704
273 850
274 612
274 936
274 942
275 304
275 368
275 705
275 720
275 848
275 933
276 333
276 643
276 927
276 937
276 956
277 301
277 335
277 395
277 532
278 452
278 500
278 922
278 957
279 358
279 409
279 462
279 646
279 794
280 364
280 573
280 755
280 841
280 909
281 445
281 603
282 470
282 489
283 420
283 496
283 576
284 344
284 597
284 924
284 973
285 453
285 477
285 555
285 775
285 815
285 858
286 363
286 493
286 606
286 647
286 958
287 575
287 607
287 770
287 914
287 950
288 296
288 393
288 521
288 884
289 399
289 583
289 889
290 789
291 594
291 609
291 733
291 769
291 912
292 645
292 804
292 875
292 888
293 302
293 322
293 447
293 476
293 932
294 376
294 574
294 647
294 790
294 930
295 344
295 924
296 393
296 521
297 340
297 433
297 824
298 425
298 459
298 475
298 525
298 609
298 912
299 468
299 531
299 883
299 935
300 799
300 999
301 335
301 395
301 498
301 654
302 476
302 891
302 906
302 932
303 372
303 454
303 534
303 542
303 795
304 397
304 705
304 848
304 900
305 323
305 648
305 691
305 828
305 886
306 346
306 349
306 447
306 761
306 987
307 638
307 659
307 746
307 779
307 782
308 389
308 415
308 627
308 640
308 971
309 327
309 539
309 681
309 834
309 865
310 343
310 370
310 442
310 668
310 954
311 342
311 529
311 538
311 696
311 709
312 615
312 733
312 769
312 922
313 596
314 325
314 674
314 753
314 786
314 952
315 485
315 499
315 600
315 868
316 597
316 620
317 335
317 619
317 791
318 491
318 575
318 685
318 950
319 524
319 559
319 911
320 519
320 627
320 985
320 996
321 339
321 370
321 412
321 668
321 945
322 369
322 447
322 476
322 783
323 550
323 665
323 828
323 886
323 930
324 406
324 460
324 581
324 588
324 618
324 919
325 483
325 660
325 753
325 952
326 366
326 563
326 650
326 760
326 887
327 539
327 807
327 865
327 994
328 411
328 514
328 762
328 778
329 527
329 671
329 702
329 851
330 379
330 560
330 608
330 981
331 510
331 551
331 672
331 686
331 711
331 784
332 446
332 593
332 810
332 953
333 422
333 927
333 937
334 472
334 768
334 908
335 498
336 513
336 684
336 728
336 829
336 894
337 592
337 610
337 856
337 969
338 383
338 613
338 622
338 636
339 370
339 412
339 442
339 472
339 948
340 398
340 824
341 500
341 615
341 922
341 992
342 538
342 552
342 633
342 696
342 726
343 390
343 392
343 434
343 954
343 993
344 403
344 971
344 973
345 356
345 381
345 564
345 616
345 674
345 786
345 931
346 414
346 447
346 987
347 377
347 380
347 546
347 566
347 744
347 853
348 530
348 539
348 639
348 664
348 807
349 625
349 667
350 402
350 570
350 909
351 416
351 441
351 548
351 553
351 724
352 435
352 565
352 821
352 923
353 466
353 578
353 688
353 718
353 825
354 780
354 967
355 419
355 707
355 712
355 934
356 503
356 585
356 674
356 877
356 931
357 528
357 703
357 729
357 732
357 919
358 409
358 638
358 794
358 824
359 780
359 802
359 805
359 823
359 829
360 517
360 667
360 929
361 439
361 471
361 706
361 850
362 394
362 478
362 767
362 792
363 493
363 723
363 806
363 958
364 573
364 841
364 884
365 411
365 734
365 758
366 563
366 584
367 600
367 736
367 959
368 558
368 648
368 697
368 720
368 933
369 407
369 783
370 442
370 668
371 387
371 677
371 738
371 840
372 534
372 795
372 985
373 482
373 707
373 712
374 473
374 649
374 700
374 939
374 966
375 550
375 665
375 787
376 574
376 790
376 938
377 465
377 546
377 719
377 744
377 955
378 717
379 421
379 618
379 900
380 436
380 464
380 546
380 566
381 564
381 596
381 931
382 645
382 655
382 934
383 622
383 636
383 748
384 400
384 444
384 601
384 809
384 871
385 463
385 540
385 549
385 813
385 874
386 540
386 553
386 893
387 502
387 677
387 713
387 789
387 840
388 438
388 463
388 514
388 635
388 673
388 762
389 627
389 640
389 985
390 511
390 993
391 608
391 615
391 819
391 992
392 434
392 689
392 774
392 776
392 993
393 495
393 736
393 884
394 413
394 487
394 792
394 836
395 532
395 544
395 654
395 752
395 964
396 631
396 694
396 799
396 897
397 577
397 608
397 848
397 995
398 659
398 746
398 824
398 961
399 458
399 523
399 889
400 507
400 576
400 809
401 535
401 604
401 652
402 537
403 568
403 928
403 971
403 973
404 474
404 543
404 658
404 796
404 975
405 498
405 791
405 935
406 581
406 705
406 732
406 919
407 414
407 592
407 783
408 764
408 853
408 991
409 431
409 638
409 646
409 782
409 927
410 611
410 666
410 772
410 899
411 758
411 762
411 813
412 472
412 830
412 945
413 628
413 714
413 792
413 836
414 844
414 987
415 640
415 971
416 469
416 494
416 548
416 553
417 483
417 508
417 567
418 509
418 630
418 963
419 515
419 861
419 867
419 934
420 496
420 735
421 581
421 618
421 705
421 900
422 439
422 689
422 927
422 937
423 460
423 461
423 588
423 846
423 972
424 506
424 512
424 929
424 978
425 459
425 825
425 963
426 859
426 936
427 453
428 543
428 658
428 767
429 558
429 569
429 582
429 623
429 836
430 725
430 770
430 914
431 439
431 704
431 763
431 927
432 441
432 454
432 542
432 548
432 552
433 738
433 947
434 776
434 954
435 449
435 565
435 785
435 821
436 464
436 566
436 704
436 850
437 575
437 653
437 679
437 854
437 871
438 635
438 762
438 842
439 927
440 631
441 538
441 548
441 552
441 724
442 948
443 586
443 716
443 731
445 603
445 812
445 856
445 979
446 797
446 810
446 814
446 953
447 932
448 504
448 690
448 822
449 821
450 482
450 682
450 757
450 849
450 873
451 471
451 706
451 741
451 774
451 776
451 908
452 578
452 593
452 599
452 675
452 922
452 957
453 858
453 960
454 534
454 542
455 469
455 641
455 727
455 740
455 903
456 668
456 723
456 902
456 958
457 747
457 817
457 837
458 523
458 634
458 921
459 475
459 963
460 461
460 588
461 557
461 972
462 646
462 794
462 916
463 549
463 635
463 673
463 979
464 546
464 572
464 704
464 763
465 663
465 744
465 991
466 620
466 718
466 825
466 831
467 545
467 547
467 590
467 876
468 531
468 619
468 686
468 711
468 791
469 494
469 727
470 489
470 722
470 759
471 706
471 774
472 741
472 751
472 830
472 908
472 948
473 818
473 827
473 939
473 966
474 975
475 525
475 612
476 783
476 906
476 988
477 503
477 775
477 858
477 877
478 767
478 936
479 658
479 700
479 966
479 976
480 669
480 943
481 485
481 516
481 816
481 872
483 508
483 660
483 901
484 580
484 702
484 916
484 983
485 499
485 868
485 872
485 904
486 519
486 591
487 569
487 716
487 836
487 942
488 522
488 648
488 720
488 828
488 860
489 571
489 721
489 722
490 559
490 742
491 561
491 607
491 950
492 614
492 671
492 946
493 606
493 703
493 729
493 806
494 553
494 727
494 739
494 893
495 499
495 736
495 839
495 884
496 576
496 735
497 754
497 844
497 987
498 520
498 654
498 965
499 736
500 728
501 572
501 756
501 997
502 713
502 789
503 585
503 858
503 877
503 960
504 626
504 690
504 822
504 867
504 878
505 599
505 701
505 953
506 512
506 847
506 890
507 524
507 576
508 649
508 907
509 630
509 963
510 672
510 711
510 749
510 835
511 643
511 715
511 993
512 847
512 920
512 986
513 728
513 745
513 894
514 673
514 762
514 778
514 944
515 655
515 804
515 861
515 867
516 661
516 737
516 816
517 683
517 843
517 929
517 940
518 805
518 846
518 967
518 981
520 544
520 654
520 965
521 587
521 721
522 828
522 860
522 930
523 849
523 889
524 559
524 911
524 943
525 609
525 612
525 731
526 914
526 970
527 702
527 794
527 824
528 589
528 729
528 919
529 607
529 696
529 709
529 770
530 664
530 818
531 551
531 686
532 730
532 964
533 651
533 683
535 656
535 777
536 662
536 885
537 698
537 918
537 951
537 964
538 552
538 724
539 639
539 807
539 834
540 813
540 832
540 874
540 893
541 595
541 664
541 807
542 552
542 633
542 795
543 658
543 767
543 796
544 654
544 833
544 965
545 590
545 740
545 771
545 876
545 982
546 572
546 955
547 590
547 610
547 754
549 635
549 813
549 842
550 665
550 787
550 886
551 686
551 784
552 633
553 893
554 688
554 701
554 941
555 755
555 815
555 820
555 841
556 617
556 644
556 817
556 837
556 946
557 803
557 972
558 582
558 623
558 697
558 933
560 745
560 981
561 758
561 869
561 870
562 801
562 820
562 880
563 584
563 766
563 801
563 880
563 968
564 596
564 748
565 785
566 764
566 768
566 850
566 853
567 826
568 681
568 834
568 928
568 996
569 586
569 623
569 716
569 836
570 573
570 793
570 909
571 579
571 611
571 721
571 722
571 852
571 857
572 756
572 955
573 793
573 839
573 884
573 909
574 665
574 930
575 653
575 685
575 854
575 950
577 623
577 848
577 995
578 675
578 922
579 750
579 808
579 857
580 646
580 910
580 916
580 983
581 618
581 705
582 605
582 628
582 697
583 743
583 873
583 889
584 634
584 766
585 632
585 960
585 998
586 623
586 716
586 800
587 721
587 808
587 857
588 618
588 846
589 729
589 803
589 806
590 754
590 765
590 982
591 994
593 599
593 953
593 957
594 609
594 769
594 800
595 695
595 759
595 899
595 990
596 748
596 931
597 620
597 973
598 755
598 820
599 701
599 953
600 868
601 679
601 871
602 742
602 913
603 832
604 652
604 934
605 621
605 628
605 691
605 697
606 703
607 770
607 950
608 819
608 995
609 731
609 912
610 637
610 969
611 695
611 852
611 899
612 936
612 942
613 636
613 961
614 671
614 947
615 769
615 922
615 992
616 660
616 753
616 786
617 644
617 702
617 851
619 661
619 711
619 791
619 816
619 872
621 691
621 787
621 886
622 693
622 713
622 977
623 848
623 933
624 687
624 699
624 855
624 892
625 667
625 761
625 986
626 822
626 878
626 905
626 974
627 985
627 996
629 694
629 843
629 897
629 978
630 639
630 845
631 897
632 650
632 887
632 998
633 726
634 766
634 892
634 921
635 842
637 969
638 659
638 782
638 824
639 834
639 845
639 928
641 740
641 847
641 903
642 814
642 895
643 715
643 937
643 956
643 993
644 817
645 655
645 804
645 875
646 916
647 708
647 790
647 958
648 691
648 697
648 720
648 828
649 907
649 939
650 760
650 887
650 998
652 743
652 757
653 679
653 970
655 804
655 861
655 934
656 747
656 777
656 875
656 888
656 925
656 980
657 710
657 746
657 961
658 700
659 746
659 824
660 753
660 901
661 737
661 816
662 885
663 714
663 787
663 991
664 807
664 818
665 930
666 772
666 907
666 952
668 945
669 953
670 682
670 707
670 887
670 905
671 947
672 784
672 835
672 896
673 944
674 786
676 863
677 713
677 738
677 977
678 680
678 811
678 915
679 871
679 926
680 747
680 915
681 834
681 865
681 996
682 849
683 843
684 728
684 829
684 866
685 838
685 854
686 711
687 699
687 717
687 892
687 921
688 718
688 941
689 774
689 937
689 993
690 789
690 867
691 697
691 886
692 698
692 752
692 833
693 713
694 897
694 978
695 852
695 899
695 990
696 725
696 726
696 770
698 752
698 918
698 951
699 717
700 966
701 941
702 794
702 851
702 915
702 916
703 729
703 732
703 860
704 763
704 850
705 900
706 768
706 850
706 908
707 712
707 878
707 905
708 790
708 902
708 938
708 958
709 870
710 746
710 756
710 997
711 872
713 977
714 792
714 984
715 811
715 956
715 989
716 731
718 831
718 941
719 773
719 796
719 955
719 975
721 857
722 759
722 852
723 803
723 806
723 958
725 726
725 770
727 739
727 740
727 771
728 866
729 806
730 964
732 860
732 919
733 769
734 758
734 870
735 882
735 913
738 977
739 771
739 832
739 876
739 893
740 771
740 847
740 920
740 982
741 751
741 776
741 908
742 882
742 913
743 757
743 873
744 853
744 991
745 981
746 961
747 837
747 980
749 835
749 940
750 775
750 808
750 864
750 881
751 776
751 948
752 951
752 964
753 786
754 765
754 949
755 820
755 841
756 997
757 873
758 870
759 852
759 990
760 998
761 949
761 986
761 987
763 779
764 768
764 853
765 920
765 949
765 982
765 986
766 892
766 968
768 850
768 908
770 914
771 876
772 827
772 899
773 796
773 975
774 776
775 815
775 864
775 877
775 881
777 925
778 785
778 869
779 782
780 805
780 967
781 879
781 883
783 879
784 896
785 869
787 886
787 991
788 898
788 901
790 938
791 935
793 839
794 824
794 916
796 975
796 984
798 830
799 890
799 999
800 819
800 995
801 855
801 880
801 968
802 823
802 829
803 805
803 806
803 972
805 967
805 972
808 857
808 864
809 943
810 814
811 989
812 874
812 979
813 842
814 823
814 866
814 895
815 841
815 864
816 872
817 837
818 966
818 976
819 995
820 880
821 862
822 974
823 895
826 898
826 997
827 939
828 930
829 894
832 893
833 965
834 928
835 896
835 906
835 988
837 946
837 980
838 854
839 884
843 929
843 978
844 987
845 928
847 890
847 903
847 920
847 999
848 933
849 873
849 889
852 990
853 991
855 892
855 962
855 968
856 969
856 979
858 960
861 934
862 913
863 959
865 994
865 996
868 904
872 904
873 889
875 888
875 925
877 881
878 905
879 883
882 913
883 935
885 918
885 962
887 905
887 974
888 980
890 999
891 932
892 921
892 968
896 988
898 997
902 958
905 974
906 988
907 939
910 983
911 943
920 982
920 986
928 973
929 978
937 993
949 986
951 964
955 975
956 989
960 998
966 976
967 981
706 230
960 615
773 604
218 855
248 376
676 54
699 685
307 423
640 512
384 254
332 37
478 484
228 180
368 757
683 927
386 867
821 746
282 479
563 946
527 573
901 777
498 929
540 356
119 219
939 661
218 505
147 360
187 468
290 334
876 457
597 641
974 622
526 446
590 381
894 331
695 873
29 618
662 412
679 569
385 464
833 178
206 898
395 571
651 850
257 819
758 102
787 407
426 149
900 252
277 440
306 861
879 602
703 613
162 290
939 601
729 495
67 391
871 812
401 640
699 90
800 247
299 599
914 353
472 37
698 330
664 757
436 489
549 864
580 680
681 656
841 834
722 189
255 757
556 109
706 711
353 675
118 785
903 271
122 492
678 768
640 157
827 565
394 127
32 561
146 442
582 61
183 354
795 873
823 418
593 421
430 753
643 274
341 574
934 410
413 25
665 641
53 552
846 524
145 685
562 5
219 768
130 381
324 88
555 358
499 507
409 693
745 199
407 103
452 602
674 625
443 193
895 793
907 691
943 690
43 498
730 568
618 399
910 236
867 729
958 354
271 302
315 518
145 195
498 651
113 435
852 763
323 491
616 865
353 100
623 414
290 796
743 392
417 116
641 197
780 828
674 401
790 689
251 227
783 904
370 689
136 498
402 152
212 94
522 914
901 487
228 729
229 611
76 463
469 621
761 285
536 637
585 907
648 374
750 328
710 598
625 721
64 622
230 330
745 762
398 954
523 668
764 236
850 820
543 582
98 618
597 236
889 559
212 594
489 583
844 671
520 126
859 180
782 759
359 545
291 760
767 395
534 175
485 268
467 694
371 171
404 58
72 323
472 296
320 275
627 678
570 187
591 303
421 425
680 279
451 390
493 150
873 761
668 200
614 644
234 404
224 809
540 460
387 750
598 620
534 765
614 962
132 203
899 676
46 706
701 532
727 742
268 521
723 396
164 612
670 249
937 517
632 337
396 390
332 876
502 246
804 696
583 958
581 13
595 860
13 482
500 862
15 590
740 532
44 404
416 166
775 880
313 875
183 211
789 802
707 172
252 108
211 402
819 865
972 445
877 659
383 540
778 187
632 305
595 455
324 53
558 808
738 788
495 727
605 371
562 420
753 496
433 166
865 485
629 835
228 370
222 109
680 378
498 804
689 520
78 287
634 260
370 242
684 837
614 574
55 334
686 469
287 317
977 577
425 946
728 334
319 579
547 322
624 63
472 976
615 774
329 236
231 905
851 253
173 666
483 688
431 842
79 644
522 87
649 831
116 580
457 225
941 372
555 382
858 686
653 584
392 286
303 911
790 580
505 276
207 125
230 386
579 768
79 361
774 151
287 863
703 567
552 297
178 498
577 715
649 49
720 380
525 67
750 164
737 446
464 856
348 809
798 217
198 574
657 504
582 495
111 814
808 514
601 805
245 355
366 409
613 223
619 628
577 92
836 627
857 796
623 454
178 844
828 146
328 808
420 930
367 452
284 237
566 480
917 547
93 487
531 890
663 122
709 850
108 660
217 751
548 85
635 926
940 271
230 477
165 809
190 508
608 848
787 501
67 732
669 552
311 391
838 197
274 669
547 533
782 232
473 175
849 456
937 634
644 722
574 981
148 260
364 361
365 923
135 563
629 982
753 266
169 689
434 692
298 949
485 230
870 507
284 209
614 254
419 815
852 155
154 832
155 426
707 450
160 226
424 533
301 784
270 842
321 668
229 92
485 906
248 672
290 381
87 322
259 439
773 725
946 460
884 443
170 409
978 559
656 476
57 718
567 847
100 735
552 270
441 717
494 58
673 347
492 840
197 527
218 143
818 713
56 276
450 151
641 533
386 594
599 43
403 910
877 173
273 731
135 595
438 431
918 523
200 821
421 738
878 201
673 507
839 425
342 500
559 623
136 288
881 694
469 900
131 675
461 960
763 311
602 683
485 620
361 255
424 618
448 775
755 558
163 636
797 436
161 463
90 758
902 635
226 660
774 657
968 528
156 665
650 392
834 464
149 811
514 752
762 744
954 387
763 855
793 176
210 322
893 658
176 185
153 732
665 797
371 279
760 418
823 395
253 933
21 446
248 138
571 693
445 954
426 968
99 566
978 466
238 638
338 684
646 683
877 330
636 80
843 409
533 398
168 711
177 767
448 528
376 568
535 700
773 135
395 313
453 642
457 578
775 781
587 168
162 210
345 477
65 564
611 182
601 404
476 740
364 843
536 374
885 773
840 598
105 452
322 919
866 408
555 233
865 711
869 255
560 32
580 219
631 850
281 587
190 404
362 321
179 312
720 783
770 336
839 734
368 498
578 629
659 150
70 697
785 319
609 921
957 581
132 344
564 162
733 258
506 977
608 424
514 22
510 311
345 863
216 163
837 766
535 726
747 601
107 522
386 944
809 541
522 556
669 78
506 95
685 254
727 424
49 294
378 32
445 110
817 493
566 525
909 430
526 477
763 465
405 620
492 23
860 347
268 648
879 311
829 444
955 476
327 785
671 102
784 471
863 443
688 753
401 253
61 454
401 979
439 796
865 781
568 898
856 572
368 200
316 201
282 407
927 620
250 693
334 535
614 516
478 761
503 178
490 372
280 618
494 210
285 819
792 617
842 710
490 819
637 777
471 345
75 599
445 899
415 769
181 140
277 186
304 317
498 770
498 328
466 934
362 963
849 321
578 424
933 252
688 821
560 777
504 445
266 368
643 600
415 186
694 791
619 239
742 693
924 750
926 397
74 264
398 771
322 890
811 582
533 859
562 745
921 299
470 413
504 694
242 487
124 447
591 826
331 420
58 481
466 915
594 114
638 632
362 778
216 437
471 785
316 105
792 266
205 284
639 475
410 750
672 306
581 584
665 370
285 288
772 483
264 161
976 484
266 475
923 325
158 565
586 540
674 490
796 373
764 900
81 685
43 478
86 338
96 600
283 907
385 822
396 511
288 261
687 237
129 176
756 632
509 38
110 330
30 358
237 545
424 591
183 546
346 452
562 133
347 80
361 734
515 521
314 798
407 452
768 267
163 866
754 796
215 222
110 468
679 137
981 593
354 389
654 775
625 364
178 433
5 569
748 649
7 497
597 503
204 205
697 271
656 917
812 643
653 95
289 96
664 735
124 690
200 349
360 798
454 32
215 417
682 323
484 424
788 537
408 804
445 75
309 82
439 557
705 752
73 527
336 907
213 652
446 884
183 719
178 254
266 899
827 548
244 560
631 119
146 236
197 418
387 700
37 679
499 743
280 54
663 720
339 632
408 838
522 336
514 387
278 947
843 477
767 545
762 512
844 390
644 896
361 942
502 111
526 740
374 909
595 787
860 536
889 711
591 254
545 132
169 446
873 387
818 366
164 756
900 753
156 142
304 687
567 919
215 554
14 429
257 412
682 187
456 343
147 769
472 61
353 418
858 277
410 218
261 583
149 180
874 550
515 416
301 252
826 248
934 539
218 633
249 711
839 286
284 169
430 634
198 717
585 803
785 562
856 371
450 475
356 622
139 713
416 321
131 739
44 316
908 570
196 594
599 982
717 69
159 594
774 96
690 115
920 606
342 400
325 747
301 501
198 386
270 868
608 58
423 711
525 200
112 549
720 462
374 634
777 846
240 790
714 344
532 789
333 169
705 951
382 983
120 366
494 994
315 956
542 487
469 330
804 746
719 865
14 613
963 410
930 480
724 890
436 281
577 154
35 458
492 547
528 811
384 211
917 666
210 305
733 940
163 533
626 697
326 548
450 501
345 826
636 944
220 786
681 673
900 403
475 18
590 521
695 156
445 735
49 421
812 659
531 217
142 398
456 247
965 504
717 293
896 230
597 563
482 943
785 360
474 823
200 178
193 682
77 478
495 403
281 699
793 655
330 139
974 367
492 345
363 304
505 635
362 882
122 295
930 679
613 321
454 311
585 476
682 907
168 335
625 210
893 586
854 550
759 686
622 151
182 161
958 435
59 350
895 346
382 352
191 275
749 78
349 212
413 381
886 740
657 36
518 240
384 79
347 787
248 261
42 374
203 154
739 349
761 185
288 127
882 415
620 947
747 907
702 126
651 331
303 541
481 452
474 879
299 480
257 913
793 389
629 185
209 269
734 152
401 488
189 734
482 191
45 606
807 798
595 740
926 710
763 589
38 538
82 564
808 885
424 92
401 926
815 319
269 125
618 811
952 648
692 587
40 341
697 634
107 635
606 540
737 281
317 842
288 363
772 171
444 813
101 291
634 40
484 660
99 676
251 855
429 513
719 214
685 726
490 703
791 774
955 596
193 854
69 435
137 464
160 789
839 263
816 597
463 87
398 433
728 806
103 792
307 613
62 644
669 819
270 921
616 304
324 295
222 528
375 114
577 659
485 99
538 8
453 547
545 984
309 164
951 303
755 616
672 522
425 984
631 563
223 277
359 602
480 561
187 446
716 311
976 393
27 413
548 928
834 322
48 583
383 681
674 444
808 292
845 224
722 131
28 645
500 419
308 732
586 841
86 705
574 445
513 812
623 476
302 558
306 286
735 371
