1000 2960 10
75 52 62 100 63 62 31 56 99 76 78 46 96 70 53 21 45 78 39 54 16 31 12 77 8 55 67 79 93 96 1 23 35 1 30 15 93 35 78 74 31 12 38 95 68 23 38 93 1 86 74 13 34 72 52 66 76 45 52 14 34 12 6 10 22 27 51 94 79 92 47 66 87 94 59 6 100 10 5 24 28 74 27 88 97 96 99 25 24 7 50 8 3 31 17 26 74 89 72 97 12 93 70 2 76 13 56 13 1 24 85 65 74 20 33 28 26 57 93 57 63 100 10 68 34 47 7 30 84 72 68 10 80 49 61 90 97 74 47 52 14 36 7 10 36 75 55 30 68 5 10 17 12 8 26 99 20 23 42 99 83 28 100 52 91 76 38 59 9 16 35 20 42 76 20 18 63 30 6 14 21 18 79 46 19 8 81 57 97 57 66 30 57 84 46 12 45 10 8 42 6 19 72 71 38 97 36 23 21 53 46 42 85 49 81 76 21 38 34 11 99 99 87 85 36 70 68 58 82 40 51 8 37 52 27 89 87 17 58 16 16 45 43 25 76 36 100 62 73 66 90 59 52 99 5 77 64 76 67 31 83 50 64 15 6 10 68 92 51 36 7 92 55 65 84 21 25 95 71 88 48 79 37 96 64 41 60 81 33 85 44 20 47 8 19 87 59 30 86 97 60 7 29 66 68 31 57 42 70 63 63 95 57 63 26 41 61 61 13 62 19 1 47 71 67 75 90 29 82 40 60 11 36 59 69 77 30 19 77 34 65 23 62 22 61 31 22 72 21 36 30 83 45 100 28 99 66 79 69 73 18 25 14 72 73 79 51 47 35 56 66 36 65 32 12 24 25 2 32 79 75 88 33 31 70 40 5 83 19 48 91 23 48 23 69 60 10 70 30 24 82 32 30 7 28 70 17 50 92 34 25 71 69 2 13 68 13 24 92 69 53 27 28 13 61 40 61 34 86 4 57 53 82 3 63 29 15 69 74 39 69 26 84 74 56 18 60 36 97 19 46 56 44 87 6 28 28 57 23 65 18 70 75 30 30 46 45 75 10 37 54 58 83 82 100 28 17 25 43 68 36 95 30 57 10 61 74 60 100 21 65 86 11 59 69 46 16 91 45 100 52 28 54 13 73 9 99 47 72 25 83 8 88 4 39 83 11 73 78 63 69 45 91 77 28 74 61 11 19 16 9 40 64 59 53 78 32 3 25 92 24 71 40 24 54 9 98 68 72 66 65 31 49 10 85 79 12 17 65 63 30 45 69 4 1 100 73 90 90 27 35 8 100 6 71 77 17 27 63 36 81 65 47 25 83 98 41 66 26 8 51 93 87 61 16 67 15 18 92 50 32 35 37 12 5 16 58 12 22 74 61 62 60 66 8 41 96 99 60 81 5 33 48 53 78 47 68 77 53 44 21 70 23 60 46 34 98 68 32 97 38 64 19 80 89 73 63 92 67 3 23 27 30 24 52 77 4 39 86 72 84 89 85 4 17 35 42 84 31 77 51 83 12 82 75 85 86 84 53 9 25 15 71 84 85 56 18 91 36 39 61 91 81 13 72 9 36 19 32 28 23 15 49 71 64 17 88 22 11 38 86 49 79 77 59 5 68 46 50 70 12 39 15 76 90 92 26 1 77 94 9 98 60 84 79 99 69 27 96 59 75 25 49 66 83 79 36 6 36 23 56 13 77 39 62 41 32 80 93 36 60 62 2 30 64 93 26 76 73 26 87 17 3 47 53 35 50 48 49 69 14 90 54 42 82 87 63 40 53 56 23 82 58 28 94 73 15 96 54 48 32 69 40 64 59 99 40 37 12 8 45 76 79 87 80 43 6 63 32 23 47 48 72 73 48 84 19 17 66 53 83 63 77 37 84 11 11 20 68 44 1 32 86 60 34 24 71 82 57 46 87 90 35 92 71 20 57 32 46 56 100 17 55 59 23 93 81 25 76 70 97 98 54 25 92 21 90 75 100 37 46 44 28 18 84 43 100 12 66 13 1 45 57 67 1 38 9 9 41 43 80 99 59 34 23 42 80 31 42 59 39 76 52 62 82 20 88 35 27 75 42 21 29 67 79 91 5 10 57 94 9 75 13 26 24 81 44 24 39 4 19 26 64 36 13 39 68 93 29 12 74 79 20 91 29 20 82 37 12 88 42 74 73 93 5 95 81 58 25 8 42 91 84 74 24 42 8 74 67 51 73 49 93 36 25 73 3 51 60 26 99 90 14 13 3 64 56 32 29 37
0 180
0 472
0 606
0 629
0 686
0 901
1 246
1 293
1 319
1 386
1 487
1 716
2 39
2 117
2 300
2 406
2 506
2 730
3 10
3 161
3 240
3 366
3 453
3 580
3 860
4 50
4 106
4 237
4 747
4 761
4 835
5 170
5 582
5 638
5 702
5 871
6 166
6 242
6 268
6 433
6 540
6 809
6 910
6 966
7 122
7 192
7 205
7 295
7 552
7 650
8 30
8 149
8 278
8 894
8 946
9 310
9 839
9 945
9 968
10 81
10 306
10 366
10 505
10 580
10 931
11 113
11 127
11 437
11 472
11 606
11 992
12 190
12 200
12 412
12 618
12 883
13 17
13 666
13 672
13 763
13 765
13 908
14 83
14 155
14 164
14 325
15 24
15 135
15 288
15 499
16 96
16 139
16 171
16 182
16 701
17 174
17 450
17 666
17 765
18 27
18 150
18 233
18 503
18 577
18 827
19 120
19 311
19 539
19 694
19 763
19 793
19 857
20 602
20 711
20 806
20 973
21 317
21 631
21 674
21 711
21 851
22 489
22 562
22 603
22 749
22 858
23 94
23 348
23 381
23 482
23 596
23 956
24 128
24 288
24 322
24 374
24 499
24 824
24 838
25 133
25 619
25 636
25 806
26 366
26 505
26 575
26 631
26 851
27 150
27 569
27 717
27 827
28 225
28 478
28 526
28 616
28 662
28 733
29 144
29 318
29 508
29 632
29 680
30 278
30 354
30 479
30 553
30 718
30 894
31 80
31 200
31 333
31 368
31 412
31 738
31 845
31 854
31 946
32 50
32 294
32 382
32 512
32 681
32 742
32 984
33 173
33 191
33 573
33 692
33 738
33 932
34 367
34 421
34 528
34 611
34 660
34 712
35 178
35 203
35 597
35 600
35 736
35 769
35 968
36 408
36 491
36 548
36 766
36 859
36 935
37 48
37 73
37 158
37 367
37 528
37 613
37 770
38 59
38 145
38 152
38 262
38 921
39 117
39 209
39 506
39 558
39 624
39 737
39 836
39 918
40 120
40 445
40 556
40 639
40 878
40 886
40 888
41 104
41 292
41 544
41 589
41 657
41 843
42 143
42 369
42 413
42 622
42 630
42 785
43 82
43 297
43 402
43 469
43 640
43 794
43 814
43 815
44 350
44 394
44 538
44 802
45 756
45 826
45 880
45 890
45 912
45 954
46 60
46 492
46 530
46 743
46 750
47 195
47 355
47 656
47 831
47 844
47 905
48 73
48 130
48 528
49 54
49 91
49 219
49 428
49 557
50 106
50 681
50 747
50 984
51 198
51 388
51 565
51 826
51 890
52 64
52 90
52 465
52 563
52 804
53 68
53 259
53 422
53 734
53 920
53 974
54 91
54 217
54 219
54 567
55 235
55 281
55 646
55 661
55 986
56 380
56 389
56 403
56 435
56 536
56 577
57 84
57 264
57 346
57 602
57 973
58 62
58 208
58 771
58 789
58 812
58 953
59 145
59 262
59 407
59 749
59 975
60 68
60 304
60 492
60 734
60 750
61 279
61 285
61 393
61 405
61 408
61 491
61 840
61 963
62 118
62 129
62 812
62 953
63 78
63 109
63 122
63 272
63 854
64 90
64 327
64 379
64 416
64 465
64 992
65 481
65 579
65 707
65 729
65 927
65 978
66 532
66 623
66 869
66 907
66 933
67 150
67 560
67 659
67 717
67 746
68 304
68 423
68 734
68 974
69 98
69 243
69 263
69 383
69 997
70 593
70 768
70 936
70 953
70 961
71 173
71 190
71 279
71 285
71 291
71 405
71 410
72 684
72 730
72 822
72 978
73 130
73 490
73 770
73 783
74 76
74 249
74 380
74 389
74 786
75 134
75 213
75 261
75 488
75 501
75 541
75 959
76 233
76 249
76 389
76 620
76 782
77 443
77 456
77 613
77 770
77 849
77 964
78 272
78 427
78 583
78 854
78 862
79 559
79 571
79 744
79 817
79 948
79 979
80 147
80 149
80 412
80 653
80 883
80 946
81 306
81 356
81 358
81 425
81 898
81 931
82 297
82 360
82 686
82 815
83 155
83 164
83 307
83 463
83 598
83 950
84 264
84 602
84 664
84 874
85 243
85 396
85 475
85 604
86 88
86 135
86 514
86 897
86 974
87 141
87 426
87 484
87 721
87 776
87 970
88 159
88 160
88 423
88 514
88 974
89 105
89 162
89 329
89 475
89 876
90 114
90 379
90 637
90 804
91 217
91 316
91 524
91 557
91 663
92 247
92 326
92 387
92 518
93 351
93 384
93 581
93 646
93 977
94 184
94 348
94 542
94 956
95 263
95 294
95 332
95 512
95 691
95 972
95 991
96 171
96 182
96 256
96 919
96 955
97 186
97 511
97 564
97 594
97 634
97 719
98 243
98 363
98 451
98 568
98 997
99 307
99 420
99 651
99 833
99 982
100 102
100 138
100 354
100 534
100 633
101 309
101 402
101 791
101 877
102 534
102 633
102 699
102 899
103 218
103 485
103 651
103 798
103 903
104 292
104 544
104 790
105 162
105 204
105 844
105 876
106 237
106 676
106 984
107 155
107 254
107 325
107 347
107 477
107 592
107 977
108 262
108 266
108 323
108 365
108 626
109 122
109 192
109 272
109 700
109 904
110 133
110 358
110 425
110 434
110 500
110 605
110 898
110 983
111 185
111 258
111 520
111 838
112 182
112 256
112 455
112 665
112 694
112 995
113 153
113 321
113 416
113 572
113 606
113 992
114 379
114 637
114 755
114 873
115 119
115 181
115 330
115 614
115 637
115 715
115 847
116 154
116 331
116 607
116 722
116 812
116 841
116 981
117 209
117 406
117 927
118 129
118 688
118 812
118 841
118 945
119 637
119 727
119 847
120 539
120 639
120 857
120 888
121 206
121 234
121 287
121 350
121 394
121 538
121 713
122 192
122 205
122 854
123 126
123 211
123 271
123 549
123 628
123 762
123 904
124 132
124 614
124 642
124 732
124 764
124 847
125 185
125 495
125 506
125 566
125 737
125 868
126 211
126 271
126 415
126 417
126 496
126 679
127 146
127 327
127 437
127 992
128 322
128 439
128 684
128 822
128 824
129 222
129 709
129 936
129 945
129 953
130 395
130 528
130 783
131 140
131 177
131 545
131 643
131 764
132 330
132 614
132 642
132 842
132 943
133 454
133 605
133 619
133 636
133 846
133 898
134 213
134 501
134 825
134 922
135 288
135 499
135 514
135 788
135 830
135 897
136 274
136 476
136 517
136 554
136 555
136 832
137 269
137 548
137 768
137 859
137 915
137 934
137 961
138 147
138 170
138 354
138 474
138 633
139 182
139 701
139 995
140 177
140 259
140 422
140 458
140 643
140 920
141 388
141 426
141 484
141 705
141 800
142 248
142 267
142 277
142 602
142 664
142 872
143 167
143 369
143 535
143 630
143 987
144 176
144 188
144 230
144 318
144 657
144 680
145 152
145 214
145 564
145 975
146 327
146 336
146 437
146 465
146 810
147 149
147 278
147 354
147 474
147 653
148 151
148 434
148 500
148 547
148 913
149 278
149 946
150 233
150 502
150 620
150 717
150 746
151 547
151 608
151 913
151 944
152 214
152 399
152 497
152 889
152 921
153 189
153 313
153 321
153 379
153 416
153 743
153 780
153 914
154 208
154 493
154 550
154 601
154 812
154 957
154 981
155 325
155 477
155 598
156 165
156 621
156 699
156 718
156 837
156 899
156 926
156 951
157 403
157 418
157 435
157 670
157 693
157 752
158 367
158 480
158 613
158 714
158 896
158 925
159 160
159 250
159 423
159 444
160 215
160 444
160 514
160 520
161 272
161 453
161 580
161 700
161 779
162 329
162 683
162 844
162 993
163 326
163 382
163 523
163 625
163 742
163 855
163 991
164 307
164 325
164 420
164 725
165 354
165 534
165 699
165 718
166 268
166 542
166 703
166 751
166 910
167 314
167 369
167 623
167 759
167 987
168 350
168 446
168 518
168 947
169 203
169 600
169 688
169 722
169 945
169 988
170 289
170 474
170 582
170 633
170 702
171 701
171 955
172 238
172 266
172 323
172 390
172 414
173 190
173 200
173 410
173 573
173 932
174 282
174 450
174 765
174 892
174 903
174 985
175 293
175 449
175 487
175 628
175 648
175 762
175 911
176 210
176 230
176 318
176 902
176 967
177 727
177 755
177 764
177 847
177 920
178 252
178 720
178 736
178 745
178 769
178 790
178 843
179 658
179 773
179 803
179 976
179 998
180 297
180 353
180 370
180 400
180 629
180 686
181 330
181 432
181 615
181 677
181 715
181 943
182 256
182 995
183 193
183 206
183 419
183 446
183 758
184 223
184 268
184 348
184 349
184 542
185 258
185 566
185 838
185 868
186 564
186 719
186 975
187 754
187 772
187 837
187 893
187 951
188 230
188 589
188 657
189 379
189 710
189 743
189 750
189 873
190 200
190 405
190 618
190 840
190 963
191 221
191 241
191 338
191 391
191 692
191 932
192 549
192 650
192 904
193 413
193 446
193 758
193 785
193 947
194 212
194 381
194 482
194 489
194 667
194 858
195 270
195 355
195 685
195 879
195 905
196 228
196 244
196 343
196 459
196 554
196 832
196 952
197 274
197 373
197 449
197 464
197 551
197 628
197 648
197 687
198 388
198 705
198 890
198 976
199 231
199 421
199 436
199 438
199 441
199 712
199 731
200 368
200 412
200 573
201 290
201 376
201 428
201 498
201 557
201 741
202 204
202 363
202 398
202 568
202 656
202 774
202 831
202 856
203 579
203 600
203 769
203 988
204 398
204 656
204 844
204 876
205 295
205 845
205 854
206 287
206 350
206 419
206 446
207 351
207 384
207 569
207 863
207 917
208 493
208 789
208 812
209 296
209 624
209 927
210 318
210 599
210 967
211 417
211 574
211 904
212 482
212 489
212 562
212 586
212 678
212 816
213 541
213 584
213 895
213 922
214 497
214 541
214 564
214 634
215 258
215 264
215 301
215 444
215 520
216 531
216 537
216 644
216 958
216 974
217 273
217 524
217 567
218 265
218 461
218 485
218 651
218 690
218 881
218 982
219 428
219 561
219 567
219 713
220 257
220 544
220 709
220 790
220 839
220 994
221 229
221 338
221 448
221 696
221 818
221 932
222 310
222 709
222 945
223 268
223 349
223 411
223 655
223 809
224 260
224 362
224 521
224 527
224 565
224 740
225 256
225 452
225 478
225 662
225 797
225 908
226 372
226 471
226 533
226 820
226 825
226 864
227 429
227 488
227 594
227 816
227 939
227 962
228 687
228 832
228 952
229 364
229 448
229 696
229 784
230 589
230 843
230 902
231 441
231 468
231 724
231 731
231 739
232 492
232 530
232 649
232 664
232 801
233 389
233 577
233 620
234 394
234 713
234 792
234 802
235 556
235 591
235 646
235 886
235 986
235 999
236 275
236 336
236 409
236 436
236 885
236 938
236 949
237 641
237 676
237 732
237 761
238 390
238 399
238 414
238 616
238 733
238 853
238 921
239 333
239 386
239 404
239 467
239 473
239 716
239 845
239 894
240 366
240 575
240 860
241 324
241 338
241 391
241 392
241 427
241 781
242 293
242 319
242 385
242 540
242 772
242 966
243 363
243 383
243 398
243 475
243 604
243 876
244 343
244 554
244 819
244 867
244 929
245 344
245 754
245 916
245 960
246 319
246 335
246 716
246 772
246 893
247 314
247 387
247 518
247 726
247 759
248 267
248 401
248 462
248 509
248 872
249 782
249 783
249 786
250 304
250 337
250 423
250 444
250 492
251 253
251 321
251 509
251 572
251 767
251 971
252 284
252 579
252 707
252 745
252 769
253 401
253 469
253 509
253 767
253 815
253 877
254 347
254 384
254 863
254 977
255 497
255 584
255 733
255 820
255 853
255 889
255 895
256 478
256 665
256 672
256 706
256 908
256 919
257 597
257 736
257 790
257 994
258 264
258 346
258 470
258 520
258 868
259 422
259 458
259 958
259 974
260 521
260 565
260 826
260 880
261 303
261 486
261 488
261 939
261 959
262 365
262 749
262 921
263 383
263 691
263 972
263 997
264 301
264 346
264 874
265 307
265 811
265 881
265 940
265 982
266 323
266 378
266 390
266 626
267 277
267 462
267 636
268 542
268 809
269 548
269 771
269 937
269 961
270 355
270 367
270 529
270 714
270 879
271 464
271 496
271 628
272 453
272 583
272 700
273 524
273 567
273 697
273 834
274 517
274 551
274 687
274 832
275 336
275 563
275 615
275 677
275 885
276 560
276 659
276 661
276 917
276 986
277 602
277 636
277 806
278 354
279 285
279 405
280 387
280 723
280 759
280 778
280 828
281 351
281 646
281 661
282 311
282 765
282 793
282 833
282 887
282 985
283 429
283 513
283 678
283 757
283 816
284 507
284 707
284 745
285 291
285 491
285 937
286 542
286 703
286 813
286 870
286 956
287 376
287 419
287 428
287 713
288 322
288 830
289 377
289 474
289 653
289 702
290 345
290 376
290 741
290 909
291 410
291 493
291 789
291 875
291 937
291 957
292 790
292 843
293 319
293 487
293 540
293 648
293 708
294 361
294 512
294 972
294 984
295 467
295 552
295 845
296 331
296 607
296 624
296 729
296 784
296 927
297 370
297 686
297 689
297 814
298 309
298 454
298 547
298 636
298 791
298 944
299 312
299 362
299 640
299 721
299 776
299 814
300 374
300 506
300 566
300 730
300 822
300 824
301 337
301 444
301 874
302 443
302 456
302 807
302 906
302 964
303 429
303 486
303 939
304 423
304 492
305 324
305 338
305 392
305 617
305 652
305 818
305 924
306 356
306 417
306 574
306 580
306 585
306 779
307 420
307 940
307 950
307 982
308 357
308 612
308 724
308 731
308 775
309 401
309 462
309 636
309 791
309 877
310 709
310 839
310 945
311 763
311 765
311 793
312 362
312 461
312 690
312 814
313 321
313 510
313 780
313 971
314 369
314 622
314 726
314 759
315 341
315 501
315 658
315 803
315 930
316 524
316 663
316 728
316 882
317 346
317 674
317 711
317 973
318 599
318 632
318 704
319 772
320 340
320 371
320 439
320 507
320 684
321 572
321 971
322 439
322 524
322 728
322 830
322 834
323 365
323 414
324 338
324 392
325 515
325 592
325 654
325 675
325 725
326 387
326 668
326 723
326 855
327 465
327 992
328 361
328 451
328 568
328 642
328 774
328 842
329 475
329 821
329 993
330 614
330 943
331 607
331 784
331 981
332 512
332 625
332 991
333 845
333 894
333 946
334 415
334 459
334 525
334 570
334 679
334 928
335 404
335 553
335 716
335 893
335 926
336 409
336 438
336 465
336 563
336 810
337 444
337 492
337 801
337 874
338 818
339 433
339 635
339 866
339 966
340 371
340 494
340 507
340 745
340 967
341 501
341 571
341 578
341 803
342 370
342 400
342 519
342 670
342 829
342 881
343 459
343 525
343 817
343 819
344 385
344 635
344 754
344 960
344 966
345 376
345 610
345 909
345 941
346 470
346 674
346 900
346 973
347 477
347 503
347 827
347 863
348 349
348 482
348 586
348 682
349 411
349 517
349 555
349 682
350 446
350 518
350 538
351 384
351 646
351 661
351 917
352 535
352 610
352 623
352 799
352 869
352 987
353 400
353 431
353 629
353 829
354 534
354 718
355 529
355 844
356 375
356 425
356 570
356 585
357 431
357 457
357 693
357 724
357 775
358 425
358 898
359 378
359 390
359 478
359 695
359 706
359 852
360 686
360 815
360 901
361 451
361 642
361 850
361 972
361 984
362 461
362 527
362 740
362 776
363 398
363 568
364 448
364 550
364 601
364 784
364 875
364 981
365 414
365 921
366 505
366 575
367 528
367 611
367 714
367 879
368 573
368 738
369 622
370 400
370 519
370 689
371 439
371 599
371 697
371 967
372 442
372 471
372 526
372 647
372 864
373 551
373 648
373 655
373 708
373 809
374 566
374 824
374 838
375 425
375 570
375 698
376 419
376 428
376 941
377 393
377 638
377 653
377 702
377 840
378 390
378 626
378 852
379 416
379 873
380 389
380 435
380 468
380 786
380 848
381 482
381 596
381 667
382 523
382 681
382 742
383 604
383 691
384 863
384 977
385 754
385 772
385 966
386 467
386 487
386 552
386 669
386 716
387 723
387 759
388 484
388 527
388 565
388 705
389 577
390 478
390 616
391 427
391 692
391 738
391 862
392 440
392 652
392 781
393 408
393 466
393 638
393 840
393 935
394 538
394 802
395 421
395 441
395 528
395 783
395 786
396 475
396 604
396 691
396 991
397 443
397 490
397 770
397 807
398 876
399 853
399 889
399 921
400 829
401 462
401 509
401 877
402 469
402 791
402 794
402 877
402 944
402 969
403 435
403 536
403 752
404 473
404 553
404 716
405 963
406 730
406 927
406 978
407 511
407 603
407 719
407 749
407 975
408 491
408 935
409 436
409 438
410 448
410 875
410 932
411 517
411 551
411 655
412 883
413 518
413 622
413 726
413 785
413 947
414 921
415 459
415 496
415 679
415 952
416 992
417 574
417 585
417 679
418 670
418 752
418 811
418 881
418 940
419 758
419 941
420 725
420 833
421 441
421 528
421 712
422 920
423 974
424 596
424 667
424 858
424 870
425 698
425 983
426 608
426 800
426 965
426 970
427 453
427 583
427 781
427 862
428 557
428 713
429 486
429 513
429 816
429 939
430 590
430 657
430 792
430 802
430 989
430 996
431 457
431 629
431 693
431 829
432 677
432 856
432 943
433 866
433 910
433 966
434 454
434 500
434 547
434 605
435 693
435 739
435 848
436 438
436 712
436 938
437 457
437 472
437 629
437 775
437 810
438 612
438 731
438 810
439 684
439 697
439 834
440 575
440 652
440 781
440 860
441 468
441 786
442 452
442 526
442 587
442 647
442 662
443 770
443 807
443 964
445 581
445 654
445 886
445 888
446 947
447 500
447 543
447 546
447 595
447 913
447 965
448 875
448 932
449 628
449 648
450 666
450 797
450 892
450 980
451 568
451 972
451 997
452 587
452 662
452 797
452 861
452 980
453 583
453 781
453 860
454 547
454 605
454 636
455 539
455 694
455 990
455 995
456 480
456 613
456 787
456 849
456 906
456 964
457 629
457 775
458 627
458 643
458 799
458 869
458 958
459 525
459 952
460 471
460 533
460 588
460 658
460 930
460 998
461 485
461 690
461 740
461 798
462 636
463 536
463 598
463 950
464 496
464 628
464 687
464 952
465 563
466 638
466 871
466 935
467 552
467 845
468 739
468 786
468 848
469 815
469 877
470 495
470 808
470 868
470 900
471 533
471 588
471 647
472 606
472 629
473 553
473 894
474 653
475 821
475 876
476 513
476 554
476 555
476 757
476 867
477 503
477 598
478 616
478 706
479 553
479 621
479 718
479 926
480 613
480 787
480 925
481 579
481 722
481 729
481 988
482 586
483 502
483 522
483 659
483 673
483 884
483 906
484 527
484 776
485 798
486 513
486 578
486 929
486 959
487 669
487 911
488 541
488 594
488 634
488 939
489 562
489 858
490 522
490 673
490 770
490 782
490 783
490 807
491 548
491 937
492 530
492 801
493 789
493 957
494 720
494 745
494 843
494 902
494 967
495 504
495 737
495 808
495 836
495 868
496 952
497 541
497 889
497 895
498 531
498 537
498 557
498 663
498 741
498 909
499 514
499 520
499 838
500 595
500 913
500 983
501 533
501 578
501 825
501 930
501 959
502 620
502 673
502 746
502 884
503 577
503 598
503 827
504 617
504 808
504 836
504 924
505 619
505 846
505 851
505 931
506 566
506 737
507 684
507 707
507 745
507 978
508 590
508 632
508 671
508 680
508 704
508 735
508 989
509 510
509 649
509 872
509 971
510 649
510 780
510 971
511 594
511 603
511 719
511 962
512 625
512 742
513 757
513 867
513 929
514 520
515 654
515 675
515 857
515 887
516 523
516 681
516 747
516 748
516 828
516 891
517 551
517 555
518 726
518 947
519 689
519 690
519 881
520 838
521 609
521 740
521 880
521 942
522 673
522 807
522 906
523 681
523 855
523 891
524 728
524 834
525 744
525 817
525 928
526 662
526 733
526 864
527 565
527 776
529 683
529 714
529 844
529 896
530 649
530 743
530 780
530 914
531 537
531 627
531 909
531 958
532 623
532 778
532 835
532 907
533 825
533 930
534 699
535 610
535 630
535 941
535 987
536 577
536 598
536 752
536 950
537 644
537 663
537 882
537 897
539 639
539 694
539 878
539 990
540 708
540 809
541 634
541 895
542 703
542 956
543 546
543 595
543 928
543 948
543 979
544 657
544 790
545 643
545 764
545 777
546 795
546 800
546 948
546 965
547 944
548 859
548 937
549 576
549 650
549 762
549 904
550 601
550 981
551 655
552 576
552 650
552 669
553 894
553 926
554 832
554 867
555 682
555 757
556 591
556 878
556 886
557 663
558 624
558 696
558 784
558 818
558 918
559 571
559 773
559 803
559 865
559 948
560 569
560 659
560 717
560 917
561 567
561 713
561 792
561 996
562 603
562 816
562 962
563 615
563 715
563 804
564 634
564 975
565 826
566 838
567 599
567 697
567 704
567 996
568 774
569 717
569 827
569 863
569 917
570 585
570 679
570 698
570 928
571 578
571 803
571 817
571 819
571 929
572 606
572 767
572 901
573 738
574 700
574 779
574 904
575 631
575 652
575 823
575 860
576 650
576 669
576 762
576 911
577 598
578 929
578 959
579 707
579 769
579 988
580 779
581 592
581 646
581 654
581 886
581 977
582 633
582 871
584 820
584 895
584 922
585 679
586 678
586 682
586 757
587 647
587 756
587 861
587 954
588 647
588 912
588 954
588 976
588 998
589 657
589 843
590 657
590 671
590 989
591 878
591 990
591 999
592 654
592 977
593 709
593 766
593 768
593 915
593 934
593 936
594 634
594 962
595 698
595 928
595 983
596 667
596 870
596 956
597 736
597 839
597 968
597 994
599 697
599 704
599 967
600 945
600 968
601 875
601 957
602 664
602 806
602 973
603 749
603 962
604 691
606 901
607 722
607 729
608 913
608 944
608 965
608 969
608 970
609 753
609 756
609 880
609 942
609 980
610 627
610 799
610 909
610 941
611 660
611 685
611 879
611 949
612 731
612 775
612 810
613 770
614 847
615 677
615 715
616 733
617 652
617 796
617 808
617 823
617 924
618 653
618 840
618 883
619 711
619 806
619 846
619 851
620 673
620 782
621 718
621 926
622 726
623 759
623 778
623 869
623 987
624 784
625 742
625 991
626 852
626 955
627 799
627 909
627 958
628 762
630 758
630 785
630 941
631 674
631 796
631 823
631 851
632 704
633 871
633 899
635 866
635 923
635 960
635 966
636 806
637 715
637 727
637 755
637 804
638 702
638 871
639 878
640 645
640 721
640 794
640 814
641 732
641 761
641 764
641 777
642 732
642 842
642 850
643 777
643 869
643 907
643 933
644 897
644 974
645 721
645 794
645 969
645 970
646 886
647 954
648 708
649 664
649 780
649 872
651 833
651 903
651 982
651 985
652 823
653 840
653 883
654 857
654 888
655 809
656 831
656 844
657 671
657 680
658 803
658 930
658 998
659 746
659 884
659 906
660 712
660 938
660 949
661 917
661 986
663 882
664 801
664 872
664 874
665 672
665 694
665 763
666 797
666 908
667 858
668 723
668 748
668 855
668 891
669 911
670 693
670 829
670 881
671 680
672 763
672 908
673 782
674 796
674 900
675 725
675 833
675 887
676 732
676 850
676 984
677 760
677 856
677 885
678 757
678 816
681 747
682 757
683 805
683 844
683 896
683 993
684 822
684 978
685 879
685 885
685 905
685 949
686 901
687 832
687 952
688 722
688 841
688 945
689 690
689 814
690 814
690 881
691 991
692 738
693 724
693 739
693 829
694 763
695 706
695 852
695 919
695 955
696 784
696 818
697 834
698 928
698 983
699 899
700 779
700 904
701 955
701 990
701 995
701 999
703 751
703 813
704 735
704 996
705 795
705 800
705 865
705 976
706 919
707 978
708 809
709 839
709 936
710 734
710 750
710 755
710 873
710 920
711 806
711 851
711 973
712 938
713 792
714 896
715 804
719 975
720 745
720 843
721 776
721 970
722 729
722 841
722 988
723 748
723 828
724 731
724 739
725 833
727 755
727 847
728 788
728 830
728 882
729 927
730 822
730 978
732 764
732 850
733 820
733 853
733 864
734 750
734 920
735 989
735 996
736 790
737 836
738 854
738 862
739 848
740 798
740 942
741 909
743 750
743 914
744 817
744 928
744 979
746 884
747 828
747 835
748 828
748 891
749 858
751 813
751 866
751 910
751 923
752 940
752 950
753 892
753 942
753 980
754 772
754 837
754 916
755 873
755 920
756 861
756 880
756 954
756 980
758 785
758 941
759 778
760 831
760 856
760 885
760 905
761 777
761 835
761 907
762 911
763 765
764 777
764 847
766 859
766 871
766 934
766 935
767 815
767 901
768 915
768 961
771 789
771 937
771 953
771 961
772 893
773 803
773 865
773 976
774 842
774 856
774 943
775 810
777 907
778 828
778 835
780 914
781 860
782 783
783 786
784 981
787 805
787 821
787 925
788 830
788 882
788 897
789 937
790 843
791 944
792 802
792 996
793 857
793 887
794 969
795 800
795 865
795 948
796 808
796 823
796 900
797 908
797 980
798 903
798 942
799 869
800 965
801 874
805 821
805 896
805 925
805 993
807 906
808 900
811 881
811 940
812 841
813 870
813 923
813 960
815 901
816 962
817 819
818 918
818 924
819 929
820 825
820 864
820 922
821 993
822 824
825 922
826 880
826 890
827 863
828 835
831 856
831 905
833 887
833 985
835 907
836 918
836 924
837 899
837 916
837 951
839 968
839 994
840 963
842 943
843 902
845 854
846 898
846 931
849 964
850 984
852 955
853 889
854 862
855 891
856 943
857 887
857 888
858 870
859 934
861 980
865 948
865 976
866 910
866 923
867 929
869 933
870 956
871 935
875 957
878 990
882 897
885 905
885 949
890 912
890 976
892 903
892 942
892 980
893 926
893 951
894 946
896 925
897 974
898 931
899 916
899 960
902 967
903 942
903 985
907 933
912 954
912 976
913 965
915 934
916 960
918 924
919 955
923 960
926 951
927 978
928 979
936 953
938 949
940 950
944 969
945 968
948 979
953 961
955 999
958 974
969 970
972 997
976 998
986 999
989 996
990 995
990 999
385 403
590 855
781 514
601 643
595 104
837 842
520 916
616 775
708 830
959 565
559 640
411 365
752 767
148 582
156 428
708 388
43 619
168 567
137 339
109 536
574 507
605 551
273 936
408 930
730 427
547 547
608 588
124 326
156 691
941 335
696 857
720 757
547 64
730 692
306 216
923 520
886 762
255 181
163 842
767 551
61 508
985 414
747 138
379 475
892 200
286 623
553 349
369 138
255 202
810 291
578 83
311 599
433 281
596 294
817 319
14 428
218 339
595 475
884 655
175 859
570 338
831 757
911 627
626 718
453 311
843 519
658 176
89 299
613 334
450 59
944 699
801 726
797 462
238 193
202 295
279 787
174 284
191 143
655 710
387 686
733 802
537 634
382 460
177 411
581 463
429 22
663 354
354 562
641 363
363 44
486 274
775 313
701 46
63 414
432 932
507 34
56 650
241 856
449 84
202 469
777 877
448 507
777 898
237 509
976 445
359 87
574 98
124 401
99 797
615 731
508 603
692 460
86 608
443 378
499 282
507 207
853 586
794 528
904 603
519 222
80 526
838 196
629 743
552 752
520 180
715 491
523 736
395 341
775 418
947 617
245 218
600 227
494 156
537 578
275 759
700 366
424 806
913 717
772 853
48 604
608 248
365 588
529 476
724 141
932 370
193 855
385 317
743 848
456 593
723 824
137 300
442 561
206 803
488 345
839 633
147 404
710 930
249 383
275 133
627 393
644 403
596 673
333 68
554 6
166 445
731 910
492 945
709 116
821 142
895 563
816 844
33 643
120 758
771 704
184 553
544 824
915 382
559 240
910 474
326 681
355 411
463 203
69 617
796 168
438 899
709 474
221 865
628 924
966 381
533 312
786 758
713 663
595 748
785 145
354 935
348 146
444 766
498 820
325 618
308 264
742 740
777 267
414 115
897 536
388 100
639 763
821 182
81 369
859 644
795 551
887 375
555 719
339 910
261 777
217 822
637 421
681 292
804 336
262 479
829 286
998 478
743 632
965 599
462 882
292 556
165 641
242 711
297 849
461 774
777 632
927 406
288 289
540 414
172 307
874 238
17 468
373 228
570 124
149 759
648 828
615 628
676 652
570 902
426 54
397 772
604 979
612 889
713 62
500 479
198 272
596 385
458 430
878 487
448 469
98 390
217 772
97 638
974 503
678 469
616 263
280 586
307 806
132 828
478 49
600 456
239 449
81 762
502 504
474 909
899 708
324 154
522 766
623 701
810 352
453 817
400 220
33 339
538 503
716 845
816 733
684 90
24 400
146 527
341 845
858 471
833 729
447 980
814 214
724 384
800 820
752 246
824 680
959 442
563 856
519 71
645 785
812 561
348 461
464 537
339 519
749 472
611 425
153 158
322 815
595 363
699 612
545 684
201 449
326 328
469 511
969 583
132 551
299 510
481 395
735 88
324 722
749 331
608 532
916 354
592 885
832 425
456 393
769 389
110 770
690 627
131 442
671 34
402 312
483 112
329 50
488 189
819 583
524 10
685 809
462 701
643 878
385 272
579 401
707 635
540 967
864 412
335 733
298 422
428 742
576 969
747 229
618 500
128 374
416 915
437 882
842 152
52 392
706 198
331 398
734 868
345 123
517 664
326 353
514 623
86 709
390 441
511 91
303 540
428 92
797 638
121 805
602 613
284 168
726 725
731 112
320 441
843 383
241 694
496 852
734 443
501 658
781 222
818 801
87 724
496 301
233 317
390 940
577 40
455 38
82 389
583 947
606 839
697 63
330 599
190 308
114 733
679 681
670 629
849 792
883 217
258 245
441 4
179 189
402 92
173 786
319 410
465 477
425 508
230 372
645 846
806 745
803 503
248 916
868 768
370 262
793 699
455 863
736 769
778 130
136 780
494 720
460 335
538 711
256 408
786 193
184 464
296 230
597 277
619 356
398 978
506 636
381 582
661 681
800 275
331 833
932 253
322 369
434 176
529 955
475 582
234 342
352 263
382 351
341 277
811 401
653 625
271 269
217 675
175 159
620 408
85 473
810 158
427 605
782 652
522 826
182 587
481 91
204 647
637 670
490 560
66 569
194 109
355 360
666 246
466 719
292 695
277 513
482 500
195 403
495 781
408 292
863 809
637 806
251 284
428 478
666 520
277 692
385 374
660 844
780 837
418 10
399 817
144 389
114 677
683 881
242 97
856 530
370 926
107 216
340 569
252 507
334 799
578 829
282 817
312 939
180 204
874 742
562 363
843 664
901 433
698 521
513 748
222 794
747 282
684 401
462 618
309 749
99 242
161 365
688 556
574 589
750 510
845 440
935 304
483 450
492 406
265 885
524 39
378 811
661 395
139 494
617 74
442 851
785 104
292 444
666 425
260 575
149 204
602 43
786 367
439 699
210 692
322 559
279 206
321 112
519 372
709 273
649 155
285 714
750 895
730 183
212 387
709 302
862 188
65 548
539 889
263 800
451 939
408 652
998 461
600 200
400 626
465 556
887 733
581 755
823 624
473 840
613 801
656 864
410 789
406 854
41 493
769 291
762 588
370 678
67 317
846 277
311 903
430 253
227 848
301 573
731 479
841 331
452 104
105 350
489 685
369 721
433 395
735 712
567 698
624 600
569 795
170 346
343 764
859 511
569 660
83 453
835 857
647 690
233 761
516 689
374 875
232 653
287 662
978 394
943 279
19 524
110 436
946 721
276 854
457 642
407 962
947 521
167 382
862 364
910 549
815 637
564 490
268 909
445 25
497 576
408 386
834 565
410 565
242 582
721 211
332 195
337 299
240 126
507 191
426 229
142 706
670 578
776 778
561 553
155 274
692 897
753 107
690 164
785 572
539 8
61 735
699 248
528 781
361 377
749 172
631 570
926 331
813 878
261 838
556 978
502 533
508 239
843 827
61 529
358 506
577 148
504 137
617 199
686 310
382 536
42 425
253 673
512 838
519 414
593 767
221 500
659 601
774 806
111 469
474 865
384 119
977 358
315 699
59 278
329 220
27 384
197 679
748 304
550 441
101 606
164 590
390 961
650 36
598 814
281 394
949 294
119 606
150 227
636 536
158 487
558 106
416 189
348 871
500 706
965 336
589 71
400 870
312 93
811 442
343 182
376 422
483 793
889 578
307 454
285 480
458 7
714 679
295 378
87 572
62 693
758 614
830 370
484 655
735 928
599 693
15 583
820 819
468 963
910 318
342 617
88 676
845 480
527 876
974 659
566 301
588 542
315 229
847 258
298 125
462 231
625 853
99 311
709 896
242 882
908 453
359 542
863 556
658 66
296 320
167 467
766 99
536 236
739 352
835 535
800 481
316 301
532 135
184 740
583 306
914 301
960 494
721 516
698 717
272 315
267 537
748 261
557 37
533 345
407 684
888 451
83 281
609 90
641 68
256 932
558 322
488 975
228 396
230 572
606 957
530 256
242 631
381 857
780 160
694 103
396 170
603 132
550 785
121 574
561 192
151 561
896 800
440 436
930 705
905 510
198 169
881 684
596 928
350 668
439 138
349 327
341 538
609 177
647 122
573 678
502 388
657 655
178 258
230 239
791 589
770 143
237 275
244 79
714 344
858 679
970 479
449 533
881 255
130 530
393 525
374 630
649 567
171 612
263 521
676 214
371 609
562 410
915 226
354 715
475 256
289 76
552 518
159 188
667 544
506 891
364 320
253 429
874 623
478 994
334 485
415 458
315 871
409 719
722 598
399 746
230 728
301 54
779 452
646 583
749 442
265 735
294 604
124 354
639 99
312 387
735 372
390 142
445 800
180 505
805 380
626 124
707 562
636 943
709 454
984 539
806 776
876 590
483 145
942 438
353 104
659 793
555 592
537 199
256 313
183 125
530 114
598 568
64 720
194 770
657 741
633 29
422 151
113 507
313 961
904 756
633 633
223 637
670 717
96 370
216 715
365 647
518 974
389 791
687 509
662 200
437 994
887 814
515 458
529 296
574 434
814 657
390 66
447 492
46 533
329 171
262 600
275 436
725 319
747 783
73 265
392 190
54 469
147 507
95 497
202 786
303 618
630 45
212 571
628 899
684 839
243 781
290 108
691 338
529 607
723 946
652 532
405 415
911 414
227 521
576 738
368 155
131 182
631 175
151 614
723 258
515 947
568 815
287 646
441 595
511 358
927 726
627 978
63 343
724 582
66 668
582 276
158 796
251 748
509 987
707 589
276 89
667 903
815 525
455 671
376 773
300 709
545 618
760 670
646 187
927 742
866 790
965 674
845 714
343 227
302 825
237 423
761 192
244 553
454 165
441 546
919 581
701 815
800 134
393 655
354 204
211 413
644 924
475 765
914 674
261 648
36 680
426 953
828 665
671 265
331 778
591 991
914 695
287 891
813 762
170 139
414 597
557 950
879 399
939 552
401 548
381 557
479 414
500 76
597 503
642 325
203 867
321 654
86 407
823 483
405 668
210 606
818 606
223 463
474 638
538 86
189 520
4 451
707 155
871 540
922 285
31 562
502 1
416 348
317 66
981 518
49 586
887 274
466 75
313 669
3 546
