800 113 400 3 1367
5 5 1 22 7 4 1 2 6 11 8 4 1 13 2 4 1 3 18 1 2 28 5 6 2 25 3 7 4 3 3 5 14 4 3 11 14 2 2 10 4 1 4 23 9 15 5 14 8 3 17 8 5 9 5 8 3 1 3 6 1 7 7 4 3 7 1 1 3 4 14 1 19 18 5 5 13 1 2 6 9 6 1 9 20 1 1 8 18 14 8 5 6 7 2 10 7 11 3 3 23 2 4 6 9 3 2 2 1 25 14 3 12
9164 10000 3461 4401
6509 7485 5469 6445
2972 3053 1597 1678
716 2053 6624 7961
3909 5151 2471 3713
1764 2228 9510 9974
8945 9303 7297 7655
2170 3062 2802 3694
8163 8788 1177 1802
2708 3305 2722 3319
2508 3214 2912 3618
5874 6215 3832 4173
0 648 5097 6376
6196 7107 4769 5680
6545 6652 6744 6851
4997 5884 1273 2160
7138 7597 8928 9387
6525 7185 272 932
7910 8309 7569 7968
170 694 7492 8016
5883 7036 7668 8821
7710 8341 5953 6584
4621 4717 8416 8512
8796 9647 1183 2034
8941 9193 3986 4238
7781 8241 6630 7090
8173 8756 9438 10000
6930 7113 6114 6297
7860 9024 5368 6532
3325 4283 1821 2779
0 309 6710 7028
7342 7870 0 390
8273 9450 981 2158
0 1082 7700 8876
180 1151 1397 2368
9169 9178 2607 2616
8001 8383 9377 9759
3338 3709 4212 4583
3073 4082 5809 6818
4107 5059 6166 7118
0 1201 8820 10000
1764 2208 5485 5929
8371 8638 7774 8041
1465 2739 1797 3071
4504 4659 6028 6183
6692 7453 6432 7193
6756 7512 5046 5802
1509 1704 5460 5655
3926 4931 8209 9214
1761 2285 6907 7431
7275 8144 3086 3955
5201 5690 7470 7959
7188 7292 8661 8765
3268 3967 7840 8539
4944 5140 560 756
7887 8536 4481 5130
1270 2352 5265 6347
7983 8118 9224 9359
9296 9756 61 521
2456 2528 2237 2309
8840 9498 5571 6229
963 1892 4054 4983
6523 7088 5325 5890
8131 8467 2374 2710
606 789 5306 5489
2865 3703 0 303
3032 4121 4846 5935
174 1273 4422 5521
7674 8602 1504 2432
6816 7383 7205 7772
7786 8164 612 990
1699 1883 9652 9836
1301 2637 3859 5195
3693 4221 0 473
7165 7591 1016 1442
8078 8562 6502 6986
1462 2602 2511 3651
2958 4243 2110 3395
5435 6088 8464 9117
4286 5387 6460 7561
8461 9380 8373 9292
7832 8810 3953 4931
6990 7105 4155 4270
6070 6686 4526 5142
8811 9486 8754 9429
658 1234 6633 7209
8193 8529 185 521
8052 8795 9229 9972
4133 4722 7352 7941
0 385 2679 3262
8861 9002 5913 6054
0 452 1933 2930
7179 7853 5410 6084
1547 1644 4621 4718
2923 3045 7722 7844
18 432 904 1318
3015 3916 6144 7045
4065 4824 2822 3581
5126 6235 7905 9014
2370 3288 4078 4996
8921 9850 1302 2231
1282 1552 6317 6587
4512 4752 7828 8068
332 1058 8913 9639
2224 2475 7571 7822
1070 1196 5944 6070
1115 1687 3504 4076
5265 6586 993 2314
123 1085 6982 7944
8850 10000 8327 9551
744 889 855 1000
3051 3749 7612 8310
7750 8595 2879 3724
5442 6656 7493 8707
9121 10000 6023 7166
5073 5885 5290 6102
5280 6639 7803 9162
0 47 9291 9437
5350 6087 3368 4105
7529 8660 3621 4752
5205 5880 925 1600
7097 7884 1555 2342
4237 5404 4036 5203
2640 2669 1880 1909
3419 3468 3944 3993
113 278 6097 6262
44 331 3724 4011
1062 1593 44 575
1771 2710 519 1458
5876 6752 6122 6998
142 1225 922 2005
448 1167 4401 5120
2516 3237 4028 4749
9239 9536 2419 2716
8986 10000 9058 10000
8298 8768 8070 8540
1774 2316 3386 3928
3658 3995 5105 5442
4625 5160 107 642
7292 7884 5958 6550
4310 4529 7750 7969
632 1558 8368 9294
8232 8687 0 388
191 782 7117 7708
7021 7871 4370 5220
2939 3574 8491 9126
7963 8848 3984 4869
499 862 2328 2691
1358 2250 2528 3420
497 522 1437 1462
9107 9497 0 302
9423 9430 8383 8390
2411 3588 8788 9965
4575 5305 6857 7587
3528 4803 7990 9265
679 801 7961 8083
2217 3437 8755 9975
8175 9413 3624 4862
891 988 2548 2645
1878 2623 1035 1780
9274 9527 9547 9800
8849 9221 994 1366
5897 6835 6444 7382
4449 5202 5824 6577
7812 9087 8535 9810
5769 6445 6614 7290
5416 6250 8065 8899
5915 6332 5639 6056
5533 6885 6580 7932
4427 5740 2396 3709
899 1493 2231 2825
5057 5454 6566 6963
1707 2294 1981 2568
8343 9243 6451 7351
8490 8625 9072 9207
811 1990 4698 5877
3455 4570 7035 8150
901 1873 2913 3885
2537 3211 177 851
7591 8443 3195 4047
3099 3333 4426 4660
102 1183 3604 4685
8765 9064 4245 4544
6322 6633 5371 5682
4226 4408 7622 7804
7966 8899 2892 3825
5641 5821 7402 7582
7270 7698 4329 4757
8318 9119 1547 2348
6368 7297 1925 2854
3170 3788 78 696
1899 2737 8780 9618
480 1685 6877 8082
3309 4537 0 875
9591 10000 6906 7953
2609 2890 8275 8556
9035 9573 8035 8573
2938 3538 2171 2771
4620 5278 2450 3108
1934 2630 1361 2057
7152 8187 9700 10000
3022 3165 5961 6104
2516 2529 2321 2334
0 1072 3845 5099
6017 6241 5448 5672
2650 3404 0 430
1840 2921 0 378
2924 4033 3465 4574
4241 4369 3414 3542
4772 5570 572 1370
933 2077 4442 5586
307 1296 4778 5767
6413 6733 583 903
326 1459 7073 8206
0 391 9516 10000
0 497 5492 6065
3091 4397 8802 10000
241 280 7463 7502
2129 2873 7483 8227
9765 10000 2950 3968
6313 6392 115 194
4308 5427 139 1258
9181 9511 8248 8578
3312 3525 4066 4279
9159 10000 3656 4531
6117 6732 6911 7526
4180 5212 4898 5930
5770 6861 7480 8571
3279 3587 2380 2688
8344 8465 7768 7889
8247 8779 2716 3248
0 548 4648 5674
7086 8008 6242 7164
7167 8492 9514 10000
7400 8410 3526 4536
8154 8244 237 327
5712 6434 4119 4841
5316 5787 9400 9871
1986 2094 8475 8583
6075 6536 246 707
8443 9444 3845 4846
5981 6360 6504 6883
7289 7628 5086 5425
7065 7435 9651 10000
1148 2091 1371 2314
4885 4892 9293 9300
1998 2325 4791 5118
3378 3901 66 589
5334 6465 1736 2867
8702 8747 5373 5418
4220 4344 8256 8380
5585 6357 3365 4137
2617 3578 8516 9477
8539 9185 2896 3542
6473 7375 6366 7268
1198 2093 8097 8992
2523 3541 1818 2836
3952 4399 0 436
3050 4408 645 2003
1498 2455 1996 2953
935 1882 521 1468
0 166 6105 6684
8317 8751 3372 3806
8486 9289 8048 8851
2522 3787 6179 7444
5651 6930 3650 4929
4482 5153 6480 7151
8224 8883 9150 9809
728 999 3666 3937
6286 7073 9225 10000
1954 2860 2751 3657
8118 9298 6385 7565
5300 6445 5178 6323
331 518 761 948
272 1572 7432 8732
5547 6289 5993 6735
6090 6790 6460 7160
3220 3443 7272 7495
9657 9881 4263 4487
6107 6642 8105 8640
7282 7539 4059 4316
38 782 6788 7532
2874 4143 6556 7825
7930 8957 5604 6631
7362 8409 5642 6689
6335 6444 5690 5799
6934 7674 4302 5042
1396 2469 1324 2397
9043 9898 1537 2392
507 637 1445 1575
3111 3774 7905 8568
8663 9850 6497 7684
1608 2613 7988 8993
2090 2840 5305 6055
1823 2869 772 1818
5767 5975 7733 7941
5538 6640 7805 8907
1173 2411 8517 9755
7981 8677 2842 3538
7624 7757 933 1066
66 1410 9507 10000
7602 8250 8686 9334
1754 2807 5588 6641
4286 5364 2414 3492
1800 2633 6799 7632
6372 6704 8518 8850
9969 10000 3991 5275
1955 2613 9074 9732
2271 2935 5356 6020
3227 4589 5510 6872
8179 9055 1793 2669
1251 1962 6515 7226
1079 2133 5588 6642
231 416 9024 9209
1915 1922 2516 2523
3940 4423 4442 4925
7536 8687 2580 3731
5850 6639 5251 6040
5798 6636 3819 4657
7168 7608 7271 7711
7849 9091 6310 7552
6797 7126 1030 1359
5245 5651 4395 4801
2674 3131 7601 8058
3314 4603 8467 9756
0 938 3112 4225
6339 7438 8204 9303
6135 6770 6914 7549
995 2132 4640 5777
797 2100 2958 4261
8475 9440 3736 4701
6359 7413 2624 3678
9375 10000 7822 9134
9738 10000 6149 6445
8898 9821 1104 2027
1062 1118 6035 6091
0 988 3532 4576
3172 4159 8659 9646
2940 4143 2189 3392
6223 6647 4320 4744
5873 6835 4607 5569
7825 9116 2873 4164
4085 4502 3888 4305
6907 7964 1850 2907
1647 2769 6186 7308
6500 7707 4916 6123
6980 7918 695 1633
8196 9125 6279 7208
0 703 7735 8978
7994 8890 0 875
1897 2719 3477 4299
9493 9829 7814 8150
5861 6661 1055 1855
7821 8684 8801 9664
1736 2834 7744 8842
1120 1960 3912 4752
3771 4376 8555 9160
7600 8425 368 1193
7950 8528 4120 4698
8505 9650 6782 7927
8447 8633 5415 5601
3811 4307 794 1290
1455 1893 1486 1924
8021 8956 5022 5957
8966 9279 8889 9202
214 449 3794 4029
1155 2127 548 1520
2664 3765 9043 10000
3845 4833 758 1746
1138 1440 1414 1716
7055 7665 5128 5738
3178 3240 2244 2306
1026 1327 9940 10000
3382 4046 6888 7552
1657 2079 8939 9361
8626 8827 745 946
8167 8487 6819 7139
2953 4306 2207 3560
8265 8576 4232 4543
7778 8847 4368 5437
3286 4471 2932 4117
1656 1984 8880 9208
3922 5051 3522 4651
0 955 2500 3657
104 1131 419 1446
5353 5834 7243 7724
8286 9423 7097 8234
4911 5335 8340 8764
8012 8074 1747 1809
6849 6883 960 994
5857 6930 8335 9408
5683 6322 4094 4733
8649 9746 2395 3492
8083 8399 3530 3846
5962 6193 5512 5743
6422 7206 3088 3872
6106 6794 2336 3024
2519 2719 9180 9380
974 1438 9487 9951
3070 3344 696 970
7463 8355 7208 8100
0 412 5459 6032
9421 9772 347 698
9721 9976 5134 5389
8206 9344 4818 5956
6432 7327 0 627
4027 5302 7143 8418
9492 10000 2563 3739
2845 3447 8959 9561
631 1742 7646 8757
164 947 676 1459
4746 5575 1369 2198
1840 2556 0 631
4421 4670 3642 3891
5847 6109 8022 8284
3703 4677 6690 7664
7440 7669 1177 1406
3210 4400 3212 4402
7193 7942 9324 10000
2438 3759 5171 6492
8922 9259 570 907
7921 8412 4164 4655
5366 6731 6447 7812
6790 7347 2793 3350
7589 7647 3602 3660
1790 2866 6614 7690
1271 2516 4329 5574
0 799 6082 7051
1837 1901 1406 1470
3910 4279 8631 9000
562 1738 3185 4361
8926 9660 5117 5851
2972 4250 3503 4781
8942 9017 9547 9622
3737 3897 3027 3187
0 714 8122 9150
8630 9627 7083 8080
9268 10000 1834 2727
5298 6170 8612 9484
6040 6512 4479 4951
0 937 3947 4976
1314 1893 7376 7955
3003 3110 6325 6432
6925 6936 9877 9888
685 1823 4200 5338
6882 8234 7983 9335
2152 2623 8976 9447
1560 2293 278 1011
5470 6766 8296 9592
3058 3588 2896 3426
1061 2149 6803 7891
3261 4209 4156 5104
4960 5858 0 500
4737 5046 3305 3614
6306 7481 7833 9008
3703 5038 326 1661
1931 2049 3462 3580
4848 6047 7350 8549
957 1010 141 194
5426 5900 35 509
3725 4987 6329 7591
5198 5561 753 1116
5738 6739 1811 2812
298 932 2985 3619
7486 7970 9432 9916
2651 3351 1023 1723
5798 6787 2734 3723
5744 6458 4201 4915
1556 2641 8978 10000
8969 10000 8247 9395
5547 6701 5302 6456
2508 3066 7793 8351
6744 7151 464 871
493 1451 7005 7963
2562 3036 8710 9184
4299 4797 8552 9050
5886 6217 7810 8141
7176 8018 5021 5863
7035 7308 7456 7729
6602 7245 842 1485
6375 7371 5470 6466
3163 4148 2885 3870
380 1115 122 857
8351 8709 9343 9701
5670 6023 6184 6537
6425 6527 8014 8116
1874 2191 7409 7726
1661 2135 7953 8427
8212 9573 1474 2835
6540 7194 7166 7820
3617 3919 3599 3901
6108 6701 7107 7700
1656 2611 5651 6606
6540 7329 6099 6888
2194 2457 9153 9416
2156 2919 5196 5959
0 176 6958 7686
5304 5815 8442 8953
6993 7350 9340 9697
3363 4105 4477 5219
5634 5997 318 681
5296 6385 3889 4978
1496 1501 8242 8247
6127 6931 5448 6252
5403 5410 8079 8086
9585 10000 8547 9258
9441 9609 5711 5879
8133 9184 1354 2405
7900 9068 4143 5311
1930 2871 7447 8388
5807 6618 6088 6899
2633 3200 113 680
370 821 927 1378
1 126 4440 4565
2796 4096 5919 7219
1900 2612 2799 3511
2787 3122 3917 4252
1742 2779 7663 8700
3869 5107 7748 8986
2753 4036 3097 4380
5649 6202 3589 4142
4825 5383 2598 3156
657 1222 1082 1647
6640 7144 1826 2330
7720 8076 2664 3020
8193 9010 0 675
1376 1976 8239 8839
6774 6920 8065 8211
1332 2263 4499 5430
6164 7077 438 1351
6606 7641 6895 7930
6192 6938 685 1431
703 2007 4708 6012
3164 4124 8460 9420
6121 7161 23 1063
1440 1651 8762 8973
890 1867 3554 4531
5231 6427 9211 10000
6982 7888 5703 6609
9220 9659 836 1275
481 1182 2274 2975
3614 4197 7863 8446
6110 7001 6778 7669
8712 9911 5550 6749
9038 10000 7820 8893
3706 4920 8119 9333
1923 2665 4328 5070
3370 4213 3192 4035
5687 5766 1111 1190
6544 7888 5978 7322
9038 9414 1371 1747
701 1292 4891 5482
9704 10000 3536 3865
6669 6874 2368 2573
2621 3845 7567 8791
2181 3029 8120 8968
192 486 6239 6533
2075 3198 6920 8043
2995 3154 9156 9315
963 1766 6759 7562
2689 3384 1985 2680
173 743 8643 9213
2613 3346 1946 2679
8022 8228 5420 5626
5012 5551 9454 9993
4210 5073 0 358
563 1405 2293 3135
1831 2402 3232 3803
2383 2803 6977 7397
8099 8817 6904 7622
2287 3535 3066 4314
7943 9217 1323 2597
3 975 2770 3742
5690 6673 9207 10000
4127 4505 1580 1958
8938 9010 5884 5956
3313 4633 8184 9504
5695 6519 5689 6513
5383 5694 0 269
8741 10000 67 1405
5070 5878 5819 6627
5857 6436 8985 9564
7514 8672 3632 4790
869 1578 3313 4022
276 924 708 1356
4192 5304 4643 5755
4367 5393 6631 7657
2125 2162 2835 2872
6036 6944 1544 2452
477 829 6859 7211
6365 7124 2562 3321
6138 6219 6151 6232
938 1631 7857 8550
4909 6056 5423 6570
5329 6443 3898 5012
3997 4674 7506 8183
471 545 6261 6335
6651 6834 2949 3132
7117 7786 1702 2371
1517 2726 3782 4991
2718 3249 7867 8398
1533 2070 6773 7310
4308 4890 3660 4242
47 998 79 1030
4314 4879 7144 7709
2910 2956 2023 2069
6884 7110 1690 1916
1828 2341 8689 9202
0 644 2345 3679
6941 7924 4121 5104
8146 9026 6133 7013
2936 3494 7865 8423
9606 9876 8152 8422
2310 2388 636 714
337 1569 7265 8497
6817 7036 5457 5676
523 1227 927 1631
2256 2820 9762 10000
4716 4848 6500 6632
6351 6715 96 460
166 1480 574 1888
7615 8443 589 1417
6010 6974 6275 7239
2029 3295 3012 4278
1656 2552 7307 8203
0 344 3950 4799
2901 3806 1522 2427
4570 5412 4439 5281
6596 6608 3412 3424
7994 8755 5759 6520
9196 9421 3155 3380
7393 7902 2365 2874
2779 2912 1077 1210
4473 4636 2943 3106
0 364 5753 6293
6075 7401 8293 9619
1662 2129 6498 6965
716 980 6922 7186
4588 5662 8099 9173
1508 2663 3939 5094
0 147 926 1382
6071 6195 463 587
7838 8456 5556 6174
9122 10000 1293 2571
287 375 791 879
3730 5008 2100 3378
1960 2565 1678 2283
6493 6745 4754 5006
2527 2587 6595 6655
4741 5187 9212 9658
902 1632 3987 4717
1258 1765 3853 4360
734 1032 988 1286
2903 3873 709 1679
9256 9763 707 1214
3558 4575 7914 8931
9257 9293 303 339
4991 5525 3126 3660
7184 7636 0 430
5855 6931 5755 6831
717 1278 541 1102
339 1102 8910 9673
3808 4684 4513 5389
1898 2476 1692 2270
0 898 5869 6970
2638 2741 2778 2881
3085 4170 335 1420
7127 7681 7119 7673
8292 9347 8929 9984
5111 5955 4197 5041
1685 2367 5708 6390
5798 5873 1893 1968
6989 8156 4985 6152
2953 3154 8689 8890
3821 4566 4955 5700
3328 3744 9566 9982
3373 4127 2050 2804
8077 9058 8771 9752
9340 9985 8013 8658
1533 2819 2183 3469
2890 3332 5371 5813
2238 2682 4139 4583
348 642 2462 2756
4495 5210 5517 6232
6152 6577 5546 5971
8083 8515 1310 1742
8276 8886 1897 2507
745 2003 1582 2840
2194 2546 992 1344
8832 9418 6947 7533
5584 6415 1496 2327
2196 2606 535 945
6359 7169 9396 10000
2327 3233 1918 2824
6697 7438 1449 2190
6712 7554 13 855
6846 8099 4024 5277
3973 4854 7306 8187
7780 8825 0 492
6400 7275 753 1628
7816 9106 6959 8249
9396 9471 815 890
3216 3918 0 314
6692 6727 7588 7623
3285 4452 1356 2523
4630 5507 9342 10000
3745 4751 2850 3856
9235 10000 6807 7875
6700 7460 0 738
5566 6751 9266 10000
8434 8891 5926 6383
1876 2005 7748 7877
3180 3661 6153 6634
5404 5704 7899 8199
3526 4819 7322 8615
8665 9553 2431 3319
7266 7829 8947 9510
3853 3896 9862 9905
6978 7158 6810 6990
4266 4655 1291 1680
4985 6167 450 1632
9312 10000 5889 6797
4557 5796 8278 9517
5113 5508 3873 4268
5062 5614 8605 9157
2601 3625 8220 9244
824 1346 5713 6235
232 758 6701 7227
3605 4889 2960 4244
6067 6684 1657 2274
8270 9510 4954 6194
2551 3116 7270 7835
7168 7970 1248 2050
871 2174 2856 4159
6531 7591 9030 10000
5166 5965 6316 7115
3652 4576 9064 9988
0 280 7677 8566
8927 9166 0 221
3343 4371 3102 4130
2317 3388 8497 9568
1111 1498 5756 6143
435 635 3913 4113
4784 6138 4131 5485
8359 8564 434 639
3159 3998 1993 2832
1417 1642 3168 3393
8796 8838 8121 8163
8635 9687 7290 8342
5600 6586 3798 4784
9640 9745 2139 2244
4155 5071 3742 4658
8422 8444 3700 3722
7303 7962 9099 9758
1803 2143 5378 5718
2006 2524 2779 3297
2511 3819 9736 10000
313 764 4026 4477
6039 6251 6895 7107
2946 3157 8293 8504
694 2058 418 1782
9521 9662 7522 7663
3739 4379 2138 2778
4256 5192 2671 3607
4874 6151 4389 5666
7288 7381 6982 7075
1076 1527 4570 5021
7011 7549 4778 5316
8209 9236 8083 9110
5176 6517 214 1555
9795 10000 3102 3389
2218 2486 599 867
3648 4769 2142 3263
8135 9385 925 2175
8862 8891 7939 7968
539 1433 1352 2246
3907 3996 8561 8650
6089 6429 1638 1978
5277 5818 972 1513
8327 9437 9133 10000
8614 8766 7724 7876
2560 2657 7797 7894
4573 5499 3154 4080
2970 3453 8399 8882
1674 1693 6589 6608
2411 3310 9151 10000
4674 5614 7351 8291
1906 3139 5940 7173
7026 7138 9002 9114
8118 8383 3753 4018
505 838 575 908
7908 8441 5445 5978
2541 3287 3831 4577
1478 2665 7237 8424
3696 3913 5822 6039
8116 8208 6211 6303
421 676 459 714
6085 6793 8432 9140
6395 7303 5789 6697
290 456 4638 4804
9868 4311
6664 6067
3044 1604
822 7420
4772 3266
2189 9803
9154 7455
2653 3183
8262 1259
3283 2922
3058 3383
6037 4014
84 6063
6865 4998
6559 6840
5346 2079
7261 9246
6895 335
8186 7622
327 7735
6162 7919
8068 5988
4653 8482
9543 1386
9099 4014
8074 6949
8476 9772
7022 6237
8592 5916
3575 2329
167 6927
7709 249
8548 1579
996 8349
714 1636
9170 2616
8055 9474
3372 4460
3173 6366
4166 6262
129 9820
1965 5516
8524 7898
1672 2316
4652 6158
6845 7043
7256 5782
1668 5500
4499 9108
1812 6942
7850 3809
5417 7532
7266 8738
3376 8460
5002 613
7945 4686
2003 5976
8051 9235
9454 266
2484 2247
9037 6142
1267 4124
6947 5523
8408 2607
689 5470
3284 133
3507 4967
316 4940
7810 1672
6853 7278
8069 632
1836 9666
2085 4054
3953 137
7459 1426
8405 6508
2260 3310
4161 2746
5852 8714
5152 6731
8592 9266
7910 4764
7025 4254
6297 5050
8912 9295
681 7194
8224 398
8531 9596
4499 7552
7 3135
8956 5998
144 1936
7299 5839
1587 4652
2958 7767
189 1252
3588 6451
4744 3143
5697 7952
2637 4357
9615 1603
1472 6384
4576 8067
615 9461
2325 7674
1116 5991
1159 3668
5438 1535
573 7841
9873 9216
882 943
3263 7785
8406 3099
6154 8562
9926 6052
5872 5995
5755 8749
4 9423
5405 3481
8276 4170
5718 1537
7184 1792
4812 4921
2640 1892
3433 3947
201 6204
262 3813
1358 229
2035 1041
6046 6624
411 1305
1090 4556
2755 4534
9480 2428
9233 9480
8454 8162
2187 3701
3704 5275
5062 215
7453 6115
4495 7796
844 8849
8330 123
653 7211
7711 4931
3203 9033
8801 4770
537 2417
2130 2882
497 1437
9160 102
9430 8386
3542 9439
5087 7220
3673 9153
755 8024
2702 9622
8856 3946
944 2560
2101 1472
9394 9557
9110 1362
6001 6710
4930 6448
8452 9804
5877 6788
5593 8175
6000 5943
5731 6854
4700 3102
982 2500
5066 6608
2162 2219
8547 6704
8553 9153
1676 5803
3468 7745
1832 2959
2694 342
7965 3978
3285 4426
835 3651
9019 4248
6563 5653
4318 7737
8729 2918
5746 7483
7289 4735
8600 1688
6492 2225
3528 143
2349 9293
1204 7214
3673 224
9879 7825
2862 8455
9471 8083
3165 2543
5179 2709
2440 1568
8045 9893
3032 6047
2523 2325
8 4453
6215 5496
3319 422
1959 159
3692 3611
4278 3438
5438 1299
2062 4543
1037 5308
6441 764
764 7671
74 9736
138 5957
3912 9017
274 7492
2468 7537
9897 3874
6331 185
5209 618
9263 8450
3375 4215
9451 4495
6181 7054
5180 5117
6320 8334
3411 2593
8426 7785
8610 3029
220 5436
7927 6506
7612 9909
7733 4437
8188 250
6403 4540
5466 9527
2057 8493
6231 364
8817 4114
6089 6739
7375 5418
7242 9880
1954 2153
4892 9298
2004 4938
3547 370
5844 1940
8729 5393
4238 8265
6142 3611
3465 8665
8980 3231
7075 6965
1232 8646
2618 2282
4168 89
4405 807
2212 2920
1563 570
2 6664
8321 3380
9068 8775
3226 7416
6837 4225
4717 7133
8584 9374
837 3890
6344 9239
2462 3120
8335 6933
6344 6107
343 906
437 8336
5582 6408
6668 6596
3349 7423
9841 4270
6347 8181
7402 4159
96 7321
3755 6997
8498 6330
7453 6481
6433 5776
7540 4362
1652 1542
9122 1911
622 1497
3182 8045
8809 7485
1818 8492
2406 5415
2541 844
5928 7759
6612 8616
2096 8690
8399 3427
7643 963
770 9593
7818 8923
1769 6102
4390 2873
2597 6880
6401 8683
9983 5154
2431 9686
2884 5622
3480 6734
8364 2575
1288 6593
1578 5629
268 9196
1922 2520
4394 4517
8615 3606
6482 5335
6208 4462
7200 7697
8781 7207
6850 1038
5414 4562
2810 7822
3357 8869
720 3397
6842 8369
6210 7093
1957 4833
1328 3620
8957 4629
7169 3581
9774 8654
9775 6323
9538 1409
1110 6050
427 3980
3177 9616
3285 2960
6634 4515
6690 5335
7842 3964
4392 4053
6993 2093
1829 6710
7689 6047
7647 765
8670 7021
99 8672
8640 227
2408 4175
9696 8014
6123 1743
8653 9025
2429 8453
1472 4417
3952 8850
8061 1169
8204 4604
8834 7687
8626 5529
4065 990
1677 1786
8891 5452
9036 9140
229 3978
1317 1465
3598 9585
4345 1137
1232 1573
7481 5353
3224 2285
1218 9960
3529 7417
1675 9297
8674 752
8484 6916
4202 3133
8569 4389
8583 4595
3819 3634
1791 8910
4837 4301
594 3370
906 584
5538 7550
8532 7264
4937 8499
8039 1783
6850 985
5861 8884
5707 4430
9385 2598
8126 3563
6170 5651
6707 3854
6785 2591
2629 9188
1438 9676
3274 732
8281 7487
212 5607
9640 347
9901 5274
8458 5362
7263 284
4968 7197
9766 2726
3190 9006
1127 8186
521 1056
5135 1858
2504 222
4536 3751
5889 8063
4636 7232
7500 1327
4047 3381
7809 9996
2956 5982
8993 878
8286 4488
5377 6796
7113 2897
7608 3658
2723 7507
2138 4681
41 6085
1863 1465
4058 8828
792 3609
8943 5743
3953 3736
8980 9606
3859 3086
693 8982
9039 7133
9378 2562
6130 9041
6283 4572
569 4584
1603 7590
3069 6407
6933 9885
776 4468
7698 8481
2344 9393
1846 618
6238 9217
3215 3370
2114 7008
4167 5030
4961 415
4786 3399
6507 8762
4497 652
2022 3578
5657 7693
987 161
5678 224
4448 6545
5271 1027
6474 1962
612 3179
7684 9555
3220 1700
6297 2901
6349 4649
2580 9922
9168 9128
6692 6162
2955 7857
6927 799
1261 7925
2684 8951
4582 8747
6203 8091
7330 5098
7196 7685
6910 1250
7019 5641
3774 3823
865 679
8419 9463
5756 6507
6522 8049
2049 7433
1707 8074
8513 2117
7104 7698
3851 3600
6338 7445
1828 6075
6928 6526
2450 9387
2835 5774
49 7015
5687 8711
7143 9435
3581 4820
5930 603
5818 4931
1500 8246
6269 5907
5405 8079
9854 8709
9472 5839
8275 1640
8138 4854
2052 8212
5905 6339
2829 297
530 1118
63 4510
3927 6792
2078 3352
3018 4127
2222 8142
4066 8154
3298 4159
5884 3811
5010 3133
999 1083
7050 1851
8006 2667
8995 672
1505 8547
6880 8199
1506 4575
6543 848
7091 6954
6782 1287
1418 4931
3940 9256
6491 97
1500 8770
1506 3786
6035 9596
7563 6025
9452 1202
749 2845
4047 8278
6721 6886
9049 6378
9457 8596
4010 8417
2419 4877
3992 3413
5734 1141
7357 6899
9060 1422
836 5482
9879 3741
6862 2530
3347 7868
2611 8385
250 6465
2656 7704
3066 9230
1618 6973
3281 2227
178 8834
3240 2518
8167 5555
5021 9860
4950 354
991 2998
1907 3348
2572 7332
8446 7064
2824 4303
9053 1326
450 3430
6565 9709
4312 1620
8964 5912
3519 8816
6011 6034
5624 203
9585 152
5730 5829
6181 9071
8672 3872
919 3755
809 996
4252 5031
4974 7554
2152 2844
6555 1921
810 7068
6752 3254
6151 6227
1300 8308
5865 5687
6256 3959
4541 8072
522 6326
6685 3115
7125 2070
1922 4766
2765 8248
1958 7034
4774 3910
326 559
4343 7289
2951 2033
6902 1693
2284 8957
230 2547
7479 4952
8719 6954
3146 7961
9611 8267
2348 670
1563 8342
6987 5479
716 1381
2529 9849
4842 6625
6370 122
1276 1820
7962 1017
6520 7023
2773 3893
2072 8170
268 3982
3599 2410
4900 4982
6602 3419
8539 6315
9285 3179
7831 2692
2791 1079
4614 3040
257 5893
6246 8449
1663 6820
749 7170
4789 8860
1580 5017
37 1010
6126 580
8294 5655
9402 1802
342 834
3830 2698
2268 2230
6560 4912
2555 6644
4941 9438
1552 4106
1304 4002
877 1244
3315 1090
9665 896
3817 8762
9267 338
5095 3362
7429 58
6645 6689
949 767
753 9238
3869 4800
2210 2262
716 6790
2716 2869
4100 1102
7582 7468
8926 9294
5495 4990
1707 5772
5831 1922
8063 5133
3142 8723
4286 5388
3720 9856
3942 2752
8249 9520
9891 8074
1753 2813
2991 5726
2537 4265
498 2538
4970 6113
6344 5600
8395 1589
8599 2341
1164 2144
2482 1097
9047 7124
6176 1991
2257 583
6846 9722
2654 2323
7334 2086
6966 434
7950 4949
4381 7840
8732 366
6714 1262
8700 8070
9441 890
3869 35
6715 7609
4047 1394
5395 9584
3980 2862
9840 7105
7055 88
6237 9552
8856 6097
1905 7802
3368 6512
5468 7958
3644 7770
9302 3170
7677 9463
3868 9899
7106 6907
4518 1568
6147 694
9355 6698
5455 8747
5376 4264
5071 8984
3012 8834
1310 6130
509 7056
4700 3859
6613 2192
8819 5918
2670 7568
7564 1302
1050 4077
6622 9179
5426 6533
3807 9662
156 7705
9057 164
3870 3852
2621 8699
1486 6049
497 3939
5095 5348
8473 631
3367 2617
1615 3250
8807 8122
9309 8075
6401 4428
9736 2170
4893 4130
8437 3717
7953 9601
1839 5676
2219 3224
3789 9737
324 4353
6174 6966
3124 8348
1831 678
9534 7627
4330 2632
5066 3104
5378 4550
7375 7022
1436 4616
7143 4822
8679 8371
5420 293
9815 3342
2337 684
4416 2168
8541 2151
8888 7946
757 2082
3966 8645
6149 1856
5391 1193
8359 9992
8692 7799
2656 7862
4896 3860
2970 8665
1689 6605
3080 9295
5342 7976
2695 6480
7108 9043
8253 3879
838 739
8230 5685
2885 4045
1784 7702
3765 5836
8199 6271
592 570
6575 8665
7192 5980
301 4695
