800 48 400 11 1764
33 6 24 26 34 3 20 17 25 10 5 9 9 18 11 31 10 4 6 3 5 14 7 15 8 25 64 2 7 8 13 5 17 2 13 24 31 8 56 13 10 17 36 34 7 5 42 8
4366 5575 3854 5063
5188 6705 1783 3300
572 1782 8324 9534
5016 5799 4007 4790
1998 3352 2909 4263
4418 6153 0 420
5120 5474 8703 9057
3230 3829 3604 4203
6806 6827 1620 1641
6520 6825 1788 2093
8234 8332 4677 4775
7270 8324 8252 9306
7809 8385 8989 9565
1101 1449 560 908
6918 7491 9255 9828
4391 4766 1915 2290
1350 2873 1460 2983
432 783 1058 1409
1195 1823 1357 1985
2682 3728 1517 2563
7810 8819 3652 4661
8527 10000 297 1926
8563 9826 4548 5811
8398 10000 5076 6837
2879 4384 4776 6281
3071 3268 274 471
4514 5633 7198 8317
8918 10000 7608 8879
1275 1819 4980 5524
7408 7763 0 295
6815 7329 3929 4443
538 1020 2868 3350
2975 4568 1948 3541
1637 3074 4363 5800
8376 9446 2663 3733
8745 10000 7786 9109
2072 3209 4061 5198
1917 2513 3244 3840
1254 1647 2117 2510
9746 9965 2078 2297
2202 2887 1854 2539
2194 3375 2827 4008
7346 8385 0 417
3173 3181 4340 4348
7915 8395 904 1384
6818 7929 843 1954
8833 8938 6564 6669
6791 6899 8114 8222
9365 10000 507 1371
5087 5645 9422 9980
1904 3394 317 1807
4877 6266 0 1210
8897 9764 7199 8066
2336 3812 1638 3114
3828 5491 2966 4629
2238 2254 8607 8623
854 2169 4750 6065
4690 6001 2677 3988
317 1577 7066 8326
7490 7853 5649 6012
5413 6612 9073 10000
6503 7247 161 905
8976 9339 5972 6335
4368 5336 3941 4909
7095 8853 2840 4598
2342 3003 6952 7613
1095 2247 5146 6298
2731 4170 7567 9006
4402 5560 5372 6530
7703 7942 8239 8478
9599 9766 1512 1679
2289 3745 652 2108
6145 6794 9405 10000
1438 3167 7440 9169
7756 9064 7588 8896
1047 2180 8438 9571
6731 7421 2309 2999
7819 8074 7155 7410
4628 5657 8492 9521
6563 7335 2090 2862
824 1391 0 475
2279 3047 5198 5966
8981 9733 514 1266
2910 3934 3651 4675
1374 1962 1989 2577
1702 1741 2637 2676
218 1134 3261 4177
1795 2383 4104 4692
786 1794 2163 3171
4729 5717 6414 7402
7035 7718 1350 2033
5620 6998 5388 6766
8822 9327 1589 2094
2334 2551 3710 3927
867 885 3677 3695
2981 4645 0 1324
6155 7632 3292 4769
4505 5023 9425 9943
9866 10000 5350 5844
4749 6438 4608 6297
4908 5776 1113 1981
0 1588 2276 4006
6371 7811 1077 2517
4579 4870 3602 3893
1551 3267 4548 6264
7747 7917 283 453
6220 7457 1676 2913
8837 8971 6457 6591
5694 5795 2863 2964
1222 1858 4412 5048
4392 5744 1856 3208
9207 10000 6425 7720
3974 4800 8102 8928
7748 8774 5390 6416
269 1748 5172 6651
689 1189 423 923
4906 5969 5782 6845
3397 4618 808 2029
9064 9200 1783 1919
8276 9848 1082 2654
3927 4889 2481 3443
6599 7278 0 562
0 1671 129 1855
2041 3594 9462 10000
4910 6295 3721 5106
9314 9502 2180 2368
0 1325 1645 3312
4694 6452 0 1193
4749 6446 8281 9978
8232 8781 4519 5068
9221 10000 1954 2805
0 1441 7311 8813
9112 9234 3442 3564
1411 1444 4466 4499
9759 10000 6938 7814
6081 7827 1433 3179
6985 7176 6202 6393
3444 4028 6704 7288
2898 3104 6683 6889
9311 9735 0 107
6257 6839 5405 5987
953 1933 701 1681
2232 3077 5638 6483
3813 5560 0 1478
1594 1808 662 876
3221 3989 8584 9352
3254 4544 6623 7913
252 830 4617 5195
1274 1673 2004 2403
1201 1738 4563 5100
3044 3071 52 79
1284 2762 5218 6696
193 844 8750 9401
1767 1926 7035 7194
2869 4058 1253 2442
7317 7364 4581 4628
9478 10000 5957 6644
4306 4423 609 726
554 574 7370 7390
8364 9445 6664 7745
6038 6116 977 1055
9951 9955 1780 1784
5639 6677 3635 4673
8772 9976 4096 5300
7717 8037 7147 7467
9029 10000 5525 6812
8780 10000 0 1133
2625 4154 4931 6460
2519 2861 2141 2483
3400 3823 5300 5723
8250 9108 6789 7647
3658 4774 3568 4684
267 1252 5399 6384
6083 7742 0 1305
3203 4918 1822 3537
1873 2526 1077 1730
490 1291 865 1666
5295 6365 9045 10000
1519 2746 1409 2636
4639 6007 4066 5434
0 1109 4942 6161
9412 9940 2036 2564
647 1786 3658 4797
7056 8096 118 1158
1209 1930 6848 7569
4529 5745 7530 8746
4812 5893 7578 8659
7373 8619 4946 6192
655 2099 6162 7606
6045 7020 5269 6244
3295 4656 2913 4274
1693 1770 8109 8186
9415 10000 9605 10000
2676 3746 6287 7357
3135 3359 1103 1327
2856 3774 9533 10000
3769 5266 5953 7450
2223 3424 8620 9821
8138 8786 6607 7255
6415 7008 6855 7448
9709 10000 2351 3739
0 837 513 1854
3954 4657 5690 6393
2344 4042 7188 8886
3898 4653 7329 8084
4940 6194 694 1948
255 1435 825 2005
2499 2661 6090 6252
2299 2407 3327 3435
7209 7970 919 1680
2551 3063 8099 8611
8645 9859 9479 10000
6676 6737 1423 1484
0 585 0 329
4937 5122 3950 4135
5596 5999 5501 5904
2938 3088 3499 3649
4469 5841 1115 2487
3500 5217 704 2421
8646 8963 6892 7209
6744 6847 3384 3487
1296 2850 7412 8966
0 508 4373 5514
4133 5309 348 1524
3073 4093 0 436
3433 4851 6496 7914
7431 8521 4459 5549
3124 4546 1319 2741
8149 9000 2529 3380
8440 8974 8178 8712
6595 7436 8975 9816
2878 3069 5406 5597
0 1083 6256 7931
9148 9191 2697 2740
5348 6879 8559 10000
6710 8206 659 2155
8182 8302 2294 2414
5562 6261 8755 9454
6621 6869 8539 8787
6513 6781 2140 2408
9047 10000 3653 4732
5799 6129 4954 5284
5562 6212 9551 10000
0 993 4496 6138
4865 5686 0 374
2601 3409 2762 3570
79 588 2153 2662
6595 7541 1091 2037
6643 7074 3266 3697
368 1560 3925 5117
7780 8534 579 1333
5146 6215 5164 6233
4009 4756 3195 3942
3901 4650 6137 6886
9906 10000 1185 1497
9019 10000 8861 10000
3338 4051 6977 7690
6121 7765 2801 4445
620 1801 2335 3516
2859 3623 2714 3478
4825 4871 3561 3607
9239 10000 6359 7233
2990 4099 4446 5555
7671 8291 4375 4995
0 684 6444 7308
5807 6389 3616 4198
2 78 4106 4182
679 767 6711 6799
3977 4072 9183 9278
8087 8567 4147 4627
4132 4935 8865 9668
2630 3735 3831 4936
4994 5893 6026 6925
7239 8132 8496 9389
7875 9542 5678 7345
625 2291 0 1359
465 1162 7089 7786
2095 3577 5785 7267
8163 9665 6333 7835
586 1498 3909 4821
2209 2838 8103 8732
8209 9909 6164 7864
4940 6530 710 2300
2220 2262 3346 3388
8561 9541 2445 3425
2324 3285 1080 2041
8799 10000 582 1936
3746 4465 1769 2488
2154 2634 9342 9822
4627 5911 8772 10000
6155 7633 427 1905
6794 7796 8711 9713
9423 10000 1389 2342
1825 2935 5670 6780
7665 8321 3367 4023
7744 8257 6336 6849
4654 5768 6824 7938
1589 2719 6087 7217
944 2456 5081 6593
5644 6506 1797 2659
6148 7140 8040 9032
3013 3721 718 1426
2613 3751 4802 5940
324 372 8969 9017
6368 8027 5016 6675
8218 9215 4635 5632
134 483 4141 4490
0 821 0 983
7076 7333 5444 5701
7687 8860 1469 2642
4192 4365 7173 7346
5625 5880 349 604
798 1157 8711 9070
8602 9757 7796 8951
7518 8050 0 275
1398 2988 1708 3298
0 160 9418 9651
253 698 5056 5501
8774 9873 8377 9476
3126 3559 2426 2859
6664 7713 8958 10000
7477 8692 6753 7968
373 1882 7265 8774
0 844 8342 10000
5735 6603 1122 1990
2624 3705 591 1672
6782 8135 0 749
9128 9250 8265 8387
249 906 7604 8261
7611 8571 3361 4321
7236 8526 7757 9047
3350 5102 4062 5814
1278 2805 4829 6356
7554 9028 4760 6234
7877 9448 2427 3998
3216 3350 4688 4822
3718 4110 4720 5112
6385 6961 1091 1667
5924 7243 557 1876
334 408 7150 7224
1617 2027 3313 3723
1974 3453 4627 6106
3088 3826 4403 5141
2465 3383 2328 3246
7509 8615 0 289
8313 9514 2443 3644
1949 3139 6823 8013
7688 8159 8701 9172
7902 9560 5461 7119
2070 3239 8955 10000
5407 5550 4352 4495
3164 4883 490 2209
5954 7540 1910 3496
6476 7407 1413 2344
6832 7206 6866 7240
5678 7166 9465 10000
8320 8712 2815 3207
3454 4800 5786 7132
3126 4256 1142 2272
2821 3321 5326 5826
4939 6519 5890 7470
8299 9447 6517 7665
8699 9663 2818 3782
2430 4129 5648 7347
4098 5191 7403 8496
7810 8686 8130 9006
8435 9001 1811 2377
8186 8518 343 675
7650 7696 8878 8924
1235 2106 8120 8991
78 1319 5075 6316
1049 1254 49 254
7178 7232 750 804
3787 4546 5228 5987
2937 3323 1816 2202
8753 8839 6296 6382
2956 3519 8135 8698
7705 8040 5781 6116
7459 7628 5026 5195
9431 10000 8418 9010
8367 8523 5618 5774
6078 7184 1993 3099
2449 3589 9100 10000
4468 5819 6705 8056
3813 4446 5219 5852
4570 5437 7451 8318
6083 6183 6063 6163
5569 6405 6105 6941
7992 8162 4444 4614
3192 3959 3458 4225
0 340 467 960
8145 8941 3956 4752
6914 8300 2717 4103
9594 10000 2231 2787
8238 9374 7622 8758
4903 6280 6285 7662
1938 2996 4407 5465
3035 4227 8555 9747
6437 6942 8170 8675
3658 5243 1739 3324
1188 1920 6452 7184
8461 9724 0 584
9252 9263 89 100
9166 9840 2496 3170
4838 6119 2113 3394
7045 8047 5770 6772
6011 6943 7484 8416
2796 3419 5981 6604
3882 3946 2588 2652
4647 4902 5761 6016
1779 2564 3529 4314
6094 7701 6003 7610
8625 9709 0 675
8703 10000 576 1996
5679 7006 5082 6409
1917 2778 0 800
9049 10000 285 1962
4931 5228 7269 7566
2475 3810 7348 8683
4811 5701 6185 7075
3449 4778 2445 3774
4022 5481 2139 3598
9290 10000 5422 6920
9280 9955 0 547
5827 7270 0 1258
4450 5704 5688 6942
3210 4227 559 1576
147 197 9550 9600
1266 1498 5854 6086
7100 7837 2327 3064
6900 8373 7685 9158
3253 3646 574 967
1641 3057 3617 5033
3208 3293 7327 7412
8685 8944 4794 5053
9781 10000 0 815
5161 5483 6590 6912
5980 6253 890 1163
2750 3610 936 1796
2740 3070 3182 3512
1327 1723 3178 3574
3233 4810 3524 5101
6561 7956 5473 6868
2693 3636 5211 6154
8326 8696 8089 8459
1819 2442 7115 7738
1390 1768 7385 7763
6925 7642 3111 3828
3029 3762 4351 5084
727 1230 6635 7138
3108 4215 2291 3398
8969 9099 6631 6761
8120 9345 7428 8653
7686 7868 8836 9018
4673 5784 6089 7200
2468 3549 0 657
2198 3480 5702 6984
9016 9242 5626 5852
3136 4010 5692 6566
6109 7105 4040 5036
1930 3490 0 1327
9472 10000 2818 3412
5326 6305 8475 9454
4369 4817 5204 5652
7004 7945 2531 3472
0 550 2076 2742
6434 7361 9768 10000
4126 4561 7978 8413
6687 8142 4994 6449
7042 8553 0 1285
3746 3856 2281 2391
1120 2856 7953 9689
2505 3123 3168 3786
1457 2037 8213 8793
1597 1865 5019 5287
2063 2596 3255 3788
7137 7162 1424 1449
2635 3628 5845 6838
9674 10000 5954 6469
0 524 0 257
768 2151 1763 3146
658 875 8096 8313
8584 10000 0 1182
1712 2084 197 569
6268 7661 0 312
5998 7663 0 832
5312 5974 1396 2058
4109 5115 0 888
662 2132 3407 4877
1300 1848 7230 7778
1860 3315 7859 9314
3466 5164 3675 5373
9460 10000 2717 4057
0 167 7492 8517
7026 8324 7641 8939
6492 8073 1349 2930
3726 4266 2868 3408
2928 3673 5428 6173
7102 7839 1760 2497
4047 4272 2271 2496
4077 5761 5043 6727
2030 2880 3525 4375
6012 7129 492 1609
4154 5621 0 464
5900 7284 1501 2885
8944 9761 700 1517
907 1094 2301 2488
0 1105 4161 5654
0 940 1298 2353
1621 1806 9445 9630
5757 7194 4351 5788
2716 4364 7351 8999
5905 7284 1934 3313
6703 7162 8800 9259
5276 6491 7928 9143
720 2426 0 1234
529 870 2409 2750
8642 10000 8866 10000
6924 7661 9022 9759
5239 5967 8648 9376
5333 6194 3958 4819
7560 9118 4959 6517
5326 5757 8867 9298
280 1184 4025 4929
991 2754 0 1743
7494 9249 340 2095
9476 9598 5108 5230
6403 6469 1838 1904
1194 2073 4113 4992
5905 6288 3361 3744
2077 3516 1857 3296
2716 2903 9516 9703
407 1659 1177 2429
3840 4367 9539 10000
5247 6852 5267 6872
2251 3478 433 1660
9245 10000 1736 2992
6343 7044 5458 6159
3802 5392 7123 8713
654 789 1217 1352
5202 5487 2183 2468
1786 2499 5029 5742
7796 9350 375 1929
4696 5731 1295 2330
888 1360 2801 3273
1370 1726 8462 8818
5712 7269 7477 9034
0 733 587 2296
3057 4103 5153 6199
7115 8123 1788 2796
2464 3202 5965 6703
6018 7564 0 1083
3970 4535 1551 2116
605 995 8862 9252
7439 8880 0 1129
2883 3710 4155 4982
2847 3740 2657 3550
1992 3732 8952 10000
4802 6010 834 2042
7049 8774 4699 6424
5182 6208 7279 8305
7638 7889 3097 3348
4901 5264 2876 3239
8437 8883 4494 4940
3192 4494 997 2299
4118 5676 8812 10000
9542 9847 3577 3882
5535 5975 3680 4120
4307 5749 3786 5228
1465 1542 4493 4570
0 1212 9611 10000
6288 7128 7391 8231
0 898 835 1960
1034 2325 525 1816
1994 2265 2648 2919
1679 3172 0 1228
8727 9306 1169 1748
7743 8458 9557 10000
1656 1788 4853 4985
2371 3175 8766 9570
3266 3449 4562 4745
606 1835 3953 5182
677 1309 2813 3445
456 1242 0 755
0 505 2811 3387
6647 6834 2231 2418
9010 9346 6131 6467
6675 7437 2500 3262
2565 3578 3590 4603
509 945 8982 9418
501 1156 6776 7431
0 1393 2258 3886
3776 5196 153 1573
5061 5214 384 537
0 1444 5395 7113
5701 7371 1421 3091
470 1969 469 1968
3996 5186 3636 4826
783 1498 9644 10000
7090 8430 1460 2800
2429 2898 601 1070
441 1516 6566 7641
3080 4564 3209 4693
8272 9295 2346 3369
750 1101 7025 7376
4300 5256 7220 8176
6822 8305 1639 3122
9102 10000 8593 9759
9689 9949 4799 5059
3970 5292 0 1168
9419 9446 1580 1607
2137 3355 7919 9137
9880 10000 1588 1731
6840 7011 4120 4291
7367 8562 2660 3855
6924 7992 4959 6027
7068 7285 4290 4507
1144 2354 5269 6479
3722 4884 8524 9686
195 1721 287 1813
1960 2291 9355 9686
7611 9036 0 1361
334 1482 0 1130
2338 3598 0 1203
7595 7856 2710 2971
1334 2448 7546 8660
1349 1928 6456 7035
0 202 4361 4677
8985 10000 3719 4818
9054 9785 5606 6337
4207 5544 8501 9838
772 1616 6922 7766
9369 9665 4587 4883
3384 4142 3865 4623
7707 7853 7424 7570
0 448 2010 2468
670 1208 5247 5785
4950 5453 8306 8809
2703 3228 9556 10000
460 800 5780 6120
4317 4536 6579 6798
8388 8670 1999 2281
7845 8653 5739 6547
9065 9371 4474 4780
5649 6530 3142 4023
8968 9386 9084 9502
1384 1981 662 1259
4382 4932 7132 7682
5938 7680 2166 3908
4312 5992 8239 9919
2252 2615 7808 8171
8503 9593 8323 9413
3648 4140 5131 5623
719 1151 8331 8763
2243 2744 3772 4273
155 483 5040 5368
2471 3808 8424 9761
3518 5197 1048 2727
8179 8823 6616 7260
8305 9011 551 1257
1102 1243 5745 5886
4553 6294 5647 7388
6741 6930 4231 4420
0 863 8528 9487
8470 8807 8349 8686
4741 6117 0 1366
8299 9346 0 971
2846 4477 202 1833
8683 8795 8096 8208
8235 8878 4364 5007
1045 1460 6299 6714
1470 1679 6234 6443
6107 7371 5516 6780
5925 6195 2962 3232
6248 6779 0 468
2596 4281 205 1890
7876 8280 4103 4507
2572 3246 4634 5308
8536 8828 7334 7626
7113 7566 2495 2948
1221 2714 9622 10000
4296 4617 3659 3980
1411 1884 7367 7840
6922 8476 144 1698
3096 3428 8303 8635
7116 8817 2776 4477
2128 2787 6322 6981
400 1427 9133 10000
4689 5992 4501 5804
2033 2682 3065 3714
5779 7313 4733 6267
5464 6134 1106 1776
6821 8261 0 1372
0 229 0 600
4464 5544 5007 6087
9376 10000 7904 9490
53 402 9688 10000
4243 5076 9699 10000
1922 2270 7391 7739
221 891 1482 2152
5844 7048 2058 3262
438 1230 143 935
608 1726 1695 2813
9188 10000 962 2619
1751 2582 8726 9557
1014 1948 1598 2532
6843 7754 2424 3335
8168 9306 2061 3199
1589 1954 4760 5125
8072 9132 1162 2222
3666 5041 1847 3222
888 939 2134 2185
680 2377 6330 8027
3169 3871 262 964
2098 2198 6632 6732
8390 9491 4563 5664
3580 3645 6361 6426
807 2127 0 976
7243 7650 8340 8747
2306 2813 5468 5975
3495 3759 7105 7369
3057 3430 8461 8834
2446 3476 3206 4236
1868 2972 3583 4687
887 1261 1393 1767
1167 1345 7291 7469
3407 4767 853 2213
1033 1834 6094 6895
7196 8567 8912 10000
5932 6391 7354 7813
4138 4969 6242 7073
5492 6588 6165 7261
1523 2552 6566 7595
2687 3325 512 1150
3471 5207 1779 3515
8610 9698 5462 6550
1988 2488 2545 3045
3422 4456 4507 5541
1284 1905 8 629
7699 9282 816 2399
5810 6779 2772 3741
8763 10000 8689 10000
3606 4395 0 729
6391 7074 3717 4400
7073 7943 6428 7298
7770 8322 7040 7592
5768 7105 3141 4478
6408 6543 7583 7718
1625 1644 8406 8425
853 2112 7067 8326
406 898 9504 9996
8798 9436 9125 9763
1251 2405 8731 9885
7542 8511 1072 2041
4994 5965 5893 6864
5268 6299 3256 4287
552 1487 3422 4357
340 2028 22 1710
3544 4125 0 375
5064 6390 918 2244
245 883 248 886
3292 4793 9053 10000
0 302 251 696
1318 2324 3580 4586
804 1542 1712 2450
5034 6207 5906 7079
7586 7982 2249 2645
9601 10000 6055 7150
1169 1623 3480 3934
80 1576 5498 6994
5574 6663 5537 6626
6894 7528 9607 10000
7934 8276 1067 1409
2920 3885 0 76
4943 6191 3489 4737
3602 5136 8376 9910
7056 7205 9464 9613
9310 10000 6332 7291
5767 5885 2152 2270
1058 1765 4821 5528
8476 9282 9294 10000
5420 5458 4331 4369
3500 4801 2849 4150
7815 9534 6718 8437
8206 9242 1976 3012
3079 4509 6392 7822
4938 5566 5785 6413
3158 3966 3781 4589
9913 10000 2419 2851
3887 4983 1452 2548
2447 3861 6831 8245
4604 6130 2272 3798
1770 2690 362 1282
5533 6448 163 1078
3352 4266 2409 3323
7347 7426 6455 6534
1969 2787 1354 2172
4414 5905 1869 3360
4632 5022 3945 4335
4559 4861 686 988
5103 4620
5703 2789
1170 8858
5066 4331
3005 3336
5104 229
5271 8772
3610 3867
6822 1633
6620 1963
8262 4708
8093 9291
8037 9185
1334 831
7345 9318
4568 2248
2331 1771
511 1182
1771 1786
3722 1869
8384 4284
8677 1146
8565 5448
8500 5837
4231 5824
3190 420
5591 7937
9194 8013
1656 5291
7413 294
6988 4266
810 3084
3159 1959
2434 5765
9159 2795
9673 8201
2082 4445
2115 3326
1362 2405
9751 2091
2272 2401
2711 3341
8381 139
3180 4341
8115 1224
7204 1301
8907 6572
6803 8200
9829 1343
5482 9629
2527 834
6173 769
9699 7736
3085 2475
4530 3027
2252 8609
1347 5337
4955 3297
949 7512
7666 5751
5807 9955
6967 311
9036 6153
4713 4419
7497 4268
2784 7035
1851 5217
3666 7694
4404 6130
7871 8412
9614 1513
2600 1960
6609 9755
2059 8526
8515 8117
1550 8968
7090 2691
7923 7198
5337 9144
7292 2562
1361 311
3016 5578
9415 958
3659 4301
1819 2547
1702 2642
430 3936
2323 4496
1545 2723
4925 7167
7375 1900
5717 6759
8920 1866
2508 3829
876 3684
3008 59
7130 3486
5015 9713
9952 5449
5420 6191
5384 1516
830 2759
6661 1945
4778 3717
1775 5313
7858 422
6342 2118
8837 6476
5734 2953
1528 4580
4955 3204
9854 6617
4016 8598
8549 6146
1236 5725
1161 468
5454 5935
4585 1135
9098 1890
9615 2059
4543 2854
6671 424
492 1354
2993 9842
5593 5044
9483 2203
1103 3188
6403 1055
6126 9420
8502 4985
9964 2454
286 7843
9179 3539
1435 4492
9887 7123
7664 1850
7059 6390
4017 6748
2944 6838
9516 83
6526 5713
1757 745
2723 5922
5001 552
1695 677
3693 9228
4455 6623
322 5031
1664 2144
1291 4909
3054 74
2397 5461
520 9232
1780 7117
3039 1955
7336 4611
9656 6542
4399 638
573 7382
9401 6944
6047 1023
9953 1784
6502 4233
8979 5177
7889 7204
9302 5954
9107 448
3008 5164
2650 2329
3684 5468
9034 7012
3886 4401
377 5732
6239 795
4695 2551
2154 1608
1189 1649
6029 9306
2561 2246
5707 4838
917 5934
9508 2388
785 4612
7371 412
1256 7534
4729 8563
5392 7829
8187 6162
963 6431
6635 5454
4607 3348
1764 8186
9429 9793
2689 6760
3161 1279
2956 9636
5011 6246
3162 9807
8219 6646
6739 6865
9852 2833
745 1011
4532 5848
3067 8597
4295 7691
5133 1769
1284 1361
2542 6126
2353 3420
7786 1639
2890 8385
8939 9881
6695 1457
103 67
4968 4090
5596 5857
2978 3580
4637 1486
4010 1731
8780 6973
6760 3478
1794 8887
260 4721
4637 466
4004 296
4104 6962
7901 5519
4233 1873
8592 2834
8485 8500
6924 9250
3014 5532
829 7068
9151 2734
6858 9129
8043 1820
8229 2345
6194 8801
6773 8761
6746 2395
9854 4067
5959 5077
5706 9790
462 5633
5280 328
3150 3328
528 2280
6782 1484
6959 3561
682 4584
8249 1137
5787 5665
4622 3876
4105 6722
9996 1400
9358 9287
4010 7505
6991 3016
1332 3110
3550 3414
4825 3589
9587 7107
3637 5043
8244 4859
656 7289
5939 3883
48 4123
721 6790
4071 9232
8180 4358
4523 9115
3520 4484
5724 6294
7521 8786
8382 5915
1687 1108
1002 7634
2590 7235
8259 6409
756 4112
2757 8540
8919 7394
6085 2144
2247 3364
9087 3340
3062 1780
9831 592
3915 2450
2489 9660
5573 9262
7133 1777
7353 9513
9972 1770
2863 6734
8308 3606
7909 6428
5007 7476
1778 6921
1241 5723
5984 2301
6918 8778
3721 1266
3026 5014
338 8981
6831 6294
8583 5504
186 4155
379 549
7250 5692
8410 2562
4318 7289
5771 519
1144 9058
8686 8440
7658 268
1414 1817
44 9563
640 5436
9499 8464
3150 2664
7448 9879
7495 7906
576 7409
151 8749
5754 1582
3524 933
7007 512
9157 8288
742 7606
7797 4127
8504 8449
4222 5477
2451 5388
8582 6077
8017 3738
3321 4820
3938 5038
6908 1614
6390 767
358 7184
1846 3470
2208 5090
3702 4793
2581 2952
7538 247
8391 3064
2876 6890
7829 8884
8003 5830
2364 9767
5417 4439
3341 1877
6143 2147
7298 2064
6941 7207
7107 9658
8375 2987
4650 6422
3616 1888
3174 5776
6517 7299
9029 7370
9354 3568
3224 7225
5083 8112
8538 8315
8510 2033
8460 586
7661 8896
1683 8662
385 5933
1165 79
7189 803
4449 5646
3095 2065
8782 6369
3054 8683
7726 5932
7621 5159
9883 8778
8383 5710
6438 3012
2811 9213
5599 7407
4031 5587
5164 8211
6112 6110
6024 6619
8159 4448
3415 3696
130 543
8920 4736
7549 3670
9924 2282
9001 8585
5850 7135
2091 4808
4024 8758
6903 8450
4883 2717
1583 6589
8694 273
9253 98
9547 2980
5816 2479
7198 6651
6741 8340
3012 6146
3930 2639
4704 5937
2455 4171
6220 7445
8882 45
9945 790
5736 5120
2752 509
9676 1957
5047 7419
3026 8507
5367 6564
4041 3250
5081 2203
9343 6045
9572 271
7123 626
5087 6777
4048 1501
173 9583
1491 5869
7387 2932
7619 8826
3540 789
2054 3822
3261 7371
8703 4857
9955 347
5433 6816
6116 1072
2882 1348
2834 3399
1692 3464
4301 4675
6630 6759
3099 5576
8607 8172
2245 7686
1597 7666
7377 3442
3652 4525
951 7081
4158 2796
8985 6662
8425 8584
7732 8997
4870 6296
3408 652
2240 6100
9233 5743
3879 5829
6388 4733
3121 27
9576 3305
5743 9027
4461 5210
7906 2979
21 2601
7215 9929
4363 8120
6708 6420
7486 180
3770 2355
1250 9094
3068 3355
1568 8327
1771 5163
2537 3624
7139 1436
2690 6444
9750 6242
93 154
1600 2066
699 8160
8817 132
2024 294
7447 125
6712 733
5397 1839
4424 95
684 4195
1690 7518
1975 8872
3552 4490
9571 3519
136 8439
7419 8935
7017 1802
4136 3059
3485 5449
7340 2318
4136 2387
4243 5983
2446 4259
6321 911
5561 375
6100 2033
9089 1172
1056 2483
697 4242
873 2084
1688 9625
6343 4695
3877 8029
6016 2281
6829 9154
6048 9062
1211 126
763 2508
9636 9341
7609 9625
5244 9291
5546 4535
8648 5861
5736 9156
745 4089
2630 1012
7937 1083
9513 5134
6455 1853
1597 4256
6037 3588
3346 2507
2897 9636
958 2316
4055 9680
6689 6639
2946 1282
9496 1978
6989 6053
4916 7832
666 1268
5306 2410
2037 5515
8895 1201
4727 1991
983 2984
1654 8504
6617 8939
549 1928
4004 5977
7649 2137
2903 6375
6097 913
4306 1740
624 8912
8771 426
3267 4825
2948 2909
2437 9415
5869 1753
7517 5906
5410 7773
7841 3265
5135 3011
8716 4589
3387 1581
4249 9454
9813 3698
5794 3726
5100 4793
1541 4541
356 9875
7010 8060
462 1397
2271 1232
2031 2657
2097 1201
8938 1283
8441 9586
1736 4941
2470 9496
3313 4572
853 4724
1112 2859
681 216
443 3164
6726 2326
9322 6357
7392 2930
3162 4254
647 9266
785 6781
1371 3062
4747 1541
5096 430
313 6944
6830 1467
1866 1170
4255 4595
1161 9997
7767 2761
2743 950
830 7284
3972 3376
9251 2967
994 7160
4380 7940
8137 2861
9881 8929
9700 4918
4780 679
9441 1590
2666 8791
9993 1685
6991 4186
7737 3605
7332 5093
7220 4446
1566 6187
4836 9361
1270 571
2248 9468
8992 733
949 916
2791 1053
7820 2815
1971 8358
1882 6714
160 4493
9103 4762
9158 5855
4712 8780
895 7344
9583 4777
3960 4154
7834 7565
230 2221
1028 5716
5258 8511
2711 9605
508 6060
4513 6737
8440 2005
8409 6290
9189 4550
6245 3374
9141 9107
1460 712
4540 7680
6818 3616
4593 8909
2445 7821
9404 8448
4095 5286
820 8623
2622 4222
444 5180
2781 9651
4641 2256
8182 6659
8392 590
1203 5785
4818 6081
6809 4256
161 8931
8627 8520
5504 84
8765 345
2931 882
8775 8111
8855 4798
1244 6624
1569 6350
6665 5559
6102 3032
6644 163
3917 573
8180 4275
2702 5274
8691 7564
7478 2587
1696 9871
4447 3915
1590 7608
7661 330
3138 8355
8696 3507
2509 6736
723 9628
5935 4951
2667 3188
6973 6266
5550 1253
6943 299
11 135
5284 5189
9777 9336
146 9943
4591 9846
2188 7537
595 1750
6497 2156
962 709
1501 2098
9513 1295
1921 9023
1294 2442
7244 2931
8585 2761
1685 4851
8110 1395
4245 2633
914 2152
1025 7018
3740 750
2133 6667
8600 4720
3616 6368
1493 641
7392 8414
2558 5907
3727 7258
3157 8782
3236 4019
2629 4613
1003 1702
1247 7458
4645 1487
1261 6377
7871 9908
6020 7363
4186 6956
6318 6640
1893 6934
3271 551
4984 2570
8916 6450
1988 2902
3816 4826
1853 296
9161 2136
6346 3313
9401 9167
3617 67
6970 4228
7655 6599
8283 7588
6896 3532
6476 7718
1643 8412
1391 7853
711 9940
9016 9639
1398 9357
8203 1542
5345 6297
5651 4159
581 4301
1158 1326
3582 271
5108 1391
426 427
4664 9414
198 647
1940 3957
1517 2383
6060 5951
7886 2587
9811 6987
1313 3793
482 5614
5681 6626
6990 9948
7990 1281
3706 56
6112 3872
3739 8933
7107 9479
9363 6960
5836 2159
1350 4934
8541 9487
5424 4340
4772 3503
7952 7085
8336 2509
3157 7339
5335 6285
3318 4528
9995 2537
3969 1814
3579 7900
6113 2645
1859 1244
5984 1033
4097 2546
7372 6494
2202 1458
5865 2202
4969 4244
4624 837
