800 15 400 3 2172
106 121 29 50 22 65 35 13 114 4 2 14 84 102 39
8154 10000 2097 4016
633 1380 5062 5809
2648 2670 2156 2178
5583 6328 6530 7275
85 911 7044 7870
6217 6376 4618 4777
8568 9084 3285 3801
2806 2880 9917 9991
6344 8193 4740 6589
6316 6859 4273 4816
5030 6736 0 1623
2644 3443 3243 4042
6593 7560 2328 3295
3252 4344 1156 2248
3068 4720 4220 5872
3003 4982 1843 3822
7077 8622 3398 4943
94 768 1649 2323
349 2171 1442 3264
1258 3154 4234 6130
9054 9857 0 737
4947 5213 2071 2337
4484 5481 6414 7411
5877 7908 4523 6554
6097 7013 5107 6023
5917 6662 1149 1894
8985 10000 825 2496
6851 8472 5076 6697
3684 5202 2066 3584
8625 9724 2098 3197
3842 4687 8162 9007
7677 9670 6048 8041
3357 5330 6856 8829
7045 8544 40 1539
3937 4883 1239 2185
4719 6752 6781 8814
0 145 6293 6842
397 1637 7791 9031
1756 2911 5418 6573
3242 3715 9098 9571
3118 4995 5427 7304
7062 8847 7795 9580
7667 8662 8030 9025
3972 4398 979 1405
5798 6904 9551 10000
5150 5649 8997 9496
2526 4397 7142 9013
8477 10000 3624 5605
3043 5072 1047 3076
2587 4224 6262 7899
7701 9444 4320 6063
2009 2447 4578 5016
7016 8472 1284 2740
3044 4094 5015 6065
6830 8150 2278 3598
1427 2528 4207 5308
6406 7109 1753 2456
1055 1899 9171 10000
9080 10000 0 1210
1079 2907 6143 7971
831 1936 0 1037
4690 6572 6376 8258
8209 9161 7815 8767
2794 4546 9352 10000
5458 7158 8504 10000
91 1005 9305 10000
2007 3143 7232 8368
1704 3488 8748 10000
5461 7159 0 816
1406 1864 4120 4578
6333 6521 9351 9539
3225 4000 1105 1880
6781 8357 7140 8716
717 2874 0 1986
300 1590 7549 8839
2851 2931 5917 5997
5735 6475 8166 8906
8706 8788 3117 3199
1724 1841 6035 6152
3625 5701 6757 8833
4536 5662 6720 7846
9445 10000 8808 10000
8833 9817 6979 7963
4627 5765 8066 9204
7181 8009 8360 9188
9832 10000 4840 5016
5237 5916 307 986
4454 5346 5429 6321
6374 6850 2420 2896
6280 7912 1303 2935
8719 9224 8325 8830
0 841 6759 8315
7717 8579 1810 2672
4436 5654 1408 2626
3007 3037 4981 5011
1767 3309 1017 2559
5471 7068 6085 7682
1892 3536 5929 7573
7485 7664 9498 9677
3707 3763 7845 7901
9628 9704 3487 3563
1969 3897 113 2041
8359 8499 7030 7170
4845 5186 1701 2042
4002 5689 527 2214
680 1680 0 881
5557 6764 5988 7195
9476 10000 2340 4081
5680 6678 9038 10000
4469 6242 3035 4808
9461 10000 1381 2360
9120 9436 9324 9640
795 2016 8680 9901
943 2904 3125 5086
3060 4365 8192 9497
6308 8293 8333 10000
2536 4102 4865 6431
8461 8627 3869 4035
7806 8053 5062 5309
5063 5309 1182 1428
7665 8024 3596 3955
5937 5947 8759 8769
5896 7678 0 1753
8376 8757 6586 6967
1152 2042 8631 9521
3484 4542 3522 4580
6636 8495 0 1823
1297 2070 4236 5009
7274 7601 2313 2640
5908 6355 6378 6825
4701 6631 50 1980
5455 7307 2954 4806
2689 4691 3468 5470
0 1262 5510 7170
1819 1915 4386 4482
1645 2542 0 704
906 1966 3133 4193
8615 9532 671 1588
2500 4238 0 977
8075 9666 8250 9841
0 425 0 806
478 1488 7105 8115
5371 6869 3200 4698
5200 6969 682 2451
0 1616 4727 6686
4044 4081 6634 6671
3665 3880 796 1011
7537 8446 8712 9621
8790 10000 0 960
6258 8224 8507 10000
6300 8101 4038 5839
2699 4655 2479 4435
2018 3379 5488 6849
2712 3963 7502 8753
1171 2350 5446 6625
8012 8981 2844 3813
2449 3257 5282 6090
5285 6882 3631 5228
8431 8712 3095 3376
6150 8274 7398 9522
3935 5103 0 413
2584 4212 0 1423
5088 6346 0 1207
4679 5656 4587 5564
4771 6831 6122 8182
4254 4790 2641 3177
7326 8344 7104 8122
4145 5924 3089 4868
4377 5840 3435 4898
6931 7078 6064 6211
1259 2068 0 366
6663 7684 4672 5693
2895 4241 8589 9935
1352 2689 8589 9926
1247 1380 6635 6768
5477 6778 6662 7963
8118 8195 1441 1518
1601 3325 2394 4118
8130 9338 1725 2933
3163 5287 1243 3367
9769 10000 5663 6009
6622 7244 1421 2043
8024 8536 8020 8532
2149 2873 0 703
349 2422 2223 4296
267 2403 5461 7597
9157 9488 882 1213
2578 3925 3877 5224
308 1366 8245 9303
7598 7935 7550 7887
4102 5576 541 2015
5096 7134 917 2955
5218 7252 721 2755
4922 5071 6150 6299
4927 6966 80 2119
4388 5381 2973 3966
5650 6643 8407 9400
6587 8363 6411 8187
7440 7960 3325 3845
3098 4873 3611 5386
41 1349 7619 8927
0 685 1258 2820
5897 6522 8851 9476
4768 5469 8506 9207
7103 7171 2449 2517
2694 4623 6513 8442
2430 4075 3946 5591
0 941 7315 9150
6602 6968 2418 2784
8504 8853 3603 3952
6009 7372 3106 4469
5802 6406 5655 6259
7044 8322 8537 9815
222 2159 379 2316
6479 7500 2252 3273
4182 5722 3096 4636
6090 8203 821 2934
6094 6776 456 1138
1378 2305 9193 10000
8146 8722 4798 5374
3868 4261 5635 6028
1419 1910 3729 4220
2996 4931 6741 8676
9831 10000 3086 4665
358 1535 4235 5412
7131 8861 5978 7708
4759 5442 2437 3120
5233 7321 8805 10000
8325 8724 3974 4373
9259 10000 8007 9123
4602 5296 1849 2543
2673 2999 5577 5903
2306 2723 4383 4800
7667 8288 9402 10000
6431 7182 7235 7986
4024 5563 7880 9419
7094 8872 246 2024
9201 9291 7555 7645
2535 2778 5780 6023
3378 4101 3473 4196
1951 3499 3225 4773
2386 3324 6362 7300
4428 4648 7919 8139
201 2116 0 1880
3606 5278 4118 5790
0 1584 2771 4912
1204 1456 2660 2912
5395 6065 3188 3858
6807 7548 3308 4049
670 1983 3873 5186
6130 6848 5643 6361
8624 9574 1434 2384
5342 6113 8418 9189
3945 5112 5869 7036
3333 4992 4378 6037
6462 6634 4992 5164
7207 7553 4783 5129
6698 8523 5197 7022
7188 7658 1879 2349
8747 9864 8890 10000
6795 6909 2823 2937
6204 8329 5211 7336
3477 4796 8949 10000
3000 4505 7108 8613
4352 4951 15 614
5950 8018 591 2659
7149 8959 2171 3981
5019 5895 8094 8970
4440 4638 7417 7615
5689 7790 4032 6133
5686 6468 4969 5751
3591 4609 4982 6000
5292 5526 365 599
4933 6081 2438 3586
7837 8286 1911 2360
7966 8548 9229 9811
2531 2773 2828 3070
548 2121 3231 4804
150 1542 6621 8013
1601 2436 338 1173
2975 3544 8229 8798
1161 1406 2687 2932
1652 2283 2715 3346
1974 4031 0 1734
5216 5646 2527 2957
7684 8545 2906 3767
779 2799 4096 6116
6272 7030 71 829
1549 3558 8112 10000
1155 2790 4872 6507
7889 8473 6062 6646
9331 10000 5759 6473
5691 6147 9652 10000
0 630 7660 8548
880 2009 0 988
940 3027 0 1352
8399 10000 3764 5487
3366 5002 6948 8584
7106 7345 0 133
3153 3874 6207 6928
2133 2501 1478 1846
5727 7209 8519 10000
1725 2287 8011 8573
1582 2404 4928 5750
8023 9655 6098 7730
1956 2602 930 1576
0 1162 4078 5319
1421 2606 6148 7333
139 1464 3901 5226
9205 9649 7527 7971
2542 3781 5460 6699
7629 8565 4433 5369
5949 7733 4787 6571
7619 7680 7962 8023
976 1781 4153 4958
4111 4461 4434 4784
4614 5032 4091 4509
200 1307 2418 3525
6673 7928 8306 9561
4475 6518 0 2003
9920 9995 6268 6343
6757 8498 8289 10000
5684 7306 0 1016
642 645 6174 6177
2924 4293 5374 6743
3907 5944 1669 3706
6082 6584 3100 3602
8693 10000 6630 8780
4986 4995 5582 5591
4273 5520 6630 7877
5168 6336 1373 2541
3377 3722 736 1081
4836 5463 2533 3160
6758 7814 4578 5634
2356 2733 7958 8335
970 2921 1760 3711
7405 8153 6114 6862
5407 5883 684 1160
6852 8654 1929 3731
9392 9689 6748 7045
410 1739 6767 8096
6787 8400 1482 3095
659 1535 3360 4236
3424 4079 8652 9307
2174 3362 2092 3280
5414 6998 7183 8767
2231 3485 733 1987
3936 4181 6369 6614
661 2821 4355 6515
3708 4541 4755 5588
3823 5657 221 2055
6050 8161 0 1571
0 870 0 62
783 2816 0 1516
4607 6519 3062 4974
7385 7683 2466 2764
7064 8504 6659 8099
7543 9087 2243 3787
9161 9876 278 993
6395 6946 3125 3676
6728 7968 6407 7647
7777 9432 0 892
771 1283 5228 5740
8095 10000 4739 6893
5788 6784 8781 9777
1447 3297 3789 5639
2369 3213 1835 2679
2025 2491 1733 2199
2136 3566 2713 4143
97 1378 8644 9925
2131 4151 6781 8801
4606 6457 8296 10000
9233 10000 8025 9019
5365 7009 7417 9061
8586 10000 5058 6929
7895 10000 3032 5149
7964 9238 9134 10000
7958 9354 567 1963
210 1287 2497 3574
0 1364 4225 6044
7410 7721 3039 3350
6750 7278 9381 9909
8208 9230 2561 3583
3913 3914 8991 8992
6650 8168 5887 7405
4441 6415 6013 7987
6512 7374 0 136
6559 8661 2348 4450
8589 10000 0 1454
7163 7651 7753 8241
2257 3696 4950 6389
5731 7059 4637 5965
2243 2859 35 651
8414 10000 9120 10000
1421 1442 663 684
358 787 7426 7855
1684 3224 2411 3951
4892 5672 2301 3081
2676 4036 3713 5073
7067 7756 1287 1976
1052 1828 9600 10000
9456 10000 6509 7202
6264 6790 7242 7768
7556 8475 1667 2586
5016 6842 1341 3167
2320 4028 939 2647
6293 7431 3550 4688
9579 10000 4075 4848
4686 5539 0 700
1286 3361 3394 5469
2239 3590 4340 5691
5733 6024 8610 8901
8932 8978 3643 3689
7736 8984 2416 3664
1782 3043 3156 4417
7306 8655 3881 5230
3556 4004 2341 2789
4474 5419 771 1716
0 1616 3069 4856
8877 9800 231 1154
3661 5410 4525 6274
1765 3297 2065 3597
4734 5817 1751 2834
1549 2889 7667 9007
7246 8403 9115 10000
410 1482 7955 9027
0 723 0 701
6278 6927 4606 5255
4919 6685 2263 4029
6740 7654 2549 3463
771 1908 5205 6342
2624 4182 6740 8298
719 1322 1951 2554
7902 8709 5392 6199
0 737 2320 3246
8618 10000 7778 9296
5574 6801 9069 10000
6570 8215 2171 3816
6949 8218 744 2013
5033 5685 0 153
682 1726 5305 6349
2850 3852 5394 6396
7018 8442 0 563
8623 8823 5741 5941
3885 5186 3919 5220
7089 7659 7525 8095
7134 8460 8716 10000
2723 3794 458 1529
157 1741 3177 4761
1439 2400 6324 7285
8359 10000 0 1842
654 1901 6163 7410
3209 3384 1739 1914
6404 8017 2242 3855
2414 4047 0 1182
6481 8361 2126 4006
6557 6699 4714 4856
8104 8493 1715 2104
141 1717 8566 10000
1066 2115 5952 7001
527 1420 5059 5952
3860 4213 3231 3584
7325 9095 3782 5552
7152 7802 317 967
2885 4492 8517 10000
7139 8098 1067 2026
2896 3554 3604 4262
7700 9194 3699 5193
9565 10000 5716 6891
722 1209 7880 8367
786 2844 468 2526
9198 9964 4391 5157
0 582 0 469
7148 7576 7382 7810
6607 8289 2905 4587
7983 8018 6127 6162
1987 3572 230 1815
244 2331 2161 4248
7560 8254 7430 8124
129 1587 3436 4894
8049 9605 7049 8605
5250 6627 3840 5217
7357 7990 8614 9247
5052 6109 4611 5668
2263 4359 7295 9391
8675 10000 0 411
1998 2888 6304 7194
8970 9105 21 156
6471 7204 2275 3008
3533 5339 2093 3899
4282 4933 2141 2792
8259 9029 6713 7483
3146 3664 8940 9458
2299 4084 18 1803
4855 6930 5662 7737
9271 9513 837 1079
1948 3494 8404 9950
0 345 9158 9657
5835 6486 2683 3334
9564 10000 8761 9288
9883 9946 3434 3497
3 725 697 1419
1701 3199 737 2235
2633 3000 1269 1636
5056 5167 9099 9210
3694 4418 2003 2727
3047 3544 1889 2386
2163 2654 2104 2595
2688 3209 8584 9105
7558 7642 4497 4581
3713 5615 8595 10000
9922 10000 5262 5401
5786 6102 5755 6071
5439 6485 8371 9417
5978 6869 1597 2488
7736 9167 7357 8788
6524 8163 0 1240
4760 4941 2679 2860
3459 4364 7815 8720
6719 7525 4226 5032
1887 2024 6318 6455
5538 6913 1112 2487
2316 2552 0 142
932 1476 4509 5053
6558 8625 853 2920
2846 4504 404 2062
6736 8140 7829 9233
6709 8814 7722 9827
275 1281 6356 7362
8469 8569 4646 4746
9369 10000 7811 8823
9443 10000 6491 8118
6384 6564 4790 4970
0 1354 7656 9475
2735 4283 6783 8331
5599 6543 8210 9154
8638 10000 3435 4895
1895 2789 6454 7348
5624 5800 4042 4218
2970 4378 9305 10000
9008 10000 2246 4394
6902 9054 1890 4042
3456 3991 1924 2459
8875 9027 2632 2784
3547 4533 5791 6777
2457 4324 1419 3286
1767 3628 0 512
5421 6308 7006 7893
2745 4903 2389 4547
6661 8437 6606 8382
3822 5333 2384 3895
0 2050 2701 4761
673 1355 8632 9314
4168 5678 1812 3322
0 1124 7667 9045
5360 7366 1248 3254
3106 3434 1138 1466
9050 9900 8271 9121
1453 2751 4596 5894
560 1545 4154 5139
5208 6260 3987 5039
4924 7022 6254 8352
5963 6466 4 507
5910 6577 2654 3321
8423 9016 8022 8615
4237 4334 2333 2430
1893 3829 8624 10000
2852 3877 4914 5939
7076 8123 2906 3953
1935 2050 9392 9507
3500 3536 2190 2226
0 261 6496 7714
8858 10000 8867 10000
284 1559 0 343
7599 8243 1212 1856
2764 3547 1388 2171
9071 10000 7801 9259
2494 3766 3652 4924
2886 3381 6101 6596
2460 2751 892 1183
0 1477 2214 4353
3042 4236 7883 9077
6314 8399 0 677
2467 3335 4528 5396
7704 8764 1339 2399
875 1334 7067 7526
4226 4708 4224 4706
3114 4622 3583 5091
7184 7601 4936 5353
5888 7440 3748 5300
3974 5421 0 1240
7668 7950 1539 1821
4361 6104 5155 6898
3818 4212 8855 9249
2336 2379 394 437
6627 8594 6383 8350
2712 4146 5109 6543
2185 2589 4081 4485
4741 6403 9180 10000
7475 8852 8414 9791
2087 3527 6745 8185
9469 10000 4902 5458
1392 1547 7634 7789
9581 10000 5618 6089
8535 10000 7628 9109
6699 7220 7755 8276
1538 2279 3011 3752
9018 10000 8488 9564
2579 3060 6189 6670
7897 8704 7783 8590
7464 8010 9118 9664
7320 8315 2578 3573
7370 9250 849 2729
2397 3274 6018 6895
9881 10000 2506 3489
6781 8037 30 1286
1836 2855 5423 6442
5768 5820 9679 9731
0 777 9601 10000
3927 5375 8644 10000
1586 3563 5082 7059
784 1147 7279 7642
4849 6797 7665 9613
2033 3649 8082 9698
2359 3844 3978 5463
6112 7949 3843 5680
7776 9007 1733 2964
4944 5911 8288 9255
904 2445 815 2356
3399 3728 1023 1352
892 1801 6426 7335
4291 4892 8772 9373
1355 1424 2216 2285
3056 4982 5641 7567
8605 9237 3492 4124
5765 7428 6844 8507
2444 3226 5080 5862
800 1283 7865 8348
8817 10000 4687 6646
4490 4668 1913 2091
7491 9366 8144 10000
3418 3713 843 1138
5299 6893 6611 8205
0 1458 947 3084
7020 7954 4752 5686
5168 5567 3733 4132
7013 7969 7843 8799
3769 4545 4963 5739
1973 3291 9627 10000
5264 6289 3349 4374
1481 2984 4530 6033
9125 9153 4447 4475
2301 2984 9719 10000
1050 3139 5186 7275
2761 4930 2813 4982
2367 4502 6672 8807
822 1293 5518 5989
6839 6928 3295 3384
3938 5700 3434 5196
4464 4997 5833 6366
806 2399 5972 7565
4170 5846 7739 9415
8923 9934 6 1017
3967 4879 337 1249
4364 6024 2544 4204
3245 5048 4227 6030
5578 6636 8405 9463
4524 6520 8673 10000
1492 2257 4527 5292
3196 3691 2503 2998
5515 5691 1145 1321
1688 1845 1256 1413
7508 7881 6857 7230
0 1130 5443 6771
98 1181 5624 6707
5197 7133 6072 8008
5126 6827 2497 4198
0 342 4723 5275
5120 6719 7896 9495
7302 9236 6121 8055
7718 9550 0 1352
9373 10000 2818 4496
1429 2250 1599 2420
0 1017 8998 10000
4682 5332 9370 10000
7972 9227 1770 3025
1391 2478 7245 8332
9100 10000 8911 10000
1443 2313 1064 1934
536 1798 4907 6169
1341 2678 6920 8257
1147 2149 7709 8711
7560 8552 2177 3169
1638 2670 1802 2834
8360 8548 4710 4898
8586 10000 541 2185
163 2203 4955 6995
7059 9148 9157 10000
3207 3476 0 44
3366 4764 4668 6066
8402 8513 9729 9840
9596 9809 3819 4032
5927 6456 6 535
7815 8116 2731 3032
8310 10000 0 1189
4448 5766 5530 6848
1106 1748 3721 4363
7063 9050 3611 5598
8769 9596 3105 3932
7822 8994 0 1119
1904 2563 3675 4334
2671 4825 4445 6599
5612 7673 4042 6103
4531 5612 4867 5948
7438 8529 8502 9593
0 931 9280 10000
0 955 1770 2890
3354 5480 206 2332
2344 4233 6609 8498
2080 3029 7707 8656
0 1329 5092 6616
5096 6327 8486 9717
8666 9410 4845 5589
8234 9631 2333 3730
4161 6212 5550 7601
1772 2101 1398 1727
4633 5921 2189 3477
2183 3234 3566 4617
8565 8666 3985 4086
0 1591 7883 9845
2904 3709 1524 2329
7522 9598 5466 7542
7873 9664 2398 4189
989 3102 0 1413
7132 8089 8978 9935
2446 4599 473 2626
4290 4612 2906 3228
8136 9377 1120 2361
0 401 4704 5545
5204 6473 3084 4353
0 421 2079 2510
5728 7360 2754 4386
9636 9993 8708 9065
9324 9430 6209 6315
3756 5158 1865 3267
8848 9676 5428 6256
2672 4434 9046 10000
2726 3237 3539 4050
6624 8233 2753 4362
1670 1707 4172 4209
0 1736 5023 7054
75 446 1268 1639
6844 8517 3088 4761
6619 8287 9292 10000
925 1630 9183 9888
2503 3629 3130 4256
7989 9549 7473 9033
7541 9183 1418 3060
4322 4340 4623 4641
7680 7684 4798 4802
3028 3242 3562 3776
9047 9922 2235 3110
4852 5879 5600 6627
8001 9260 380 1639
1160 1422 416 678
1585 3174 7295 8884
8256 10000 3125 4904
0 958 8804 10000
6914 8568 3715 5369
5412 5724 3945 4257
8316 8622 9134 9440
3099 3917 4398 5216
5215 6314 1914 3013
1586 3288 7216 8918
338 1986 7029 8677
8517 8633 7638 7754
4388 4574 2515 2701
7619 9022 928 2331
6785 8458 9009 10000
0 1867 1978 3982
5356 7079 6778 8501
2382 3509 0 273
3099 4148 0 735
1087 3133 7508 9554
3455 4261 9725 10000
3204 4770 4087 5653
3401 4484 4142 5225
6327 6941 4751 5365
3430 3659 3821 4050
3853 5887 6683 8717
8026 9380 6710 8064
0 1159 858 2861
2307 3973 7675 9341
7999 9018 1017 2036
0 534 2038 3631
8177 9806 4160 5789
6612 7872 2110 3370
2207 3060 8366 9219
5250 6271 6662 7683
8901 8902 4825 4826
9906 2765
1134 5364
2667 2169
5774 7113
513 7647
6252 4693
8606 3556
2830 9928
6415 6467
6365 4645
5423 294
3241 3646
7014 2860
3870 1444
3961 5160
4392 3564
8018 4596
764 1960
1381 3203
3036 5153
9128 364
5167 2217
4986 6613
6642 5031
6536 5779
6547 1525
9549 1134
7347 5475
4332 2273
9038 2099
4140 8921
8479 6861
4390 7777
7706 758
4010 1782
5081 7879
136 6822
1553 9010
2772 6009
3484 9216
3865 5810
8814 8628
7771 8957
4275 1168
5996 9577
5251 9248
2582 7304
9651 4475
4466 1687
3906 6372
9313 4752
2358 4994
7841 2502
3597 5095
8148 3575
2242 4938
6506 1895
1188 9738
9779 1115
2734 7513
1250 531
5321 7079
8585 8264
3852 9768
6118 9098
592 9657
2678 8167
2148 8802
5637 250
1836 4433
6521 9438
3749 1198
7538 7527
2431 1509
926 8264
2873 5919
5969 8722
8756 3134
1788 6052
5682 7226
4662 6849
9777 9190
9275 7263
5580 8546
7764 8433
9978 4900
5595 791
4613 5894
6654 2669
7135 2770
8835 8761
614 7315
7980 2442
4589 1411
3031 4990
2651 1750
5711 7587
2200 6455
7627 9635
3760 7899
9671 3495
2119 167
8392 7080
5037 2020
5401 1594
1311 55
6559 6655
9521 2914
6077 9777
6237 4049
9843 2245
9239 9527
907 9672
1642 4723
3555 8858
8017 9144
2540 5879
8615 3974
8026 5306
5234 1234
7987 3729
5947 8761
6772 1672
8495 6927
1777 8985
4181 3895
8194 623
1510 4439
7309 2529
6272 6724
5462 298
7194 3822
2992 3844
921 6311
1886 4417
2083 526
927 4103
9474 972
3770 473
9457 9282
113 359
569 7381
6149 3541
6659 2166
1087 5162
4053 6653
3830 1003
7622 9078
9175 312
7046 8739
6632 5250
3065 3883
2574 5557
3273 8206
1776 6581
8038 2944
2998 5867
6087 3735
8571 3266
6782 8444
4980 8
2854 1079
5744 542
5584 5305
5536 7783
4366 3074
7534 7936
4165 3120
4819 4538
7058 6115
1984 171
7528 5676
4223 9828
1748 9875
1369 6647
5635 7040
8136 1453
2568 2404
8417 2132
4556 2368
9955 5925
7138 1869
8497 8446
2460 540
2305 3088
1359 6171
9445 973
3625 4639
361 8587
7780 7767
4183 1251
6006 2663
6228 826
5005 6175
5863 1452
4841 3654
6379 9133
7493 8015
7602 3803
4581 3864
243 8759
237 1657
6368 9425
5436 8890
7127 2505
4298 7951
3911 4701
862 8876
6897 2531
8788 3918
6888 3354
5873 5741
7467 8607
257 431
6878 3243
4489 3159
8119 925
6508 650
1813 9259
8268 4868
3911 5902
1857 3917
3437 8550
9854 3455
1193 5332
7793 6196
4772 2980
7149 8982
8555 4365
9749 8582
4845 2184
2762 5805
2330 4797
8005 9935
7047 7598
4959 8109
8610 837
9242 7639
2601 5993
3936 3506
3488 4177
2576 6507
4491 8139
832 861
4428 4432
153 2994
1333 2901
5772 3505
7351 3661
1904 4996
6613 6160
8793 2291
5783 8781
4377 6630
3624 5331
6580 5151
7376 4916
7030 6203
7631 1893
8768 9791
6888 2892
7554 6001
3925 9810
3981 8529
4776 604
6848 1500
8799 3675
5647 8646
4577 7451
7228 5785
6372 5030
3831 5101
5409 573
5921 3006
8112 1940
8470 9662
2563 3070
1245 3336
1528 6851
2412 440
3525 8367
1368 2725
2240 3011
2504 1576
5255 2589
7798 3624
2355 5935
6367 737
1606 8922
1246 5521
8090 6377
9374 5774
5793 9668
420 8206
1936 900
1948 1309
8936 5142
4578 8454
7139 20
3449 6783
2158 1657
6554 8717
1997 8203
2399 5270
8363 7344
2441 1038
142 5310
2479 7087
1226 4804
9601 7667
2962 5526
8522 5009
7047 5623
7637 7964
1427 4479
4365 4518
4941 4201
421 2787
6793 8628
5425 1390
9933 6338
7104 9560
6362 187
644 6177
3258 6675
5894 2621
6307 3356
9553 7678
4992 5584
4956 7136
5281 2159
3655 992
5232 3090
7699 4747
2437 8115
2530 2541
7511 6278
5621 847
8380 3464
9535 6971
661 6884
7823 2293
883 3544
3583 9225
3284 3232
5453 7491
2843 1492
4154 6494
2786 4483
4407 5149
4438 889
6587 476
23 26
2025 982
4950 4637
7459 2618
8112 7861
8532 3086
9213 414
6583 3155
7043 7412
7833 537
1153 5538
9130 4851
6784 9155
1763 5298
2984 2271
2396 1854
2488 3793
641 9813
3915 7008
6443 9260
9259 8559
6084 7552
9312 5786
9798 3071
8652 9473
8970 784
631 2543
181 6008
7517 3272
6874 9409
9108 3528
3913 8992
7287 6621
5211 6053
6755 3
6965 3488
9291 1237
7308 8147
2546 5823
5757 5932
2840 71
9038 9645
1437 673
739 7815
2480 3699
5331 2808
2858 4944
7318 1911
1823 9947
9714 6553
6711 7575
7659 2144
5142 2579
3859 950
7001 3745
9701 4539
4874 257
2912 5430
2423 4977
5932 8811
8958 3649
8355 2530
2040 4333
7952 5013
3660 2629
4585 1476
775 4668
9002 352
5103 5890
3177 2629
5640 2674
1904 8076
8260 9540
921 8049
155 236
6548 4760
6480 3817
7611 3052
1337 6166
3297 8037
858 2192
8496 5516
322 2675
9329 9070
6622 9629
7053 3241
7808 1837
5141 45
1154 5591
3298 5960
7626 403
8679 5763
4086 4490
7232 7806
7530 9473
3228 1362
385 3569
2226 6585
9770 394
949 6243
3370 1772
6530 2401
3047 229
6845 2302
6580 4761
8198 1884
384 8683
1991 6750
695 5659
3979 3426
7451 4828
7459 321
3832 8623
7744 1146
3097 4103
8337 4220
9811 6745
1014 7909
2129 1390
9670 5128
532 110
7292 7403
7637 3894
7987 6139
2224 473
871 4188
8221 7781
893 4321
9099 7198
6117 5208
7434 9177
5862 4803
3634 8041
9535 95
2409 6742
9082 29
6525 2548
4451 2822
4295 2218
8422 7264
3196 9187
2806 1242
6068 6412
9485 976
2304 9555
39 9374
5963 2866
9770 9108
9896 3439
404 1400
2041 1094
2870 1543
5141 9174
3888 2696
3068 2003
2597 2186
2896 8785
7563 4513
5216 9787
9963 5291
5951 5912
5625 9260
6578 2482
8605 7546
7303 699
4872 2825
3640 7905
6948 4690
1995 6360
6768 1868
2354 19
958 4820
6927 1834
3140 654
6884 8629
8472 9624
1052 6510
8491 4725
9555 8671
9822 6720
6394 4930
379 9386
2995 7836
6338 8964
9991 3710
2788 6597
5739 4110
4373 9539
9598 3594
7070 2399
3870 2145
8958 2719
3679 5863
2958 1992
2070 378
6061 7368
2963 2523
6983 7677
4225 3364
1841 4683
1050 9212
5645 2857
894 8445
6612 2423
3397 1342
9434 8504
1715 5763
734 4345
6260 4071
5945 6551
6399 275
6556 3044
8824 8178
4290 2390
3671 8862
2996 5235
7329 3809
2003 9444
3536 2204
37 7620
9478 9660
1378 91
7931 1259
2811 1671
9532 8841
2869 3828
3144 6251
2555 943
10 2355
3501 8323
7575 396
2552 5020
7950 2370
999 7282
4291 4255
3321 3784
7193 5033
7180 5005
4257 273
7916 1540
5300 5364
3843 8895
2366 411
7091 7870
3994 5821
2291 4418
6220 9515
8703 9021
2506 7274
9705 5296
1445 7657
9666 5751
9562 8563
7032 7969
1669 3228
9951 8878
2986 6362
8153 7857
7941 9594
8299 2777
8503 2543
2934 6207
9995 3297
6910 267
2627 5436
5802 9704
468 9623
4598 9021
3110 5115
833 7486
6577 7878
3278 9402
2745 3980
6168 5406
8329 2509
5354 8520
1202 2012
3486 1314
1654 6964
4596 9313
1357 2231
4261 6046
8962 4074
6197 7752
2489 5456
1083 7989
9966 5414
4514 2090
7804 8195
3659 1120
6777 6611
1191 1822
7193 5430
5319 3758
7528 8394
4433 5672
2575 9668
5420 3534
2496 4934
9139 4450
2605 9735
2405 6953
4724 4117
4235 8209
829 5910
6896 3332
5018 4995
4732 6293
1474 6034
5023 9069
9511 940
4407 548
4839 2860
3553 5642
5770 9044
5171 8943
2136 5244
3420 2863
5576 1163
1689 1344
7681 6999
65 6540
627 6327
6897 6291
6823 3140
192 5146
5201 9477
7666 6801
9206 828
9450 3249
2046 2277
801 9565
5069 9662
8305 2907
1577 7362
9103 9103
1898 1920
746 6056
2428 8153
1438 8013
8224 2974
2291 2747
8440 4811
8610 736
1753 5616
7152 9269
3259 13
3779 5459
8453 9790
9605 3962
6387 447
7902 2919
9107 845
5641 5534
1355 4047
8560 5569
9050 3247
8235 643
2258 4020
2959 4980
7567 5829
5544 4952
8505 9197
895 9522
931 2275
3744 875
3337 7714
2257 7996
108 6389
5368 9283
9177 4971
8293 2685
5837 5571
2087 1480
5675 2771
2549 4580
8660 4023
1220 9106
3426 2280
7629 7272
9453 3187
1236 256
7450 9104
2918 941
4403 3088
9055 1410
15 5291
5409 3441
271 2185
7099 3565
9812 9050
9382 6273
4971 2170
9392 5480
2785 9269
3171 4043
6945 3287
1676 4174
1616 6185
353 1553
7198 3855
7320 9911
1051 9661
3442 4008
9090 8549
9103 2618
4332 4631
7681 4801
3049 3587
9140 2562
5787 5832
9152 1115
1180 591
2874 7318
9178 3972
819 9827
7264 5217
5479 4021
8477 9406
3739 5152
5920 2965
2745 8568
562 7988
8542 7728
4414 2649
8570 1109
7630 9989
459 2506
6368 7898
3017 227
3672 431
2144 9108
3487 9900
3738 5344
3792 4374
6555 4771
3526 3885
4462 7104
8836 7213
826 921
2469 8142
8103 1617
167 2610
9216 4934
7676 2160
2765 8662
6012 7119
8901 4825
