800 32 400 9 974
4 11 3 47 28 4 4 10 3 31 48 32 22 37 8 24 70 38 47 2 40 1 15 42 76 69 21 7 1 10 1 44
3498 4434 6464 7400
7960 8698 2316 3054
4491 5031 6090 6630
4154 4202 9367 9415
7510 8245 8627 9362
2034 2544 8586 9096
5935 6402 3193 3660
1705 2322 7669 8286
4590 5148 9093 9651
7152 7700 6817 7365
5393 6099 95 801
4811 5511 3211 3911
4490 5063 8393 8966
8999 9791 8999 9791
563 1385 7864 8686
429 1095 1182 1848
555 1058 5034 5537
9159 9484 8080 8405
8439 8996 8624 9181
7498 8242 8549 9293
7201 7282 7946 8027
4329 4360 130 161
1124 1691 6599 7166
0 349 8675 9410
3764 4032 6397 6665
4490 4682 0 167
624 759 3054 3189
5472 6400 111 1039
3830 4720 1283 2173
2484 2917 6329 6762
1073 1717 3399 4043
9291 10000 1324 2103
6863 7238 4283 4658
5031 5952 5521 6442
3660 3966 4707 5013
4612 5178 8313 8879
5961 6932 8004 8975
1499 1909 3150 3560
9393 9597 863 1067
6663 6888 6686 6911
828 1277 3043 3492
5255 5372 5685 5802
0 440 6961 7533
7109 7727 0 479
3856 4759 5179 6082
4721 4987 5580 5846
1570 1936 7200 7566
7610 7953 9732 10000
7637 8255 3898 4516
5728 6131 5614 6017
8056 8619 7099 7662
9774 10000 8075 8382
2849 3087 8530 8768
3713 4573 8037 8897
1931 2367 929 1365
5752 6113 5801 6162
626 992 5105 5471
4079 4233 9690 9844
1261 2170 8243 9152
5992 6199 6920 7127
5517 6445 659 1587
8193 8375 4351 4533
1800 2433 5876 6509
4558 4898 3491 3831
4726 5611 1024 1909
9419 9455 3164 3200
3015 3572 7091 7648
8253 8696 7938 8381
1448 1860 9448 9860
2476 3099 0 384
1277 1709 1534 1966
7693 7757 794 858
3868 4565 3298 3995
7463 8186 4987 5710
3698 3847 8909 9058
7242 7602 3510 3870
2860 2980 3634 3754
2777 3250 3901 4374
1457 2279 3885 4707
4162 4395 1074 1307
6797 7573 3274 4050
7527 8462 8486 9421
1510 2045 8390 8925
3708 4059 1916 2267
97 647 9472 10000
3516 3525 5664 5673
2113 2805 1280 1972
8863 9141 7705 7983
7830 7871 1983 2024
1797 2416 7250 7869
8816 8961 4558 4703
6007 6506 4645 5144
6788 7134 8688 9034
5921 6802 5115 5996
816 1002 6213 6399
2932 3753 7390 8211
8250 9126 1015 1891
1147 1494 5553 5900
6486 6796 8422 8732
1347 2226 3154 4033
5711 6349 7861 8499
9586 9600 2408 2422
3167 3400 5086 5319
2563 3010 4716 5163
6305 7030 1054 1779
3881 4180 2761 3060
9941 10000 7057 7983
158 350 5563 5755
1470 2409 0 833
6517 6867 6461 6811
6636 6997 5339 5700
3820 3896 3845 3921
9014 9657 4163 4806
1300 2073 2027 2800
864 1367 7370 7873
1776 2554 4014 4792
2705 3310 7534 8139
2146 2843 0 692
3049 3860 1566 2377
6791 7175 4267 4651
1555 2130 4892 5467
3195 3996 0 765
9001 9366 4815 5180
4718 5155 9170 9607
339 846 8909 9416
1406 1766 7428 7788
490 1039 7544 8093
5975 6641 7770 8436
7506 7510 1381 1385
8302 8410 6744 6852
2069 2992 852 1775
2036 2359 4677 5000
3729 3875 8226 8372
3857 4582 8660 9385
8026 8092 1132 1198
8320 8909 2061 2650
7130 8035 2433 3338
905 1633 5547 6275
9524 10000 8613 9167
672 722 8934 8984
6779 7460 8359 9040
1041 1718 1447 2124
6885 6920 5941 5976
0 75 0 359
8128 8437 3223 3532
8735 9087 9226 9578
2335 3168 6840 7673
690 1339 7638 8287
6702 7618 6276 7192
3740 4670 3273 4203
2780 3020 3068 3308
8286 8312 5582 5608
4926 5897 6237 7208
9321 9762 7917 8358
6467 7000 4491 5024
6300 6473 1572 1745
2656 2823 2531 2698
779 1597 6162 6980
5982 6882 8686 9586
9688 10000 4986 5633
7476 8208 8156 8888
9476 10000 8970 9506
817 1725 4840 5748
5335 6297 2519 3481
4102 4619 7075 7592
7832 8444 873 1485
6537 6704 7110 7277
1417 1877 8398 8858
7030 7235 8557 8762
7504 7674 4142 4312
6257 6498 2091 2332
7953 8461 8580 9088
1755 1995 9684 9924
7265 7500 137 372
4093 4241 8931 9079
3090 3568 3623 4101
5233 6055 6607 7429
7292 8055 5966 6729
251 1160 3600 4509
3437 3882 5391 5836
3673 3780 2461 2568
3038 3482 386 830
1997 2567 6326 6896
730 1397 3775 4442
9084 9169 7390 7475
2866 3626 0 505
4078 4134 5408 5464
6522 6788 7856 8122
2966 3432 877 1343
201 542 1558 1899
2787 3511 8551 9275
3703 4613 7671 8581
4996 5961 8337 9302
3818 4747 2159 3088
0 340 7167 7847
5688 6239 8907 9458
7477 7566 5448 5537
4210 4450 8496 8736
4567 4779 7127 7339
4640 4780 5140 5280
9649 10000 4204 4571
5628 5828 8629 8829
5013 5374 8086 8447
9889 9896 6465 6472
3978 4915 8418 9355
5601 6413 0 320
9400 9608 2918 3126
4836 5072 5894 6130
1689 1696 5223 5230
3309 3394 5009 5094
363 772 2273 2682
5608 6029 1141 1562
3914 4377 698 1161
4916 5412 3952 4448
86 233 8947 9094
9366 10000 8800 9692
5548 5935 1435 1822
6161 6659 9263 9761
5599 5868 4212 4481
3785 4015 2204 2434
2424 2713 4382 4671
7067 7988 5842 6763
2507 3435 8625 9553
2323 3179 2917 3773
7798 8757 5070 6029
2017 2345 8441 8769
4616 5465 6342 7191
6367 6703 9390 9726
6709 7532 407 1230
1339 2269 4821 5751
6616 6878 8271 8533
85 832 3724 4471
3905 4824 8658 9577
7972 8165 5674 5867
2770 3579 2824 3633
802 1034 8568 8800
3376 3480 7482 7586
7051 7610 2151 2710
3990 4552 6985 7547
2899 3788 3460 4349
3473 3571 7951 8049
2136 2339 1220 1423
5458 6011 3546 4099
8852 9685 3152 3985
9681 9974 3707 4000
6209 6804 259 854
5253 6218 7868 8833
1214 1421 5211 5418
3297 4051 9310 10000
3263 4178 6787 7702
6373 6549 8993 9169
6245 7010 79 844
4971 5783 2143 2955
5766 5877 5392 5503
3050 3683 7217 7850
4996 5060 5262 5326
3095 3854 4871 5630
504 1472 2770 3738
1584 1627 7914 7957
7549 7945 8433 8829
9277 10000 0 471
4518 4867 759 1108
6187 6481 6960 7254
4310 4497 4116 4303
4689 5522 740 1573
2602 3078 2879 3355
7418 8017 17 616
3925 4194 5828 6097
4185 4244 6449 6508
1357 2051 1060 1754
3265 3513 6624 6872
7545 8046 3851 4352
7636 8262 7459 8085
8213 8695 3232 3714
8981 9610 725 1354
7927 8147 7219 7439
8654 9593 1126 2065
6923 6991 6462 6530
6098 7049 1253 2204
2160 2531 8939 9310
2636 2807 3101 3272
9009 9265 3312 3568
9322 10000 8857 9604
3159 3301 2467 2609
6092 6173 6141 6222
5265 5836 503 1074
7094 8018 7736 8660
7415 8053 2134 2772
4640 4984 5010 5354
4067 4330 5060 5323
5763 6510 8647 9394
697 1435 8272 9010
4866 4901 5120 5155
1714 2062 3842 4190
6390 6689 4234 4533
6889 7660 8115 8886
4318 4944 7712 8338
9518 10000 5220 5907
8397 9371 5949 6923
5368 6102 0 268
3345 3408 8033 8096
1788 2654 8246 9112
9208 9569 4673 5034
2312 3222 0 792
9733 9945 8734 8946
572 1485 7821 8734
7606 7809 6206 6409
9039 9478 474 913
860 1639 867 1646
6722 6758 1510 1546
8594 9198 2625 3229
3512 4454 0 825
7686 8349 6799 7462
9692 9931 9823 10000
5884 6395 3946 4457
620 1399 1291 2070
2318 2600 4377 4659
2422 3372 9002 9952
6071 6232 9501 9662
3266 3708 4438 4880
5397 5755 6503 6861
5674 6194 3662 4182
9265 10000 2514 3471
6672 6911 6715 6954
2960 3286 0 271
3697 3948 6129 6380
5419 5653 6395 6629
2295 3131 9349 10000
9436 10000 8817 9499
7236 8033 434 1231
4777 5374 2938 3535
7763 8715 6939 7891
8732 9254 2665 3187
9375 10000 5569 6308
4288 4826 1777 2315
5499 5620 4379 4500
5152 5479 4257 4584
6888 6928 5891 5931
4137 4656 4544 5063
7335 7867 2416 2948
1332 2188 3200 4056
7293 7827 6370 6904
3874 4724 5534 6384
2660 3378 4246 4964
210 1020 2275 3085
7958 8699 9229 9970
9062 9166 1504 1608
6600 6669 4543 4612
1023 1166 6822 6965
5643 6326 6418 7101
2849 3197 9932 10000
1410 2330 3293 4213
6720 7328 4017 4625
3527 3816 4659 4948
9123 9197 9227 9301
1158 1284 1234 1360
5435 5520 6223 6308
6822 7003 8430 8611
2168 2989 3169 3990
8887 9029 2929 3071
2414 2845 5141 5572
1619 2102 3801 4284
8226 9067 6480 7321
8115 8644 9881 10000
9521 10000 2403 3364
1998 2842 5976 6820
6163 6881 1433 2151
4376 5006 3229 3859
4928 5165 7274 7511
4206 4975 6309 7078
0 151 9630 9900
6358 7308 4461 5411
3124 3661 8669 9206
4176 4664 8255 8743
9109 9122 9321 9334
6459 6932 747 1220
7081 7576 5442 5937
3431 4188 301 1058
6036 6636 5092 5692
8362 8665 1794 2097
7003 7977 5211 6185
4353 4802 4471 4920
4663 4900 4578 4815
3578 4169 1009 1600
138 480 1896 2238
7644 8380 1788 2524
3987 4418 3947 4378
7839 8437 4920 5518
6151 6527 7880 8256
4069 4679 4558 5168
9706 9765 3356 3415
6079 6106 8595 8622
1061 1978 5835 6752
9660 9930 7591 7861
1290 2102 9716 10000
9143 10000 3082 4017
3724 3935 1198 1409
4551 4645 5174 5268
4872 5805 6484 7417
1812 2741 6237 7166
2171 2569 5536 5934
9329 9527 5850 6048
4045 4086 3612 3653
7999 8435 1983 2419
8604 9523 1826 2745
6991 7640 7312 7961
7313 8198 8250 9135
1078 1330 2957 3209
448 697 6711 6960
3558 3866 8535 8843
4224 5122 3951 4849
1136 1748 0 382
676 1553 1904 2781
6298 6645 5213 5560
4883 5580 4038 4735
8804 9318 3242 3756
7079 7730 1488 2139
3954 4921 8570 9537
3414 3576 13 175
7051 7905 7053 7907
8922 9337 7370 7785
6447 6976 691 1220
8794 9319 6949 7474
9746 10000 9480 9796
9613 9664 7027 7078
4547 5245 1661 2359
5869 6399 2319 2849
7053 7639 9076 9662
5541 5868 4655 4982
5999 6558 1432 1991
5519 5661 4365 4507
506 702 355 551
0 530 6782 7318
2643 2809 4381 4547
7688 8642 9349 10000
1458 1564 9071 9177
3262 3618 4344 4700
0 126 166 981
4520 5046 8298 8824
8489 8872 0 329
1185 1855 3933 4603
2142 3088 7100 8046
2971 3630 5695 6354
5578 6203 8965 9590
6639 7247 2002 2610
2976 3463 4322 4809
6280 6645 2872 3237
651 1414 337 1100
5342 5720 6774 7152
3881 4219 9404 9742
8940 9664 9317 10000
3189 3318 1689 1818
1619 2502 9150 10000
7380 7576 4892 5088
153 416 9071 9334
2948 3046 1726 1824
622 837 6767 6982
3142 3328 2775 2961
7287 7380 5364 5457
6799 7106 2434 2741
2715 3581 8687 9553
5263 5688 3195 3620
2088 2614 9493 10000
5219 6117 7945 8843
8281 8728 603 1050
4317 5114 3233 4030
633 1529 6417 7313
128 213 4015 4100
2849 3330 1371 1852
9425 10000 6547 7509
2196 2823 1262 1889
8797 9300 5112 5615
5251 5608 5249 5606
6542 7045 7605 8108
3858 4283 5992 6417
5453 6237 8210 8994
7315 7729 204 618
7897 8807 3797 4707
9548 9893 1468 1813
3029 3710 2160 2841
1126 1144 2021 2039
8159 8656 6012 6509
2058 2365 3487 3794
1748 1952 3045 3249
0 897 224 1145
2345 2428 4510 4593
5205 5594 8738 9127
1243 1824 6841 7422
0 657 6710 7657
102 525 4193 4616
4274 5138 3782 4646
6867 7480 8236 8849
6136 6575 4623 5062
2889 3542 7671 8324
0 140 3705 4008
399 841 647 1089
906 1682 8558 9334
602 1572 9032 10000
7717 7780 9874 9937
838 1449 8217 8828
855 1035 734 914
8143 8785 8056 8698
1893 2406 4242 4755
5860 6318 4325 4783
8548 9391 1863 2706
1731 1796 7171 7236
8087 8834 2776 3523
3622 3865 387 630
7029 7488 2955 3414
9424 10000 3886 4651
5282 5778 1414 1910
2552 2669 7192 7309
6298 7098 9591 10000
7495 8118 4273 4896
8732 9368 1248 1884
0 106 6218 6987
8708 8864 6053 6209
3834 3884 3628 3678
1543 2422 640 1519
282 1192 6810 7720
3748 3781 7773 7806
6403 6822 5181 5600
2887 3524 3146 3783
6813 7740 336 1263
3918 4394 8834 9310
4606 5131 3447 3972
7476 7798 1209 1531
7754 8548 3393 4187
5790 6599 209 1018
5435 5848 5657 6070
3568 4415 2632 3479
5758 6655 0 838
4194 4668 5611 6085
8099 9039 4989 5929
3261 3652 2745 3136
1790 2671 7162 8043
9108 9233 3361 3486
600 745 6429 6574
8485 8975 7285 7775
4886 5353 7622 8089
149 189 1193 1233
392 1067 4704 5379
9792 9851 2701 2760
8362 8432 2957 3027
7213 7696 1351 1834
3584 4436 7113 7965
4257 4935 48 726
6549 6711 7385 7547
4691 5043 6887 7239
454 1153 1775 2474
6674 7539 4838 5703
177 649 740 1212
1254 1763 5606 6115
7998 8810 6556 7368
3409 4360 9039 9990
615 664 4819 4868
8195 8585 839 1229
820 1630 9081 9891
3548 3682 3567 3701
9273 9984 4724 5435
2367 3260 1233 2126
2789 3442 5527 6180
9719 9989 5887 6157
959 1355 398 794
6197 7020 472 1295
6248 6529 3419 3700
7900 8174 3219 3493
1267 1650 6691 7074
5861 6267 4232 4638
8119 8230 2966 3077
4664 4973 1463 1772
5700 6410 684 1394
3465 3702 8541 8778
5868 6613 3799 4544
3767 4505 9216 9954
0 923 5370 6293
9431 9688 4132 4389
8119 8662 3865 4408
3371 4077 5831 6537
3318 3476 9206 9364
6919 7049 9709 9839
3146 3231 6442 6527
8871 9622 2233 2984
624 1187 3527 4090
8622 8625 3699 3702
6458 6486 3643 3671
7115 7261 8687 8833
6454 7219 1202 1967
7938 8796 3924 4782
0 393 7282 7938
963 1409 3132 3578
1992 2890 3429 4327
2762 2913 6380 6531
0 865 8820 9694
1019 1065 4364 4410
6499 7315 7527 8343
4575 4798 7248 7471
3708 4176 4952 5420
7596 8096 489 989
6460 6488 7541 7569
8026 8988 2756 3718
1891 2258 5723 6090
2025 2556 7705 8236
445 1026 2776 3357
74 491 5387 5804
7646 8519 7532 8405
667 739 2377 2449
1902 2156 890 1144
4856 5150 359 653
1065 1932 7124 7991
3963 4848 1569 2454
6625 7596 8929 9900
784 1653 8940 9809
9558 10000 5293 5756
1784 2516 769 1501
8077 8486 2839 3248
2851 3580 1614 2343
6868 7043 2253 2428
7512 7939 6336 6763
3983 4509 2597 3123
3449 3712 3908 4171
8162 8374 6543 6755
6917 7550 1353 1986
3186 3612 4341 4767
125 582 3259 3716
4553 5378 1826 2651
5578 6371 1539 2332
8553 8997 9204 9648
1857 2448 4861 5452
4260 5026 5352 6118
2245 3067 7358 8180
9404 9964 1475 2035
7982 8275 638 931
7711 7867 3761 3917
7655 8558 0 671
5586 6107 8664 9185
8511 9351 4690 5530
4263 4807 7055 7599
5899 6275 5843 6219
9552 10000 5899 6491
7861 8189 5291 5619
807 1260 6851 7304
7896 8365 250 719
6977 7416 8194 8633
1262 1562 2015 2315
9109 9264 8953 9108
453 778 4430 4755
3090 3681 5582 6173
7768 8495 7931 8658
6228 7049 797 1618
3643 3720 4055 4132
8562 9025 1403 1866
5410 5722 1923 2235
3280 3607 1543 1870
2402 3327 5232 6157
3007 3788 220 1001
5871 6589 9878 10000
4720 5498 2498 3276
756 1034 5001 5279
7966 8576 7389 7999
956 1250 9669 9963
6371 6475 6622 6726
7439 7704 1654 1919
4195 4902 2222 2929
2909 3857 7003 7951
4159 4492 6225 6558
7525 7837 2421 2733
7887 8606 4969 5688
1706 1751 1863 1908
1124 1775 6414 7065
6595 7534 9165 10000
3320 4024 6747 7451
8791 8944 8289 8442
746 1222 4378 4854
9302 9921 5862 6481
0 143 6303 6658
1082 1218 5294 5430
5032 5045 8569 8582
5700 5909 6513 6722
5660 6035 9628 10000
8399 9016 6844 7461
939 1194 7632 7887
371 1256 1851 2736
7132 7255 5190 5313
1519 1643 8004 8128
7363 7503 4732 4872
982 1729 7958 8705
2202 3095 4460 5353
1561 2450 7019 7908
2544 2629 7103 7188
7220 7710 5918 6408
4665 4984 9788 10000
7872 8466 5678 6272
9326 9665 1306 1645
4999 5328 1634 1963
8184 8705 4091 4612
4181 5091 0 679
9767 10000 5511 5768
8224 8625 8696 9097
7230 7603 6458 6831
4419 4825 5185 5591
9026 9491 4066 4531
2712 2934 8787 9009
221 241 7259 7279
6251 6661 4329 4739
4150 4864 6408 7122
4404 5239 770 1605
8593 9483 4156 5046
2366 2951 8739 9324
9595 9871 343 619
6950 7197 4839 5086
2528 2636 8884 8992
3195 3712 3173 3690
1294 1602 6158 6466
4644 5613 4493 5462
3090 3706 2824 3440
4192 4365 2732 2905
4932 5571 2949 3588
781 1491 8629 9339
2897 3037 9147 9287
2570 3248 1755 2433
8016 8936 4709 5629
6455 6687 9051 9283
1408 1871 6447 6910
2056 2170 1441 1555
5046 5159 0 34
6938 7570 4685 5317
7331 8226 0 233
7355 7966 5876 6487
238 631 6197 6590
687 1488 5953 6754
477 801 2174 2498
1378 2244 8580 9446
7600 7906 3865 4171
4418 5194 8603 9379
7619 8291 5120 5792
6071 6514 8836 9279
2996 3383 4793 5180
5892 6524 2002 2634
1050 1473 7424 7847
2064 2228 2055 2219
1341 1540 1224 1423
171 990 6390 7209
6183 6223 3680 3720
813 1057 250 494
5916 6214 1015 1313
7789 8552 1403 2166
2690 2916 1336 1562
205 421 2868 3084
1829 2464 183 818
1277 1857 6732 7312
1821 2236 8336 8751
4820 5030 5678 5888
7087 7865 6115 6893
2350 2486 6166 6302
4457 5354 4004 4901
5466 5549 6542 6625
8463 9282 2562 3381
2050 2871 5346 6167
230 331 6556 6657
7654 7955 5769 6070
1521 2092 5382 5953
5259 5554 9149 9444
6873 7615 8572 9314
3967 4071 2071 2175
3285 3960 2814 3489
8684 9507 6232 7055
6937 7137 8313 8513
4413 4994 1104 1685
4923 5820 6672 7569
725 752 1779 1806
2386 2633 3110 3357
4352 5250 9791 10000
4134 4516 7593 7975
3529 4114 5591 6176
6465 7210 2181 2926
9380 9806 8277 8703
3353 3362 1455 1464
1454 2146 6812 7504
7672 7822 2583 2733
3849 4735 2918 3804
6602 6639 7081 7118
5399 6117 6309 7027
1861 2165 7065 7369
2228 2433 670 875
2219 2446 3036 3263
1637 2477 2657 3497
6037 6767 2203 2933
9571 10000 4116 4840
1389 1969 351 931
6443 6881 5477 5915
5826 5841 1121 1136
986 1476 5774 6264
6482 7016 4418 4952
0 255 5192 5586
8456 9097 6236 6877
5503 5637 1728 1862
6931 7544 3494 4107
2306 2529 9409 9632
3497 3499 888 890
3499 6741
8336 2479
4987 6625
4183 9413
7639 9195
2361 9010
6045 3411
1959 7952
5006 9645
7313 7066
5956 589
5205 3749
4889 8942
9552 9457
1343 7868
1068 1829
981 5254
9379 8126
8982 9028
8198 9251
7253 7965
4337 144
1427 7101
323 9147
3966 6612
4528 50
691 3133
6135 827
4709 1650
2718 6701
1663 3726
9387 1822
7196 4345
5247 5592
3768 4865
5110 8496
6699 8378
1551 3173
9587 994
6855 6815
1054 3333
5330 5772
34 7236
7647 81
4741 5810
4887 5817
1605 7223
7612 9930
7859 4336
6061 6004
8542 7395
9792 8136
2932 8619
4415 8419
2207 1268
5931 5988
727 5244
4138 9744
1488 8590
6148 7048
6126 1094
8228 4444
2342 6023
4582 3676
5184 1505
9440 3172
3428 7616
8661 8168
1840 9712
2752 78
1369 1805
7734 823
4065 3505
8065 5030
3735 8942
7387 3762
2935 3658
3243 4019
2102 4657
4218 1269
7050 3643
8313 9231
1862 8690
3723 1954
368 9824
3521 5672
2585 1646
8952 7951
7851 1997
1984 7638
8939 4644
6381 5010
7006 8905
6153 5751
848 6333
3109 7901
8674 1672
1185 5638
6552 8698
1718 3662
5837 8340
9594 2416
3192 5095
2599 4949
6486 1376
4013 2863
10000 7260
168 5605
2071 1
6531 6657
6674 5441
3874 3857
9125 4227
2043 2665
884 7840
2070 4667
3195 8030
2463 458
3104 1678
6806 4462
1916 5071
3492 352
9082 5005
5142 9578
388 9247
1670 7760
844 7707
6581 7979
7510 1383
8405 6747
2956 906
2311 4692
3847 8303
4389 9288
8029 1183
8869 2499
7408 2848
1129 5812
9847 9146
673 8948
7232 8884
1312 1735
6914 5943
33 337
8320 3409
8884 9280
3025 7587
812 8189
6901 6518
3859 3592
2869 3122
8305 5606
5631 6610
9405 8019
6485 4649
6323 1708
2681 2571
1511 6303
6674 9357
9791 4995
7688 8634
9544 9372
843 5233
5966 2967
4613 7153
8175 1073
6572 7243
1673 8567
7227 8697
7508 4259
6279 2113
8142 9046
1850 9705
7384 271
4141 9072
3206 3949
5840 6619
7659 6219
541 3991
3670 5537
3779 2484
3043 557
2004 6870
1119 3913
9123 7413
3023 335
4096 5424
6615 7964
3205 1108
276 1757
3472 8887
3984 8024
5772 8344
4689 2991
292 7841
6081 9255
7499 5504
4227 8574
4669 7330
4674 5191
9809 4415
5751 8707
5111 8425
9894 6470
4483 8949
6026 13
9511 3057
5052 6092
1689 5223
3365 5040
553 2469
5825 1234
4301 996
5221 4091
196 8949
9712 8952
5659 1690
6451 9369
5659 4404
4003 2378
2425 4497
7607 6650
2524 9093
3129 3615
8751 5874
2193 8568
4765 7080
6387 9681
7463 726
2235 5727
6824 8332
687 4415
4010 8805
8099 5696
3356 3030
946 8647
3376 7559
7414 2626
4502 7363
3085 4168
3554 8029
2266 1270
5514 3626
8863 3280
9838 3851
6705 349
5724 8308
1407 5268
3360 9436
4152 7374
6477 9115
6487 837
5196 2227
5776 5421
3441 7582
5022 5284
3095 5584
678 2883
1604 7922
7938 8646
9711 330
4530 811
6380 7171
4468 4120
5012 1536
2750 3033
7890 150
4157 5953
4202 6467
1679 1521
3330 6759
7792 3861
8103 7639
8666 3358
9524 1193
7987 7267
9179 1689
6939 6510
6936 1865
2245 9111
2769 3217
9231 3558
9821 9251
3297 2554
6171 6180
5770 503
7139 8113
7705 2297
4768 5131
4280 5188
6417 8963
825 8830
4897 5133
1823 4141
6524 4340
6991 8539
4493 7767
9710 5516
8591 6250
5896 174
3354 8059
2345 9107
9423 4743
2369 426
9935 8830
935 7854
7798 6373
9437 562
1475 1486
6737 1538
8684 3152
3911 780
8073 7388
9880 9854
6067 4318
832 1972
2459 4464
3210 9063
6115 9640
3513 4788
5420 6757
5824 3822
9913 2522
6754 6904
3035 157
3826 6150
5427 6503
3090 9584
9576 9092
7537 742
5304 3345
8206 7264
8987 2745
9835 5968
4454 2242
5526 4440
5449 4333
6911 5922
4165 5055
7402 2479
1721 3954
7490 6671
4669 6111
3053 4725
484 3072
8068 9241
9163 1519
6641 4553
1024 6884
5708 7087
2960 9961
2124 3719
7303 4310
3647 4850
9186 9266
1247 1262
5437 6303
6924 8583
2430 3361
8923 2942
2656 5339
1910 4265
8659 6498
8208 9949
9794 2626
2324 6645
6197 1702
4630 3694
4955 7484
4745 6591
61 9892
6422 5377
3426 8772
4315 8712
9119 9334
6879 787
7205 5809
3963 554
6056 5136
8368 2091
7137 5915
4795 4615
4740 4730
3665 1177
205 1907
8363 2133
4278 4262
7973 4995
6407 8219
4135 4604
9721 3372
6096 8618
1725 6374
9846 7775
2045 9729
9894 3338
3864 1266
4585 5230
5679 6944
2650 6979
2205 5656
9337 6046
4072 3614
8407 2185
8797 2078
7512 7428
7433 9073
1107 3196
489 6937
3722 8776
4624 4301
1702 150
1280 2092
6606 5482
5156 4179
9012 3691
7686 1663
4188 8730
3536 122
7391 7239
9150 7754
6457 1075
9061 7288
9805 9683
9620 7043
5129 2019
6090 2759
7578 9621
5685 4870
6293 1913
5614 4428
653 544
401 6962
2683 4455
8395 9757
1508 9140
3338 4362
97 468
4746 8401
8552 70
1285 4246
2210 7776
3168 6210
5771 9527
6839 2285
3274 4398
6478 3140
1369 423
5661 7012
4109 9664
9421 9491
3276 1742
2360 9715
7453 4926
371 9314
3030 1741
659 6905
3319 2866
7376 5447
6972 2490
3036 9056
5528 3208
2323 9945
5634 7954
8384 700
4917 3915
1282 6553
130 4020
2881 1717
9917 7397
2267 1708
9140 5184
5554 5412
6905 8066
3986 6188
5812 8440
7365 574
8086 4118
9825 1723
3399 2562
1134 2038
8335 6066
2180 3497
1791 3124
115 502
2416 4538
5591 8951
1706 7044
199 7490
159 4486
4410 4252
6987 8847
6221 5036
3368 7923
11 3806
621 800
1198 8611
1027 9868
7765 9922
1206 8712
983 884
8493 8143
2235 4330
6100 4755
8843 2438
1790 7190
8352 3457
3727 429
7398 3038
9980 4587
5690 1727
2637 7295
6761 9795
7965 4435
8962 1838
94 6886
8805 6183
3857 3678
2335 1053
524 6965
3757 7792
6797 5583
3382 3613
6853 336
4251 9111
4987 3592
7742 1224
8265 3692
5847 914
5797 5725
3897 3250
6201 136
4254 6044
8191 5464
3651 2816
2339 7551
9127 3438
635 6520
8700 7539
5137 7763
189 1219
529 4782
9848 2733
8401 2983
7311 1373
3692 7117
4741 146
6646 7478
4706 7157
1053 1863
7108 5310
302 780
1720 5650
8513 6677
4021 9975
643 4828
8540 857
1283 9779
3621 3683
9336 5321
3129 1738
3321 5705
9763 6052
1228 635
6806 1126
6268 3502
8104 3312
1423 6706
6243 4349
8126 3021
4793 1610
6344 1308
3480 8695
6344 3926
4060 9851
182 6079
9462 4342
8280 4087
3617 5863
3403 9357
6945 9776
3149 6445
8952 2684
1162 3842
8623 3701
6472 3663
7141 8738
6606 1577
8533 4493
61 7722
1030 3384
2805 3582
2839 6494
797 9542
1058 4382
6909 7773
4784 7372
3912 5006
7737 597
6486 7541
8040 2888
2109 5837
2378 8148
990 3266
324 5801
8360 8123
739 2421
2128 1082
4957 408
1515 7930
4107 1687
7259 9709
1071 9468
9806 5537
1827 877
8119 3057
2966 1906
6946 2341
7786 6539
4115 3121
3635 4040
8217 6620
7166 1813
3378 4699
272 3375
5160 2645
6263 2279
8881 9523
2233 5429
4787 6008
2442 8172
9691 1938
8118 844
7719 3845
8502 384
5820 8802
8526 5161
4747 7226
5909 6198
9917 6076
8118 5583
1190 7251
8358 698
7265 8614
1464 2296
9113 9006
516 4577
3441 6169
8201 8458
6386 1575
3680 4070
8720 1745
5569 1965
3549 1583
3247 5277
3302 249
6168 9978
5135 2976
805 5020
8175 7435
1229 9880
6461 6659
7702 1798
4652 2601
3297 7354
4273 6318
7671 2566
8092 5516
1723 1865
1152 6831
7020 9950
3603 6836
8884 8414
971 4506
9669 6022
5 6458
1103 5298
5043 8582
5810 6675
5756 9807
8410 6992
1053 7854
1041 2203
7171 5206
1553 8009
7445 4800
1436 8254
2388 4787
2346 7517
2598 7125
7645 6174
4735 9922
7957 6060
9646 1391
5056 1868
8314 4334
4972 334
9995 5552
8447 8813
7456 6502
4775 5367
9126 4143
2923 8897
227 7276
6300 4435
4859 7111
5128 1539
9175 4515
2618 8757
9669 402
7011 4846
2608 8907
3318 3340
1456 6430
4863 5090
3681 3345
4224 2746
5206 3259
1272 9004
2991 9253
3013 2160
8597 4782
6587 9085
1858 6622
2108 1454
5082 16
6972 4727
7902 92
7712 5881
325 6487
721 6659
776 2193
2240 9398
7838 4001
4731 9123
7779 5308
6089 9250
3345 4950
6381 2526
1247 7740
2190 2064
1349 1315
540 7028
6207 3707
950 393
6100 1125
7937 1897
2696 1349
411 2926
2240 229
1378 6886
1968 8439
4962 5749
7118 6692
2371 6241
4976 4671
5478 6605
8596 3237
2790 5703
264 6578
7813 6021
1825 5908
5487 9365
7214 8830
3978 2074
3389 3373
9119 6740
6970 8464
4697 1564
5595 6838
738 1795
2398 3177
4582 9888
4450 7760
3735 6038
6894 2884
9650 8580
3359 1464
2085 7349
7775 2670
3864 2931
6611 7100
5970 6597
1985 7364
2241 865
2321 3257
2327 3465
6561 2669
9919 4466
1879 787
6858 5891
5828 1135
1147 6224
6542 4857
63 5260
8493 6311
5582 1793
7354 4014
2502 9434
3498 888
