800 145 400 5 1524
1 4 6 6 8 11 1 6 3 5 2 16 14 2 1 6 2 4 3 2 7 2 3 6 1 12 4 5 6 4 9 1 6 1 1 21 7 6 4 7 5 1 1 3 2 5 5 3 1 14 9 15 5 3 1 2 8 2 6 2 1 2 2 6 1 5 2 12 4 8 2 4 38 6 3 10 5 1 6 4 4 1 7 2 20 6 6 5 1 1 2 8 2 3 2 2 2 2 2 7 9 8 1 2 22 1 8 1 4 8 14 4 5 3 2 4 3 3 1 2 2 6 4 11 6 3 1 3 3 7 13 15 4 12 19 1 1 9 10 5 14 12 7 10 1
5176 6553 0 974
1310 1494 2187 2371
1287 1413 3496 3622
9184 9706 7699 8221
7386 8741 5959 7314
4547 5088 3306 3847
2728 3472 7326 8070
7253 7940 4266 4953
2360 2714 4831 5185
0 755 3729 4896
0 766 8152 9616
4376 5152 0 260
9477 9724 9419 9666
7688 7981 1332 1625
306 1731 2132 3557
5365 6121 6610 7366
7526 8800 5044 6318
0 924 4659 5834
1823 2131 6061 6369
5587 5594 9372 9379
8064 9565 2685 4186
7956 9426 1456 2926
2306 3626 4581 5901
682 1260 1107 1685
8580 9207 5279 5906
5780 6995 8085 9300
3917 4328 6023 6434
2686 3042 1906 2262
6274 7646 734 2106
7511 7950 9087 9526
3822 3989 1851 2018
1538 2800 3448 4710
203 730 6580 7107
1655 1890 6135 6370
8654 8945 4906 5197
4833 6322 7633 9122
9446 9851 3689 4094
5062 6013 6067 7018
1483 1788 9327 9632
0 313 0 446
6123 7284 8386 9547
9648 9909 7701 7962
355 601 6061 6307
7600 8583 4351 5334
6254 7764 3320 4830
6058 7225 6537 7704
1780 2472 9102 9794
4127 4409 3908 4190
8615 9985 1307 2677
5730 6861 7661 8792
4871 5355 9682 10000
2108 3564 4857 6313
8245 9454 2323 3532
3558 4413 1794 2649
1201 2500 6384 7683
7850 8114 3904 4168
8291 8831 6110 6650
9308 9862 9232 9786
4950 5785 282 1117
2366 2420 4719 4773
6922 8144 3992 5214
5637 7011 0 1313
1402 1937 7290 7825
1923 2914 2565 3556
1512 2354 1191 2033
2092 2170 335 413
8964 10000 6784 8266
3630 4925 6828 8123
4765 5973 0 560
5630 6388 1830 2588
9570 9946 4549 4925
7440 8633 993 2186
9741 9966 7754 7979
8232 8525 5234 5527
8745 9776 7298 8329
0 777 2855 3675
6147 7278 8262 9393
5302 5304 7867 7869
9182 9798 1504 2120
1009 1408 9176 9575
3488 4610 2233 3355
7796 8180 1421 1805
5153 6398 8850 10000
2679 4170 3173 4664
5618 6233 3266 3881
671 973 6266 6568
4988 6373 9366 10000
7360 8045 7261 7946
6577 6903 6900 7226
3201 4688 1944 3431
9202 10000 3865 4884
7857 8872 1292 2307
6482 7926 8204 9648
0 1152 6744 8039
2908 4164 5628 6884
991 2158 1067 2234
6107 7572 1028 2493
8345 8515 2776 2946
5561 6083 7266 7788
3050 4475 3084 4509
8817 8956 1044 1183
4123 5465 6417 7759
0 217 6499 7383
3632 4392 548 1308
3614 4632 2423 3441
1883 3008 6396 7521
3388 4833 6017 7462
6474 7634 0 204
1076 2501 4053 5478
8911 10000 0 1100
0 24 5047 5301
5754 6116 7728 8090
714 1752 2800 3838
9042 9485 1315 1758
2065 2257 2336 2528
932 1096 8450 8614
2214 2336 8136 8258
9419 9457 8921 8959
9229 10000 1937 3122
7655 7915 9719 9979
1016 1159 2671 2814
1069 1754 4905 5590
6187 7546 1950 3309
8314 8972 4267 4925
7842 8725 4757 5640
3057 4201 3178 4322
2974 4467 3811 5304
1369 2763 7541 8935
2648 4061 4868 6281
4910 5739 5692 6521
2707 2941 5976 6210
6203 6622 8132 8551
9322 9357 8110 8145
6302 6813 327 838
3300 4721 5199 6620
8818 9356 4433 4971
7834 9101 4690 5957
7778 9171 1700 3093
1322 1735 9450 9863
0 1027 3667 5169
6643 7637 2814 3808
4569 5257 8594 9282
2286 2482 7940 8136
9406 10000 3436 4420
8772 10000 5945 7234
7124 7572 8130 8578
2447 2857 2185 2595
343 1008 5505 6170
2400 2834 3621 4055
501 1257 2066 2822
4589 5672 0 881
6082 6152 3751 3821
1959 2471 9294 9806
5041 5692 7789 8440
7983 8275 375 667
5741 6611 0 783
4009 5017 1721 2729
4061 4110 4358 4407
8827 10000 7328 8689
3706 4382 2034 2710
7254 8754 6988 8488
797 1715 9165 10000
9448 10000 8095 9392
8413 9463 8570 9620
7966 9355 5515 6904
0 422 8904 9534
8244 8764 8128 8648
3118 4100 6015 6997
2661 3308 7139 7786
2716 3648 5932 6864
6796 7136 3203 3543
1893 2131 8458 8696
3944 3948 2941 2945
2227 3031 4224 5028
3792 4015 2092 2315
5895 6616 8180 8901
1924 3440 4394 5910
3293 4469 9142 10000
4898 6107 3181 4390
845 1569 3970 4694
1648 3110 3874 5336
8982 9171 1524 1713
2443 3214 8733 9504
4315 5743 1364 2792
3424 3889 1967 2432
1915 2395 924 1404
1075 1175 1963 2063
7830 9015 0 581
4470 5787 6264 7581
2500 3046 2716 3262
0 462 3259 3760
3559 4889 4422 5752
4142 5183 6776 7817
5856 6978 3201 4323
7323 7856 9163 9696
803 2155 6871 8223
2321 2549 3414 3642
2168 2269 3135 3236
5063 6275 8009 9221
7537 7699 6592 6754
0 504 2447 3822
6835 7563 1900 2628
4589 4820 4899 5130
9796 9877 7744 7825
0 744 1800 2994
5988 7223 0 369
3017 3725 7035 7743
4453 4759 8638 8944
4668 5161 2220 2713
2985 4396 141 1552
7183 7549 3785 4151
8393 9169 4252 5028
5425 6525 3657 4757
7318 8380 4843 5905
4201 4569 7782 8150
6438 7546 0 483
1131 1675 7836 8380
9196 9949 1840 2593
5922 6211 1504 1793
2159 2779 1728 2348
6504 7423 8609 9528
691 1126 3701 4136
936 1059 5354 5477
8223 9050 4878 5705
9713 9787 2313 2387
4600 5511 2511 3422
4720 6091 5936 7307
5714 6173 1457 1916
4994 6045 781 1832
0 381 2518 3171
1289 2239 6078 7028
5152 6583 8637 10000
3731 3852 256 377
3096 3742 2910 3556
406 673 1139 1406
4474 5922 9655 10000
663 1022 9553 9912
6395 7486 4760 5851
4148 4662 8491 9005
7898 9272 0 741
7923 8144 3995 4216
2274 3681 5656 7063
6006 6963 951 1908
3761 4360 1797 2396
1639 2477 7795 8633
4529 4761 3077 3309
1973 3185 1609 2821
9205 10000 3708 4685
5964 6501 1324 1861
2524 2645 4377 4498
2847 4286 7318 8757
9408 10000 7889 8994
256 514 4054 4312
4394 5324 5701 6631
9560 9889 2826 3155
382 1291 2437 3346
3996 4999 3569 4572
3081 4125 0 243
0 695 2958 3910
4091 4581 6406 6896
6140 6764 8407 9031
8529 9369 3781 4621
8521 9445 2995 3919
7847 8679 3136 3968
7235 8621 2496 3882
7651 9022 8022 9393
155 184 6707 6736
209 980 5074 5845
6217 6640 7309 7732
1891 2897 4527 5533
1551 1752 5010 5211
9315 9933 2960 3578
4568 5871 4932 6235
5301 5375 3075 3149
7781 8189 5291 5699
9504 10000 9885 10000
6826 7138 7913 8225
735 1804 8666 9735
1836 3095 4388 5647
2810 3232 2741 3163
9343 10000 9083 10000
3785 5308 5569 7092
4662 4890 5884 6112
1688 3077 1908 3297
9481 9891 9683 10000
5099 5931 1093 1925
6135 7491 3382 4738
6138 6714 1104 1680
1229 1818 1612 2201
9596 10000 4148 4691
3154 3836 188 870
352 1008 9390 10000
7414 8456 0 745
3069 3770 2550 3251
9678 10000 5874 6759
1984 2110 7988 8114
2349 3424 7001 8076
539 1434 282 1177
7382 8143 0 519
7632 7958 6645 6971
5979 6140 5369 5530
4796 4899 2739 2842
2524 3683 3152 4311
1512 1998 1376 1862
1643 2742 8427 9526
2370 3031 1289 1950
2232 3434 7799 9001
4616 5607 1447 2438
3274 3598 5207 5531
8126 8647 3875 4396
2438 2734 8363 8659
4828 5902 3550 4624
7344 8257 5465 6378
4758 6275 2835 4352
3242 3811 4930 5499
195 1185 3279 4269
5804 6590 6860 7646
965 2488 1617 3140
1247 1790 4831 5374
2489 3625 2371 3507
1889 2047 1008 1166
3758 4870 7343 8455
4065 4725 1343 2003
8980 9224 223 467
4154 4915 3789 4550
6031 6765 1298 2032
1899 2718 8210 9029
2708 3867 9256 10000
5447 6937 7897 9387
503 1330 2861 3688
4880 6240 5604 6964
0 810 202 1545
3017 3829 7107 7919
4495 5985 3595 5085
7762 8979 4048 5265
1484 1498 7571 7585
1039 1685 2603 3249
131 607 4352 4828
3940 5135 6703 7898
1129 1478 9622 9971
5739 5947 8890 9098
6162 7255 5228 6321
9578 10000 6395 7562
950 2219 4309 5578
5924 6853 5124 6053
6546 6985 1434 1873
283 1388 5218 6323
1749 1759 4913 4923
0 426 6811 7809
332 1689 7850 9207
9082 10000 2833 4240
563 1704 1955 3096
0 538 1530 2200
4616 5463 9116 9963
2719 3406 6023 6710
5902 7009 207 1314
7338 7875 7459 7996
1863 2273 4735 5145
9213 10000 8901 9986
3633 4243 2630 3240
5493 6708 4710 5925
6030 6898 1277 2145
2231 2516 9677 9962
1542 2212 1964 2634
9858 10000 9037 9267
3923 5003 1387 2467
1987 2601 532 1146
7910 8355 5318 5763
9627 10000 1250 2596
2086 2493 1713 2120
3308 3795 2642 3129
5843 6550 3079 3786
8310 9321 8798 9809
2502 3120 2984 3602
2034 2513 3912 4391
2176 3692 6740 8256
5403 5659 5915 6171
6319 6679 6509 6869
7716 8437 308 1029
4695 5674 6472 7451
1932 2997 8031 9096
4117 5245 3371 4499
7960 8589 7231 7860
7296 7756 2111 2571
3346 4489 1978 3121
3529 4404 5345 6220
5693 6679 315 1301
137 782 1843 2488
4122 4687 80 645
2680 3607 7023 7950
4828 5295 4043 4510
30 292 4481 4743
6924 8410 7015 8501
8860 9141 4367 4648
2151 2914 331 1094
2020 3174 8197 9351
842 999 3287 3444
7193 8394 4222 5423
3305 3924 6033 6652
372 1753 4855 6236
1467 2519 4069 5121
1815 1819 1931 1935
8231 8307 6556 6632
1102 1223 5344 5465
4948 6258 9221 10000
1858 3283 1150 2575
9491 9649 8416 8574
657 2019 2808 4170
1775 3198 7773 9196
1490 2223 5680 6413
2305 2670 5586 5951
5737 6976 8719 9958
1676 2783 7166 8273
4817 5751 7951 8885
1401 2749 4887 6235
9043 9621 7585 8163
6815 7517 5484 6186
2319 2835 952 1468
3090 3631 9655 10000
0 1105 0 904
8298 8382 6357 6441
1785 2363 3989 4567
359 871 1026 1538
4087 5484 0 1115
5642 7003 4529 5890
494 1262 2325 3093
6900 8250 0 736
6255 7157 8992 9894
3522 4760 5707 6945
8587 9911 5677 7001
0 698 5435 6180
5934 6554 1424 2044
9820 9940 7805 7925
9162 9736 5880 6454
9377 10000 0 1255
5767 6165 9157 9555
8447 8679 2639 2871
6594 7642 3578 4626
8326 8731 9632 10000
0 624 0 1098
4259 4971 2311 3023
5876 6822 6100 7046
1340 2691 5302 6653
5138 6565 660 2087
5431 6201 889 1659
381 1762 3909 5290
2721 3476 595 1350
9478 9580 1418 1520
8842 9105 6373 6636
6391 7704 5992 7305
5419 6591 6029 7201
2883 3126 67 310
5638 6744 661 1767
5371 6541 0 642
154 1369 7481 8696
0 397 7747 8503
8823 9471 5987 6635
3368 4460 4472 5564
2859 4246 4039 5426
916 1855 2197 3136
6609 6653 3527 3571
836 1338 953 1455
8349 9780 3955 5386
336 1570 0 1064
7956 8888 9319 10000
8959 10000 8615 9678
531 1754 3318 4541
6050 6393 3253 3596
1308 2340 6006 7038
0 1229 283 1764
7334 7706 449 821
3191 3464 2490 2763
3829 5298 4651 6120
6391 7420 3879 4908
3555 4415 8635 9495
4416 4630 6052 6266
8427 9853 3252 4678
209 395 6569 6755
202 835 1746 2379
7370 8667 4204 5501
0 67 3225 3453
1645 2939 1745 3039
5431 6096 8702 9367
1654 2803 1498 2647
4301 4321 1088 1108
2698 3865 8340 9507
8824 9100 2317 2593
2378 2745 7305 7672
9621 10000 7905 9189
9201 10000 2834 4340
3698 4821 8577 9700
3948 5142 6910 8104
0 1243 249 1615
5572 5924 7638 7990
6314 6792 8372 8850
385 1742 1830 3187
8430 9785 0 1241
4868 4949 4206 4287
4689 6158 4954 6423
7536 7995 9012 9471
8649 9605 416 1372
4718 5700 5664 6646
6198 7623 4390 5815
4633 4664 2595 2626
9756 9864 8468 8576
7544 8934 870 2260
2057 3141 8898 9982
914 1988 0 818
3723 4846 8673 9796
885 1616 1064 1795
4099 5560 0 1367
1290 1931 7493 8134
7507 7992 4615 5100
7771 7861 2698 2788
6040 7384 2201 3545
7148 7406 5335 5593
6762 6939 24 201
621 1934 5621 6934
2639 3351 563 1275
5664 6821 6682 7839
8114 8999 2708 3593
8763 10000 2043 3382
0 722 1702 2826
328 1586 5012 6270
3473 3615 7334 7476
1369 1759 400 790
4360 4988 1150 1778
1094 2446 4796 6148
1346 2487 347 1488
6422 7729 2486 3793
5927 7122 2628 3823
2303 3489 315 1501
1208 1820 5112 5724
817 1426 8347 8956
3071 4538 8341 9808
3456 4810 3806 5160
1381 1657 4092 4368
0 274 8442 9233
7664 8604 3716 4656
9337 9778 6856 7297
9763 9948 170 355
8170 8621 3504 3955
7783 8942 2015 3174
3292 3313 6917 6938
7701 7716 8050 8065
6257 6294 6621 6658
2103 3568 7786 9251
7233 7980 2075 2822
2474 3772 6578 7876
594 1043 4398 4847
2867 3061 8472 8666
5010 6219 4712 5921
5318 5641 4108 4431
2893 3315 1444 1866
0 1287 223 1680
1584 2948 5576 6940
7808 8676 6388 7256
5087 6145 4762 5820
3566 4581 3531 4546
5227 6111 6642 7526
4858 5797 5349 6288
3405 4088 748 1431
4518 4637 958 1077
1194 2448 1523 2777
9601 9604 205 208
5909 7141 7669 8901
7992 8302 8696 9006
5771 6785 4504 5518
6109 7355 8940 10000
1073 2170 2418 3515
52 520 8964 9432
834 1136 3959 4261
3495 4827 1177 2509
7289 8581 1138 2430
469 1327 7294 8152
4715 5564 5920 6769
4426 4625 9905 10000
8251 8948 7515 8212
6199 7119 2259 3179
7964 9231 7435 8702
6062 6395 3255 3588
3467 4372 762 1667
569 1228 1336 1995
6798 8232 8992 10000
7397 8336 30 969
0 228 7407 8017
7000 7331 8050 8381
2395 2484 4927 5016
5540 6402 2919 3781
5384 6709 6749 8074
109 1373 7914 9178
3251 4363 3589 4701
373 876 5899 6402
5145 5451 5411 5717
6564 7694 3027 4157
9304 9622 2585 2903
2494 3997 3226 4729
4062 4983 2669 3590
2586 3669 4106 5189
8675 9478 3452 4255
1655 3005 563 1913
4065 4774 2324 3033
3684 4380 8958 9654
0 1200 4104 5493
9256 9296 5525 5565
4769 5866 0 676
0 495 7901 8858
4717 5592 1263 2138
6013 7393 308 1688
8784 9639 4141 4996
86 1462 2193 3569
1211 2068 1156 2013
7416 7868 4088 4540
2406 2544 9321 9459
508 1010 5368 5870
3917 5338 4022 5443
9170 9254 1401 1485
1874 3332 38 1496
6418 6979 3284 3845
6359 7258 483 1382
5265 6777 5560 7072
6711 7263 1529 2081
1681 3147 1876 3342
1291 1324 7408 7441
6901 8223 0 836
3959 5306 7126 8473
7924 9175 4464 5715
7023 7697 1090 1764
7383 8094 4731 5442
2536 2801 1487 1752
8242 9359 2135 3252
24 1241 5169 6386
8288 8296 2036 2044
6492 6814 9942 10000
8796 10000 8630 10000
2534 2628 8001 8095
2903 3724 7535 8356
3260 4623 3286 4649
6552 7613 718 1779
8464 9602 1778 2916
7830 8268 1390 1828
1907 2878 1931 2902
5607 6570 4928 5891
2505 3696 2534 3725
2168 3555 5480 6867
6966 7122 1912 2068
9152 9948 9556 10000
4589 5570 5145 6126
8750 9022 2691 2963
3666 4645 319 1298
886 1749 3677 4540
5449 6459 152 1162
6770 7499 7916 8645
4621 6142 6925 8446
7271 8306 0 943
4646 5216 2011 2581
3873 4505 2923 3555
50 323 3997 4270
4157 4874 199 916
634 1523 6463 7352
1127 2431 5920 7224
4152 5467 0 926
3099 4575 7198 8674
5319 5406 4284 4371
8444 9623 1016 2195
7123 8274 2451 3602
3442 4027 6120 6705
9887 9991 6827 6931
3680 4975 6587 7882
486 1019 5509 6042
8929 9679 605 1355
6032 6285 5157 5410
3526 4822 9721 10000
6708 8097 0 421
2573 3393 6910 7730
9328 9384 2790 2846
4152 4306 9180 9334
7967 9361 5552 6946
4853 5031 7836 8014
2876 4183 4547 5854
8265 8291 7014 7040
0 821 0 1136
1497 2207 2540 3250
6513 7807 5236 6530
4746 4759 6058 6071
7594 7746 5262 5414
5570 5939 5815 6184
2305 2560 4236 4491
8529 9203 5819 6493
8122 8747 7038 7663
8318 9232 4336 5250
8794 8884 6085 6175
8440 9097 0 343
6195 7457 2354 3616
1528 2628 339 1439
389 630 4504 4745
5422 6889 7694 9161
9082 9671 5422 6011
4216 4979 2172 2935
1173 1898 5180 5905
1395 1554 807 966
2591 3993 8571 9973
3254 3795 542 1083
9868 9907 2733 2772
6093 7568 1168 2643
6605 6708 3067 3170
7852 8445 3117 3710
8813 9520 2048 2755
7579 7827 2371 2619
9227 9507 8868 9148
1845 2805 5536 6496
2042 2890 7170 8018
2515 3560 8273 9318
3735 4103 9615 9983
1940 3273 5767 7100
6182 7174 6649 7641
4581 5549 7680 8648
3817 4114 8316 8613
8264 8946 2218 2900
4438 4580 7969 8111
7506 7579 4410 4483
9724 10000 6387 6770
4527 5190 8326 8989
8628 9455 636 1463
3261 3479 4306 4524
3362 3763 5444 5845
1247 1800 3796 4349
4924 5037 8320 8433
9412 10000 1567 2385
4709 5776 7872 8939
70 268 5671 5869
1666 1825 1779 1938
9818 10000 1110 2074
8334 8440 1593 1699
0 367 3977 5305
6162 7073 3125 4036
7982 8201 4968 5187
0 919 819 2096
8650 8660 1472 1482
1408 2014 267 873
3291 4104 955 1768
8956 9855 3088 3987
622 859 391 628
3493 4651 7841 8999
431 604 4187 4360
3019 4306 7527 8814
4699 6143 0 555
667 1441 7912 8686
7741 7803 6554 6616
356 1597 8368 9609
2367 2607 6918 7158
2869 2889 6827 6847
6769 7957 7361 8549
1641 2594 3778 4731
4897 5700 0 782
1736 2262 2861 3387
2286 2832 6758 7304
5701 6799 2581 3679
8920 9379 9567 10000
1305 1607 7577 7879
7068 7276 806 1014
6958 7142 7367 7551
2887 2894 178 185
4141 5271 7204 8334
5115 5148 670 703
9316 10000 2049 3500
8545 9631 4615 5701
7627 7921 8629 8923
4182 4243 8516 8577
1241 1343 1690 1792
7393 8898 5787 7292
7356 8132 2377 3153
9406 10000 9385 10000
9463 10000 4385 5608
1324 2604 1446 2726
4572 5158 2658 3244
9570 9678 3402 3510
1821 2850 2040 3069
4769 5643 9458 10000
6644 7990 4776 6122
6354 7504 5852 7002
6493 6794 4901 5202
577 1736 0 690
5743 6818 1671 2746
2227 3661 935 2369
6358 6697 4421 4760
1692 2704 7304 8316
7636 7719 6789 6872
5505 6665 3291 4451
2533 3723 7693 8883
6235 7340 2942 4047
7385 7845 7965 8425
1735 2723 278 1266
876 2103 4148 5375
3726 4768 5460 6502
1403 2067 1499 2163
4205 4871 9181 9847
3350 4233 227 1110
39 1385 6223 7569
8284 8945 7625 8286
5987 250
1311 2316
1397 3505
9299 8134
8661 6083
4677 3651
3326 7596
7580 4488
2456 4905
561 4246
262 9211
5002 32
9597 9424
7794 1337
1554 2674
5444 7202
7674 5332
313 5644
1932 6292
5594 9373
9437 2973
8280 2477
2361 5272
740 1252
8795 5643
6936 9075
4134 6181
2968 2231
7368 1101
7866 9442
3862 1923
2093 4428
680 6819
1862 6176
8856 4912
5360 9044
9483 3842
5738 6763
1614 9361
298 389
6676 8624
9784 7714
369 6100
8079 4671
7145 3435
6286 6542
2234 9323
4304 4058
9914 2277
6138 8191
5326 9861
2555 6066
8895 2963
4187 1954
1285 7680
7961 3943
8336 6424
9591 9421
5521 539
2413 4766
7931 4587
5791 1169
1716 7304
2907 3134
2242 1594
2133 380
9238 7833
3719 7111
5082 515
6013 2376
9911 4657
8046 1521
9775 7902
8243 5507
8870 7665
525 3606
6943 9089
5302 7867
9366 1839
1345 9365
3999 2616
8168 1592
5540 9213
3304 4031
6110 3339
740 6401
5960 9862
7854 7542
6893 6954
4044 2921
9656 4878
8457 1585
6574 9122
838 7312
4119 5680
1744 1353
7241 1746
8385 2784
5776 7274
4225 4042
8900 1132
5313 6824
90 7231
3877 654
4059 2902
2776 7111
4604 6627
6652 153
2422 5239
9713 113
19 5073
5846 7829
1462 2988
9051 1320
2247 2444
937 8553
2289 8237
9438 8928
9252 2749
7879 9745
1147 2813
1454 5053
6377 2083
8855 4335
8422 5465
3781 3594
3429 4825
1549 7575
3232 6084
5724 6520
2713 6063
6522 8493
9347 8135
6622 452
4047 5823
9150 4726
8661 5762
8466 2221
1730 9778
826 3735
7067 2868
4786 8830
2445 8089
9828 4027
9607 6832
7278 8286
2481 2343
675 5858
2476 3627
504 2687
4879 472
6101 3758
2366 9383
5660 8400
8003 528
5899 643
4082 2171
4099 4381
9666 7753
4266 2604
7736 7793
1414 9337
9944 8669
8713 9486
8055 6347
217 9076
8760 8286
3207 6172
3269 7508
3584 6633
7113 3223
2006 8520
3947 2944
2888 4769
3963 2174
6409 8630
3297 5605
3983 9300
5350 3940
868 4052
2755 5267
9032 1693
2564 9364
4903 2656
3781 2268
2253 1374
1125 1965
8735 196
5501 6505
2926 3254
157 3689
3729 5579
5169 6979
6342 4024
7803 9320
1505 7849
2396 3427
2241 3204
5583 8328
7542 6673
54 2622
7141 1954
4737 5093
9863 7807
556 2256
6935 17
3311 7528
4757 8899
4725 2548
3087 695
7240 4117
8563 4871
6087 3853
7491 5196
4439 8094
7113 418
1192 8053
9555 2036
6091 1788
2352 2292
6837 9505
716 3756
970 5366
8663 5374
9742 2376
4740 3320
4961 6548
5970 1529
5023 1023
351 2851
1503 6622
5391 8816
3746 290
3228 3451
475 1360
4856 9839
965 9563
6646 5161
4521 9003
9022 261
7957 4167
3556 6940
6959 1819
3946 2270
2158 8579
4666 3280
2739 2352
9873 4604
6451 1812
2629 4463
3963 8724
9857 8459
259 4233
5028 5955
9682 2865
1059 3114
4556 3837
4112 130
215 3021
4106 6846
6254 8806
9114 3982
8963 3882
8353 3445
7769 2911
8988 9074
182 6720
387 5162
6554 7311
2845 4810
1633 5171
9331 3215
5713 6087
5320 3101
8002 5605
9836 9981
6895 8178
1404 8777
1924 4632
2984 3046
9946 9466
4691 6863
4809 6101
2929 2893
9779 9802
5408 1330
7115 3765
6432 1456
1464 2164
9716 4232
3401 703
617 9536
8205 457
3305 3114
9719 5880
2039 8050
3309 7242
921 474
7588 476
7703 6789
6034 5437
4839 2773
2578 3510
1621 1522
2704 9182
2793 1609
2303 8285
5405 1942
3292 5267
8179 3962
2619 8506
5312 4159
7674 5922
5769 2844
3649 5489
559 3515
5940 7271
966 2730
1730 5281
3286 2688
2037 1067
4824 7505
4427 1949
9210 368
4698 3994
6279 1776
2132 8688
3087 9663
6236 8028
1308 3467
6122 6024
375 1109
3135 7476
4663 4136
8876 5132
1485 7571
1383 2709
153 4659
4639 7217
1208 9774
5821 9066
6186 6111
9636 6598
2019 4495
6296 5633
6648 1810
1281 5905
1759 4916
234 6883
710 9170
9320 2976
696 2105
232 1733
4841 9492
3125 6521
6393 1024
7476 7914
2057 5053
9398 9868
3983 3104
6052 4858
6146 2103
2417 9866
2188 2549
9914 9054
4529 1490
2253 539
8295 5604
9946 1425
2298 1798
3481 2927
6043 3573
9094 8890
2937 3572
2275 4144
2581 7681
5523 6136
6610 6673
7830 829
5057 7324
2587 8067
4725 4175
8395 7718
7713 2442
4131 3038
4032 5390
6156 357
489 2406
4368 374
3266 7906
4932 4121
260 4636
8262 7958
9012 4468
2387 896
2333 8509
976 3339
7864 4365
3708 6348
1228 5141
2360 4309
1819 1932
8307 6625
1129 5433
5995 9491
3117 1324
9574 8444
1715 3904
2272 8107
1949 5775
2447 5618
6885 8730
2597 7527
5198 8401
1965 5798
9096 8034
7325 5601
2380 1109
3393 9868
1010 14
8321 6435
2037 4237
574 1506
4559 592
6578 5382
889 2417
7300 157
6457 9115
4484 5847
9598 6704
151 6008
5969 1921
9829 7900
9600 6203
9838 217
5821 9341
8631 2860
7559 3871
8557 9970
256 1076
4832 2819
5942 6245
1547 6578
5350 1753
5933 1202
767 4768
2799 603
9569 1494
9088 6435
6550 6670
5515 6855
2908 133
6234 1454
6427 310
687 7611
383 8187
9132 6225
4460 5509
4222 5080
1301 2775
6626 3536
850 1152
8675 3973
680 799
8499 9426
9636 9577
1403 4190
6151 3351
1507 6609
547 445
7430 621
3239 2757
5087 5846
6966 3941
3879 9185
4429 6138
8953 4632
284 6642
535 2111
7644 4714
17 3376
2592 2120
5998 8707
1890 1749
4301 1097
3495 8867
9051 2574
2496 7443
9942 8990
9937 4045
4756 9585
4739 7493
592 1226
5848 7760
6626 8404
1031 2295
9028 580
4930 4269
5495 5972
7583 9339
9501 639
4758 6060
6452 4838
4660 2607
9760 8508
7944 1087
2975 9582
1206 624
3927 9171
1376 1634
5403 101
1865 7694
7625 4659
7824 2712
6684 3533
7404 5437
6879 31
1325 5671
3049 723
6813 6861
8374 2991
9246 3179
291 1716
410 5800
3512 7443
1519 560
4490 1246
1947 5250
1936 916
6553 2672
6131 3591
2482 554
1507 5287
1350 8445
3524 9554
4318 4425
1468 4305
93 8846
8158 3719
9603 6945
9801 327
8192 3821
8233 3077
3294 6921
7705 8064
6261 6651
3554 8138
7494 2227
3755 7668
1032 4635
3040 8574
6028 5471
5370 4248
3149 1569
75 564
1631 6222
7997 6947
5268 5385
4499 3574
5811 7116
4940 5534
3986 1020
4572 991
1325 1710
9602 208
6876 7747
8046 8941
6227 4683
6744 9256
1348 2525
150 9324
1014 4253
3965 2163
8096 1232
913 7904
5471 5993
4588 9921
8431 7919
6386 2304
8829 7548
6318 3295
4225 1294
630 1625
7437 9312
8307 218
194 7531
7203 8306
2474 4949
5700 3312
5841 7354
1063 8312
3671 4351
653 6290
5220 5418
7370 3844
9372 2672
3086 4705
4884 3539
3473 4175
8882 3996
2860 930
4509 2456
4103 9267
117 5415
9282 5531
4895 332
97 8462
4892 1914
7201 1046
8817 4338
103 2610
1273 1769
7744 4169
2502 9438
877 5481
5063 4282
9195 1453
2402 81
6907 3595
6536 584
6536 6309
7087 1946
3049 2488
1306 7433
7595 48
4025 8353
8113 5380
7484 1099
7483 5249
2710 1594
8743 2762
277 5917
8289 2044
6524 9967
9970 8648
2548 8030
3051 8311
3838 3499
7565 1306
9076 2882
8131 1714
2045 2742
6262 5348
3001 3556
2260 6725
7118 2048
9408 9840
4620 5665
8811 2707
4306 358
1245 4206
5847 1080
7306 7992
4981 7180
8284 865
4939 2464
3949 2990
210 3997
4641 223
809 6605
2348 6548
5054 786
3332 8508
5334 4337
9310 1383
7684 2670
3729 6624
9940 6931
3771 6595
644 5656
9251 928
6186 5304
3735 9873
7122 317
2741 7599
9381 2794
4237 9268
8459 6599
4986 7916
3515 5250
8282 7016
23 150
1946 3223
6963 5830
4751 6061
7707 5379
5824 6148
2487 4334
8562 5928
8538 7582
8680 4726
8850 6142
8636 100
6442 3149
2491 461
498 4602
6280 7915
9386 5775
4833 2214
1687 5303
1478 818
3522 8760
3690 916
9878 2746
7412 1813
6617 3107
7900 3662
8888 2495
7587 2442
9265 9118
2568 5923
2395 7244
2721 8681
3863 9973
3255 6250
7074 7606
4765 7836
3935 8445
8767 2574
4577 8078
7551 4470
9770 6689
5060 8665
9364 940
3390 4379
3594 5683
1353 4251
4938 8335
9560 2293
5666 8510
152 5730
1707 1924
9975 1939
8412 1611
353 5036
6972 3495
8003 5083
433 1647
8658 1475
1448 787
3848 1699
9797 3108
839 414
4170 8924
574 4249
3630 7976
5736 383
755 8503
7765 6574
1499 8381
2375 7096
2870 6844
7777 8174
2206 4625
5419 298
1752 2989
2374 6859
5842 2944
9304 9879
1532 7735
7164 1003
7129 7416
2891 178
5008 8263
5143 670
9644 2770
9117 4795
7913 8743
4202 8546
1299 1703
7946 6552
7816 2638
9522 9461
9909 5353
2395 2375
4767 2784
9605 3440
2292 2790
5305 9882
6731 5661
6523 6531
6654 5080
749 240
6482 2044
2952 1841
6468 4628
2491 8044
7648 6800
6424 3805
3484 8691
6878 3602
7534 8332
1776 755
2044 5324
3761 6498
2058 1693
4320 9462
3841 1001
560 6794
8448 8045
