800 259 400 13 1951
2 6 1 6 2 4 2 2 12 1 1 1 4 3 4 5 2 1 5 2 2 3 5 3 1 2 1 2 1 3 1 2 3 1 2 3 1 7 7 1 2 4 2 4 4 7 11 4 8 2 1 9 21 2 1 3 1 2 1 1 1 1 2 4 3 1 8 8 1 2 3 3 3 2 7 2 2 6 11 2 3 2 2 1 3 2 1 2 6 1 3 2 1 1 1 3 1 2 2 3 5 3 4 2 5 2 1 1 4 5 3 1 3 4 1 4 7 11 9 2 4 1 8 12 1 1 3 4 1 1 4 2 1 1 1 2 2 3 2 2 1 3 11 1 3 8 3 2 1 3 5 1 2 1 3 2 5 8 1 3 1 3 3 4 1 3 2 3 7 1 9 1 4 2 7 7 3 7 4 1 2 2 1 1 6 4 6 1 2 4 1 6 12 1 1 1 1 1 1 1 2 1 2 2 1 4 4 1 2 5 2 1 2 1 3 1 1 1 1 4 1 6 1 3 8 1 4 2 5 1 1 1 1 8 1 7 3 1 3 2 3 3 3 9 1 1 2 6 1 1 3 2 1 1 4 5 1 1 2
9391 10000 4831 6008
5 738 8287 9020
5454 5664 9368 9578
7177 7324 6961 7108
6626 7987 6328 7689
8274 10000 3919 5810
6153 6320 8808 8975
4213 4560 1843 2190
0 1385 0 792
2590 3746 3525 4681
5641 6278 742 1379
8164 8568 0 221
801 1301 6299 6799
4310 5582 8912 10000
506 1168 6875 7537
646 2078 4806 6238
9459 10000 4599 5338
3377 4076 7200 7899
3761 5626 3438 5303
7580 8401 8586 9407
6910 7206 1881 2177
5065 6338 0 801
0 885 7305 8302
2080 3323 8671 9914
1166 1492 1949 2275
6356 7328 4441 5413
7283 8597 7442 8756
8143 8741 1769 2367
1965 2259 6971 7265
696 1842 7215 8361
2029 3110 6394 7475
9741 9790 6913 6962
3182 3361 4420 4599
648 2463 7317 9132
7864 9459 2547 4142
9430 9763 1099 1432
0 1706 6262 8105
0 857 7994 9273
9101 10000 1800 3084
5022 6029 1943 2950
5035 5878 8033 8876
4392 6181 2353 4142
1309 2580 5155 6426
6977 7899 6966 7888
7090 7352 5994 6256
8159 9901 149 1891
5350 6481 4088 5219
4399 5603 7671 8875
0 858 2319 3344
2571 4198 1867 3494
7575 8953 4901 6279
2370 3252 969 1851
7102 8066 5658 6622
2626 4363 5510 7247
1609 2869 385 1645
4091 4720 6992 7621
0 662 8596 10000
461 1971 836 2346
358 1803 8240 9685
7860 9629 2696 4465
124 1454 676 2006
1043 1218 4423 4598
5979 7860 4566 6447
7696 8514 7414 8232
7498 8006 3194 3702
2527 2594 5414 5481
9918 9928 6409 6419
8758 9323 5071 5636
9405 9405 7524 7524
7375 7824 996 1445
2469 2654 8827 9012
2241 3115 6110 6984
5653 6125 8016 8488
1285 2843 5412 6970
448 1937 4625 6114
7968 8556 3642 4230
8509 9021 8470 8982
6004 6587 9122 9705
9581 10000 9419 10000
6865 7307 6184 6626
9322 10000 4130 4831
4818 6383 3542 5107
7289 8315 184 1210
411 2196 2542 4327
6417 8130 7495 9208
7434 7938 1818 2322
7429 8738 2362 3671
4504 4724 4500 4720
2479 4010 4555 6086
9392 9943 4908 5459
7017 8770 4254 6007
2714 4157 4094 5537
1162 3012 702 2552
6242 8053 0 1716
4767 6079 6530 7842
8813 9010 244 441
5945 6782 8025 8862
7039 7712 8104 8777
9935 10000 6530 6625
7411 8404 8404 9397
1333 3182 7342 9191
5971 7861 7993 9883
1328 1458 6259 6389
887 1689 8094 8896
5833 6919 9250 10000
2880 3033 7991 8144
1911 3261 2486 3836
4288 5023 3535 4270
8971 10000 7287 8853
7625 7656 9762 9793
5501 6915 7891 9305
9800 10000 1701 2487
736 2306 3753 5323
7956 8821 8023 8888
947 2045 1481 2579
2855 4336 4493 5974
5575 6486 228 1139
3912 4706 107 901
641 1063 4578 5000
9122 9240 4350 4468
4776 5774 3189 4187
3839 5652 7112 8925
8084 9530 1439 2885
6835 8230 2720 4115
6767 7096 9206 9535
6840 8636 5112 6908
3470 4092 3420 4042
9543 10000 608 1159
9666 9999 3387 3720
8655 8772 8852 8969
4620 5255 9047 9682
1648 3281 7447 9080
2400 3055 8264 8919
5591 6655 5553 6617
5844 7625 3272 5053
369 1975 134 1740
9608 10000 9155 10000
2412 3390 8804 9782
4852 5850 9068 10000
5786 7724 0 1728
8377 9221 1860 2704
4659 6045 7345 8731
7513 8760 5570 6817
6455 7785 5641 6971
9249 10000 1778 3645
0 934 1159 2650
6137 7759 9873 10000
6751 8605 5708 7562
4694 4837 7960 8103
5466 7251 0 130
2929 3796 5832 6699
6867 7763 2562 3458
9014 9754 5341 6081
5196 6737 8399 9940
4160 4612 6336 6788
4826 5350 3590 4114
5081 6410 5593 6922
2837 3537 4938 5638
2572 2936 5524 5888
4307 4628 3476 3797
5284 6194 5222 6132
6503 7506 5183 6186
1057 2694 1277 2914
3536 4442 2206 3112
3449 4213 6236 7000
336 1350 2513 3527
4520 6311 3294 5085
7779 8100 6186 6507
7497 7579 6743 6825
3435 5170 2438 4173
7804 8671 847 1714
6832 7247 0 300
1981 2224 8363 8606
6164 6903 7605 8344
9809 10000 2795 3378
5519 6122 8322 8925
6526 6659 7053 7186
814 1187 4818 5191
1740 3333 3021 4614
2001 2285 229 513
4143 5098 3465 4420
9108 10000 2348 3718
8690 9715 8849 9874
8625 10000 3147 4684
6908 8504 3866 5462
9107 10000 7094 8705
1720 2873 3961 5114
8465 10000 1490 3318
8420 8824 5612 6016
6918 8169 4074 5325
7806 9598 496 2288
6051 6940 2162 3051
109 1192 2268 3351
9784 10000 8312 9096
217 1409 7084 8276
5526 6079 4624 5177
6457 7155 7638 8336
3294 3951 3906 4563
8087 8733 5941 6587
6481 7309 8388 9216
1686 2496 6470 7280
4033 5074 5573 6614
4369 5497 9130 10000
8543 9757 1879 3093
3429 5157 4346 6074
5070 6876 6400 8206
4269 4761 7101 7593
1210 2821 5192 6803
8695 10000 600 2495
990 1877 2042 2929
7529 9146 7313 8930
4688 6267 6069 7648
2769 3894 3957 5082
4375 6026 1886 3537
0 308 7767 9424
6850 7142 3453 3745
998 1798 2338 3138
8787 9914 6859 7986
8437 8438 8424 8425
7693 9487 5003 6797
5817 7124 5808 7115
7227 7620 5608 6001
159 316 3853 4010
4871 6321 960 2410
2165 2238 7700 7773
5010 5686 5194 5870
5374 5859 1990 2475
5499 6017 6006 6524
1234 2074 5593 6433
3927 5478 6300 7851
9373 10000 6516 7776
1861 3205 522 1866
1060 2163 8749 9852
8215 8410 7035 7230
9292 10000 8021 8931
4658 6175 167 1684
496 1916 9803 10000
3992 5297 4602 5907
2017 2385 9555 9923
671 1214 4973 5516
6511 6855 6581 6925
6582 8244 7314 8976
9140 9349 8145 8354
4837 5761 6166 7090
8345 8945 7705 8305
5803 7077 0 1007
3031 3599 1220 1788
0 1131 902 2760
2980 3375 560 955
139 1575 1571 3007
9441 10000 5966 7882
3427 4436 3181 4190
3538 5055 5245 6762
7060 8986 2646 4572
1726 1874 9531 9679
5569 5932 9657 10000
7339 8257 4814 5732
809 1043 8462 8696
1584 2009 1413 1838
7930 9399 799 2268
8262 9997 7998 9733
7942 8718 7332 8108
8643 10000 3274 5182
5627 6194 9315 9882
0 1694 9805 10000
8460 9773 4368 5681
3862 4129 9062 9329
6723 6898 40 215
8975 9983 8897 9905
4255 4301 612 658
906 1082 3892 4068
4106 5805 8597 10000
4681 4905 9720 9944
8590 9803 4151 5364
2132 2624 3547 4039
3265 3880 8006 8621
774 1321 6054 6601
37 1195 7950 9108
5386 7286 8513 10000
8131 10000 8526 10000
5503 5935 8537 8969
6019 7772 0 1248
8948 10000 6213 7474
6300 6386 5054 5140
8779 8912 7935 8068
518 579 717 778
9657 9777 1703 1823
3734 3943 5317 5526
6177 7295 5417 6535
4841 6615 1444 3218
2192 3574 8509 9891
9289 10000 1401 2585
9288 10000 2907 4328
2755 3498 3934 4677
5946 6770 6723 7547
28 230 9164 9366
1033 1907 6743 7617
0 392 5502 6479
4074 4731 9336 9993
8234 9884 3875 5525
5127 5432 4408 4713
509 1265 6716 7472
4051 5530 4400 5879
571 1790 1238 2457
5483 6127 3250 3894
707 985 5994 6272
8131 9608 6578 8055
3989 4050 225 286
4869 6014 6875 8020
6828 7573 7207 7952
8025 9192 9058 10000
1458 1769 3893 4204
7955 8291 3251 3587
4168 5286 2023 3141
8359 8991 6799 7431
2634 3258 951 1575
6311 7861 2541 4091
574 1223 1847 2496
6526 6614 7948 8036
9172 9227 3579 3634
140 544 8445 8849
7065 7940 9163 10000
255 1194 4858 5797
1567 2940 2278 3651
6713 6775 3490 3552
6295 7401 7413 8519
8624 8734 432 542
7226 8342 2853 3969
3842 5302 3752 5212
210 1103 4160 5053
5926 7765 8323 10000
471 1939 725 2193
4583 4836 9824 10000
1653 3283 1930 3560
1036 2355 1388 2707
6646 8566 3133 5053
5255 6631 6697 8073
7377 7386 8964 8973
2840 4227 3928 5315
0 945 6741 8127
876 2007 9220 10000
3687 4563 788 1664
5458 6868 6463 7873
867 2578 6564 8275
9554 10000 5143 5873
9314 10000 4698 5742
4825 5844 6766 7785
2944 3003 882 941
6685 8403 2149 3867
609 781 245 417
5188 6410 8826 10000
2118 3930 5062 6874
2330 2390 4992 5052
759 2645 1382 3268
4924 6843 7024 8943
4445 6357 3433 5345
3145 4178 95 1128
8818 8998 5887 6067
5184 7001 7274 9091
1588 2197 8833 9442
8627 10000 7889 9378
1645 3340 2441 4136
3067 4361 1354 2648
2153 3706 2906 4459
466 1803 7456 8793
8167 8501 8510 8844
4191 4230 7037 7076
6232 7909 3562 5239
1098 2285 8844 10000
6891 6951 4578 4638
9257 9969 0 171
2338 2385 3263 3310
0 1712 98 1911
0 746 5511 6316
4370 6245 369 2244
0 1745 0 1197
8885 8996 6433 6544
1671 1966 2568 2863
7872 8111 993 1232
2183 3745 4512 6074
7449 7924 4736 5211
8760 9287 7389 7916
8731 9787 4139 5195
4802 5647 4244 5089
7428 9227 7209 9008
2101 3113 5421 6433
9032 10000 6298 7411
0 1773 1692 3601
1208 2479 1165 2436
7393 9152 6813 8572
6353 7996 9208 10000
5964 6844 3500 4380
0 1502 6351 8102
9562 9699 2415 2552
4165 5182 2965 3982
2808 4731 2312 4235
5904 7422 1450 2968
90 1015 2874 3799
1190 2568 5292 6670
7522 7656 2417 2551
8702 10000 7622 9285
7860 8573 6461 7174
6390 7915 6830 8355
7471 9257 0 627
3492 3887 6511 6906
5604 6002 7552 7950
4458 4975 6394 6911
2683 2778 9011 9106
4566 4958 572 964
3380 4890 2428 3938
2274 3436 3692 4854
7452 9353 5538 7439
6862 8727 7991 9856
4135 4523 8657 9045
5838 7076 4683 5921
1442 2639 1228 2425
3226 5134 6749 8657
2277 3908 5420 7051
6184 6593 5592 6001
1087 1594 1272 1779
3375 3940 0 315
6077 7018 4612 5553
9471 10000 8381 9148
8470 9011 4775 5316
782 1930 7819 8967
7049 8625 8280 9856
2399 2584 1566 1751
8053 9623 2754 4324
824 1751 7593 8520
3975 4526 4085 4636
9355 9899 7205 7749
3398 3461 1056 1119
7052 8609 1222 2779
707 804 8113 8210
2704 4506 6650 8452
3142 4483 2978 4319
0 1715 2887 4651
7161 8125 1549 2513
5162 6513 453 1804
5279 5759 8054 8534
1176 1326 2351 2501
7904 9416 0 1143
4156 5563 22 1429
6865 7640 10 785
6150 6323 8614 8787
3052 4554 4048 5550
7877 9633 1717 3473
5624 7104 8383 9863
9697 10000 6494 6857
6365 6554 6151 6340
224 1346 6201 7323
8436 9534 4821 5919
196 1480 9255 10000
1498 2479 4375 5356
564 849 6596 6881
4759 5112 4472 4825
1019 2394 7203 8578
7042 7605 1495 2058
5822 6934 38 1150
6459 8132 8368 10000
6052 7650 3841 5439
6253 7504 9131 10000
7960 9010 5156 6206
550 954 2349 2753
4537 6441 5328 7232
1842 3092 8032 9282
756 1580 7275 8099
7669 8927 4302 5560
3951 4608 5218 5875
6832 7903 9038 10000
9515 10000 6500 8308
829 901 7449 7521
8217 9424 7729 8936
2135 2645 4710 5220
1756 2962 5778 6984
1380 2728 7242 8590
8632 9089 3285 3742
5804 7329 6454 7979
3358 4866 2095 3603
5267 6389 7799 8921
8809 10000 7110 8555
3340 4652 6463 7775
3090 3679 7795 8384
5003 6643 1220 2860
2166 3126 741 1701
2677 4514 8443 10000
6731 8053 4047 5369
8109 8509 413 813
3787 4307 8978 9498
3892 5534 6436 8078
2913 2981 630 698
7039 8222 4685 5868
7599 8553 414 1368
5422 7309 258 2145
3211 4922 9379 10000
8593 9148 4205 4760
5686 6353 3763 4430
1927 3371 7303 8747
4489 6078 6303 7892
4825 5766 4492 5433
7151 7305 8468 8622
4391 5799 4318 5726
2717 4546 383 2212
4461 4988 560 1087
7437 8557 7624 8744
6 254 1701 1949
237 435 3367 3565
2172 3558 3534 4920
1924 2017 2502 2595
4526 5774 2713 3961
930 1955 9491 10000
1499 2902 2016 3419
5732 7077 553 1898
95 682 0 485
7747 8403 9823 10000
2367 4124 9667 10000
9727 10000 3463 4350
9076 10000 5889 6832
2678 2885 5362 5569
985 1906 2591 3512
4201 4362 7918 8079
6711 8039 4093 5421
5137 6148 6409 7420
3712 4078 6376 6742
5087 6446 8293 9652
2527 3879 7382 8734
390 1270 6148 7028
2619 4413 6870 8664
2505 3717 0 706
4314 5414 568 1668
2497 3801 2917 4221
5884 6768 3371 4255
5605 6936 7648 8979
410 568 8163 8321
889 1242 7055 7408
8645 9451 6112 6918
9232 9709 2661 3138
3577 4073 3852 4348
6118 7989 7071 8942
0 989 3609 4656
102 1058 4468 5424
4214 4917 2643 3346
6744 7922 9120 10000
4550 5083 0 136
0 816 2930 3981
1160 1922 573 1335
1869 3412 6394 7937
8215 8918 1382 2085
4387 4786 6260 6659
6582 6703 7101 7222
3272 4529 7607 8864
7663 8974 0 896
8541 9496 3554 4509
9324 10000 8576 9398
2580 3456 2158 3034
2563 4511 7948 9896
1223 2779 4588 6144
0 1058 2445 4376
2415 2983 2383 2951
6281 6305 6300 6324
0 1289 0 1302
8083 8388 4230 4535
1865 2024 9354 9513
4156 4580 9044 9468
2615 2900 4921 5206
2231 3431 7021 8221
2699 4135 1880 3316
4909 6102 895 2088
2762 3400 7149 7787
3232 4634 7421 8823
1804 2993 303 1492
9419 10000 7348 7993
6682 7864 3420 4602
748 1814 6363 7429
8138 9858 7709 9429
3856 4704 7816 8664
1576 3516 7750 9690
1118 1501 7938 8321
4960 5123 432 595
7907 9091 7763 8947
5186 5321 8016 8151
4781 5648 4947 5814
5530 6598 0 860
8124 8957 3174 4007
7689 7991 7949 8251
2203 2958 3610 4365
8619 10000 8297 9978
7231 8463 7256 8488
5944 6640 7838 8534
2821 3972 1649 2800
5270 5613 9480 9823
807 2426 1412 3031
5634 6881 4444 5691
1868 3430 8308 9870
2209 3915 0 1162
2678 4089 7517 8928
1679 2067 9274 9662
0 449 9655 10000
5749 5940 9614 9805
6318 7888 44 1614
8794 10000 9004 10000
5907 7442 1700 3235
1622 1756 9204 9338
1835 2962 7786 8913
7478 7483 5883 5888
2258 4078 0 1756
8028 8349 3981 4302
3124 3914 6971 7761
9378 10000 8602 10000
8199 8532 2537 2870
668 1413 3047 3792
3318 4104 7737 8523
6780 7051 7288 7559
1767 2523 259 1015
8948 9979 7761 8792
2198 2566 702 1070
3883 4585 8640 9342
6192 6709 3903 4420
2898 3398 6332 6832
3847 5507 8422 10000
9423 9657 9217 9451
9703 9960 4147 4404
5938 7432 1641 3135
8904 9600 5900 6596
2074 3280 7946 9152
2277 3408 3230 4361
9712 10000 703 1587
116 715 4845 5444
6604 7331 2088 2815
100 2041 4911 6852
6755 7665 877 1787
7952 9446 5213 6707
185 1046 7160 8021
7438 8322 9104 9988
1065 2269 2013 3217
7380 7552 3071 3243
312 1458 5646 6792
2445 3957 7884 9396
8610 8743 2586 2719
4572 6513 1159 3100
3201 3646 7727 8172
5006 5611 8495 9100
1517 2740 1528 2751
3276 3688 874 1286
2734 3542 524 1332
6908 8658 8787 10000
1207 1722 4085 4600
1331 2154 2233 3056
1776 2452 3324 4000
3887 4635 2452 3200
5948 6960 0 528
4000 4881 3469 4350
3125 5019 4376 6270
6705 8579 3392 5266
3353 3477 1425 1549
4395 5911 7832 9348
7827 9027 4736 5936
711 1964 0 283
7171 8472 0 1035
0 1644 3342 5075
3349 4012 544 1207
2862 3698 4936 5772
4804 5553 7245 7994
8415 9563 3782 4930
4350 5135 8790 9575
60 748 5055 5743
2109 3255 5501 6647
0 203 6987 8673
824 2522 0 1044
5266 6401 4903 6038
7673 9353 5176 6856
3239 3780 8113 8654
2279 3177 507 1405
9500 10000 5932 7122
3591 4414 4482 5305
163 560 0 321
4556 4981 8186 8611
231 2042 7245 9056
5558 6827 6999 8268
229 1050 1141 1962
2188 3983 932 2727
5869 6668 4801 5600
847 2597 5792 7542
3406 4440 4612 5646
5389 6748 4782 6141
634 1640 7674 8680
6855 7158 329 632
2580 3800 7879 9099
0 1500 4686 6253
8535 10000 5976 7789
5233 5265 5638 5670
954 2530 6808 8384
2376 3999 6760 8383
3166 4207 5616 6657
5484 6825 0 513
1294 1867 6453 7026
4414 6348 4964 6898
975 1433 4864 5322
2245 3591 175 1521
1586 2916 0 946
4659 6309 3103 4753
3279 3875 0 428
3587 5323 0 1526
2055 2614 7840 8399
3818 4049 737 968
218 1152 6405 7339
8790 10000 1619 3080
9015 9613 6098 6696
98 1960 9333 10000
3791 4786 3731 4726
2068 2843 4202 4977
1630 3300 4618 6288
44 664 6047 6667
664 1983 2700 4019
5604 5888 5171 5455
499 1464 1330 2295
8745 10000 0 1171
9341 9681 2949 3289
2521 3401 2799 3679
4565 6504 4269 6208
5283 7108 7571 9396
2669 3360 4299 4990
1685 3435 7406 9156
1351 1916 278 843
4155 4732 8865 9442
237 572 9650 9985
5298 5334 3359 3395
898 902 6086 6090
412 1940 2943 4471
9856 9947 6032 6123
2701 2884 6417 6600
0 284 2222 2870
5411 6763 1185 2537
9872 10000 8061 8605
7578 8388 8800 9610
8384 9819 4577 6012
5900 6821 5625 6546
0 500 4877 5563
3957 4141 5133 5317
5184 5601 8740 9157
7145 8623 8040 9518
3431 4619 1459 2647
7608 7816 7524 7732
4994 5397 9866 10000
5172 6114 0 834
5699 6269 7648 8218
2162 2628 8728 9194
2089 3993 1472 3376
5984 6481 4027 4524
4625 4904 9835 10000
8809 9610 8963 9764
3154 4566 5299 6711
5409 7285 2893 4769
4515 5478 4607 5570
2304 3672 6121 7489
1537 2844 4708 6015
8898 9593 4084 4779
8421 9091 2082 2752
3877 5763 3180 5066
2181 3818 5760 7397
6634 6959 8756 9081
0 733 0 1201
9102 10000 6858 8286
6901 8456 5748 7303
7790 9127 1986 3323
61 485 5377 5801
8424 9975 3764 5315
0 968 8245 9273
7346 9243 6025 7922
2598 3709 2107 3218
4004 4604 6535 7135
5072 6753 4621 6302
3159 3994 7984 8819
3571 4976 1228 2633
9174 10000 1497 2828
6981 7362 0 296
5308 7144 3779 5615
3235 3826 3584 4175
2958 3873 4657 5572
6319 6706 9531 9918
1373 3150 5011 6788
7697 8683 3943 4929
4349 5642 6964 8257
4159 6027 6010 7878
4277 5947 2000 3670
424 506 3526 3608
4284 5285 7920 8921
1030 1797 4042 4809
8140 9306 3632 4798
3503 3578 6587 6662
0 372 1499 1997
5619 6432 4733 5546
1060 2446 1965 3351
763 1222 6079 6538
5147 6546 1415 2814
965 2373 5307 6715
668 1247 3 582
9523 9995 527 999
9739 10000 1130 1553
321 2008 7245 8932
9692 5713
372 8463
5478 9426
7262 7063
7309 7562
8368 4480
6181 8864
4407 1851
75 422
3132 4204
5842 845
8287 123
1277 6767
5467 9588
1009 7371
1190 4896
9766 4709
3486 7568
4118 4851
8017 8884
7056 1956
5876 683
47 7615
2911 8853
1445 1995
6375 4696
7760 8662
8626 1895
2128 7147
1376 7491
3102 6415
9757 6932
3253 4528
997 8047
8614 3069
9737 1279
279 6281
66 8427
9306 1996
5630 2249
5304 8136
5207 2639
1709 5326
7384 7606
7166 6108
8460 685
6083 4278
4983 8642
39 2921
3766 2138
8177 5251
2992 1743
7563 6550
2860 6340
2728 488
4587 7160
373 9866
1061 1520
1800 8254
9297 2998
805 1749
1109 4471
6820 5104
8236 7781
7869 3625
2594 5426
9927 6415
8960 5492
9405 7524
7468 1236
2613 8867
2666 6896
6003 8389
2442 6443
947 5324
8034 3828
8905 8758
6583 9663
9966 9735
6983 6221
9556 4289
5378 4912
8015 887
1606 2793
7503 8474
7590 2034
8368 2396
4586 4526
3083 4785
9583 4914
8615 5840
3488 4790
2481 1277
6425 102
5470 6889
8814 376
6701 8555
7344 8507
9976 6605
7696 8494
2526 8545
6883 9774
1453 6296
1614 8501
6554 9961
2993 8126
3049 3150
4763 3850
9408 7516
7644 9763
5591 8327
9864 2108
870 5294
8005 8129
1303 2458
3943 4793
5856 515
4144 447
977 4740
9153 4382
5420 4109
4818 8890
9496 1554
7762 4004
6860 9224
7132 5697
3612 3668
9550 731
9806 3660
8701 8896
4883 9574
2248 8020
2530 8299
6367 5568
6882 3365
956 1130
9761 9229
2856 9243
5471 9982
6796 1115
9057 2500
5960 7808
7545 5956
6539 6051
9944 3298
6 2410
7404 9879
8582 5883
4820 8045
6463 74
3404 6404
6889 2984
9495 5999
6317 9238
4292 6354
5162 3840
5384 5908
3341 5479
2766 5767
4501 3589
6174 5712
7014 6049
2614 1762
3583 2873
3954 6708
892 2744
6017 3657
7788 6246
7565 6777
5088 2500
8289 1169
7109 160
2075 8573
6755 7972
9941 3126
5732 8356
6654 7145
824 5151
2603 4378
2015 279
4947 3780
9603 3399
9228 9712
9905 4677
8276 4427
9999 8219
1969 3970
9628 2562
8701 5930
7265 4519
8260 1647
6434 2915
358 2848
9826 8374
949 7450
5945 4642
6617 7776
3588 4314
8566 6445
6838 8905
1789 6794
5019 6484
4597 9314
8869 2902
4842 4777
5340 6970
4634 7402
1726 5302
8797 916
1377 2118
8785 8144
4869 6810
3305 4041
5483 3089
210 8863
6950 3481
1201 2644
9142 7945
8438 8425
8132 6715
7012 6761
7304 5920
299 3931
5167 1104
2208 7729
5178 5704
5460 2434
5602 6334
1351 5740
4479 6959
9790 7624
2956 1667
1248 9793
8277 7195
9423 8690
5978 964
1865 9861
4745 5840
2312 9587
1190 5000
6773 6616
8123 8019
9242 8321
5456 6389
8816 8197
6146 192
3123 1370
795 1619
3161 679
1380 2571
9673 7343
4262 3990
4801 5808
7084 3441
1753 9636
5795 9999
8029 4901
835 8524
1854 1634
9157 2210
8262 8776
8332 7636
8690 3368
5736 9760
1635 9975
9004 4663
4024 9196
6877 187
9336 9415
4257 623
1060 4020
4899 9069
4723 9742
9339 4766
2371 3682
3770 8174
907 6579
538 8291
5416 8741
8316 9252
5758 8654
6956 817
8949 6280
6322 5135
8909 8024
551 733
9769 1788
3910 5441
7100 6048
6281 2718
2950 8901
9981 1874
9539 4322
2887 4269
6235 7542
154 9197
1118 6747
145 5862
4578 9647
9831 5226
5378 4496
537 7344
5489 5380
812 2157
5998 3468
938 6072
8308 7285
4011 273
5669 7964
7438 7875
9119 9868
1501 4094
8156 3347
4377 2884
8854 7299
2966 1118
6992 2748
958 2358
6577 7990
9206 3590
215 8735
7377 9974
494 5389
2306 2622
6715 3541
7137 8055
8713 483
8162 2984
5271 4462
768 4816
7127 8629
924 1346
4596 9981
2274 2348
1290 2088
6729 4286
6614 7361
7385 8966
2861 4855
553 7256
1979 9680
4377 1377
5654 6501
2149 8265
9739 5348
9636 5702
5673 7490
2995 928
7069 3298
683 340
6372 8873
3326 6344
2378 4996
2048 1651
5743 7763
4956 4331
3722 632
8900 5887
6657 8678
1708 9321
9764 8208
3269 3570
4093 2618
2384 3486
986 8439
8435 8683
4219 7076
7047 4536
2039 9848
6902 4617
9332 85
2368 3264
498 760
312 5551
4724 1281
91 397
8977 6519
1707 2846
8025 1111
3135 5514
7591 4919
9123 7619
9492 4582
5422 4387
9175 8467
2143 6223
9816 7190
354 2779
1879 1552
7456 7662
7032 9523
6509 3606
944 7949
9699 2467
4227 3018
4299 3923
6728 2033
792 3677
2460 5755
7624 2425
9332 9215
8347 7055
7673 6893
8262 322
3824 6789
5681 7701
4469 6472
2768 9050
4605 718
4504 2737
3279 3733
8399 6344
7799 8343
4374 9038
6096 5435
2031 2413
4363 7722
3404 5716
6463 5850
1515 1516
3402 105
6362 4896
9663 8518
8704 5255
1496 8158
8373 8477
2484 1687
8545 3860
1593 8203
4513 4265
9364 7528
3398 1110
7742 1485
716 8172
3358 6909
4357 3533
78 3143
7161 1830
5678 894
5743 8151
1266 2500
9157 931
5056 456
6922 677
6183 8640
3450 5101
9387 2488
6383 9031
9807 6497
6402 6302
645 6928
8933 5132
691 9443
2131 4541
773 6603
4900 4800
1420 7243
7443 1862
6920 417
7206 8813
6773 4244
6297 9942
8197 6130
908 2463
5940 6534
2508 8102
1078 7810
8897 5540
4303 5625
7113 9903
9784 6619
872 7467
9374 7932
2599 5006
2230 6032
1924 7985
9004 3549
6807 7942
4434 2455
6192 7904
9501 8368
3817 6569
3199 7847
5722 2811
2748 1142
3882 9710
6767 5023
8206 428
3843 9340
5514 6683
2921 692
7088 5511
7914 674
6298 2019
4865 9766
9074 4471
5793 4200
1981 8700
4844 6702
5567 4580
7296 8614
5119 4581
3778 675
4780 1051
7836 8253
47 1911
339 3515
2328 4861
1985 2523
4991 3404
1858 9630
1864 2562
6842 1238
131 45
8133 9901
2411 9855
9851 4290
9883 6007
2723 5532
1891 2706
4234 8028
6757 4946
5257 6450
3924 6669
6001 9068
3837 7526
953 6202
4326 8028
3099 466
4520 1209
3624 3180
6273 4225
6502 8284
492 8249
1140 7234
8678 6260
9536 3070
3863 4013
7050 7742
445 4558
186 4978
4819 3298
7809 9186
4964 80
557 3058
1611 933
2166 7730
8778 1969
4530 6630
6657 7129
4125 8777
8244 194
8879 4195
9542 9028
3118 2187
2674 8750
1844 6066
716 3168
2562 2930
6285 6320
450 768
8113 4242
1985 9420
4508 9190
2714 4976
3271 7963
2843 2204
5208 1346
3060 7741
4049 7733
2825 1092
9924 7363
6909 4461
1693 7318
9628 9106
4302 8372
3080 9019
1472 7955
5077 449
9040 8516
5259 8097
4925 5402
5695 528
8391 3662
7744 8150
2563 3745
9593 9897
7884 7662
5985 8131
2940 2347
5569 9600
1727 2973
5896 5139
2785 8701
2689 853
3530 8700
1860 9577
194 9738
5880 9792
7165 487
9878 9991
5946 3153
1739 9283
2022 7791
7482 5887
3423 1679
8339 4054
3901 7204
9401 9617
8436 2839
1065 3639
3920 8493
6855 7315
2280 317
9794 8580
2348 751
4387 8935
6497 4123
3224 6430
5338 9433
9650 9229
9844 4221
7241 2221
9289 6290
2985 8102
2707 3817
9731 747
117 5049
6767 2661
1535 5269
7078 1235
9125 5929
188 7848
7732 9618
1298 2176
7416 3198
336 6221
3131 8933
8656 2594
6454 1761
3598 7815
5077 8796
2368 2508
3456 898
2973 655
7252 9639
1209 4273
2066 3026
2065 3493
4604 2629
6237 114
4445 3619
4195 5644
8166 4446
3454 1543
5779 9104
8488 4898
883 270
8242 561
676 3753
3756 1100
3073 5739
4947 7791
9123 4856
4403 9265
493 5152
2491 5715
114 8088
2198 102
5606 5422
8901 5804
3347 8239
2721 798
9734 6741
4375 5142
210 36
4744 8254
616 8380
5725 7815
831 1931
2665 1068
6555 5467
2078 6115
3943 4812
6199 5911
697 8061
7019 376
3136 8778
1192 5769
8624 7310
5244 5664
1089 7052
3328 7004
3988 6356
6665 274
1303 6584
6005 5956
1060 5053
2305 810
2659 133
5902 3364
3447 120
4583 506
2146 8348
4047 746
328 6688
9513 2833
9225 6684
478 9903
3883 3932
2098 4654
2013 5606
84 6594
830 3703
5827 5203
754 1484
9246 686
9343 3162
2622 2967
4976 5779
5543 8188
3272 4464
2260 7756
1528 776
4488 9271
453 9971
5332 3392
901 6086
486 4151
9875 6079
2782 6442
129 2769
6122 2230
9965 8485
7676 8865
8641 5520
6508 5912
443 5147
4105 5218
5295 9045
7289 8174
4073 1635
7770 7656
5057 9934
5430 39
6097 7986
2345 8956
2523 2760
6346 4428
4646 9909
9352 9293
4403 6362
6325 4170
5307 5495
2377 7434
2348 5762
9567 4747
8706 2388
3963 4487
2889 7084
6927 8966
642 864
9545 8161
7731 6605
9001 2868
325 5446
9070 4358
766 9007
7538 6777
3643 2427
4593 6867
5388 4710
3171 8353
4007 1443
9834 1760
7275 4
6808 5016
3476 4075
3050 4675
6504 9608
2226 6181
8170 4895
5054 7288
4767 7180
4563 3494
477 3554
4743 8096
1065 4104
8522 3764
3512 6620
249 1967
6232 5121
1340 2663
991 6100
6061 2415
1868 5473
867 116
9578 690
9920 1429
1107 7767
