800 26 400 13 620
54 12 11 11 81 13 3 20 5 43 19 24 2 12 30 58 31 13 14 31 18 80 32 122 41 20
6662 6999 1731 2068
7778 8393 1233 1848
2253 2736 6703 7186
1829 2446 1050 1667
7737 8185 5994 6442
4663 4740 1218 1295
4508 4702 5196 5390
1663 1770 3404 3511
4579 4847 9303 9571
7652 8176 9493 10000
2487 2916 1608 2037
3153 3708 5419 5974
5489 5945 5968 6424
9119 9130 4345 4356
1621 2074 6495 6948
7007 7472 2756 3221
4099 4423 5620 5944
5806 5926 2934 3054
3071 3525 568 1022
4331 4409 7629 7707
4379 4648 4673 4942
6689 7015 6515 6841
9359 9950 6452 7043
2640 2703 8085 8148
4688 5074 3314 3700
2559 2887 6400 6728
9089 9707 4385 5003
5201 5252 1274 1325
9337 9680 2370 2713
2758 3081 3826 4149
5956 6166 725 935
7732 7991 8157 8416
8843 9250 1355 1762
6620 7096 9492 9968
6046 6454 404 812
3525 3806 7604 7885
8730 8914 2952 3136
4849 5187 3237 3575
873 1256 1202 1585
8869 9101 3390 3622
36 290 4490 4744
3382 3763 8748 9129
6143 6183 4069 4109
561 790 2662 2891
166 644 2854 3332
4481 4681 7487 7687
3589 3812 2019 2242
810 998 2549 2737
3060 3633 7794 8367
1311 1607 8661 8957
3847 4365 7216 7734
3821 4096 2813 3088
3543 3903 7023 7383
5822 6202 1020 1400
6407 6788 4608 4989
6215 6254 2145 2184
5568 5914 5724 6070
7274 7725 2211 2662
2844 2928 7456 7540
3026 3291 7458 7723
654 659 5336 5341
7151 7585 4195 4629
7062 7434 6259 6631
9038 9451 488 901
7235 7423 3684 3872
8747 9223 5733 6209
784 1304 1179 1699
1957 2263 1138 1444
2111 2449 1642 1980
7926 8107 1435 1616
58 520 2271 2733
2785 3067 0 276
4045 4224 1456 1635
4422 4448 6709 6735
4901 5029 6136 6264
4888 4957 3187 3256
9083 9634 6438 6989
9079 9679 168 768
3485 3825 1662 2002
4275 4319 7614 7658
5073 5578 8235 8740
4345 4685 3738 4078
7240 7608 6736 7104
4682 5104 4247 4669
8888 9365 8804 9281
2286 2628 6289 6631
1766 1902 5031 5167
4452 4828 4319 4695
9525 9595 9929 9999
7258 7267 7762 7771
7286 7408 9165 9287
9236 9346 2299 2409
6233 6522 5961 6250
8425 8892 5141 5608
654 1246 5299 5891
550 975 8028 8453
6679 7095 7104 7520
2833 2891 4237 4295
9104 9224 2874 2994
5503 5783 168 448
8096 8569 1361 1834
9227 9789 2779 3341
0 10 2275 2432
7542 7992 4354 4804
4136 4440 3953 4257
4383 4664 7531 7812
2340 2560 128 348
993 1094 9354 9455
3280 3311 9110 9141
5101 5238 9259 9396
2357 2671 6115 6429
6279 6697 382 800
6323 6489 1814 1980
3343 3458 8544 8659
9155 9165 7165 7175
6199 6709 2309 2819
9316 9590 9283 9557
9127 9431 7399 7703
6806 6946 3582 3722
3780 4185 7647 8052
4603 4788 2619 2804
203 479 3967 4243
8277 8324 103 150
4072 4167 6343 6438
6833 7170 1163 1500
866 1219 8700 9053
1605 2074 7646 8115
443 958 7327 7842
8497 8646 2687 2836
583 970 4764 5151
1060 1065 9720 9725
7306 7837 5549 6080
8651 8799 4214 4362
3715 4117 8611 9013
894 914 8769 8789
31 551 6999 7519
555 905 2328 2678
900 1370 5679 6149
4050 4406 938 1294
2717 2976 4054 4313
8328 8912 5055 5639
11 99 1984 2072
3452 3658 1002 1208
7818 8321 4666 5169
6999 7196 1855 2052
6128 6283 3819 3974
8737 9146 4137 4546
2241 2795 2171 2725
5558 6178 3538 4158
745 824 6342 6421
4910 5096 8002 8188
418 855 2730 3167
0 239 3600 4214
8344 8699 7388 7743
5300 5738 5829 6267
9553 9780 2970 3197
9787 10000 0 285
6837 7327 4452 4942
6281 6784 3534 4037
7500 7893 4879 5272
7555 7991 6234 6670
7088 7534 1269 1715
2558 2810 6715 6967
7087 7564 7063 7540
9364 9446 4909 4991
9434 9931 8681 9178
1877 2191 4188 4502
5556 6107 8962 9513
8000 8236 293 529
9212 9614 3055 3457
2913 3292 4316 4695
4904 5409 7127 7632
2512 2638 8254 8380
3324 3722 9030 9428
3903 4322 8963 9382
6606 6973 272 639
5524 5582 1924 1982
0 249 7343 7738
7098 7373 878 1153
7336 7620 4278 4562
5857 5891 3469 3503
731 1247 1353 1869
2339 2662 1507 1830
6919 7524 3529 4134
803 876 9721 9794
9696 9888 9866 10000
7003 7550 4102 4649
7943 8210 2200 2467
2294 2862 234 802
9322 9445 3673 3796
9380 9915 1790 2325
6109 6379 6818 7088
9004 9154 5890 6040
2234 2687 1438 1891
6420 6861 9303 9744
9798 9805 7434 7441
3546 3972 6675 7101
7535 8111 5267 5843
7499 8003 401 905
6869 7014 4029 4174
2826 2839 9053 9066
5316 5356 5279 5319
8940 9077 3999 4136
7254 7675 890 1311
3787 4360 1197 1770
4120 4484 5703 6067
422 1009 6247 6834
8125 8364 9041 9280
7273 7524 7629 7880
4552 5106 2085 2639
2574 2659 7394 7479
2863 2969 226 332
943 1537 1868 2462
4076 4614 7409 7947
7378 7409 2296 2327
2986 3229 2612 2855
8337 8723 802 1188
8777 8820 1386 1429
4377 4915 108 646
7246 7669 3239 3662
1857 2127 8463 8733
5960 6374 1125 1539
7860 8370 3172 3682
5204 5500 207 503
5684 6003 2279 2598
5704 6258 3205 3759
553 1100 8593 9140
8157 8564 276 683
965 1510 5281 5826
8598 9064 7337 7803
7743 7972 676 905
2372 2662 8073 8363
835 1083 6163 6411
8602 8750 3437 3585
435 852 7913 8330
9340 9541 153 354
5774 6094 1851 2171
6153 6621 3150 3618
5371 5596 4379 4604
7846 8036 2206 2396
0 180 3496 3766
704 881 4721 4898
6317 6825 0 388
1079 1159 5680 5760
8847 8958 168 279
7007 7217 8147 8357
6469 7014 7525 8070
4277 4475 3897 4095
4376 4940 9006 9570
8983 9074 206 297
2479 2980 8003 8504
8590 8645 1416 1471
8650 8739 6223 6312
6654 6950 9747 10000
9410 9865 1101 1556
5133 5343 8055 8265
1486 2097 3414 4025
1442 1668 2377 2603
6672 7174 2597 3099
1631 1679 1251 1299
414 591 1380 1557
683 1079 9303 9699
7678 7955 784 1061
9568 10000 9084 9619
8601 8773 7755 7927
4183 4294 3424 3535
2962 2979 9226 9243
1529 1685 663 819
5656 5769 8119 8232
5136 5636 6687 7187
938 1389 904 1355
7505 8014 5310 5819
1467 1652 4946 5131
2765 3002 3373 3610
5676 5960 0 250
5719 5864 4972 5117
8137 8499 9197 9559
2931 3059 5772 5900
281 556 9600 9875
5289 5303 2081 2095
5735 5796 9541 9602
810 948 4651 4789
6609 6897 8176 8464
8459 8597 3774 3912
6400 6965 4939 5504
7816 8067 2669 2920
49 463 2003 2417
2336 2601 4142 4407
0 324 8290 8793
1194 1564 9287 9657
2449 2695 5123 5369
4497 4623 561 687
7540 8056 2860 3376
54 666 7499 8111
2858 3317 5834 6293
3166 3327 8472 8633
4597 4621 5927 5951
7548 7922 8219 8593
122 407 389 674
5838 6201 2277 2640
0 467 9188 9745
6738 7025 41 328
3729 3736 255 262
1910 2268 3724 4082
0 291 3115 3456
593 826 7305 7538
2441 2672 1962 2193
6666 6889 9183 9406
406 865 5523 5982
4976 5537 9341 9902
717 926 1926 2135
6948 7347 483 882
2884 2899 9207 9222
268 705 5107 5544
0 12 1525 1578
6727 7066 5748 6087
7075 7406 3059 3390
9210 9540 5069 5399
1721 2261 499 1039
5828 6198 4731 5101
6480 6511 1383 1414
1829 2429 1933 2533
1383 1603 1193 1413
8905 9058 3382 3535
7905 8457 4850 5402
8719 9074 6773 7128
7556 7970 1993 2407
6361 6405 8468 8512
6464 7081 8961 9578
8690 8825 5624 5759
4474 5079 8964 9569
2225 2399 5274 5448
8097 8449 9382 9734
9296 9643 7911 8258
7516 7554 2954 2992
7329 7425 2300 2396
813 1122 8667 8976
6302 6483 4287 4468
5228 5529 6460 6761
0 35 3890 4448
2853 3044 2925 3116
666 725 5138 5197
1333 1375 6726 6768
7779 8295 8286 8802
1292 1803 8493 9004
6670 7081 8608 9019
1072 1431 8239 8598
1061 1603 4650 5192
2584 2874 5556 5846
2306 2479 4213 4386
6520 6862 9081 9423
538 1079 0 129
3046 3262 3899 4115
7974 7999 6034 6059
5181 5719 4659 5197
3528 3751 8719 8942
1711 2090 4724 5103
5989 6558 6360 6929
1960 2478 4956 5474
9020 9602 7097 7679
3294 3657 5237 5600
0 356 7456 7981
3909 4026 7941 8058
4903 5499 6755 7351
6250 6752 6019 6521
4592 4799 2977 3184
8145 8456 5710 6021
6099 6390 0 191
2007 2441 1539 1973
7264 7774 8733 9243
9545 10000 14 580
3739 4214 2409 2884
4725 4744 9317 9336
2778 3380 2343 2945
9753 9836 5589 5672
0 87 5534 5770
941 1280 2307 2646
7213 7833 9441 10000
1859 2444 3450 4035
918 1454 1528 2064
9926 10000 3199 3294
6667 7186 5115 5634
1343 1603 1055 1315
8782 8981 4589 4788
3377 3907 4382 4912
6526 7032 4130 4636
3741 4328 5503 6090
3310 3546 5070 5306
3219 3393 3957 4131
4164 4493 4958 5287
7107 7715 1256 1864
8555 8932 9426 9803
6287 6780 3508 4001
1955 2555 429 1029
6705 6750 6283 6328
1093 1185 9380 9472
2773 3347 0 148
5699 6218 4584 5103
1755 2245 1472 1962
3105 3660 7791 8346
9048 9253 8815 9020
229 634 701 1106
8647 8933 9499 9785
9180 9413 27 260
1402 1596 1892 2086
6666 7158 2475 2967
4610 4996 5457 5843
6356 6534 4154 4332
4523 4646 7250 7373
6331 6828 2462 2959
3925 4428 6263 6766
5667 6026 3726 4085
5796 5949 9309 9462
3970 4381 0 253
9369 9442 6711 6784
1039 1233 4089 4283
9066 9224 4158 4316
9232 9462 1711 1941
1129 1374 1437 1682
6247 6361 5841 5955
4795 5384 2713 3302
9128 9667 8322 8861
1183 1795 2339 2951
7155 7718 4805 5368
3804 4166 4639 5001
6682 6860 8894 9072
6494 6797 2224 2527
4971 5121 8257 8407
7717 8187 2583 3053
7764 7811 6399 6446
3752 4164 8231 8643
1651 1853 3581 3783
2990 3271 8174 8455
3921 4426 3977 4482
6593 7162 9279 9848
6663 6999 8961 9297
2146 2474 6342 6670
4905 5323 480 898
1371 1795 484 908
8302 8650 3873 4221
6920 7341 8365 8786
6992 7452 8827 9287
9408 9595 1958 2145
3008 3228 2808 3028
2373 2750 2403 2780
2100 2289 5738 5927
7934 8072 978 1116
2361 2409 5669 5717
7823 8235 7179 7591
8486 8802 2121 2437
3707 3758 571 622
9025 9227 4270 4472
9479 9600 1583 1704
7461 7761 1037 1337
8859 8957 9172 9270
8734 9198 4152 4616
5482 5839 6156 6513
9918 9952 5679 5713
6155 6740 3179 3764
8357 8652 716 1011
4486 5014 5482 6010
4854 5266 896 1308
7269 7728 8175 8634
7688 8200 8159 8671
0 349 4964 5519
557 917 3333 3693
3487 4052 6485 7050
7029 7031 8221 8223
2006 2475 8571 9040
2766 2976 3047 3257
747 993 973 1219
8922 9072 1948 2098
6816 6948 8343 8475
8933 9385 7479 7931
3955 4302 272 619
3558 3800 6423 6665
2447 2642 6693 6888
9285 9850 4004 4569
5157 5503 4473 4819
3985 4123 1097 1235
6808 6853 3641 3686
5577 5886 9635 9944
2086 2653 5612 6179
2637 2918 2957 3238
3223 3548 4126 4451
8528 8546 1948 1966
9007 9126 4453 4572
7290 7877 1871 2458
1267 1699 4880 5312
7629 7664 2784 2819
1075 1617 7236 7778
2071 2549 2740 3218
5567 5641 2259 2333
9662 10000 0 79
8592 9037 4245 4690
748 1142 2040 2434
6781 7000 1015 1234
8356 8592 6528 6764
3020 3587 1317 1884
494 869 1155 1530
3462 3712 1773 2023
7667 7845 9575 9753
5047 5154 4662 4769
0 107 7770 7973
3630 4247 3503 4120
5951 5999 7176 7224
5619 5727 6438 6546
3237 3333 1737 1833
7460 7696 8334 8570
6188 6581 97 490
6412 6704 2334 2626
1231 1844 1698 2311
3482 3799 1631 1948
3535 3932 3711 4108
1049 1228 2116 2295
2149 2283 2515 2649
316 434 7838 7956
4650 5133 9080 9563
615 1147 8284 8816
2688 2879 1156 1347
539 809 8616 8886
3156 3704 2953 3501
7618 7957 7796 8135
1213 1817 5007 5611
6133 6444 4660 4971
2060 2084 534 558
3953 4560 6835 7442
4938 5013 9089 9164
28 339 7844 8155
6381 6794 2211 2624
6981 7136 1326 1481
62 135 1199 1272
6599 6952 4936 5289
2276 2307 9531 9562
3068 3212 5893 6037
7945 8342 227 624
2061 2165 3959 4063
6626 6814 1307 1495
3936 4093 363 520
9131 9743 3411 4023
2851 3063 6475 6687
7763 8093 5776 6106
8792 8924 6877 7009
4358 4388 8609 8639
79 415 5159 5495
2821 3362 8184 8725
8370 8546 1412 1588
509 706 6820 7017
5670 6005 4801 5136
5435 5961 5587 6113
5156 5690 2664 3198
2013 2256 2146 2389
2666 3049 2975 3358
4603 4974 6402 6773
5624 5649 7292 7317
6096 6238 1564 1706
669 774 2293 2398
9141 9749 8020 8628
4821 4976 6676 6831
241 378 6066 6203
1228 1743 5970 6485
2273 2878 5639 6244
6135 6507 7618 7990
3879 4189 7796 8106
6699 7123 2598 3022
7832 8431 7564 8163
5489 5943 5650 6104
3828 4391 3092 3655
4684 5130 3594 4040
3183 3457 4460 4734
5788 6400 4096 4708
282 464 9658 9840
6397 6529 8252 8384
2445 2704 8348 8607
9421 9704 5635 5918
3641 3922 5255 5536
8229 8846 7927 8544
0 71 2145 2254
6047 6495 2977 3425
5424 5937 3233 3746
2013 2183 4893 5063
3735 4075 8665 9005
9419 9459 5618 5658
9597 9632 247 282
7009 7505 2899 3395
9202 9394 2987 3179
4967 5459 6564 7056
4510 5055 7172 7717
2673 2835 6594 6756
5852 5858 6491 6497
7576 7643 6522 6589
8807 9230 8569 8992
7986 8411 9694 10000
7527 8013 1138 1624
9929 10000 373 574
8452 8549 3934 4031
0 299 2739 3101
6789 7041 7423 7675
8862 9438 167 743
5820 5855 4592 4627
652 813 2952 3113
8181 8636 9239 9694
566 779 7908 8121
7533 7918 2874 3259
8370 8832 1612 2074
4537 5101 6563 7127
238 683 3612 4057
5120 5201 5912 5993
8790 9377 2860 3447
7159 7710 4752 5303
4290 4902 771 1383
4787 4993 6839 7045
1647 1843 713 909
2871 3078 5144 5351
8727 9232 3918 4423
1417 1578 1942 2103
666 1107 6049 6490
5612 6200 8400 8988
1055 1501 1130 1576
5092 5396 1048 1352
3756 3779 1968 1991
1830 2002 7930 8102
3124 3289 3809 3974
7004 7416 5055 5467
7565 7902 9201 9538
7571 7961 3384 3774
8679 9237 5601 6159
9738 9843 2088 2193
3902 4025 8711 8834
9048 9374 9273 9599
6633 7063 5369 5799
4254 4712 6677 7135
5213 5279 5703 5769
8262 8627 888 1253
2786 3343 4029 4586
623 921 9041 9339
8346 8459 602 715
3835 4170 8118 8453
7768 8229 2783 3244
9083 9119 1466 1502
7188 7461 5120 5393
2423 2768 3187 3532
6601 7221 7346 7966
2581 3184 8847 9450
2247 2426 1046 1225
4397 5003 4975 5581
4942 5390 1103 1551
6184 6312 833 961
9243 9744 9454 9955
2429 3028 9359 9958
4024 4503 9225 9704
1712 1967 5718 5973
7369 7604 860 1095
2459 2782 7374 7697
2703 3073 7960 8330
4840 5330 7034 7524
5022 5553 7949 8480
5730 6268 7660 8198
800 1315 989 1504
9087 9227 1521 1661
8404 8737 1179 1512
380 859 2387 2866
3611 4176 612 1177
6543 6831 7296 7584
5122 5150 1748 1776
3732 3775 1259 1302
5091 5495 8862 9266
5573 5970 1289 1686
5807 6109 3870 4172
2280 2587 7089 7396
3246 3742 406 902
5327 5381 5707 5761
7916 7994 4794 4872
1819 2145 2892 3218
9441 9850 6440 6849
6250 6406 4998 5154
9439 9601 1862 2024
1738 2328 8906 9496
5983 6344 1 362
9172 9768 3826 4422
3865 4256 9068 9459
5633 5718 2929 3014
1737 2180 245 688
9187 9475 2920 3208
411 552 9623 9764
9016 9496 6459 6939
7343 7713 9055 9425
1693 2209 4131 4647
4647 4733 1379 1465
8581 8878 522 819
7085 7305 0 208
110 343 9906 10000
564 845 9327 9608
11 526 8754 9269
5467 5743 6278 6554
3466 3840 9302 9676
2200 2651 5375 5826
983 1109 4247 4373
8209 8829 8458 9078
8102 8109 7195 7202
62 343 3048 3329
8481 8712 5037 5268
6698 6922 0 122
1040 1365 7694 8019
5722 6006 8669 8953
1870 2147 553 830
3669 4181 2353 2865
2885 2966 6700 6781
4370 4513 5297 5440
3933 4496 9476 10000
7214 7605 6354 6745
2601 2876 6602 6877
6928 7345 4558 4975
5977 6546 8135 8704
4729 4806 45 122
5541 5938 7504 7901
1519 2113 0 372
2980 3249 3861 4130
6581 6714 6793 6926
4033 4581 5732 6280
9205 9623 1394 1812
2482 2794 6177 6489
8054 8287 9178 9411
7436 7677 242 483
3102 3250 6294 6442
9166 9762 205 801
941 950 8498 8507
1396 1501 5012 5117
1192 1220 7414 7442
8387 8947 8073 8633
9904 9910 5501 5507
4498 4792 1122 1416
9922 9976 2187 2241
870 1115 8143 8388
1774 1879 6262 6367
6575 6943 5145 5513
2743 2970 9012 9239
4077 4500 7650 8073
2464 2979 8066 8581
7895 8377 8250 8732
6049 6470 5227 5648
5961 6420 2241 2700
4403 4478 8338 8413
1609 2215 2964 3570
8226 8368 5649 5791
8007 8045 9818 9856
1993 1995 4685 4687
8413 8589 1530 1706
6977 7195 5108 5326
7541 8153 2375 2987
5025 5041 586 602
9632 9801 5385 5554
623 683 1798 1858
7870 7948 625 703
105 618 7662 8175
4398 4769 1408 1779
1824 2012 8045 8233
0 154 0 155
9619 9841 1948 2170
4195 4627 2045 2477
7601 8087 27 513
2164 2690 5682 6208
5941 6010 3290 3359
8851 9099 4328 4576
3616 3757 2534 2675
5795 5948 5932 6085
1861 2105 4326 4570
8955 9422 2911 3378
8868 9389 9019 9540
9030 9567 2951 3488
3369 3384 1834 1849
1120 1675 8312 8867
0 438 1232 1670
4489 4640 4053 4204
9557 10000 5630 6170
2287 2885 5325 5923
4579 5005 4343 4769
9509 9707 5276 5474
8043 8637 5254 5848
2172 2187 7209 7224
6877 7271 641 1035
1728 2010 8275 8557
1427 1861 4007 4441
9059 9286 4358 4585
9621 9888 8631 8898
2439 2804 2037 2402
2368 2494 5377 5503
6295 6914 2396 3015
5067 5115 1280 1328
2084 2482 259 657
6552 6986 2205 2639
171 335 6592 6756
0 100 4295 4569
117 571 3361 3815
6787 7169 1631 2013
0 162 1885 2111
4117 4695 308 886
753 1022 9793 10000
3574 3853 9666 9945
8323 8361 461 499
6728 1912
7789 1508
2476 6874
2295 1602
8007 6382
4671 1272
4585 5345
1717 3505
4810 9341
7822 9798
2591 1902
3303 5610
5529 6271
9127 4355
1782 6749
7339 2829
4224 5780
5815 2989
3283 823
4360 7630
4490 4752
6922 6690
9892 6497
2699 8146
4703 3450
2722 6667
9361 4933
5218 1300
9414 2535
2789 3898
6127 828
7738 8180
9096 1458
6691 9664
6336 423
3738 7831
8778 3104
5109 3405
981 1494
8880 3450
72 4610
3641 8841
6152 4081
714 2740
170 3187
4530 7595
3651 2229
960 2622
3185 8148
1562 8956
4139 7660
4086 2973
3636 7140
5942 1359
6704 4749
6242 2179
5677 5923
7300 2443
2874 7526
3142 7462
654 5339
7353 4244
7221 6312
9405 844
7420 3778
8924 5919
818 1688
2203 1204
2393 1760
7935 1544
411 2556
3054 200
4144 1529
4429 6722
4983 6171
4917 3209
9288 6530
9615 758
3551 1702
4286 7647
5108 8589
4491 3896
7454 6926
5057 4459
9179 8948
2478 6289
1822 5149
4549 4673
9588 9944
7264 7767
7359 9269
9288 2367
6454 6009
8805 5221
673 5641
930 8189
7092 7374
2879 4270
9221 2978
5754 185
8205 1817
9504 2938
6 2376
7556 4565
4269 4054
4426 7729
2428 150
1076 9436
3295 9112
5176 9280
2521 6396
6470 726
6452 1887
3406 8635
9159 7166
6237 2449
9373 9445
9218 7666
6871 3596
4061 7855
4721 2780
374 4101
8288 109
4125 6427
6909 1239
913 8737
1636 7923
900 7639
8520 2805
701 4965
1062 9724
7659 5565
8651 4311
3933 9004
895 8775
108 7173
762 2503
906 5934
4302 1017
2832 4081
8704 5612
13 2006
3557 1092
8006 4946
7195 2052
6246 3848
9019 4209
2667 2277
6117 3989
808 6359
5068 8049
636 2818
80 4109
8372 7572
5388 6020
9743 3089
9854 13
7003 4845
6616 3983
7830 5114
7647 6644
7201 1484
2642 6752
7509 7278
9427 4936
9493 9138
2143 4399
5855 8988
8221 409
9378 3393
2989 4532
5077 7303
2527 8360
3541 9154
4279 9129
6865 604
5532 1952
65 7583
7242 998
7617 4525
5869 3493
1091 1518
2549 1724
7205 3775
850 9733
9871 9995
7505 4439
7973 2455
2382 364
9363 3779
9794 1818
6331 7070
9091 5894
2534 1703
6617 9318
9800 7440
3794 7044
7583 5703
7660 836
6909 4128
2832 9061
5318 5290
8958 4039
7378 921
4107 1382
4327 5816
570 6597
8261 9228
7417 7739
4962 2514
2614 7403
2951 258
1232 2129
4285 7885
7394 2323
3217 2838
8668 1094
8814 1403
4492 386
7308 3518
2093 8682
6263 1422
8268 3408
5417 446
5933 2381
6245 3253
878 8884
8178 571
1056 5354
8848 7411
7859 680
2405 8249
997 6313
8630 3537
741 8298
9362 203
5990 1924
6474 3245
5557 4479
8003 2246
30 3701
853 4842
6783 107
1088 5750
8880 192
7121 8176
6897 7670
4293 4043
4825 9206
9025 255
2577 8486
8619 1453
8711 6285
6792 9934
9466 1147
5330 8170
1500 3514
1599 2501
6816 2623
1651 1298
541 1477
890 9402
7748 881
9655 9119
8661 7858
4254 3434
2978 9236
1546 794
5737 8169
5565 6727
1387 1032
7696 5531
1644 5028
2798 3554
5843 234
5836 5052
8166 9488
3011 5786
443 9771
5289 2085
5787 9570
897 4750
6750 8225
8569 3896
6438 5180
8009 2789
91 2248
2356 4254
55 8386
1243 9552
2571 5123
4560 585
7636 3334
358 7956
2860 5862
3270 8506
4606 5941
7772 8250
358 400
6179 2413
425 9535
6958 320
3733 255
1978 3963
212 3375
682 7457
2661 2188
6802 9405
427 5701
5204 9529
736 1970
7127 740
2895 9214
352 5371
3 1528
6990 5964
7113 3341
9350 5270
1795 786
6006 4759
6502 1384
2386 2333
1390 1351
8973 3487
7957 5080
8891 6776
7934 2293
6388 8501
6544 9414
8743 5758
4913 9559
2231 5293
8117 9703
9629 8019
7548 2986
7411 2361
1049 8870
6375 4398
5464 6486
22 4307
3021 2958
695 5193
1344 6726
8164 8440
1503 8605
6953 8608
1201 8461
1404 4672
2667 5648
2337 4231
6849 9398
706 84
3197 3955
7979 6048
5197 4826
3531 8787
2012 4904
6421 6782
2472 5287
9300 7223
3554 5496
190 7886
3961 8043
4928 7286
6284 6033
4751 3016
8450 5782
6251 170
2428 1574
7547 9053
9756 512
4152 2501
4735 9330
3249 2726
9806 5626
62 5597
1123 2588
7245 9767
1880 3574
974 2036
9978 3274
6836 5160
1526 1072
8814 4743
3540 4634
6951 4496
4223 5780
3503 5114
3251 4057
4411 5063
7361 1424
8601 9498
6317 4001
2541 471
6727 6300
1147 9405
3173 66
6217 4853
2093 1637
3630 8164
9236 9003
552 1037
8746 9616
9270 57
1543 1906
6697 2482
4885 5810
6422 4273
4616 7313
6791 2626
4255 6350
5955 4030
5919 9412
4056 195
9399 6758
1150 4155
9132 4312
9280 1775
1165 1639
6286 5852
5019 3280
9389 8561
1602 2594
7552 5032
4162 4817
6720 9052
6777 2313
5013 8382
8084 2960
7807 6437
4041 8566
1761 3767
3206 8284
4313 3977
6978 9313
6820 9185
2386 6611
4961 504
1644 596
8596 4210
7183 8518
7024 9146
9425 2108
3193 2882
2610 2513
2254 5779
7997 1038
2405 5687
8042 7483
8722 2368
3725 599
9095 4339
9546 1605
7623 1176
8947 9189
8781 4230
5609 6513
9922 5696
6602 3444
8392 805
4751 5637
5133 1257
7522 8184
7972 8610
304 5445
868 3452
3861 6721
7030 8223
2075 8930
2852 3208
771 1081
9051 2072
6829 8377
8986 7551
4204 338
3559 6464
2557 6694
9362 4364
5184 4700
4113 1179
6829 3680
5761 9850
2414 5925
2786 3087
3353 4446
8540 1959
9064 4456
7395 2169
1591 5020
7637 2811
1183 7648
2536 3014
5625 2323
9878 66
8684 4521
837 2138
6816 1173
8486 6685
3227 1536
751 1161
3676 1776
7676 9704
5132 4699
6 7924
3654 4024
5952 7181
5650 6474
3253 1819
7569 8353
6197 299
6666 2497
1415 2075
3763 1839
3820 4026
1075 2199
2206 2644
336 7929
5111 9491
884 8477
2793 1195
805 8800
3503 3400
7806 7959
1352 5251
6266 4677
2073 546
4003 6845
4948 9161
199 8046
6738 2251
7042 1427
89 1244
6754 4972
2303 9556
3134 5899
8300 423
2110 4016
6732 1411
4076 501
9422 3509
3013 6530
8045 5882
8814 6992
4360 8631
395 5317
2891 8459
8447 1493
620 7008
5816 4980
5843 5606
5418 3045
2065 2171
2924 3307
4898 6676
5633 7299
6195 1650
701 2325
9554 8478
4911 6801
250 6138
1589 6063
2309 5929
6497 7932
4045 7869
6812 2937
8353 7937
5883 5854
4140 3452
4719 3892
3324 4473
6394 4231
452 9770
6469 8271
2567 8429
9439 5907
3741 5350
8525 8172
50 2157
6298 3099
5548 3247
2045 5059
3881 8721
9457 5623
9628 281
7112 3256
9225 3043
4968 6600
4991 7617
2680 6691
5853 6493
7585 6580
9050 8727
8045 9886
7975 1420
9963 534
8491 3958
205 2931
6806 7588
9083 740
5838 4593
724 3009
8395 9269
766 7923
7675 3050
8730 1966
4963 7117
419 3923
5146 5931
9207 2944
7447 5027
4578 1246
4921 6860
1673 866
2995 5271
9064 4291
1466 2071
1041 6276
5827 8918
1245 1334
5275 1232
3762 1987
1889 7946
3173 3841
7357 5184
7881 9526
7777 3733
8752 5890
9805 2180
3983 8797
9310 9341
7005 5480
4624 6874
5225 5764
8431 1120
2851 4109
648 9209
8411 640
4060 8199
8106 3224
9117 1497
7280 5267
2742 3501
6771 7469
3085 8897
2367 1147
4927 5507
5245 1356
6236 852
9551 9877
2557 9401
4046 9349
1723 5770
7388 879
2562 7438
2865 8175
4885 7093
5397 8095
6169 8030
1006 1447
9097 1643
8610 1220
545 2712
3945 823
6667 7556
5140 1776
3757 1264
5275 9162
5844 1375
5931 4155
2431 7219
3402 473
5365 5709
7959 4863
1883 3057
9487 6757
6378 5136
9460 1995
1830 9406
6178 339
9432 4106
4238 9388
5643 2952
1949 642
9257 3106
448 9720
9109 6889
7703 9161
2201 4536
4715 1399
8658 704
7235 199
279 9982
767 9373
300 9088
5672 6429
3835 9332
2485 5619
988 4322
8698 8993
8106 7196
231 3207
8634 5211
6903 37
1049 7775
5728 8750
2040 795
4018 2702
2955 6778
4426 5383
4475 9705
7447 6477
2748 6697
7168 4608
6490 8141
4768 83
5902 7771
1525 63
3001 3932
6659 6892
4190 5775
9533 1803
2592 6207
8059 9257
7663 464
3180 6377
9552 477
949 8502
1493 5111
1217 7428
8490 8207
9907 5501
4717 1161
9970 2234
995 8240
1808 6284
6868 5152
2938 9078
4202 7686
2895 8550
8095 8503
6294 5430
6161 2464
4454 8341
2166 3566
8245 5777
8034 9840
1994 4687
8561 1590
7185 5267
7615 2734
5030 586
9713 5420
661 1835
7905 677
543 7715
4660 1542
2009 8139
108 115
9619 2075
4346 2078
7968 31
2671 5753
5992 3325
8931 4515
3740 2624
5858 5983
2045 4542
9081 2971
9241 9290
9476 3147
3380 1834
1623 8563
49 1439
4620 4059
9726 5773
2584 5707
4725 4536
9690 5363
8337 5774
2177 7223
7199 757
1844 8319
1440 4282
9188 4437
9855 8875
2503 2177
2458 5390
6654 2673
5087 1292
2219 446
6860 2419
302 6679
33 4432
520 3515
7024 1948
52 2101
4324 590
957 9913
3744 9833
8333 474
