800 25 400 15 1711
25 43 41 10 22 10 7 2 23 13 49 27 19 62 41 18 60 24 19 17 21 65 77 40 65
2913 4108 1827 3022
5857 7410 8138 9691
5933 6440 2059 2566
0 135 5524 5746
6212 6576 9180 9544
71 645 9036 9610
5710 6504 4914 5708
8489 9255 2002 2768
2757 4296 0 1512
7479 9056 4489 6066
3122 4789 6143 7810
5147 5690 0 388
5575 6960 8918 10000
7547 8699 4048 5200
5923 7019 7395 8491
2217 3834 8738 10000
5274 5341 9135 9202
4559 4853 6558 6852
8217 8313 5250 5346
0 855 2486 4085
2707 3226 3654 4173
1682 2147 1760 2225
2955 4288 2576 3909
4372 5305 6804 7737
4604 4863 4245 4504
8491 10000 1313 3007
214 1486 5687 6959
5052 6122 542 1612
4034 4583 3649 4198
42 1538 4722 6218
9629 10000 2723 3391
6162 7121 6582 7541
7396 7447 926 977
2129 3611 3461 4943
4541 4677 5684 5820
5823 6065 9613 9855
0 950 2396 3397
6057 6182 8201 8326
6716 7994 1340 2618
9637 9871 5173 5407
7703 8332 1368 1997
5273 5289 3934 3950
4426 4881 3481 3936
5848 7474 6421 8047
7235 8471 0 1031
7361 8099 1069 1807
3397 3538 9605 9746
6796 7156 4781 5141
7460 7867 6391 6798
7268 7418 2936 3086
1723 3181 935 2393
7696 7802 7169 7275
553 1347 2887 3681
4946 6379 8857 10000
1750 3298 6580 8128
4533 5465 4118 5050
5178 5722 7349 7893
3633 4892 5709 6968
0 485 8757 9937
9557 9934 4164 4541
7800 9268 3648 5116
6872 7543 644 1315
4907 4980 2507 2580
7245 8502 4876 6133
5816 6858 6115 7157
5971 6234 458 721
8097 8660 3795 4358
1446 3132 3676 5362
338 1143 6230 7035
2665 2894 4779 5008
5086 5984 1078 1976
3995 5192 393 1590
8658 8910 966 1218
1083 1469 5167 5553
313 1080 3362 4129
1462 2022 8763 9323
0 656 9292 10000
1244 1716 8253 8725
4477 5027 9090 9640
558 2210 5106 6758
7789 8258 4256 4725
3925 4195 4513 4783
1391 2425 1639 2673
4170 4358 63 251
4031 5426 5414 6809
8175 8473 6839 7137
4790 5620 3775 4605
7955 8950 3760 4755
2400 2634 5811 6045
572 1658 6833 7919
2910 3037 2369 2496
64 914 1327 2177
7582 8613 0 961
7014 7346 6570 6902
9241 10000 4605 5474
7099 8330 6189 7420
7411 8890 7179 8658
861 1368 4518 5025
3223 4910 4839 6526
5859 6616 4778 5535
3468 4271 3551 4354
5279 6317 6189 7227
8505 9223 414 1132
7267 7277 7640 7650
5900 7211 7655 8966
2340 4033 254 1947
724 1015 8413 8704
5468 6984 5910 7426
5680 7037 6378 7735
8714 9450 9050 9786
651 1017 26 392
5033 5652 5232 5851
785 1746 3415 4376
7652 8775 9063 10000
3415 4442 7307 8334
9215 9746 122 653
8636 8824 4320 4508
6717 8090 7453 8826
3745 3888 441 584
3041 3434 2424 2817
4204 4789 1876 2461
3057 3264 66 273
3591 4567 236 1212
1801 3307 7966 9472
9531 10000 2757 3306
7833 9456 4346 5969
3647 5316 0 976
924 1850 1183 2109
4316 4470 5191 5345
8745 9514 9621 10000
4855 5555 5297 5997
3791 4691 7414 8314
8703 9069 7362 7728
821 2446 1088 2713
7185 7258 8132 8205
6920 7895 2747 3722
7007 7628 4410 5031
2332 3162 2059 2889
3304 3536 6237 6469
7409 8626 9506 10000
528 1469 5411 6352
2326 3921 9104 10000
8616 9201 4783 5368
8694 10000 8045 9411
8 532 840 1364
3297 3777 9553 10000
3333 4443 0 1009
5774 7346 2356 3928
236 675 2716 3155
3418 4159 213 954
7830 8998 5974 7142
3100 3916 8613 9429
2387 3009 8931 9553
8856 10000 4899 6344
6362 6623 2114 2375
6613 8100 1360 2847
3293 4948 5556 7211
8379 8872 2565 3058
4576 5630 4064 5118
190 746 5005 5561
1202 1461 7407 7666
4394 5620 0 916
8539 9837 4615 5913
1377 2263 5291 6177
4377 5939 4107 5669
2977 4193 3735 4951
318 1301 8351 9334
2215 3744 0 1237
3555 4134 353 932
6772 7604 4353 5185
7233 7411 8327 8505
2443 2475 6324 6356
7199 7926 8576 9303
2383 2524 1059 1200
5473 6806 988 2321
4411 5424 5826 6839
4992 5702 0 57
7549 8667 316 1434
8305 9667 6489 7851
916 2250 1424 2758
2947 4609 8473 10000
9527 10000 4973 5508
132 1741 6138 7747
2758 3447 6637 7326
5502 6738 3286 4522
1572 3218 3828 5474
5097 6038 7634 8575
844 2015 8000 9171
0 355 6948 7381
9124 10000 3430 4359
8801 9864 1018 2081
7926 9335 1765 3174
1508 2143 3798 4433
5796 6644 9044 9892
5916 6603 3020 3707
8803 9661 8263 9121
2826 4111 1832 3117
6243 7953 8207 9917
3866 5372 6563 8069
5037 5055 8280 8298
2632 3311 8675 9354
4672 5277 7624 8229
9292 10000 0 1029
7646 8695 0 488
218 1849 2997 4628
4706 4799 8608 8701
2629 2988 491 850
7377 8137 9208 9968
9500 10000 8411 9124
5801 5944 7576 7719
0 64 6431 7278
499 1030 5202 5733
4161 4530 6520 6889
4791 5399 8578 9186
548 2228 6100 7780
1275 2197 3333 4255
6707 6745 7516 7554
5947 7226 4127 5406
4162 5795 7965 9598
0 1429 3785 5243
4103 4598 4825 5320
416 2062 8386 10000
4012 5078 2664 3730
8665 8822 3812 3969
6427 6632 6549 6754
4115 4887 5301 6073
7127 7298 817 988
284 462 6230 6408
0 222 0 328
7799 9085 6191 7477
2731 2853 9497 9619
8586 9810 2558 3782
1221 2520 8481 9780
469 956 7724 8211
8327 9551 614 1838
7211 7846 6279 6914
5760 6796 5146 6182
5142 5435 0 132
5813 7111 891 2189
7635 9234 6519 8118
2727 3871 901 2045
4967 5212 7828 8073
1029 1218 8281 8470
9122 9751 2317 2946
4192 5600 7592 9000
8103 8248 2189 2334
0 1255 7810 9248
1804 3463 0 1328
214 1350 569 1705
2113 2246 2916 3049
30 1551 698 2219
4622 5250 8249 8877
5059 6574 5873 7388
1044 1973 0 797
6416 7101 7089 7774
343 1876 4510 6043
922 1988 5146 6212
7115 7299 9908 10000
846 886 8158 8198
6114 6872 6572 7330
2600 3779 508 1687
9378 9980 5488 6090
1625 2173 4498 5046
4710 5438 6958 7686
9373 10000 2149 3260
3856 5072 8439 9655
1290 2565 5563 6838
5404 6726 0 1188
1530 2952 8402 9824
7550 8538 4334 5322
6886 8141 6164 7419
5281 6254 7169 8142
5579 6552 5715 6688
1764 2285 1649 2170
7742 8755 3226 4239
9093 10000 1781 3293
5159 6402 680 1923
5759 6073 7705 8019
0 236 8353 8605
6443 7719 5070 6346
7805 8829 2461 3485
8536 10000 4690 6343
4049 5000 1267 2218
0 697 7355 8959
1605 2270 7727 8392
6598 7535 4278 5215
8667 10000 6364 7865
3048 3098 747 797
6290 7155 585 1450
4923 4953 6180 6210
8393 8450 4452 4509
8818 9237 4418 4837
6611 7649 7411 8449
3398 4205 414 1221
2805 3529 2220 2944
8000 8091 7273 7364
2673 2863 1637 1827
2019 3253 761 1995
6100 6807 3383 4090
472 1781 3627 4936
872 948 9117 9193
0 1355 6350 7825
126 1734 7718 9326
9389 9893 6050 6554
6065 6686 630 1251
1110 1282 3978 4150
8145 8569 8081 8505
2047 3047 7484 8484
9290 10000 4851 5728
6581 7324 0 294
2437 2791 8536 8890
3662 4882 2754 3974
8064 8390 5981 6307
9927 9994 1517 1584
2098 3460 3328 4690
2907 4029 929 2051
700 2009 7080 8389
3140 4806 3532 5198
9591 9968 3075 3452
2549 3429 1387 2267
2234 2299 6556 6621
3750 3791 6246 6287
7291 8133 6372 7214
2600 2684 2679 2763
591 1546 882 1837
998 2526 0 1247
783 2155 3613 4985
7532 8782 3378 4628
8629 8881 2771 3023
2415 3968 3715 5268
8058 9629 8016 9587
5725 6836 6396 7507
7205 8041 6014 6850
5126 6363 6734 7971
6064 6356 3305 3597
7075 7979 3247 4151
171 320 2257 2406
3665 4355 9369 10000
6031 6623 9177 9769
2252 2697 5331 5776
6896 7433 1209 1746
2993 4579 7199 8785
7118 7815 8098 8795
2994 3675 3846 4527
6038 6506 1838 2306
0 575 926 2533
2725 3543 8094 8912
1364 1501 9921 10000
9264 9814 6737 7287
1964 2223 7783 8042
2475 4076 7647 9248
9589 9655 7171 7237
8882 10000 2010 3282
7492 8391 6450 7349
4852 5736 1829 2713
3485 4974 3906 5395
2163 2490 1205 1532
4838 6100 2144 3406
9046 9838 7575 8367
3628 3732 1403 1507
6830 8032 1512 2714
7078 7538 7327 7787
6258 7438 1433 2613
2492 3304 8909 9721
7851 8692 9177 10000
9066 10000 1623 2700
5935 5985 3441 3491
6379 7083 2316 3020
0 340 2186 2683
214 1539 2697 4022
8870 9439 7615 8184
4363 5054 3252 3943
2159 2714 4199 4754
6972 7199 4209 4436
6557 7754 0 1044
1980 2069 9743 9832
3856 5500 6280 7924
7661 8675 2334 3348
5362 6455 36 1129
8133 9481 2005 3353
877 2001 8932 10000
6374 7000 8758 9384
7564 7598 1408 1442
1814 2413 8055 8654
444 626 7853 8035
8875 9026 8022 8173
9231 9277 7250 7296
4790 5361 210 781
8911 8947 388 424
8384 9275 3204 4095
0 820 976 1854
7618 8787 4978 6147
7566 8144 5823 6401
0 914 1894 3228
1391 2330 658 1597
6073 6770 211 908
1619 2870 6360 7611
8236 9825 1139 2728
0 652 1485 2737
8558 9483 0 616
7368 7469 1988 2089
9512 10000 1886 2612
7794 9291 0 928
0 518 7310 7839
6143 7166 7741 8764
0 352 702 1423
2763 3101 9007 9345
0 974 5689 7174
4191 5569 2797 4175
8477 9719 8387 9629
3468 3635 3327 3494
3223 3784 2564 3125
568 1546 0 612
8145 9391 5603 6849
6650 6961 4158 4469
2997 4502 8968 10000
749 2234 1723 3208
6795 7003 4975 5183
849 1518 7579 8248
8097 8602 3076 3581
3908 4904 8545 9541
4386 4636 145 395
2717 4105 8164 9552
5143 6538 1872 3267
7488 8533 4708 5753
4220 5103 0 543
2958 3528 2168 2738
9766 10000 3662 4783
7103 7181 4038 4116
39 787 1799 2547
6198 6782 2111 2695
8830 9719 3320 4209
4825 5499 9507 10000
7294 8986 2676 4368
2463 3389 708 1634
7740 9242 3723 5225
1360 1856 5740 6236
232 1942 6778 8488
1850 2694 8222 9066
3587 3913 6648 6974
7321 8872 2410 3961
5998 6550 8805 9357
448 1474 6191 7217
0 272 5543 6370
0 858 2256 3823
9014 9147 7284 7417
7167 7928 8179 8940
5207 5420 8745 8958
7327 7638 9214 9525
4051 5278 4804 6031
2360 3300 5573 6513
7698 8935 4410 5647
4849 6498 7187 8836
6505 7444 7340 8279
5929 7015 3201 4287
4873 6445 0 541
0 1002 2030 3370
2398 2714 3526 3842
4020 5368 2582 3930
8971 9243 678 950
340 1968 2245 3873
685 1359 5349 6023
5092 5899 5419 6226
797 2413 5300 6916
5560 6763 3336 4539
3580 4299 3277 3996
2424 3513 5386 6475
9421 9586 7605 7770
7433 8649 4682 5898
4120 5366 848 2094
204 1010 6128 6934
3403 5084 5172 6853
7361 8035 7436 8110
5841 7484 3871 5514
122 483 464 825
4379 4628 684 933
7273 8101 5309 6137
8102 9800 4276 5974
1876 2520 825 1469
8949 9777 1284 2112
2624 4227 1560 3163
3524 4796 1470 2742
6654 7043 6099 6488
6056 7381 3217 4542
8783 10000 6211 7777
9737 9800 9709 9772
1845 1874 3478 3507
3579 4612 0 757
6056 6200 5889 6033
9286 9716 1171 1601
2908 3101 1675 1868
6378 7397 6344 7363
6851 8068 8083 9300
7811 8764 3866 4819
6919 8282 524 1887
4674 5290 4696 5312
0 436 258 1616
3441 4771 7951 9281
5036 5726 8222 8912
5687 6275 1895 2483
568 608 3088 3128
2621 2820 4925 5124
8225 8314 8895 8984
1058 1412 4654 5008
3870 4854 2921 3905
4215 5088 7857 8730
6930 8435 7187 8692
3038 4680 7993 9635
4749 5571 333 1155
0 199 1094 2014
7324 8674 8607 9957
3098 4201 9079 10000
5721 6103 8781 9163
2850 3802 673 1625
1668 2992 0 707
105 1037 3459 4391
1068 2224 4532 5688
5272 6375 5282 6385
5470 5471 610 611
8163 8815 8656 9308
7997 8703 184 890
0 241 2104 2385
9169 10000 878 2413
6109 7475 1029 2395
682 1122 2692 3132
3445 3579 2125 2259
4794 5131 7443 7780
0 1069 0 511
9494 9882 1599 1987
4819 5725 7412 8318
2233 3649 8402 9818
6793 8186 8555 9948
6428 6988 4692 5252
3645 4557 5399 6311
7501 8767 4 1270
749 1341 6238 6830
2073 2951 6013 6891
8996 9007 9315 9326
1018 1328 4262 4572
4907 5856 8362 9311
0 599 6784 7496
3510 4647 1497 2634
4243 4433 6965 7155
0 148 5218 5392
7530 7717 7076 7263
1256 2459 6664 7867
1128 1739 1222 1833
5987 6888 1167 2068
185 596 67 478
6179 6421 8222 8464
6290 7574 1560 2844
7773 9010 853 2090
799 2415 5655 7271
9562 10000 6704 7166
4953 6303 3762 5112
5549 6469 6242 7162
5635 6393 1225 1983
4702 6023 4170 5491
0 1123 4922 6454
851 2030 3013 4192
0 798 6783 7703
4254 5012 9084 9842
4648 4769 6919 7040
5288 5744 7577 8033
9111 10000 6217 7109
7680 8727 7260 8307
3436 4362 7902 8828
2741 3050 2288 2597
7110 7778 7545 8213
9199 9723 8926 9450
3423 4490 8245 9312
6188 6886 1023 1721
4063 5214 425 1576
7640 8790 5157 6307
9205 10000 8278 9848
9566 10000 1068 1562
1717 2899 4259 5441
1519 1576 8406 8463
1968 2264 1195 1491
7553 8346 6830 7623
1496 2730 6013 7247
7053 8445 2820 4212
5704 6267 3549 4112
535 846 868 1179
5412 6215 9203 10000
1787 2942 4856 6011
291 431 3467 3607
8954 9823 5860 6729
6023 6428 2657 3062
3654 4829 91 1266
6916 8307 5680 7071
1863 2074 3097 3308
9206 9563 5757 6114
3456 3570 5520 5634
4461 5111 8330 8980
2133 3677 2892 4436
6646 6838 5175 5367
2417 3924 2021 3528
7334 7980 4761 5407
1422 1542 4555 4675
8055 8790 6589 7324
3421 4340 4362 5281
2679 3342 7747 8410
0 73 6052 6301
5329 7033 3826 5530
6920 8563 2234 3877
4424 6123 320 2019
1481 1933 4657 5109
0 991 1628 2659
6029 6207 2227 2405
4119 5485 5412 6778
2347 2547 7374 7574
0 342 785 1462
2742 2946 2758 2962
0 225 2874 3131
7987 9096 0 1051
859 1615 617 1373
1446 1448 4524 4526
2329 3491 7759 8921
7047 8669 3453 5075
8830 8911 5173 5254
3211 3458 2295 2542
5902 7209 4213 5520
9203 9699 7454 7950
4545 5971 7832 9258
4713 5201 1457 1945
0 914 1955 3093
8155 9533 6543 7921
2537 2994 4844 5301
5182 5198 5102 5118
3580 5045 7886 9351
0 822 5026 6135
1664 2276 1334 1946
1040 1238 4769 4967
2498 3728 3629 4859
8003 8644 3440 4081
4134 4147 2820 2833
0 681 7349 8892
5805 7319 2241 3755
2934 3814 4582 5462
1281 2632 7474 8825
8020 8935 6124 7039
789 1383 3068 3662
5974 6044 4201 4271
7906 8050 7522 7666
4928 6343 6497 7912
6345 6788 1499 1942
8797 9070 4243 4516
8283 9595 3181 4493
897 1883 670 1656
531 944 3582 3995
2217 3539 6103 7425
4068 4794 7858 8584
1134 1333 423 622
3105 4796 601 2292
1966 2624 5375 6033
8136 8685 3333 3882
59 1618 4741 6300
6910 8565 6242 7897
6561 6794 7518 7751
0 99 9820 10000
1630 1691 638 699
399 1658 3152 4411
600 1493 8105 8998
1442 2619 3044 4221
697 1968 5917 7188
9316 9819 4474 4977
7610 9222 4594 6206
1800 2340 8870 9410
6450 6818 1187 1555
4260 4585 2410 2735
6335 6350 5482 5497
204 596 4283 4675
926 1169 5355 5598
196 414 0 142
4389 6079 7488 9178
428 1867 4915 6354
6221 7278 8666 9723
958 1576 2293 2911
6052 6666 6119 6733
7766 7857 456 547
8466 9975 9075 10000
3433 3449 7607 7623
546 2010 7385 8849
8323 8523 3481 3681
0 1396 5419 7102
4865 5843 6573 7551
1782 2239 9059 9516
8729 9796 3349 4416
4906 4992 4723 4809
5254 6205 2974 3925
9534 10000 8617 9970
8828 9235 5550 5957
622 1665 8271 9314
3127 3329 9726 9928
8909 10000 2735 3977
310 1913 2468 4071
1445 2569 2460 3584
3138 4091 8257 9210
2821 3081 3420 3680
7855 8672 8102 8919
709 1980 7840 9111
145 1640 8121 9616
5012 5433 7322 7743
5498 6250 3917 4669
9030 9870 9182 10000
5925 5997 7565 7637
301 1784 75 1558
4758 4960 5449 5651
9196 10000 4234 5156
5902 7130 6967 8195
8873 9232 9261 9620
8295 9365 3458 4528
76 1484 3409 4817
5103 5470 2823 3190
8152 8670 6905 7423
2036 3109 6425 7498
8378 8810 2786 3218
0 930 4769 6007
8440 9485 0 839
8497 9025 1479 2007
9882 10000 2900 3424
4001 5694 0 314
4342 5499 4476 5633
3473 3791 7408 7726
550 739 5459 5648
1064 1537 7076 7549
3528 4845 1202 2519
2837 3617 3145 3925
9868 10000 5049 5829
1105 2416 3031 4342
3477 4780 2341 3644
7378 7906 2062 2590
3540 4255 751 1466
8098 8828 1504 2234
1969 3282 9403 10000
1215 1431 459 675
8867 9132 3532 3797
6292 6393 9801 9902
0 755 1444 2439
9455 10000 7239 8142
7135 8156 713 1734
1209 2453 4007 5251
5826 6222 110 506
9483 9846 4560 4923
6887 7309 22 444
219 1563 5845 7189
5733 5850 6340 6457
5690 6628 7843 8781
5609 5659 7634 7684
37 970 7888 8821
178 517 6767 7106
4903 4976 6082 6155
1583 2726 6261 7404
8496 9756 686 1946
4143 5436 8487 9780
8744 10000 4458 5742
4384 4622 5355 5593
5289 6061 5372 6144
6232 7781 2715 4264
6060 7276 3447 4663
1892 2061 4265 4434
216 1229 8923 9936
6843 8060 6605 7822
1872 2345 3326 3799
4558 5479 3316 4237
142 716 5448 6022
7721 8026 6557 6862
8442 9416 7251 8225
3739 4757 7674 8692
5212 5638 4074 4500
9199 9911 7770 8482
2098 3355 3011 4268
2532 4039 1000 2507
162 1803 0 1403
7207 8633 823 2249
8497 9133 7561 8197
9488 9970 2838 3320
4891 5258 4433 4800
2748 4064 5681 6997
2292 3600 9261 10000
7287 7872 0 559
6846 7750 6584 7488
1076 2103 1787 2814
2538 3765 4849 6076
2543 2790 8744 8991
82 96 2128 2142
5637 6896 284 1543
8368 8649 3861 4142
4000 4574 7044 7618
7631 8845 69 1283
9469 9525 4003 4059
1878 2969 6689 7780
1081 2617 1612 3148
1328 2463 8700 9835
7228 7474 7117 7363
9143 9768 8225 8850
2476 3582 0 1106
9847 10000 8664 9464
8093 8298 8477 8682
2971 2503
5995 8391
5976 2166
101 5675
6449 9252
578 9244
6324 5507
8614 2221
2968 1306
8849 4506
4730 7561
5235 256
5580 9464
8263 5072
5924 8156
2257 8741
5278 9139
4749 6793
8280 5334
279 2859
2863 4130
1753 2093
4226 2870
5267 7644
4818 4488
9948 2735
773 6734
5675 988
4517 4039
799 4984
9743 3155
6496 6658
7407 930
3070 4707
4619 5797
5981 9765
736 2669
6116 8243
7967 1881
9652 5194
7729 1664
5289 3943
4841 3839
7234 6980
8210 133
7751 1538
3522 9648
6962 4815
7584 6701
7388 3033
2171 1406
7787 7234
893 3256
5765 9884
2941 6618
4959 4702
5431 7812
4400 5872
431 9015
9625 4235
8110 3995
7069 748
4918 2553
8084 5602
6300 6806
6150 571
8328 4067
2562 4737
999 6570
2729 4817
5652 1282
5074 1432
8829 1067
1171 5328
629 3900
1465 9288
94 9707
1482 8518
4606 9403
2101 5905
7877 4503
4097 4657
1552 2395
4228 90
5348 6633
8330 6949
5441 4567
8708 4339
2463 5865
1562 7586
3027 2438
173 1806
7647 883
7178 6732
9727 5044
7459 6296
8609 8328
1015 4912
4282 5826
6021 5294
4190 3953
5933 7008
8533 539
7268 7650
6172 8102
2427 1201
834 8485
5677 5992
6738 7293
8875 9148
890 93
5641 5333
1688 3613
8725 9539
3890 7923
9745 243
8670 4454
7957 7996
3822 584
3356 2800
4675 1962
3204 266
3826 1063
1885 9393
9614 3097
8984 4914
5084 960
1128 1539
4363 5234
8772 9970
5448 5755
4345 8196
8798 7654
2097 1794
7207 8152
7709 3457
7504 4571
2403 2490
3304 6405
7577 9692
843 5695
2930 9269
8967 5076
9318 9041
134 952
3396 9916
4017 894
6109 2613
366 2893
4066 797
8670 6787
3617 8941
2983 9113
9105 5553
6595 2258
7980 2791
4050 5822
8406 2720
4744 4069
622 5366
1371 7509
5296 640
9092 5190
2028 5912
4597 4810
3960 3977
950 8686
3703 956
3962 376
7077 4498
7300 8378
2443 6335
7459 9235
2502 1192
5474 1082
4562 6391
5473 56
7888 824
9132 6675
1620 1437
3914 9179
9894 5453
1728 7128
2885 7306
5819 4481
1654 5069
5437 8201
1138 8043
194 6959
9177 3510
8965 1408
7958 2278
2062 4227
6043 9533
6470 3114
9636 8730
3725 2142
7805 8250
4735 7323
5040 8293
3041 9147
4809 8106
9312 300
7943 454
1038 3205
4758 8610
2987 503
7907 9431
9593 8612
5844 7655
34 6904
768 5290
4319 6810
4888 8635
1850 6614
1995 3845
6711 7543
6745 4179
4771 8478
898 4895
4548 5088
956 9006
4640 3338
8707 3872
6582 6633
4441 5374
7296 915
303 6252
132 67
8380 6730
2850 9555
8742 3066
1377 8703
919 7765
8468 1387
7565 6608
5896 6055
5189 74
6668 954
8449 6665
3192 1046
5194 8060
1172 8347
9235 2705
4746 8512
8220 2306
917 8592
2319 109
265 947
2154 3033
1211 1990
5107 8820
5153 5936
1670 257
6925 7364
727 6033
1914 5453
7153 9969
854 8177
6867 6933
3452 1570
9942 5931
1660 4952
5269 7294
9827 2807
4333 8659
1315 6790
5556 1125
2824 9273
7903 4909
8049 7007
5444 7773
5734 6542
1859 1840
7861 4077
9156 3253
5393 895
5865 7957
110 8361
7346 5377
8561 2727
9299 5903
4435 2054
586 7887
2070 8278
6878 4485
9178 6852
3054 762
7089 1068
4927 6198
8396 4484
8903 4483
6806 7483
3470 927
3218 2919
8024 7313
2761 1672
2698 996
6501 3415
879 4921
891 9166
768 7388
849 9051
9779 6550
6630 662
1111 4121
8472 8349
2563 7999
9965 4940
7192 117
2778 8537
3935 3116
8262 6008
9973 1564
2896 3707
3592 1804
977 8238
3346 4811
9623 3326
3320 1847
2262 6589
3777 6266
7807 7062
2605 2716
677 1762
1051 51
1787 3803
7778 3487
8810 2778
2964 4536
8802 9444
6317 6399
7647 6400
5324 7607
6185 3331
7425 3328
201 2403
4074 9561
6486 9434
2332 5703
7045 1568
4016 8574
7508 8198
3225 4357
6140 2271
220 1474
3133 8468
1366 9976
9454 7126
2029 7865
3699 8813
9606 7220
9525 2164
7713 7339
4916 2475
4309 4745
2395 1483
6027 2312
9603 7862
3679 1445
7045 2446
7437 7409
7402 2164
2988 9336
7886 9360
9518 2694
5939 3485
6713 2692
286 2426
1142 3890
9267 7812
4961 3285
2233 4487
7042 4233
6636 88
2021 9762
4895 6867
8619 2829
5727 625
8892 2450
1387 9964
6752 9214
7578 1429
2226 8626
572 8001
9022 8062
9269 7264
5070 505
8942 391
9193 3969
597 1337
8020 5075
7928 6394
383 3034
2260 1288
6267 664
1990 7005
9329 2226
524 2329
8860 49
7389 2071
9594 2607
9083 242
270 7344
6575 8305
217 838
2858 9173
763 6383
4705 3879
8643 9472
3525 3329
3226 2897
1412 491
8482 5889
6868 4262
3953 9437
1657 2994
6988 5180
1447 7823
8309 3242
4334 8593
4623 329
2738 9499
5940 2010
8074 5371
4993 180
3097 2536
9781 3701
7157 4066
72 2301
6569 2337
9565 3937
5073 9615
7913 3335
2687 903
7968 4996
1393 6095
1156 8136
2597 8532
3901 6844
7471 3123
6001 8950
921 6357
17 5957
634 3037
9052 7388
7198 8822
5261 8773
7532 9352
5149 5095
3233 6170
7721 4866
4857 7659
6786 7398
6886 3507
5071 169
819 3229
2433 3691
4579 3237
9049 758
1637 3826
915 5528
5099 5714
1951 5769
6091 3597
4186 3303
2857 5608
9459 7646
8051 4984
4625 1442
204 6817
5045 6529
7875 7719
5871 5337
322 809
4407 716
7631 5818
8424 5149
2406 1261
9308 2022
3576 2875
3998 2377
7011 6444
6970 3674
9296 7076
9791 9760
1872 3502
3669 41
6070 6020
9476 1356
2983 1861
6871 6717
7693 9105
8618 4783
7263 1828
5253 5100
302 1284
4178 8417
5409 8911
6166 2032
599 3108
2657 4963
8277 8896
1382 4966
4093 3183
4416 8051
7545 8158
3589 9456
4864 928
133 1345
8328 8847
4192 9494
5762 9068
2903 1474
1815 123
687 3640
2037 5255
5512 5910
5470 611
8549 8680
8099 821
230 2242
9946 2389
6901 2108
756 2939
3515 2203
4846 7521
39 404
9735 1801
5544 7953
3005 9526
7467 8902
6805 4924
3919 6222
8117 953
1339 6402
2879 6602
9003 9316
1092 4395
5832 8417
122 6886
3637 2248
4386 6965
113 5347
7700 7247
2416 7699
1625 1513
5992 1680
551 371
6201 8445
6857 1607
8173 1051
1913 5655
9986 6747
5174 3862
6035 6909
5645 1829
5572 5089
439 5310
981 4082
31 7031
4965 9446
4660 6945
5527 7739
9686 6687
8023 7672
3598 8064
2756 2440
7315 8102
9364 9192
4338 8513
6633 1408
4471 1563
7659 5527
9842 8449
9697 1532
1928 4408
1553 8455
1999 1267
7704 6849
2670 6622
8285 2929
5868 3633
588 1058
6087 9991
2587 5183
389 3582
9236 6054
6196 2887
4455 275
7530 6151
1987 3293
9350 5886
3565 5547
5079 8852
2282 3504
6813 5272
3813 2768
7857 4860
1528 4640
8472 7232
4102 4690
3318 7998
73 6114
6577 4520
7026 2545
6051 996
1920 4805
742 1933
6081 2271
4772 5830
2426 7423
133 1145
2838 2885
212 3101
8870 575
1380 829
1446 4524
3400 8570
7426 4721
8835 5217
3364 2521
7116 5263
9363 7469
5573 8555
5076 1891
800 2887
8918 6932
2587 5271
5196 5102
4662 8975
651 5835
1682 1629
1234 4872
3037 4485
8236 3884
4136 2832
111 8017
6379 2718
2959 4873
2466 8133
8690 6889
1323 3084
6014 4209
7970 7523
6340 7788
6699 1905
8937 4498
8592 3410
1735 1507
896 3719
3147 6523
4762 8492
1291 550
4649 1900
2216 5549
8139 3376
580 5131
8515 7330
6640 7652
58 9833
1635 651
956 3332
1201 8523
2146 3290
937 5968
9550 4720
7698 6203
2340 8996
6790 1248
4539 2513
6336 5488
584 4572
953 5529
377 9
4828 8896
474 5479
6850 8809
1141 2342
6529 6690
7809 480
9155 9539
3436 7611
1586 7838
8399 3584
321 5454
4885 6799
2045 9498
8863 4308
4936 4790
5810 3804
9874 9427
8834 5567
1115 8887
3209 9829
9974 3457
1343 3243
1458 3438
3659 8897
2990 3627
8474 8540
1638 7905
607 9444
5412 7465
5905 4195
9698 9785
5994 7619
1614 932
4919 5474
9799 4334
6861 7965
8921 9582
8604 4145
871 3436
5316 2908
8527 7258
2533 7387
8484 3206
797 5421
8613 131
8632 1498
9936 3155
4634 204
5336 5600
3718 7664
708 5584
1188 7511
3574 1830
3547 3601
9910 5594
2081 3956
3984 3549
7596 2450
3556 785
8692 1652
2396 9514
1239 475
9131 3562
6315 9832
330 1601
9987 7843
7931 1458
2436 4177
5980 180
9795 4855
6887 132
767 6914
5788 6454
6167 8747
5646 7654
847 7911
453 7072
4920 6123
2392 6513
9131 1419
4388 9403
9914 4590
4536 5361
5411 5819
6633 3769
6851 4365
1993 4352
1162 9251
7539 6672
2194 3683
4693 3547
494 5860
7864 6592
8871 7801
4658 7744
5298 4183
9353 8400
2810 3188
3668 2480
735 1036
8010 1489
8967 8053
9968 2920
5221 4707
2830 6864
3497 9423
7803 31
7520 6978
1673 1788
2830 5223
2597 8749
88 2131
6052 1092
8613 3908
4213 7072
8666 685
9520 4019
2577 7016
1829 3074
1655 9685
7353 7217
9215 8240
2945 206
9903 9081
8215 8555
