800 48 400 6 1649
3 20 10 44 12 48 4 25 34 25 11 7 4 30 2 36 1 3 1 1 6 28 4 33 13 31 3 33 34 18 33 3 39 4 33 18 10 3 25 5 6 7 26 13 12 15 13 11
4745 5646 7245 8146
7730 8126 5686 6082
4123 4688 8181 8746
9170 9807 6346 6983
3130 3347 9047 9264
7287 7582 151 446
4932 5860 1588 2516
7874 7979 4813 4918
0 1261 6943 8377
0 835 7469 9070
753 2098 5661 7006
7178 8301 2677 3800
1081 1375 9015 9309
3182 3298 2925 3041
0 963 7848 9282
4378 6006 2216 3844
1146 2680 2729 4263
2066 3152 8761 9847
115 1662 3476 5023
0 308 545 910
8496 9779 8658 9941
5814 7241 354 1781
156 1545 2131 3520
4627 4838 359 570
905 1246 5753 6094
9070 10000 7131 8574
1818 2074 3540 3796
962 1313 0 338
6942 7694 8559 9311
4151 4229 914 992
2008 2152 741 885
3061 4651 4345 5935
5489 5933 1444 1888
204 520 4319 4635
1430 1522 8587 8679
3170 3538 454 822
3967 4044 5884 5961
1460 2437 7556 8533
5743 7245 3067 4569
6759 7147 2661 3049
6054 6581 6005 6532
6674 7569 5430 6325
2296 3626 6921 8251
0 749 8697 9532
1613 3000 0 795
9211 10000 7461 8602
5185 6191 5447 6453
2914 3108 4857 5051
0 678 2938 3963
2341 2688 1837 2184
637 1011 3670 4044
8272 9351 1613 2692
8313 8849 4505 5041
1238 2146 4601 5509
8142 9733 5833 7424
2377 3527 3401 4551
7912 8787 2580 3455
550 2151 144 1745
4001 5101 5526 6626
6693 6814 7183 7304
5244 6808 2958 4522
3446 4030 8523 9107
6146 6912 811 1577
1820 2061 3108 3349
4989 6001 4023 5035
3869 5071 3402 4604
8029 9125 1024 2120
8794 10000 7274 8685
264 1476 5043 6255
3468 3485 307 324
6801 7628 4245 5072
6340 7485 0 1143
4873 4914 47 88
935 1530 8032 8627
3121 3488 6544 6911
7138 8389 0 717
5410 6778 252 1620
7113 7242 2205 2334
7756 7928 2707 2879
8196 8670 6877 7351
5927 7477 5219 6769
5188 6758 0 1158
2821 3704 4052 4935
4687 5458 6191 6962
8330 8986 4378 5034
3436 4256 1628 2448
5572 5892 7782 8102
1441 2399 7026 7984
1830 1864 3815 3849
1977 2212 1855 2090
7098 7580 3070 3552
80 1581 0 1430
1917 2392 8137 8612
0 1349 5037 6652
4391 5147 0 705
3914 4264 4473 4823
1613 2976 3 1366
9625 9961 4614 4950
4334 5824 0 1328
1658 2953 1818 3113
8829 10000 5563 6736
4027 4557 5841 6371
1311 2438 5934 7061
568 1062 1218 1712
4891 6214 9075 10000
7508 9066 5523 7081
8432 9134 7841 8543
9054 9961 6475 7382
4266 5359 7911 9004
3904 5133 713 1942
5617 6263 3326 3972
3157 3841 0 333
1226 1622 8460 8856
6993 8457 0 1225
333 1875 1146 2688
8645 8687 6678 6720
5111 5667 3268 3824
7341 8738 341 1738
9700 10000 0 244
233 1437 940 2144
2284 2394 9380 9490
2158 2639 1385 1866
9019 10000 6889 8203
8394 9926 8865 10000
2505 4072 5444 7011
1173 1522 9515 9864
8095 8749 6708 7362
1188 1895 0 425
4900 5943 510 1553
8361 9882 2814 4335
1060 2543 1252 2735
817 1110 5665 5958
4971 5674 2884 3587
3024 3208 636 820
7436 7857 7719 8140
5085 6435 8335 9685
6428 6598 5569 5739
4521 5896 2757 4132
8207 9620 9735 10000
2024 2681 1771 2428
3960 5384 6631 8055
2822 4100 7755 9033
4554 5600 2247 3293
58 511 4482 4935
3268 4900 0 982
4697 5612 1122 2037
1135 1160 5472 5497
8873 10000 1016 2316
5890 6207 793 1110
1968 2487 3647 4166
6098 7386 5873 7161
7974 8681 5262 5969
4397 5256 6102 6961
3381 3507 6325 6451
6 442 5830 6266
8320 9826 8778 10000
5504 5730 1088 1314
2513 3473 1197 2157
3395 3827 5257 5689
1901 2563 3620 4282
3499 3698 665 864
6853 7690 9279 10000
8871 8971 5262 5362
3600 4937 1508 2845
3552 4657 2501 3606
3081 3478 5533 5930
6319 7103 9382 10000
7919 9512 8233 9826
0 612 5332 6139
5074 5298 6899 7123
2500 3883 1386 2769
5948 6013 2286 2351
3610 4669 4686 5745
732 2001 1795 3064
989 2474 5612 7097
4974 6618 7579 9223
3980 4674 6604 7298
0 710 5325 6920
4192 5513 2180 3501
3516 3582 1860 1926
772 2096 0 1173
8663 9381 3045 3763
5129 6613 6385 7869
2193 2649 2705 3161
5659 6148 1185 1674
6161 6183 8500 8522
9417 9793 2803 3179
6742 7843 8040 9141
5734 6822 5261 6349
8888 9119 7510 7741
4626 5198 6202 6774
5477 7024 7827 9374
6543 7836 2689 3982
2050 2129 3618 3697
0 503 8301 8948
4130 5643 6854 8367
3737 4095 5458 5816
1655 2667 8308 9320
457 1727 9105 10000
0 1151 2757 4252
0 637 2138 3505
8330 9812 0 491
8930 9247 4632 4949
8569 9906 2671 4008
9079 9400 3075 3396
3855 5014 5378 6537
7310 7322 9575 9587
3882 4064 665 847
9670 9990 1766 2086
6176 6233 3840 3897
3307 4577 530 1800
9237 9356 3676 3795
6576 6961 3386 3771
7305 8224 5423 6342
2625 2853 8338 8566
6460 7729 3549 4818
7758 8774 500 1516
0 1311 4103 5650
1810 3205 7463 8858
0 1232 330 1757
3759 3976 2830 3047
6354 7890 4457 5993
4250 4313 8582 8645
7005 7075 1635 1705
5209 6043 1377 2211
8554 9432 5298 6176
1695 2646 7227 8178
1372 2102 887 1617
3033 3858 8402 9227
2339 2457 4395 4513
8007 8800 9466 10000
2626 4038 8370 9782
7829 8249 7239 7659
3763 4165 8014 8416
577 1316 5210 5949
3465 4962 7764 9261
236 483 1239 1486
8407 9062 697 1352
9267 10000 4734 5630
2112 3569 69 1526
1057 2587 5977 7507
3716 4132 8620 9036
8755 9702 2905 3852
4329 5326 8419 9416
8160 8759 617 1216
5089 5689 4683 5283
0 1003 111 1373
3030 3764 1466 2200
117 1299 437 1619
40 951 5835 6746
5545 6055 7306 7816
1618 2491 0 830
5330 6133 4370 5173
1157 1876 9214 9933
9195 10000 5315 6280
707 1454 2623 3370
5362 6735 1087 2460
7051 7192 693 834
5750 7175 6580 8005
3325 4521 5637 6833
3596 3831 1416 1651
3774 4495 8116 8837
6909 6993 4921 5005
8596 9801 664 1869
8372 9180 1968 2776
2374 2504 1675 1805
6399 7218 1861 2680
8841 9434 1645 2238
5715 5986 8520 8791
8612 9185 5126 5699
2889 3453 7999 8563
3157 4733 3940 5516
4765 5155 2531 2921
5537 6711 9043 10000
5041 6324 5933 7216
7384 8408 3345 4369
2108 2660 6300 6852
197 269 7911 7983
3130 3449 3991 4310
3671 4334 3600 4263
1792 2536 5887 6631
8810 10000 4285 5511
8431 8704 4784 5057
6472 7324 5892 6744
5156 5662 5202 5708
5420 6476 6839 7895
5327 6384 1810 2867
3662 4657 3832 4827
4296 4425 3656 3785
7041 7872 5285 6116
3030 4644 2733 4347
8065 9416 1951 3302
3489 5010 4943 6464
4006 4863 4826 5683
7615 9217 4220 5822
7338 7688 6520 6870
1498 1590 0 85
9395 9721 2816 3142
5435 6691 3097 4353
497 562 8614 8679
2974 4046 6191 7263
8426 9505 5914 6993
5401 6347 7741 8687
8617 9982 6442 7807
9644 9903 1261 1520
2209 2288 2085 2164
1457 2869 6484 7896
1207 2600 3073 4466
8243 9126 4756 5639
0 537 285 1689
2036 2738 4775 5477
9249 9783 487 1021
2309 3414 4617 5722
5053 6475 0 1326
5960 6937 1465 2442
6919 7460 1531 2072
7934 8864 4573 5503
5179 6243 626 1690
6224 7464 7948 9188
1734 2621 5295 6182
9061 9719 1998 2656
2670 3099 7713 8142
7146 8444 8767 10000
1994 2317 1764 2087
1586 1985 1512 1911
4047 4403 1422 1778
7803 9324 0 1318
6381 7946 8823 10000
841 2321 5502 6982
4610 5559 5267 6216
8063 8446 8938 9321
3634 4617 8204 9187
8328 9556 5072 6300
3342 3358 4410 4426
8410 9845 6818 8253
5483 7086 0 848
8126 8921 5465 6260
8245 8648 3395 3798
2800 4345 0 499
3127 4318 2589 3780
3764 4895 3850 4981
7067 7634 5840 6407
8709 10000 9078 10000
2751 2916 4704 4869
4123 5409 9056 10000
303 1696 2068 3461
7322 8323 1738 2739
2639 3653 0 1004
210 211 215 216
6311 6573 4738 5000
2428 3981 1506 3059
8745 9942 3671 4868
1792 2628 0 399
5970 7470 4550 6050
7379 8916 3450 4987
3649 3832 5327 5510
0 1281 2448 3746
301 405 4208 4312
944 1974 1460 2490
6209 6418 193 402
7792 7921 6910 7039
5843 7305 8831 10000
2822 3281 3217 3676
4256 5834 360 1938
8898 9263 4026 4391
2662 3094 0 88
4271 4715 6504 6948
9567 10000 5370 6127
2144 3746 8652 10000
5927 6727 8519 9319
8628 9257 4654 5283
788 879 2796 2887
100 1290 7581 8771
5528 6351 2804 3627
3261 4395 8180 9314
8263 9661 6607 8005
2763 3068 6400 6705
6927 8559 2518 4150
4743 5163 7332 7752
1279 2650 6765 8136
8996 10000 804 1978
1336 2857 7712 9233
9498 10000 5500 6692
0 741 3701 4455
5239 5872 9580 10000
7892 8193 2934 3235
641 1848 4679 5886
3379 4510 2009 3140
9152 9395 2037 2280
1993 3640 7019 8666
1538 3158 1936 3556
8465 9128 563 1226
5321 5376 2589 2644
5776 6051 1752 2027
6560 7324 8135 8899
4444 5166 7296 8018
7034 8148 4570 5684
6879 7060 453 634
2586 2939 9003 9356
2073 3657 4557 6141
9111 10000 6978 8279
5118 5399 162 443
2013 2031 9154 9172
5632 7205 1344 2917
7110 7345 1632 1867
4800 4804 3518 3522
3869 5337 7071 8539
740 2075 2630 3965
8858 9339 5340 5821
4750 5416 3509 4175
7954 8850 453 1349
1031 1807 7421 8197
8116 8153 5721 5758
3667 4254 3639 4226
8876 9833 8190 9147
7758 9055 4874 6171
8622 8729 4287 4394
6174 7611 0 264
8709 9775 4035 5101
1030 1888 8024 8882
2942 3378 2909 3345
1586 2533 1888 2835
3854 4044 1220 1410
613 1918 6132 7437
4925 5643 1537 2255
1740 3154 1795 3209
2401 3507 3849 4955
7946 8803 0 812
9217 10000 2030 3076
2729 4360 7020 8651
2075 2788 7374 8087
9337 10000 4481 5781
7417 8379 3528 4490
3701 3939 2186 2424
6799 7337 4664 5202
169 1476 2628 3935
969 2551 4722 6304
4007 4691 4366 5050
5711 6326 3599 4214
8845 9639 6666 7460
3180 3753 683 1256
2776 4383 8456 10000
3957 4670 3111 3824
4541 5192 6568 7219
1309 2273 8949 9913
949 2027 2186 3264
511 990 4648 5127
2323 2815 494 986
7152 7454 6737 7039
8092 9041 2455 3404
4122 4319 2081 2278
646 2031 0 1267
4796 6318 6422 7944
6858 7191 1840 2173
6597 8023 1031 2457
0 647 0 792
4759 5833 6352 7426
5160 6178 4073 5091
5862 6279 6914 7331
8116 9395 9062 10000
1131 2014 8918 9801
2944 3282 6675 7013
3923 4859 4710 5646
6128 6511 2866 3249
6542 6958 7276 7692
7442 8820 3010 4388
1788 1789 5794 5795
7601 8748 0 810
5211 5745 5274 5808
4234 5684 1389 2839
1671 2154 2671 3154
6555 7313 3905 4663
1153 1445 1693 1985
3372 4498 2784 3910
7808 8601 2040 2833
571 1712 9450 10000
5515 5746 7630 7861
3182 3326 7379 7523
4245 4525 9468 9748
7968 8651 2378 3061
115 1697 0 886
9043 10000 3995 5075
5688 5988 4442 4742
5895 7026 6157 7288
0 694 2521 3228
3992 4398 2461 2867
9739 9752 2555 2568
3651 5116 0 398
2957 3929 3709 4681
5936 7103 5725 6892
8117 8405 1285 1573
9116 9135 3811 3830
6282 6773 3718 4209
920 2236 1471 2787
2440 3624 0 543
2040 2955 465 1380
9247 9330 8910 8993
7480 7540 4130 4190
7838 7952 9915 10000
9352 9556 2164 2368
7823 8852 8842 9871
7173 8697 5474 6998
7778 8584 6974 7780
7580 8775 614 1809
7489 8188 1547 2246
8776 9072 5724 6020
8104 9679 9223 10000
6687 8183 724 2220
746 2394 2854 4502
1433 2199 7051 7817
6358 7972 8387 10000
2655 3682 62 1089
2101 2436 1372 1707
7377 7626 5736 5985
4838 5947 3198 4307
1074 1287 2460 2673
4036 5390 7447 8801
2755 3636 5074 5955
2419 2526 5073 5180
3032 4263 44 1275
9689 10000 5966 6645
9707 9847 4751 4891
4784 5288 4027 4531
9488 9489 1180 1181
1944 3197 8623 9876
759 1972 6048 7261
477 894 1717 2134
4443 4963 4996 5516
89 1462 4434 5807
8271 8475 3425 3629
1900 2560 5301 5961
3542 4114 7614 8186
6421 8040 7131 8750
7639 8308 8331 9000
2995 3524 2724 3253
5219 5460 565 806
7740 7829 2452 2541
4527 6043 0 1305
5366 5458 6501 6593
1239 2469 692 1922
4351 5719 8043 9411
7732 7739 9524 9531
8598 9837 9043 10000
3687 4479 234 1026
2903 3002 5651 5750
6508 7209 4012 4713
1932 2268 7126 7462
8864 10000 7895 9361
1461 2059 3731 4329
0 613 2748 3904
7995 9248 0 1202
2049 3354 6900 8205
9354 10000 3091 4562
5281 6595 1523 2837
6990 8335 4978 6323
3593 4397 1168 1972
1254 1756 6705 7207
2510 3113 3869 4472
4440 5617 2089 3266
8018 8544 0 501
8915 10000 2185 3581
3775 5143 6372 7740
3065 4594 6419 7948
2570 3451 1707 2588
7420 7448 7793 7821
6104 7536 5868 7300
2227 2514 5971 6258
8946 9521 5012 5587
6253 7323 2761 3831
7909 8301 2615 3007
7848 9006 8221 9379
7101 7761 8848 9508
7982 8112 4057 4187
8389 9937 3375 4923
3290 4378 7333 8421
8562 9449 3045 3932
9769 10000 1339 1619
9642 9996 1124 1478
2409 2449 9810 9850
4253 4532 4833 5112
440 850 6956 7366
7482 7915 4934 5367
161 1617 1646 3102
4338 5594 6716 7972
2079 2124 9784 9829
5427 5677 8192 8442
6814 7243 5199 5628
2167 3437 2385 3655
1768 3133 1438 2803
8983 10000 2724 3912
415 1837 6332 7754
533 1283 3405 4155
7496 8907 3438 4849
0 1546 5912 7496
5009 5572 4776 5339
5784 6400 6225 6841
8487 9374 7136 8023
3963 4332 8790 9159
8069 9172 5285 6388
4228 5015 3890 4677
5442 5734 4191 4483
3391 3479 4540 4628
7643 7763 4430 4550
5942 6048 3549 3655
6232 7843 5427 7038
3922 5480 387 1945
8370 8866 6669 7165
2206 3126 1098 2018
6355 7895 7044 8584
6012 7135 8721 9844
6202 6624 223 645
9037 10000 6694 7928
3814 4034 7335 7555
728 1585 9922 10000
7508 8429 4864 5785
4854 5705 7202 8053
2419 3314 7398 8293
4369 4746 0 338
3844 4474 2946 3576
7572 8649 4936 6013
2857 3647 3781 4571
2848 3541 8740 9433
2919 3212 7367 7660
5687 7219 0 837
3009 3891 4153 5035
7010 7724 1502 2216
48 1609 9139 10000
1058 1908 4301 5151
4754 5346 440 1032
1013 1542 6 535
3179 4037 134 992
4759 5756 4299 5296
2775 4366 1189 2780
5088 6628 4971 6511
2010 2436 6113 6539
0 963 5985 7436
6617 7167 270 820
6205 7232 1473 2500
209 759 984 1534
5989 6988 4713 5712
344 521 4352 4529
7161 8760 2062 3661
539 791 476 728
6541 7364 2557 3380
2522 3746 0 377
6650 7551 7590 8491
3300 3357 660 717
6989 8512 5811 7334
8425 9490 4142 5207
2234 2582 3531 3879
3661 4370 7370 8079
7615 9060 9578 10000
5756 5953 1522 1719
4161 5083 9174 10000
5054 5178 6930 7054
1335 1674 1735 2074
2447 3721 9216 10000
9252 9643 8261 8652
2600 3249 8140 8789
3693 4297 871 1475
6770 7315 4626 5171
3839 5126 2115 3402
3179 3869 8910 9600
8099 9520 3716 5137
569 2179 6447 8057
7287 7353 1423 1489
4800 5080 5191 5471
6738 7117 737 1116
1962 2606 5816 6460
6862 7804 8125 9067
8748 9345 6902 7499
9179 10000 922 2098
5384 5869 47 532
2950 4550 3545 5145
2488 3435 5423 6370
1471 1948 6106 6583
9017 9180 5642 5805
9769 9811 5911 5953
1141 1857 6459 7175
4167 4793 316 942
3581 3790 5457 5666
2550 3077 8055 8582
3817 4718 2227 3128
4616 4943 1511 1838
8103 9359 8094 9350
6544 7928 6333 7717
7644 8855 5161 6372
3883 4783 3326 4226
3536 3780 6267 6511
5710 6178 5550 6018
9037 10000 2403 3665
7475 7931 5263 5719
6205 6390 1066 1251
6662 7063 396 797
7548 8859 2842 4153
1028 2230 7982 9184
5202 6801 1034 2633
6159 6816 4735 5392
4040 5572 6790 8322
940 2215 9647 10000
1290 1468 8798 8976
6897 7123 9090 9316
8488 9792 7455 8759
5493 5524 8321 8352
6322 6442 492 612
4110 5575 7723 9188
7980 8144 6584 6748
5057 5546 3802 4291
3252 4273 1328 2349
7125 8685 6497 8057
8601 10000 5286 6755
0 765 6886 8283
2801 3566 7613 8378
7581 8873 4364 5656
5161 5954 8086 8879
4836 6107 920 2191
4372 5403 1312 2343
6910 7980 4264 5334
3543 3909 0 256
1579 1780 8851 9052
0 995 639 1799
3275 4263 2027 3015
546 1141 7552 8147
185 1788 4764 6367
2663 4164 4852 6353
764 1683 6154 7073
1907 3556 8355 10000
7175 8087 6636 7548
2139 2712 7904 8477
2625 3976 8283 9634
3956 5160 8549 9753
7558 8742 2666 3850
6059 7264 3739 4944
2759 4374 5463 7078
4763 4784 5600 5621
2974 4038 0 542
9990 10000 8859 9242
0 126 369 1277
2303 2463 6354 6514
7161 7600 4180 4619
5379 6036 3860 4517
3465 4225 1761 2521
453 809 2796 3152
7768 7928 1955 2115
6081 6252 3142 3313
5672 6384 7666 8378
1909 2833 5256 6180
4215 5018 2318 3121
1462 1514 5290 5342
3576 4673 7387 8484
8507 9222 3771 4486
1374 1444 3707 3777
9793 9979 5898 6084
9357 10000 7668 8392
7676 8167 5206 5697
0 708 7997 9163
4471 5147 3216 3892
2060 3274 5701 6915
7111 7539 7471 7899
7097 8152 558 1613
6839 7182 7795 8138
245 1120 7494 8369
9662 10000 2123 2810
3944 4917 764 1737
581 2145 0 750
8932 9307 8420 8795
8828 10000 1292 2902
2822 2884 1742 1804
3562 4663 2987 4088
6368 7536 8554 9722
884 885 9465 9466
8109 8430 4676 4997
3311 3552 3451 3692
4629 4707 2449 2527
5608 5641 2677 2710
7826 8849 2324 3347
4718 4891 4212 4385
2056 3062 6720 7726
7704 8265 3679 4240
6887 7188 293 594
1889 3388 2422 3921
6820 8037 7257 8474
4604 4633 9811 9840
8697 9993 4794 6090
1516 1720 6947 7151
460 662 9244 9446
1581 2644 8379 9442
8410 9678 8608 9876
1668 1864 5824 6020
8786 9266 943 1423
8987 10000 910 1938
4651 5302 4408 5059
1129 2389 6491 7751
5807 7049 7178 8420
6861 8327 365 1831
9730 10000 5305 6388
9975 10000 9391 9514
1200 2045 2602 3447
6611 8150 7874 9413
0 241 5787 6070
4853 8086
7787 5747
4347 8351
9198 6472
3221 9053
7349 262
5303 1906
7951 4918
1137 8211
205 8012
871 6141
8172 2770
1189 9284
3245 3013
862 8971
5581 2295
1402 3797
2974 9497
1658 4599
17 857
9568 9065
7039 523
390 2574
4728 508
1006 5845
9443 8321
2056 3770
1081 79
7487 9309
4220 983
2104 821
3900 4689
5783 1888
431 4578
1448 8605
3482 766
4031 5891
2234 7606
6870 3091
7111 2815
6469 6019
6869 5868
3563 7229
350 9368
2057 81
9567 7892
6035 6027
3017 4877
102 3731
2404 2082
973 3969
9035 2423
8342 4837
1366 5102
9450 7394
3169 4423
8527 3304
1768 153
4004 6499
6786 7274
6751 3418
3782 8933
6452 876
2007 3337
5707 4462
4107 4493
9002 1524
9283 8425
1027 5846
3485 315
7197 4941
7216 1119
4888 68
1258 8125
3278 6772
7945 580
5649 1310
7124 2313
7908 2750
8367 7114
7078 6273
5434 989
3389 4522
4780 6893
8452 4657
4232 2166
5770 7953
2374 7663
1859 3821
2016 1990
7377 3507
889 122
2295 8240
147 5730
4761 645
4205 4627
2686 636
9630 4632
5222 223
1916 2249
8861 6446
4169 6030
1983 6855
777 1640
6004 9847
8510 5658
9080 8231
9397 6477
5122 8190
4041 1751
5772 3429
3500 42
1508 8678
8152 162
367 2491
8655 6709
5469 3406
8008 1176
9751 201
850 1070
2302 9383
2403 1455
9837 7583
9200 9850
3526 6614
1224 9545
8109 6877
1601 239
5754 1291
8710 3547
1808 1446
955 5813
5630 3146
3143 750
7847 7751
5138 8867
6530 5593
5773 3371
8413 9880
2172 2257
5381 7269
3280 7936
5404 2600
314 4735
4207 630
5226 1602
1153 5483
8954 1278
6064 930
2330 4023
6256 7073
8674 5778
5003 6534
3456 6410
163 6040
8499 9343
5698 1299
3246 1541
3528 5275
2174 4102
3551 789
6981 9333
8963 5349
4338 1824
3597 3108
3462 5915
6874 9547
9084 9673
578 5441
5289 7033
2552 2028
5997 2313
4478 5187
1093 2937
2445 6920
5038 7776
4497 6637
297 6681
5043 2302
3582 1863
959 1112
9033 3406
6591 6451
2482 2933
5836 1580
6167 8509
9584 2838
7408 8327
6787 5531
8996 7550
4687 6519
6331 8831
7066 2779
2098 3673
92 8540
4526 7973
4066 5663
2570 9112
571 9611
841 3547
368 2407
9140 106
9152 4689
9109 2735
9227 3218
4934 6092
7314 9576
4025 782
9946 1847
6224 3893
4248 849
9239 3786
6818 3672
8039 5861
2826 8464
6610 4452
8533 1108
761 5207
1993 8483
581 608
3916 2958
6486 4726
4308 8594
7067 1655
5744 1496
9234 5689
1721 7493
1821 1250
3580 9017
2431 4490
8456 9637
3203 8950
8168 7252
3821 8140
1150 5264
3547 7927
393 1258
8812 1316
9273 5332
2862 245
1978 5995
3880 8992
9435 3387
5286 8434
8483 830
5170 4833
52 227
3730 1692
637 785
167 6475
5974 7579
1663 327
5352 4487
1761 9281
9689 5870
1294 2807
5681 1504
7100 810
6420 7086
4398 6119
3803 1549
4109 8213
6974 4962
8882 1418
8428 2220
2472 1681
7023 2196
8851 1747
5933 8531
8637 5215
3451 8288
4409 4649
4807 2574
6050 9600
6085 7112
7652 3823
2464 6665
220 7975
3416 4167
3730 4054
2160 6313
9427 4925
8534 4832
6716 6547
5356 5562
6283 7499
5876 1845
3976 4326
4328 3766
7334 5797
3833 2797
8358 3233
3689 5845
4721 5235
9149 5181
7522 6723
1575 25
9678 3059
5708 4151
498 8655
4034 6379
9056 6357
5726 8458
9222 7274
9778 1353
2249 2158
2149 6622
2349 3672
8496 5239
232 701
2627 5444
9779 705
2562 5026
6272 746
6748 1947
7193 1746
8203 5357
5555 771
6993 8129
2017 6107
9125 2250
2685 8107
7813 9095
2167 1879
1896 1611
4150 1704
8276 826
7836 9485
1912 6541
5420 5409
8123 9214
3698 8253
9063 5948
3356 4418
9315 7529
6996 77
8554 5720
8548 3477
3379 334
3885 3332
4291 4512
7564 6328
8758 9258
2784 4728
5272 9176
521 3398
7701 2179
2783 150
211 216
6413 4747
2482 3029
9350 4102
1810 233
6023 5397
7783 4787
3698 5450
618 3285
349 4215
1101 1815
6368 216
7834 6989
6556 9852
2948 3296
5355 1391
8904 4225
2909 80
4472 6812
9791 5796
2938 8896
6716 9275
9043 5041
800 2832
916 7745
5660 2908
4126 9236
9211 7098
3017 6408
7768 3094
5156 7490
1914 7818
9706 1587
2072 8067
9868 6094
223 4342
5459 9930
8103 3094
812 5773
4080 2671
9387 2050
2034 7516
2341 3504
8655 1022
5361 2600
6027 1823
7129 8321
4986 7577
7700 4668
6959 550
2594 9335
2248 4960
9236 7185
5194 306
2022 9166
6221 1564
7191 1825
4803 3521
4539 8013
1319 3359
9338 5468
4852 4146
8478 1139
1733 7821
8120 5756
4015 3822
9204 8379
8486 5854
8700 4309
7140 146
9052 4738
1564 8821
3330 3164
1600 2257
4020 1330
1108 7043
5337 1904
3105 1975
2841 4715
8400 663
9672 2994
3017 8498
2683 7435
10000 5640
7650 4108
3727 2288
6974 4744
734 2713
2239 4844
4515 4485
5938 4018
9143 7206
3538 874
3163 8819
4566 3669
5174 7047
2039 9082
964 3255
714 4827
2653 905
7173 7039
8983 2628
4140 2223
1515 409
5972 7552
6992 1842
6727 1574
17 179
5472 6960
5822 4746
6173 7327
8808 9290
1182 9760
3019 6759
4157 4946
6328 3206
6582 7571
7536 3747
1789 5794
8399 394
5396 5597
5615 2440
1689 3018
6779 4343
1360 1907
3718 3172
8168 2268
1140 9814
5695 7642
3300 7479
4258 9573
8522 3046
326 704
9104 4393
5736 4716
6508 6607
529 3168
4296 2789
9746 2568
4938 299
3030 4042
6230 5884
8257 1297
9121 3815
6701 3933
1556 2734
3609 295
2080 1057
9284 8960
7523 4160
7918 9941
9372 2289
8721 9708
8097 5866
7998 7431
7660 1225
8162 1673
9032 5919
9457 9645
7371 1455
2257 3853
1842 7351
7368 9098
2837 486
2227 1563
7418 5854
5058 3349
1181 2653
4384 8362
3111 5477
2477 5115
3570 644
9808 6370
9758 4864
5139 4152
9488 1180
2288 9071
1837 6219
551 1876
4560 5471
501 4589
8430 3441
2343 5861
3951 8051
6484 8448
7730 8591
3002 3248
5260 611
7817 2490
5623 1008
5437 6565
2413 1080
4919 8404
7735 9530
9117 9878
4064 272
2913 5691
6814 4521
2190 7126
9748 8810
1892 4325
314 2868
8176 449
2406 7003
9576 3558
5614 2758
7079 5009
4070 1640
1402 6971
2533 4036
4521 2211
8530 310
9722 3326
5138 6541
3417 6451
3180 2578
7446 7817
7029 7293
2315 6148
9440 5560
6306 3444
8283 2851
8276 8392
7531 9467
8076 4155
9052 4356
4105 7707
9176 3463
9918 1458
9667 1218
2430 9820
4482 4929
686 7053
7751 5045
869 1818
5594 7159
2105 9787
5660 8366
7223 5425
2369 2624
2764 2343
9199 2752
627 6575
764 4149
7849 3984
1024 6060
5324 4878
6250 6571
9279 7567
3966 9081
8363 6078
4916 4540
5630 4427
3465 4552
7712 4494
5975 3635
6577 5466
4621 981
8425 6689
3122 1098
7472 7487
7057 9359
6207 325
9614 7590
3989 7437
1519 9961
7897 5187
5601 7590
3195 7959
4721 290
4338 3448
7904 5494
2919 3953
3248 8896
2969 7374
6772 29
3354 4483
7521 1817
467 9851
1150 4608
4800 639
1293 517
3384 611
4923 5136
4234 2143
6369 5846
2032 6426
89 7029
6764 284
7101 1562
359 1491
6550 4989
484 4417
7846 2115
629 676
7235 3248
3297 366
7138 7765
3353 716
7576 7051
8729 4815
2560 3728
4096 7933
8377 9597
5895 1631
4271 9672
5120 6940
1457 2056
3136 9864
9437 8628
2774 8286
4237 1401
6902 4738
4293 3305
3365 9048
8199 4800
1457 7077
7324 1451
4948 5260
7046 1101
2415 6254
7158 8566
9218 7149
9284 1787
5780 58
3329 5120
2639 5789
1789 6161
9140 5715
9800 5920
1799 6485
4649 628
3645 5480
2629 8349
4292 2424
4687 1816
8198 8677
7898 7372
8813 5836
4675 3922
3613 6359
6173 5667
9962 3616
7486 5443
6310 1077
6842 417
7718 3668
1900 8898
5983 2260
6518 4900
4546 7015
2062 9676
1306 8801
6989 9164
9279 8726
5509 8321
6441 546
4462 7801
8073 6615
5490 4164
4013 2191
7597 6733
9215 6473
690 7280
3002 8022
8260 5289
5246 8748
5896 1302
4427 2241
6970 4405
3878 42
1660 8938
447 1384
4142 2904
1036 7726
1763 5437
3448 5009
777 6972
2620 8379
7734 7112
2231 7976
3224 8907
4508 9176
8276 3230
6844 4585
4320 5784
4773 5613
3237 501
9995 8896
67 1145
2434 6454
7572 4336
5797 4465
3743 2060
556 2829
7781 1979
6143 3161
5826 8303
2763 6107
4481 2778
1513 5303
3616 7937
8986 3864
1429 3724
9887 6019
9799 8173
7790 5474
159 8379
4780 3300
2394 5917
7330 7870
8095 1445
7103 7939
470 7763
9903 2254
4249 1287
1945 492
9248 8538
9112 1873
2837 1801
4298 3862
6994 9372
884 9466
8403 4834
3520 3491
4700 2514
5625 2686
8430 2471
4810 4305
2662 6776
8218 3915
7008 516
2447 3591
7308 7987
4617 9823
9104 6005
1688 6989
634 9335
1601 8991
9163 9621
1773 5989
9068 1220
9089 1794
5213 4466
1466 7212
6998 7540
8121 1529
9875 6377
9983 9419
2042 2883
7207 8866
26 5954
