800 2 400 13 528
627 173
5237 5567 8613 8943
4065 4551 4083 4569
7344 7844 4942 5442
2977 3148 5953 6124
892 1172 2283 2563
9420 9434 6637 6651
1549 1584 3698 3733
8064 8300 1177 1413
3385 3697 3867 4179
7622 7813 207 398
7373 7701 363 691
4339 4402 4931 4994
5239 5449 1445 1655
2881 3274 6402 6795
1625 2056 1395 1826
1539 1582 8230 8273
2862 3230 1527 1895
9909 10000 3198 3367
5656 6178 1928 2450
8127 8298 8552 8723
8829 8839 4136 4146
6294 6431 172 309
1006 1411 5958 6363
6189 6266 8288 8365
7174 7651 7228 7705
7399 7669 9526 9796
6974 7075 4795 4896
5575 5825 8859 9109
1357 1810 6890 7343
6420 6563 1897 2040
0 23 940 1163
5167 5438 4921 5192
4313 4426 5437 5550
7921 8434 3128 3641
1017 1241 3511 3735
1729 2061 9387 9719
3424 3807 7082 7465
972 1200 2384 2612
2078 2352 4121 4395
9335 9532 1756 1953
6688 7177 7306 7795
7789 7909 5396 5516
7947 7985 5104 5142
585 1070 2923 3408
6372 6833 8508 8969
6728 6885 5203 5360
8950 9201 6906 7157
28 39 8394 8405
6104 6384 7275 7555
4603 5058 3804 4259
1189 1654 7064 7529
7434 7905 3504 3975
3091 3440 5731 6080
98 411 8373 8686
6179 6201 2512 2534
3087 3180 9820 9913
8802 9173 8520 8891
7694 7967 6914 7187
8385 8483 6738 6836
2359 2400 3233 3274
5764 6290 896 1422
6208 6606 0 155
5664 6058 6263 6657
5288 5478 2341 2531
4108 4401 6144 6437
553 853 1411 1711
2227 2418 2379 2570
539 1038 5599 6098
3042 3198 7889 8045
8094 8154 4682 4742
1527 1896 5786 6155
5271 5782 7621 8132
6518 6883 7668 8033
317 549 4839 5071
3558 3571 8786 8799
5892 6399 9319 9826
8906 8908 2096 2098
2582 2685 8665 8768
4647 4882 949 1184
2740 2754 5292 5306
6325 6743 3317 3735
8120 8372 4918 5170
8995 9300 3334 3639
8223 8311 20 108
1710 2177 0 427
8747 8891 8637 8781
9804 9951 7831 7978
2320 2502 408 590
6777 7109 5020 5352
1776 1848 3003 3075
0 32 192 312
8262 8693 4290 4721
8665 8798 9795 9928
2847 3123 4996 5272
5476 5692 221 437
5419 5479 4889 4949
7180 7347 2920 3087
1017 1390 8668 9041
9533 9986 8822 9275
2226 2444 140 358
3675 3807 4824 4956
0 81 4886 5070
5508 5819 849 1160
4938 5254 7351 7667
8548 8722 2670 2844
441 448 9924 9931
5105 5311 452 658
1863 2369 2921 3427
4500 4518 5439 5457
6727 6933 5584 5790
8777 8975 1608 1806
9416 9542 251 377
9022 9279 5594 5851
897 1198 480 781
8204 8284 6388 6468
3825 3860 2157 2192
381 602 6409 6630
9676 9825 7375 7524
6158 6308 6028 6178
127 554 7148 7575
7764 7969 3842 4047
6883 7003 1709 1829
7934 8254 5701 6021
1525 1660 3019 3154
1445 1533 31 119
3481 3628 9120 9267
9461 9748 3903 4190
574 775 316 517
2257 2604 8554 8901
1453 1777 2357 2681
9399 9923 6126 6650
5355 5761 5638 6044
8004 8223 3753 3972
8738 8811 6326 6399
1961 2265 2015 2319
5652 5785 740 873
7500 7650 1158 1308
4174 4691 2396 2913
332 424 5612 5704
5358 5820 8571 9033
5229 5386 334 491
51 88 8095 8132
3834 4037 8615 8818
1895 2273 6950 7328
3573 4066 3580 4073
4687 4743 1221 1277
4344 4353 882 891
217 624 8648 9055
5989 6117 9312 9440
6941 7008 6998 7065
6180 6342 7905 8067
1646 2089 4457 4900
8063 8565 7515 8017
701 875 1101 1275
9074 9350 6585 6861
8608 8980 1255 1627
8133 8258 1065 1190
2237 2483 7438 7684
1166 1366 4552 4752
5377 5870 431 924
8423 8888 4159 4624
5832 6152 5041 5361
2503 2778 4905 5180
3524 3881 379 736
6166 6222 4836 4892
4293 4725 2271 2703
4135 4320 4068 4253
6920 7023 8774 8877
9158 9292 1360 1494
803 1150 9699 10000
9136 9450 2083 2397
1851 2355 5822 6326
6514 6884 2675 3045
1559 1560 4178 4179
971 1234 9187 9450
742 1092 453 803
0 79 8597 8843
4718 4731 3367 3380
5541 5876 9716 10000
5189 5464 4689 4964
8635 8644 7079 7088
6341 6752 7465 7876
3177 3188 3300 3311
5742 6119 5041 5418
9763 10000 7399 7743
4432 4522 4303 4393
244 670 7801 8227
9278 9799 6266 6787
7958 8377 9663 10000
433 442 3531 3540
5388 5456 2201 2269
4928 4989 2033 2094
7619 7777 7880 8038
1296 1566 783 1053
8652 9100 3438 3886
6180 6317 8622 8759
9156 9548 4498 4890
2760 2829 3947 4016
7205 7248 1409 1452
5273 5344 1509 1580
6181 6407 1429 1655
2570 2926 3234 3590
2248 2607 4943 5302
8643 8754 2756 2867
347 621 5629 5903
6234 6541 9386 9693
6493 6814 2257 2578
7240 7739 6200 6699
5811 5859 2019 2067
2116 2205 9094 9183
9048 9231 22 205
565 797 4559 4791
6896 6917 9953 9974
8949 9401 1826 2278
7959 8476 5924 6441
4331 4836 5774 6279
5414 5803 5693 6082
4485 4878 995 1388
8153 8488 2487 2822
6505 6829 4715 5039
3624 3699 2269 2344
7794 8227 665 1098
1046 1525 8502 8981
5417 5848 7884 8315
8398 8414 2142 2158
5425 5579 5096 5250
2087 2119 5512 5544
372 508 4966 5102
8515 8528 8672 8685
5692 6197 5744 6249
4391 4625 5008 5242
3396 3559 9329 9492
6470 6753 6905 7188
3811 4102 8375 8666
1954 2305 0 283
2458 2596 133 271
1803 1976 7706 7879
3096 3575 5402 5881
4191 4475 5979 6263
1058 1463 6670 7075
6877 7379 0 500
4434 4737 1265 1568
1442 1756 9081 9395
281 554 7308 7581
3501 3577 2705 2781
8694 8933 9006 9245
8903 8940 9443 9480
4118 4351 1501 1734
3062 3341 542 821
9185 9664 4981 5460
1103 1504 6182 6583
3947 4174 6931 7158
1486 1718 789 1021
506 628 4730 4852
4627 5038 6226 6637
1945 2438 1652 2145
7663 8174 3771 4282
1640 1671 9621 9652
5314 5804 2802 3292
9484 9629 7171 7316
454 662 140 348
849 858 1498 1507
2722 3173 1387 1838
3308 3474 1706 1872
7474 7610 5217 5353
7894 8342 2539 2987
8845 9080 8315 8550
9876 10000 794 1145
3783 4293 4386 4896
7455 7888 3982 4415
2409 2838 2666 3095
1003 1451 1248 1696
2911 3292 6789 7170
8693 9091 8554 8952
3036 3186 4657 4807
7346 7435 5318 5407
3546 3754 9107 9315
8693 8793 1815 1915
2297 2348 6798 6849
8092 8436 6646 6990
6288 6601 5942 6255
3242 3448 7219 7425
4474 4795 6300 6621
180 351 749 920
8125 8567 6737 7179
6428 6708 2601 2881
7476 7779 1196 1499
2346 2757 4259 4670
2033 2212 1671 1850
1341 1717 4925 5301
7649 8080 1537 1968
4581 4683 1766 1868
7114 7404 3538 3828
6319 6506 9881 10000
6071 6418 8180 8527
2489 2785 2085 2381
840 1142 5114 5416
7144 7282 6737 6875
3143 3505 8216 8578
4559 4609 1260 1310
5791 5895 3191 3295
9645 10000 1064 1436
4092 4610 6565 7083
0 336 8733 9098
9812 9900 288 376
8826 8828 7832 7834
9465 9556 3997 4088
1760 2138 7255 7633
5105 5428 4514 4837
2856 3020 8032 8196
4748 4938 464 654
2207 2551 4538 4882
0 152 4072 4259
807 944 7693 7830
3552 3595 3923 3966
2978 3233 9287 9542
7007 7031 7406 7430
1477 1758 8829 9110
5833 6343 5568 6078
1673 1677 6834 6838
6664 6943 7782 8061
9179 9556 2122 2499
3757 4242 9296 9781
358 383 4044 4069
8622 9066 4405 4849
2525 2787 7695 7957
3881 4203 7332 7654
9908 10000 1326 1431
605 999 8037 8431
20 485 4015 4480
6795 7150 2021 2376
1776 1849 3544 3617
127 194 1014 1081
7827 8319 2555 3047
624 941 4085 4402
1267 1436 7688 7857
7050 7323 2404 2677
4833 5169 5361 5697
1424 1814 5957 6347
3529 3874 159 504
1124 1208 4814 4898
6742 7151 1054 1463
502 793 5538 5829
4187 4395 4603 4811
1687 1948 8819 9080
1977 2372 6902 7297
9333 9369 3003 3039
941 1440 1839 2338
213 656 8531 8974
8732 9118 7227 7613
2992 3431 4550 4989
1713 2220 4480 4987
7874 8373 438 937
8911 9406 518 1013
5778 6107 3083 3412
56 536 7318 7798
1702 2097 1129 1524
7070 7346 4808 5084
3038 3530 4120 4612
6648 6704 5286 5342
3878 3983 9150 9255
3588 4047 8179 8638
5074 5517 4991 5434
6153 6404 990 1241
4175 4418 5985 6228
8142 8332 3360 3550
9776 10000 6141 6554
5930 6174 7606 7850
608 766 6160 6318
9903 10000 3266 3640
9323 9479 128 284
2886 3172 3511 3797
5152 5194 5882 5924
876 1252 0 348
1941 2179 3859 4097
5213 5579 8642 9008
4787 5144 3146 3503
6043 6085 2659 2701
283 782 4303 4802
7142 7258 8072 8188
2834 2835 8571 8572
6166 6170 8115 8119
9401 9402 8666 8667
7104 7531 2960 3387
8951 9306 584 939
371 645 6196 6470
9299 9555 8007 8263
3451 3771 178 498
7648 8117 1581 2050
290 738 3141 3589
6227 6227 6997 6997
3633 3708 530 605
1194 1390 5236 5432
1815 2021 6303 6509
5017 5084 5501 5568
3575 3733 5928 6086
1970 2171 4326 4527
226 255 8195 8224
1685 2213 159 687
1441 1606 4968 5133
1338 1548 2663 2873
2681 2733 1025 1077
4629 4960 1530 1861
1912 2272 6644 7004
5517 5845 5025 5353
6850 7044 373 567
1797 2301 1737 2241
1015 1066 7696 7747
7980 8406 2459 2885
6078 6333 8720 8975
4820 4928 9766 9874
2916 2930 5096 5110
9384 9557 5667 5840
7730 7836 9190 9296
2762 3157 1212 1607
438 949 1712 2223
4017 4185 1553 1721
6353 6541 0 169
5568 5606 228 266
4660 5137 1537 2014
1244 1326 2918 3000
4676 5204 269 797
7920 8034 6158 6272
2826 3174 8369 8717
4574 4612 3585 3623
8159 8387 6029 6257
2486 2929 4990 5433
1886 2152 7620 7886
3122 3298 6909 7085
9076 9119 7942 7985
3368 3417 2331 2380
2214 2639 4495 4920
3641 3763 8324 8446
2496 2852 513 869
2362 2820 4713 5171
5341 5730 0 99
5062 5172 5252 5362
2867 3351 3432 3916
6698 7217 6096 6615
9689 10000 2360 2687
2788 2798 4394 4404
5006 5456 7261 7711
3519 3975 8613 9069
2784 3143 6587 6946
139 485 3447 3793
943 1012 8877 8946
8690 9085 5368 5763
7580 7637 8428 8485
7503 7595 4053 4145
7151 7436 3969 4254
5975 6049 4817 4891
1553 2075 6686 7208
1718 1814 3241 3337
730 1072 1439 1781
7789 7874 7083 7168
6834 7007 7428 7601
4903 5041 6909 7047
858 1029 9030 9201
2739 2939 6318 6518
7394 7652 2717 2975
453 549 8384 8480
1414 1435 8405 8426
35 71 5516 5552
1692 2076 8577 8961
8102 8227 5265 5390
7977 7999 7733 7755
684 855 6441 6612
4222 4421 7457 7656
7160 7679 2380 2899
6178 6680 446 948
5308 5519 1517 1728
3526 3952 3338 3764
4293 4503 2220 2430
7315 7427 60 172
5706 6129 7263 7686
980 1393 9333 9746
1957 1967 4566 4576
2979 3137 8783 8941
5955 6190 6430 6665
2587 2749 527 689
3720 3727 6148 6155
8130 8503 7040 7413
5546 5772 9558 9784
1498 1956 7811 8269
8260 8446 158 344
2114 2570 5655 6111
5613 5665 9851 9903
2678 2994 1263 1579
3891 4387 4633 5129
4389 4394 966 971
5429 5652 4321 4544
891 1327 5408 5844
3635 4119 8203 8687
2634 2696 9323 9385
6391 6780 5537 5926
4565 4652 3087 3174
1596 2024 341 769
3587 3869 8835 9117
6207 6445 6602 6840
2286 2652 7006 7372
3596 3656 3275 3335
1509 1703 1147 1341
8955 9318 8549 8912
9536 9567 4645 4676
533 775 7524 7766
1503 1917 320 734
6758 6921 9389 9552
1257 1407 5434 5584
1682 2008 3667 3993
8205 8428 623 846
8802 8897 986 1081
984 1490 7690 8196
1703 1994 2884 3175
4586 4661 7479 7554
9582 9802 7057 7277
7813 8234 5389 5810
8591 8743 4962 5114
8938 9235 8129 8426
4728 5236 5857 6365
264 309 3650 3695
525 860 991 1326
3716 3840 3790 3914
1427 1765 1602 1940
7974 8085 876 987
0 473 8351 8855
5993 6260 1344 1611
4753 4787 8704 8738
8658 9108 8554 9004
3702 3871 5342 5511
1581 1943 5619 5981
764 980 4062 4278
7676 7836 3899 4059
5960 6330 8819 9189
6598 6637 4080 4119
1795 2140 7878 8223
6948 7411 1233 1696
5275 5754 3000 3479
8427 8734 8816 9123
8632 8970 2403 2741
3322 3664 6475 6817
981 1468 6593 7080
9510 9727 6347 6564
3963 4428 879 1344
4895 5061 6518 6684
4684 4737 3097 3150
1176 1463 1517 1804
4227 4454 3054 3281
5344 5391 7788 7835
0 62 4843 5230
7319 7672 6882 7235
5423 5531 3282 3390
8130 8187 8962 9019
9689 9978 5497 5786
4271 4452 7264 7445
2914 3229 5192 5507
7486 7598 2245 2357
1434 1869 1264 1699
6618 6941 5050 5373
4135 4617 1178 1660
3519 4017 4974 5472
6011 6145 4773 4907
6173 6426 1546 1799
7576 7928 9041 9393
8141 8655 0 512
5571 5969 1158 1556
8122 8151 8686 8715
1279 1711 9375 9807
5028 5513 4294 4779
7693 7956 9645 9908
4540 4874 4196 4530
7395 7729 2693 3027
3942 3952 2826 2836
3011 3429 298 716
7601 7864 1026 1289
1761 1810 7647 7696
1370 1453 8153 8236
8100 8440 5489 5829
8155 8368 9602 9815
2714 2975 1433 1694
5084 5445 1220 1581
4334 4759 3234 3659
7282 7696 4478 4892
8843 9149 4834 5140
1558 1808 9729 9979
1866 2250 6676 7060
7543 7639 2977 3073
1745 1805 7921 7981
5695 5723 9673 9701
7299 7415 69 185
4514 4731 9925 10000
0 110 6373 6485
4449 4870 2443 2864
3123 3591 3297 3765
3494 3644 1566 1716
6948 7276 7595 7923
4099 4318 8994 9213
6234 6491 2395 2652
7499 7897 5921 6319
7313 7791 3101 3579
7328 7501 6370 6543
9783 9951 5218 5386
6216 6424 3505 3713
2089 2495 4315 4721
2428 2438 6496 6506
2883 3069 9873 10000
4846 4989 1695 1838
1453 1576 4762 4885
8067 8518 5303 5754
618 1050 1622 2054
5062 5194 173 305
210 664 4791 5245
4509 4831 3521 3843
7819 7987 8353 8521
6691 7194 9440 9943
2574 2969 7597 7992
2853 3215 6807 7169
8649 9105 4696 5152
4553 4888 3738 4073
4014 4382 3883 4251
1363 1598 4301 4536
3455 3939 9312 9796
2072 2589 4981 5498
638 900 1771 2033
2893 3393 0 438
6561 7021 9197 9657
8074 8205 7286 7417
69 527 1130 1588
8777 8892 5504 5619
5216 5216 679 679
1808 1862 3843 3897
4591 4873 837 1119
6726 7076 4280 4630
2177 2351 8091 8265
6649 6987 7315 7653
1237 1281 5456 5500
5978 6465 2512 2999
3562 3591 940 969
9160 9319 5595 5754
8303 8381 542 620
6398 6905 2493 3000
4286 4534 8519 8767
4349 4847 902 1400
4910 5151 2977 3218
2684 2862 1511 1689
3020 3423 2999 3402
5027 5312 1604 1889
591 1105 1912 2426
8256 8495 3919 4158
804 975 737 908
2576 2819 8726 8969
2525 2806 5285 5566
7386 7862 0 98
9161 9437 3702 3978
2330 2828 2717 3215
9205 9654 8853 9302
3905 4166 2715 2976
3388 3537 7854 8003
9243 9637 59 453
2615 2655 5650 5690
1167 1529 1618 1980
2147 2593 1471 1917
7155 7175 5214 5234
2746 2834 2552 2640
7848 8351 3773 4276
5706 6109 2995 3398
132 147 8217 8232
164 544 9331 9711
2108 2415 271 578
903 989 3782 3868
3271 3412 0 38
6915 7086 7915 8086
1489 1746 164 421
8169 8628 6598 7057
8005 8507 8034 8536
8256 8314 5242 5300
9286 9762 5687 6163
3435 3882 6384 6831
2962 3129 4939 5106
1226 1417 8398 8589
1222 1659 5750 6187
164 171 452 459
4481 4498 7575 7592
4879 5268 1483 1872
9511 9737 8650 8876
3156 3601 2726 3171
2840 3307 3191 3658
3941 4336 7572 7967
1375 1903 5676 6204
590 666 5444 5520
2257 2562 7051 7356
3913 3943 3666 3696
4694 5110 767 1183
4583 4883 8470 8770
7184 7704 3568 4088
1729 1806 2321 2398
6908 7069 1850 2011
8900 8942 7903 7945
3563 3675 8334 8446
9724 10000 2178 2606
7169 7418 6634 6883
4690 5052 2366 2728
3226 3424 2803 3001
1790 1890 2268 2368
963 1354 4109 4500
7899 8110 9786 9997
884 1017 9439 9572
2793 3220 2130 2557
5478 5738 0 240
1356 1476 761 881
435 871 7888 8324
3859 4048 2889 3078
5824 6282 620 1078
5602 6066 3081 3545
1940 2169 5247 5476
5983 6192 3860 4069
9555 9637 9282 9364
9732 10000 8682 9039
7993 8419 7789 8215
7187 7312 6110 6235
2648 3145 1667 2164
3793 4094 3816 4117
7377 7459 7210 7292
8825 8912 4372 4459
2204 2480 7224 7500
7131 7178 6871 6918
814 990 7811 7987
3371 3751 6785 7165
8419 8518 2356 2455
640 737 506 603
4372 4581 2665 2874
2716 2979 3564 3827
4985 5331 7436 7782
9031 9218 5307 5494
8597 8623 4608 4634
9492 9549 9092 9149
7854 7983 4577 4706
8615 8711 4257 4353
7534 7761 2513 2740
8306 8833 5627 6154
4606 4658 5956 6008
2128 2270 4814 4956
9227 9351 7429 7553
8452 8941 1099 1588
9519 9792 3188 3461
0 214 6835 7209
5479 5529 7373 7423
3746 4063 6541 6858
4682 5046 4329 4693
6656 7095 7500 7939
3598 3757 7477 7636
4505 4532 7866 7893
2489 2697 5347 5555
6664 7098 1878 2312
3012 3093 5199 5280
7876 8225 341 690
1168 1192 1850 1874
9374 9386 3474 3486
419 697 8709 8987
9033 9132 9486 9585
8726 8850 5684 5808
2633 2925 9496 9788
7734 7773 2811 2850
496 497 7923 7924
6302 6528 2539 2765
943 1174 9236 9467
8266 8659 3373 3766
2048 2281 6455 6688
1371 1421 8403 8453
565 582 5406 5423
8014 8251 2801 3038
5934 6313 1097 1476
7561 8007 8319 8765
8656 8934 4547 4825
23 222 6757 6956
1116 1238 190 312
2889 3141 1012 1264
3902 4097 3458 3653
8772 9249 5564 6041
3918 3945 9004 9031
7723 8129 8012 8418
4230 4568 6450 6788
4475 4981 4731 5237
3876 4006 1256 1386
5322 5518 8245 8441
4493 4934 9386 9827
6401 6905 6420 6924
737 748 6750 6761
7120 7412 1476 1768
6050 6054 4141 4145
2864 3125 7531 7792
4831 5321 6238 6728
8524 8612 9205 9293
7714 7977 2301 2564
4141 4150 5817 5826
3343 3797 7190 7644
2248 2453 9673 9878
5637 5902 5872 6137
5643 5773 8343 8473
153 370 3195 3412
5865 6024 3527 3686
5402 8755
4250 4375
7809 4981
3037 5959
1163 2401
9430 6644
1582 3700
8096 1360
3690 4143
7641 371
7568 655
4378 4991
5350 1460
3055 6603
2001 1791
1551 8231
2906 1889
9989 3207
6074 2230
8254 8706
8837 4142
6386 267
1226 6263
6266 8310
7379 7517
7469 9618
6990 4813
5711 9093
1614 6992
6490 2009
2 953
5288 5104
4386 5456
8113 3496
1188 3519
1936 9547
3512 7453
1061 2510
2311 4298
9387 1942
7166 7547
7836 5421
7967 5137
768 3050
6603 8616
6852 5241
9079 6990
28 8400
6358 7329
4663 4038
1616 7079
7757 3974
3288 6038
351 8401
6199 2525
3132 9820
9057 8772
7938 7141
8480 6746
2382 3257
6205 1249
6549 55
5787 6594
5443 2346
4275 6201
743 1698
2291 2484
796 5885
3183 7941
8096 4726
1770 6041
5531 7908
6623 7897
520 5021
3565 8795
6035 9397
8908 2098
2607 8741
4658 1104
2742 5305
6594 3379
8280 5065
9251 3396
8303 91
1826 180
8795 8674
9945 7945
2374 440
6905 5063
1777 3007
23 274
8487 4385
8797 9915
3009 5156
5530 386
5428 4893
7204 3044
1272 8957
9661 8978
2281 319
3784 4873
39 4955
5757 946
5221 7589
8562 2822
448 9927
5205 466
2039 3336
4510 5442
6781 5766
8864 1768
9499 293
9258 5665
970 731
8244 6452
3858 2159
445 6502
9718 7405
6259 6044
546 7207
7880 3993
6989 1792
8238 5893
1653 3037
1466 32
3628 9265
9724 4105
596 491
2448 8773
1566 2541
9876 6189
5760 5973
8030 3852
8795 6341
2023 2155
5768 816
7606 1164
4483 2843
379 5666
5411 8963
5347 402
64 8099
3967 8778
1926 6950
4049 3805
4687 1223
4350 891
408 9043
6081 9390
6984 7053
6206 8018
1669 4519
8082 7707
799 1208
9139 6677
8886 1549
8218 1066
2382 7636
1307 4564
5700 883
8664 4434
6046 5048
2609 5002
3538 528
6188 4888
4626 2678
4295 4163
6987 8817
9261 1450
1131 9780
9196 2101
2340 6117
6691 2915
1560 4178
980 9328
1062 660
77 8720
4722 3369
5807 9777
5462 4733
8636 7085
6411 7742
3180 3301
5976 5250
9812 7541
4504 4304
328 8185
9682 6720
8064 9767
439 3540
5447 2201
4955 2077
7686 7903
1552 904
8847 3525
6243 8678
9164 4635
2780 4016
7206 1417
5335 1511
6250 1570
2831 3364
2598 4957
8645 2768
559 5665
6409 9598
6742 2435
7284 6518
5827 2053
2120 9110
9145 153
632 4640
6912 9973
9014 2092
8084 6266
4407 5924
5506 6015
4728 1093
8439 2620
6783 4869
3645 2333
7925 745
1060 8823
5556 8231
8404 2146
5484 5128
2102 5521
498 5079
8522 8678
6083 6178
4463 5099
3498 9364
6541 7013
3952 8603
2239 24
2524 179
1906 7751
3422 5690
4191 6005
1221 7033
7184 318
4544 1441
1600 9219
504 7550
3535 2727
8862 9079
8921 9469
4178 1696
3228 726
9507 5145
1255 6544
4027 7096
1560 981
562 4758
4916 6310
1993 1828
8008 4053
1649 9651
5802 2850
9530 7203
642 241
856 1504
3031 1487
3451 1716
7554 5317
8238 2913
8859 8492
9953 1122
3783 4830
7888 4394
2736 2948
1393 1640
2984 6926
8913 8820
3109 4667
7409 5334
3658 9112
8725 1894
2310 6808
8153 6798
6527 6140
3242 7379
4632 6520
290 870
8560 7014
6517 2653
7659 1313
2714 4322
2039 1773
1409 4996
7976 1936
4616 1863
7367 3540
6412 9933
6198 8293
2534 2337
927 5232
7254 6797
3367 8448
4575 1275
5802 3199
9797 1142
4497 6964
22 8921
9813 288
8828 7834
9541 4055
1875 7465
5379 4771
2996 8089
4807 568
2450 4805
2 4218
869 7787
3552 3948
3174 9305
7028 7420
1752 9017
6211 6029
1674 6835
6910 7863
9429 2205
3818 9517
361 4051
8627 4743
2705 7854
3939 7526
9970 1430
892 8212
85 4355
7014 2298
1823 3615
187 1014
8201 2861
863 4330
1373 7742
7099 2432
4982 5494
1571 6099
3617 466
1124 4896
6958 1454
558 5599
4356 4688
1812 9018
2051 7000
9346 3015
985 2213
343 8818
8751 7298
3296 4662
2097 4603
8213 831
9169 690
5809 3209
187 7486
2026 1145
7245 4894
3059 4444
6680 5289
3971 9245
4033 8328
5124 5169
6236 1221
4359 6054
8153 3375
9983 6358
6150 7647
633 6236
9967 3312
9372 161
3108 3542
5153 5908
1161 0
1971 3922
5527 8911
5120 3192
6047 2689
663 4615
7220 8151
2835 8572
6166 8117
9401 8666
7301 3124
9049 640
607 6315
9335 8223
3666 321
8054 1799
595 3416
6227 6997
3644 577
1336 5399
1862 6444
5040 5561
3606 6048
2146 4473
248 8224
1815 521
1502 5012
1473 2732
2697 1050
4852 1606
2037 6699
5630 5135
6852 483
2128 1899
1066 7738
8304 2738
6124 8814
4866 9787
2926 5107
9460 5680
7787 9258
2791 1394
857 2163
4112 1586
6467 76
5606 242
5095 1954
1249 2937
4718 631
7962 6264
2913 8703
4598 3610
8196 6158
2729 5162
2104 7803
3272 7083
9102 7942
3385 2347
2250 4668
3718 8411
2745 620
2403 4899
5508 63
5164 5327
3325 3706
6903 6456
9730 2635
2794 4397
5029 7448
3794 8977
2830 6855
223 3628
978 8878
8935 5624
7613 8428
7567 4118
7304 4012
6011 4866
2006 7089
1726 3325
935 1559
7800 7119
6881 7479
5031 6967
860 9065
2911 6477
7634 2863
548 8432
1423 8422
63 5523
1807 8922
8152 5270
7992 7755
699 6548
4281 7465
7181 2388
6640 559
5511 1646
3746 3716
4423 2345
7384 79
5822 7484
1066 9650
1966 4570
3057 8910
5995 6470
2644 573
3720 6154
8220 7326
5593 9632
1774 8239
8385 295
2418 5787
5647 9868
2811 1486
4050 5058
4394 966
5594 4498
953 5419
4083 8416
2681 9362
6575 5732
4587 3124
1597 767
3724 8952
6390 6757
2461 7355
3630 3333
1561 1242
8962 8555
9541 4645
770 7544
1610 661
6850 9546
1278 5546
1890 3803
8239 791
8844 1045
1019 8059
1721 2937
4594 7521
9719 7088
7899 5682
8641 5023
9104 8136
4804 6352
300 3678
627 1157
3744 3874
1691 1651
7978 967
292 8555
6158 1379
4776 8725
9010 8603
3863 5409
1800 5686
934 4101
7748 4015
6141 8969
6630 4112
1844 8096
7384 1682
5466 3255
8470 8919
8774 2502
3548 6576
1184 7038
9652 6432
4037 1329
4950 6527
4734 3098
1449 1703
4372 3167
5362 7825
29 5139
7412 7169
5442 3303
8165 9017
9786 5741
4369 7279
3070 5448
7589 2274
1785 1532
6869 5091
4348 1217
3656 5263
6073 4877
6275 1794
7755 9077
8265 374
5605 1539
8141 8696
1284 9792
5137 4461
7933 9673
4733 4351
7579 2836
3945 2835
3294 385
7763 1028
1795 7678
1377 8156
8369 5542
8366 9689
2847 1489
5135 1220
4479 3330
7516 4819
8886 5115
1558 9833
1974 6802
7600 2996
1794 7969
5696 9683
7406 164
4660 9978
91 6478
4536 2840
3127 3526
3564 1637
6996 7720
4175 9101
6317 2578
7645 6199
7421 3202
7397 6404
9908 5252
6353 3688
2118 4367
2428 6502
2988 9917
4882 1727
1568 4762
8452 5472
1033 1929
5151 287
515 4842
4513 3714
7883 8373
6974 9754
2823 7658
2989 7162
8783 4804
4626 3936
4037 3966
1502 4490
3620 9440
2156 5331
790 1870
3041 44
6806 9465
8146 7384
308 1360
8856 5590
5216 679
1851 3889
4707 984
6864 4315
2348 8208
6974 7594
1261 5475
6099 2751
3576 967
9218 5605
8307 570
6530 2574
4443 8567
4528 1396
5107 3025
2740 1676
3154 3036
5257 1668
892 2384
8287 3980
810 827
2668 8910
2804 5385
7704 56
9310 3734
2513 2997
9309 8930
3935 2959
3473 7938
9511 233
2649 5655
1521 1823
2472 1652
7167 5215
2773 2607
7928 3979
5801 3205
136 8231
226 9590
2305 402
923 3851
3412 2
7067 8061
1607 363
8460 6779
8473 8316
8308 5297
9320 6021
3538 6501
3031 4995
1394 8481
1547 6106
167 458
4481 7584
5181 1798
9519 8763
3549 2895
2931 3394
4092 7650
1739 5981
608 5510
2309 7242
3933 3691
4995 987
4668 8635
7426 3670
1797 2345
7040 1896
8930 7940
3636 8432
9959 2408
7197 6841
4759 2644
3227 2837
1872 2366
1268 4144
7929 9809
918 9445
2856 2273
5662 72
1473 866
482 7889
3883 3073
5913 671
6007 3448
1989 5441
6047 3879
9607 9294
9811 8939
8010 8186
7189 6180
3014 1693
3997 4090
7458 7225
8832 4431
2312 7433
7131 6892
985 7933
3387 7029
8439 2421
726 520
4476 2837
2790 3664
5280 7701
9058 5311
8623 4628
9514 9111
7943 4651
8690 4289
7668 2601
8472 6042
4635 5978
2203 4852
9317 7429
8485 1562
9519 3246
156 6863
5484 7395
4023 6795
4980 4693
6887 7524
3675 7547
4517 7877
2686 5522
6908 2195
3021 5258
8171 599
1186 1858
9382 3480
570 8818
9065 9577
8838 5727
2865 9758
7743 2833
496 7923
6421 2664
1073 9277
8428 3735
2058 6491
1413 8410
571 5411
8037 2931
6065 1419
7919 8635
8684 4809
155 6788
1227 284
3068 1066
3918 3498
9242 5778
3944 9010
7927 8237
4378 6588
4513 4993
3905 1282
5340 8380
4630 9773
6685 6551
746 6755
7176 1507
6050 4142
2988 7637
5293 6496
8536 9264
7894 2341
4145 5818
3527 7570
2338 9763
5896 6086
5711 8409
282 3393
5930 3645
