800 8 400 10 1250
55 280 35 136 8 143 11 132
2075 2617 5107 5649
3173 4162 8606 9595
3209 3902 6356 7049
2064 2914 6115 6965
3218 3745 6492 7019
7881 8433 4135 4687
4619 5763 3030 4174
6407 7381 7608 8582
433 1629 0 1067
591 1165 5423 5997
8281 8970 7140 7829
3722 3892 6888 7058
0 14 9161 9220
2470 3562 3074 4166
7281 7661 3633 4013
7290 8208 2958 3876
2956 4100 678 1822
2217 2721 3289 3793
1682 2503 4460 5281
7388 8059 3230 3901
3113 3988 7953 8828
3168 3363 4854 5049
8846 9326 4114 4594
2839 3283 8510 8954
8616 9568 4354 5306
165 1386 1359 2580
3529 4325 5813 6609
2359 3572 7592 8805
2022 3169 8609 9756
5038 5371 7560 7893
9903 10000 0 281
934 1733 5534 6333
8872 9252 5817 6197
2658 3261 7784 8387
4686 5466 3946 4726
3302 3407 1570 1675
8779 9026 9121 9368
6069 7148 8948 10000
8725 9459 4739 5473
719 1883 8657 9821
468 1150 428 1110
7379 8021 3346 3988
2668 3121 3501 3954
2695 3691 6177 7173
3186 3729 5364 5907
3342 3558 9416 9632
6007 6009 9550 9552
6470 7285 3406 4221
2179 2861 6175 6857
1724 2019 4227 4522
8773 9639 1339 2205
1266 2494 5844 7072
6087 6395 869 1177
2661 3419 1845 2603
2982 4108 7637 8763
4730 5912 23 1205
0 398 3432 3889
2775 3270 3948 4443
7680 8428 6550 7298
2931 3771 7279 8119
7898 8697 7834 8633
5525 6135 1500 2110
17 1054 0 970
29 748 5156 5875
1480 2068 6996 7584
8297 8667 1835 2205
9702 9943 5218 5459
4991 6159 316 1484
3240 3696 1125 1581
3628 4750 52 1174
6159 7331 3808 4980
7072 7679 8137 8744
604 1088 8975 9459
7362 7869 7576 8083
8881 9559 7280 7958
4874 4902 4503 4531
3488 4378 2933 3823
5956 6938 7364 8346
7587 8472 1651 2536
7670 7702 5968 6000
7200 7241 8277 8318
3348 3912 5049 5613
7052 8103 2869 3920
1059 2111 6689 7741
8754 9661 9730 10000
6475 6713 653 891
2007 2200 4846 5039
4139 4194 7328 7383
1689 2159 4133 4603
7726 8037 3124 3435
3913 4245 7571 7903
1191 2338 7660 8807
6048 7119 4633 5704
4982 5571 3615 4204
6087 6301 3385 3599
2918 3592 6972 7646
7075 7278 6324 6527
5333 5661 8561 8889
106 338 9168 9400
1478 2165 3361 4048
1677 2441 6345 7109
4630 5372 5087 5829
3373 3951 3207 3785
385 994 7762 8371
8998 9683 922 1607
8340 9212 2993 3865
3585 3649 6532 6596
1162 2157 5494 6489
3632 4432 7739 8539
211 791 6447 7027
5823 6291 647 1115
1668 2343 6479 7154
8230 8933 525 1228
7828 7932 2730 2834
7631 8763 1996 3128
1172 2141 6365 7334
5770 5813 3829 3872
3749 4791 7002 8044
4673 5235 6969 7531
8281 9231 5970 6920
6923 7936 3800 4813
6563 7114 9408 9959
7979 8922 1330 2273
7656 8559 6591 7494
309 1066 3917 4674
3823 5055 3230 4462
8674 8692 5014 5032
3227 3303 7531 7607
6630 7557 8228 9155
9744 9815 9027 9098
1249 2022 0 582
3116 4010 6303 7197
2795 3436 5173 5814
4199 4593 2582 2976
5264 5299 5144 5179
7134 8078 7355 8299
9193 9398 7992 8197
4342 4655 3408 3721
2717 3324 3885 4492
7138 7212 922 996
5114 5763 0 539
6933 7729 1183 1979
6062 7222 246 1406
5110 5259 8806 8955
6857 7647 5179 5969
6412 6657 4010 4255
1936 2725 247 1036
0 970 4645 5846
6995 7706 8184 8895
3325 4147 5478 6300
5316 5557 5122 5363
67 1183 2529 3645
5448 5755 6560 6867
227 599 7336 7708
7404 8404 4798 5798
4196 4402 3646 3852
4274 4799 2556 3081
5188 6270 6561 7643
7338 7633 5681 5976
1415 2648 0 92
9246 9623 1269 1646
7905 9140 9250 10000
3541 4638 2054 3151
5028 5722 5748 6442
7522 8074 5994 6546
7313 8059 7109 7855
1099 1885 72 858
6405 7059 7112 7766
5996 6870 2676 3550
3533 4164 9108 9739
5773 6054 6755 7036
270 1074 3422 4226
2844 3691 8493 9340
0 620 313 963
0 1070 5360 6533
2443 2814 5578 5949
854 1501 4021 4668
1198 2085 4964 5851
3402 3610 428 636
5650 6024 4400 4774
0 337 5127 5795
4459 5156 5801 6498
5003 5501 1803 2301
9215 9985 4147 4917
7766 8815 4755 5804
1124 1203 5837 5916
3793 4748 6670 7625
7782 8184 7617 8019
5415 6432 1497 2514
2474 3626 8351 9503
5253 5738 9767 10000
3911 4059 3777 3925
8365 8892 5032 5559
1303 2166 6716 7579
2532 2654 1124 1246
0 66 9255 10000
2673 3146 101 574
3133 3376 9354 9597
7183 7351 5772 5940
8309 9346 7440 8477
3991 4348 7681 8038
8670 9184 1533 2047
7067 7980 1054 1967
9226 9708 4239 4721
6753 7670 4110 5027
2837 3058 7423 7644
5484 5779 7485 7780
8499 9117 1161 1779
3311 4559 9078 10000
6185 6622 2376 2813
962 1668 4791 5497
138 997 7281 8140
578 1493 3648 4563
3315 3645 2811 3141
43 951 6815 7723
2116 2317 885 1086
7264 7507 5922 6165
7683 8880 8237 9434
0 438 0 700
333 1328 1676 2671
1175 1583 8055 8463
8329 8793 6274 6738
4688 5727 5569 6608
0 164 8938 9202
8885 9046 4827 4988
9564 10000 1964 3141
6841 7927 0 806
5651 6560 0 825
3667 4514 2857 3704
1011 2096 5624 6709
2024 2884 3022 3882
3063 3608 8863 9408
7507 8136 5596 6225
0 373 907 1649
7663 8848 1273 2458
6923 8070 899 2046
2485 3637 3332 4484
5639 5822 3652 3835
4426 5422 86 1082
941 1363 9826 10000
8858 10000 3928 5129
3938 5164 1939 3165
5759 6918 8374 9533
8085 8739 0 574
9670 10000 5263 5786
2111 2146 4765 4800
3881 4401 6730 7250
9084 9171 2061 2148
2189 2668 5945 6424
8868 9227 5622 5981
8224 9439 5998 7213
2095 2246 6759 6910
4328 4834 7415 7921
166 236 2170 2240
5558 5892 5267 5601
4179 4360 3101 3282
5360 6326 6294 7260
6071 6550 1621 2100
1975 3156 5170 6351
4011 4525 9581 10000
8497 8989 3311 3803
5755 5832 3939 4016
3282 3423 7367 7508
4773 5445 1402 2074
310 955 587 1232
5400 5637 3139 3376
6495 7426 5697 6628
1224 2388 1219 2383
8372 8500 8241 8369
5396 5683 6630 6917
5852 6491 8603 9242
4527 4710 5006 5189
1928 3178 2098 3348
0 253 8321 8968
8379 9425 3152 4198
3333 3873 4297 4837
2091 3200 2413 3522
3244 4048 8199 9003
8918 9724 4065 4871
182 834 8908 9560
647 1412 8336 9101
729 1247 3599 4117
5963 6723 0 283
7957 8417 460 920
8513 9045 7157 7689
5705 6346 1630 2271
7269 8418 3260 4409
3696 4412 7779 8495
6530 7432 4745 5647
5786 5804 7840 7858
2088 3137 4515 5564
7899 7941 4345 4387
706 723 1264 1281
2838 4079 3595 4836
6858 7585 6569 7296
7117 8151 8391 9425
4586 5806 4964 6184
2028 2924 0 749
7615 8207 1090 1682
6653 7478 2934 3759
7822 8398 9103 9679
91 1126 2322 3357
7185 7406 7679 7900
3352 3564 6314 6526
8411 9620 2460 3669
3791 4625 7809 8643
3279 4013 7839 8573
3119 4028 4036 4945
6540 6650 2425 2535
6429 7290 1629 2490
7574 8635 1739 2800
2411 3334 4656 5579
970 1833 4137 5000
2797 3409 7919 8531
1193 1978 2657 3442
8085 8795 1151 1861
9657 9950 8870 9163
7005 7065 9097 9157
4714 4927 262 475
5562 6263 8363 9064
4235 5140 5845 6750
1808 1939 6649 6780
2168 2585 7772 8189
8692 9406 4082 4796
5448 6111 1969 2632
8070 8548 8716 9194
9693 9992 1859 2158
3375 3718 8214 8557
0 455 2424 2891
1903 2249 7616 7962
4370 4982 9051 9663
6261 6494 6478 6711
3696 4319 6753 7376
8118 8285 4650 4817
6629 7596 4471 5438
7575 8705 1184 2314
4753 4978 8116 8341
8832 9520 6851 7539
9511 10000 623 1403
2857 3133 9241 9517
3548 4727 3138 4317
7816 8321 3850 4355
849 1946 1512 2609
9608 10000 3711 4700
9765 10000 2031 2893
7989 9174 4354 5539
1513 2301 7129 7917
1166 2250 4353 5437
7088 8076 7940 8928
2571 2722 2903 3054
6475 7666 2164 3355
543 1141 3513 4111
7342 7856 7794 8308
3947 4364 3024 3441
4440 4499 1270 1329
3648 3893 1674 1919
27 702 9222 9897
865 1033 5959 6127
4388 5442 3249 4303
1464 1657 8279 8472
1712 2343 8302 8933
2262 2961 7211 7910
6905 7853 4137 5085
9606 10000 7422 7941
1912 2543 8585 9216
4431 5482 4227 5278
4772 5179 5581 5988
5636 6853 7295 8512
1628 2590 0 628
8876 9701 4587 5412
5522 5729 1935 2142
3644 4182 9536 10000
2125 2159 7453 7487
449 788 695 1034
6068 7001 7077 8010
3408 4500 6647 7739
2569 3671 2602 3704
7803 8742 2329 3268
6041 7000 8629 9588
4321 5085 2893 3657
1332 1560 1579 1807
9078 10000 9219 10000
8383 8490 9511 9618
5629 6338 1476 2185
6748 7485 3895 4632
6568 7796 6171 7399
8450 8781 5773 6104
7061 7447 1355 1741
7346 7948 9529 10000
6625 6668 4932 4975
9489 9715 9270 9496
2180 3156 7743 8719
1995 3106 2831 3942
1100 1406 1101 1407
5053 5906 2495 3348
9483 9522 187 226
750 1016 3081 3347
1769 2093 8944 9268
6627 7679 3267 4319
4062 4507 3485 3930
5209 6055 8216 9062
8777 8788 2398 2409
0 128 5948 6997
5883 6617 423 1157
6462 6870 197 605
4974 5275 4577 4878
2768 3931 9222 10000
5911 6545 1724 2358
0 1013 1034 2216
2812 3403 3641 4232
8613 9084 2098 2569
7531 7700 3744 3913
2538 3616 8266 9344
6118 6460 5469 5811
8671 9630 6831 7790
9566 9628 5511 5573
7607 8801 5041 6235
2404 3507 2754 3857
4474 5074 1360 1960
6655 7154 4123 4622
6870 8065 5894 7089
5309 5593 0 246
948 965 5238 5255
6424 7583 8759 9918
1858 1976 2893 3011
3742 4461 1317 2036
8988 9694 572 1278
4655 5752 1207 2304
209 574 5993 6358
6850 7071 6691 6912
2941 4134 5545 6738
1421 1770 6646 6995
1226 1237 2591 2602
6780 7237 3604 4061
1092 1603 2356 2867
3636 4369 5731 6464
8208 8714 6509 7015
290 996 1351 2057
32 462 5240 5670
215 508 8711 9004
7289 7964 8317 8992
3456 4086 261 891
5737 6119 4121 4503
8419 8677 6438 6696
5970 6190 7664 7884
1475 2371 8322 9218
980 1876 589 1485
933 1566 0 218
4386 4586 9733 9933
5246 5587 1683 2024
9010 9417 4071 4478
2402 3470 4678 5746
1375 2286 7223 8134
0 547 103 864
6924 8044 6057 7177
1738 2192 3314 3768
1031 1291 7618 7878
6209 7080 0 847
7087 7249 876 1038
8839 9281 3969 4411
8560 9138 4223 4801
2344 3238 7245 8139
3148 4005 643 1500
1457 2627 1766 2936
2500 2840 4390 4730
5766 6357 6651 7242
28 854 4479 5305
9122 9635 5746 6259
7353 8481 0 832
8384 8682 9725 10000
5919 6245 1954 2280
6432 7249 8921 9738
8168 8527 1732 2091
4196 5037 2555 3396
6690 7666 2635 3611
1754 1817 9467 9530
5438 6256 2834 3652
6224 6571 8812 9159
18 22 3580 3584
6036 6939 65 968
8942 9815 0 845
9126 9998 0 831
5431 5541 2291 2401
8676 9402 5857 6583
6111 6199 1227 1315
0 425 4605 5462
8474 8852 9542 9920
0 446 6914 7503
6028 6979 8485 9436
139 1361 6577 7799
8383 9501 620 1738
596 1481 919 1804
2490 3357 7538 8405
232 849 9315 9932
3178 3871 6487 7180
2872 3585 5114 5827
3264 4174 5458 6368
2244 2458 7544 7758
5256 6127 8499 9370
821 986 729 894
4360 5207 2641 3488
5128 6196 3388 4456
9365 9443 3836 3914
0 354 641 1004
4990 6001 2295 3306
5696 6617 8360 9281
3555 3555 9560 9560
2297 3108 8463 9274
5909 7103 170 1364
1693 2310 1980 2597
7121 8344 5692 6915
5298 6528 4333 5563
4382 4860 2821 3299
3114 4146 4823 5855
969 1339 4015 4385
6879 7654 9178 9953
5583 5747 4955 5119
7640 8297 4995 5652
7027 7819 0 397
8425 9608 8318 9501
1128 1204 1645 1721
589 1172 2191 2774
3486 4038 4783 5335
5155 6323 3051 4219
7791 8186 6595 6990
3391 3584 1697 1890
2824 3732 8290 9198
7023 7764 4967 5708
2127 2914 5055 5842
5987 6565 0 453
0 1054 4091 5235
3917 4298 8489 8870
6821 7785 9109 10000
6780 6956 6835 7011
1413 2251 9364 10000
1620 2651 1910 2941
5085 5513 7965 8393
6149 6474 5768 6093
1942 2226 6731 7015
203 809 5322 5928
354 619 5493 5758
4683 5273 61 651
7719 8257 781 1319
4670 4859 3422 3611
7070 8170 2508 3608
2473 2825 6251 6603
624 720 8605 8701
3278 4320 1733 2775
5248 6487 7414 8653
2127 3130 5410 6413
8625 9634 3741 4750
1801 3049 7778 9026
2933 3470 431 968
8265 9431 6651 7817
4507 5529 6518 7540
0 1115 1311 2438
6741 7079 1112 1450
3664 3799 393 528
8149 8198 8754 8803
3890 4035 4631 4776
5118 6266 6867 8015
2419 3266 0 492
6874 6965 9111 9202
3365 3945 9431 10000
3369 4327 6023 6981
1126 2104 4385 5363
1989 2351 5611 5973
2784 3595 63 874
4364 5100 0 353
9638 9958 7067 7387
3302 4241 3515 4454
225 610 1777 2162
5807 6576 2836 3605
5806 5883 8997 9074
7711 8716 7521 8526
8112 9140 1470 2498
0 323 3148 3937
2189 3102 9337 10000
7134 8017 4630 5513
357 407 879 929
5747 6439 4418 5110
2057 2967 9347 10000
1833 2822 1410 2399
6585 6922 649 986
4891 5081 923 1113
964 2174 8395 9605
5687 5771 4404 4488
7742 8074 2947 3279
7825 8125 1454 1754
5538 5806 5683 5951
3336 3512 2968 3144
6704 7289 7005 7590
1386 2572 7217 8403
5128 5598 4524 4994
3978 4271 4212 4505
5988 6618 4612 5242
520 946 5577 6003
8705 9472 7256 8023
0 585 7405 8381
3403 4000 7043 7640
762 1722 7415 8375
6026 6372 2044 2390
4173 5285 1846 2958
9017 9225 3905 4113
3098 3850 3523 4275
2037 2078 6284 6325
7018 7288 679 949
0 858 4546 5449
2075 2388 8377 8690
9386 9966 3474 4054
4961 5040 3495 3574
9040 9263 8003 8226
6418 6990 7171 7743
8049 9291 531 1773
7184 8054 7236 8106
6546 6808 7031 7293
5759 5979 8538 8758
919 1047 3299 3427
5674 6021 9122 9469
0 827 1117 2088
4255 5330 8930 10000
5450 6129 9149 9828
5498 6036 86 624
1841 2747 1404 2310
0 588 4197 5411
842 864 2152 2174
462 648 5225 5411
3557 4191 4169 4803
2809 3977 5309 6477
8478 9001 3741 4264
8844 9097 750 1003
1177 1279 6138 6240
6417 6452 3132 3167
4861 5045 5143 5327
8459 8660 8977 9178
9170 9559 8624 9013
2623 3472 7614 8463
5694 5819 6671 6796
8604 8671 7577 7644
4679 5316 113 750
5086 5662 5543 6119
7595 8631 659 1695
1899 1945 1733 1779
1443 2640 8394 9591
1405 1596 3815 4006
3393 3558 124 289
176 1240 3197 4261
873 1832 3024 3983
5211 5983 3698 4470
7338 8359 8789 9810
1821 2572 8161 8912
8460 8570 3100 3210
1938 3172 5985 7219
7313 7370 7560 7617
0 712 4091 5086
4248 5417 1017 2186
3562 4626 1213 2277
563 907 6264 6608
3063 4197 1214 2348
1200 1979 6633 7412
5877 6967 4893 5983
3525 4378 4143 4996
4346 4400 4035 4089
6358 7605 2402 3649
5162 5270 5599 5707
1636 2175 8397 8936
5775 6790 1846 2861
9256 9792 3791 4327
520 1545 7127 8152
4244 5045 1394 2195
9523 10000 8489 9079
7741 8827 3369 4455
6370 7471 8187 9288
1242 2371 1435 2564
1348 2316 4439 5407
8470 9159 7436 8125
5926 6141 3818 4033
3286 4184 1090 1988
6347 7544 4977 6174
5779 6827 9002 10000
2001 2433 4443 4875
3817 4012 7462 7657
6486 7368 198 1080
863 1163 6322 6622
3309 3626 6821 7138
5355 5714 114 473
4937 5053 8735 8851
1854 2216 5979 6341
793 2022 0 445
574 1360 6139 6925
945 1371 4381 4807
2862 3620 3585 4343
9283 10000 7884 9132
7452 7762 8548 8858
9766 10000 9747 9995
5693 6876 8303 9486
2170 2457 1277 1564
7924 8640 1862 2578
6416 6846 2823 3253
434 805 3940 4311
1942 2632 182 872
5528 6287 4021 4780
155 804 5226 5875
1890 2573 3544 4227
6926 7304 8288 8666
2968 3951 6193 7176
7240 7383 1267 1410
0 314 3306 3842
1948 2791 2341 3184
3729 4122 6925 7318
2312 2924 1698 2310
8521 8814 4198 4491
1247 2302 5470 6525
9052 9572 6291 6811
8943 9933 8943 9933
4512 5686 1546 2720
3218 3931 724 1437
5607 6022 7421 7836
8193 8784 1940 2531
6464 7182 6906 7624
7111 8187 3094 4170
1617 2234 4027 4644
8608 9395 6217 7004
9551 10000 6477 7333
8519 9507 6996 7984
3108 4101 3130 4123
0 765 7436 8481
2366 2930 6453 7017
6339 6498 1291 1450
6836 7278 5295 5737
9546 10000 2392 3046
6319 6640 2260 2581
8537 8758 1129 1350
7588 7897 4001 4310
8504 9186 3496 4178
4538 5132 5526 6120
4861 6012 116 1267
5764 6993 2974 4203
2031 2593 8180 8742
9001 9016 1125 1140
9689 9827 8861 8999
7280 7515 3416 3651
3532 3839 9542 9849
7593 8628 808 1843
3675 4273 8773 9371
1971 2419 1192 1640
4367 5223 9765 10000
8216 8462 6544 6790
3541 4048 2902 3409
2755 2995 1495 1735
8346 9117 2969 3740
3528 3851 6801 7124
7494 7614 7782 7902
2951 3781 86 916
4646 5386 346 1086
9189 9610 4690 5111
9251 9642 8484 8875
8926 9455 5635 6164
4478 5648 981 2151
9264 10000 6919 7765
530 1184 7232 7886
1993 2824 2588 3419
6373 6596 5768 5991
3231 3851 5320 5940
8652 9143 0 466
8538 8629 3071 3162
8197 8805 3071 3679
4537 4746 8824 9033
8780 9469 8990 9679
8101 8686 2010 2595
4689 4973 7073 7357
2171 3156 8114 9099
2768 3555 8589 9376
8014 9230 4884 6100
2692 2765 5832 5905
8835 9912 1175 2252
2228 2243 5125 5140
2963 3101 1182 1320
7443 8148 5251 5956
0 330 6732 7078
8012 8837 6300 7125
7679 8297 4782 5400
6841 8046 5236 6441
7131 8279 4309 5457
8217 8973 7989 8745
4801 5348 7209 7756
8536 9765 2058 3287
7227 7373 6695 6841
9217 9322 9129 9234
8832 9096 0 150
3259 3340 6658 6739
7453 7691 5444 5682
889 1488 5799 6398
7697 8172 8840 9315
8117 8326 5118 5327
6530 7497 6856 7823
5663 5777 308 422
7659 8230 7464 8035
6860 7820 6324 7284
8214 8345 7246 7377
2403 5159
3544 8675
3235 7028
2779 6277
3514 6994
8399 4426
5521 3780
7263 7746
1178 977
833 5941
8626 7325
3876 6967
2 9163
3383 4091
7636 3907
8017 3731
3771 933
2549 3386
1701 5191
7425 3613
3867 8520
3220 4896
8918 4126
3049 8868
9367 4963
1286 1815
3794 5838
2615 7954
2076 9576
5324 7878
9937 245
1656 5804
8915 6183
2982 7806
4790 4621
3324 1618
8810 9266
6374 9393
8750 4906
1361 8757
533 990
7910 3740
2901 3729
2761 6577
3639 5673
3466 9513
6008 9550
6790 4168
2788 6384
1736 4473
9637 1911
1899 5985
6309 878
3361 2053
3280 8337
4946 796
140 3558
2863 4285
8230 7136
3624 8056
8563 8346
5677 1795
155 52
279 5602
1776 7434
8568 1983
9787 5302
5594 993
3545 1217
4041 368
6643 3938
7514 8608
827 9357
7388 7958
9204 7767
4893 4521
3854 3547
6431 7774
7987 2188
7681 5983
7230 8279
3484 5455
7507 3401
2072 7082
9296 9993
6577 735
2118 4848
4185 7374
2126 4380
7857 3201
4056 7782
1416 7995
6977 5277
5457 4109
6172 3432
3038 7349
7222 6351
5479 8578
128 9358
2081 3605
2064 6682
5368 5784
3454 3541
435 8199
9681 978
9079 3019
3622 6571
1821 6062
3688 7965
346 6452
6111 809
1848 6575
8527 944
7900 2784
8130 2332
1218 6607
5812 3869
3983 7321
4915 7473
8512 6704
7869 4655
7067 9600
8431 2253
8227 6628
508 4142
3879 4228
8687 5023
3263 7534
6726 8723
9797 9031
1319 403
3996 6817
3211 5686
4420 2660
5278 5161
7718 7891
9302 8171
4545 3700
2914 4426
7161 935
5639 521
7717 1853
6710 927
5209 8893
6964 5216
6503 4182
2068 296
679 5139
7638 8431
3962 6202
5345 5357
883 3006
5455 6843
257 7419
7864 4982
4345 3666
4578 2617
5697 6759
7440 5786
1501 89
9252 1645
8490 9359
4176 2538
5121 6086
7805 6321
7540 7685
1644 420
6679 7256
6471 3170
4064 9718
5889 6881
437 4088
3020 8495
576 423
660 6123
2486 5932
1194 4575
2004 5820
3548 503
5933 4510
6 5497
4811 6105
5422 2244
9924 4782
8520 5676
1150 5916
4084 7002
7867 7914
5741 2478
3271 9501
5654 9895
3914 3832
8673 5393
1930 7461
2632 1177
20 9619
2945 405
3260 9422
7323 5844
9138 8358
4189 7905
8955 1557
7353 1944
9606 4721
7527 4749
3036 7571
5758 7689
9002 1570
3915 9219
6326 2766
978 5284
444 7596
1278 4281
3553 2958
515 7601
2188 924
7498 6077
7781 8565
335 465
931 1756
1274 8289
8484 6313
5443 6259
86 9075
9044 4840
9581 2430
7224 165
5773 416
4487 3046
1130 6591
2136 3858
3320 9190
7742 5891
343 1051
8109 2067
7012 1609
3556 4207
5800 3721
5160 763
1122 9987
9707 4602
4387 2658
6613 8973
8599 48
9841 5531
2132 4780
4062 6734
9137 2079
2234 6335
9224 5812
9266 6568
2171 6775
4385 7824
227 2190
5601 5563
4331 3226
5881 7011
6473 1664
3011 5400
4523 9909
8539 3736
5796 3997
3342 7423
5184 1980
565 938
5540 3340
6957 5705
1527 1708
8449 8316
5680 6799
6426 8858
4666 5075
3156 3139
54 8950
8585 3325
3582 4630
2707 2420
3681 8412
9568 4527
604 9185
1046 8888
1143 4105
6341 206
8081 671
8594 7538
6001 1641
8369 3923
3758 8276
6604 4782
5793 7856
3076 5442
7914 4366
711 1264
3018 3920
7263 7113
7924 8433
5448 5192
2775 698
7630 1384
6915 3508
8309 9132
335 2624
7308 7889
3451 6481
9596 2549
3873 8347
3316 7970
3452 4114
6605 2426
6698 1876
7979 1810
2938 5181
1357 4477
3095 8061
1212 3290
8332 1384
9808 8985
7065 9102
4720 331
5896 8654
4850 6749
1844 6735
2324 8002
8884 4773
6110 2117
8190 9140
9726 2023
3644 8396
125 2505
1907 7693
4886 9094
6307 6640
4032 6756
8214 4679
7214 4849
7729 1425
4912 8323
9464 6856
9734 1229
3087 9486
4593 3486
7910 4152
1857 2374
9765 4035
9951 2081
9031 4813
1962 7658
1658 4769
7823 8802
2678 3004
6567 2386
1131 4022
7592 7807
4034 3179
4451 1288
3812 1691
44 9656
1008 6068
4984 4291
1464 8422
2337 8751
2641 7440
7180 4468
9901 7423
2490 8602
5116 5014
5094 5797
6180 8009
2477 476
9532 5046
5632 2124
3889 9840
2140 7469
759 714
6130 7500
3996 7321
3073 3191
8670 3217
6558 8808
4390 3340
1346 1695
9975 9988
8489 9524
6101 1812
7056 4419
6668 6729
8557 6011
7132 1631
7852 9914
6642 4942
9683 9488
2506 8239
2122 3323
1165 1368
5570 2950
9494 209
794 3253
1910 9190
7290 4053
4434 3666
5926 8337
8788 2408
116 6911
5944 727
6472 228
5005 4655
2772 9795
6064 2148
292 1280
3034 3713
9031 2102
7575 3793
3177 9000
6449 5573
9110 7006
9593 5518
8385 5865
2944 3288
5013 1778
7032 4539
7290 6467
5343 141
948 5253
6649 9631
1884 2944
3776 1978
9625 746
5743 1232
323 6340
6902 6798
3708 5605
1741 6657
1231 2593
7037 4033
1270 2395
4336 5789
8665 6981
555 1771
44 5551
443 8812
7918 8612
4000 881
6076 4204
8510 6631
6127 7793
1860 8979
1861 702
1529 70
4558 9923
5578 1832
9200 4104
2749 4700
1707 7484
315 396
7864 6507
2118 3582
1031 7746
6386 156
7236 1016
9192 4217
9042 4258
3000 7546
3984 1164
2311 2330
2536 4557
6267 6678
500 4677
9614 6152
8325 327
8649 9766
6068 2268
6709 9253
8200 1799
4650 3356
7518 3056
1773 9502
6105 3253
6247 9033
22 3583
6695 233
8976 682
9862 309
5439 2396
9231 5978
6168 1292
362 5107
8686 9654
239 7153
6300 9367
1089 6933
8804 1004
605 1490
2551 8232
418 9534
3380 6547
3204 5714
3769 6010
2457 7689
6059 9339
845 857
5169 2988
5673 3972
9367 3841
282 872
5501 3267
6025 8795
3555 9560
2681 8963
6293 1333
2204 2368
8274 6717
6293 5388
4555 2863
3715 5621
1184 4246
7347 9258
5712 4994
7846 5219
7715 126
9211 8605
1182 1695
1155 2336
3647 5315
6294 4086
7891 6655
3543 1841
3186 8925
7728 5353
2457 5300
6468 194
71 4608
3920 8756
6902 9135
6786 6911
2018 9614
2543 2141
5331 8056
6424 5891
2031 6757
331 5338
551 5704
4952 598
7972 843
4711 3513
8117 2742
2489 6290
641 8616
3357 2081
6281 7887
2862 6162
9205 4342
2810 8775
3252 949
8366 6767
4791 6877
799 2342
6980 1402
3766 448
8197 8775
4006 4692
5481 6873
2599 395
6926 9199
3385 9779
4160 6607
2041 5337
1997 5698
3373 198
4944 265
9738 7155
3798 3798
356 1966
6018 3241
5862 9053
8187 7640
8478 1972
130 3425
2793 9738
7258 5083
357 888
5961 4997
2779 9833
2374 2090
6902 653
4958 1002
1851 8723
5745 4459
7864 3071
7906 1503
5661 5699
3469 3085
6838 7376
2151 8086
5383 4708
4220 4404
6228 4912
732 5854
9213 7530
561 7789
3411 7514
803 7997
6185 2139
4219 2146
9086 3987
3497 3958
2051 6293
7131 701
170 5144
2346 8459
9751 3656
4987 3546
9171 8126
6506 7456
8483 591
7267 7660
6763 7279
5777 8630
940 3318
5880 9286
574 1888
4400 9956
5520 9808
5824 404
2139 1859
535 5032
857 2174
540 5394
3841 4569
3518 6118
8880 4121
9057 814
1204 6166
6427 3132
4903 5317
8463 9118
9476 8972
3437 7632
5721 6689
8633 7614
5252 420
5534 5910
8074 790
1921 1740
2429 9237
1504 3984
3469 230
783 3827
1005 3746
5530 4278
8011 9347
2287 8235
8506 3155
2839 7168
7352 7583
47 4576
5008 1816
4414 2098
587 6287
3951 1300
1459 6814
6768 5865
3549 4371
4352 4043
6969 2421
5169 5599
2029 8533
5778 2153
9501 3927
1253 7251
5017 1518
9845 8567
7941 3960
7142 8468
1905 1988
1773 4747
8620 7837
6050 3945
3979 1675
6678 6060
6316 9408
2005 4543
3841 7655
6488 282
1024 6420
3557 6922
5556 339
4970 8844
2176 6161
1679 277
1005 6428
979 4602
3162 4323
9894 7911
7498 8564
9855 9813
6479 8797
2303 1463
8322 2154
6644 3234
683 4160
1945 633
5573 4584
595 5387
1952 4157
7055 8609
3504 6956
7282 1347
220 3374
2110 2748
4094 7179
2911 1746
8790 4338
1807 5581
9132 6311
9588 9784
4805 2185
3395 1365
5883 7512
8373 2411
6707 7332
7507 4131
1885 4523
9285 6252
9990 7132
9287 7297
3364 3963
9 8004
2553 6947
6433 1378
6911 5702
9753 2602
6614 2457
8601 1232
7745 4260
8665 3961
4714 5912
5569 704
6325 4012
2374 8738
9002 1133
9772 8880
7377 3584
3813 9640
7851 1227
4086 8815
2266 1542
4713 9960
8259 6575
3643 3396
2942 1498
8738 3432
3593 7074
7511 7886
3096 295
4723 947
9553 5017
9581 8696
9219 6125
4546 1580
9991 7458
1066 7703
2330 2590
6401 5888
3720 5779
8696 223
8583 3138
8773 3195
4620 8984
9215 9343
8557 2115
4900 7075
2887 8494
3190 8595
8503 5899
2717 5898
9154 1744
2242 5126
3006 1196
7659 5693
260 6899
8438 6559
8256 5319
7604 5925
8006 5183
8571 8029
4876 7690
9160 3243
7249 6738
9306 9174
8958 89
3294 6736
7651 5676
1191 6367
7773 8905
8154 5199
7076 6951
5741 334
7744 7851
7725 7136
8304 7324
