800 27 400 6 1211
18 21 18 5 68 6 11 15 80 9 5 41 1 2 20 122 17 40 63 60 44 5 24 47 19 11 28
6657 7172 8742 9257
1344 1696 3260 3612
9191 9654 4021 4484
9106 10000 3278 4452
5423 5496 812 885
4748 5946 4473 5671
4178 5361 2353 3536
3958 4994 4186 5222
5852 6668 8829 9645
8288 8675 1308 1695
6022 6447 6660 7085
328 1120 4557 5349
9305 9913 2681 3289
5302 5473 9815 9986
9740 10000 2720 3916
9652 10000 1644 2175
4436 5210 4709 5483
8605 9535 1997 2927
4353 4454 5108 5209
8447 8891 6916 7360
7798 8373 704 1279
4325 4548 4509 4732
1200 1688 2354 2842
1555 1823 4937 5205
4788 4810 4195 4217
9840 9861 9031 9052
2025 2838 3256 4069
8125 9068 5521 6464
1436 2329 4729 5622
3379 4498 754 1873
6616 7326 8567 9277
5768 5962 7484 7678
8780 9026 3560 3806
9063 9158 1711 1806
3588 4377 9363 10000
6746 7838 3404 4496
6533 6595 3786 3848
7664 8859 6701 7896
1200 1563 4589 4952
8198 8274 466 542
91 851 9354 10000
3060 4141 0 908
9291 10000 4841 5606
3367 3432 4292 4357
9400 10000 5249 6118
9634 9776 6894 7036
3907 4602 0 622
3479 4516 2961 3998
4714 5765 8308 9359
6153 6987 2965 3799
6827 6897 2115 2185
4793 5102 348 657
5185 5279 5121 5215
1576 1892 4384 4700
0 76 5986 6267
2553 2900 6864 7211
3182 4388 2936 4142
4124 4932 4964 5772
4831 5969 8973 10000
610 1548 7984 8922
8000 8054 3183 3237
2866 3162 3213 3509
6052 6950 2797 3695
3907 4126 4379 4598
9416 9775 5229 5588
1332 2174 9332 10000
0 902 876 1834
4672 5816 9763 10000
2326 2338 9037 9049
998 2041 0 717
1047 2039 4764 5756
1455 2148 2535 3228
9603 10000 5187 5596
8141 9042 166 1067
4036 4968 4444 5376
3435 4008 2186 2759
2887 2904 5787 5804
4298 4379 9092 9173
9851 9892 4804 4845
9645 10000 6507 6873
8638 9320 8557 9239
0 606 5936 6622
2702 3286 3611 4195
964 1643 0 449
914 2121 2196 3403
3725 4370 785 1430
7734 8834 4815 5915
4951 5324 6483 6856
1232 1955 7632 8355
755 1240 7771 8256
3140 3348 7511 7719
1759 2908 943 2092
2953 3348 2745 3140
4966 5920 5652 6606
578 1516 496 1434
2694 3188 2382 2876
9464 10000 214 998
7880 9087 3516 4723
2982 3759 5250 6027
2963 3546 6977 7560
8821 9673 6114 6966
2263 3430 2910 4077
8698 9335 4668 5305
6664 7808 0 1101
0 471 5069 5619
9244 9414 2497 2667
8440 8468 1949 1977
8391 8875 7857 8341
8466 8765 5479 5778
6884 7672 8899 9687
5828 6038 4685 4895
3510 3876 6980 7346
7905 8023 26 144
3951 4330 6322 6701
5826 6732 2235 3141
2921 3788 5237 6104
5491 6357 6349 7215
331 453 3331 3453
6701 7102 6331 6732
3727 4156 3364 3793
3280 4222 7692 8634
7689 8431 677 1419
7449 8092 6692 7335
1366 1628 2341 2603
6924 7105 8104 8285
9771 9859 1113 1201
3345 4161 1846 2662
7552 7574 4815 4837
9018 9378 5810 6170
4162 4691 5397 5926
5075 5544 1874 2343
9380 10000 3140 3923
3230 3439 4237 4446
3359 3878 4462 4981
2864 3208 0 194
2151 2929 3237 4015
2202 2328 3097 3223
2630 3685 5144 6199
9725 9730 1671 1676
4389 5430 3968 5009
7728 8226 3328 3826
316 1522 4658 5864
7259 7363 3427 3531
572 1731 384 1543
7415 7964 6912 7461
7259 7907 9198 9846
8240 8882 2210 2852
3261 4378 6283 7400
2968 4131 0 1003
1577 2290 3045 3758
3599 4341 1005 1747
8477 8868 2202 2593
4242 4316 4088 4162
8539 8561 707 729
8740 9336 5482 6078
399 1312 2700 3613
5404 5769 0 343
3190 3842 5978 6630
4152 4320 376 544
3183 4260 3049 4126
0 1082 3704 4862
6255 7209 2974 3928
4334 5422 5947 7035
2425 2613 525 713
6410 7550 0 565
2080 3126 0 871
8729 9611 6669 7551
1416 2501 6504 7589
7994 8574 3812 4392
3270 3552 236 518
7679 7962 7510 7793
76 78 4826 4828
1361 1772 2624 3035
6392 7168 1574 2350
6642 6929 7520 7807
4858 5565 5749 6456
8375 8506 5002 5133
3111 3678 3245 3812
9218 9391 7237 7410
0 444 1469 2618
4192 4975 7334 8117
6680 7337 2063 2720
1906 1971 3657 3722
4755 5022 3780 4047
3198 3575 3628 4005
7484 7909 1587 2012
839 1583 635 1379
3969 5058 5986 7075
4775 4819 5008 5052
2307 3226 1256 2175
7337 7845 1589 2097
2190 2284 9834 9928
7376 8358 7732 8714
181 1290 6714 7823
2031 2616 6439 7024
5594 6628 5684 6718
7151 7235 5040 5124
7020 7524 6254 6758
3957 4078 7688 7809
7248 7342 1194 1288
4393 4918 4529 5054
3326 4047 2038 2759
3722 3950 7580 7808
3000 3460 4428 4888
4166 4993 4558 5385
5846 6307 4306 4767
2277 3406 881 2010
8181 8371 7401 7591
4342 5356 1505 2519
6709 7477 4841 5609
8497 9539 4840 5882
3117 4027 1834 2744
1011 1886 5219 6094
1998 3006 8182 9190
766 1930 9025 10000
8566 8753 5543 5730
9298 9570 9699 9971
8296 8727 1274 1705
3583 3893 1922 2232
6216 6611 239 634
4727 5558 5690 6521
7734 8241 1557 2064
8333 9505 400 1572
6361 6721 2277 2637
320 956 9007 9643
8437 8781 1352 1696
2473 3575 3492 4594
1527 1764 4096 4333
5142 5213 4113 4184
5654 5800 5974 6120
9 224 2474 2689
1312 2015 5870 6573
5963 7036 6752 7825
1023 2140 3092 4209
3400 3771 7275 7646
976 2166 4451 5641
6761 6997 5842 6078
1051 1086 2556 2591
595 1640 1998 3043
802 1323 5774 6295
5721 6585 5134 5998
8443 8946 1847 2350
3467 4583 5108 6224
2388 2720 3158 3490
905 1511 5991 6597
3985 5066 0 656
4151 4973 7140 7962
7924 8684 6285 7045
8106 8249 7760 7903
948 1045 3796 3893
2635 3845 169 1379
7451 8431 2788 3768
2207 2783 7532 8108
3529 3690 3788 3949
5510 6096 1042 1628
309 651 852 1194
288 1011 7506 8229
101 1122 7561 8582
9458 9859 8875 9276
5938 6068 2935 3065
6089 6790 2519 3220
8655 9389 5018 5752
2082 2472 4975 5365
4151 4187 1418 1454
2935 3258 9175 9498
8855 9309 71 525
9006 9245 9546 9785
2787 3349 9544 10000
1720 2423 7194 7897
0 601 7438 8526
8959 9448 3275 3764
1219 1987 8841 9609
3409 3815 7437 7843
8818 9767 7624 8573
5382 6009 3289 3916
7584 7737 7136 7289
7675 8831 0 1047
6829 6876 1755 1802
1681 2649 9010 9978
7251 7623 3173 3545
6376 6607 3435 3666
4794 5637 8913 9756
2317 2860 2021 2564
4420 4561 7804 7945
361 496 7036 7171
4167 5335 936 2104
6920 7810 4506 5396
4153 5353 982 2182
8183 9119 8125 9061
7580 7762 668 850
5290 6270 922 1902
648 1713 7048 8113
7401 7976 8827 9402
1798 2899 2052 3153
9587 9810 1962 2185
6606 7692 351 1437
9145 9373 2223 2451
2986 4150 2335 3499
9221 9298 5954 6031
7529 7873 6578 6922
7808 8854 9142 10000
1679 2732 2085 3138
7107 7750 1678 2321
4488 5378 494 1384
7989 8287 4110 4408
4116 5285 7068 8237
4857 5986 1441 2570
7690 7871 4907 5088
6225 6801 8398 8974
7008 7028 9847 9867
3410 4407 6269 7266
5031 5437 4794 5200
8554 9101 2687 3234
4050 5249 4874 6073
7516 7664 8671 8819
603 1493 2947 3837
2333 3156 7960 8783
1088 2259 1557 2728
9717 10000 2112 2496
563 1206 7497 8140
3848 4479 5656 6287
2120 2381 7623 7884
6705 7450 6415 7160
2269 3078 1180 1989
2110 3273 7187 8350
1736 2191 2529 2984
5902 6078 5088 5264
6368 7400 8380 9412
5936 6033 4167 4264
2076 2084 864 872
9735 10000 6480 6805
3481 3618 6178 6315
3366 4020 3635 4289
2078 2362 7428 7712
3576 3691 4724 4839
6085 6806 7961 8682
4400 4715 4438 4753
4304 4873 2884 3453
246 1019 3284 4057
554 1325 2552 3323
2174 3287 7962 9075
7197 8250 4210 5263
7997 8715 1671 2389
5448 5647 1527 1726
478 1334 2399 3255
1641 1808 4473 4640
7983 8991 8725 9733
4853 5335 8276 8758
9737 10000 3654 4615
0 288 4653 4991
8680 8799 5814 5933
9740 9947 1465 1672
487 1691 0 408
9173 9230 3398 3455
2478 2844 9015 9381
662 761 7741 7840
2245 3311 6468 7534
4532 5147 5559 6174
1310 1942 3141 3773
1864 2485 7307 7928
7789 8943 6927 8081
8537 9588 2646 3697
8702 9002 0 63
6314 7315 3926 4927
3089 3787 7081 7779
9167 9964 360 1157
8200 8220 2832 2852
8059 8530 6882 7353
4225 4444 7521 7740
6252 6808 8371 8927
8216 9326 4747 5857
8407 8979 8650 9222
771 1101 6438 6768
2878 2976 6836 6934
3066 3094 6377 6405
5471 5688 5134 5351
4009 4523 8849 9363
4871 5643 9101 9873
5046 5694 7760 8408
6520 7353 5982 6815
7943 8213 5848 6118
73 1193 6796 7916
3621 3943 2938 3260
8976 10000 2302 3352
6438 7487 5394 6443
3418 3635 499 716
1918 2732 265 1079
2819 3673 9555 10000
7317 7795 5156 5634
2604 3764 2736 3896
6041 6681 4651 5291
5484 5761 3823 4100
3924 4644 1557 2277
2364 2744 345 725
3952 4648 5191 5887
1051 1205 8846 9000
640 1773 1213 2346
1265 1370 5206 5311
49 662 5060 5673
9337 10000 9165 9834
414 1182 9205 9973
5259 6236 1418 2395
6083 6168 8683 8768
4212 4259 561 608
9479 10000 2157 3212
1782 2941 8798 9957
3709 3914 6443 6648
8329 8992 9568 10000
7686 8617 1408 2339
7365 7980 6302 6917
8703 9691 6324 7312
3951 4931 4624 5604
2417 3081 5078 5742
7064 7241 8059 8236
5386 6303 294 1211
1628 2763 1376 2511
2428 2553 4187 4312
7702 7865 9595 9758
8194 8798 8878 9482
3757 4196 6534 6973
4347 4852 2976 3481
7587 8470 0 725
3632 4354 793 1515
2604 2903 911 1210
8290 8351 4 65
727 1923 8641 9837
0 775 8023 8890
5190 6221 5520 6551
3670 4512 8523 9365
5534 5980 2132 2578
813 1353 5858 6398
1180 1329 8675 8824
3953 4766 9608 10000
6089 6712 4067 4690
901 1765 6560 7424
0 923 7616 8647
3374 4051 4612 5289
8471 9262 1073 1864
1548 1548 8451 8451
123 1120 5428 6425
1335 2160 9295 10000
2176 2428 5949 6201
6279 7381 8949 10000
8200 9188 0 657
484 623 1539 1678
9041 9539 755 1253
8607 9186 261 840
8771 9342 4154 4725
169 1236 8527 9594
9183 9524 1726 2067
1402 1405 6868 6871
421 513 4518 4610
0 210 6550 7431
2191 2891 8624 9324
528 652 456 580
6030 6578 8743 9291
917 1049 5752 5884
2606 2693 1695 1782
2075 2535 4075 4535
4742 5042 5796 6096
1843 2404 726 1287
7959 8750 6336 7127
8162 8703 7770 8311
3862 4790 1636 2564
8961 9168 6773 6980
7817 8230 3759 4172
2308 2825 7108 7625
5508 6418 825 1735
2373 3233 2755 3615
9200 9238 3900 3938
5014 6058 7528 8572
6663 6814 3160 3311
9694 9777 3215 3298
1812 2246 5208 5642
79 867 3207 3995
1565 2376 179 990
9475 9799 9177 9501
2824 3480 8894 9550
8837 10000 7446 8639
729 974 508 753
4302 4589 8939 9226
2597 2776 9484 9663
4985 5123 8672 8810
5504 5994 5290 5780
5813 5982 8177 8346
4039 4136 9598 9695
986 1741 524 1279
8229 9166 1210 2147
3812 5000 825 2013
8681 9479 737 1535
4637 5452 6379 7194
648 1081 8713 9146
2205 2400 54 249
942 956 1342 1356
3436 3793 5143 5500
981 2143 5489 6651
7845 8046 1707 1908
4189 4821 4548 5180
4388 4938 3311 3861
5391 5799 3723 4131
1595 2368 4099 4872
3783 4005 4634 4856
2449 2705 6720 6976
573 1718 2969 4114
3741 4131 7140 7530
4459 5101 1231 1873
7212 8402 1704 2894
2251 2690 0 417
6401 6587 7637 7823
4994 5117 1485 1608
5624 6114 86 576
4286 4395 2073 2182
9047 9290 3755 3998
8576 9008 9576 10000
6643 7510 2455 3322
1913 2717 7554 8358
9094 9668 3455 4029
7664 8455 3510 4301
6866 7168 7599 7901
4797 5375 820 1398
9117 9233 2241 2357
4240 4948 3398 4106
2595 3481 8614 9500
1486 1814 212 540
4606 5407 1879 2680
0 739 7091 7853
1212 2304 971 2063
5868 6676 4710 5518
3566 4168 507 1109
5083 6021 3313 4251
0 220 4360 5444
2626 2947 6317 6638
768 1145 9392 9769
2581 3600 8820 9839
4141 4227 2090 2176
8176 8787 4329 4940
5896 6953 4686 5743
1857 2012 6509 6664
8026 9222 1156 2352
1871 1925 6695 6749
8089 8815 1936 2662
956 1157 1277 1478
5456 6547 8118 9209
211 897 678 1364
601 1621 688 1708
5461 6039 0 471
2241 3143 6045 6947
7278 7474 4026 4222
7825 7994 810 979
6154 7332 8198 9376
0 602 925 1940
1692 1830 1085 1223
3809 4932 373 1496
3713 3828 6575 6690
9635 9787 4414 4566
7448 8293 4131 4976
3032 3898 7984 8850
9128 10000 753 1899
3312 4498 3566 4752
3986 4356 1711 2081
7719 8461 5422 6164
4429 5313 9448 10000
8523 8701 4037 4215
8980 9768 6338 7126
2385 2781 7103 7499
7275 8448 6117 7290
5689 5729 5623 5663
2969 3517 6954 7502
6128 6218 9248 9338
2669 2951 1455 1737
3865 4389 7095 7619
2967 2974 5878 5885
3197 3423 3227 3453
2549 3192 6797 7440
8720 9110 294 684
1791 1841 6365 6415
0 504 2576 3390
7969 9045 8957 10000
4339 5056 1709 2426
4417 5007 8143 8733
8357 9476 4780 5899
2522 3705 2923 4106
1465 2600 2181 3316
6719 7818 291 1390
4486 4749 6069 6332
3227 4151 5057 5981
6873 7172 1588 1887
1742 2231 6872 7361
1384 2276 1764 2656
4065 4342 7601 7878
1028 2041 1955 2968
4138 5237 8324 9423
6761 7387 8649 9275
951 1361 3942 4352
0 319 6327 7158
3272 4065 2680 3473
6184 7022 6933 7771
2346 2946 2225 2825
6382 7549 333 1500
7242 7553 1459 1770
8117 8784 4172 4839
5683 5862 5643 5822
6621 7593 5462 6434
465 470 3910 3915
174 703 4583 5112
4565 5605 560 1600
6074 6864 3037 3827
8994 9526 467 999
4327 5130 1234 2037
6599 7211 7193 7805
7982 8051 5214 5283
1345 2257 6275 7187
0 244 0 617
5193 5981 8617 9405
6462 7009 1950 2497
2599 3365 1289 2055
841 1050 1634 1843
293 1035 5838 6580
0 951 2180 3231
6864 7023 3250 3409
3398 3580 4136 4318
4841 5780 5951 6890
2001 2659 1032 1690
2413 3137 9043 9767
2139 2953 5657 6471
8421 9298 7914 8791
6754 7160 7248 7654
1816 2610 876 1670
4216 4806 4399 4989
6528 6708 1844 2024
1260 1270 4365 4375
4068 5070 0 947
8438 8902 5108 5572
2867 3705 1757 2595
0 259 4407 5471
7273 7439 4428 4594
2914 3719 6046 6851
2439 3614 3569 4744
139 912 8311 9084
8158 9285 6252 7379
6840 7587 6392 7139
3425 4075 1775 2425
5984 6575 7813 8404
3138 3908 5346 6116
5634 6140 6685 7191
9896 10000 6978 7212
7869 9008 659 1798
9676 10000 1815 2782
9371 10000 6742 7749
6850 7135 4744 5029
4163 5359 0 825
4570 4731 7802 7963
1191 1408 5024 5241
6773 6867 5816 5910
9647 10000 7347 8276
1285 1704 852 1271
8564 8916 4412 4764
8161 8888 6608 7335
8370 8532 3562 3724
7144 7293 159 308
5192 5232 3853 3893
4745 5865 773 1893
3614 3664 1595 1645
3483 4624 7744 8885
198 1366 1670 2838
74 124 5189 5239
8592 9001 8205 8614
6307 6338 6234 6265
4676 4979 1736 2039
2043 3010 2823 3790
1259 1849 0 331
1026 1448 3896 4318
4738 5070 0 300
2056 2522 3376 3842
780 1157 1910 2287
1953 2187 7799 8033
0 770 7212 8243
7239 8163 5269 6193
104 849 3760 4505
38 1128 5488 6578
8682 8933 5240 5491
8522 8624 5293 5395
6649 7100 8188 8639
2939 3675 672 1408
7749 8713 672 1636
9774 10000 9244 10000
7639 8345 2654 3360
7966 8029 5500 5563
7006 7935 4607 5536
7542 8181 4447 5086
2734 3357 4662 5285
8134 8483 3581 3930
8493 9482 1487 2476
429 1268 0 777
3758 3824 3927 3993
4026 4698 2205 2877
0 417 1566 2322
933 1320 5053 5440
4598 5401 7185 7988
6495 7333 2613 3451
5638 6128 7183 7673
930 1761 4468 5299
3380 4529 1374 2523
7771 7959 9698 9886
7705 7975 7719 7989
5063 5132 9953 10000
1837 2352 5912 6427
4197 5396 3020 4219
6678 6868 1005 1195
5749 6128 2036 2415
1002 1809 1708 2515
9445 10000 8523 9118
8913 9547 3067 3701
4405 5558 6314 7467
2633 3281 5272 5920
1324 2224 5461 6361
5687 6683 7443 8439
4455 5156 3749 4450
5108 5526 224 642
2021 2384 3931 4294
7275 8452 3678 4855
770 1631 4494 5355
476 1157 2401 3082
8842 9219 2742 3119
7644 7839 4122 4317
752 843 8108 8199
5402 5877 8611 9086
831 1358 2787 3314
5393 5854 4438 4899
8922 9075 7318 7471
3901 4645 4871 5615
4367 4815 9185 9633
8292 8511 9663 9882
183 485 3203 3505
2732 3231 8180 8679
5395 6381 2805 3791
4494 5004 8161 8671
0 290 1688 2222
0 542 8943 9736
7527 8207 1605 2285
8603 9138 5454 5989
8409 9054 5091 5736
8610 9655 6250 7295
3815 3975 8615 8775
4724 5573 9716 10000
6400 7251 2286 3137
7490 7731 3114 3355
3497 4008 7088 7599
715 1771 1827 2883
9835 10000 83 352
4632 5800 2473 3641
5321 6484 3478 4641
5529 6446 2128 3045
2848 3568 2013 2733
2950 3922 2103 3075
552 1351 5369 6168
5830 6049 8823 9042
841 1267 7384 7810
1747 2098 1177 1528
5672 6222 2629 3179
6521 6891 6559 6929
7401 7816 7612 8027
4969 5189 1771 1991
219 811 855 1447
3936 3978 4537 4579
4608 5266 1671 2329
4661 5275 0 479
8137 8761 3870 4494
5500 6046 5864 6410
8011 8648 8483 9120
2785 3530 9114 9859
7392 7745 9446 9799
1619 2789 8929 10000
1254 1844 3787 4377
7584 8668 9578 10000
1886 2188 407 709
2567 3417 8337 9187
7140 7835 7553 8248
7305 7875 8046 8616
514 736 9596 9818
5432 6063 0 592
2151 2650 0 381
3366 4036 3979 4649
7605 7905 5621 5921
9731 10000 4377 4657
9231 9439 1126 1334
4117 4723 5528 6134
7506 7659 1433 1586
8975 9655 1011 1691
5538 6744 3624 4830
3500 4589 6326 7415
893 1030 3968 4105
4871 4984 1292 1405
9387 10000 0 647
2446 3495 6381 7430
4676 5414 444 1182
6546 7009 4681 5144
0 1068 5861 7010
9131 10000 3071 4030
6815 7375 1205 1765
7035 9006
1533 3370
9509 4305
9369 3901
5447 831
5234 5597
5247 3420
4234 4943
6657 9050
8437 1553
6085 6771
467 5270
9603 3107
5407 9871
9794 2946
9921 2001
5127 5184
8853 2762
4405 5174
8762 7069
8335 844
4498 4662
1508 2547
1798 5068
4792 4201
9861 9039
2309 3695
8946 5856
2056 4813
3420 756
7079 8870
5916 7585
8852 3587
9114 1774
4010 9542
7419 3582
6539 3837
8713 7037
1407 4712
8235 481
605 9663
3985 152
9291 5409
3408 4299
9610 5954
9646 7011
4491 489
3939 3758
5705 8993
6648 3620
6853 2181
5036 352
5205 5205
1861 4388
19 6039
2767 7054
3598 2971
4871 5355
5744 8993
723 8562
8038 3184
2894 3388
6121 3389
4061 4384
9471 5302
1437 9846
48 1413
5178 9786
2332 9045
1593 663
1780 5154
2120 3051
9960 5395
8198 742
4734 4599
3467 2650
2902 5796
4313 9152
9862 4824
9902 6806
8800 9070
131 6508
2968 4044
1018 353
1462 2854
4258 1276
8058 5358
5266 6556
1566 8333
945 8144
3338 7636
2635 978
3122 2993
5793 6124
775 856
2821 2700
9712 436
8492 4321
3493 5738
3358 7417
8885 6489
3103 3599
9194 5153
6764 73
17 5322
9332 2583
8460 1963
8684 8056
8570 5594
7160 9050
6004 4801
3842 7088
7953 126
4268 6691
6427 2619
3118 5557
5797 6669
377 3448
6983 6478
4147 3507
4166 8413
8344 722
7690 7130
1519 2374
6979 8266
9849 1159
3594 1943
7567 4827
9034 6110
4363 5863
5488 1985
9657 3621
3341 4387
3839 4584
3098 91
2170 3802
2234 3216
3194 6090
9730 1671
5032 4481
7849 3502
1116 5563
7279 3501
1576 1533
7453 7259
7752 9705
8823 2276
4333 7071
3112 844
2095 3673
3899 1503
8615 2448
4277 4099
8546 712
9332 5700
592 2714
5553 93
3729 6334
4206 392
3557 3683
880 3727
7118 3293
4934 5997
2497 656
7101 274
2854 653
8788 6679
1591 6917
8149 4377
3509 496
7724 7616
77 4827
1429 2968
7147 1820
6784 7655
5349 6059
8475 5031
3143 3609
9347 7300
433 2516
4529 7798
6723 2584
1941 3701
5022 3927
3299 3730
7677 1988
1268 641
4543 6648
4803 5015
2423 1419
7697 1869
2249 9928
8245 8638
643 6873
2498 6497
6384 6511
7225 5102
7382 6264
4000 7779
7311 1254
4698 4877
3933 2614
3776 7686
3348 4759
4965 4675
6043 4413
3161 1592
8237 7485
4556 1930
6934 5181
8606 5101
3526 1886
1585 6056
2688 8671
1253 9092
8696 5721
9442 9712
8403 1496
3699 1963
6494 241
5507 5936
7879 1872
8552 417
6371 2508
545 9534
8477 1525
3072 4310
1594 4269
5169 4166
5757 6052
185 2612
1780 6406
6876 7266
2108 3905
3462 7277
1700 5583
6820 5973
1078 2572
1282 2288
1020 5798
5839 5859
8490 2010
3777 5478
2624 3229
1336 6536
4182 295
4574 7626
7982 6516
8169 7877
1004 3808
2887 1136
7608 3671
2654 7902
3635 3871
5793 1296
428 858
420 8165
462 8214
9767 9148
5996 3050
6357 2581
9154 5228
2157 5245
4169 1420
2957 9298
9094 374
9052 9729
3298 9553
2251 7682
93 7682
9303 3516
1258 9467
3485 7450
9028 8175
5545 3296
7656 7184
8343 805
6840 1761
1943 9645
7252 3408
6554 3614
4973 9075
2856 2151
4505 7857
452 7068
4689 1396
7303 4896
5200 1682
8434 8658
7636 832
5714 1899
790 7810
7583 9308
2612 2430
9605 2120
6713 764
9371 2400
3767 2502
9287 6029
7813 6620
7825 9411
2496 2496
7732 2116
4793 822
8230 4280
5182 7625
5917 1589
7753 5011
6726 8666
7028 9851
4198 6916
5110 5189
8856 2745
4504 5482
7575 8818
1416 3539
2691 8574
1309 2108
9719 2483
790 7695
4275 5734
2225 7847
7362 6672
2860 1192
2259 7469
1970 2781
5943 5134
6477 9172
5936 4256
2076 866
9968 6495
3576 6272
3450 3755
2311 7583
3594 4765
6689 8370
4423 4735
4505 3157
661 3398
1223 2801
2518 8921
7395 4884
8121 2377
5525 1583
708 2909
1701 4489
8675 9262
4924 8458
9955 3834
120 4983
8724 5816
9752 1614
1420 391
9226 3415
2746 9294
717 7829
2937 6853
5019 5754
1848 3319
2061 7829
8849 7215
9208 3608
8985 58
6456 4376
3192 7182
9527 488
8219 2843
8220 7125
4255 7732
6578 8854
9213 5809
8970 8679
927 6762
2892 6912
3094 6397
5636 5187
4302 9147
5012 9815
5434 8147
7112 6773
8202 6025
857 7057
3784 2977
9819 2358
7316 6250
3467 642
2558 984
3097 9976
7790 5284
3215 3447
6211 4713
5640 3932
4427 2245
2386 585
4322 5221
1147 8927
1318 2061
1355 5253
559 5609
9384 9662
465 9444
6193 1718
6125 8725
4230 572
9557 2391
1933 9483
3882 6534
8890 9756
8336 1457
7831 6694
8731 6501
4453 5141
2777 5587
7225 8158
6148 1084
1796 1561
2473 4214
7741 9630
8317 9408
4035 6646
4674 3017
7903 702
4286 1338
2762 1207
8306 34
1300 9362
149 8091
5489 5996
4052 8837
5908 2393
1278 6197
1320 8690
4150 9693
6386 4525
1632 6875
51 8066
3983 4700
8769 1320
1548 8451
901 5641
2084 9837
2345 5999
6659 9232
8604 105
530 1603
9402 1236
8795 513
8832 4353
858 9052
9371 1861
1402 6870
500 4579
21 7017
2629 9005
531 565
6475 8959
960 5846
2666 1751
2182 4084
5036 6015
2316 1235
8335 6758
8698 8236
4046 2422
9003 6785
7868 3976
2556 7611
6301 1072
2827 3461
9219 3908
5373 8279
6814 3294
9736 3293
2012 5304
686 3767
1893 788
9596 9454
3375 9009
9120 7823
873 749
4556 9120
2762 9537
5121 8750
5609 5404
5950 8245
4128 9609
1623 709
8978 1713
4141 1029
9294 1353
5300 6770
797 9110
2393 202
954 1349
3665 5419
1523 6238
7994 1869
4764 4629
4657 3458
5475 3972
1627 4761
3833 4783
2583 6723
1143 3958
4086 7477
4461 1243
7236 2393
2567 135
6437 7672
5043 1602
5794 475
4335 2116
9226 3944
8693 9590
7065 2977
1949 8229
9399 3755
7790 4060
7082 7889
4933 1086
9154 2279
4702 3814
2840 8958
1531 468
4891 2147
603 7661
1657 989
6610 5099
3782 928
5526 4116
146 5002
2666 6334
963 9725
3446 9357
4195 2096
8328 4719
6307 5426
1881 6651
8543 1661
1909 6696
8220 1970
1134 1330
5865 8212
810 1290
860 913
5656 363
2860 6481
7347 4097
7845 964
6262 8472
191 1417
1733 1092
4197 918
3766 6644
9741 4510
7850 4958
3106 8226
9863 1544
4153 4534
4147 1879
8266 5924
4894 9717
8617 4193
9544 6412
2599 7468
7907 7211
5716 5625
3466 7249
6135 9318
2821 1467
4370 7451
2972 5882
3334 3387
3129 7280
9101 580
1822 6368
154 3331
8026 9988
4350 2324
4894 8238
8367 4963
3671 2959
2553 2798
7073 467
4670 6303
3758 5344
6927 1685
2037 7272
2120 2444
4202 7723
1680 2163
4800 8470
6767 9153
1166 4122
118 7028
3703 2776
6902 6971
2603 2426
7537 1219
7449 1504
8512 4570
5762 5784
6795 5470
466 3912
694 4664
4721 1081
6236 3213
9115 864
4627 1575
6816 7708
8047 5240
1435 6424
52 471
5689 9320
6560 2020
3178 1659
981 1754
530 6525
678 2655
6868 3311
3433 4201
5347 6281
2279 1237
2708 9589
2249 5791
8553 8664
7112 7430
2428 1582
4802 4967
6626 1885
1270 4373
4410 797
8828 5427
3662 2225
108 4997
7375 4463
3113 6176
2639 4179
472 8544
9182 6474
7580 6399
4002 2286
6559 8334
3756 5918
5999 6848
9976 7044
8583 1334
9677 2508
9735 7716
7059 4981
5175 172
4600 7913
1349 5165
6810 5864
9860 7906
1345 1110
8646 4484
8222 6651
8509 3617
7203 228
5215 3879
5273 1465
3647 1643
4303 8142
1277 2596
99 5199
8610 8455
6332 6260
4898 1899
2396 3273
1450 204
1102 4265
5063 0
2071 3627
900 1953
2113 7923
258 7712
7312 6147
768 3985
630 6161
8813 5285
8588 5389
6839 8635
3626 1152
8295 1048
9940 9765
8017 2788
7990 5521
7760 5147
8014 4573
3162 5089
8363 3892
9437 1607
646 23
3772 3936
4038 2435
42 2169
1210 5364
4682 7282
7282 2746
5880 7335
1450 4659
3707 1853
7950 9840
7900 7901
5125 9985
2191 6346
5248 3034
6787 1057
5874 2139
1366 2128
9765 8641
8996 3391
4911 6556
2744 5541
1428 5655
6462 8350
4714 4068
5517 526
2035 4211
8390 4014
990 5189
675 2640
8883 3033
7738 4240
783 8108
5471 8627
1200 3074
5508 4530
9075 7444
3980 4964
4547 9310
8498 9668
198 3481
3089 8210
5499 3739
4878 8450
278 1773
85 9648
8044 1628
8744 5951
8851 5142
9509 6787
3910 8763
5423 9765
6760 2526
7642 3278
3675 7272
1679 2507
9966 239
5715 3024
6432 3481
5800 2811
3517 2326
3527 3040
955 6157
5986 8857
963 7714
1871 1187
5864 3147
6626 6662
7463 8022
5169 1884
667 1115
3953 4557
4704 2133
4997 135
8753 4492
5587 6100
8298 8768
2835 9351
7610 9735
2384 9763
1689 4143
7928 9729
2106 469
2616 9044
7634 8160
7312 8596
589 9738
5664 436
2250 270
3494 4422
7903 5920
9891 4655
9312 1197
4719 5641
7574 1552
9558 1030
5569 4563
4424 6473
971 4029
4908 1330
9997 593
2552 6843
5031 658
6879 4850
747 6012
9459 3646
7333 1589
