800 40 400 7 874
1 60 110 19 22 6 20 12 3 9 5 8 3 25 67 30 1 4 19 54 10 3 26 4 13 25 7 17 18 5 27 4 6 16 10 22 7 43 4 55
2842 3481 2183 2822
2816 3227 238 649
4694 4961 130 397
8851 9008 4001 4158
6847 7559 4874 5586
5596 6440 1867 2711
3354 4072 1309 2027
160 788 8712 9340
4289 4501 2448 2660
8782 9443 9309 9970
6393 7248 1648 2503
8884 9223 9120 9459
175 785 0 402
2301 2559 7921 8179
0 709 5923 6759
4750 4972 3307 3529
4207 4702 6403 6898
8837 8979 3118 3260
3490 3654 6378 6542
5526 5804 6133 6411
9233 9753 68 588
7825 7967 7806 7948
5528 5618 419 509
6860 6988 7385 7513
3837 4121 2952 3236
1404 1515 8136 8247
8130 8730 1139 1739
1697 2464 0 460
782 901 1609 1728
1856 2681 5774 6599
3365 3610 6995 7240
1759 1902 6705 6848
3671 4235 4292 4856
6412 6681 5869 6138
8209 8638 1652 2081
2314 2944 9104 9734
0 260 4889 5471
2354 2608 8508 8762
6780 7333 6148 6701
2119 2175 4760 4816
8276 8723 1269 1716
8799 9099 9181 9481
7257 7506 8355 8604
9031 9629 9895 10000
1768 2017 7054 7303
8790 8932 2023 2165
7252 7576 793 1117
5946 6278 1541 1873
583 1317 1888 2622
8488 8932 6382 6826
6157 6928 5506 6277
2849 3413 8065 8629
5645 6458 7855 8668
6522 6656 469 603
770 1341 8308 8879
3768 4389 497 1118
4343 5093 1619 2369
8748 9557 1971 2780
6519 6864 8370 8715
575 789 7140 7354
8824 9222 6019 6417
3630 4082 5326 5778
8427 9141 7044 7758
4888 5234 1553 1899
6916 7699 3019 3802
8672 9190 5547 6065
4865 5104 342 581
5410 5638 6341 6569
749 1223 2168 2642
1366 1799 7287 7720
9855 9920 244 309
6137 6497 3558 3918
6364 7162 3989 4787
1738 2072 8784 9118
7219 7495 8372 8648
3567 3669 4155 4257
8295 8945 7044 7694
489 1000 8093 8604
1531 1638 871 978
4273 5147 0 558
5039 5069 9669 9699
5607 5886 5816 6095
1417 1950 6363 6896
9214 9795 5142 5723
1093 1380 1343 1630
8456 8885 9682 10000
888 1252 6457 6821
3858 4658 8629 9429
6109 6321 642 854
2945 3337 5658 6050
6513 7191 2005 2683
5130 5263 4274 4407
9627 9644 6501 6518
1015 1406 2728 3119
2754 3442 3311 3999
7479 8030 4293 4844
6564 6631 4193 4260
6119 6624 7693 8198
4778 5043 7606 7871
7250 7924 7629 8303
7512 7569 7552 7609
8210 8307 7718 7815
9274 9719 8841 9286
6925 7786 0 680
9468 9614 7251 7397
1590 1954 2817 3181
8841 9254 1374 1787
483 1298 6732 7547
9067 9141 3029 3103
9346 9353 4113 4120
177 653 105 581
730 850 6412 6532
8603 9000 842 1239
2345 2552 990 1197
4364 5195 0 458
3856 4621 113 878
1742 2035 9100 9393
1859 2331 7319 7791
4537 4743 5037 5243
1645 2293 6216 6864
9131 9609 3079 3557
5789 6503 2704 3418
8565 9322 5751 6508
6385 7016 9550 10000
5614 5683 2552 2621
1233 1884 637 1288
2138 2774 2156 2792
8669 8681 4006 4018
3125 3868 2731 3474
1039 1100 7812 7873
4905 5741 174 1010
6995 7066 8033 8104
5071 5167 9065 9161
4234 4548 582 896
7307 7991 7197 7881
2326 2562 6565 6801
6774 7363 4607 5196
2575 3368 7521 8314
5504 5921 3525 3942
4873 5150 6950 7227
4895 5113 0 110
92 663 6777 7348
3396 4143 431 1178
3631 3768 1740 1877
100 579 8359 8838
4818 4929 6709 6820
2475 3118 8866 9509
3661 4034 9483 9856
3943 4749 8777 9583
7174 7742 5586 6154
6594 6903 2979 3288
9030 9369 9034 9373
5223 5302 261 340
8846 9590 7507 8251
4206 4431 9812 10000
9571 10000 7863 8421
6513 6640 4441 4568
4978 5256 2187 2465
9599 10000 3119 3638
5893 6383 9615 10000
4451 4455 1902 1906
7684 8428 6403 7147
1231 2012 7408 8189
7203 7579 8856 9232
0 259 7509 8206
3486 4050 160 724
4769 5092 8664 8987
513 863 2468 2818
7635 7836 52 253
4222 4342 5597 5717
8989 9185 6630 6826
3494 4030 1163 1699
4236 5033 4672 5469
9660 9736 6359 6435
7099 7564 8174 8639
8861 9386 6026 6551
7559 7974 1966 2381
1115 1526 6669 7080
8895 8928 9569 9602
3777 4163 4710 5096
3569 4114 6991 7536
7603 7752 0 128
6916 7082 7319 7485
4256 4383 2940 3067
2334 2937 9418 10000
8733 9419 8608 9294
695 1331 6527 7163
6134 6580 7009 7455
1377 1906 2652 3181
0 227 9589 9860
8330 8859 805 1334
8730 9534 3688 4492
9263 9947 3397 4081
5108 5791 2655 3338
6953 7707 6548 7302
8419 8754 0 117
8270 8648 2016 2394
207 245 8490 8528
6169 6796 2947 3574
2020 2370 9556 9906
5177 5761 9586 10000
3493 3617 9544 9668
2508 2543 4883 4918
3518 3779 8330 8591
3861 4692 228 1059
6995 7140 1214 1359
6870 7260 1160 1550
8242 8651 8293 8702
8892 8977 4115 4200
6485 7053 5100 5668
2023 2023 32 32
8687 9128 222 663
4617 5169 1362 1914
4294 4627 4052 4385
5855 6134 330 609
7740 7813 2330 2403
5089 5436 3521 3868
5346 5899 7491 8044
5522 5653 8531 8662
6057 6803 5115 5861
1489 2359 5203 6073
2133 2744 1386 1997
9564 9773 9133 9342
6025 6793 3377 4145
2603 3327 6841 7565
248 471 1012 1235
3666 3702 8876 8912
0 539 8337 9151
8934 8976 8257 8299
7480 8124 1245 1889
4402 5121 7091 7810
0 61 7426 7584
469 1156 453 1140
2731 2853 5631 5753
4960 5118 6686 6844
3694 3779 6470 6555
19 723 4765 5469
5805 6325 3305 3825
513 579 4711 4777
3188 3456 8760 9028
6950 7488 9805 10000
4106 4312 4203 4409
4697 5223 2345 2871
3713 3957 946 1190
2815 2946 3089 3220
145 269 3963 4087
9384 9713 1298 1627
5926 6431 2123 2628
3102 3331 2609 2838
7653 7785 8029 8161
4073 4195 322 444
4086 4688 5270 5872
2927 3754 4734 5561
7374 8133 5765 6524
8594 9450 242 1098
3588 3778 3391 3581
4296 4623 494 821
9277 9966 6653 7342
189 445 9787 10000
9560 9891 6525 6856
7908 8093 6405 6590
7651 8243 7514 8106
7610 7906 8759 9055
2628 3090 5169 5631
3139 3275 8628 8764
9677 9854 7743 7920
2453 2516 9723 9786
3788 3886 8277 8375
3911 4099 8629 8817
7412 8105 6131 6824
4514 5312 9148 9946
8128 8294 3738 3904
9013 9037 8962 8986
279 337 8311 8369
3094 3100 8337 8343
5315 5359 2207 2251
2076 2146 9727 9797
2009 2857 4651 5499
1533 1801 2359 2627
6749 6829 3685 3765
6533 6933 7003 7403
1647 1836 8905 9094
484 1054 5785 6355
5100 5822 1179 1901
2686 3026 5494 5834
0 130 610 874
8110 8367 8210 8467
7267 7746 5674 6153
7516 8165 3431 4080
259 1041 7357 8139
7783 8641 7774 8632
6786 7100 4568 4882
2753 3215 5692 6154
1844 2310 4296 4762
2856 3439 8358 8941
9637 10000 7014 7491
8544 9163 9786 10000
4555 4745 6013 6203
409 1161 9185 9937
5400 5856 6481 6937
5193 5606 668 1081
784 926 2227 2369
2740 3510 3649 4419
7642 8467 6313 7138
4782 5213 7629 8060
3003 3876 6881 7754
3883 4112 0 69
3881 4170 7068 7357
2745 3449 8618 9322
7306 7560 3416 3670
5914 6690 7725 8501
9969 9975 5352 5358
0 154 3158 3348
7998 8567 8057 8626
510 910 3697 4097
1759 2196 9635 10000
7639 8099 1929 2389
1775 1905 1866 1996
3048 3236 2252 2440
2495 2724 9503 9732
2934 3349 0 193
1778 2339 0 156
6704 6821 2518 2635
7351 7956 9386 9991
1396 2258 3073 3935
350 1189 0 289
4793 5468 3550 4225
295 522 6563 6790
4667 5426 3189 3948
5652 6312 2326 2986
6657 7415 7419 8177
0 133 219 606
3395 4143 213 961
4100 4797 9208 9905
8607 9165 8212 8770
6396 7039 2920 3563
7866 7977 5435 5546
946 997 4519 4570
4100 4711 7043 7654
0 325 346 839
2351 2588 7808 8045
6475 6485 6900 6910
1159 1553 3859 4253
8182 8291 8466 8575
2650 3432 8077 8859
9349 9519 1643 1813
8433 9104 7908 8579
7935 7982 6587 6634
6311 6804 9318 9811
4630 5484 880 1734
8427 9138 0 474
0 331 3293 3758
5557 5558 3722 3723
5875 6462 840 1427
3541 3588 6753 6800
7924 8222 2184 2482
7000 7296 8849 9145
3243 3365 9445 9567
870 1352 4735 5217
4078 4657 4877 5456
9010 9439 8061 8490
4121 4600 5668 6147
2449 2539 8616 8706
7172 7500 2538 2866
2381 2407 8279 8305
186 602 1724 2140
7477 7483 6973 6979
9142 9185 825 868
2328 2506 9129 9307
7821 7823 9239 9241
2022 2553 4693 5224
1432 2038 254 860
6197 6239 7881 7923
26 884 906 1764
7236 7703 5223 5690
2878 3264 5628 6014
9065 9361 4183 4479
4530 4594 7428 7492
5181 5887 970 1676
6486 7317 4063 4894
3238 3799 5667 6228
370 440 3835 3905
2839 3458 5260 5879
536 971 5678 6113
4905 5445 7117 7657
7814 7977 8708 8871
8798 9579 6296 7077
6077 6153 285 361
8238 8388 7904 8054
3511 4299 2070 2858
5175 5769 9271 9865
7574 8166 7822 8414
4664 5176 7598 8110
1943 2197 2273 2527
6087 6788 5794 6495
8792 9056 7493 7757
7752 8271 5537 6056
1293 2017 1332 2056
1355 1901 4804 5350
0 280 8829 9537
317 786 2594 3063
5593 5798 8456 8661
1978 2760 5407 6189
3314 3824 5502 6012
4865 5690 567 1392
1457 2149 7203 7895
1610 2448 2478 3316
768 1577 6483 7292
6282 6728 4506 4952
1342 1743 8398 8799
2383 2942 516 1075
3499 3792 7201 7494
9618 9724 1067 1173
8072 8818 1962 2708
5573 6184 4638 5249
7876 8292 1876 2292
0 117 8561 9062
1093 1966 111 984
1943 2288 3980 4325
5159 5235 3225 3301
5874 6173 5306 5605
7647 7919 3439 3711
8883 9270 8758 9145
817 1201 73 457
1662 2256 8472 9066
7268 8009 663 1404
7608 8067 6941 7400
2995 3104 5569 5678
6103 6850 0 697
3008 3153 5396 5541
5100 5470 2027 2397
2473 2730 9725 9982
8007 8718 212 923
5751 6414 6501 7164
1076 1233 0 66
4414 5204 2175 2965
7149 7619 4671 5141
7244 7273 8205 8234
5557 6336 7122 7901
1302 1558 7583 7839
9222 9428 8086 8292
7588 7791 5250 5453
9521 9618 3747 3844
186 1043 6331 7188
0 540 2385 3207
46 437 1045 1436
5870 6310 3165 3605
2511 2852 6332 6673
9090 9831 8832 9573
147 355 7935 8143
4146 4690 5946 6490
7055 7371 3107 3423
1215 1354 6800 6939
7013 7500 9323 9810
3701 4108 6388 6795
8432 9260 5373 6201
1331 2072 9845 10000
7728 8238 1118 1628
6980 7454 7486 7960
3311 3358 206 253
4519 4728 4919 5128
9498 10000 8560 9137
1339 1811 1365 1837
5868 6503 8879 9514
9419 9997 9027 9605
6510 7255 0 175
3372 3966 7825 8419
0 791 1833 2673
0 527 1247 1783
4045 4692 7154 7801
5297 5787 4860 5350
3990 4361 7205 7576
8521 8845 6951 7275
1534 1849 7567 7882
8273 8749 2865 3341
5424 6164 8910 9650
563 1248 2215 2900
8495 8997 427 929
7938 8367 6700 7129
738 1405 9352 10000
9668 10000 4675 5269
7081 7170 3741 3830
0 655 8918 9655
7652 8261 1300 1909
1531 2167 3382 4018
332 975 6267 6910
5884 6491 5793 6400
8657 8939 8246 8528
1872 2375 1240 1743
2476 2758 778 1060
3070 3781 8936 9647
5808 5908 7478 7578
3580 3879 2561 2860
0 327 0 65
9565 9866 6240 6541
7963 8496 8548 9081
1566 1696 3433 3563
8221 9094 0 655
2997 3683 7226 7912
8472 8792 1772 2092
9671 9882 6486 6697
7313 7941 869 1497
5052 5681 5329 5958
7917 8735 8359 9177
3414 4045 5019 5650
3990 4862 7221 8093
7975 8612 4157 4794
5877 6091 2016 2230
9507 10000 63 774
5741 6034 2778 3071
5591 5871 5528 5808
2581 2990 8654 9063
2778 2920 5292 5434
758 1468 6708 7418
6792 7192 4677 5077
3311 3447 8406 8542
1379 1988 7657 8266
2092 2308 2058 2274
3776 4055 3757 4036
9161 9697 1640 2176
3514 4023 4188 4697
7983 8024 4846 4887
5777 5962 8890 9075
9658 9971 996 1309
7430 8027 1099 1696
7350 7575 6100 6325
420 1043 2354 2977
8707 9336 888 1517
1057 1280 2081 2304
1560 1580 3839 3859
3038 3296 25 283
4510 4562 8650 8702
1770 1788 7641 7659
4047 4650 7873 8476
2493 3331 2709 3547
9512 10000 618 1173
6708 6874 1981 2147
6693 7095 5802 6204
9341 9963 4229 4851
8245 8733 8468 8956
204 505 1229 1530
833 1450 0 521
1430 1445 818 833
2475 2875 3747 4147
0 505 9267 9856
162 955 1214 2007
6160 6837 6536 7213
1040 1782 4741 5483
4969 5740 7964 8735
4584 5271 6734 7421
1747 2282 6941 7476
4680 4948 371 639
4079 4743 7134 7798
5199 5815 7876 8492
1169 1775 2720 3326
8925 9299 4824 5198
567 1076 6753 7262
13 690 7784 8461
3602 3645 5981 6024
3729 4594 8623 9488
2526 2699 9309 9482
5662 6032 6724 7094
6598 7197 7843 8442
8006 8069 4111 4174
5415 6188 4618 5391
1611 2333 3139 3861
2159 2640 7344 7825
7647 7697 5091 5141
2193 2381 8257 8445
1870 2323 2442 2895
8958 9536 0 499
8518 9332 2560 3374
4032 4355 3511 3834
2907 3204 4093 4390
4260 4495 6388 6623
4694 5495 4612 5413
535 1309 1650 2424
3546 3708 526 688
8532 9040 3146 3654
9778 9886 174 282
5937 6484 389 936
1668 1988 8528 8848
5148 5921 848 1621
0 499 5863 6571
2192 2691 7297 7796
6851 7610 7769 8528
8061 8343 2810 3092
9849 10000 555 1181
8389 8580 9652 9843
2540 3094 217 771
2804 3346 9451 9993
8786 9397 4946 5557
1837 2458 4705 5326
5599 6193 1088 1682
7171 7660 6041 6530
1077 1861 2459 3243
4434 4836 5430 5832
7244 8052 2974 3782
4320 4770 8616 9066
7973 8466 4187 4680
3070 3484 1365 1779
3540 3667 5236 5363
8831 8927 1854 1950
7132 7332 4756 4956
1309 2067 2894 3652
2462 2717 7004 7259
203 984 8357 9138
4436 4953 1372 1889
7186 7672 6623 7109
5896 6545 6767 7416
3490 3823 1956 2289
6619 7375 6728 7484
5835 6017 7327 7509
2914 3170 4855 5111
6211 6499 5992 6280
6799 6845 2182 2228
6135 6592 9188 9645
3164 3627 2378 2841
9152 9610 9001 9459
8727 8981 9088 9342
8860 8938 949 1027
4767 5081 8964 9278
2089 2164 8431 8506
3449 4231 2589 3371
2251 2464 6593 6806
6420 6547 113 240
697 1315 1346 1964
2940 3155 868 1083
6226 6888 2658 3320
325 380 8480 8535
5192 5424 3766 3998
3433 3899 1775 2241
6633 7040 5002 5409
5757 5976 5623 5842
1810 2420 4817 5427
4500 5353 4234 5087
2779 2784 5627 5632
5409 5517 3280 3388
1049 1207 1004 1162
1803 2309 8771 9277
7343 8123 3259 4039
175 420 1913 2158
7766 8163 7607 8004
7 568 8626 9187
4228 4419 2226 2417
4583 5174 2021 2612
7562 8407 8040 8885
0 515 8738 9366
8293 8424 6185 6316
3919 4073 2343 2497
4725 4930 404 609
5184 5867 4191 4874
952 1492 8164 8704
8602 8900 4669 4967
0 637 218 925
282 560 1562 1840
2671 3069 2898 3296
5613 6412 8713 9512
822 1433 5066 5677
5660 6111 2334 2785
5241 5969 8791 9519
1956 2333 1847 2224
2449 2900 8898 9349
2677 3004 4720 5047
5557 6119 2640 3202
814 1655 8276 9117
6207 6410 2377 2580
9578 9603 656 681
3584 3965 6890 7271
2799 3492 3085 3778
6051 6594 8967 9510
4698 5055 6609 6966
4784 5394 292 902
9461 10000 529 1101
982 1379 4813 5210
7831 8264 3557 3990
6719 7520 4471 5272
696 1176 4969 5449
3958 4136 2110 2288
4358 4641 8066 8349
7918 8255 5137 5474
1483 1836 8664 9017
2422 2651 8294 8523
4362 4558 2694 2890
4312 5019 5352 6059
6664 6947 3512 3795
0 529 7672 8334
8251 8809 6613 7171
3855 4242 5610 5997
2587 3025 7647 8085
8987 9251 2082 2346
5958 6640 2583 3265
3901 4029 386 514
1716 2518 3087 3889
5550 6282 113 845
6423 6992 0 164
1447 2096 8629 9278
4380 5171 539 1330
561 1086 8139 8664
9383 9664 3485 3766
5108 5468 3190 3550
5999 6579 9219 9799
8209 9079 1122 1992
7774 8050 8695 8971
8150 8957 4096 4903
7520 7955 3125 3560
3987 4257 5956 6226
4098 4837 2232 2971
2811 3493 2915 3597
584 1264 0 573
2425 2585 3799 3959
7173 7620 1782 2229
4362 5193 492 1323
7900 7947 2355 2402
3559 4328 1665 2434
5572 5942 8527 8897
1148 1336 6748 6936
6652 7379 2520 3247
8070 8186 5384 5500
6458 7213 4534 5289
8167 8348 6006 6187
5704 6029 5195 5520
8455 8754 4482 4781
9436 10000 2703 3444
9379 9941 4105 4667
966 1761 2455 3250
3893 4297 2672 3076
3200 3517 5318 5635
6358 6781 8551 8974
7481 7621 2376 2516
5347 5351 1794 1798
4485 4781 72 368
1079 1405 7299 7625
9134 9448 3625 3939
6283 7069 2928 3714
5437 5683 8498 8744
5411 6254 2579 3422
9341 10000 4936 5736
8485 8706 110 331
6292 6507 4711 4926
1605 2308 3122 3825
2470 2513 3389 3432
8750 9448 571 1269
6227 6474 7047 7294
0 697 2005 2860
6160 6987 5292 6119
7530 8186 3767 4423
446 1165 3838 4557
7306 7980 3791 4465
7133 7954 8783 9604
8979 9002 3050 3073
7228 7530 7690 7992
7581 8100 22 541
8527 9158 1982 2613
3849 3992 2045 2188
1197 1387 3847 4037
354 1015 1813 2474
8057 8394 7795 8132
6917 7008 2060 2151
2783 3224 777 1218
999 1693 230 924
3153 3839 5500 6186
7943 8188 8275 8520
696 1531 1613 2448
6290 6903 7511 8124
6731 7584 1829 2682
5382 5594 8300 8512
4728 5460 8271 9003
4651 4971 1139 1459
1734 1852 6772 6890
595 746 7528 7679
4755 5233 61 539
6525 6868 6341 6684
0 633 9459 10000
7772 8014 4619 4861
5793 6089 5526 5822
2563 2616 8439 8492
3461 4249 7078 7866
4828 5051 1764 1987
1357 1997 6978 7618
9199 9741 483 1025
9316 9851 780 1315
4083 4258 7946 8121
156 980 1519 2343
5069 5274 8777 8982
5082 5637 5870 6425
7568 8189 4657 5278
9138 9887 4524 5273
2140 2290 509 659
1438 1952 4646 5160
148 1016 6436 7304
8553 8985 2358 2790
8365 9001 3228 3864
9164 9457 5326 5619
7435 7641 4464 4670
6133 6204 1500 1571
3436 3742 9161 9467
9339 9752 187 600
2284 3031 1538 2285
2435 3303 2590 3458
3029 2659
3085 510
4725 256
8871 4070
7027 5075
5690 1951
3902 1957
731 9032
4411 2472
8941 9609
6710 2376
8889 9179
410 51
2315 8115
109 6294
4838 3345
4334 6433
8848 3154
3637 6529
5688 6194
9687 193
7872 7935
5564 431
6938 7449
4119 3063
1486 8214
8181 1331
1737 136
876 1627
2285 5808
3451 7021
1779 6819
4169 4831
6479 5936
8372 1900
2712 9673
142 5341
2409 8622
6874 6191
2128 4780
8626 1319
8904 9423
7350 8508
9533 9956
1887 7172
8839 2064
7572 991
6056 1812
1269 2327
8665 6819
6719 5575
2945 8422
6001 8498
6653 521
1275 8855
3959 900
4577 1695
9101 1991
6561 8448
678 7266
8834 6325
4040 5465
8486 7597
5106 1727
7326 3064
8967 5773
4911 359
5460 6425
1007 2632
1499 7447
9903 309
6483 3882
6993 4393
1875 8975
7456 8613
3609 4178
8851 7371
700 8143
1583 922
4387 338
5064 9674
5825 5954
1674 6855
9695 5463
1312 1597
8529 9733
1197 6788
3963 8778
6319 747
3310 5888
6861 2011
5242 4346
9641 6507
1404 3062
2832 3671
7750 4400
6604 4241
6122 8079
4858 7613
7557 7661
7552 7558
8288 7727
9428 9115
7493 249
9553 7327
1806 3093
8973 1582
803 7536
9134 3070
9352 4114
575 496
737 6480
8659 898
2388 1087
4597 68
4572 523
1875 9361
1981 7585
4555 5047
1786 6597
9524 3424
5789 3377
8789 6280
6757 9887
5624 2584
1319 838
2355 2712
8670 4006
3786 3118
1090 7844
5539 719
7051 8060
5091 9067
4513 835
7922 7873
2547 6788
7164 4848
2778 7578
5519 3681
5061 7219
4901 83
558 6853
3802 1156
3706 1743
143 8714
4861 6805
3037 8987
4029 9809
4388 9095
7244 5845
6674 3122
9136 9238
5249 319
8942 7949
4327 9991
9610 8000
6601 4523
5178 2448
9895 3605
5927 9987
4453 1906
8230 6629
1778 8187
7505 9171
63 7702
4020 416
4984 8921
533 2745
7754 61
4317 5683
9153 6678
3901 1170
4994 4766
9695 6415
7192 8438
8882 6352
7815 2308
1299 7034
8899 9592
4000 5080
4080 7302
7623 27
6999 7384
4379 3002
2534 9769
9411 9210
885 6908
6530 7114
1414 3073
27 9651
8401 827
9488 4461
9702 3809
5468 3271
7449 6653
8674 17
8324 2222
241 8526
6774 3177
2338 9648
5179 9786
3547 9616
2511 4914
3524 8578
4107 977
7111 1325
7098 1255
8325 8446
8936 4194
6830 5143
2023 32
8935 360
4775 1365
4355 4337
6035 337
7813 2376
5382 3691
5765 7507
5595 8591
6402 5511
1549 5504
2341 1996
9670 9239
6690 3601
2837 7274
469 1050
3675 8879
18 8878
8934 8272
7609 1615
5110 7283
35 7549
1053 1136
2791 5646
5108 6769
3706 6501
113 4982
6184 3482
552 4759
3224 8942
7142 9843
4214 4211
5156 2671
3773 970
2859 3199
155 4040
9517 1410
6343 2504
3236 2772
7742 8043
4168 324
4222 5394
2979 5109
7671 5850
9382 1085
3609 3439
4379 571
9335 7169
289 9857
9645 6583
7997 6582
7867 8054
7696 9049
2734 5281
3235 8670
9837 7876
2479 9766
3815 8369
3914 8635
7768 6243
4820 9369
8294 3847
9025 8968
281 8325
3099 8342
5341 2218
2079 9745
2452 4715
1729 2433
6816 3686
6757 7331
1763 8985
721 5986
5755 1186
2762 5712
61 722
8261 8462
7540 6062
7817 3860
345 7932
7945 8336
7049 4713
3174 6018
2231 4738
3430 8635
9914 7051
9079 9794
4694 6021
765 9905
5514 6761
5504 1035
920 2337
3391 4370
7930 6971
5003 7677
3464 7410
3916 51
4074 7077
3285 8944
7530 3663
6400 8273
9970 5354
96 3178
8392 8321
891 4097
1781 9899
7884 2075
1785 1944
3172 2386
2677 9631
3095 161
1845 119
6808 2634
7814 9897
1904 3777
506 96
5194 4037
314 6613
5390 3465
6263 2408
6749 8101
102 280
3552 846
4304 9764
9038 8477
6818 3127
7870 5466
979 4538
4280 7140
6 389
2375 7993
6481 6908
1467 4037
8223 8564
3067 8817
9500 1805
8742 7951
7981 6605
6634 9319
4802 1221
8827 293
122 3501
5558 3722
6321 1073
3570 6770
8210 2465
7189 9012
3277 9564
939 4970
4455 5444
9194 8451
4558 5858
2518 8626
7245 2852
2383 8279
310 2099
7479 6974
9146 848
2429 9292
7821 9239
2328 5142
1696 753
6218 7916
305 1756
7383 5666
3237 6003
9120 4222
4541 7449
5215 1613
7226 4667
3592 5749
421 3881
3239 5446
756 5878
5023 7600
7933 8735
9353 6587
6138 303
8378 7904
3883 2834
5185 9659
7705 8021
4700 7949
2182 2499
6193 6217
8815 7660
8032 5825
1451 2034
1629 4950
193 9092
541 2839
5605 8618
2088 6118
3707 5719
5275 1283
1722 7543
2228 3207
1381 6818
6629 4794
1704 8743
2710 1007
3575 7434
9698 1165
8321 2101
6097 4771
8149 2197
40 8622
1323 968
2092 4059
5235 3242
6045 5450
7884 3667
9109 9127
1117 82
1718 8820
7506 806
7889 7138
3058 5601
6447 341
3108 5541
5278 2049
2669 9772
8579 800
6363 7083
1155 52
4548 2646
7461 4852
7255 8229
6014 7510
1458 7802
9364 8182
7654 5293
9613 3753
364 6762
439 2576
350 1187
5977 3586
2670 6586
9467 9405
250 8028
4659 6074
7081 3281
1253 6862
7447 9481
3737 6596
9101 6061
2009 9870
7835 1575
7078 7813
3347 253
4650 5062
9935 8966
1644 1606
6500 9180
9924 9491
6738 81
3437 8131
461 1918
92 1352
4559 7709
5387 5305
4243 7366
8731 7236
1667 7876
8658 3112
5830 9273
905 2215
8899 494
8185 7104
1004 9993
9990 4972
7111 3770
121 9462
7705 1419
2085 3707
672 6528
6122 6158
8742 8336
2029 1645
2658 979
3190 9072
5819 7508
3588 2678
77 39
9830 6358
8027 8901
1677 3538
8411 228
3055 7550
8783 1937
9806 6676
7749 1136
5335 5546
8712 8642
3832 5524
4235 7438
8325 4178
5910 2156
9951 506
6008 3064
5751 5596
2877 9053
2817 5369
1401 6889
6984 4845
3325 8506
1935 7699
2255 2155
3834 3855
9534 2008
3764 4332
8006 4851
5885 9028
9918 1135
7507 1491
7447 6164
758 2857
9116 1370
1279 2134
1578 3840
3075 134
4536 8664
1778 7655
4638 8080
3236 2827
9743 796
6754 2030
6791 6204
9961 4380
8595 8667
207 1299
1408 145
1432 822
2740 3821
319 9340
518 1663
6734 6783
1171 5275
5587 8369
4887 6834
1964 7358
4805 470
4385 7142
5572 8311
1455 2825
9092 5161
906 6823
577 7934
3642 6009
4018 8994
2628 9312
5666 6958
6643 8213
8035 4113
5522 5197
2266 3581
2517 7436
7693 5128
2286 8428
2119 2869
9192 183
8828 2744
4285 3781
3106 4093
4375 6424
5226 5400
1276 1789
3677 688
8812 3358
9794 204
6235 475
1765 8787
5767 969
444 5917
2386 7744
6957 8314
8203 3091
9919 941
8554 9674
2663 720
3231 9925
9104 5177
2426 5088
5998 1517
7557 6317
1497 2561
4490 5806
7581 3590
4434 9054
8400 4535
3439 1724
3610 5303
8892 1920
7174 4794
1718 3045
2712 7147
238 8891
4877 1765
7607 6836
6498 6776
3810 2101
6844 7366
5946 7473
3051 4915
6352 6174
6824 2190
6155 9336
3541 2456
9598 9210
8947 9106
8891 995
5035 9207
2136 8493
4197 3070
2410 6636
6467 185
789 1740
2970 937
6296 3007
329 8510
5363 3970
3820 1890
6854 5038
5793 5726
2279 5391
4742 4852
2783 5632
5430 3288
1093 1158
2071 8903
7760 3564
301 2092
7789 7676
135 9065
4358 2266
5052 2351
8027 8317
200 8972
8406 6229
4021 2472
4876 607
5781 4457
1229 8446
8837 4694
411 347
501 1819
3024 3263
6322 9376
1369 5568
6041 2611
5592 9486
2030 2043
2810 8984
2957 5047
5855 2855
1111 8658
6235 2422
9589 660
3771 6893
3097 3596
6106 9099
4920 6636
5287 537
9834 850
1027 4870
7989 3717
7319 5086
768 5080
4063 2141
4602 8180
8069 5370
1509 8673
2535 8511
4390 2774
4566 5564
6749 3735
490 8055
8445 6714
4187 5791
2670 7799
9078 2122
6216 3243
3956 429
2204 3883
5730 138
6928 9
2089 8690
4742 1144
744 8394
9501 3671
5319 3212
6368 9254
9014 1132
7937 8941
8355 4853
7775 3508
4106 6166
4494 2401
2914 2931
1235 445
2466 3933
7554 2025
4863 1262
7928 2383
3577 1995
5849 8805
1251 6797
7307 2861
8152 5389
6719 5170
8269 6184
5773 5480
8489 4602
9479 3384
9393 4367
1333 2584
3912 2819
3440 5447
6656 8782
7487 2440
5350 1798
4723 172
1210 7385
9217 3859
6997 3384
5461 8688
5458 2990
9814 5109
8649 124
6463 4876
1914 3125
2504 3402
9358 899
6233 7255
234 2258
6847 6016
7933 3840
589 4472
7776 4205
7403 9206
9002 3066
7416 7950
7791 206
8848 2099
3866 2161
1337 4021
884 1846
8088 7850
6945 2130
3113 890
1014 510
3437 6015
7947 8430
1455 2246
6320 7970
6937 2532
5489 8511
5330 8581
4874 1161
1771 6862
724 7601
5064 274
6747 6418
388 9719
7829 4742
6081 5762
2601 8453
3939 7196
4978 1935
1707 7074
9517 984
9771 867
4105 8047
601 2327
5236 8947
5440 5895
7736 5020
9810 5024
2223 655
1573 4983
711 7277
8962 2522
8928 3479
9399 5551
7520 4657
6202 1545
3574 9199
9750 569
2352 1541
3183 3062
