800 83 400 6 1878
12 6 47 4 1 2 5 4 9 5 2 4 18 1 2 3 6 19 19 2 16 11 10 10 4 3 4 53 7 11 1 2 11 9 2 2 5 11 4 18 12 3 4 1 1 5 6 12 4 16 18 9 2 48 1 6 3 5 4 20 2 2 1 27 2 17 13 17 16 11 36 2 2 33 10 3 4 1 16 10 15 13 2
6704 7045 4442 4783
7550 8037 713 1200
5352 5690 7644 7982
4802 4850 3093 3141
5120 5495 8253 8628
6072 7792 4746 6466
2462 4266 1170 2974
8879 10000 7063 8503
6977 6995 4375 4393
3202 3791 6895 7484
3592 4017 1048 1473
6350 6872 2865 3387
357 2167 5266 7076
9417 9680 3383 3646
1133 2634 5794 7295
2876 3309 4265 4698
2503 2599 4424 4520
7498 7806 5830 6138
6602 7408 7721 8527
6355 6650 7874 8169
7937 8839 7046 7948
0 406 193 992
127 1439 4557 5869
1531 1573 599 641
4921 5747 3402 4228
5358 5450 3827 3919
125 444 1082 1401
7264 8865 2437 4038
4663 5588 7579 8504
6651 7466 6019 6834
5335 5747 4493 4905
3933 4549 7559 8175
7512 9367 0 1808
8675 9612 234 1171
8465 8988 5327 5850
7313 8488 6209 7384
4814 4875 5092 5153
6681 8146 6387 7852
6013 6366 1882 2235
9542 9681 643 782
2272 2339 1538 1605
5675 5984 6474 6783
6977 7231 7198 7452
9449 9890 4284 4725
5685 6213 449 977
1877 1931 7221 7275
3207 3704 0 475
5843 7667 1774 3598
5544 6552 0 817
0 1083 1597 2997
1558 2517 5938 6897
8802 9006 1431 1635
539 1635 8824 9920
9111 10000 7638 8652
6567 6896 2491 2820
1294 3025 7599 9330
3622 4113 7076 7567
8923 9252 3037 3366
8759 9015 7862 8118
9067 9594 1486 2013
1300 2710 6295 7705
0 1168 5335 6672
1021 2436 0 297
465 1973 2068 3576
2555 4389 6146 7980
1137 1171 1901 1935
4451 6233 2331 4113
4984 6789 4670 6475
578 1696 1245 2363
7018 7359 2481 2822
8460 9582 9091 10000
3751 4315 4628 5192
7115 8579 4322 5786
5377 6070 5017 5710
8158 8756 9591 10000
1889 2017 1290 1418
6503 6904 1356 1757
2507 3678 3602 4773
8460 9163 8637 9340
6096 7783 2732 4419
6793 8582 3985 5774
3391 3608 7050 7267
362 1490 491 1619
1716 2465 3412 4161
2911 4361 4562 6012
9409 9787 1306 1684
998 1745 3023 3770
7905 9264 8949 10000
2095 2157 2384 2446
2713 3308 5401 5996
6060 6899 6863 7702
4242 4710 5143 5611
4059 5199 8 1148
565 838 3118 3391
1458 2280 5821 6643
7964 9463 1798 3297
8132 8403 780 1051
4754 4981 3323 3550
7361 7822 7090 7551
6118 7069 9487 10000
913 1467 6451 7005
6425 7309 5420 6304
5710 7034 193 1517
5972 6239 8975 9242
8088 9879 7311 9102
8281 8819 105 643
324 2160 8995 10000
1300 1717 7144 7561
8341 9311 6623 7593
3992 5367 5137 6512
4677 4738 6406 6467
789 1206 3960 4377
6894 7010 6024 6140
2475 3023 8224 8772
1537 2103 274 840
1691 2425 9075 9809
9231 9244 4730 4743
206 2061 0 1589
4035 5216 5263 6444
91 556 6538 7003
1741 2328 6694 7281
111 811 6394 7094
2514 3540 2990 4016
1441 2153 4684 5396
2739 3766 4746 5773
3380 3674 9892 10000
1095 1379 8860 9144
3737 5014 8852 10000
203 1159 2713 3669
307 1638 129 1460
6449 7715 3050 4316
9920 10000 1402 1992
5978 6777 8636 9435
8632 9836 8895 10000
5310 5653 1637 1980
4294 4488 2791 2985
1501 1770 3507 3776
5881 5912 446 477
8792 10000 4432 5849
905 2776 4201 6072
3247 3813 455 1021
9031 9962 1848 2779
2515 3459 1651 2595
4819 5612 3482 4275
4867 5800 0 618
5722 7045 5266 6589
6273 7875 477 2079
8185 8905 9247 9967
7935 9148 2768 3981
8589 9237 6288 6936
0 1047 3905 5690
6671 7618 314 1261
7976 8719 6594 7337
4750 5861 7852 8963
5945 6852 8363 9270
7899 8899 9067 10000
484 1818 3631 4965
7837 9340 7014 8517
0 344 8881 9240
3907 4424 7566 8083
7518 7922 5417 5821
2698 4304 0 832
1357 2429 3555 4627
8038 9535 0 948
9485 9490 6216 6221
487 1305 2223 3041
8873 9706 8370 9203
9089 9340 3475 3726
5698 6772 6811 7885
3618 5255 6592 8229
2655 3045 6085 6475
2256 4085 5317 7146
5839 6756 3416 4333
5347 6369 7419 8441
3885 4690 4883 5688
5662 6941 4970 6249
4676 6408 1683 3415
8889 9146 1102 1359
7807 7862 1410 1465
7728 8801 5135 6208
6488 7009 3887 4408
7352 9092 6801 8541
1553 2422 2075 2944
2763 3555 5849 6641
1038 1825 4947 5734
9639 9982 2805 3148
4160 4844 292 976
6990 8623 6751 8384
3632 3809 7907 8084
3894 4238 8281 8625
5842 7391 407 1956
6301 7842 269 1810
6582 7298 7743 8459
3117 3956 1337 2176
596 2152 7344 8900
4895 5771 7118 7994
3753 5606 1808 3661
2651 4383 6164 7896
6902 7627 0 553
6548 7664 1946 3062
2223 2895 4715 5387
1010 2879 2707 4576
6439 6946 8039 8546
7173 7653 9249 9729
6518 6913 9526 9921
0 296 664 1143
5619 7306 0 1013
7142 8176 2299 3333
3618 4732 4806 5920
3077 4952 4550 6425
1511 2668 7965 9122
234 1729 7633 9128
6064 7362 4784 6082
2359 3163 6944 7748
5197 5635 4426 4864
350 1703 8811 10000
4328 5946 6396 8014
6345 6619 8810 9084
0 1423 0 565
9064 9887 932 1755
2732 3789 1787 2844
715 804 7336 7425
8409 10000 8578 10000
2017 3890 4773 6646
8142 9374 5368 6600
8078 9597 6639 8158
6072 6965 1033 1926
9333 10000 6081 7827
3894 5044 8218 9368
4720 5612 7714 8606
5923 7518 2791 4386
2372 4184 2436 4248
777 1739 8356 9318
4632 4816 6364 6548
6490 7823 2371 3704
8812 9902 4130 5220
5253 6479 7677 8903
2063 3815 6631 8383
2193 2486 1234 1527
2937 3090 6487 6640
2029 3390 3129 4490
6824 8461 5677 7314
4855 5864 400 1409
210 918 5080 5788
8104 8231 1823 1950
2977 4381 0 1064
5158 6299 6876 8017
1585 3002 7952 9369
6258 6412 2223 2377
3041 3310 7647 7916
1183 2025 1847 2689
7886 8066 5756 5936
4435 6256 91 1912
4427 5894 7859 9326
4832 5986 5207 6361
0 1111 6341 8069
3277 3887 9042 9652
4646 6203 0 531
5304 6670 6230 7596
7071 7303 7078 7310
3290 3597 7025 7332
2158 3320 386 1548
4740 5407 5870 6537
8543 9844 7102 8403
2202 2645 8197 8640
8754 9792 0 992
1300 1626 9175 9501
6954 8667 2445 4158
5500 7184 5115 6799
8352 9623 3910 5181
7267 8206 3716 4655
4400 5897 5706 7203
1233 2923 947 2637
8071 8298 1294 1521
4382 6047 3939 5604
0 661 3336 4593
4273 4987 1316 2030
5113 5117 1385 1389
5196 5516 3394 3714
7722 7802 1960 2040
3624 4316 4564 5256
4190 5546 0 1320
8501 9290 0 455
4826 5131 6855 7160
2380 3570 9163 10000
3054 4486 1850 3282
4358 5809 799 2250
1873 2959 1911 2997
2861 3543 4349 5031
2870 4214 3434 4778
228 1196 404 1372
9357 10000 3976 4712
1475 1770 6541 6836
9520 10000 2561 3481
827 1564 4585 5322
7758 7983 4636 4861
640 1813 8743 9916
6049 6066 2349 2366
3604 5432 2255 4083
0 814 2534 3615
8169 9815 2753 4399
1608 1799 2896 3087
1641 3140 3266 4765
7853 9184 5263 6594
7131 8343 2694 3906
4112 5361 4514 5763
3000 4099 1983 3082
7466 8335 3027 3896
207 230 70 93
8660 8851 7308 7499
0 424 5768 6411
1512 2640 6626 7754
1002 1282 8474 8754
216 1870 6144 7798
4460 5214 8075 8829
1573 3182 3395 5004
832 2307 1315 2790
7732 9322 3665 5255
3702 4906 252 1456
4587 4832 6680 6925
3501 3901 321 721
3981 5180 1336 2535
6430 7660 1237 2467
5653 6449 4017 4813
2291 4161 1697 3567
9150 10000 2380 3369
6769 6777 2377 2385
5657 5748 5190 5281
0 38 0 1011
3682 3924 1635 1877
8535 9757 8932 10000
0 587 8807 9694
3861 5664 0 1616
4097 5564 5404 6871
6926 8671 4622 6367
2705 4115 214 1624
5322 5382 6164 6224
1453 2009 5799 6355
4489 5570 2221 3302
6143 6579 2383 2819
7371 8440 8436 9505
3682 4569 1608 2495
966 1358 7812 8204
2346 3040 4906 5600
5674 6281 853 1460
507 1802 3378 4673
2148 2934 7378 8164
3990 4400 2313 2723
1778 1954 6255 6431
2142 3810 5652 7320
5719 6335 8602 9218
5795 7513 6627 8345
1140 1239 8895 8994
5592 5790 1982 2180
5020 5423 5458 5861
6466 8166 2446 4146
4356 6010 1053 2707
2441 3497 5186 6242
2329 4047 4619 6337
4744 6052 5406 6714
8209 8855 3099 3745
236 1579 5692 7035
3336 4139 7339 8142
6168 6646 6187 6665
5734 6325 6683 7274
5183 5555 6436 6808
0 574 8744 10000
4764 5985 7328 8549
6784 7050 2730 2996
1155 2862 5425 7132
7309 8150 6846 7687
9777 10000 8126 9108
4478 4801 7022 7345
3151 3274 9764 9887
4476 4966 4419 4909
4895 5283 1714 2102
5028 6303 412 1687
3456 3478 3235 3257
3715 4660 2120 3065
257 1869 9342 10000
8060 9501 1573 3014
3345 3461 4628 4744
8494 10000 8271 10000
1237 2105 4339 5207
0 1029 3974 5267
3479 3525 3425 3471
5923 7500 3470 5047
963 2064 5839 6940
5603 6119 4086 4602
0 833 9365 10000
1934 3196 3319 4581
3196 4240 0 941
3836 4429 9141 9734
9029 9911 4232 5114
7946 9444 4913 6411
0 506 5712 6740
647 2034 0 784
7842 9056 9787 10000
6731 7273 8136 8678
2904 4429 1830 3355
1615 2575 8482 9442
134 287 8095 8248
9539 10000 2410 3483
4266 5362 3493 4589
0 704 1680 2642
204 213 1314 1323
6875 8302 5343 6770
3962 5564 3924 5526
5947 6909 5541 6503
3758 4359 2078 2679
6418 6973 7846 8401
4525 5354 5007 5836
3483 4578 3873 4968
4092 5920 5594 7422
727 1163 2311 2747
7346 8404 8276 9334
1281 1714 8373 8806
6297 6688 2362 2753
6818 7709 7541 8432
8081 9645 1624 3188
5048 5718 2805 3475
3322 4685 4226 5589
6633 7150 2613 3130
2593 3397 3126 3930
7318 8876 3461 5019
3841 5027 3171 4357
5516 6755 5504 6743
7545 7567 5763 5785
1083 1207 3907 4031
8440 8900 4409 4869
6221 7372 8763 9914
0 67 3625 3758
8522 9226 8954 9658
9109 9422 6248 6561
1953 2512 9873 10000
7436 8083 4513 5160
3775 5109 1 1335
6495 7910 5945 7360
3727 4418 5809 6500
1378 1606 2347 2575
4466 5383 5444 6361
0 253 2103 2422
9092 9476 9712 10000
4177 5956 6598 8377
2297 2718 2379 2800
6310 8088 2811 4589
9071 10000 3620 5070
9162 9425 7010 7273
2928 3111 1373 1556
3637 4971 8449 9783
3987 4588 19 620
8963 10000 4438 5483
3930 4908 3772 4750
1988 3218 1343 2573
383 740 1983 2340
0 64 0 1180
7152 8166 5395 6409
6550 7503 5235 6188
1283 1489 6411 6617
4818 5646 3175 4003
5904 7166 7485 8747
3765 3934 3384 3553
8543 9030 3994 4481
8507 9226 1439 2158
329 1582 3352 4605
971 2444 5878 7351
766 1814 0 1043
5792 7448 4178 5834
5113 5774 1614 2275
0 1257 75 1553
1125 2615 3373 4863
8182 9705 5219 6742
1365 2421 3851 4907
695 711 7767 7783
6552 7751 9360 10000
1335 1456 4022 4143
4747 6015 318 1586
5043 6255 564 1776
3015 4893 1085 2963
2975 3393 6595 7013
870 894 6560 6584
6275 6457 5969 6151
9728 10000 679 1600
8700 10000 3681 5254
3572 3766 5802 5996
8952 9707 8990 9745
1420 2028 3144 3752
7107 7853 425 1171
338 969 2810 3441
8965 10000 4676 6018
0 916 2215 3597
7245 8439 2305 3499
5954 7099 6221 7366
8764 9054 2978 3268
0 1691 3437 5293
7657 8037 4150 4530
3434 4809 5754 7129
717 1389 5213 5885
0 547 802 2475
4371 6045 9599 10000
9668 10000 7328 8021
8288 9614 493 1819
3636 5508 4036 5908
7255 8071 7717 8533
357 1834 6283 7760
2332 2954 2401 3023
4728 5790 1302 2364
7176 7527 2245 2596
516 1582 1279 2345
3716 5095 6595 7974
4453 5047 4415 5009
4639 5287 7628 8276
2430 3176 3419 4165
4878 6197 7955 9274
7613 9227 0 1485
1716 1744 2070 2098
7272 7392 804 924
2600 3889 1865 3154
1497 3316 1327 3146
4716 6318 6535 8137
0 656 3193 4066
4956 6131 8317 9492
9470 10000 8172 9270
0 463 3866 4776
6948 8147 6785 7984
5496 7138 9384 10000
0 840 5201 6970
0 1465 5915 7552
2565 3903 8324 9662
4175 5960 8105 9890
8114 8183 1489 1558
3155 4245 1551 2641
6532 6658 2377 2503
2469 2652 5081 5264
7152 8315 3183 4346
8419 8861 8994 9436
7525 8919 3544 4938
7833 8210 4359 4736
6616 8411 6095 7890
3478 5077 1654 3253
334 1329 0 323
7082 8776 2193 3887
5178 6510 5669 7001
2207 3453 3134 4380
4286 5341 3462 4517
8943 10000 7506 8914
4072 4712 4574 5214
1810 2863 0 963
6581 7621 710 1750
8757 10000 5136 6679
8999 9299 7841 8141
9011 10000 1607 3091
0 364 8650 10000
4241 4456 367 582
640 1651 3118 4129
1571 2555 6145 7129
6284 8045 9420 10000
4885 6078 0 1088
3712 4005 9642 9935
8943 10000 9515 10000
9287 10000 5889 7424
5015 5211 7212 7408
8563 9482 6439 7358
9846 10000 1399 2187
4046 5591 3722 5267
0 457 7333 7847
6820 6896 1795 1871
6498 7931 5657 7090
872 1483 2646 3257
3238 4169 439 1370
8310 8386 4513 4589
3287 3862 7206 7781
6493 6634 3070 3211
7009 7339 9659 9989
5846 6161 8299 8614
0 983 5311 6997
5600 6998 4444 5842
4274 4736 7576 8038
6897 7016 6230 6349
167 1087 2217 3137
947 1199 9008 9260
1032 1144 1059 1171
0 1711 6814 8675
3907 5714 3393 5200
6070 6507 16 453
2095 3101 1897 2903
9020 10000 8814 9805
5066 5150 9791 9875
3212 4799 481 2068
0 424 6389 7466
4028 4541 9796 10000
5399 7250 327 2178
1374 2630 2203 3459
5732 6667 339 1274
4163 5811 7142 8790
2128 2322 5497 5691
0 632 721 1581
4029 5292 3539 4802
0 412 899 1556
1593 2018 2523 2948
6671 7062 2426 2817
3004 3680 1420 2096
8356 8433 8793 8870
7166 8863 6550 8247
6136 7179 3116 4159
6615 6939 8329 8653
1285 1605 9317 9637
0 249 884 1205
7174 8978 7895 9699
631 1058 9442 9869
3468 4877 6400 7809
1448 2982 8135 9669
1483 2338 7338 8193
8883 10000 5443 6807
6565 6601 6785 6821
4479 4683 5824 6028
2965 3961 0 892
2525 2688 7455 7618
843 1995 5675 6827
7507 8842 7333 8668
2301 2398 2048 2145
829 2407 2111 3689
2203 3098 524 1419
8034 9790 546 2302
3258 4727 5139 6608
9482 9664 7562 7744
2013 3089 364 1440
3235 3621 556 942
9374 10000 4996 6505
7552 8844 8145 9437
4510 5387 8460 9337
3524 4612 6784 7872
4795 5389 712 1306
938 1553 2613 3228
3936 4402 4438 4904
6526 7816 5172 6462
4373 5535 5483 6645
3668 5096 0 493
4625 5884 3253 4512
6393 6720 5392 5719
5485 5838 3999 4352
7810 9142 6823 8155
178 1942 7155 8919
234 921 9387 10000
6579 6930 2364 2715
3781 5327 7757 9303
5993 7341 3388 4736
9420 10000 3152 4784
4681 6383 0 1552
7760 8408 223 871
9515 10000 701 1285
1553 3097 1163 2707
4603 6278 1447 3122
3162 3509 7335 7682
5259 6552 757 2050
5987 7263 0 1161
2716 3370 2554 3208
18 1127 537 1646
2750 3899 520 1669
4391 4467 5101 5177
1513 1969 566 1022
1349 2792 7640 9083
8373 9044 432 1103
8942 10000 5052 6207
9502 10000 41 1109
3477 4100 553 1176
3879 4521 5269 5911
7749 7840 6950 7041
6749 7179 4524 4954
8012 8495 1821 2304
7874 7978 5729 5833
1567 1714 2672 2819
8330 8590 4363 4623
712 1287 322 897
2097 2460 2045 2408
2272 4061 8343 10000
460 1837 6366 7743
2258 3670 4274 5686
2605 2705 8673 8773
580 767 1909 2096
6944 8558 7052 8666
8387 8901 646 1160
4914 5928 3788 4802
2891 4051 3568 4728
7145 7377 8180 8412
2931 4688 0 1099
5570 6284 261 975
6100 7496 1533 2929
2019 3343 6658 7982
2413 4242 8393 10000
7004 8440 3604 5040
6592 7824 1838 3070
4435 5651 7215 8431
6777 8438 4648 6309
5390 6275 2771 3656
4302 6124 5426 7248
0 794 5943 7443
3320 4093 2259 3032
2982 4226 347 1591
6499 6896 4504 4901
4537 5337 246 1046
2990 4310 5996 7316
1923 3087 9434 10000
5932 7352 4243 5663
8619 8824 2533 2738
6654 7891 6495 7732
6287 7432 3431 4576
4890 5714 8592 9416
3629 4222 0 360
3484 4512 6907 7935
4124 5757 2699 4332
7352 8261 5575 6484
1122 1444 8961 9283
219 1766 4639 6186
8510 8548 9827 9865
2171 3810 9240 10000
7751 7797 832 878
4995 6461 4251 5717
7376 7851 1502 1977
797 1129 6557 6889
2709 3636 6947 7874
7997 9774 6936 8713
9513 10000 6326 7571
539 2363 0 1635
8639 9448 4688 5497
2888 4546 0 1327
3839 4312 343 816
4390 5296 7611 8517
6456 8253 0 1787
5901 7017 5968 7084
2610 4233 8484 10000
704 1029 163 488
0 261 1353 3034
4052 4654 6252 6854
6438 7269 3196 4027
8475 8959 2595 3079
9100 10000 6144 7700
1388 2398 7188 8198
1276 2607 1133 2464
2601 3975 1819 3193
353 790 8317 8754
7487 8841 8540 9894
7099 8367 4347 5615
3455 5089 9263 10000
0 996 7452 8863
6625 6988 3556 3919
7687 8782 5342 6437
4202 5569 1572 2939
1112 2460 1200 2548
5842 7180 0 637
9107 10000 8611 9931
8564 8738 2455 2629
1719 2940 5533 6754
8048 9251 5202 6405
8539 9309 4422 5192
5473 6583 505 1615
5129 6833 9279 10000
8274 9650 1127 2503
3565 5370 7006 8811
3398 4506 293 1401
8955 10000 337 1499
1121 2422 1605 2906
9566 9647 8088 8169
4108 5458 0 811
2727 3733 5067 6073
681 2476 4077 5872
3454 4881 3334 4761
1220 2736 8526 10000
6526 8135 7850 9459
1040 2125 8859 9944
4018 4822 7003 7807
6105 6377 4241 4513
1375 1987 9353 9965
3607 3835 4852 5080
6487 7323 6682 7518
1807 2397 3111 3701
432 2309 0 1412
8566 9949 4059 5442
2402 3499 4396 5493
7728 9572 6406 8250
8387 9796 3776 5185
5397 7194 8182 9979
2731 3224 8752 9245
699 1945 7942 9188
190 1035 596 1441
1485 2002 58 575
1140 1310 6890 7060
1945 2324 2709 3088
8168 8759 2250 2841
4103 5977 0 1163
6371 6943 6850 7422
9139 10000 606 2137
775 2152 679 2056
656 1930 1253 2527
5927 5989 836 898
1259 1499 3608 3848
7733 8906 2603 3776
9454 9860 7008 7414
795 1949 6709 7863
8083 9907 4840 6664
6916 4651
8029 819
5396 7791
4811 3135
5175 8385
6090 5502
3994 1859
9637 8126
6989 4384
3235 7408
3617 1133
6631 3336
629 6876
9605 3420
1399 6646
3096 4552
2539 4501
7620 6051
6628 7807
6602 8045
8648 7290
129 512
1407 5235
1541 635
5168 3602
5431 3914
294 1324
7914 3063
5317 7661
7011 6203
5457 4607
4039 8093
8531 1566
8957 405
8963 5385
8079 7169
4865 5150
7653 6833
6082 2180
9548 675
2314 1571
5782 6679
6998 7311
9507 4624
5778 780
1924 7234
3641 157
7022 2925
5560 657
516 2816
1568 6205
8814 1528
653 9289
9712 7910
6722 2680
2844 8953
3767 7477
8965 3101
8821 8081
9139 1547
1629 7276
1144 5395
2027 297
1833 2678
3677 7083
1142 1935
5288 2932
5356 6241
1448 1309
7160 2754
8764 9515
3796 4798
7713 4876
6002 5182
8740 9893
1974 1373
6657 1657
2559 4285
8855 8776
6806 3439
7845 5121
3468 7186
525 786
2270 3630
3219 4710
9763 1563
1560 3132
8239 9572
2111 2433
2819 5937
6188 7466
4392 5323
4407 256
772 3282
1951 6264
8437 3214
8323 1006
4882 3530
7628 7328
6259 9798
1431 6973
7147 5562
6608 1072
5999 9062
9015 8971
8624 269
1129 10000
1413 7406
8746 7230
4295 6273
4733 6430
1059 4324
6920 6138
3005 8334
1567 649
2001 9639
9235 4737
1323 165
4222 5882
404 6881
1765 6752
661 6401
3334 3292
2050 4959
3487 5298
3566 9951
1292 8965
4454 8999
943 2824
391 1091
7285 3809
9983 1515
6432 8945
8835 9440
5395 1768
4395 2969
1734 3514
5908 464
9306 4483
2581 4378
3796 781
9437 1918
2859 1863
5557 3786
5185 155
6685 6423
7208 1272
8703 9867
8717 3206
8921 6490
102 5021
6988 847
8167 6839
5019 7871
6398 9262
8707 9193
1043 4471
8724 7708
262 8970
3979 7886
7817 5713
3822 664
1728 3649
9097 19
9488 6221
780 2733
8937 8898
9138 3584
6499 7312
4396 6769
2835 6265
2707 6640
6696 3880
5467 7618
4683 5495
6587 5243
5671 1725
9050 1184
7812 1431
8643 6132
6908 4152
8212 8069
1789 2446
3176 6165
1481 5079
9891 3023
4688 682
8434 7362
3754 8011
4190 8373
6545 972
7541 1508
7204 7858
3456 2115
781 8656
5567 7340
3815 2395
3121 7199
7467 15
6978 2689
2577 4997
1796 3006
6593 8178
7472 9673
6791 9893
140 819
6078 848
7799 3009
3662 5379
4060 6335
1694 8962
1109 8124
6929 5674
2394 7415
5573 4468
572 9307
5194 7922
6558 9019
171 486
9210 1417
3007 2023
765 7385
9861 9102
2769 5188
8356 5480
8316 6923
6639 1317
9688 7585
4493 8626
5362 8570
7235 3070
3898 2548
1548 8412
4812 6423
7233 3555
9737 4135
5454 8207
2211 6952
2259 1495
2942 6513
2635 3907
7660 6548
5355 488
513 5121
8191 1880
3203 292
6107 7455
2817 7959
6410 2288
3065 7698
1946 2003
7966 5761
4766 1653
5340 9117
5914 5601
379 6758
3679 9646
5858 44
5988 7352
7203 7240
3332 7197
2845 534
5145 6498
9023 7309
2246 8327
9372 122
1390 9496
8491 3852
5917 5292
8715 4106
7848 3753
5120 6710
2762 1450
8198 1505
4907 5059
4 4516
4720 1338
5113 1387
5448 3458
7725 2016
3743 4924
4548 347
8600 29
4834 7141
3231 9386
3952 2402
4486 1501
2531 2833
3168 4864
3848 3676
967 455
9360 4258
1714 6564
9867 2569
1211 5251
7835 4652
952 8879
6055 2354
4655 2619
529 2742
9449 4075
1775 3039
1794 3656
8621 6464
7490 3455
5253 4630
3435 2809
7977 3673
227 88
8815 7388
327 6311
2087 7494
1271 8669
1085 7374
4613 8634
2517 4431
1198 1439
9123 4271
4580 723
4753 6741
3513 507
4709 1827
7231 1922
6261 4583
2462 2592
9849 2443
6772 2380
5722 5236
5 137
3826 1712
9018 9111
33 8909
4459 317
5416 6712
7619 6064
3660 1480
5382 6206
1474 6197
4587 2236
6460 2438
7624 8467
4392 2412
1033 7880
2715 5301
5949 1125
1330 4038
2367 7624
4218 2476
1944 6347
2593 6109
6052 8606
7155 6646
1151 8930
5708 2068
5157 5622
6483 3650
4510 2209
3467 5243
3657 5312
5649 5960
8703 3412
717 6789
4041 8051
6520 6493
5890 6769
5252 6792
249 9007
5386 8331
6840 2775
2782 6063
7505 7076
9818 8872
4619 7288
3174 9881
4645 4735
4909 1969
6124 778
3465 3255
4148 2410
1026 9929
9308 2978
3345 4706
9707 9327
1442 4654
908 5014
3497 3451
6099 4126
2011 6530
6019 4188
765 9604
2571 3642
3784 622
3837 9472
9761 4562
9082 6324
6 5798
868 569
8971 9795
6883 8617
3996 2066
2368 8797
277 8187
9801 2819
4598 4470
337 2037
211 1323
7695 5728
5412 4988
6589 5683
4102 2278
6616 8217
4865 5413
3662 4915
4975 6711
818 2610
8330 8317
1584 8589
6636 2548
7016 7823
8224 2104
5546 2944
4100 4632
6995 2954
3313 3331
7996 3762
4713 3664
6613 5608
7562 5779
1197 3955
8617 4549
6457 9678
60 3721
8852 9113
9298 6487
2169 9891
7868 4915
4922 31
7443 7113
3964 6100
1494 2425
4500 5791
71 2307
9413 9978
4307 7740
2423 2722
7275 3479
9671 3682
9338 7159
3076 1376
4924 8601
3990 21
9959 4559
4662 4164
2813 1363
713 2305
3 165
7927 5638
6788 5321
1406 6438
4935 3445
6832 8722
3927 3412
8991 4228
9170 1714
1132 3595
997 5921
1011 387
6011 5768
5500 2144
1031 275
1944 4409
9632 5573
1867 3885
707 7773
7426 9435
1406 4077
5132 343
5183 1706
4025 2247
3087 6994
891 6567
6298 6117
9806 1375
9468 3911
3648 5992
9196 9105
1692 3582
7638 913
744 2971
9984 5056
796 2826
8011 2712
6219 6541
8775 3264
1331 5282
7805 4249
3616 5927
1175 5643
205 1916
5800 9643
9719 7989
8821 1101
4662 4761
7434 8441
427 7111
2396 2405
5355 1381
7302 2446
1503 1922
3936 7798
4906 4450
5038 8271
2932 4056
6170 8920
8620 562
1742 2085
7348 883
2732 2088
2676 2087
5367 7282
264 3667
5893 8837
9498 8407
205 4473
7013 7434
6217 9956
15 6531
328 7142
2899 9450
5857 8628
8118 1490
4059 2632
6533 2441
2534 5117
8087 4115
8691 9098
8392 3639
7944 4511
7938 6833
4802 2645
397 116
8572 2624
5338 6747
3334 3330
5017 3556
9889 7820
4437 5028
1913 884
7335 1408
9485 6312
9299 7930
9883 3031
357 8994
4442 479
1334 3473
1635 6966
6297 9584
5782 266
3945 9674
8970 9738
9392 7098
5031 7233
9463 7208
9932 1906
4266 4782
16 7589
6890 1856
7636 5791
1132 2711
3548 1236
8362 4567
3811 7641
6575 3193
7039 9844
6071 8429
323 5890
6562 4983
4398 7722
7001 6279
724 2459
1181 9054
1051 1070
1131 8505
4186 4210
6354 144
2413 2049
9618 9326
5144 9819
4623 828
157 6750
4518 9906
5497 340
1390 3137
5754 1002
4251 7325
2134 5566
153 1332
4096 3610
346 947
1868 2643
6985 2574
3227 1895
8421 8795
8777 8202
6389 3790
6688 8609
1349 9395
59 908
7306 8057
780 9491
4283 6924
2693 9008
1854 8181
9300 6606
6580 6785
4568 5916
3493 544
2541 7531
1189 6595
7756 8477
2378 2105
1108 2295
2822 1317
8444 763
3484 6464
9608 7687
2510 751
3366 793
9999 5242
7668 8787
5357 8737
3956 7028
4979 717
1508 2674
4026 4456
7362 5385
5192 6270
3810 275
4658 4500
6675 5495
5707 4170
8745 7338
873 8786
474 9846
6803 2467
4989 9208
7269 4251
9914 3772
5647 1375
8115 748
9525 805
1564 2126
6088 2831
3326 7422
5816 1545
6454 1151
3098 2987
863 1552
3330 682
4414 5122
1555 970
2359 8196
8793 1030
9685 6063
9700 646
3818 915
4324 5407
7824 7021
6916 4860
8109 2067
7965 5778
1667 2818
8545 4495
942 411
2190 2201
3469 8974
1426 6479
3307 4306
2642 8674
722 1952
8195 8066
8505 724
5074 4278
3419 4516
7182 8315
4292 1059
5589 824
6800 2070
2041 6819
2940 9631
7340 4735
7213 2963
4976 8265
7693 5322
5687 2937
6005 6571
730 6641
3410 2865
3361 1105
6691 4800
5102 833
4142 6301
2528 9929
6149 4286
8776 2728
7399 6711
7262 3534
4949 8878
4104 332
3859 7147
5671 3558
7719 6106
1140 9092
415 4778
8548 9832
2252 9709
7766 835
5000 4876
7775 1679
1076 6731
3167 7329
8208 8682
9774 6692
1258 865
9400 5121
3732 1190
4073 749
4878 8274
8202 906
6546 5985
3823 9637
979 258
29 1840
4591 6361
6690 3300
8801 2791
9110 6308
1765 7512
2361 2272
2783 2772
418 8688
8027 9468
8278 4832
4836 9754
865 8017
6728 3561
8399 5564
5142 1776
1691 2332
6657 494
9816 8761
8684 2619
1870 5943
8276 5828
8855 5031
6172 726
6137 9686
8945 2418
3977 8681
4461 868
9020 1368
1736 1729
9627 8103
4419 516
2793 5576
1050 5043
4725 4660
1756 9763
6750 8392
1683 9323
4307 7793
6300 4313
1596 9764
3688 4875
7197 6809
2162 3603
1458 1041
9656 5095
2734 5249
8488 7723
8429 4207
5831 9219
3077 9047
1707 8488
328 1182
1613 250
1227 6976
2026 2721
8691 2619
5696 943
6605 6865
9335 1893
1263 1604
835 2220
5951 851
1431 3770
8652 3024
9495 7319
1344 7857
9050 5088
