800 212 400 15 738
3 2 1 8 5 10 3 3 2 5 2 10 2 1 5 4 6 5 2 2 1 7 5 5 4 4 5 2 4 1 3 6 2 1 11 2 3 2 3 5 3 2 2 5 1 7 4 1 1 5 6 4 1 1 2 3 3 1 3 8 1 1 4 2 2 4 9 3 11 4 1 3 4 8 5 7 4 4 9 1 1 7 6 5 3 4 5 14 1 5 3 4 1 3 10 5 7 3 1 1 3 5 1 3 2 5 3 10 2 5 2 2 2 1 2 1 3 3 3 8 3 2 5 4 1 1 6 1 4 8 6 7 1 1 18 1 3 6 3 12 1 1 1 3 3 5 1 4 11 7 1 1 8 1 1 2 4 3 12 4 1 4 8 5 2 1 5 3 3 1 3 1 1 2 3 5 1 3 1 5 2 14 3 2 1 4 2 4 1 3 5 4 1 1 1 4 3 3 4 1 3 1 6 2 2 4 2 2 12 3 2 11
9123 9189 399 465
2220 2734 5722 6236
356 379 2957 2980
5531 5549 8467 8485
6340 6799 8763 9222
1554 1910 1107 1463
1076 1112 3431 3467
8190 8363 8451 8624
5439 5857 1124 1542
6653 6718 3142 3207
3409 3747 5616 5954
3117 3512 3268 3663
8405 9067 2644 3306
0 146 3628 3927
6516 6531 8057 8072
431 756 1984 2309
7735 8297 5874 6436
5532 5617 8153 8238
4073 4238 4229 4394
1147 1244 5379 5476
9100 9170 9460 9530
2308 2404 6847 6943
1397 2029 1036 1668
8130 8808 8210 8888
8154 8365 6574 6785
3379 3567 367 555
5060 5700 8148 8788
5048 5725 3718 4395
1533 2190 1682 2339
6214 6618 41 445
8187 8426 2100 2339
8228 8634 9103 9509
3519 4197 2904 3582
631 899 9665 9933
1811 2098 5605 5892
466 809 1658 2001
1541 1832 9348 9639
7271 7972 6646 7347
3446 4171 1049 1774
9205 9678 6594 7067
5835 6567 810 1542
4058 4643 1301 1886
4467 4674 5837 6044
4782 5022 6266 6506
5685 5814 8890 9019
9787 10000 4451 5183
4355 4612 9877 10000
8895 9147 3522 3774
7899 8455 5291 5847
5060 5578 8375 8893
5592 5891 4393 4692
1016 1079 1254 1317
4270 4534 9755 10000
2839 3288 1152 1601
8981 9156 9457 9632
1566 1808 8605 8847
1501 1652 1118 1269
5355 5635 1529 1809
1820 2056 9388 9624
6353 6795 6242 6684
2919 3215 6463 6759
3411 3523 8007 8119
3222 3473 5819 6070
3939 4195 8389 8645
6005 6291 295 581
311 816 156 661
7798 8154 5290 5646
9575 10000 5840 6348
8137 8785 9136 9784
1552 1729 8314 8491
8924 9447 8876 9399
5655 5744 453 542
6830 6944 4036 4150
1750 1855 4092 4197
5089 5567 6738 7216
6369 6384 575 590
7855 8508 4569 5222
73 423 4219 4569
7474 8172 4220 4918
7299 8031 3485 4217
2677 2900 65 288
4714 4822 3139 3247
3863 4082 2566 2785
3464 3520 5451 5507
6711 7420 0 474
6814 7008 674 868
6780 7052 9696 9968
9642 10000 3141 3623
1920 2292 5824 6196
4464 5184 5422 6142
3313 3805 8893 9385
3304 3561 5352 5609
5436 5862 8812 9238
5940 6312 7890 8262
3092 3599 9030 9537
8720 8950 7017 7247
1016 1737 5406 6127
4179 4507 7312 7640
1196 1575 3663 4042
9534 9671 3737 3874
9716 9962 2317 2563
1132 1526 9612 10000
5443 5500 5256 5313
5943 6647 2654 3358
7203 7803 738 1338
7084 7521 3622 4059
9214 9493 8683 8962
1047 1501 6437 6891
1008 1708 3951 4651
256 554 3375 3673
9046 9283 708 945
1787 1969 6880 7062
3965 4287 645 967
7330 7656 4654 4980
5099 5211 5577 5689
4171 4188 8332 8349
7062 7754 4123 4815
9444 9811 2313 2680
836 862 7165 7191
7095 7691 79 675
0 304 3976 4464
2622 2863 6076 6317
93 441 1813 2161
8290 9012 4271 4993
793 1370 546 1123
3980 4281 6377 6678
7446 7587 6392 6533
9311 9774 185 648
7856 7880 8237 8261
3432 4112 4097 4777
2281 2638 7395 7752
2984 3169 5270 5455
457 631 6992 7166
6978 7185 9354 9561
964 1675 1685 2396
5292 5520 9590 9818
5929 6122 9142 9335
2353 3033 0 317
365 847 5819 6301
7596 8275 6756 7435
792 1287 2596 3091
4912 5086 2344 2518
5278 5888 8381 8991
7551 7814 6540 6803
7599 7916 9336 9653
1072 1751 6548 7227
7685 8218 7342 7875
5708 5831 6971 7094
3370 3378 4367 4375
8379 8920 4645 5186
1536 1801 5105 5370
559 934 1989 2364
5877 5977 8987 9087
0 382 5656 6068
3774 4190 7258 7674
7717 8414 1437 2134
9680 9776 2225 2321
6088 6092 8658 8662
8283 8832 7408 7957
6636 6672 9246 9282
2507 3238 4193 4924
2567 2809 9406 9648
5308 5534 6716 6942
4244 4367 3569 3692
7881 8351 3174 3644
5381 5916 5699 6234
4469 5110 425 1066
2124 2520 7018 7414
7414 7643 7313 7542
6454 6696 4075 4317
3102 3256 2383 2537
2745 2814 6865 6934
4519 4624 334 439
2770 3173 2028 2431
2186 2865 3249 3928
4119 4399 5283 5563
9468 9864 4509 4905
1350 1542 3749 3941
4347 4826 5972 6451
176 255 1801 1880
0 211 3911 4625
4076 4106 69 99
6580 6597 7925 7942
4001 4146 2092 2237
1349 1616 8352 8619
3226 3452 8844 9070
2505 3016 713 1224
7043 7566 1185 1708
8664 9330 947 1613
2886 3447 1108 1669
6616 7087 6471 6942
7913 8519 597 1203
4401 4588 8282 8469
6123 6399 2020 2296
9700 9844 3444 3588
6913 7636 7132 7855
5822 6397 3055 3630
2063 2288 6820 7045
9072 9192 5221 5341
2132 2514 9813 10000
6398 6480 8257 8339
9265 9822 6204 6761
4460 5068 8597 9205
1635 1803 4040 4208
4213 4880 958 1625
7678 8367 436 1125
2315 2645 2690 3020
4128 4502 6803 7177
322 597 1174 1449
3565 3801 1805 2041
0 346 2911 3482
5678 6280 1892 2494
3320 4002 5911 6593
8111 8186 5477 5552
7002 7652 7916 8566
5348 5684 5063 5399
146 806 7716 8376
237 710 2014 2487
81 351 8085 8355
6933 7291 171 529
5080 5164 948 1032
5599 6317 1447 2165
5538 6117 8123 8702
4719 5439 2374 3094
2552 2901 955 1304
2155 2325 26 196
4589 4809 3703 3923
9029 9553 6921 7445
1028 1156 6905 7033
6018 6456 3028 3466
8175 8576 3861 4262
7225 7895 8163 8833
231 518 9688 9975
7054 7076 9503 9525
6673 6824 4558 4709
6504 6673 7072 7241
9114 9210 8016 8112
6779 6937 7078 7236
6346 6825 2887 3366
7326 7423 3097 3194
6530 6659 6461 6590
686 1082 265 661
7266 7754 7015 7503
1575 2191 3737 4353
4945 5313 6997 7365
6498 6663 931 1096
7820 8048 4593 4821
1798 1952 5236 5390
7018 7068 9481 9531
4169 4808 7940 8579
2902 3223 4293 4614
5218 5323 6346 6451
1761 2357 8240 8836
8425 8519 1285 1379
680 1116 9032 9468
0 589 4784 5395
2930 3247 240 557
5683 6214 1933 2464
5329 6048 46 765
6822 6944 2222 2344
3789 4392 6586 7189
1878 2272 5515 5909
9 44 6126 6161
8704 9218 2659 3173
1494 2201 1428 2135
5413 5457 278 322
2354 2835 8042 8523
800 834 3051 3085
4724 4762 4966 5004
1491 1586 8827 8922
9108 9702 5060 5654
340 774 1068 1502
1158 1534 5604 5980
1346 1852 1266 1772
409 515 3565 3671
827 884 4627 4684
9821 9946 7929 8054
1055 1438 362 745
5125 5225 6192 6292
1783 2162 9743 10000
1915 2220 7419 7724
5788 5864 2652 2728
6905 7105 5266 5466
4776 5482 8752 9458
6763 7307 8528 9072
6657 6723 4971 5037
7107 7762 2088 2743
2206 2242 442 478
7768 7835 7886 7953
5293 5818 6169 6694
792 973 2709 2890
7018 7257 6936 7175
4342 4476 3881 4015
1015 1364 6230 6579
5009 5124 4222 4337
3687 4046 4582 4941
7497 8121 271 895
7073 7336 9423 9686
1694 1947 2800 3053
4793 4804 3024 3035
1049 1476 9761 10000
3653 4015 7382 7744
6382 6803 1873 2294
2773 3210 7618 8055
4463 4891 7471 7899
1425 1894 3974 4443
118 827 9345 10000
4471 4770 8793 9092
5383 5531 626 774
1040 1113 2818 2891
2901 2914 7527 7540
6769 7298 8644 9173
6639 6796 2696 2853
9403 9597 259 453
3485 3770 9348 9633
2767 3317 7009 7559
0 363 6661 7230
3983 4400 8247 8664
0 632 3119 3842
3920 4637 3178 3895
5527 5795 9871 10000
9652 10000 4613 5089
234 816 6653 7235
1712 2399 8335 9022
3392 3526 8084 8218
3717 4160 8111 8554
3601 3840 8479 8718
6765 7254 7569 8058
9283 9806 6261 6784
4962 5137 9143 9318
5208 5309 6419 6520
2684 2886 7502 7704
2563 2840 807 1084
8942 9092 4388 4538
6388 6883 4862 5357
6593 7107 8532 9046
3383 3448 7836 7901
6865 7050 2734 2919
3262 3903 9645 10000
7527 7721 5449 5643
57 164 6533 6640
7610 7784 6438 6612
8827 8903 2915 2991
2185 2336 3034 3185
5053 5788 8275 9010
44 743 3656 4355
1092 1311 8823 9042
4004 4152 9389 9537
1418 2021 2496 3099
9531 9939 20 428
9415 9962 4583 5130
5528 6019 8486 8977
1308 1853 3679 4224
5748 6225 8118 8595
2899 3255 2412 2768
2534 3047 9022 9535
1815 2427 873 1485
8420 9062 5347 5989
7005 7466 4467 4928
4957 5209 8610 8862
1729 2332 1520 2123
1294 1452 7945 8103
7854 8262 8048 8456
3204 3672 2636 3104
7584 7930 7187 7533
6131 6237 2480 2586
0 351 1475 2213
8536 8938 2922 3324
9308 9773 7154 7619
439 463 3804 3828
360 940 4895 5475
1220 1817 6689 7286
6333 6850 280 797
543 947 2453 2857
3968 4662 2623 3317
315 497 4806 4988
4021 4192 6920 7091
8856 9326 6182 6652
193 848 1166 1821
7794 8216 8244 8666
3020 3649 7379 8008
1063 1566 7158 7661
2164 2759 7864 8459
35 256 377 598
8859 9422 2339 2902
1909 1957 445 493
7026 7214 7227 7415
8800 8891 6596 6687
4287 4461 6366 6540
1981 2379 2851 3249
1257 1756 3046 3545
8703 9388 4608 5293
1614 2241 2901 3528
9799 10000 4252 4499
511 1035 5136 5660
82 699 2903 3520
1406 1598 6307 6499
6104 6306 1949 2151
7862 8146 1117 1401
5603 5923 6811 7131
3745 4382 8323 8960
4555 5058 6656 7159
346 378 1173 1205
162 770 708 1316
2041 2710 8905 9574
8896 8950 2261 2315
5959 6496 8768 9305
9506 10000 597 1190
8106 8131 1837 1862
424 1004 0 158
6900 7130 8576 8806
3386 3851 1700 2165
9741 10000 5259 5552
2168 2698 3305 3835
5721 6045 2447 2771
8959 9692 9053 9786
3717 4194 522 999
57 772 7584 8299
5513 5967 6460 6914
7253 7606 7045 7398
3247 3316 4896 4965
7657 7685 1541 1569
8726 8750 9883 9907
1188 1607 4092 4511
2190 2798 7906 8514
2806 2870 8576 8640
7469 8066 6747 7344
7916 8572 2203 2859
2795 2993 8334 8532
3459 3737 6693 6971
4393 4436 6246 6289
4917 5213 485 781
3327 3660 7342 7675
8134 8841 93 800
4558 5124 7102 7668
6064 6463 7194 7593
1667 2055 965 1353
0 269 7062 7644
8168 8864 2518 3214
5989 6600 893 1504
9180 9704 1166 1690
4186 4612 1842 2268
5939 6668 8387 9116
3266 3903 637 1274
4537 4788 185 436
306 334 8556 8584
9966 10000 4969 5117
786 1500 8538 9252
4654 4709 8849 8904
3936 3992 8006 8062
789 1461 5224 5896
5273 5355 3041 3123
4344 4809 8735 9200
5381 5484 7928 8031
7278 7765 3457 3944
9280 9871 4070 4661
5230 5444 116 330
5240 5496 246 502
3132 3315 120 303
8015 8323 6737 7045
4260 4441 908 1089
2 382 3031 3411
8850 9014 9165 9329
6122 6841 5196 5915
684 1306 2211 2833
3801 4470 6251 6920
1584 1859 8756 9031
8950 9266 2067 2383
9672 10000 3646 3988
1766 2169 3860 4263
7783 8464 8737 9418
6627 6785 15 173
3287 3767 5188 5668
3795 4438 5597 6240
4505 5196 5730 6421
1651 1822 4576 4747
7145 7522 5666 6043
8806 9168 8656 9018
7462 8101 2283 2922
7909 8218 7571 7880
7129 7473 5337 5681
7301 7588 1469 1756
2705 2846 9644 9785
1429 1750 2840 3161
3024 3720 2868 3564
6274 6594 4818 5138
418 692 4241 4515
36 723 3769 4456
3728 3911 698 881
8308 8997 3877 4566
3251 3567 1133 1449
3365 3619 1886 2140
5476 5968 1394 1886
7422 7778 1859 2215
5444 5696 8997 9249
112 730 6242 6860
3778 3999 301 522
3518 3737 4600 4819
5816 6245 4428 4857
4390 4790 8732 9132
50 141 7647 7738
5811 6422 4306 4917
3477 3971 4436 4930
2817 2850 8460 8493
5425 5810 2802 3187
420 965 4145 4690
3866 3927 793 854
7438 7483 6159 6204
5741 6212 117 588
848 991 3031 3174
528 856 3197 3525
1967 2529 8667 9229
9840 10000 4212 4435
9267 9448 8236 8417
2905 2938 3713 3746
4287 4614 6623 6950
7232 7445 5932 6145
7475 7520 1136 1181
3162 3896 6110 6844
8132 8289 1798 1955
3317 4043 7405 8131
3648 3836 903 1091
0 337 8673 9019
8222 8527 505 810
3819 4232 5201 5614
2476 3174 4642 5340
4213 4260 208 255
1475 1629 9185 9339
2341 2473 7216 7348
2357 2888 4739 5270
8641 9239 7829 8427
2897 3195 4295 4593
2577 2854 1082 1359
7089 7611 4243 4765
4455 4654 0 116
9168 9795 8271 8898
9354 9677 6602 6925
2498 2773 6474 6749
4989 5138 798 947
7500 8137 6528 7165
7658 8062 7207 7611
914 1512 3999 4597
1003 1224 2875 3096
4385 5087 7590 8292
2658 2882 5584 5808
7469 7567 9081 9179
6423 6843 6547 6967
512 722 7701 7911
5644 6265 4119 4740
4814 5286 5657 6129
4720 4721 6410 6411
8349 8585 2044 2280
5991 6437 5711 6157
7452 7964 4876 5388
9777 10000 8607 9174
7888 8397 5937 6446
9675 9847 3325 3497
1626 2132 6773 7279
6864 7114 5202 5452
2264 2582 957 1275
4654 4876 7739 7961
4826 5161 4067 4402
4960 5662 5338 6040
2413 2480 164 231
9913 10000 4297 4507
2091 2500 4557 4966
3 189 1443 1629
0 119 9002 9383
1500 1952 558 1010
9630 10000 321 806
7879 8061 270 452
3130 3735 46 651
0 239 89 430
5320 6011 8629 9320
1823 2240 8007 8424
3643 4251 792 1400
2296 2580 725 1009
9173 9342 9525 9694
260 562 6797 7099
1790 1948 7698 7856
4890 5198 5702 6010
667 1278 4744 5355
3091 3448 6656 7013
9269 9738 6526 6995
3584 3817 1045 1278
7389 8041 3988 4640
1070 1766 7575 8271
8227 8624 2395 2792
2310 2459 5381 5530
993 1197 7140 7344
1664 1705 7163 7204
7291 7884 3448 4041
5422 5520 3854 3952
7910 7919 6663 6672
6743 6863 2973 3093
1539 2159 7456 8076
965 1410 7323 7768
1398 2107 758 1467
8802 9240 7762 8200
9939 10000 7932 8069
838 920 6466 6548
7303 7797 2689 3183
8486 8779 2601 2894
7326 7694 1420 1788
2022 2064 9845 9887
4369 4658 7515 7804
464 1005 3292 3833
7330 7701 2062 2433
9739 9901 1310 1472
939 1303 6164 6528
9516 9893 7470 7847
1674 1998 4065 4389
2121 2219 8540 8638
4596 5133 0 349
3213 3439 0 204
8753 9248 3977 4472
7869 8501 8633 9265
8890 9027 7187 7324
7739 8393 2824 3478
4971 5104 8438 8571
5400 5954 8458 9012
5345 5869 5045 5569
3447 3988 4546 5087
6788 7427 5717 6356
9826 9992 5288 5454
8665 9329 9517 10000
344 359 1597 1612
7406 7433 911 938
929 1468 3070 3609
837 1543 8071 8777
8104 8364 6184 6444
9883 10000 5508 5771
513 1189 3465 4141
6462 6488 2897 2923
3608 3858 2568 2818
4595 4949 7791 8145
7209 7827 3677 4295
1127 1268 9300 9441
5656 5711 8241 8296
3093 3561 4555 5023
4191 4867 9181 9857
9877 10000 7383 7724
2009 2146 4311 4448
6094 6601 5709 6216
8074 8807 8541 9274
7198 7774 7086 7662
5999 6079 2455 2535
7781 8182 7370 7771
809 921 5605 5717
2390 2792 2313 2715
8945 8971 4844 4870
7889 8001 9630 9742
2829 3069 1671 1911
9940 10000 1442 1566
9282 9597 385 700
3082 3340 7362 7620
6741 7133 9233 9625
9321 9332 1805 1816
1784 1852 4625 4693
7343 7849 1950 2456
7114 7223 1306 1415
1597 2077 8512 8992
4581 4587 7635 7641
463 654 4801 4992
4238 4946 5632 6340
3916 4334 5738 6156
8878 9334 4662 5118
6407 6727 7560 7880
7331 7756 3842 4267
6614 6852 1818 2056
4363 4656 934 1227
6749 7439 7295 7985
5004 5487 7730 8213
9146 9565 7233 7652
4866 5108 5401 5643
1474 1964 8285 8775
1710 2095 152 537
2389 2704 9555 9870
9601 9887 5843 6129
1634 1876 5893 6135
2838 3386 2163 2711
7629 7700 2905 2976
4563 4726 5716 5879
6715 7135 5814 6234
3156 3203 1054 1101
8207 8583 5969 6345
9284 9552 7197 7465
7891 8093 4035 4237
3753 4023 3336 3606
8117 8675 1717 2275
3736 4394 5655 6313
4483 4516 5572 5605
7122 7411 873 1162
730 909 4143 4322
221 954 5392 6125
5491 5621 1360 1490
8214 8593 4152 4531
5518 5536 8559 8577
9306 9630 1217 1541
2913 3071 8493 8651
4277 4315 3008 3046
497 688 1272 1463
7985 8358 1410 1783
9459 9974 5516 6031
1033 1515 9155 9637
3488 4053 2153 2718
7051 7779 2233 2961
1809 2098 5700 5989
0 515 7166 7898
1158 1737 0 418
8664 9153 2598 3087
8569 9141 4717 5289
8319 8592 5230 5503
8418 8854 5320 5756
481 803 507 829
7336 8014 1463 2141
0 283 338 1035
4976 5293 409 726
4872 5107 6508 6743
6030 6424 2007 2401
5070 5711 6762 7403
5574 5577 4535 4538
1913 2094 4929 5110
1691 1802 6934 7045
4700 5232 9877 10000
2053 2164 1641 1752
5446 5693 5080 5327
3779 4243 2852 3316
1510 1810 4138 4438
5827 6310 495 978
5963 6472 5553 6062
8824 9192 9163 9531
3986 4607 1542 2163
1110 1184 7386 7460
3179 3258 6261 6340
573 981 4958 5366
5549 6176 3546 4173
5424 5499 9392 9467
7968 8290 3128 3450
2017 2465 7040 7488
2945 3506 4508 5069
2457 2504 2488 2535
6912 6955 7904 7947
5830 6489 5232 5891
2069 2663 6663 7257
3135 3512 2180 2557
6657 7041 6980 7364
5324 5882 3062 3620
6723 6883 77 237
4556 5043 2695 3182
5459 6000 3664 4205
3994 4675 7091 7772
9568 10000 5870 6334
2525 2805 1305 1585
9088 9463 3348 3723
6772 7320 3305 3853
8058 8179 5104 5225
8967 9355 5223 5611
6035 6265 806 1036
6382 6529 6003 6150
3662 4244 2512 3094
7517 7843 4303 4629
4116 4167 547 598
8375 8574 5127 5326
2550 2844 9539 9833
7163 7468 778 1083
2505 3132 3200 3827
7010 7108 2903 3001
3650 3968 8760 9078
4312 4370 2344 2402
5819 6108 4093 4382
6575 7065 5754 6244
4119 4430 6417 6728
0 463 8089 8557
4367 4698 864 1195
9407 9442 1197 1232
5165 5378 554 767
277 562 6416 6701
1124 1197 8755 8828
7902 8004 3689 3791
4794 5085 8850 9141
8334 8434 296 396
9224 9348 6818 6942
8175 8402 3662 3889
1930 2396 707 1173
3716 3869 1398 1551
9364 9425 1093 1154
1688 2410 0 560
5336 5663 9476 9803
7921 8347 1497 1923
8084 8158 4719 4793
709 1366 4962 5619
3238 3888 9046 9696
4063 4151 7122 7210
6495 6694 8491 8690
6329 6690 4847 5208
7278 7754 1246 1722
54 581 2513 3040
4074 4292 3538 3756
1749 2062 6300 6613
9156 464
2624 5724
359 2967
5535 8476
6556 9086
1808 1217
1095 3461
8241 8531
5656 1323
6693 3197
3541 5764
3466 3339
9050 3135
45 3748
6529 8070
754 2001
7796 6026
5575 8237
4122 4244
1200 5443
9162 9492
2359 6909
2028 1582
8139 8664
8154 6612
3420 420
5348 8259
5084 4359
1809 2123
6216 182
8284 2276
8476 9113
3748 3105
877 9892
1858 5651
716 1722
1677 9540
7520 6774
4022 1516
9478 6800
5957 1475
4538 1403
4626 5991
4869 6356
5730 8970
9796 5153
4432 9887
9083 3774
8033 5824
5334 8581
5755 4556
1062 1305
4274 9963
3065 1212
9000 9560
1607 8727
1588 1176
5540 1755
1852 9518
6735 6484
2995 6631
3453 8045
3374 5997
4016 8501
6129 505
709 324
7799 5379
9905 5919
8152 9307
1679 8468
9422 8952
5723 493
6866 4043
1841 4101
5566 6922
6377 577
8271 4575
405 4351
7601 4882
7824 4104
2690 106
4796 3161
3983 2784
3509 5472
7201 151
6899 677
6936 9791
9985 3575
2210 6099
4825 5594
3671 9348
3359 5503
5737 8863
6290 7931
3160 9511
8930 7241
1049 5680
4403 7487
1273 3892
9607 3765
9891 2434
1265 9692
5490 5266
6374 3323
7715 873
7102 3679
9418 8736
1429 6548
1116 4139
358 3666
9190 755
1823 6932
4226 744
7380 4763
5191 5679
4184 8343
7338 4575
9446 2672
858 7165
7489 455
260 4460
2822 6180
270 2155
8550 4876
1074 838
4181 6485
7579 6420
9342 289
7862 8242
3980 4597
2490 7508
3093 5342
613 7089
7130 9453
1256 2157
5352 9704
6082 9177
2798 1
754 6028
7794 7428
904 2694
5001 2383
5647 8755
7759 6620
7823 9506
1277 7212
7789 7359
5714 7014
3371 4374
8645 5075
1758 5252
795 2075
5952 9041
193 5808
4070 7347
8308 1750
9770 2308
6092 8659
8736 7433
6672 9266
2569 4492
2759 9510
5504 6904
4287 3660
8104 3397
5784 6054
4866 946
2306 7105
7422 7442
6585 4167
3118 2387
2793 6934
4544 372
3084 2184
2233 3697
4275 5378
9853 4642
1498 3866
4785 6082
176 1803
59 4414
4090 91
6591 7931
4054 2209
1398 8573
3394 9057
2623 1067
7150 1445
8930 1113
3430 1216
6641 6598
8091 1034
4423 8376
6176 2227
9815 3480
7321 7485
6115 3109
2158 6872
9074 5301
2389 9900
6418 8320
9777 6271
4893 9001
1693 4042
4734 1430
8207 765
2360 2712
4422 7091
589 1257
3650 1847
126 3250
6042 2229
3744 6068
8182 5536
7278 8026
5661 5375
749 8348
404 2137
97 8225
7026 409
5091 995
6017 1889
6025 8666
5406 3007
2776 1259
2291 187
4687 3751
9215 7024
1106 6911
6111 3270
8176 3939
7416 8723
346 9870
7063 9521
6780 4619
6593 7080
9173 8016
6800 7163
6403 3363
7400 3154
6595 6503
1025 569
7537 7219
1730 4251
5017 7218
6628 1019
7923 4648
1804 5277
7026 9518
4169 8565
2916 4612
5302 6451
1881 8651
8489 1305
732 9329
279 5057
3072 527
5846 2015
5871 156
6870 2321
3837 6742
2061 5748
40 6158
8756 2906
1555 1710
5424 281
2824 8270
827 3073
4743 4981
1507 8837
9665 5373
509 1399
1228 5703
1614 1457
462 3600
852 4672
9892 8040
1278 378
5205 6232
1935 9990
2012 7432
5824 2727
7012 5369
5280 9069
7300 8966
6707 4999
7222 2459
2241 470
7833 7914
5340 6301
917 2768
7161 7025
4473 3920
1354 6316
5117 4323
3918 4814
7988 618
7182 9540
1744 2907
4801 3030
1396 9868
3734 7503
6575 2289
3028 7647
4872 7828
1540 4313
341 9921
4694 9001
5431 720
1055 2853
2909 7528
6807 9127
6688 2750
9551 298
3592 9594
2913 7502
10 7111
4389 8288
497 3462
4145 3392
5586 9960
9793 5078
236 6945
2250 8647
3430 8152
3810 8483
3810 8695
7011 7724
9467 6334
5132 9246
5291 6446
2846 7697
2614 1075
8957 4436
6652 5017
6890 8720
3419 7871
6993 2786
3282 9715
7636 5604
159 6599
7776 6495
8872 2988
2216 3165
5481 8293
655 4229
1198 8984
4118 9488
1676 2941
9896 348
9817 4632
5870 8525
1437 4089
5762 8437
2924 2485
2553 9350
2112 1233
8589 5449
7119 4612
5080 8800
1985 1622
1323 8095
8188 8058
3366 2820
7692 7192
6133 2483
159 1841
8587 3248
9414 7619
442 3812
370 5192
1424 6693
6477 706
815 2796
4561 3164
439 4874
4184 7040
9004 6646
326 1360
7988 8316
3190 7433
1470 7533
2405 8159
70 434
9132 2372
1937 485
7152 7407
8807 6613
4427 6433
2105 3180
1748 3288
8973 4829
2202 3157
9979 4308
924 5260
179 3262
1414 6339
6231 1983
8071 1281
5831 7036
4106 8741
4937 7038
368 1202
245 1256
2516 9081
8919 2288
6347 9122
9841 718
8109 1850
528 50
6946 8659
3728 1782
9944 5413
2395 3689
5868 2769
9539 9369
3792 869
367 7957
5888 6716
7606 7352
3294 4965
7659 1556
8728 9885
1318 4325
2425 8445
2806 8592
8019 7056
8066 2750
2916 8349
3645 6910
4401 6257
5031 735
3330 7647
8288 370
4993 7181
6134 7283
1939 988
57 7280
8806 2813
6398 940
9539 1244
4320 2055
6155 9029
3330 730
4657 298
321 8561
9999 4970
1060 9176
4654 8904
3953 8036
995 5762
5288 3090
4767 8767
5399 7931
7472 3583
9689 4344
5419 189
5310 347
3309 127
8117 6842
4416 997
47 3242
8850 9218
6224 5469
959 2277
4125 6357
1803 8760
9147 2290
9965 3982
2133 4002
7910 9271
6770 34
3674 5423
4160 5871
4559 6207
1773 4724
7355 5880
9157 8739
8007 2690
8071 7683
7435 5381
7361 1513
2763 9782
1622 3003
3108 3272
6292 5050
666 4306
594 4223
3804 813
8763 3941
3341 1230
3383 2077
5619 1678
7612 2056
5594 9009
114 6485
3973 495
3645 4758
6067 4497
4424 8768
127 7695
6293 4867
3771 4859
2838 8464
5630 3124
565 4416
3885 821
7479 6183
5898 543
936 3139
714 3281
2184 9035
9925 4309
9414 8285
2905 3720
4530 6681
7401 5944
7504 1166
3742 6436
8156 1840
3838 7720
3812 990
19 8812
8485 587
4100 5507
2670 5304
4235 225
1506 9316
2455 7253
2541 5123
8806 8084
2993 4501
2699 1088
7531 4369
4519 114
9655 8399
9672 6893
2657 6691
5041 888
8057 6925
7746 7549
1433 4310
1206 3060
4585 7605
2744 5750
7497 9122
6684 6598
520 7755
5992 4264
5039 5739
4720 6411
8373 2080
6211 5830
7517 5368
9802 8813
7918 6406
9743 3481
2000 7144
7016 5388
2533 1079
4870 7758
4921 4375
5071 5885
2475 199
9949 4372
2336 4702
162 1474
14 9155
1605 680
9942 802
8018 406
3201 64
109 265
5591 8803
2033 8234
3747 1286
2554 1000
9336 9594
307 7091
1887 7703
5055 5841
776 4967
3260 6852
9430 6557
3696 1131
7799 4360
1749 7589
8238 2733
2412 5434
1082 7183
1675 7182
7341 3997
5448 3916
7912 6666
6784 3008
2154 7830
1203 7722
1880 981
8894 8082
9970 7997
878 6517
7445 3128
8683 2787
7500 1437
2046 9847
4418 7799
517 3827
7482 2169
9759 1333
1155 6174
9593 7776
1718 4162
2173 8560
4776 309
3415 149
8948 4266
8182 8766
8917 7312
8190 3112
5004 8550
5738 8716
5704 5337
3829 5030
7152 6130
9905 5362
8742 9935
353 1602
7408 932
1275 3248
1441 8533
8231 6274
9976 5526
612 3951
6478 2921
3697 2796
4884 7990
7457 3832
1165 9378
5697 8279
3188 4778
4284 9514
9950 7539
2046 4424
6251 5961
8101 8718
7674 7506
6060 2528
8035 7703
838 5658
2433 2399
8967 4860
7954 9660
2887 1728
9949 1539
9304 639
3182 7558
7096 9520
9329 1816
1832 4690
7768 1986
7141 1339
2033 8778
4584 7635
546 4949
4634 6101
4112 6143
9269 4759
6417 7612
7723 3891
6678 1853
4414 1057
6880 7597
5212 7984
9156 7559
4916 5628
1803 8526
2042 334
2610 9661
9693 6030
1651 5951
3352 2179
7667 2945
4683 5806
7046 6090
3203 1097
8528 6192
9426 7343
7942 4186
3843 3521
8326 2265
4174 5987
4515 5591
7275 1011
890 4244
313 6069
5547 1452
8583 4469
5535 8575
9464 1328
2918 8651
4279 3026
687 1325
8241 1438
9669 5670
1361 9435
3879 2705
7390 2296
2041 5945
104 7475
1653 408
9017 2934
8694 5168
8377 5381
8674 5689
795 774
7955 1886
106 408
5254 714
4927 6589
6170 2185
5685 6872
5575 4538
1966 4984
1787 7002
5056 9994
2072 1748
5513 5159
4232 2857
1633 4147
6206 902
5989 5585
8874 9310
4404 1604
1152 7399
3225 6271
694 5183
5613 3823
5493 9458
8176 3445
2189 7072
3371 4908
2463 2498
6946 7921
6163 5838
2606 6794
3407 2211
7009 7293
5636 3411
6881 179
4619 3093
5466 3794
4633 7461
9727 5938
2618 1449
9196 3449
6892 3700
8072 5159
9162 5548
6256 807
6383 6011
4188 2614
7631 4373
4158 553
8441 5179
2574 9612
7467 913
2964 3563
7028 2967
3778 8764
4334 2379
6048 4362
6704 6007
4234 6460
239 8454
4536 867
9427 1226
5361 723
555 6513
1149 8820
7976 3724
4794 9030
8334 317
9320 6866
8380 3854
2284 718
3856 1537
9387 1134
1952 516
5540 9710
7997 1689
8139 4776
1339 5399
3326 9179
4145 7132
6598 8619
6403 5204
7637 1562
497 2587
4187 3701
2049 6315
