800 127 400 12 1188
5 8 3 1 2 2 12 20 15 3 6 1 15 2 5 2 6 1 1 1 5 1 5 4 11 9 1 4 7 1 2 5 2 3 3 4 2 3 4 8 6 2 3 3 19 1 13 3 2 5 19 6 3 4 10 4 13 1 31 3 11 6 3 3 9 1 3 3 3 5 16 1 2 7 6 1 3 7 3 5 1 8 1 15 18 2 8 4 5 1 8 11 1 10 7 2 17 10 3 9 25 1 1 16 17 7 5 16 9 2 6 1 8 10 5 14 1 9 13 2 1 9 8 3 8 15 3
3797 4567 275 1045
3162 3861 7843 8542
370 967 1507 2104
9610 9651 3192 3233
562 1364 6011 6813
8566 8928 2450 2812
3899 4194 1410 1705
3987 4416 105 534
8430 9328 4453 5351
4858 5559 5682 6383
4481 5148 7948 8615
6755 6934 1535 1714
9263 9383 186 306
8191 8758 3674 4241
5703 6662 6045 7004
4201 4858 6354 7011
5530 5763 830 1063
9539 9926 833 1220
7265 8138 1266 2139
2498 3163 3915 4580
9570 10000 9765 10000
2244 2986 5599 6341
4078 4953 3440 4315
4357 4566 9118 9327
5992 6838 0 518
6582 6886 2350 2654
5496 5579 7140 7223
6656 7055 382 781
8920 9442 8007 8529
514 1600 0 376
2301 2881 3122 3702
3118 3898 6087 6867
6515 6808 8392 8685
1560 2303 0 516
7192 7333 3034 3175
3337 4254 324 1241
611 746 5212 5347
5616 6462 2115 2961
1214 1753 4536 5075
298 790 3826 4318
8618 8834 2133 2349
8199 9168 1279 2248
9581 10000 6485 7440
3110 3442 6757 7089
8803 9356 6354 6907
5291 5834 3621 4164
4754 5501 5516 6263
872 1586 4301 5015
5653 5927 7032 7306
6916 7110 4854 5048
8039 8860 6841 7662
1288 1658 1980 2350
5684 6155 568 1039
1156 1493 2026 2363
8945 9112 4871 5038
9242 9694 1134 1586
5848 6567 6716 7435
6186 6575 9797 10000
3813 4390 7756 8333
0 812 5598 6683
6804 7060 0 245
3345 3606 9212 9473
6490 7262 509 1281
8835 9045 5934 6144
939 986 6508 6555
6862 7095 2658 2891
308 1347 5340 6379
6353 7108 5341 6096
4918 5515 7529 8126
0 183 1370 2088
8672 9309 267 904
8797 9099 7785 8087
6284 6947 1318 1981
6147 6800 2083 2736
95 1092 9858 10000
2471 3372 8614 9515
3894 4175 9298 9579
8915 10000 2486 3600
1 1006 1999 3004
5736 6856 0 1120
2660 2921 5609 5870
5697 6713 1090 2106
7863 7993 8865 8995
204 839 2984 3619
762 942 3835 4015
605 1543 1162 2100
6304 7272 6628 7596
7971 8480 6252 6761
2520 2919 8979 9378
1106 1792 4758 5444
4280 4331 4921 4972
5311 5593 5288 5570
4586 5082 4737 5233
6571 7529 7863 8821
2722 3305 7691 8274
741 1690 4294 5243
1939 2665 4328 5054
5756 6902 3027 4173
7351 8091 1902 2642
0 273 8930 9353
2467 2898 340 771
5901 6258 5258 5615
7349 7541 2047 2239
1683 2154 5259 5730
6074 6960 1261 2147
7268 7582 829 1143
4023 4218 3452 3647
3266 3425 3028 3187
8971 10000 7933 8964
6571 7004 4083 4516
4215 4464 9389 9638
3814 4144 3376 3706
2012 3156 4087 5231
81 348 8321 8588
9188 9968 6542 7322
3389 3586 6870 7067
9042 9841 1406 2205
7001 7432 275 706
5575 6620 2979 4024
8876 9228 2433 2785
9260 10000 4753 5707
1648 2633 8093 9078
0 316 7967 8909
7978 8520 7353 7895
761 1327 4174 4740
5643 5757 1400 1514
5461 6321 568 1428
6739 7847 8950 10000
5324 5965 1488 2129
354 1167 0 223
8898 9474 4494 5070
489 1256 4636 5403
954 1773 6363 7182
5434 5891 9109 9566
9293 9960 5929 6596
3039 4151 53 1165
3115 3388 6900 7173
5849 6627 1601 2379
5562 6233 2881 3552
0 207 2982 3266
1111 2019 6402 7310
9543 10000 4434 5050
2991 3491 5567 6067
2860 3539 3383 4062
5484 6157 6940 7613
4672 5756 6875 7959
1641 2648 2531 3538
8933 9422 4070 4559
4140 4623 6710 7193
2044 2377 3912 4245
13 1037 865 1889
816 1217 4985 5386
8016 8474 9407 9865
6113 7022 9710 10000
6821 7187 6546 6912
2358 3386 6096 7124
1599 1861 8042 8304
7302 7407 9308 9413
2861 3699 3946 4784
1685 2144 4621 5080
7508 8036 87 615
4912 5548 8713 9349
3400 3655 4638 4893
4571 5650 8325 9404
3128 3661 3505 4038
4051 4366 4987 5302
8719 9019 7402 7702
2630 2744 195 309
7309 7513 837 1041
7157 7421 7500 7764
2997 3488 2581 3072
7554 8356 7607 8409
7957 9030 8998 10000
7307 8449 8057 9199
4223 4810 7937 8524
5487 6196 4948 5657
7995 9079 2881 3965
1351 2255 1880 2784
3300 4342 4498 5540
9180 9253 3143 3216
7919 8363 8101 8545
6168 6634 9318 9784
1314 1496 8181 8363
4913 5680 0 767
8157 8370 432 645
3056 3885 3789 4618
4309 4706 8727 9124
8518 9398 4529 5409
5040 5172 6475 6607
9767 10000 4701 4980
0 486 5456 6104
5896 6378 0 439
2796 3632 4943 5779
7423 7984 7538 8099
9086 10000 632 1766
8447 9544 1949 3046
1634 2221 0 477
6971 7252 541 822
7161 8049 5927 6815
4077 5257 9602 10000
4940 5812 3132 4004
4287 5277 9158 10000
5916 7071 4609 5764
7121 7679 6942 7500
5274 6209 2761 3696
3066 3171 8297 8402
4082 4836 8335 9089
2472 3558 3722 4808
2710 3045 5337 5672
5898 6778 1011 1891
4171 4277 8901 9007
1850 2920 0 993
3916 4112 6616 6812
9423 10000 4762 5701
4599 4610 1423 1434
5172 6038 9464 10000
5583 6541 4380 5338
5029 5254 6065 6290
4647 5018 13 384
7260 7621 4412 4773
6519 6995 7 483
2811 3233 3188 3610
1 703 213 915
2622 3673 5460 6511
6346 6382 9160 9196
7118 7968 7019 7869
2377 3097 3312 4032
3944 4755 6258 7069
9056 9170 6642 6756
2334 3168 8926 9760
143 866 3023 3746
2315 3361 5253 6299
6351 6968 5634 6251
3927 4347 2264 2684
7328 7580 4350 4602
4828 5544 6631 7347
3588 3592 7106 7110
8217 8863 3930 4576
6242 7387 2205 3350
2135 3173 8889 9927
7848 8645 1228 2025
1687 2509 4036 4858
8537 9087 3528 4078
7474 8039 9225 9790
4305 4691 4114 4500
9318 10000 3970 4706
6986 8048 1795 2857
5652 6560 8219 9127
3968 4560 8345 8937
2103 2157 5539 5593
8144 8862 1370 2088
1207 2013 7549 8355
3045 3842 8770 9567
2674 3284 7230 7840
2972 3456 7007 7491
4388 5292 8725 9629
2174 2697 6735 7258
7838 8552 1667 2381
9059 9367 7783 8091
4382 4535 9046 9199
1404 1833 3525 3954
4417 4510 8451 8544
2970 3799 9198 10000
5922 6197 2023 2298
5248 5949 6654 7355
8104 8382 823 1101
568 1281 4215 4928
7588 7793 3576 3781
2279 3107 7497 8325
2932 4040 393 1501
4426 5207 5334 6115
484 1106 627 1249
5406 5862 7417 7873
7945 9079 5181 6315
7996 8712 5313 6029
8047 8184 1200 1337
6310 7156 1560 2406
9648 10000 4710 5544
1792 2893 3574 4675
7279 7865 9243 9829
0 510 3907 4822
4495 5504 8042 9051
7782 8412 1323 1953
8705 9096 3058 3449
7099 8087 3263 4251
4791 4955 822 986
9011 9130 4298 4417
5150 6212 1255 2317
2634 2892 9092 9350
147 1023 6904 7780
7308 7491 9611 9794
8029 9115 4506 5592
6094 6553 4348 4807
3477 4136 5416 6075
5875 6533 2276 2934
2307 3186 7644 8523
3934 5046 1325 2437
4154 5035 1772 2653
2278 3354 8732 9808
5013 5438 8400 8825
9632 9923 1060 1351
2108 2267 5949 6108
5431 6288 4439 5296
5967 6569 3400 4002
1886 2541 0 301
673 1413 2613 3353
2328 2547 95 314
7295 7508 8588 8801
2071 3139 5650 6718
7337 7392 8642 8697
4717 5029 9610 9922
8906 10000 5918 7054
350 586 7600 7836
5008 5415 2608 3015
1239 1986 0 589
3699 4878 5893 7072
5137 6179 4715 5757
2210 3360 5702 6852
2071 3235 8838 10000
1763 2165 3744 4146
8710 9712 3349 4351
4588 5557 4618 5587
0 411 7177 7636
7367 7903 7159 7695
6689 7205 2201 2717
5268 6107 6570 7409
7501 8543 370 1412
2353 2837 1268 1752
9722 9882 7499 7659
1980 3152 492 1664
393 1501 3680 4788
7592 7845 1482 1735
660 1824 0 1059
1561 1739 1366 1544
5143 5479 1460 1796
2583 3443 6033 6893
7035 7402 324 691
9464 9892 8382 8810
5919 7004 4151 5236
7768 8735 4876 5843
5369 6516 8861 10000
6144 6565 5265 5686
2080 3026 924 1870
9242 9402 2735 2895
4248 4916 4198 4866
5520 5672 0 129
6865 7555 6083 6773
7284 7551 3178 3445
1339 1876 7822 8359
821 1569 632 1380
7256 7636 8399 8779
4307 4525 7860 8078
1370 1431 2604 2665
6510 7430 8281 9201
8372 8875 1302 1805
6171 6555 6269 6653
7807 7863 2085 2141
2624 3807 0 397
9434 10000 4629 5233
4928 5806 4532 5410
0 670 1340 2036
9176 9802 8846 9472
6560 6927 2494 2861
1376 2232 3287 4143
9503 10000 2257 2994
7679 7935 1743 1999
7136 8004 2886 3754
2310 3044 2162 2896
2753 3473 65 785
8787 9862 8735 9810
6873 7425 9208 9760
3042 3353 1005 1316
2471 3570 8323 9422
2370 3320 5491 6441
4659 5201 2523 3065
2577 2711 3275 3409
2183 2630 8423 8870
1816 2312 3479 3975
2606 3350 3973 4717
4139 5276 9676 10000
7258 8035 3616 4393
4724 5759 5257 6292
16 294 4713 4991
5657 6109 9089 9541
2255 2918 4136 4799
7660 8203 5765 6308
4245 5184 4310 5249
5511 5687 1137 1313
269 461 1379 1571
6090 7114 4505 5529
4380 5044 8763 9427
5332 6457 3505 4630
4783 5179 1359 1755
8676 9047 2463 2834
6244 6463 848 1067
2744 2966 3039 3261
4576 5160 8273 8857
6743 7231 9242 9730
8672 9494 191 1013
6516 6986 7188 7658
0 606 3328 4058
4811 4947 2706 2842
4090 4940 6921 7771
3254 4050 442 1238
3110 3582 7040 7512
727 1448 847 1568
5894 6711 9149 9966
2064 2686 1732 2354
7442 7854 736 1148
560 986 7681 8107
319 894 7125 7700
340 817 3569 4046
0 499 1926 2628
1330 1853 579 1102
7094 7315 4059 4280
1880 2080 6641 6841
4483 4668 6746 6931
8953 9380 2555 2982
277 573 3034 3330
7730 8422 2628 3320
5635 6056 2566 2987
2754 3245 2723 3214
7084 7496 4249 4661
4979 5517 8644 9182
6842 7650 910 1718
3920 4092 9547 9719
1134 2140 6732 7738
0 473 2453 3435
9517 9663 5444 5590
1767 1884 1303 1420
211 453 5001 5243
7621 7755 4239 4373
3162 3445 3324 3607
7805 8642 1128 1965
2601 3606 0 912
2328 3413 4289 5374
3319 3881 2834 3396
8165 8982 999 1816
5957 6086 7047 7176
3426 4227 874 1675
4559 5367 8182 8990
7925 8704 5645 6424
8900 9178 4638 4916
9036 9432 9596 9992
4833 5532 202 901
3733 3805 1014 1086
8451 9227 5762 6538
3489 3686 3356 3553
3372 4359 4595 5582
9573 9767 9442 9636
7977 8524 8239 8786
7016 8085 7521 8590
5967 5971 3666 3670
3079 3865 5318 6104
5781 6334 5606 6159
4268 5253 7286 8271
6368 7235 7226 8093
6781 7423 973 1615
2308 2618 2373 2683
7746 8627 7971 8852
1387 2147 7366 8126
5596 6350 8849 9603
0 342 8482 9632
1237 1812 9383 9958
9084 10000 286 1235
5191 5272 1978 2059
262 1395 5292 6425
215 608 9494 9887
8273 9096 88 911
3882 4246 5170 5534
594 948 8402 8756
8905 9112 818 1025
7589 8707 6851 7969
9383 9435 3577 3629
9396 10000 3586 4283
6528 6962 6793 7227
6734 7627 2525 3418
9799 9800 6415 6416
5472 6104 2810 3442
0 343 0 564
5513 6667 5166 6320
338 719 9941 10000
5869 6593 7005 7729
1680 2580 5923 6823
7207 7872 204 869
9664 10000 6462 7212
3054 3611 3784 4341
469 1517 4060 5108
0 88 2932 3021
8923 9252 5246 5575
4300 4336 4538 4574
4042 4918 2677 3553
3152 3589 9231 9668
3348 4412 937 2001
1943 1969 6345 6371
3376 3626 0 233
833 1400 8834 9401
5083 5938 1421 2276
1637 1826 677 866
5293 5826 5802 6335
8227 9336 1050 2159
3820 4498 2754 3432
4979 5886 855 1762
6780 6872 4218 4310
3610 4213 2829 3432
2524 2984 9237 9697
2894 3481 9467 10000
13 1035 5489 6511
7816 8197 2360 2741
5587 6113 4700 5226
188 923 9211 9946
9435 9478 7500 7543
840 1508 4945 5613
9411 9980 5785 6354
8923 9194 6635 6906
5787 6438 6244 6895
4202 5153 8225 9176
0 625 7065 7823
248 384 8199 8335
6906 8062 1751 2907
5040 5167 8690 8817
6504 6520 8804 8820
6673 6909 2269 2505
1662 2678 7200 8216
3417 4418 4956 5957
4288 5374 7718 8804
2519 3420 9730 10000
7305 7982 603 1280
5633 6361 6084 6812
0 714 1805 2915
85 923 418 1256
4728 5717 317 1306
5920 6922 9176 10000
9043 10000 2798 3805
2095 2652 8245 8802
1786 2752 6717 7683
5813 6691 2309 3187
4423 5135 8667 9379
4169 4505 5965 6301
5234 5654 2319 2739
1910 2490 4777 5357
8185 9186 8377 9378
3992 4861 5211 6080
4889 5875 8928 9914
1183 2055 8647 9519
1658 1877 5877 6096
1210 1221 4070 4081
5774 6735 1896 2857
5336 5368 3018 3050
3713 4530 5673 6490
2815 3239 6842 7266
4323 4805 6349 6831
1191 1225 9179 9213
3492 3496 3684 3688
9840 10000 4948 5585
2188 2462 3148 3422
4822 5782 1749 2709
7081 8067 6399 7385
7908 8715 4427 5234
8034 8680 5339 5985
1080 1188 3718 3826
563 1578 2366 3381
5366 6373 7693 8700
4947 5511 9411 9975
6622 7239 5672 6289
7949 7976 9768 9795
8549 9478 976 1905
9541 10000 9568 10000
4743 5898 6288 7443
293 1350 5608 6665
5122 6268 7400 8546
4102 4175 4620 4693
7557 7912 501 856
4853 4899 4397 4443
9692 10000 4216 4550
3871 4343 0 94
4630 5286 3231 3887
8157 8785 8379 9007
4028 4553 907 1432
5630 6759 8575 9704
2845 3370 5665 6190
6884 7265 8797 9178
6018 6949 6743 7674
8802 9676 2667 3541
2406 2527 466 587
8110 8739 3321 3950
4849 5740 7003 7894
645 1173 2459 2987
4401 5005 4993 5597
5901 6619 4746 5464
381 628 3628 3875
7218 7983 1980 2745
3370 3845 8996 9471
899 1302 178 581
5509 6635 1550 2676
8637 9383 615 1361
3734 3954 1784 2004
4080 4931 6275 7126
9611 10000 1031 1450
1546 2283 3456 4193
9269 10000 6604 7365
7687 7782 3551 3646
7019 7163 3838 3982
2195 3220 374 1399
3419 3512 6617 6710
1074 1812 7715 8453
443 1525 1707 2789
7874 7876 6640 6642
3997 5143 3126 4272
7474 7600 1608 1734
8048 9023 3335 4310
5949 6142 6856 7049
2574 3633 6927 7986
7020 7049 2871 2900
8923 9167 9778 10000
4672 4708 7816 7852
6495 7087 7213 7805
8436 9041 7898 8503
2678 2878 1551 1751
8846 9773 2674 3601
375 1305 63 993
1089 1988 4956 5855
3304 4458 4956 6110
5515 5792 83 360
3004 3542 6389 6927
2597 3369 8762 9534
4121 4801 1277 1957
4070 5246 7657 8833
6775 7897 4270 5392
8619 9132 3136 3649
9282 10000 406 1253
7161 8225 3609 4673
1781 2375 7934 8528
8096 8175 4358 4437
7700 8656 1626 2582
4075 5262 1199 2386
7447 8443 387 1383
338 1141 8260 9063
5468 5988 946 1466
2600 2952 9649 10000
1940 2398 0 417
352 1090 4037 4775
1864 1976 5448 5560
5662 6358 5803 6499
9064 9998 3768 4702
6286 6847 5323 5884
7086 7299 9083 9296
2839 2977 2238 2376
4186 4725 7787 8326
0 741 2332 3131
3573 3954 7814 8195
2812 3107 936 1231
3673 4580 4110 5017
200 899 1558 2257
2071 2382 7541 7852
6263 6320 8603 8660
9265 9423 4565 4723
525 1477 8029 8981
9248 9657 2911 3320
6625 6663 1939 1977
0 861 7132 8282
9206 9778 505 1077
4773 5009 3968 4204
2206 3044 1380 2218
1420 1952 1634 2166
3197 3576 6244 6623
9719 10000 6621 6917
1981 2006 2170 2195
2609 3498 2941 3830
7772 8919 3661 4808
6084 6766 6151 6833
2938 4055 7332 8449
8014 8137 2815 2938
2270 3002 0 590
7005 8086 4228 5309
8862 9836 0 876
2307 3164 8116 8973
6895 7016 5977 6098
4722 4996 8451 8725
1790 1904 570 684
7883 8184 828 1129
1625 2260 9077 9712
4175 4664 7565 8054
9344 9832 339 827
5013 5478 3885 4350
2756 3370 643 1257
5010 5157 7713 7860
1420 2594 8432 9606
4845 5173 1293 1621
7058 8070 3002 4014
2234 2723 2051 2540
6914 7543 3076 3705
5504 6392 3263 4151
6735 7049 6703 7017
1698 2389 9323 10000
9134 9604 7026 7496
553 1457 2153 3057
9470 9669 710 909
9375 9677 6366 6668
5682 5920 3189 3427
8507 9578 4392 5463
8667 9788 4443 5564
3863 3936 5835 5908
7149 7619 6442 6912
8314 9381 8854 9921
8977 9625 3157 3805
35 1018 8984 9967
887 1109 7593 7815
1098 1950 1507 2359
680 745 440 505
6274 6355 7863 7944
9671 9970 1584 1883
6633 6794 3536 3697
7005 7259 6797 7051
1120 1983 5952 6815
5953 6915 9011 9973
3162 3742 5064 5644
8889 9409 8948 9468
3602 4621 3911 4930
6351 7441 6267 7357
4346 5314 8045 9013
0 300 5405 5844
965 1097 6680 6812
3392 3767 3468 3843
5636 6801 7591 8756
7622 7852 4209 4439
4203 4729 457 983
3947 4312 8015 8380
0 248 9501 10000
6786 7879 0 965
5564 6204 5727 6367
8358 8688 7838 8168
5439 5763 4876 5200
2715 2765 206 256
2170 2906 7355 8091
5303 6335 9001 10000
7032 7448 2112 2528
3840 4239 7908 8307
2414 2659 3118 3363
4913 5507 1605 2199
2055 2738 1429 2112
673 1660 3567 4554
3264 3912 6505 7153
1435 2094 6323 6982
3906 4294 5102 5490
7047 7540 653 1146
5143 5641 7940 8438
4263 5415 5578 6730
7632 7798 1628 1794
1701 2873 1608 2780
9237 10000 3894 4921
6926 7573 2890 3537
5883 5983 6926 7026
1174 2146 7458 8430
9026 9523 2116 2613
4461 5240 1295 2074
9821 9922 9608 9709
510 716 220 426
8651 9705 3643 4697
8932 9818 9369 10000
9403 9441 1146 1184
3415 3911 9284 9780
8279 9219 4840 5780
4926 5160 2076 2310
1609 2631 6989 8011
8795 9146 5537 5888
0 825 1540 2390
4096 4159 9473 9536
2123 2489 1911 2277
1361 2003 5026 5668
1229 1600 3995 4366
6983 6989 8389 8395
3247 3409 6820 6982
6248 7141 1312 2205
527 1604 4716 5793
4311 5419 2876 3984
8424 8754 5856 6186
8272 8702 914 1344
8144 8769 0 425
4886 5588 2626 3328
8526 9567 1472 2513
5745 6838 4806 5899
3212 3496 552 836
3212 3441 49 278
0 780 7742 8630
3418 4012 472 1066
9770 9960 2827 3017
9206 9472 7329 7595
4475 4966 9333 9824
7359 7579 4192 4412
7951 8828 4706 5583
1810 1866 9138 9194
278 436 6156 6314
7813 8378 3248 3813
5619 6737 502 1620
2494 2653 2487 2646
6581 6667 2922 3008
2639 2769 37 167
6294 7333 346 1385
2819 3226 6834 7241
4521 1031
3738 8325
523 1810
9638 3214
947 6663
8870 2774
4122 1416
4018 400
8831 5027
4897 6310
5035 8120
6786 1652
9276 303
8598 4012
6190 6588
4592 6483
5538 1014
9779 919
7863 1414
2730 4188
9775 9975
2493 5914
4705 3951
4533 9326
6213 297
6758 2618
5559 7147
6966 639
9319 8488
769 200
2303 3142
3861 6307
6690 8502
1679 405
7224 3084
3799 546
646 5215
5976 2564
1659 4804
316 3856
8740 2317
9133 1778
9660 6568
3306 6984
8848 6428
5403 3971
5354 5806
1432 5010
5734 7051
7090 4868
8045 7640
1520 2143
5771 816
1352 2355
9040 4916
9401 1175
6081 6758
6204 9944
4268 8014
693 5968
6944 148
3452 9460
7098 1137
8967 6117
986 6541
7011 2728
1315 5929
6922 5537
5512 8123
74 1420
9049 326
8881 7956
6572 1903
6187 2320
643 9994
2584 9113
4152 9431
9535 2564
426 2518
5983 7
2730 5724
6399 1639
7919 8991
607 3522
769 3934
1427 1300
6397 7452
8441 6324
2564 9138
1425 5107
4296 4944
5492 5380
4665 5103
7244 8436
2753 8217
1170 4700
2391 4366
6019 3775
7762 2259
272 9092
2613 345
6226 5479
7499 2120
1954 5612
6551 1540
7554 859
4190 3531
3369 3169
9540 8734
6656 4382
4226 9428
4076 3587
2599 4885
274 8378
9529 7099
3494 6902
9296 2155
7050 553
5595 3055
9136 2730
9360 5088
2359 8532
101 8229
8006 7826
1148 4268
5650 1475
5937 1418
7634 9362
5647 1651
1065 141
9128 4878
1069 4953
1709 6742
5633 9510
9416 6488
3784 993
3171 6958
6501 2238
5987 3348
191 3171
1562 6771
9555 5010
3044 5892
2875 3715
6146 7311
4946 7068
2351 2955
9050 4294
4489 7169
2178 4226
496 1654
832 5318
8207 9510
6903 9793
6890 6825
2409 7047
1637 8142
7396 9313
3271 4354
1936 5040
7993 466
5201 8739
3454 4856
5199 9037
3651 3840
4134 5154
8934 7405
2706 206
7444 910
7220 7525
3092 2666
7881 7747
8157 9027
7988 9085
4726 8372
6097 5185
8792 3719
1884 2140
3772 5106
9188 3166
8282 8341
6321 9747
1425 8263
5514 408
8280 469
3628 4514
4605 9124
9279 5022
5095 6600
9846 4840
169 5885
5977 195
2822 5020
7550 7932
9989 1141
8529 2688
1791 296
7060 619
7324 6182
4403 9902
5761 3141
4688 9674
6080 5162
7643 7169
5793 3006
3143 8388
4813 8912
2574 4770
2819 5659
5907 1632
4201 8910
2235 197
4081 6800
9681 5583
4607 1426
5711 9952
5906 5002
5243 6257
4740 18
7466 4576
6910 129
3038 3351
311 337
3567 6242
6354 9173
7510 7130
2901 3858
4437 6295
9133 6677
2921 9182
786 3306
2463 5906
6584 5911
4217 2404
7451 4597
5301 7037
3592 7108
8799 4095
6702 3108
2403 9845
7929 1467
1890 4104
8948 4046
7809 9682
4385 4391
9783 4203
8015 2269
6190 8904
4547 8408
2114 5571
8673 1782
1933 8100
3186 8945
2685 7418
3182 7255
5141 8831
2598 6944
8269 1892
9363 7972
4511 9083
1817 3858
4447 8490
3279 9969
6116 2255
5659 7196
8205 902
769 4604
7788 3745
2516 8266
3279 660
4546 6053
880 1038
5634 7492
8278 5581
8317 5706
8107 1333
6324 2167
9725 5170
2869 3773
7654 9339
227 4478
4498 8374
8245 1891
8892 3232
8066 3706
4812 968
9088 4330
5383 1887
2788 9257
217 7088
7456 9634
8480 5282
6231 4651
4053 5817
5962 2690
3126 7691
4872 2388
4494 2383
3304 9151
5437 8492
9845 1217
2141 5976
5654 4505
6427 3620
2312 181
1027 3257
2387 224
7507 8694
2730 6478
7373 8655
4768 9895
8916 7025
463 7773
5253 3011
1440 196
4837 6046
6051 4736
3299 6780
3074 9659
1951 3940
8804 3555
5211 4766
58 7195
7885 7322
6908 2266
5627 7006
7678 1069
2588 1707
9759 7619
2038 906
753 4107
7675 1652
842 545
1702 1480
5452 1462
2762 6332
7347 620
9650 8705
6868 4297
8130 5067
6146 9674
6516 5373
2692 1669
9334 2869
4598 4588
5643 100
7095 6630
7286 3331
1404 7838
1553 929
7385 8778
4524 7881
1420 2661
7295 8654
8792 1553
6232 6486
7828 2102
3592 66
9945 4978
5769 5149
421 1501
9694 9330
6891 2558
2026 3499
9563 2576
7901 1927
7314 2954
2626 2431
2837 121
9572 9339
7372 9380
3273 1312
3022 8737
2474 6170
4957 2765
2665 3330
2434 8465
2099 3782
3158 4435
4257 9902
7505 3861
4927 6185
198 4895
5833 9404
2540 4703
8168 6271
4609 5245
5628 1163
407 1515
6360 5276
4969 9171
5582 4518
5040 1448
8889 2614
6401 870
2864 3058
4795 8303
6892 9674
9026 731
6631 7634
8 3589
4912 2716
4395 7658
3275 951
3478 7310
1215 951
5939 9484
2226 2054
7600 821
839 8092
628 7396
697 3712
361 2482
1780 784
7099 4088
2069 6830
4622 6913
9014 2928
311 3128
8124 3254
5688 2941
2765 2962
7170 4311
5311 8906
7070 982
3978 9654
1671 7430
265 3183
9623 5587
1877 1417
380 5014
7637 4320
3319 3402
8104 1805
3039 433
2739 4455
3571 3293
8948 1236
6043 7168
3502 1452
4688 8513
8497 6191
9160 4803
9308 9787
5267 210
3765 1051
8922 5928
3554 3429
3567 5198
9635 9586
8263 8490
7600 7961
5971 3667
3499 5327
6063 5665
4465 7678
6424 7630
6955 1407
2406 2633
8446 8508
1871 8077
5750 8923
312 9492
1275 9561
9806 1199
5229 1993
729 5653
257 9647
8393 864
4158 5449
690 8721
8922 1023
7676 7345
9425 3621
9789 3974
6556 6856
7105 2920
9799 6416
6006 3113
48 95
6184 6119
595 9943
6317 7033
2178 6397
7558 625
9684 7051
3452 3944
822 4680
13 2950
9208 5398
4317 4556
4339 2954
3162 9577
3884 1541
1964 6365
3483 60
1101 9007
5107 2236
1701 698
5801 5984
8333 1280
4464 3315
5181 1586
6815 4263
3911 3195
2661 9463
3117 9520
1003 6372
7945 2661
5966 4710
906 9738
9443 7519
1459 5603
9698 6138
8982 6675
6342 6494
4333 8679
251 7336
375 8334
7871 2487
5051 8791
6506 8815
6753 2327
2156 7802
3643 5256
4967 8180
3242 9858
7490 1176
6171 6329
76 2865
784 877
5578 990
6822 9886
9779 3269
2118 8597
2334 7611
6639 2409
4988 9374
4345 6050
5380 2569
2377 5339
9056 9014
4459 5741
4986 9397
1332 9515
1868 5921
1220 4076
6676 2747
5356 3024
4129 6324
3152 7028
4501 6515
1217 9184
3496 3684
9997 5377
2219 3248
5368 2287
7478 6858
8619 4676
8126 5659
1182 3768
1027 3208
5840 8080
4998 9546
6904 5806
7954 9795
8845 1028
9713 9667
4863 6532
1168 6201
5983 7893
4113 4671
7909 617
4886 4418
9872 4463
4186 16
4745 3658
8513 8542
4240 1432
6460 8941
3002 6088
7123 8851
6620 7333
9496 3372
2453 557
8679 3737
4890 7723
1061 2678
4702 5250
6113 5194
462 3632
7700 2321
3414 9155
927 581
6373 2643
9301 803
3864 1922
4252 6454
9880 1107
1894 4118
9330 6997
7772 3603
7019 3940
2895 1278
3461 6630
1737 7915
858 2132
7875 6642
4009 3549
7503 1611
8506 4209
5955 6957
3040 7247
7047 2899
9122 9827
4689 7818
6495 7676
8853 8093
2833 1698
9590 3329
1011 132
1713 5298
4191 6014
5767 196
3173 6622
2942 9369
4669 1315
4603 7811
7606 4629
8694 3142
9767 1245
7440 4365
1912 8427
8163 4412
8055 1842
5038 2247
7688 867
1049 8914
5971 1187
2728 9800
2056 239
881 4391
1903 5464
5662 6155
9439 3907
6466 5362
7284 9180
2936 2267
4440 8108
179 2986
3917 8003
2843 973
4373 5005
834 1822
2177 7558
6314 8634
9392 4685
1201 8256
9262 3215
6629 1945
458 7947
9726 565
4996 4015
2748 1765
1809 2083
3264 6484
9852 6796
1993 2192
2863 3142
8318 4245
6309 6366
3969 8197
8100 2898
2594 527
7758 4932
9370 542
3031 8447
6994 6058
4768 8488
1891 586
7940 914
2171 9176
4471 7907
9768 799
5412 4266
2997 1068
5085 7742
2392 8946
4893 1416
7843 3452
2247 2486
7027 3556
6038 3441
7027 6916
1884 9907
9459 7435
767 2760
9638 891
9540 6464
5771 3320
9219 4862
9471 5480
3895 5875
7296 6874
8530 8924
9613 3396
1013 9254
1077 7644
1117 1882
726 452
6313 7913
9834 1879
6729 3686
7046 6865
1216 6721
5971 9652
3198 5257
8894 9063
4327 4355
6480 6890
5115 8371
291 5564
966 6804
3714 3682
5802 8331
7743 4306
4506 663
3951 8210
100 9525
7610 572
6189 5759
8368 7847
5635 4879
2765 227
2425 7526
5560 9424
7340 2381
3887 7964
2587 3188
5230 1880
2470 2041
1286 4048
3538 6580
2059 6617
4202 5380
7185 690
5385 7944
5054 6151
7760 1655
2781 1947
9856 4005
7075 2992
5963 6945
1188 7538
9038 2221
5199 1410
9842 9624
623 313
8915 3792
9420 9486
9437 1168
3713 9488
8660 4950
4993 2093
2138 7690
9102 5583
278 1893
4144 9509
2325 2024
1813 5235
1270 4208
6984 8389
3310 6931
6637 1379
1427 4955
5219 3144
8589 5924
8371 1082
8482 166
5208 3215
9371 2473
6312 5383
3399 722
3395 254
521 8459
3431 1049
9857 2829
9214 7399
4614 9421
7492 4362
8434 5081
1851 9191
370 6196
8219 3635
6470 738
2598 2612
6642 2984
2729 87
6350 1026
3226 7209
