800 197 400 6 644
1 3 2 2 1 5 11 2 1 3 1 4 1 4 22 2 7 1 5 1 1 6 1 2 1 1 7 1 1 4 8 10 3 1 1 2 3 2 2 5 1 2 2 13 13 4 3 4 1 4 1 8 13 1 7 2 4 7 9 2 6 6 10 1 4 3 1 1 4 4 6 1 2 3 6 1 7 4 13 3 1 3 3 3 2 4 2 7 6 12 1 12 3 1 11 4 11 1 1 1 2 1 3 1 1 2 2 4 5 3 8 5 2 8 4 1 1 1 4 1 2 2 6 9 4 7 1 4 1 2 1 3 2 21 2 6 5 1 1 8 10 2 10 3 2 1 4 6 5 3 8 1 3 4 9 4 2 4 4 2 1 3 3 7 3 7 1 1 2 3 11 3 2 1 1 13 4 1 3 2 1 4 1 1 13 1 2 8 7 1 6 10 1 10 7 1 3
3625 3689 9506 9570
6473 6512 2830 2869
3779 4076 9004 9301
4021 4215 623 817
5264 5533 5915 6184
5947 6477 4492 5022
8602 8673 1476 1547
6522 6544 605 627
3554 3672 1591 1709
8299 8745 16 462
4569 4815 3030 3276
3242 3562 6368 6688
2881 3427 1388 1934
9617 9963 3726 4072
5814 6147 3395 3728
2996 3594 7195 7793
0 461 3196 3750
5733 5844 928 1039
4417 4687 8254 8524
8188 8419 5129 5360
8422 8593 6745 6916
9128 9202 933 1007
6587 6644 7716 7773
232 720 274 762
1111 1748 3596 4233
1815 2412 4343 4940
9399 9442 4319 4362
7621 7811 6924 7114
2159 2638 5623 6102
7775 7912 4884 5021
6404 6783 1551 1930
9866 10000 3152 3410
302 846 7369 7913
7578 8058 8679 9159
7202 7338 3956 4092
8392 8689 7026 7323
0 172 3105 3313
8961 9337 3025 3401
4773 4894 6611 6732
2147 2354 3517 3724
6019 6579 1315 1875
841 975 5900 6034
5955 6183 5860 6088
8616 9221 299 904
8252 8252 85 85
3987 4348 2675 3036
7968 8003 794 829
380 508 4026 4154
8895 9367 7294 7766
517 675 7899 8057
6370 6425 9090 9145
5829 6200 3668 4039
3317 3653 2237 2573
7184 7791 2440 3047
5147 5715 2193 2761
4968 5560 5668 6260
4901 5529 177 805
1703 1762 4453 4512
3736 4302 5577 6143
8478 8943 5684 6149
7118 7165 5636 5683
1409 1762 5462 5815
7380 7913 4780 5313
3579 3955 6064 6440
2995 3328 7968 8301
5763 6016 1239 1492
5414 5593 309 488
4251 4603 399 751
7366 7866 8095 8595
283 660 0 367
5829 6230 9641 10000
5943 6207 7915 8179
0 219 9844 10000
5291 5899 2839 3447
8389 8454 3990 4055
5817 6088 72 343
7500 7635 2196 2331
1403 1897 1705 2199
7733 7966 2084 2317
9579 9939 3767 4127
8479 8743 7575 7839
8752 9019 9733 10000
3253 3318 3552 3617
6100 6252 9090 9242
2361 2643 6276 6558
1539 1669 953 1083
7058 7109 6352 6403
576 1023 4964 5411
5431 6012 6842 7423
3164 3714 593 1143
7090 7415 4623 4948
2224 2812 7079 7667
4596 5046 8985 9435
6762 6816 3338 3392
3383 3410 2926 2953
6094 6656 4140 4702
5091 5121 7890 7920
4026 4417 8167 8558
1616 1772 2516 2672
0 53 5253 5493
1109 1339 8635 8865
2590 2744 3555 3709
8561 8953 7877 8269
2482 2876 793 1187
5006 5438 3836 4268
9582 9948 7360 7726
436 453 5121 5138
3184 3536 2044 2396
7125 7325 2591 2791
328 372 5075 5119
6381 6746 7348 7713
6623 6940 7135 7452
2663 3245 4927 5509
5167 5566 5149 5548
4089 4298 6559 6768
212 225 4340 4353
1440 1543 7022 7125
5540 5902 2939 3301
5315 5820 1622 2127
5984 6380 8542 8938
4841 5440 4143 4742
256 782 2877 3403
813 1318 515 1020
838 1413 9184 9759
6635 6842 284 491
7989 8210 3002 3223
2244 2740 2895 3391
1267 1687 4544 4964
7132 7500 6481 6849
1615 1841 5300 5526
5850 6098 6257 6505
9755 9838 8811 8894
2612 2773 3501 3662
4401 4480 3104 3183
2135 2555 6149 6569
6809 6921 4456 4568
8490 8874 7105 7489
5922 6244 5912 6234
2841 3169 5312 5640
6374 6490 1210 1326
3465 3976 4898 5409
2918 3535 3080 3697
3428 3776 5415 5763
9567 10000 7844 8322
2559 2632 6540 6613
7251 7544 7139 7432
7714 8070 37 393
3903 3965 7668 7730
3415 3585 2452 2622
7154 7639 8787 9272
1962 2170 3480 3688
9537 10000 500 1067
5560 6088 0 381
6838 6949 9112 9223
790 873 1875 1958
5761 6403 2405 3047
1775 2213 6804 7242
2955 3495 4907 5447
3303 3317 324 338
7941 8510 5761 6330
6206 6645 9537 9976
4321 4492 8088 8259
1805 2155 4127 4477
971 1132 1918 2079
9421 9683 6078 6340
8997 9021 2089 2113
578 1158 7539 8119
838 1414 6150 6726
7187 7595 6003 6411
4883 5471 9558 10000
6308 6789 56 537
3327 3499 1293 1465
7675 8137 6140 6602
9835 10000 9459 9921
5754 5877 3763 3886
9056 9276 1870 2090
3911 4474 4863 5426
7257 7412 4293 4448
2773 2824 3070 3121
4155 4218 3641 3704
9773 9992 7924 8143
2734 3198 4680 5144
7425 7719 2933 3227
8540 9110 7471 8041
568 1010 8228 8670
3983 4109 5866 5992
2477 2526 7457 7506
632 1211 5522 6101
9774 9781 157 164
1339 1831 2186 2678
5473 5712 2450 2689
3082 3596 8446 8960
2889 3514 8546 9171
1145 1358 5025 5238
1869 2343 4934 5408
15 572 5421 5978
8362 8396 7847 7881
8672 9062 3186 3576
421 885 8678 9142
6689 6967 1499 1777
4408 4662 2329 2583
8792 9156 1812 2176
2659 3095 3297 3733
8670 8919 5881 6130
595 930 9835 10000
3669 3754 9648 9733
8964 9121 8781 8938
102 408 4676 4982
6345 6683 3480 3818
9145 9386 5571 5812
771 1077 1470 1776
2400 2978 1462 2040
4446 4863 1140 1557
3750 3949 9626 9825
387 940 7016 7569
9498 9678 8945 9125
4501 4602 3083 3184
868 1223 3589 3944
4150 4320 6035 6205
4325 4341 5190 5206
8518 9105 4102 4689
8839 9046 9592 9799
3521 3955 6071 6505
9777 10000 479 1103
1421 2062 1383 2024
1829 1930 8010 8111
6294 6686 9638 10000
3458 3501 1972 2015
3771 4059 4334 4622
849 1235 6352 6738
3669 4254 647 1232
818 1393 3454 4029
3201 3322 9464 9585
4941 4976 8985 9020
6856 6999 8563 8706
7692 7708 3032 3048
2384 2481 5520 5617
8395 8460 5325 5390
3315 3730 3750 4165
6841 7309 1354 1822
776 1369 4567 5160
7892 8084 7294 7486
6725 6834 5172 5281
8716 9114 5596 5994
4741 5144 8363 8766
9000 9553 2903 3456
6043 6118 7591 7666
7288 7766 3210 3688
6204 6359 2328 2483
6161 6449 2957 3245
0 425 8476 9075
3232 3259 269 296
1331 1341 3211 3221
1333 1846 4272 4785
4740 4835 2616 2711
221 260 9636 9675
4643 5244 4511 5112
6460 6464 3417 3421
5439 5696 4669 4926
6828 7232 5570 5974
4555 5078 8329 8852
626 1151 2723 3248
6326 6776 3367 3817
6726 7181 7130 7585
3669 4124 1965 2420
7925 8047 5078 5200
9218 9483 5376 5641
3125 3372 4444 4691
6162 6176 5509 5523
3882 4308 5952 6378
931 1210 8925 9204
9621 9883 3912 4174
9257 9329 974 1046
4402 4746 4111 4455
5100 5328 5045 5273
6599 6749 8405 8555
2408 2852 3649 4093
7821 8083 1752 2014
7438 7555 16 133
5506 5631 3236 3361
6129 6399 3935 4205
5246 5628 4697 5079
3961 4545 7663 8247
3917 4494 6449 7026
6631 6667 1242 1278
3275 3400 7745 7870
8395 8731 1576 1912
7100 7666 108 674
731 1187 1703 2159
2443 2941 6184 6682
4174 4223 929 978
2330 2680 3270 3620
619 1226 628 1235
3014 3077 1267 1330
1966 2006 5169 5209
398 557 7966 8125
3154 3281 4951 5078
9173 9612 9623 10000
8474 8825 8478 8829
9333 9603 4198 4468
5842 6005 9000 9163
5144 5635 7571 8062
2351 2666 3121 3436
6933 7136 9580 9783
7111 7471 7 367
8172 8571 8423 8822
9604 9886 6001 6283
830 836 9628 9634
9654 10000 2096 2701
1245 1729 8655 9139
731 760 9083 9112
8888 9424 876 1412
7223 7803 912 1492
9700 10000 8728 9246
6251 6649 2909 3307
6190 6754 8346 8910
2434 2821 2649 3036
4632 4971 540 879
1158 1201 7340 7383
9176 9494 9422 9740
6409 6692 4459 4742
2229 2784 9575 10000
1124 1514 5733 6123
7537 7540 3552 3555
6296 6707 281 692
7476 7749 6319 6592
5764 6212 0 232
5701 5856 8705 8860
7414 7862 3985 4433
9513 10000 2470 3020
752 1389 7156 7793
6078 6183 3062 3167
0 270 2925 3519
1010 1287 761 1038
4539 4939 768 1168
5313 5743 2694 3124
2937 3436 7491 7990
2320 2945 6547 7172
6399 6423 7487 7511
1063 1384 6065 6386
1653 1882 8849 9078
6043 6572 8695 9224
1873 2301 3247 3675
3556 4103 8797 9344
3348 3807 7611 8070
9402 10000 4211 4829
6768 6940 917 1089
8899 9058 4912 5071
5291 5373 5442 5524
4123 4574 2529 2980
2443 2977 6439 6973
2741 2815 6285 6359
7208 7257 8660 8709
9355 9605 4699 4949
9046 9619 3635 4208
5353 5622 671 940
2408 2596 7728 7916
6232 6517 684 969
8876 9253 7390 7767
6470 6513 904 947
2767 3292 503 1028
8266 8492 9582 9808
2551 2758 7146 7353
6893 6990 8351 8448
3817 4000 7526 7709
3550 3658 8132 8240
7891 8359 4111 4579
8493 8611 6898 7016
300 940 4676 5316
3593 3624 2068 2099
3039 3457 9572 9990
5508 5989 8766 9247
1601 2020 6638 7057
8561 8748 2495 2682
7328 7566 3295 3533
8019 8478 2859 3318
245 458 1252 1465
2175 2755 4717 5297
5887 6185 9740 10000
2313 2880 2319 2886
7716 8233 7902 8419
8454 8531 4151 4228
6026 6581 7425 7980
9690 9811 8538 8659
4500 4843 7498 7841
7036 7071 6599 6634
8969 9427 8362 8820
6352 6788 9544 9980
7100 7293 664 857
187 346 6414 6573
380 594 652 866
634 1139 9161 9666
9160 9406 2821 3067
639 912 8893 9166
2683 3054 8618 8989
3763 4382 986 1605
3387 3571 334 518
1315 1482 3526 3693
6291 6385 1326 1420
2602 2815 524 737
3077 3117 9703 9743
1957 2366 6866 7275
0 196 7937 8563
3346 3411 7123 7188
6687 6780 5505 5598
2270 2674 5175 5579
9476 9993 38 555
5394 5674 9419 9699
5822 5933 858 969
1701 2047 5797 6143
2697 3250 4559 5112
3348 3944 8763 9359
3273 3460 1184 1371
6453 6542 4335 4424
8509 8634 7114 7239
1929 2378 2123 2572
9728 9979 6855 7106
7966 8392 7503 7929
6789 7032 3917 4160
3800 4439 6561 7200
7308 7322 7668 7682
8908 9280 2201 2573
4387 4839 9044 9496
8235 8503 8689 8957
507 1112 8823 9428
6730 7358 5435 6063
5910 6199 6952 7241
989 1210 8189 8410
0 298 4402 4713
2665 3011 5343 5689
9698 9780 8322 8404
6077 6182 254 359
7681 8211 4703 5233
3628 3658 3494 3524
4135 4581 3193 3639
1944 2187 6672 6915
8805 9317 5374 5886
9271 9872 5760 6361
6349 6783 7336 7770
9377 9909 7858 8390
4720 5149 250 679
6226 6647 4453 4874
7830 7906 5724 5800
2259 2482 7034 7257
538 861 4375 4698
0 345 2072 2617
1389 1786 8493 8890
7814 7857 8465 8508
1273 1632 8969 9328
6738 7232 7919 8413
4978 5331 1621 1974
1389 1394 6089 6094
5132 5407 9206 9481
6836 7419 6386 6969
3413 3825 3752 4164
2386 2920 2469 3003
7402 8045 6436 7079
1587 1960 6977 7350
9453 9786 5136 5469
9911 10000 5488 5623
4967 5260 4262 4555
9153 9535 2025 2407
5966 6250 478 762
4962 5133 104 275
7258 7329 5045 5116
3942 4568 6059 6685
1670 1710 9513 9553
2041 2612 2606 3177
4365 4534 9946 10000
8280 8645 5174 5539
2660 2950 816 1106
8928 9517 2746 3335
0 306 1346 1856
3098 3681 5407 5990
1169 1792 5309 5932
1700 2233 6987 7520
5453 6051 3393 3991
8290 8880 5857 6447
9023 9584 7369 7930
750 1387 7142 7779
7592 7710 8064 8182
2994 3189 6685 6880
6906 7128 4488 4710
3553 4069 1993 2509
0 229 6344 6966
7380 7969 7869 8458
5979 6239 5979 6239
5310 5803 6351 6844
5053 5466 4783 5196
9175 9745 9439 10000
715 1012 1430 1727
1789 2307 7355 7873
1248 1870 7158 7780
1845 1888 8537 8580
7691 8027 2976 3312
5947 5995 3670 3718
2587 2749 5026 5188
2986 3136 4888 5038
5034 5473 9223 9662
9157 9571 9309 9723
5177 5235 4441 4499
2581 2935 3741 4095
7345 7409 9750 9814
6680 6839 4394 4553
7290 7405 3713 3828
5732 6341 5504 6113
7436 7604 6640 6808
1512 1647 5819 5954
3079 3487 5332 5740
9572 9785 8016 8229
7561 7944 8791 9174
3687 4038 7195 7546
8486 9095 2996 3605
6353 6582 20 249
2645 2957 2726 3038
4074 4277 5767 5970
435 520 1985 2070
6651 6908 3697 3954
9616 9820 2556 2760
3055 3642 2105 2692
271 505 7785 8019
2591 2965 1547 1921
5607 6076 4406 4875
3330 3801 3435 3906
1050 1624 7383 7957
9042 9354 3174 3486
8263 8717 8739 9193
5599 5675 3311 3387
7007 7623 4940 5556
871 1333 218 680
9828 10000 5952 6174
5530 5594 3816 3880
8089 8552 3667 4130
4326 4764 4814 5252
3098 3429 2650 2981
616 773 8217 8374
2527 3107 4752 5332
7232 7322 2608 2698
6811 7237 2365 2791
8569 9037 2388 2856
2265 2872 8544 9151
4235 4542 6920 7227
4100 4483 3520 3903
2116 2700 1240 1824
1222 1448 6591 6817
946 994 9050 9098
7355 7916 6771 7332
6251 6424 8416 8589
1537 1760 5566 5789
2443 2520 9600 9677
5413 5871 3284 3742
9563 10000 3207 3806
5568 5863 2901 3196
6861 7019 6809 6967
6083 6390 2206 2513
8525 8601 5635 5711
6888 7508 6434 7054
5859 6132 8157 8430
5021 5507 3421 3907
4110 4147 9778 9815
8963 9217 2639 2893
6512 7081 617 1186
9327 9336 8180 8189
3713 3957 4353 4597
4164 4613 9127 9576
6841 6884 1526 1569
7201 7784 1707 2290
6177 6261 5140 5224
9378 9519 4824 4965
7409 7622 668 881
8832 9158 5138 5464
3846 4366 4904 5424
3152 3207 2427 2482
520 1144 9145 9769
37 232 505 700
8933 9238 8954 9259
9523 9998 8307 8782
9424 9683 3173 3432
4882 4947 9360 9425
3914 4348 2083 2517
1575 1980 4221 4626
9663 9784 6863 6984
1141 1771 0 601
3914 4083 9343 9512
4257 4289 6290 6322
9040 9429 7837 8226
4279 4289 8326 8336
7246 7317 4499 4570
9734 9819 9893 9978
7746 7983 4820 5057
9563 9932 7688 8057
9254 9611 4901 5258
4297 4709 3846 4258
1824 2252 3555 3983
54 374 7230 7550
5149 5731 8262 8844
979 1395 7168 7584
9853 10000 5064 5606
9342 9478 7947 8083
4097 4624 446 973
5457 5876 9466 9885
4560 4719 6791 6950
1501 1875 4634 5008
7604 7782 6817 6995
3992 4128 3967 4103
3010 3103 6326 6419
1324 1575 4397 4648
6880 7446 5363 5929
4855 4908 4244 4297
1008 1409 1612 2013
4856 5306 0 220
9516 9562 9440 9486
2504 2915 822 1233
7659 8107 6680 7128
3287 3703 3420 3836
0 243 2057 2313
7124 7501 1384 1761
3092 3303 8851 9062
9062 9189 8880 9007
8430 8570 488 628
6900 7246 7904 8250
3676 4277 1251 1852
696 810 6202 6316
2100 2611 5631 6142
2246 2787 4876 5417
8388 8525 6816 6953
6172 6539 2802 3169
1063 1093 1714 1744
8614 9169 1107 1662
3162 3722 4721 5281
783 877 7277 7371
6418 6675 4561 4818
8969 8982 3781 3794
2579 3173 8442 9036
9097 9106 2734 2743
5562 6145 53 636
7185 7795 8200 8810
7896 7911 7891 7906
3014 3385 1085 1456
6374 6587 9352 9565
262 298 4112 4148
6458 6575 5686 5803
1731 2140 8272 8681
9556 9918 6732 7094
6563 6865 3598 3900
5938 6322 2657 3041
8443 8612 3397 3566
9236 9664 2052 2480
9896 10000 2665 3002
6624 6820 3488 3684
7910 8411 0 103
1039 1535 9457 9953
1057 1152 9900 9995
7899 8415 3106 3622
6913 7341 7542 7970
5472 5537 4440 4505
5451 5623 376 548
5313 5493 1390 1570
1878 2068 5961 6151
9260 9574 3172 3486
1070 1459 1678 2067
7209 7691 9310 9792
8676 8839 2626 2789
9228 9362 77 211
6743 6942 9376 9575
6875 7416 8908 9449
1876 1994 4311 4429
2273 2690 2080 2497
617 1090 7451 7924
8407 8808 1465 1866
4252 4349 4655 4752
300 903 3377 3980
2119 2605 4735 5221
3762 4083 6279 6600
3746 4286 8292 8832
1441 2011 6433 7003
3794 4176 1278 1660
3450 3589 8323 8462
4636 5131 7536 8031
4853 5097 2558 2802
9762 10000 6524 6889
7525 7967 5870 6312
3063 3399 5887 6223
1462 2007 1579 2124
6803 7331 3429 3957
4694 5103 2718 3127
8198 8577 9558 9937
4493 5090 7037 7634
2533 3038 5679 6184
3118 3461 8969 9312
9865 9901 1596 1632
8181 8466 347 632
1857 1968 7668 7779
3085 3377 3793 4085
861 1426 1628 2193
1855 2223 4685 5053
5493 5609 987 1103
6484 6871 9453 9840
6973 7174 6675 6876
5439 5662 5872 6095
6286 6365 8956 9035
6504 6899 3230 3625
9010 9497 2033 2520
1264 1356 2209 2301
1762 2173 904 1315
6914 7308 2975 3369
6394 7011 1614 2231
2019 2516 2364 2861
7592 7842 9785 10000
1565 1899 9210 9544
6931 7277 6046 6392
2806 3004 3495 3693
7201 7247 8636 8682
6434 6939 1371 1876
8316 8625 6802 7111
7447 7795 9483 9831
4328 4644 8227 8543
9272 9871 666 1265
8120 8347 193 420
4946 5400 4200 4654
6086 6681 9855 10000
2663 2670 6812 6819
4180 4816 931 1567
7634 7834 1837 2037
9047 9251 0 174
5674 5687 9154 9167
1368 1847 7419 7898
2536 3083 392 939
4937 5458 6417 6938
7920 8485 6729 7294
569 713 3266 3410
4061 4320 3651 3910
7835 8111 3164 3440
6038 6063 3901 3926
9305 9756 8729 9180
5112 5337 3625 3850
8924 9403 8053 8532
7907 8326 4424 4843
3423 3602 1270 1449
7391 8016 8733 9358
5392 5837 5046 5491
4814 5169 3201 3556
7286 7478 4457 4649
8409 8488 1342 1421
4090 4698 7040 7648
2348 2488 7172 7312
5461 5856 3784 4179
3761 4057 6559 6855
1342 1346 5477 5481
816 1048 4842 5074
1842 1933 9757 9848
132 760 7348 7976
8719 8912 7458 7651
7403 7807 661 1065
2866 2963 171 268
2263 2471 1188 1396
1976 2443 8686 9153
9574 10000 1199 1812
7515 8017 8501 9003
4047 4420 1654 2027
5906 6205 3183 3482
3189 3577 8931 9319
2162 2742 451 1031
6227 6583 900 1256
1417 1866 6659 7108
5161 5494 7118 7451
3330 3582 425 677
9671 10000 2043 2496
2541 2593 4543 4595
2857 2919 6197 6259
6875 7142 6893 7160
258 362 9913 10000
6547 6730 2 185
4488 4702 7553 7767
6080 6379 8920 9219
7643 8164 0 281
3018 3516 1435 1933
3832 4085 6239 6492
4276 4735 1751 2210
9467 9607 5141 5281
7636 7766 4068 4198
9247 9673 5682 6108
6076 6177 2776 2877
4647 4819 3819 3991
8335 8824 6280 6769
8704 9109 5014 5419
8003 8445 1323 1765
0 349 6704 7122
7758 7772 308 322
4021 4350 328 657
5194 5818 2554 3178
833 929 7233 7329
1287 1721 8864 9298
7236 7672 7398 7834
247 333 5262 5348
8918 9535 111 728
2005 2303 8560 8858
8480 8498 8140 8158
7683 7891 4874 5082
3007 3261 1710 1964
3632 9533
6492 2844
4005 9203
4073 761
5304 6176
6108 4728
8640 1490
6543 613
3670 1651
8500 395
4721 3078
3524 6633
3338 1878
9898 3744
5931 3489
3052 7379
395 3217
5821 952
4475 8306
8288 5348
8480 6805
9164 989
6607 7738
526 659
1636 3952
2273 4877
9440 4349
7639 6977
2289 5995
7828 4997
6442 1580
9968 3385
361 7809
7915 8866
7323 4090
8441 7201
1 3160
9308 3156
4851 6664
2160 3529
6036 1457
962 5919
5955 5939
8712 479
8252 85
4195 3000
7982 824
383 4132
9322 7340
626 7947
6416 9124
5939 3873
3578 2511
7629 3022
5392 2632
5534 5774
5504 374
1744 4481
4021 6126
8899 5689
7120 5659
1601 5679
7539 5236
3725 6440
3031 8244
5834 1242
5545 383
4278 466
7390 8427
396 359
6140 9847
6074 8095
40 9875
5690 3158
8454 4044
5848 94
7597 2238
1731 1939
7852 2284
9694 3837
8569 7634
8806 9795
3318 3611
6175 9230
2478 6411
1597 1064
7107 6353
709 5337
5581 7042
3457 661
7127 4742
2773 7645
4820 8988
6776 3379
3392 2926
6143 4471
5092 7893
4029 8517
1703 2649
41 5356
1274 8859
2615 3638
8820 8157
2497 851
5185 4150
9751 7563
449 5134
3404 2133
7271 2712
364 5117
6572 7506
6859 7343
3158 5287
5313 5381
4138 6710
218 4351
1444 7024
5726 2946
5625 1843
6184 8583
5356 4170
524 3017
1089 933
950 9292
6711 485
8080 3040
2705 3040
1613 4825
7362 6615
1785 5438
6020 6331
9798 8887
2720 3506
4443 3170
2148 6394
6836 4537
8710 7351
6165 5964
2940 5587
6471 1235
3953 5159
3138 3441
3458 5643
9687 8043
2568 6579
7389 7356
7996 108
3923 7699
3453 2583
7211 9186
1974 3520
9778 1062
5988 216
6845 9113
798 1925
6287 2860
1826 6899
3230 4996
3315 328
8228 5888
6351 9649
4447 8241
2011 4206
1069 2048
9520 6328
9013 2104
1025 7750
1258 6709
7428 6385
4974 9965
6663 376
3360 1350
8006 6593
9928 9669
5857 3826
9241 1982
4469 5146
7397 4409
2816 3100
4165 3671
9837 7944
2854 4684
7507 3045
8937 7637
688 8317
4081 5923
2493 7474
736 6000
9775 159
1813 2459
5695 2685
3175 8698
2890 8591
1287 5163
2147 5199
518 5598
8394 7872
8954 3199
495 8855
6942 1515
4464 2538
8820 1977
2746 3680
8818 5888
753 9989
3700 9681
9041 8912
290 4692
6445 3747
9241 5643
777 1600
2568 1587
4817 1356
3899 9654
647 7368
9511 8978
4561 3128
1083 3736
4253 6088
4334 5198
8716 4430
9027 9750
3874 6485
9985 1078
1456 1830
1841 8021
6499 9794
3482 1977
4021 4363
1216 6464
4235 956
914 3682
3234 9501
4976 8992
6902 8586
7696 3040
2410 5575
8416 5331
3641 3811
7156 1637
1350 4594
8071 7475
6821 5269
8885 5887
4954 8628
9214 3156
6081 7612
7297 3344
6354 2378
6186 3078
30 8660
3249 277
1334 3214
1686 4672
4788 2677
221 9640
4845 4918
6463 3417
5643 4701
7082 5805
5020 8339
631 2759
6577 3381
6766 7512
3745 2066
8031 5155
9297 5393
3218 4579
6172 5510
4270 6303
1116 9084
9809 4170
9306 1031
4729 4228
5282 5088
6646 8554
2813 4062
7972 1981
7468 109
5610 3318
6208 4004
5481 4795
4260 7663
4006 6978
6658 1249
3294 7789
8446 1846
7545 189
883 2131
2914 6225
4191 936
2512 3369
670 1074
3052 1328
1996 5173
506 8060
3169 4974
9394 9848
8796 8575
9480 4390
5862 9112
5351 7940
2622 3141
7100 9671
7468 106
8367 8467
9719 6019
834 9628
9945 2345
1310 8861
732 9089
8890 976
7306 980
9942 8861
6279 3107
6294 8851
2573 2888
4740 681
1158 7378
9400 9729
6514 4611
2494 9813
1417 5982
7538 3555
6398 451
7707 6538
5892 69
5729 8837
7756 4117
9601 2528
1349 7535
6119 3113
45 3306
1157 793
4857 787
5367 2710
3030 7844
2838 6553
6400 7491
1108 6105
1882 9038
6378 8881
2080 3400
3968 9306
3617 7740
9534 4735
6865 1037
9044 4964
5339 5505
4165 2562
2478 6546
2814 6355
7247 8702
9518 4864
9506 4024
5465 917
2550 7743
6389 968
9039 7671
6510 909
2774 573
8393 9596
2647 7263
6945 8407
3939 7602
3564 8215
8067 4148
8573 6981
481 4995
3601 2088
3269 9803
5852 9116
1819 7055
8748 2528
7497 3367
8300 3283
405 1417
2431 5128
6178 9952
2567 2443
7778 8032
8487 4207
6195 7722
9698 8567
4830 7754
7046 6623
9271 8564
6720 9640
7243 664
343 6455
519 675
723 9310
9163 2902
901 8973
2754 8766
4316 1042
3406 491
1358 3604
6344 1327
2814 596
3104 9732
2092 7148
140 8218
3349 7186
6768 5553
2605 5451
9691 542
5405 9512
5826 942
1786 5888
3029 4759
3484 9302
3371 1266
6518 4419
8616 7200
2245 2564
9962 7058
7970 7627
6907 4103
4394 6571
7310 7673
9131 2404
4433 9348
8488 8815
1013 9047
7040 5588
5928 7048
1037 8373
44 4622
2951 5668
9704 8382
6123 258
8049 4923
3635 3518
4399 3511
2104 6881
8844 5617
9311 5914
6738 7626
9444 7885
5102 439
6282 4839
7893 5764
2405 7116
670 4462
261 2219
1480 8723
7856 8481
1349 9042
7038 8058
5221 1921
1392 6093
5231 9208
6943 6760
3700 3754
2876 2718
7447 6747
1652 7296
9575 5425
9980 5568
5242 4297
9336 2193
6078 543
5000 171
7269 5081
4331 6560
1673 9524
2559 2862
4374 9969
8615 5384
2935 897
9203 2782
50 1502
3546 5581
1726 5891
1949 7400
5583 3443
8422 6307
9143 7741
837 7208
7618 8096
3069 6810
7107 4537
3922 2136
186 6373
7914 8167
6000 6082
5397 6586
5373 4882
9290 9717
957 1687
1818 7492
1853 7616
1888 8545
7839 3155
5995 3700
2717 5133
3008 5007
5433 9415
9165 9466
5193 4474
2836 4016
7394 9769
6790 4463
7374 3813
5743 5597
7585 6693
1532 5833
3162 5468
9754 8076
7638 9005
3937 7323
8530 3146
6522 55
2890 2800
4184 5891
474 1986
6837 3917
9816 2753
3485 2664
452 7988
2869 1692
5730 4751
3682 3464
1325 7559
9320 3451
8469 8964
5606 3358
7240 4980
1016 282
9843 6099
5530 3873
8491 3786
4540 4907
3263 2876
622 8340
2803 5316
7285 2633
7025 2462
8747 2418
2706 9002
4456 7057
4160 3589
2432 1270
1383 6722
971 9065
7493 7319
6424 8568
1553 5586
2505 9636
5505 3581
9587 3571
5768 2997
6901 6959
6294 2399
8584 5680
7142 6633
6097 8311
5332 3728
4129 9805
9021 2672
6577 673
9332 8181
3755 4566
4169 9139
6879 1557
7414 1760
6234 5175
9378 4953
7594 687
9141 5327
4251 5390
3156 2435
816 9561
196 638
9072 9043
9615 8671
9520 3199
4882 9393
3929 2091
1712 4401
9696 6930
1181 101
4040 9405
4263 6313
9191 7976
4283 8335
7257 4510
9764 9934
7783 5042
9637 7874
9307 4957
4707 4056
2036 3658
86 7420
5490 8587
1393 7381
9937 5319
9350 8023
4368 758
5585 9688
4641 6943
1632 4861
7611 6941
4107 4073
3091 6392
1574 4581
7243 5724
4881 4285
1198 1793
4873 197
9541 9476
2798 939
7961 7044
3480 3500
211 2070
7199 1691
3256 8993
9165 8936
8557 559
7133 8243
3858 1265
699 6266
2579 6063
2296 4935
8406 6841
6343 2901
1076 1742
9088 1188
3363 5022
786 7317
6638 4572
8969 3784
2651 8487
9100 2737
5928 474
7431 8283
7908 7903
3169 1166
6511 9452
276 4143
6499 5777
2073 8606
9602 6983
6570 3828
6320 2859
8478 3411
9574 2120
9966 2682
6656 3584
8332 76
1304 9607
1086 9981
8328 3289
7049 7747
5510 4477
5616 476
5446 1414
1903 6004
9373 3411
1451 1917
7263 9527
8684 2698
9330 101
6833 9464
7119 8975
1938 4399
2625 2430
960 7729
8595 1466
4265 4696
715 3822
2264 4814
4027 6359
3945 8309
1862 6541
3846 1543
3477 8397
5026 7693
4944 2610
9908 6798
7595 6019
3128 5889
1867 1724
7323 3841
4712 2935
8435 9780
4536 7231
2831 6038
3315 9003
9893 1630
8214 367
1893 7711
3103 3814
1012 2165
2164 4888
5529 1038
6834 9699
7131 6725
5514 5969
6299 8960
6679 3386
9270 2250
1311 2243
2089 1187
6979 3107
6443 1719
2044 2368
7838 9972
1723 9381
6934 6248
2912 3496
7228 8642
6636 1445
8444 7021
7633 9594
4407 8282
9529 1207
8198 238
4990 4642
6569 9921
2667 6817
4285 1095
7680 2019
9176 100
5686 9161
1429 7522
3067 882
5047 6675
8024 6935
591 3397
4117 3746
7956 3177
6059 3908
9460 9026
5333 3648
9381 8305
8289 4659
3555 1366
7557 9091
5518 5371
4939 3538
7347 4601
8416 1393
4657 7339
2451 7263
5564 4129
3816 6614
1346 5477
828 5050
1874 9842
292 7962
8786 7598
7686 822
2942 241
2332 1223
2430 9029
9998 1643
7521 8721
4347 1987
6174 3278
3542 9182
2221 575
6429 921
1721 7089
5230 7249
3556 572
9704 2049
2563 4582
2860 6241
7047 7061
342 9984
6590 31
4503 7744
6322 9122
8053 195
3218 1546
3898 6298
4377 2019
9522 5168
7713 4072
9353 5732
6119 2846
4785 3932
8662 6493
9023 5377
8177 1359
135 7019
7770 316
4212 448
5795 3073
844 7283
1424 9044
7628 7604
300 5325
9428 233
2156 8708
8493 8148
7751 4893
3096 1788
