800 79 400 14 2072
12 1 25 1 10 3 7 10 12 12 11 7 28 3 4 15 2 19 24 15 3 1 24 7 13 2 6 8 6 5 6 18 6 5 26 21 7 8 1 8 38 28 23 5 14 4 9 11 1 13 8 4 17 17 3 9 27 20 10 19 3 2 8 7 13 2 9 6 10 8 18 2 4 6 1 5 3 8 3
0 944 7975 9013
7494 9182 3444 5132
7831 9300 8577 10000
8541 9527 3387 4373
706 2661 407 2362
983 2239 5916 7172
8611 9749 6677 7815
10 1896 0 1155
7249 9286 7893 9930
8628 9993 2023 3388
9135 10000 1477 2782
449 2198 3882 5631
5825 6604 529 1308
2954 4183 7004 8233
4275 5425 3716 4866
6907 8578 5076 6747
8760 10000 3802 5795
1625 2441 8031 8847
8391 8826 2528 2963
9155 9294 2417 2556
949 1011 5189 5251
0 888 255 1255
3837 3855 8987 9005
4232 4277 9677 9722
3812 5170 4942 6300
3243 3957 2381 3095
5536 6101 1257 1822
5835 5842 3826 3833
1075 2034 3585 4544
5502 5974 1997 2469
7315 8590 4216 5491
8295 8988 1268 1961
9732 10000 825 1996
3194 4182 1640 2628
2362 3124 6431 7193
8211 9340 2658 3787
6598 7780 2510 3692
4690 6565 0 609
296 1651 6616 7971
2425 4020 0 1300
0 902 0 1234
90 200 4256 4366
3132 4715 7802 9385
4696 5486 2320 3110
8714 8909 3818 4013
2517 3402 2358 3243
1271 2267 3307 4303
3052 4179 5797 6924
3929 4185 2144 2400
9063 9649 4650 5236
0 139 3727 4955
0 1864 1651 3589
1214 2834 1820 3440
8038 8833 0 624
0 174 8934 10000
5415 6561 62 1208
5651 6931 1269 2549
2266 3556 7796 9086
6852 8850 8215 10000
4221 6030 8391 10000
240 1090 6121 6971
4118 5624 1538 3044
1747 2807 2225 3285
3239 4106 4029 4896
7832 9759 0 1908
2339 3724 1688 3073
2338 4233 3770 5665
7870 9564 170 1864
4047 4327 3989 4269
1499 1553 8207 8261
3230 4774 4522 6066
1706 2704 4293 5291
5152 6387 9142 10000
7504 9013 7889 9398
1303 3307 1942 3946
4934 5600 8517 9183
3745 5104 1 1360
1792 2292 7506 8006
4313 4445 900 1032
838 2640 5245 7047
7148 7475 1499 1826
3279 4627 4434 5782
4024 5272 8858 10000
8777 10000 1713 3000
3207 4132 8625 9550
3482 5485 3952 5955
6293 7119 5908 6734
2861 3146 0 186
3708 3753 7595 7640
3955 5569 6540 8154
5855 7774 0 765
5307 5384 6856 6933
1443 2686 9143 10000
4720 6043 4467 5790
4436 4846 1763 2173
4005 6072 362 2429
1658 3155 3400 4897
6177 7662 790 2275
2043 2605 3657 4219
6185 7704 4605 6124
8013 8544 1847 2378
1935 3000 8509 9574
4806 5105 1046 1345
3325 3654 3262 3591
2103 2870 278 1045
2426 2484 6755 6813
684 2039 2978 4333
6940 7868 6692 7620
8311 10000 3098 4912
8900 9382 3583 4065
3509 3822 3902 4215
6387 8234 4219 6066
9012 9837 670 1495
4198 4593 3036 3431
9690 10000 3638 4599
8699 9202 1869 2372
4099 5609 0 754
5865 6993 0 978
0 1191 6299 8000
4401 5885 2826 4310
0 108 8214 9384
3540 3631 5172 5263
513 1284 2166 2937
378 1855 3740 5217
2869 4343 8592 10000
9018 9870 5903 6755
7134 8309 1496 2671
2896 4172 6725 8001
809 2517 1351 3059
8617 9558 6023 6964
6055 7237 2485 3667
7129 7919 3480 4270
939 2450 807 2318
6843 7506 696 1359
2488 4045 5027 6584
8344 9458 1824 2938
3203 5116 6019 7932
2151 3872 8170 9891
7729 8305 2795 3371
6352 7102 5687 6437
2327 2791 2805 3269
3337 3559 649 871
8531 10000 7943 9935
5212 6810 6265 7863
1192 2297 2488 3593
43 589 8942 9488
2068 3037 5662 6631
7373 8906 37 1570
8284 10000 1539 3318
4009 5900 0 1674
6261 6758 1943 2440
2495 3978 1588 3071
1986 3456 0 579
9583 10000 2824 3968
3702 5345 8851 10000
5002 5329 8912 9239
7640 7857 4077 4294
4740 5190 1307 1757
1966 2926 6102 7062
6580 7302 3557 4279
1040 2402 2209 3571
6553 8396 5097 6940
6308 7925 5748 7365
8148 8957 70 879
0 897 8274 9944
8366 9801 8153 9588
8909 10000 8566 10000
7554 9169 4512 6127
0 742 499 1427
2248 2639 1366 1757
9731 9780 9946 9995
5689 5946 4893 5150
8210 8627 4421 4838
0 172 9637 10000
4049 4109 5690 5750
7453 8706 5040 6293
4770 6388 495 2113
306 1268 2418 3380
9209 10000 0 1097
5757 5781 4920 4944
1218 3197 3840 5819
6083 6083 2686 2686
3069 4893 202 2026
1131 2335 1541 2745
920 2934 0 926
0 675 0 854
7505 8188 2572 3255
9875 9924 4883 4932
7092 8326 32 1266
1551 3037 9551 10000
4385 6282 3076 4973
1356 1644 8169 8457
0 1323 3949 5978
0 741 3509 4281
2871 3101 4044 4274
6674 7173 8963 9462
3380 3544 1840 2004
4660 5090 9026 9456
7889 8073 2028 2212
4538 5637 1443 2542
3637 5282 534 2179
1857 3343 1119 2605
9149 10000 3258 4812
8649 9322 6262 6935
6890 7382 5131 5623
3676 5100 9580 10000
9107 9496 245 634
0 550 7705 9697
4813 5772 8455 9414
8212 9924 0 398
9360 10000 5992 7127
1119 1402 2123 2406
4139 4837 7997 8695
3706 4940 2011 3245
7828 8547 9385 10000
4739 6664 4438 6363
7641 8057 662 1078
1426 2220 9054 9848
4230 4276 3675 3721
3691 3854 4882 5045
337 1277 306 1246
4389 5361 583 1555
8311 8883 6452 7024
7617 7902 7094 7379
6013 7847 7182 9016
393 793 9481 9881
3585 5289 7173 8877
5034 5295 9473 9734
8893 10000 5520 6810
2889 4680 7121 8912
5908 6667 1016 1775
675 2399 7045 8769
1161 2810 8120 9769
6247 7027 6712 7492
2756 3213 5162 5619
0 332 5352 6214
107 1672 6155 7720
5266 7246 1496 3476
8437 10000 3003 4584
7815 8311 517 1013
6662 7674 2868 3880
3647 3701 7069 7123
8438 10000 7952 9867
2496 2508 9150 9162
3072 3078 13 19
5131 7200 8598 10000
7999 9591 1544 3136
2970 4009 7782 8821
4897 5073 9801 9977
578 2089 8143 9654
9339 9505 1214 1380
5168 5325 5402 5559
3575 5610 80 2115
6224 7679 0 936
1276 2617 5289 6630
9396 10000 4248 5227
4227 5389 7590 8752
3494 4621 3208 4335
4416 5803 2547 3934
8885 9487 631 1233
4105 4352 9762 10000
1690 1996 2643 2949
2822 2834 6208 6220
1058 2818 3064 4824
3084 4769 6973 8658
6553 6920 4108 4475
817 2226 45 1454
8780 9983 1856 3059
7361 8691 7165 8495
8625 8853 9823 10000
0 303 7402 7988
2837 3948 9097 10000
8780 9076 7627 7923
7623 7663 5515 5555
8110 8138 3455 3483
6977 7980 4238 5241
7525 8598 1255 2328
5869 7534 4197 5862
9352 9826 0 273
2593 3753 0 1143
6808 8636 0 1818
0 1421 5737 7697
4016 5110 9589 10000
984 2759 4843 6618
3916 4746 107 937
766 2325 6024 7583
1399 1597 2978 3176
6270 6645 327 702
2113 3315 8938 10000
8695 9550 5047 5902
5377 7321 6337 8281
9615 9631 4403 4419
4634 5553 9166 10000
1693 2556 5873 6736
4202 4716 1031 1545
5245 5635 6500 6890
0 1162 9030 10000
6398 7839 0 896
4825 6657 0 1402
7301 7563 4553 4815
6930 8530 2674 4274
3190 5030 9975 10000
1486 3235 3607 5356
2266 3646 7592 8972
145 359 3309 3523
1070 1550 9928 10000
2097 3460 4879 6242
1131 1384 2418 2671
2602 2839 4750 4987
4986 6081 1187 2282
5680 6079 5099 5498
4723 5786 3173 4236
5615 6610 2515 3510
7688 9757 7043 9112
1297 2479 3694 4876
7912 9243 875 2206
5493 6136 5487 6130
8679 9362 144 827
4532 5488 1943 2899
789 1516 8305 9032
964 991 4563 4590
5756 7668 8296 10000
6741 7244 782 1285
4560 5894 6434 7768
5320 6260 5579 6519
8047 9648 991 2592
2210 3948 7839 9577
3749 5311 6509 8071
4652 4741 5950 6039
1319 2209 2198 3088
3017 4756 3978 5717
283 2162 216 2095
1265 1592 1196 1523
6291 6931 1722 2362
2587 4250 211 1874
5486 6265 5394 6173
1101 2844 3292 5035
638 2147 3959 5468
1874 3640 3105 4871
0 197 6063 6437
2740 4126 3915 5301
6962 6989 2370 2397
8828 9276 683 1131
5052 6471 7622 9041
6442 8131 2805 4494
7701 8856 6389 7544
564 1766 7115 8317
2671 3518 7224 8071
3470 5377 6480 8387
1339 3198 1630 3489
1118 1409 7079 7370
2692 3416 5301 6025
7668 8878 2156 3366
2876 4775 2568 4467
7440 9482 6415 8457
3070 3886 962 1778
7705 8572 1127 1994
1889 3463 4174 5748
8056 8533 8561 9038
5915 6877 7132 8094
6218 6764 2091 2637
6352 6505 8601 8754
6718 7888 1406 2576
4824 6786 106 2068
1963 2348 4427 4812
7828 8013 5125 5310
252 530 173 451
6016 6188 1382 1554
0 445 1594 2215
762 856 6392 6486
8648 8810 7395 7557
2157 2498 2902 3243
9803 9848 9177 9222
6080 7494 8937 10000
5352 5922 182 752
2381 3472 1266 2357
9496 10000 3840 4449
9684 9730 9365 9411
3499 4213 8618 9332
7702 7826 5840 5964
3173 4897 8625 10000
746 1912 3455 4621
4485 5085 7070 7670
3074 4484 4297 5707
4002 5117 3428 4543
4105 4558 5811 6264
7593 8748 1426 2581
1090 2295 4203 5408
145 2080 326 2261
5373 6986 1646 3259
4220 4603 3615 3998
8291 10000 6416 8237
9223 10000 2452 3736
8937 9181 7731 7975
2213 3141 3332 4260
3376 4959 2474 4057
0 1255 0 1244
9223 10000 6333 8175
3717 4682 9432 10000
1404 1582 7500 7678
1196 2165 5107 6076
4317 5720 4057 5460
2246 3985 2499 4238
7185 9256 0 1469
6594 7243 9354 10000
5998 6099 8108 8209
3727 5425 3835 5533
6305 7593 1194 2482
0 210 1846 2375
5011 5863 3797 4649
7320 9242 7432 9354
8319 8697 4256 4634
6883 8101 1059 2277
8090 8371 3621 3902
8527 10000 2172 3713
428 603 4470 4645
7828 9892 8876 10000
21 1267 1255 2501
8517 9165 3644 4292
8201 8731 3760 4290
7512 9341 0 1592
3955 4224 8354 8623
2471 4367 1206 3102
1460 3154 2206 3900
7659 8183 282 806
5443 5542 7955 8054
0 1506 3516 5315
3572 4188 4887 5503
472 2163 0 1388
6145 7829 8037 9721
0 409 6492 6963
524 532 6023 6031
1454 1781 5167 5494
4549 4570 588 609
8818 9579 818 1579
5607 7124 6667 8184
8977 10000 5869 7510
270 938 2521 3189
8143 9078 7657 8592
5655 6451 7561 8357
6453 7992 1790 3329
2854 4340 6023 7509
6625 7181 2116 2672
3086 4911 7492 9317
1813 3612 599 2398
7030 8787 2043 3800
1654 3226 5073 6645
328 616 120 408
5246 5412 7724 7890
5275 5946 845 1516
2907 3375 6403 6871
2672 4132 5686 7146
6337 8378 2437 4478
1930 2231 8758 9059
563 2589 2967 4993
8151 9951 3515 5315
9670 9851 25 206
5629 6065 1472 1908
9082 9149 358 425
8145 9818 5724 7397
7978 8131 4000 4153
6945 8194 2528 3777
7931 8556 8472 9097
3994 5426 7351 8783
7707 9306 2347 3946
6342 7003 4003 4664
8706 8799 8655 8748
8872 9449 7123 7700
8759 10000 8343 10000
385 2128 7623 9366
2814 4668 0 1614
1165 1388 421 644
8457 9764 5490 6797
4363 6307 4059 6003
1411 1723 985 1297
6821 7721 4329 5229
3948 5405 5502 6959
7269 8754 1756 3241
9620 9922 336 638
8093 8194 3925 4026
3852 4941 4478 5567
6503 7409 3492 4398
7351 9197 1873 3719
6102 7006 5908 6812
968 1676 2304 3012
3964 4812 4999 5847
3443 3698 8133 8388
3307 4930 2820 4443
7297 8262 4901 5866
299 1098 6373 7172
6155 6417 4224 4486
875 2412 3520 5057
7654 9693 6804 8843
8172 9526 874 2228
7089 7462 4473 4846
7760 8752 0 616
3916 4722 1655 2461
8691 9175 7978 8462
4495 5253 8527 9285
2816 4481 1426 3091
7200 7869 7317 7986
5865 6745 3116 3996
8567 8602 2034 2069
8093 8659 1779 2345
5797 6669 3824 4696
4185 4274 9934 10000
5037 6179 7438 8580
1540 3186 3749 5395
8870 10000 4327 5759
0 1084 6109 7712
2461 3906 8492 9937
8296 8991 290 985
8086 8729 2831 3474
6879 6913 1535 1569
6762 7575 5719 6532
9552 10000 1933 2752
8092 8814 9254 9976
2543 3416 2362 3235
0 543 2751 4650
2306 4040 5112 6846
7128 9155 0 686
6790 6906 743 859
1900 2715 8674 9489
3523 4437 3499 4413
3572 4788 8920 10000
7029 7363 3325 3659
1220 1674 5632 6086
1955 2030 2584 2659
4287 5863 3821 5397
6608 8665 8739 10000
705 1122 473 890
9839 10000 8100 10000
7394 9420 0 1047
1362 3368 1201 3207
2769 4073 7165 8469
4862 6900 4031 6069
1901 3610 5156 6865
4763 5219 7458 7914
6022 6470 5676 6124
912 2589 0 1556
6445 7994 4402 5951
3679 5600 2402 4323
517 2380 7487 9350
6815 8321 237 1743
2693 4057 0 861
6790 7766 5177 6153
2293 2674 4217 4598
1034 1663 8387 9016
1741 3343 3278 4880
5737 6878 8879 10000
6523 6909 1490 1876
6036 6842 9763 10000
1737 2961 510 1734
5978 7315 1491 2828
0 822 4186 5871
0 738 2850 4354
4328 6364 8 2044
2399 2894 7108 7603
3214 4922 603 2311
0 623 288 1105
6965 7013 8993 9041
4229 4670 9170 9611
1543 2071 6656 7184
1299 1755 3295 3751
8317 8821 4941 5445
2985 4805 3500 5320
1901 2985 0 758
5833 6370 6705 7242
2251 3740 4484 5973
6409 8367 3970 5928
2962 4897 3206 5141
7861 9462 3287 4888
5140 5238 444 542
3804 4182 799 1177
5628 7335 2308 4015
3402 3729 3150 3477
7369 7540 5671 5842
4958 6615 2512 4169
3447 4040 7897 8490
7716 8317 1812 2413
3450 4007 2411 2968
2096 3533 0 1247
299 2130 4486 6317
4803 6187 6471 7855
6295 6817 8860 9382
232 1903 6800 8471
8088 9990 1259 3161
0 950 4683 5671
0 377 188 1016
7719 8443 9560 10000
7037 8644 3579 5186
2166 3718 3284 4836
8585 9157 3910 4482
1573 2537 7939 8903
2564 4310 6167 7913
2684 3824 8195 9335
0 1882 1302 3257
3153 4683 7661 9191
3966 4984 5711 6729
1736 3361 1821 3446
768 1608 8233 9073
5814 6842 5718 6746
1356 2724 5185 6553
6977 7235 8486 8744
1325 2207 5577 6459
1377 2758 4447 5828
9883 10000 8534 8668
6194 6457 4975 5238
3188 4629 7352 8793
1429 2342 0 629
3599 4229 5512 6142
8621 9957 1842 3178
490 750 3377 3637
2251 2651 4564 4964
8221 9440 3441 4660
513 1705 2167 3359
4745 6495 1312 3062
529 2376 1590 3437
4820 5238 1455 1873
9595 9991 4471 4867
2897 3169 4185 4457
7465 9043 5444 7022
6147 7393 3519 4765
2599 3022 790 1213
6830 7353 8583 9106
9330 10000 3978 4774
8312 10000 5494 7298
8240 9857 1362 2979
0 1098 2475 3743
4225 6175 918 2868
5286 5546 9487 9747
1988 2989 3179 4180
3308 5150 2821 4663
5503 7196 230 1923
708 1457 8039 8788
4515 6250 291 2026
8355 10000 0 1146
1272 2267 8979 9974
1020 2599 3225 4804
5175 6774 1958 3557
4874 5864 8041 9031
8354 9982 4694 6322
5270 6374 306 1410
3045 3242 4224 4421
2516 3371 1012 1867
389 1889 5919 7419
6295 8081 1049 2835
518 1483 1731 2696
2380 3072 9002 9694
8098 9590 450 1942
1967 3070 3128 4231
2773 3585 5519 6331
8051 9220 6464 7633
7202 8188 4861 5847
9379 10000 5641 6568
2237 2642 7302 7707
5557 6366 9010 9819
4854 5292 3590 4028
2431 4180 5174 6923
117 553 8303 8739
8252 8554 9812 10000
3733 5412 8059 9738
4134 5982 1220 3068
8126 9534 0 1391
4768 5514 5044 5790
0 624 8386 10000
5969 8013 5232 7276
6543 7403 6387 7247
7724 9237 285 1798
8509 8923 4845 5259
2645 3146 4402 4903
11 1708 0 1102
1023 2822 8349 10000
6868 7193 9020 9345
3855 5238 3419 4802
0 344 659 2225
8047 9545 4076 5574
0 220 7420 7967
8761 10000 6492 8541
6892 8929 817 2854
4637 5649 1082 2094
8424 8493 7023 7092
3850 5451 8307 9908
3526 4343 3747 4564
6471 7623 8736 9888
8685 9711 5617 6643
2211 3327 7079 8195
7107 8108 7927 8928
9079 9729 5167 5817
8317 8556 1343 1582
9239 9478 4576 4815
5411 6578 7117 8284
8196 8633 9639 10000
1278 3056 2750 4528
7118 8397 4684 5963
6684 7285 1469 2070
7234 8682 1211 2659
0 1979 7813 9821
6060 7608 6367 7915
6902 7856 883 1837
9136 9612 100 576
8427 8780 4821 5174
5248 6583 3398 4733
861 2232 2612 3983
4327 5977 2668 4318
882 2131 52 1301
9391 10000 2295 3256
854 2267 759 2172
7055 7576 3451 3972
4568 5557 9029 10000
2954 5024 1147 3217
3681 4822 4783 5924
1858 2425 4578 5145
4513 5140 0 569
8450 8844 3109 3503
1846 2235 5358 5747
2714 3434 1424 2144
1796 2913 7491 8608
5544 5778 685 919
1947 3507 5182 6742
8526 8886 4456 4816
2330 4034 7532 9236
6115 6660 1339 1884
4022 4617 2466 3061
8797 8828 3018 3049
754 1431 5551 6228
5037 6190 4169 5322
5791 6157 4489 4855
2487 4109 6372 7994
0 470 4661 5174
3968 5718 275 2025
6805 8419 1130 2744
1821 2651 5696 6526
2974 4250 2119 3395
6198 6357 6461 6620
5465 6380 0 448
3736 4307 4721 5292
5895 6958 3940 5003
1261 2832 0 1204
8161 9737 948 2524
5422 5631 3416 3625
5859 7593 477 2211
7298 8160 4741 5603
0 372 1926 2705
7175 8009 3082 3916
1921 3597 5095 6771
1836 2702 1498 2364
5146 7104 1332 3290
8375 8475 6399 6499
9024 9730 7476 8182
2325 2711 5471 5857
6199 7690 8100 9591
6565 8274 7660 9369
8316 8590 7408 7682
5832 7151 4865 6184
1582 1801 7927 8146
2137 3310 5203 6376
2853 4558 6454 8159
35 746 1405 2116
0 903 6290 8049
0 1013 8661 10000
1051 1187 3647 3783
1414 2374 7445 8405
174 2038 1806 3670
5347 6075 2804 3532
0 647 5217 6688
1608 1966 2933 3291
6378 8283 2490 4395
2539 4259 0 1572
3169 3877 2595 3303
6508 7814 3989 5295
2898 3103 5172 5377
8237 10000 6608 8531
5188 5516 7056 7384
1999 3819 1366 3186
2983 4382 4068 5467
7796 8492 5080 5776
0 1241 3793 5483
9222 9790 3748 4316
6767 8733 1910 3876
6757 8773 7312 9328
7340 7507 1529 1696
7044 7346 4725 5027
6187 7400 998 2211
6546 6749 7769 7972
0 998 4568 6530
1962 3460 6431 7929
6733 7548 3675 4490
7614 9521 0 1549
6367 6618 8504 8755
4790 6728 2501 4439
6088 7791 7704 9407
8674 9218 6059 6603
7827 9556 2169 3898
5552 6910 4173 5531
8904 9038 9044 9178
5722 6249 2334 2861
1116 3116 6865 8865
2039 2889 4791 5641
7268 7957 4560 5249
356 8489
8484 3942
8188 9254
9499 3395
1424 1413
1969 7046
8660 6877
990 79
7566 8850
9147 2192
9271 1880
1816 4295
5980 1294
3664 8033
5079 3845
7462 5346
8981 4464
1905 8817
8529 2529
9245 2447
976 5211
487 316
3844 9003
4244 9720
4765 6158
3593 3048
5649 1814
5842 3833
1861 3631
5910 2466
8114 5459
8575 1757
9948 1803
3843 1961
2629 6969
8498 3121
7177 3054
4762 68
820 7478
3438 446
627 668
127 4345
3437 8957
5255 3081
8903 3989
2722 3092
1320 4188
3559 6754
4119 2189
9603 5156
71 4335
206 2498
1953 3298
8566 81
151 9963
6374 617
5975 2073
2877 7989
8518 9079
5892 8553
392 6583
5379 2879
1951 2503
3585 4740
8813 153
2679 2245
3015 5380
8995 1065
4157 4075
1536 8234
4110 5881
2595 4971
6006 9507
7931 9312
1914 2545
5502 8546
4191 953
2199 7838
4330 994
2100 6265
7424 1690
3390 5145
4518 9067
9339 1973
3630 9107
4137 4882
6331 6461
2939 117
3733 7630
5555 6703
6358 335
5367 6911
2148 9304
5502 4819
4509 1850
4820 1880
1667 3839
6881 1993
2176 4217
7450 5252
8102 2277
2542 8610
4881 1168
3471 3454
2348 494
2453 6802
1599 4116
7167 7442
9986 4357
8948 3868
3689 4166
7909 5316
9543 686
4420 3210
9867 4368
9045 2041
4183 21
6587 459
362 6825
5009 4240
46 8336
3567 5263
631 2834
1646 5107
3462 9324
9443 5989
7361 2612
3568 6962
1790 2932
8914 6421
6628 3294
7771 3858
1694 972
7099 1299
3553 5532
9132 2640
4808 7320
3397 8881
8065 2939
6502 6159
2575 3116
3385 832
8755 9197
6257 7134
1449 3386
363 8952
2257 5701
8400 240
9218 2421
4682 1167
6571 2069
3395 2980
2859 351
9799 3084
3894 9556
5075 9113
7757 4165
4827 1645
2699 6948
7127 4045
1972 3284
6929 5444
6685 7214
8549 636
567 8996
9556 8462
9347 8830
8701 5649
725 569
2311 1416
9759 9947
5720 4959
8454 4537
54 9863
4073 5725
8040 5829
5423 2105
1146 2564
9640 403
5765 4944
2267 5083
6083 2686
4521 962
2047 2296
1851 586
261 478
8047 3008
9884 4910
8275 173
1934 9836
5322 4425
1373 8416
310 4822
581 3661
2971 4086
6847 9244
3396 1974
4796 9309
7901 2212
4702 2541
4660 660
2654 1880
9182 3623
8841 6379
7166 5324
4522 9653
9411 317
481 9192
5588 8800
8927 64
9522 6276
1252 2351
4644 8226
4161 2494
7898 9897
5563 6141
8015 864
2187 9409
4254 3714
3759 4925
1028 439
4934 1440
8446 6720
7748 7161
6291 8456
417 9730
3625 8019
5181 9473
9181 5628
3019 8154
6511 1664
1117 7413
2787 9569
6796 7394
2918 5529
2 5866
514 6704
5852 3270
9199 4531
7848 659
7564 3818
3671 7074
9873 8812
2501 9160
3072 19
6420 9955
8294 2397
3610 8270
4949 9875
628 9258
9482 1217
5197 5524
5347 1752
6583 544
2423 6280
9777 5015
5106 8364
3859 4097
4484 3422
9423 757
4177 9992
1919 2898
2822 6210
1308 4477
3520 7700
6704 4155
1355 446
9857 2598
8689 8205
8629 9844
98 7463
3342 9675
9036 7730
7634 5529
8123 3474
7428 4988
8536 2241
6202 4875
9424 141
2775 829
7268 1030
135 7299
4086 9913
1598 6366
4612 342
1452 6829
1421 3102
6578 395
2183 9461
9187 5429
5446 8020
9631 4403
5398 9254
2256 6257
4212 1165
5417 6714
894 9814
6666 397
5156 926
7326 4759
8268 4102
4573 9990
3217 3617
3149 7868
158 3460
1073 9933
2613 6193
1264 2458
2775 4845
6037 1693
6037 5388
4726 4023
6028 3005
8048 7155
2178 4536
8894 2109
5723 5661
8737 482
5442 2808
819 8534
973 4570
7548 9874
6768 973
5034 6711
5823 5742
8169 2038
3152 7963
3807 8022
4677 5989
1880 3078
3519 5568
494 653
1506 1477
6857 1814
3363 398
5614 5558
1121 3323
731 4785
2428 4448
3 6339
3682 4044
6965 2375
8986 933
5570 8409
7066 3534
8392 7464
1718 8097
2681 7812
3485 7120
1647 1667
1395 7151
2855 5671
8643 3069
3221 4060
7665 7293
3464 1593
7943 1246
2482 5533
8252 9025
6388 8020
6667 2407
6398 8667
6877 2167
6425 1957
2268 4572
7925 5220
508 306
6038 1486
86 2185
773 6481
8776 7430
2449 3005
9804 9188
6819 9734
5859 532
2524 1301
9959 4127
9692 9411
3608 9033
7720 5865
4815 9593
1780 4274
4944 7664
4292 5170
4573 3489
4549 5952
8285 2141
1560 4756
738 715
6356 2997
4349 3852
9647 7208
9880 2651
9179 7784
2955 3741
4492 2829
196 222
9775 6730
4055 9968
1494 7544
1597 5209
5485 4209
2683 2883
7287 488
7031 9923
6077 8136
4960 4656
7523 1838
54 2074
5019 4255
8252 7750
8666 4325
7692 1870
8333 3698
9192 2984
438 4610
8896 9057
733 1498
9143 4226
8265 3907
8407 1277
3987 8612
3424 3046
2055 2531
7863 480
5474 8000
766 4338
3610 5422
968 12
6297 8718
2 6861
527 6027
1627 5443
4555 605
9389 1091
7015 7244
9822 6955
606 2598
8617 8254
5901 8128
7812 2191
3689 7360
6946 2209
3338 9092
3573 1445
7890 2509
1801 6230
579 374
5263 7820
5865 1441
3137 6476
2900 5800
6869 3050
1998 8946
1489 4614
9599 4558
9810 133
5965 1756
9100 380
8252 6363
8049 4067
7229 2754
7948 8776
4134 7654
7768 2499
6577 4110
8718 8672
8988 7210
9074 9168
1398 7671
2983 389
1313 445
9433 6718
4609 4434
1439 1155
7323 4984
4948 6254
8715 2161
9630 635
8124 3953
4495 4584
6594 3519
8899 3434
6837 6602
1533 2673
3966 5048
3658 8366
3984 4417
7529 5655
307 6937
6394 4350
983 4506
7896 8183
8462 1318
7237 4807
8198 142
4313 1727
8755 8093
5076 8774
3693 2786
7658 7775
6584 3333
8589 2048
8158 2294
5885 3973
4244 9994
5803 7767
3131 3835
9176 5462
830 6778
2709 8658
8774 817
8363 2927
6904 1553
6920 5834
9797 1960
8095 9287
2615 2709
29 2886
3437 6214
8514 451
6803 754
1932 9092
4178 4193
4085 9798
7230 3651
1241 5655
1995 2593
4704 4818
6840 9737
916 577
9886 9189
7814 240
1893 2899
3358 7590
6722 4740
2054 6827
5112 7804
6136 6017
2373 390
7747 4966
5020 2972
773 8820
6906 604
4053 505
7651 5990
2434 4587
1165 8874
2567 4547
6497 9134
6670 1806
6294 9871
2903 655
6675 1493
146 5560
45 3942
4535 1263
2447 7578
3463 917
246 475
7010 9033
4297 9415
1755 6734
1443 3487
8683 5066
3627 4364
2282 224
5901 7155
2360 4770
7108 5180
3173 4311
7900 3292
5173 538
4164 1173
5649 3189
3462 3255
7514 5789
5543 3505
3807 8351
8246 2338
3712 2664
3227 380
1032 4724
5542 7470
6435 9110
1089 7123
9108 2533
887 5158
285 844
8140 9731
8054 4449
3463 4078
9023 4451
2038 8742
3291 7877
2726 8460
1576 3103
4346 8441
4525 6253
2727 3405
1289 8945
6414 6358
2199 6223
7162 8665
2193 5636
1846 4943
9921 8537
6312 5051
4369 7763
2203 211
3722 5880
8682 2558
698 3511
2373 4961
8809 3919
1616 2565
5334 1375
1927 2268
5087 1457
9721 4675
2941 4301
8497 5924
6505 3604
2884 1171
7219 8813
9865 4390
8641 6466
8439 2488
642 3729
4573 1756
5289 9730
2624 4064
3679 3111
7157 1702
929 8574
5169 1314
8651 321
1293 9941
1163 4104
6324 3432
5588 8150
9808 4930
5794 847
3141 4353
2736 1514
1652 5989
7097 1248
531 2090
2505 9023
8756 1705
2488 4103
3410 6048
8867 7222
7541 5004
9811 6340
2347 7389
5747 9602
5215 3826
3461 6258
433 8443
8330 9822
3972 8078
5309 1299
8728 837
5162 5237
140 8695
6558 6493
6930 7040
8911 1289
8633 5128
3043 4782
1470 703
2535 9118
6977 9276
5025 3554
315 1509
9510 5316
173 7553
9949 8282
8909 2813
4822 1808
8463 7064
4658 9543
4153 4287
6773 9880
8896 5818
2230 7638
7327 8790
9545 5454
8526 1396
9447 4737
5515 7936
8404 9893
2120 4037
8212 5775
7055 1751
8586 2494
1889 8470
6168 6830
7290 978
9368 486
8475 5033
5768 3635
2068 3021
5083 2838
1236 1154
9798 3040
1634 761
7432 3580
4775 9570
3803 3201
4263 5527
1919 4992
4750 223
8689 3430
1923 5375
3430 1818
2512 8051
5583 741
3396 6045
8706 4703
2737 8724
6501 1766
4166 2606
8810 3036
1160 5674
5529 4879
6043 4517
3321 7532
455 4791
4811 1161
7314 2669
1950 5774
3283 2156
6321 6530
5840 442
4080 4747
6535 4546
2755 1203
9112 2261
5603 3575
6080 1125
7863 5419
226 2630
7557 3756
3065 6697
1923 1610
5827 1613
8377 6467
9404 7917
2634 5730
7484 9327
6970 7877
8456 7610
6558 6029
1773 8090
2854 5453
3838 7009
145 1522
432 7534
990 9175
1168 3729
2080 8352
1534 3338
6069 3503
190 5749
1749 3171
7529 2784
3484 46
3636 2913
7210 4884
3070 5311
9399 7746
5445 7321
3252 2137
4069 4929
7986 5206
943 4542
9404 3927
7463 3575
6811 8339
7366 1664
7283 4925
6849 1135
6641 7916
409 6342
1962 7815
6762 3752
8455 1002
6455 8674
6271 4322
6904 9304
8796 6161
8984 2212
6708 4745
9006 9132
5728 2649
2519 7169
2064 4831
7361 4604
