800 165 400 4 1206
1 2 5 1 18 3 2 2 1 1 3 8 6 1 6 6 3 7 5 2 1 4 3 3 11 2 4 2 14 8 16 6 1 3 6 8 1 2 10 1 9 5 7 7 1 10 5 7 6 1 11 2 19 9 5 1 4 13 23 3 16 5 3 5 8 8 2 2 8 3 1 5 6 2 10 8 9 5 2 7 4 1 3 2 6 1 1 1 1 4 8 3 2 19 2 6 1 5 1 3 5 11 1 2 15 1 8 3 1 1 2 3 2 6 4 9 2 7 7 1 3 3 8 2 3 1 2 3 12 3 1 4 3 1 1 2 15 12 4 2 1 3 2 2 12 1 7 1 6 1 2 11 2 9 6 7 8 1 1 1 2 1 8 2 1
0 961 5295 6318
2380 2393 7997 8010
3194 4371 393 1570
0 628 3238 4277
9511 9663 6938 7090
6139 7253 8041 9155
4808 5412 7502 8106
5465 6505 3176 4216
9252 9821 5930 6499
6360 6925 869 1434
5217 5964 3986 4733
4996 5311 9123 9438
6781 7949 1950 3118
4138 4706 8419 8987
1766 2649 7868 8751
3030 4061 7214 8245
3742 4838 5782 6878
5640 6411 9155 9926
9535 9813 4573 4851
2415 3181 1746 2512
1252 2348 8042 9138
3560 3737 1624 1801
8105 8258 4718 4871
9415 9495 2926 3006
91 248 6283 6440
1131 1398 1402 1669
2627 3392 3260 4025
522 1315 8109 8902
9012 9395 9342 9725
8700 8795 5507 5602
7517 7766 823 1072
2885 3593 5124 5832
2032 2045 5489 5502
3629 4540 8776 9687
3587 4120 6161 6694
5117 5353 8109 8345
4099 5197 3903 5001
5680 5680 5630 5630
6710 7345 2092 2727
93 902 5434 6243
7246 7999 2712 3465
3380 3402 9534 9556
2150 2673 2915 3438
7249 7939 3674 4364
2557 2615 181 239
7129 8133 3337 4341
9430 10000 880 1450
7738 7843 9270 9375
1821 2318 1863 2360
3824 3994 5096 5266
4015 5136 6566 7687
9826 9970 2402 2546
8100 8452 296 648
2739 3794 5019 6074
0 845 67 1234
3244 3928 6436 7120
2930 3284 517 871
992 1062 5893 5963
3648 4494 4976 5822
2689 3043 1389 1743
456 1102 7600 8246
0 261 155 509
7376 8536 1894 3054
749 1293 1725 2269
5136 6148 904 1916
5129 5217 6172 6260
5072 5448 5564 5940
328 1082 4456 5210
1158 1605 2640 3087
4341 4461 6700 6820
4791 5854 8800 9863
3726 4305 2009 2588
533 1662 5473 6602
3987 4227 9204 9444
673 1184 150 661
3620 3724 5729 5833
9027 9775 1077 1825
3449 4442 5438 6431
5203 5873 1536 2206
2826 3344 0 464
8931 9356 2454 2879
8837 9813 929 1905
1554 1814 4794 5054
2777 3418 1293 1934
6454 6919 5494 5959
9741 10000 7007 7458
2986 4000 6594 7608
1456 2525 7079 8148
7081 7553 8768 9240
7811 8907 7171 8267
1211 2053 2641 3483
6023 6272 3739 3988
2891 3296 9179 9584
8078 8216 4192 4330
3063 3897 7973 8807
7025 7155 9691 9821
2330 3108 3592 4370
887 1362 7040 7515
3226 3727 1036 1537
3032 3529 4722 5219
269 1295 658 1684
3759 4646 8446 9333
3334 3732 950 1348
4413 5397 0 540
8560 8599 8271 8310
1696 2656 9075 10000
3277 4350 8920 9993
8983 9282 2849 3148
3291 4089 7353 8151
6584 7040 2644 3100
5580 6777 9009 10000
1148 1645 5126 5623
5236 5354 1262 1380
8133 8206 8889 8962
8967 9538 3051 3622
8404 9090 9543 10000
2597 3027 3758 4188
2986 3151 6285 6450
7402 8368 6820 7786
1567 1794 6553 6780
8703 9773 1918 2988
1210 1543 7691 8024
9427 10000 6536 7485
7262 7396 7755 7889
1771 2007 8795 9031
3658 4369 5473 6184
3162 4115 7236 8189
9673 9680 1857 1864
3264 4092 549 1377
4421 4626 5647 5852
7023 7921 4893 5791
0 835 1986 3003
3046 3454 7057 7465
6641 7531 8515 9405
1483 2064 2196 2777
8312 9008 4230 4926
0 570 5903 6910
2696 3896 4239 5439
4188 4510 96 418
1108 2286 1347 2525
5423 5773 2974 3324
5551 5910 6104 6463
7128 7852 5761 6485
9535 9994 8332 8791
5404 5968 5812 6376
4387 5133 0 732
6493 7448 1675 2630
1161 1934 4684 5457
6300 6852 3678 4230
5878 6513 4174 4809
8440 8450 6390 6400
9843 9969 5778 5904
2473 2997 9481 10000
367 666 3375 3674
7068 8013 7276 8221
3537 4599 4800 5862
3238 3604 3108 3474
1768 2624 2805 3661
6491 6902 5575 5986
1043 1775 4903 5635
19 210 150 341
3293 3743 4778 5228
7314 7390 9371 9447
2588 3526 3572 4510
1370 2059 2721 3410
1815 2119 5143 5447
911 1845 1989 2923
196 712 7211 7727
488 1470 2341 3323
5858 6457 7228 7827
8050 8420 6918 7288
851 1377 1886 2412
0 1075 8961 10000
2542 3545 0 900
8338 8569 8943 9174
3637 4127 9390 9880
7754 8785 8922 9953
3816 4277 8174 8635
1102 1213 5626 5737
2906 3972 4475 5541
7608 8324 7041 7757
764 1686 1112 2034
5003 6052 4136 5185
8232 8565 4238 4571
7672 8807 2790 3925
8591 9411 4467 5287
5915 7062 635 1782
7773 8239 6122 6588
2892 3070 5639 5817
2927 3369 8381 8823
2601 2728 8418 8545
551 761 5337 5547
5557 6336 9884 10000
3811 4675 6870 7734
2378 2944 1002 1568
7216 8308 5451 6543
953 1087 5124 5258
949 1968 124 1143
1062 1455 7926 8319
3088 3957 3163 4032
2106 2406 3423 3723
8664 9232 6007 6575
3031 3227 6647 6843
0 404 1771 2733
4842 5462 2424 3044
8320 8927 449 1056
590 1483 3951 4844
5432 6005 4007 4580
1922 2907 6582 7567
5881 6539 791 1449
4600 5691 813 1904
3822 4654 8166 8998
2298 2919 6940 7561
3094 3854 7718 8478
5432 6207 937 1712
5355 5623 2563 2831
6933 7102 765 934
935 1804 2693 3562
4989 5401 3202 3614
8267 9136 7361 8230
6769 7670 9244 10000
3853 5009 6129 7285
7695 8891 0 557
4437 5238 5531 6332
7798 7942 2764 2908
3386 3824 8386 8824
1398 1533 1963 2098
661 1306 5978 6623
1337 2070 8787 9520
6090 6671 6917 7498
7626 7940 4019 4333
1487 2272 7102 7887
5952 7056 5938 7042
283 653 2857 3227
663 1118 3697 4152
5122 5534 5305 5717
3460 4316 4269 5125
291 881 9697 10000
961 1791 2458 3288
7668 8214 6720 7266
5696 6057 8757 9118
4685 5871 1711 2897
3229 3718 1727 2216
1389 1889 3408 3908
2724 3051 5165 5492
2007 3140 7252 8385
276 296 5455 5475
4800 4907 7798 7905
9070 9466 1935 2331
5827 6391 1299 1863
9575 10000 7975 9127
2544 3471 3243 4170
391 1193 8426 9228
4549 4579 3113 3143
1766 1773 2999 3006
982 1538 544 1100
2703 3299 797 1393
7825 8272 8378 8825
7934 8856 9362 10000
3394 4381 2737 3724
2616 2655 6141 6180
6088 6201 9586 9699
354 1278 174 1098
3646 4159 7669 8182
6884 7700 842 1658
6477 6552 1560 1635
5750 6349 8925 9524
8741 9067 8455 8781
0 526 8052 8743
0 1145 5391 6569
8999 9931 4561 5493
861 1397 8400 8936
3075 3140 4329 4394
8652 8966 2392 2706
4018 4875 9851 10000
9428 9560 5557 5689
7299 8153 9090 9944
3225 3826 3925 4526
1878 2070 7142 7334
9644 9875 749 980
1047 1539 6432 6924
4453 5431 4811 5789
4037 4878 5452 6293
296 1010 2849 3563
1835 2258 2365 2788
5672 5945 8484 8757
736 755 8090 8109
0 131 1531 2408
6635 6907 6036 6308
8849 9132 9800 10000
4913 4991 5301 5379
7920 8485 6434 6999
6119 7093 2076 3050
8748 9089 3550 3891
8338 9131 8010 8803
5187 5334 2581 2728
6063 7224 6856 8017
7773 8813 9614 10000
4154 4171 1268 1285
8861 8916 4259 4314
3189 3569 2733 3113
2782 3379 7449 8046
9565 9850 9373 9658
5924 6093 7924 8093
5928 6242 5508 5822
8817 9301 6795 7279
7675 7964 5093 5382
1917 2985 7383 8451
6984 7051 7891 7958
7184 7627 796 1239
6336 7217 2407 3288
3036 3492 6484 6940
2323 3097 1332 2106
2629 2852 184 407
3995 4868 2975 3848
3679 4204 137 662
7822 8750 1405 2333
6234 6469 4057 4292
6058 6631 7895 8468
4228 5048 402 1222
1950 2003 3115 3168
2345 3431 0 1070
4791 4872 0 73
8753 9879 7942 9068
8317 8541 8931 9155
3317 3664 6498 6845
2332 3084 5661 6413
3852 3853 7850 7851
8905 9407 7830 8332
2060 3102 1610 2652
9170 9323 9209 9362
4822 5353 4341 4872
5390 5903 8152 8665
3767 4157 3984 4374
1697 2496 6971 7770
8360 8897 2328 2865
4969 5249 1415 1695
4521 4779 5659 5917
2445 2868 708 1131
6367 7518 2168 3319
2850 3743 6933 7826
7474 7647 2884 3057
4183 5063 2090 2970
8475 8550 86 161
2424 2842 1801 2219
1111 1772 1301 1962
1066 1320 7294 7548
1704 2214 1441 1951
747 1616 2973 3842
5699 5892 8087 8280
4611 4732 2431 2552
6674 6985 2821 3132
3191 3316 1186 1311
2101 2276 3889 4064
56 695 6297 6936
5372 5746 9096 9470
2094 3029 8471 9406
2422 3362 4133 5073
8715 9216 5480 5981
3494 4087 5513 6106
4917 4997 6826 6906
6963 7712 6073 6822
4128 4638 1613 2123
8678 8809 1119 1250
7013 7462 2136 2585
7631 8674 1945 2988
7961 8792 201 1032
4662 5176 8069 8583
6750 6981 7024 7255
1256 1641 5421 5806
5598 6791 6894 8087
2352 2392 1513 1553
345 1500 7699 8854
2079 3031 911 1863
4644 5610 3890 4856
5706 6833 7654 8781
8878 9057 7472 7651
6155 7065 8118 9028
6334 6478 272 416
1236 2246 4134 5144
6421 6614 5078 5271
7412 7583 2211 2382
8861 9018 6232 6389
2407 2436 9847 9876
1922 2067 4561 4706
36 898 2392 3254
7338 8333 3093 4088
5184 5889 6389 7094
3963 4871 3866 4774
6761 7872 1380 2491
8454 8551 4334 4431
2794 3223 2261 2690
6380 6461 4320 4401
5399 6420 3810 4831
5861 6030 9853 10000
3365 3899 8882 9416
6049 7011 2408 3370
5893 6755 2845 3707
6606 7630 2170 3194
5640 6637 7864 8861
8507 8834 7220 7547
5906 6987 414 1495
443 1506 3155 4218
5902 6975 3722 4795
8320 9494 7559 8733
3188 3392 4227 4431
1115 1259 4392 4536
5064 5155 3092 3183
2421 3063 8124 8766
2537 2844 189 496
7384 7526 3250 3392
6167 7068 4905 5806
2131 3187 8941 9997
2816 2847 1040 1071
4370 5357 8450 9437
4181 4608 6884 7311
2022 2282 9575 9835
8565 9016 1975 2426
7067 7155 5265 5353
8085 9196 2833 3944
0 518 8217 9213
1368 2217 4449 5298
5693 6437 178 922
3198 3264 8614 8680
6569 6954 0 357
2784 3172 3471 3859
9322 9772 9344 9794
783 1015 7840 8072
7008 7585 5621 6198
8284 8360 5623 5699
2401 2709 2763 3071
4860 5144 2127 2411
5942 6138 5559 5755
5825 6720 6762 7657
6774 7711 7984 8921
1289 1294 4464 4469
1839 2545 8566 9272
4329 5456 2448 3575
3859 4518 2108 2767
4612 5113 1624 2125
8028 8188 7908 8068
6061 6257 6546 6742
3641 4410 2338 3107
2088 2608 0 287
2098 3251 7590 8743
8482 8545 9232 9295
8579 8778 9084 9283
1382 1771 837 1226
9457 9931 9470 9944
5061 5195 2364 2498
9075 9274 6987 7186
3789 4655 9360 10000
8313 8920 5997 6604
3821 4387 8454 9020
4709 5341 725 1357
0 376 8800 9633
7951 8894 6856 7799
0 729 0 273
4790 5399 7161 7770
2136 2805 4458 5127
7255 8163 8170 9078
281 1421 7611 8751
148 1090 8603 9545
6824 6874 3798 3848
1091 1895 1589 2393
8014 9159 4966 6111
7862 8179 8487 8804
0 788 1706 2787
3317 3742 2649 3074
1790 2833 1848 2891
5821 5980 2850 3009
3022 3071 489 538
5254 5298 7735 7779
8188 8815 4908 5535
1405 2606 5168 6369
6493 6669 4717 4893
8985 9502 971 1488
5048 5450 7275 7677
6196 6229 552 585
1018 1109 9635 9726
6775 7150 4716 5091
1394 2559 2309 3474
6175 7329 2528 3682
5676 6496 1690 2510
1818 2082 1789 2053
5968 6124 1714 1870
4184 4562 5216 5594
364 749 3517 3902
7514 8615 2915 4016
3142 3261 1606 1725
4922 5477 9291 9846
4934 5488 9646 10000
9231 10000 8429 9378
8129 9196 5989 7056
6311 7198 6496 7383
912 1834 6137 7059
9047 9332 8720 9005
8441 9000 4890 5449
3871 5051 2983 4163
9232 10000 8517 9665
4586 4742 9447 9603
7088 7449 4516 4877
3743 4299 5415 5971
2323 3460 3766 4903
8548 9723 6418 7593
913 1716 3337 4140
0 1008 7884 8924
976 1025 6311 6360
8401 9060 522 1181
1887 1996 6179 6288
8344 8348 9752 9756
5968 6959 306 1297
4521 5257 8209 8945
9876 10000 4719 5646
8829 10000 0 619
3365 4236 3890 4761
119 692 9002 9575
5642 5710 2082 2150
2614 3661 8159 9206
7752 8330 4662 5240
3997 5122 7368 8493
3267 4356 5094 6183
3257 3608 5238 5589
5960 6703 3420 4163
1885 2039 4962 5116
4426 5218 67 859
7072 7320 5770 6018
9005 9620 1759 2374
6915 7018 6652 6755
6191 6816 7512 8137
6060 7150 8672 9762
8539 8993 6855 7309
8400 8695 3445 3740
0 214 8415 9050
351 938 2814 3401
9045 9982 6165 7102
6898 7946 5286 6334
7325 7338 1673 1686
2917 2920 5318 5321
4025 4402 2750 3127
3117 3214 2313 2410
1971 2878 0 236
2922 3309 5291 5678
4297 4541 6193 6437
2850 3633 2936 3719
9599 9668 1277 1346
5405 5802 0 197
9326 10000 3634 4437
636 1416 6103 6883
5534 5547 285 298
5352 5837 861 1346
7777 8674 8742 9639
9261 9637 4150 4526
8916 9522 6054 6660
3481 3936 2608 3063
4549 5129 8081 8661
9540 9852 3944 4256
1405 1897 8749 9241
5153 5870 2953 3670
6627 7199 1410 1982
2030 2436 454 860
3646 4475 8465 9294
2081 2527 3103 3549
3031 3434 8565 8968
2535 2709 5964 6138
4870 5298 6013 6441
1145 2168 4776 5799
0 402 2115 3077
5480 5945 2983 3448
2000 2109 1963 2072
6940 7238 7818 8116
5059 5159 4263 4363
3596 3615 2660 2679
1429 1907 6390 6868
1448 1974 8199 8725
6236 6525 8785 9074
5210 5939 84 813
9405 10000 3170 3916
682 783 1769 1870
1454 1509 6448 6503
402 1319 3258 4175
8801 9025 5802 6026
9463 9688 4336 4561
7902 8912 8340 9350
4878 4999 2072 2193
3754 4676 4103 5025
5045 5426 7892 8273
3733 4724 2478 3469
770 1414 3060 3704
1236 1521 9501 9786
7701 7858 6823 6980
1225 2299 865 1939
4767 5684 1420 2337
6073 6543 0 322
1917 2460 6521 7064
8142 8310 4038 4206
2016 2343 9324 9651
4636 5815 2938 4117
3007 4211 9777 10000
1004 1363 6075 6434
8658 9036 2490 2868
8620 8882 5068 5330
8752 9278 5728 6254
8442 9318 391 1267
6205 6622 8274 8691
328 997 3631 4300
8059 8185 3085 3211
9483 10000 8152 9040
2456 2577 5841 5962
6972 7865 0 669
3446 3728 410 692
5180 5858 6529 7207
4625 4898 8724 8997
7078 7768 6282 6972
6551 7477 7991 8917
6907 7898 5916 6907
4729 5562 4628 5461
6846 7284 6935 7373
3865 4287 0 373
1260 2293 4936 5969
4475 5144 2488 3157
2441 3303 9372 10000
149 535 7042 7428
1137 2238 3270 4371
4446 4904 5787 6245
5466 6168 0 304
8407 9170 7988 8751
5841 6925 7271 8355
5786 5992 6631 6837
5521 6476 7112 8067
6812 7676 6727 7591
866 1713 3815 4662
8609 9257 8763 9411
6890 6995 8887 8992
0 483 1356 2288
0 182 8240 8444
1149 1421 1511 1783
5340 5689 3560 3909
1491 1509 734 752
8727 9302 6060 6635
3148 4306 215 1373
3185 4238 9841 10000
3009 3019 9290 9300
1883 2814 1119 2050
4636 5169 7167 7700
8777 8963 8038 8224
6641 6855 2409 2623
8103 8683 1445 2025
1200 1585 1778 2163
9652 9681 7808 7837
434 462 3784 3812
512 1655 7426 8569
7093 7553 4585 5045
1631 1851 3360 3580
7593 8246 637 1290
1601 1652 2963 3014
2567 3552 1349 2334
2862 3966 5467 6571
4124 4206 3185 3267
3230 3959 2506 3235
1635 1700 3101 3166
6391 7455 5647 6711
1428 2153 5250 5975
3207 3784 4510 5087
605 948 265 608
6796 6951 1977 2132
233 1361 4863 5991
3363 3883 6188 6708
4905 5534 3741 4370
9694 10000 6079 6992
8009 8508 3921 4420
4186 4572 1283 1669
3542 4701 0 909
2767 2843 2259 2335
0 652 639 1420
1872 2194 3341 3663
5679 6144 3862 4327
3425 3678 5227 5480
6908 7600 2018 2710
2911 4065 7180 8334
4550 5578 4450 5478
3068 3239 2245 2416
603 770 407 574
4019 5066 3642 4689
3494 4002 2043 2551
6688 6802 1096 1210
9650 10000 1388 2379
7738 8782 4332 5376
1081 1222 515 656
5306 5325 924 943
3434 3940 9613 10000
9681 10000 3670 4721
3997 5051 866 1920
8334 8368 5924 5958
9315 10000 8480 9503
6187 6696 3080 3589
2976 3614 8913 9551
7121 7697 6930 7506
2665 3228 6248 6811
1238 2396 9284 10000
3044 3228 3666 3850
1923 2673 4739 5489
2374 2509 5183 5318
4354 4378 6301 6325
3198 3998 4401 5201
8247 8825 7461 8039
4343 4851 536 1044
4197 4553 5548 5904
5177 5790 5918 6531
4862 5543 6892 7573
8361 9357 0 429
943 1004 1926 1987
4797 5088 4233 4524
6705 6963 6691 6949
5727 5824 6223 6320
3829 4658 0 537
990 1111 1803 1924
558 923 2760 3125
9933 9970 2742 2779
4710 5337 293 920
1160 1229 3890 3959
3016 3244 5776 6004
8845 9094 2212 2461
6326 6572 6655 6901
6777 7481 2971 3675
7355 8409 7543 8597
5655 6684 1567 2596
1186 1946 5319 6079
2288 2984 3433 4129
6111 6121 4736 4746
7266 8096 7520 8350
8080 8240 9820 9980
8309 8395 2184 2270
2518 3291 7268 8041
7317 7547 1890 2120
3796 4618 3259 4081
1087 1533 6711 7157
9607 10000 2755 3850
4655 5212 0 249
1801 2622 2695 3516
1062 1708 7953 8599
6810 7002 9908 10000
3317 3449 5940 6072
1136 1844 7065 7773
2443 2579 4868 5004
1837 1866 5692 5721
3583 3590 7170 7177
9662 9725 7562 7625
3903 4959 8195 9251
3136 3441 7484 7789
696 1153 3132 3589
3001 3231 5386 5616
2990 3579 1070 1659
2322 3435 9703 10000
7354 8136 6320 7102
5440 5726 1872 2158
379 1421 8745 9787
4643 5485 6450 7292
6177 6874 1937 2634
3819 4497 1534 2212
9757 10000 4903 5994
8436 8937 470 971
7794 7957 6427 6590
4071 5010 9166 10000
1054 1070 8462 8478
2557 3316 3119 3878
3793 4837 4107 5151
9386 10000 918 1561
3341 3688 1711 2058
3055 3832 2009 2786
491 918 438 865
3795 4466 779 1450
8893 9723 461 1291
3020 3285 9010 9275
3340 4046 6996 7702
8203 9232 2163 3192
596 1573 3552 4529
3381 3771 288 678
7176 8364 7245 8433
3690 4385 430 1125
902 1187 9014 9299
2418 2962 3681 4225
4921 4924 6916 6919
2149 2764 1878 2493
8299 8498 4258 4457
5780 6704 9246 10000
2154 3063 8444 9353
598 1148 2680 3230
1596 1800 8256 8460
3157 3331 5763 5937
6545 6855 5495 5805
1836 2233 1367 1764
7780 8350 5358 5928
1820 2522 6760 7462
582 1544 5973 6935
1287 2256 2891 3860
6965 7312 7171 7518
9556 9928 3490 3862
5600 5944 3729 4073
3928 4068 5349 5489
568 6167
2381 8009
4045 1479
77 3708
9651 7010
6405 8624
5263 8015
5525 3820
9441 5934
6612 1302
5708 4675
5234 9329
7847 2124
4399 8842
2631 8493
3996 7680
3892 6012
5784 9490
9604 4842
3130 2242
2239 8317
3629 1792
8188 4811
9491 2952
107 6314
1342 1615
2824 3406
929 8134
9381 9488
8718 5552
7727 865
2953 5257
2037 5502
4518 8850
3692 6647
5309 8109
4680 4370
5680 5630
7245 2317
661 5625
7906 3285
3383 9538
2596 3045
7849 4075
2571 227
7589 3627
9484 999
7796 9312
1883 2335
3942 5162
4332 6895
9941 2539
8288 412
3512 5446
117 250
3520 7079
3159 843
1044 5898
4340 5321
2888 1411
917 8004
176 481
8295 2276
965 2194
5751 1139
5199 6211
5311 5620
957 4522
1260 2851
4446 6749
5342 8908
3836 2233
1028 6551
4083 9208
1081 571
3711 5816
9111 1315
4397 5587
5582 1693
2946 131
9214 2627
9312 1554
1726 4820
2858 1819
6772 5525
9823 7369
3813 6971
2111 8136
7293 8861
8740 7902
1605 3222
6241 3888
2969 9328
8161 4307
3791 8588
7085 9744
2540 4239
1191 7496
3611 1182
3103 5209
1172 793
4094 9009
3335 1221
4735 362
8576 8307
2083 9670
3325 9757
9123 2875
3802 7964
6950 2977
6653 9014
1536 5164
5339 1298
8145 8927
9412 3405
8560 9787
2656 3805
3147 6423
7507 7038
1701 6603
9178 1992
1266 7698
9693 6922
7396 7836
1991 8997
3830 5835
3834 7673
9674 1863
3731 1050
4618 5846
7286 5377
151 1987
3325 7220
7276 8881
1543 2274
8961 4599
486 6711
3451 5040
4267 188
1401 1856
5481 3102
5771 6230
7669 6354
9775 8396
5751 5813
4914 468
7370 1993
1286 5296
6737 3964
5938 4277
8446 6392
9847 5850
2539 9619
532 3422
7184 7954
4567 5353
3253 3317
1936 3627
6785 5626
1171 5321
90 159
3302 4823
7345 9406
3214 4039
1516 3048
1882 5193
1347 2359
215 7570
1430 2342
6362 7789
8391 7265
1123 2216
927 8994
3307 836
8495 9035
3870 9474
8070 9781
4029 8291
1161 5628
3053 4699
7810 7360
1615 2032
5629 4803
8518 4544
8646 3828
8856 4641
6351 717
7828 6273
2989 5714
3199 8514
2694 8542
666 5370
5695 9902
4184 7108
2605 1144
7722 6086
989 5205
1630 234
1408 8156
3397 3366
2209 3657
9139 6276
3099 6684
152 2344
5244 2755
8722 659
688 4511
5750 4040
2463 6835
6185 1114
4977 1146
3887 8651
2484 7160
3664 7923
5975 958
5395 2809
6934 835
1329 2980
5090 3378
8490 7800
6999 9784
4393 7100
8739 539
4500 5770
7800 2771
3799 8620
1453 2063
833 6189
1523 9051
6656 7464
7809 4301
2174 7126
6114 5992
345 3225
925 4142
5504 5555
3718 4600
792 9736
1732 2475
7889 7062
5942 8982
5470 2629
3319 1831
1594 3751
2966 5414
2602 8277
288 5456
4882 7807
9294 2264
5906 1728
9719 8354
3195 3851
1189 9186
4578 3116
1770 2999
1171 707
3014 1116
8086 8799
8171 9859
4251 3479
2628 6175
6178 9671
762 947
3887 7967
7408 1217
6489 1601
5809 9066
9017 8542
394 8072
683 6564
9035 5269
1028 8501
3119 4383
8693 2649
4204 9953
9480 5666
8020 9757
3681 4053
1951 7329
9804 826
1400 6466
4733 5759
4642 5808
413 3174
1974 2599
5739 8641
743 8092
7 2210
6680 6216
9049 9966
4945 5350
8402 6822
6377 2444
8785 3693
8793 8773
5213 2707
6299 7422
8527 9725
4158 1284
8886 4303
3440 2867
3207 7880
9707 9568
6056 8022
6158 5537
9206 6820
7756 5323
2459 8262
6986 7904
7442 1206
6600 3263
3352 6766
2761 1821
2701 190
4338 3332
4193 279
8482 2056
6425 4112
6631 8390
4440 1035
1958 3124
2784 995
4832 35
8870 8704
8329 9052
3318 6641
2912 5821
3853 7851
9024 8205
2941 2082
9244 9330
4917 4868
5426 8258
3885 4343
2459 7030
8572 2714
5229 1598
4692 5668
2762 800
6395 2233
3508 7021
7514 2919
4250 2126
8508 109
2802 1898
1547 1959
1161 7447
2180 1764
1461 3007
5832 8230
4670 2470
6773 2912
3249 1273
2227 3964
192 6428
5697 9243
2609 8738
3030 4655
9151 5895
3775 5801
4989 6856
7142 6468
4382 1985
8736 1138
7244 2329
8489 2325
8278 872
4914 8317
6861 7150
1618 5434
6169 7140
2380 1522
478 8111
2146 1501
5461 4271
6065 7781
8919 7551
7041 8206
6390 294
1302 4822
6423 5106
7430 2338
8885 6334
2414 9868
2011 4628
306 2460
7348 3355
5360 6735
4753 4094
7640 2309
8538 4384
3174 2468
6453 4359
6420 4610
5943 9934
3599 9176
6663 2746
6224 2901
7497 2448
6579 8657
8552 7401
6858 500
1427 3570
6181 3849
8876 8615
3223 4250
1167 4462
5065 3130
2493 8422
2686 216
7400 3346
6830 5217
2241 9101
2822 1052
4992 9424
4454 6890
2067 9649
8813 2044
7127 5279
8680 3229
155 9111
2175 5135
6056 529
3204 8669
6814 351
3035 3660
9662 9707
994 7849
7449 5702
8306 5699
2626 2955
4990 2304
5964 5671
6079 7381
7430 8223
1289 4464
1888 9148
5388 2787
4153 2722
4716 1733
8131 7939
6235 6725
3864 2776
2578 207
3249 7942
8502 9283
8712 9169
1731 953
9719 9566
5132 2408
9206 7064
3802 9901
8550 6572
4370 8559
5299 918
254 9550
8057 7341
114 262
5341 7334
2802 5049
8140 8329
598 8108
794 9394
6825 3843
1470 2345
8101 5469
8059 8683
749 1942
3536 2661
2794 1949
5975 2875
3029 513
5281 7750
8667 4972
2064 5311
6569 4729
9487 1222
5426 7465
6220 566
1060 9671
7000 5076
2335 2736
6212 3295
6440 1969
1972 1874
6020 1790
4392 5479
619 3774
7861 2988
3238 1678
5142 9406
5251 9966
9834 8887
8836 6412
6476 6943
1134 6834
9106 8721
8507 4900
4324 3773
9814 9390
4644 9560
7245 4711
3853 5829
3184 4178
8793 6952
1150 3821
29 8357
983 6337
8669 792
1968 6212
8346 9752
6662 674
4536 8660
9891 5627
9945 290
4131 3913
505 9196
5706 2084
2740 8908
8050 5004
4802 8003
3549 5461
3423 5284
6629 3876
1913 5015
4972 221
7121 6005
9389 1802
7000 6697
6667 7699
7065 9683
8564 6902
8416 3648
186 8929
373 3026
9875 6907
7566 5848
7338 1683
2919 5321
4028 2915
3187 2348
2394 41
3172 5428
4517 6284
3126 3103
9659 1315
5605 96
9815 3649
1118 6532
5547 290
5629 901
8364 9306
9524 4153
8994 6088
3842 2954
4770 8576
9751 3984
1494 8928
5194 3290
6879 1701
2306 693
3718 8579
2429 3544
3105 8901
2650 6081
5112 6015
1243 5478
9 3011
5867 3069
2046 2054
7052 7894
5071 4319
3601 2672
1765 6674
1650 8334
6261 8912
5323 181
9539 3353
690 1772
1506 6467
1315 3980
8974 5897
9590 4532
8532 9056
4941 2105
3820 4198
5313 8230
4094 2885
1144 3292
1414 9563
7843 6940
1289 1365
5107 1923
6326 65
2145 7028
8297 4091
2152 9450
5393 2959
4069 9804
1204 6075
8983 2662
8683 5184
8940 5792
9216 1025
6263 8404
468 4137
8113 3137
9924 9029
2497 5891
7477 151
3638 657
5800 6684
4805 8959
7424 6957
6902 8433
7232 6123
5152 4647
6925 7306
3936 252
2064 5388
5004 2939
2848 9413
292 7118
1298 3573
4520 6182
5882 90
8854 8219
5884 7869
5935 6668
6291 7605
7207 7442
1322 4501
8746 8879
6938 8938
357 1808
148 8431
1281 1719
5581 3645
1502 738
9044 6326
3303 344
4208 9930
3015 9292
1995 1656
4767 7561
8798 8171
6754 2477
8475 1936
1559 1993
9660 7835
450 3805
937 8457
7391 4866
1819 3572
7700 864
1623 3008
2588 1637
3797 5603
4185 3224
3687 2649
1677 3120
6849 5981
1618 5430
3257 4548
822 586
6946 2110
564 5331
3748 6227
5222 4146
9793 6778
8024 3999
4311 1582
4331 47
2816 2298
119 1250
2023 3569
5936 4103
3519 5288
7232 2319
3602 8147
4623 4669
3084 2297
654 529
5000 4353
3604 2480
6714 1184
9709 1978
7964 4618
1161 592
5320 942
3935 9890
9746 4080
5001 1114
8337 5934
9710 8927
6238 3456
3516 9218
7176 7132
3199 6437
2065 9566
3194 3773
2113 5067
2463 5276
4362 6325
3431 5033
8560 7755
4797 784
4474 5701
5701 6109
5339 7224
8698 424
980 1980
4898 4394
6889 6948
5780 6301
3990 416
1014 1837
836 3035
9941 2760
5264 730
1222 3905
3220 5869
8870 2240
6429 6761
7419 3166
8060 7702
6555 2479
1407 5381
2842 3732
6119 4745
7428 8332
8084 9945
8333 2191
2783 7660
7425 2060
3815 3510
1378 7012
9796 3825
4846 4
2577 3160
1082 8513
6991 9919
3421 6054
1527 7471
2450 4934
1849 5718
3584 7173
9679 7573
4349 8639
3391 7762
1102 3387
3063 5551
3516 1150
2944 9887
7668 6996
5565 2124
1175 9291
5060 6535
6591 2525
4066 1760
9863 5552
8753 764
7821 6528
4528 9303
1056 8473
3085 3300
4459 5054
9458 950
3406 1737
3424 2769
583 756
4033 1394
8929 780
3164 9012
3482 7347
9207 2301
1527 4518
3383 371
7521 8356
3902 497
1023 9275
2568 3763
4924 6919
2340 2227
8372 4395
6649 9494
2812 8624
876 3159
1785 8336
3322 5807
6557 5762
2174 1367
8065 5610
2450 6918
1349 6404
1350 3720
6987 7226
9724 3563
5741 4021
4065 5356
