800 352 400 3 2344
2 2 1 2 2 1 4 1 3 1 2 1 1 1 1 3 1 4 5 3 3 3 2 2 1 1 1 1 2 1 2 1 1 4 1 2 9 1 2 1 1 1 1 1 1 2 1 1 2 1 1 1 1 4 2 6 3 1 1 1 1 5 1 1 2 3 3 4 1 1 2 6 2 2 1 2 1 1 1 2 8 1 1 10 1 2 3 2 1 1 3 1 5 4 4 1 5 2 2 3 6 5 2 2 2 1 1 1 1 1 3 2 2 4 1 1 1 1 1 2 4 1 1 4 1 3 1 7 2 7 9 5 1 2 2 1 1 1 2 2 3 6 2 1 6 1 5 1 1 1 1 3 1 1 2 1 5 1 3 1 2 3 5 4 2 1 1 1 1 4 2 1 2 3 1 5 2 13 1 1 1 1 2 4 7 1 3 2 5 1 7 1 1 2 1 3 1 1 1 4 2 2 1 3 1 1 2 2 4 1 1 1 1 3 1 2 2 3 2 2 1 1 1 3 2 1 4 2 2 5 3 5 3 2 1 2 2 5 4 3 1 5 1 1 1 1 1 1 2 1 1 2 5 2 2 1 2 2 1 4 1 1 3 4 2 1 3 1 1 3 2 2 2 2 1 3 4 1 2 10 1 1 1 2 3 3 3 1 2 3 1 6 1 1 1 3 3 1 3 1 2 1 1 1 2 4 1 3 1 1 1 1 2 1 7 2 1 4 3 5 1 2 9 2 2 2 1 5 5 2 1 2 1 1 1 3 3 1 2 1 3 1 3 1 2 3 2 1 2 4 5 2
1563 2337 3035 3809
2329 3957 2758 4386
8798 8805 4297 4304
497 2617 3640 5760
2035 3211 5067 6243
8146 10000 2182 4245
5770 6212 5859 6301
350 1328 9233 10000
4268 6417 676 2825
6770 7028 0 181
4366 4582 5947 6163
6483 8262 0 1531
4915 4992 7382 7459
4028 4782 0 174
5870 7004 5133 6267
6424 7562 8290 9428
9191 9454 5622 5885
4553 6852 2698 4997
9745 9831 6786 6872
91 190 3590 3689
5285 5839 7510 8064
7904 8453 8900 9449
7464 9806 0 1574
4237 5897 3225 4885
6425 7195 2770 3540
2750 4475 8450 10000
5474 6781 1687 2994
3562 5725 3992 6155
1347 1711 4289 4653
8094 10000 629 2710
3612 3777 8878 9043
4071 4103 7161 7193
4334 6203 5966 7835
2501 2784 7248 7531
8154 8851 9035 9732
9818 10000 0 251
2561 2693 3067 3199
2164 3378 2323 3537
8621 9644 6667 7690
6534 6905 0 102
6663 7041 8947 9325
8352 8759 3857 4264
7033 8081 4439 5487
4248 6251 121 2124
8557 9973 6214 7630
251 1961 7439 9149
2629 3288 8934 9593
5285 6585 6231 7531
5564 6777 2081 3294
2802 2929 277 404
7181 7875 4716 5410
5240 6582 1440 2782
3818 5010 1495 2687
4728 5850 9726 10000
8723 10000 4517 6108
3711 5324 6577 8190
0 1391 7476 8987
8899 9987 0 446
5930 7258 0 1320
3563 4186 1663 2286
4014 4230 7346 7562
8371 8806 7418 7853
0 1303 4187 5505
4929 6661 1869 3601
3566 4026 3531 3991
472 2727 1172 3427
7839 9274 0 883
6727 8165 6848 8286
9325 10000 303 1467
1467 3584 4511 6628
9046 9861 642 1457
1567 1687 1416 1536
8192 10000 3203 5332
152 1280 2374 3502
4112 4347 734 969
491 2542 0 1368
0 1278 8551 9829
5745 7127 1387 2769
3512 4738 4633 5859
528 2043 6624 8139
6092 7327 1895 3130
3963 4313 1277 1627
2902 3987 2707 3792
0 263 1132 1708
3716 5613 8454 10000
8439 9567 6027 7155
9786 9856 9592 9662
3789 5767 8444 10000
2039 2624 7689 8274
2649 4161 7666 9178
5007 5755 4923 5671
8399 8990 3303 3894
4976 5661 8081 8766
3853 5323 2362 3832
7096 8038 5140 6082
3757 4312 2936 3491
2313 3980 7604 9271
76 477 5518 5919
8554 9945 12 1403
2178 4257 8015 10000
3562 3617 1523 1578
9416 9641 3066 3291
905 2181 8655 9931
2080 3169 3025 4114
3700 4966 6564 7830
3119 3206 5705 5792
3031 4420 2284 3673
6722 7325 5735 6338
3593 3769 7630 7806
2911 3177 8451 8717
3526 5585 6411 8470
1818 2305 3469 3956
5511 7129 2891 4509
6496 7517 3545 4566
8278 9633 6051 7406
4708 6213 8674 10000
9087 9973 6752 7638
8615 9424 8437 9246
3931 4658 4292 5019
9857 9988 681 812
8351 9672 2831 4152
7177 8880 5072 6775
1738 2835 6487 7584
7345 9620 0 1797
7034 8180 964 2110
6697 7658 9142 10000
7647 9092 4753 6198
6386 6645 4980 5239
6395 7316 3915 4836
2384 3030 8519 9165
3476 5405 5956 7885
6808 8567 9114 10000
4660 5816 8420 9576
918 2569 6156 7807
9212 10000 1270 3440
7634 8751 0 1095
5527 6428 7047 7948
7484 8407 7486 8409
7845 7902 1247 1304
6296 7488 6749 7941
3130 4925 559 2354
6195 6556 0 142
1214 1767 6062 6615
457 2328 2899 4770
3105 3244 8008 8147
8176 9629 0 1269
3264 4615 3355 4706
7832 8562 5140 5870
1545 2685 7817 8957
9457 10000 2254 3571
0 979 7634 9098
8299 10000 3761 5535
5786 5857 2368 2439
8177 9986 1407 3216
3487 4161 9488 10000
4936 5921 5084 6069
3889 4741 3053 3905
9448 10000 7567 8694
0 1766 6688 8875
4636 5526 8944 9834
3240 4311 3379 4450
394 1629 5787 7022
6970 7075 7862 7967
3107 3640 1825 2358
3604 3790 398 584
781 1768 4009 4996
9409 9602 2631 2824
6783 7449 5338 6004
5714 6511 3330 4127
7630 8115 6542 7027
7523 9633 5359 7469
3082 3538 1058 1514
558 2541 1508 3491
3845 4734 8190 9079
7019 8539 1311 2831
6015 7521 1256 2762
0 1060 7137 9360
324 2436 350 2462
3349 4253 6405 7309
9684 10000 4117 6443
802 1876 5099 6173
6249 7642 578 1971
3649 5803 0 2147
2671 4210 0 1130
3138 4866 6105 7833
0 917 7428 8849
211 524 9717 10000
8691 9592 4638 5539
1131 2291 2405 3565
8181 10000 7598 9628
4211 6353 2548 4690
8641 9504 595 1458
3239 4120 3725 4606
5982 7159 7385 8562
7609 8832 3895 5118
5764 5882 9732 9850
6456 7080 6513 7137
1316 2360 4230 5274
1007 3289 7330 9612
5995 7179 6876 8060
150 231 9773 9854
0 1696 7471 9628
4211 6419 6535 8743
9387 10000 9267 9932
1345 1612 1362 1629
5572 7152 0 1218
3239 4292 6237 7290
5801 6933 8698 9830
9013 10000 6069 8049
1970 3221 2034 3285
6425 6978 4042 4595
1762 1911 3847 3996
7921 8195 2414 2688
4943 6950 8208 10000
3944 4848 7699 8603
0 1112 2228 4565
0 394 1123 1886
1634 2002 2196 2564
8880 10000 486 1690
4714 6824 2343 4453
0 2035 3643 5978
7652 7837 1877 2062
5160 5896 3507 4243
4260 6041 7822 9603
412 2398 6219 8205
5295 5943 1438 2086
1619 3728 4482 6591
7790 8914 5371 6495
7043 8745 0 1598
7887 9929 3605 5647
8327 8803 4885 5361
568 1210 6269 6911
4091 4407 6292 6608
112 1492 8275 9655
0 1069 0 1760
1218 2097 6929 7808
5721 6308 6755 7342
3046 4954 1461 3369
5784 6775 6059 7050
6686 7026 7675 8015
2708 3946 3243 4481
5627 6751 882 2006
4532 5803 6973 8244
2675 4743 1513 3581
396 1000 6995 7599
7951 9785 6578 8412
4563 6316 5895 7648
6004 6291 9087 9374
1877 2681 2818 3622
2412 3904 1419 2911
6434 7250 1719 2535
8588 9718 5747 6877
5910 6163 6146 6399
7629 8420 563 1354
6331 7679 7712 9060
988 2417 7076 8505
3352 4695 2239 3582
583 680 3231 3328
3241 5492 2938 5189
868 2052 7354 8538
9235 10000 1298 2331
8074 8361 9378 9665
6961 9300 8806 10000
6422 8195 4729 6502
2982 4028 1456 2502
2345 4583 5721 7959
8732 9191 7299 7758
4612 5908 6457 7753
1021 1500 8528 9007
7606 8964 2134 3492
2055 4279 4913 7137
2638 4540 0 697
7761 8471 2231 2941
5551 7130 1915 3494
3328 3513 1246 1431
5649 6140 8014 8505
4820 6860 5236 7276
1980 3452 0 646
2518 3358 5350 6190
8416 10000 1018 3126
5386 6547 5694 6855
9355 10000 523 1220
7378 7446 1738 1806
40 1120 8715 9795
7610 7699 5515 5604
7772 8018 8851 9097
6900 8144 4917 6161
6405 7616 7862 9073
115 2011 677 2573
6596 7818 8593 9815
5044 7102 7820 9878
4055 6207 927 3079
4033 5324 1386 2677
1794 3488 4042 5736
8288 10000 789 3051
577 877 3750 4050
1998 3910 4658 6570
3174 3363 3197 3386
4576 6476 8569 10000
7727 9642 0 960
1206 2857 2746 4397
9234 9859 3583 4208
201 1378 6555 7732
5724 8013 1633 3922
5167 6373 8838 10000
265 1859 3439 5033
6328 8353 0 1655
1039 1487 3209 3657
292 2038 5048 6794
857 1390 1159 1692
3436 5299 8115 9978
6912 8111 1305 2504
7913 8256 5281 5624
7158 7521 8753 9116
4 632 3431 4059
1984 2866 1390 2272
0 1540 5826 7397
6685 7217 4261 4793
1276 3414 500 2638
9772 9857 9865 9950
5644 5780 1481 1617
6789 6994 5197 5402
6683 6771 5357 5445
7200 8919 0 1663
6919 8528 6733 8342
6290 8152 5380 7242
2044 4155 5084 7195
3284 5403 2109 4228
2375 4459 6959 9043
7246 9359 9162 10000
3427 4805 6395 7773
3803 3879 9446 9522
9595 10000 364 1573
4696 6452 8210 9966
8948 10000 6631 7699
4254 4340 5898 5984
8900 9519 2541 3160
0 635 442 1103
8167 10000 4541 6639
3928 6094 6627 8793
4118 5881 2929 4692
5031 5622 5921 6512
1277 2313 5250 6286
7775 8131 5334 5690
7984 9752 2694 4462
5223 7181 2251 4209
6622 7669 2740 3787
1829 3574 6624 8369
5919 8200 0 1147
218 1540 8946 10000
8418 9989 1664 3235
6760 7108 7589 7937
5627 6953 5778 7104
8616 10000 4329 6015
9372 9937 0 125
1865 3514 4980 6629
0 1585 2227 4217
6373 7999 8326 9952
2398 3876 1719 3197
6001 7353 1723 3075
4221 4552 2677 3008
6374 7079 1735 2440
4115 4318 8624 8827
4779 4817 8447 8485
0 616 5883 7439
3228 4941 6099 7812
7148 8790 5203 6845
2233 2523 10 300
4349 6671 7695 10000
4081 4792 0 706
9010 9841 2117 2948
1881 3726 4750 6595
343 2142 3836 5635
9030 10000 4017 6294
7648 9742 0 165
9195 9227 868 900
9439 10000 5303 5867
1777 1780 2918 2921
7718 9739 7925 9946
4618 5711 1204 2297
2757 3481 2172 2896
1623 2294 7880 8551
0 357 5889 6636
6967 8821 2086 3940
2413 4426 3619 5632
0 604 6241 7172
4592 6136 7650 9194
3768 4643 6262 7137
8484 9921 3376 4813
6772 7129 3937 4294
4638 6115 643 2120
8647 9675 8929 9957
4221 4972 7317 8068
6811 7990 1058 2237
2793 3828 3907 4942
0 763 986 2672
1075 3097 0 1797
2626 3167 6383 6924
4865 6898 7142 9175
0 503 1847 3435
8184 10000 6903 9222
2469 3033 487 1051
84 1305 8825 10000
127 1483 1074 2430
0 2087 3320 5427
6071 6818 3276 4023
1066 1607 8477 9018
3650 3835 7023 7208
0 793 6105 7223
4096 4429 2244 2577
2739 3800 1300 2361
761 2307 6505 8051
9154 10000 2746 4289
3630 4911 872 2153
3964 5956 7448 9440
5545 7033 0 1397
2114 3004 1710 2600
590 975 6318 6703
0 105 1443 2720
0 1142 6350 7632
6266 6754 7142 7630
2729 3643 8444 9358
7367 7428 9247 9308
6206 8374 4258 6426
9706 10000 8272 9552
3136 4166 6657 7687
0 565 9158 10000
4231 5772 819 2360
5576 7728 8569 10000
8153 9398 2185 3430
1771 4051 1684 3964
9038 10000 5760 7645
2716 4276 3727 5287
7261 9250 0 1968
3870 5484 950 2564
3206 3721 4466 4981
1139 3126 7074 9061
3911 4311 7233 7633
1144 2966 6427 8249
3211 5331 1077 3197
6468 8442 5457 7431
0 749 6477 8765
0 1252 2143 4141
4787 6808 3747 5768
5689 6983 280 1574
3037 4414 5254 6631
7484 8878 0 838
8004 9084 3278 4358
9374 10000 7709 8469
5205 7378 1263 3436
7218 9310 8112 10000
7135 7358 9562 9785
3486 4995 5426 6935
4455 5604 7135 8284
281 389 5989 6097
4037 4460 8427 8850
6402 7277 4487 5362
5210 6621 0 660
4139 4339 5783 5983
2506 3748 6494 7736
9764 10000 7129 8836
8257 10000 2372 4173
1885 3816 0 764
4973 7146 2731 4904
1749 2253 1918 2422
6962 7369 5745 6152
8136 8771 2319 2954
5598 5855 7414 7671
1968 3612 0 1468
4277 4601 2459 2783
8287 10000 3407 5208
4159 6385 5318 7544
2965 3926 698 1659
3569 3656 9504 9591
4942 5970 985 2013
8406 9557 1748 2899
0 1810 5595 7647
2650 3115 7045 7510
4561 4987 324 750
3531 5634 0 1586
0 398 6260 6714
4036 4326 6719 7009
4441 4506 8708 8773
675 1846 7161 8332
7661 8397 5134 5870
5775 7514 7256 8995
7801 8112 5156 5467
146 349 8274 8477
4399 5420 2865 3886
7933 10000 9197 10000
5606 6338 8362 9094
3269 4487 3040 4258
8284 9474 8882 10000
8761 10000 2243 3965
1543 3618 4737 6812
9289 10000 4198 5936
5866 6625 5303 6062
2575 2986 9169 9580
5308 5524 7631 7847
3546 4541 9121 10000
3902 5374 1127 2599
2903 4011 4206 5314
7094 8643 4665 6214
3373 5348 8701 10000
1957 3294 6143 7480
4914 5132 2220 2438
7721 9292 0 1100
3033 4709 3120 4796
7694 9960 8404 10000
4480 5629 2356 3505
7443 9703 2855 5115
1345 2038 3938 4631
4493 5780 7734 9021
3685 5078 1734 3127
5311 7313 613 2615
5503 5869 9574 9940
1467 3720 7516 9769
73 1163 9062 10000
897 3238 4332 6673
503 1018 782 1297
8394 8810 6119 6535
3337 4689 5587 6939
473 2589 175 2291
2932 3340 1368 1776
7947 8133 1689 1875
8082 8660 8083 8661
2854 4108 2913 4167
580 607 9408 9435
3488 4458 8587 9557
8481 8594 9951 10000
5428 6647 3854 5073
9870 10000 7520 7772
9028 9441 1902 2315
1818 3707 4241 6130
3473 5044 8508 10000
6097 8204 3458 5565
6135 7598 9652 10000
4285 5220 2449 3384
6971 8757 4029 5815
4759 6290 5984 7515
5916 8051 3606 5741
2307 4164 6698 8555
7122 7724 4701 5303
6773 8684 5902 7813
4970 6940 1791 3761
3971 5634 3027 4690
6502 7044 745 1287
3776 4638 6432 7294
3302 4549 1216 2463
7778 9813 419 2454
8231 9577 8891 10000
7466 9372 8260 10000
7273 7987 9487 10000
2755 4607 1420 3272
7081 7737 5555 6211
1503 3299 1265 3061
2676 3125 7842 8291
2944 4880 3006 4942
5098 5745 1176 1823
446 1975 3149 4678
4322 5632 4143 5453
2993 3520 8884 9411
8858 10000 9945 10000
7307 8384 6587 7664
0 613 2714 3382
3373 4191 4953 5771
6857 7885 6925 7953
4111 5205 2601 3695
8488 9601 8792 9905
4289 4599 113 423
3369 4681 9106 10000
1797 1941 4369 4513
4298 6265 3962 5929
1104 2088 3652 4636
3924 6121 0 1407
7048 8716 0 1279
4993 6744 2438 4189
2752 4286 7198 8732
7181 9118 6748 8685
845 2857 1789 3801
5291 5684 2189 2582
994 1291 5821 6118
5191 5410 6311 6530
5040 6614 5761 7335
7420 8103 6198 6881
4013 4309 3147 3443
7064 8156 9088 10000
4751 6702 7324 9275
5741 6049 6731 7039
5432 7395 4339 6302
3219 5396 8008 10000
3131 3825 9399 10000
1456 1518 7137 7199
8366 9639 4376 5649
9672 10000 3546 5374
4729 5351 105 727
8231 9004 1744 2517
3400 5407 2347 4354
1662 2588 0 696
6182 8008 0 1342
2127 2283 7583 7739
1838 1967 6186 6315
204 2348 0 2135
496 1605 5722 6831
4775 4788 2860 2873
9321 9959 6546 7184
6270 6995 3216 3941
2460 4030 6232 7802
362 1796 0 1075
5235 5532 4652 4949
8040 8093 4649 4702
8165 8236 1024 1095
203 395 4067 4259
2954 3662 3638 4346
6514 8086 3605 5177
7445 7572 222 349
6139 8432 5843 8136
3009 4155 3076 4222
629 2386 5705 7462
6639 6911 3231 3503
3025 3631 461 1067
4137 6090 1036 2989
4026 4704 5197 5875
4965 7276 600 2911
2331 2813 4314 4796
9323 9546 6621 6844
1653 3328 827 2502
7505 8083 3641 4219
603 2235 8989 10000
3496 5762 7011 9277
2460 3196 5853 6589
5489 7420 0 1669
172 255 1117 1200
2943 4880 3289 5226
630 2964 9096 10000
8496 8642 1913 2059
8338 8652 2650 2964
6747 7991 0 744
1583 3753 1608 3778
5984 5994 9915 9925
7949 9988 161 2200
3587 5304 5711 7428
4374 4892 7327 7845
0 1419 2491 3925
181 823 6117 6759
2387 4315 7223 9151
6844 7015 6895 7066
609 2494 6465 8350
5859 6444 2270 2855
8305 8722 7974 8391
7302 7805 3560 4063
4633 5425 5871 6663
7878 9602 4125 5849
3060 4532 3557 5029
2977 3408 2547 2978
3188 4372 3681 4865
5288 6294 5568 6574
4292 4457 0 109
2775 4087 1726 3038
876 3130 672 2926
4292 5010 7156 7874
9891 10000 5943 6368
8360 9668 285 1593
6250 8161 1631 3542
1297 1938 2002 2643
7454 8757 971 2274
7732 10000 467 2790
6549 7308 3350 4109
2941 4008 2421 3488
370 948 8512 9090
5209 7037 1007 2835
6216 6526 7830 8140
2773 3973 4311 5511
9126 9298 6917 7089
5516 7650 4381 6515
6767 7516 8468 9217
6005 7105 5853 6953
9202 10000 7016 8627
6811 6851 5489 5529
5149 5573 1551 1975
1959 2458 3227 3726
0 858 2027 3720
4184 6034 5022 6872
6452 8448 7820 9816
1209 1738 7206 7735
9325 10000 0 748
5977 6273 1037 1333
4953 5209 689 945
8260 8300 4339 4379
777 2581 6412 8216
1909 2312 1798 2201
3325 4744 0 1119
4373 6097 4710 6434
9459 9558 7894 7993
3366 4570 7935 9139
2121 3707 2795 4381
4378 5934 4129 5685
2630 3614 188 1172
6590 7766 0 287
1549 3076 2383 3910
1727 3089 8316 9678
8721 8995 1946 2220
8839 10000 5659 7412
3688 3889 4104 4305
1995 2182 5582 5769
8816 9689 6583 7456
6594 7452 4587 5445
6818 6998 9808 9988
4656 5477 8165 8986
3649 5474 0 1574
5711 6610 0 414
5613 7812 3406 5605
7921 9091 1840 3010
2579 3900 8268 9589
5235 5504 2224 2493
7116 7722 4431 5037
1172 2983 5836 7647
7718 8394 4923 5599
800 2029 4468 5697
3321 3575 7692 7946
8175 9035 124 984
4076 4694 6906 7524
1484 2293 7815 8624
7364 8331 5927 6894
3134 5464 8353 10000
352 1215 7778 8641
2046 2115 5954 6023
4326 6584 5541 7799
4203 5412 3384 4593
1827 4138 935 3246
9619 10000 2499 3315
2875 4370 4021 5516
4330 4573 8659 8902
0 396 3316 4957
2167 3024 5288 6145
5789 7158 0 873
7145 7412 6429 6696
2291 3693 8794 10000
4324 5514 2255 3445
3597 5193 7850 9446
9445 10000 7160 7888
3067 4528 9090 10000
0 247 3683 5211
9695 10000 6680 8001
4329 5632 2354 3657
2882 2952 7278 7348
1507 3111 4985 6589
2616 3544 8338 9266
3634 4881 8505 9752
6628 8448 95 1915
7582 8069 4940 5427
0 1257 5453 6800
874 2076 1473 2675
5318 7327 2325 4334
5603 5701 4691 4789
1339 1585 990 1236
0 603 7702 8690
8381 9940 2508 4067
508 2174 7321 8987
803 1472 4053 4722
4242 5643 4270 5671
6106 7491 643 2028
2350 3995 0 714
5075 7286 5633 7844
1023 2431 7050 8458
6617 8854 0 644
6853 7720 4740 5607
553 677 3944 4068
2262 2273 540 551
3093 3430 7105 7442
2543 3025 2715 3197
4816 5368 0 468
1947 3340 0 927
8618 10000 7067 8720
7862 8508 7008 7654
6077 7099 7379 8401
4740 6598 8028 9886
8804 9022 3736 3954
3979 6268 5873 8162
7798 7825 6009 6036
1284 2916 7213 8845
7148 8957 0 1425
3827 4990 8670 9833
7164 7389 6119 6344
6704 8302 3506 5104
3775 5851 6153 8229
6634 7143 4071 4580
4858 5201 8004 8347
2108 3919 7070 8881
7027 8219 0 1106
7153 8554 538 1939
2861 3589 4229 4957
0 472 6542 7275
7109 7557 4192 4640
952 1743 8803 9594
1767 3343 2289 3865
9158 10000 5977 6879
5450 7758 8102 10000
0 570 527 1410
1498 3136 7134 8772
1851 3318
3793 4356
8803 4299
1788 3888
2044 5536
9166 3332
5892 5980
926 9536
4463 1312
6945 85
4495 5962
6631 156
4984 7425
4080 138
6675 6234
7169 9079
9435 5785
5063 3304
9746 6800
163 3672
5415 7732
8135 8929
9038 949
4247 4113
6684 3016
4079 9704
6710 1965
4488 5056
1514 4541
8543 934
3764 8943
4087 7177
5895 6771
2704 7299
8181 9454
9848 27
2570 3142
3269 3405
8980 7670
6774 90
6705 8956
8370 4261
7079 4550
4402 1730
9049 6410
874 8173
2846 9072
5514 6959
5965 2982
2812 349
7284 5228
6529 1442
4287 2640
5079 9929
9793 5773
5115 6911
130 8973
9190 311
6361 173
3811 1776
4023 7466
8685 7707
1235 4332
5844 1949
3664 3715
2201 1272
8955 601
6939 7588
9683 322
3234 5551
9684 1297
1613 1454
8924 3888
1137 3323
4337 743
562 967
42 8864
6993 1915
4236 5479
1576 7135
6518 2583
4203 1555
3091 2718
159 1204
4849 9351
8773 6112
9836 9653
4721 9416
2135 8151
2789 9042
5528 5229
8744 3748
5230 8198
4353 2443
7328 5227
3780 2948
2851 8569
192 5567
8879 877
3320 8582
3570 1538
9541 3126
1461 9200
2372 3348
4875 6761
3128 5733
3315 2734
7278 6190
3688 7671
2979 8562
4983 8222
1854 3680
5703 3927
7240 4261
9536 6189
5017 9293
9524 7524
9385 8764
4591 4968
9938 718
9392 3079
8712 6484
1978 7444
8832 1225
7235 1890
7630 9575
8059 5539
6624 5235
6704 4038
2630 9118
4222 7325
8201 9549
5209 9330
2162 7685
9773 3033
8085 73
5944 7329
7836 7749
7863 1285
6647 7286
3356 798
6384 60
1619 6589
1706 3785
3217 8045
8603 1061
4118 4105
8218 5397
1903 7904
9742 2904
326 8577
8990 5171
5799 2384
9447 1739
4131 9491
5428 5515
4334 3670
9861 7627
881 8535
4730 9230
3876 4141
462 6482
7034 7902
3550 2195
3780 512
1394 4128
9584 2640
6882 5383
6375 3642
7737 6852
7850 5655
3448 1309
1742 2210
4508 8210
7497 2523
6963 1482
918 7382
1817 717
3715 6955
9982 4760
1117 5483
7284 602
4412 1962
4177 503
3476 6775
898 8471
298 9778
9371 5207
1865 2674
8663 8182
5751 3898
9346 1254
3848 3934
6768 7697
7852 4386
5834 9840
6820 7130
1837 4849
1898 8235
6530 6895
222 9843
853 8089
5954 7977
9403 9270
1424 1601
6057 528
3254 7118
6564 9647
9630 8024
2950 2740
6593 4173
1786 3850
8002 2467
6767 8763
4287 8102
656 3776
154 1292
1739 2270
9779 1537
4815 2960
37 4080
7694 2041
5828 3546
4844 8934
1720 6931
5790 1966
2073 5458
8023 5412
8156 1295
9122 5647
8708 5074
708 6368
4276 6496
1154 8717
864 1260
1344 7256
6247 7225
4808 1933
6144 6478
6727 7818
3558 4266
6592 1736
4743 8069
4312 3575
631 7235
7998 8003
5557 6046
6289 9176
1907 3051
3331 2552
6727 2085
9632 6841
6093 6205
8290 588
7090 8394
2170 7235
3747 2845
661 3248
4137 5126
2047 7748
9703 2229
8206 9585
7113 9674
7930 6297
3584 2385
4112 5952
9155 7346
4815 7075
1112 8776
8321 2998
3253 5902
3627 237
8372 2254
6282 3414
3462 1417
6036 8288
6753 5995
3149 174
2751 5923
9665 2759
5718 5944
9767 927
7404 1790
1085 9291
7639 5554
7966 8997
7001 5342
6933 8805
2008 888
6891 9815
6527 9502
5911 1791
4745 1644
1814 4603
8843 1620
786 3949
2289 6487
3227 3220
5597 8679
8694 182
1372 4322
9512 4015
733 6726
7221 3023
5523 9289
586 4154
7783 385
1435 3491
1170 5547
1345 1319
4019 8337
7962 1661
8001 5461
7367 8961
351 3448
2785 1749
396 6963
7180 4298
3184 1602
9790 9931
5721 1526
6856 5380
6753 5429
7562 1014
7787 7090
6453 6897
2093 5823
4553 3054
3527 7611
8087 9447
3939 6827
3839 9488
9809 1446
5346 9360
9039 7067
4256 5961
9153 2998
301 590
9152 5440
6042 8711
5395 4520
5455 5938
1401 5406
7854 5433
9660 3279
5684 2512
7269 3712
3031 7910
6700 287
1180 9840
9363 2192
6839 7852
6496 6447
8702 5259
9511 62
2420 6591
768 3119
7583 8441
3222 3149
6991 2059
4528 2811
6571 1964
4200 8650
4815 8478
502 6876
4592 7007
7912 6269
2400 240
5318 8475
4353 11
9652 2693
2322 6249
1744 4147
9481 4544
8744 45
9223 877
9679 5797
1777 2920
8153 9386
4960 2181
3159 2481
2293 8323
336 6567
7126 3053
3873 5266
532 7079
5136 9102
4221 6550
8821 4540
7111 4107
5294 687
9479 8967
4364 7432
7561 1579
3726 4775
303 996
1485 888
3018 6438
6521 9106
172 2110
8910 6905
3017 487
952 9409
802 1521
988 5262
6724 3722
1504 8484
3666 7200
743 7087
4119 2544
2763 1710
2177 8025
9503 3804
3696 1043
5620 9173
5942 558
2706 2149
908 6400
98 1489
910 7291
6495 7465
3458 8455
7394 9307
6293 6107
9778 8571
3682 6750
544 9185
4627 1492
7692 8859
9182 2409
2609 1714
9425 6736
3681 4011
9142 1927
4439 1346
3420 4510
2674 7684
4204 7540
2442 8230
3251 3000
8110 6003
687 7794
180 2329
6652 4704
6710 1010
3975 5624
7915 290
8698 3626
9394 8362
6746 3055
7907 9865
7289 9698
3626 6641
4572 7249
352 5991
4345 8824
6953 5144
6081 639
4291 5859
2882 6781
9904 7854
8491 3557
2254 272
6162 3850
1901 2058
7066 6125
8752 2768
5758 7545
3453 886
4301 2520
9447 4152
4195 5506
3912 1399
3599 9531
5031 1011
9106 2776
201 5945
3089 7085
4737 347
4396 936
44 6326
4166 6990
4486 8742
1150 8178
8379 5838
6142 8275
7818 5233
217 8451
4608 3779
9862 9209
5659 8492
4159 3159
8351 9937
9332 3359
2750 6539
9744 5779
5997 5692
2689 9571
5317 7655
4385 9694
4205 1529
3590 4687
7364 5914
4785 9629
2845 6631
5111 2383
8599 565
4633 3859
7874 8867
5268 3053
8915 3818
1799 4089
4931 8191
3861 3007
7028 2164
5835 9671
1956 9077
181 9908
914 4766
615 1027
8441 6161
4035 5882
1600 1120
3270 1563
8130 1849
8417 8306
3689 3518
594 9426
4319 9147
8593 9976
5972 4917
9922 7609
9094 2061
2746 4531
3878 9307
7427 3882
6421 9892
5195 3147
8062 4986
5522 6889
5929 5523
3537 7492
7525 4733
8092 7440
5907 3504
5008 3616
6816 845
4483 7198
4405 2190
9198 1797
9433 9231
8632 9830
7700 9492
4581 1724
7648 6151
1690 1920
2839 8166
3205 3776
5601 1194
1058 3207
4481 4621
3279 9107
9423 9971
7384 6772
569 2976
3502 5445
7265 7334
4533 3299
8583 9272
4577 306
4221 9556
1825 4440
5746 5030
1388 4567
5994 914
8108 631
6074 3808
2909 7777
8422 8141
1158 3303
5378 2242
1192 6085
5396 6485
5757 7023
7763 6400
4146 3441
7824 9883
6014 8611
5984 6845
7130 5721
4463 8787
3648 9538
1512 7187
9425 5002
9744 4564
4761 667
8904 2471
3500 4315
2430 374
7194 174
2272 7615
1895 6296
2274 222
924 6216
4786 2872
9950 6744
6577 3242
3905 6474
810 1006
5450 4674
8089 4650
8194 1046
352 4083
3414 4004
7737 4746
7566 312
6498 7983
3516 4074
831 5747
6656 3264
3332 648
6018 2757
4028 5763
5370 1996
2612 4622
9469 6841
2666 1930
7769 4195
827 9777
3602 7417
2651 5981
6597 296
182 1173
3473 4994
1191 9177
8616 2058
8613 2836
6767 249
2173 1979
5993 9921
8125 891
4989 6521
4746 7514
215 2751
204 6293
3318 9001
7006 6950
1749 7383
6055 2702
8532 8246
7780 3796
5199 6583
7960 5029
4170 4609
3161 2734
4135 4410
5310 6098
4423 24
3882 2809
1238 1508
4626 7225
9925 6174
9176 692
7853 2795
1304 2621
7822 1047
7865 538
6898 3625
3599 2691
744 8815
5596 1132
6355 7921
3095 4800
9222 6971
6616 5697
7328 8640
6910 6923
9324 8029
6849 5494
5468 1945
2363 3356
336 2652
5372 5717
6554 8672
1500 7215
9706 123
6152 1269
5004 779
8270 4372
2420 6867
2113 1812
4708 52
4518 5302
9517 7897
4263 9096
3466 2966
4724 4410
2923 606
6958 74
2620 2811
2884 8853
8852 2009
9103 5919
3724 4171
2106 5755
8816 6656
6732 5222
6973 9968
4954 8673
5358 243
6329 167
7407 5521
8839 2966
3064 8852
5356 2348
7633 4526
2965 7616
8342 5427
859 4674
3488 7764
8473 629
4639 7310
1639 7947
8273 6864
5160 9618
1174 8458
2058 5998
6173 6798
4797 3757
1969 2738
9810 3085
3249 4273
4508 8766
362 4716
2222 5805
6256 233
7172 6639
3405 9345
4826 2295
4172 9191
9449 7289
4113 9587
100 4264
9737 7712
4780 2955
2931 7282
2982 5535
3495 8471
4695 9641
8234 812
7687 4993
926 5996
1949 2226
5495 3136
5623 4731
1458 1177
538 8078
8773 3443
693 8080
1282 4540
4705 5236
6293 1047
3606 540
6698 5841
1244 7978
7724 275
7310 5602
668 4067
2273 543
3338 7252
2637 2977
5015 433
2120 646
9623 7443
8407 7571
6651 8363
5723 9061
8836 3736
5273 7736
7825 6011
1699 7214
8484 1106
4844 8795
7214 6157
7549 4050
5218 6896
6825 4246
4873 8182
2914 8078
7540 22
7776 1495
3138 4584
112 7087
7227 4345
1358 9589
2636 2903
9812 6517
6438 8454
112 1193
1571 7847
