800 302 400 12 1506
3 4 4 1 2 3 1 2 1 6 4 1 1 1 1 3 4 3 1 5 1 3 9 3 1 1 6 1 3 1 5 2 2 1 1 5 1 6 2 2 7 2 2 3 2 1 5 4 1 5 1 3 1 2 4 3 1 1 1 3 1 4 3 2 5 1 1 1 6 1 4 2 1 5 4 5 1 4 4 8 2 3 2 1 1 1 3 2 1 2 5 2 2 3 3 2 6 2 1 2 1 1 2 2 2 2 1 2 2 1 3 2 3 3 1 7 2 2 1 1 4 4 1 2 2 1 4 1 4 4 3 1 4 1 1 2 5 5 1 1 1 2 1 4 6 3 2 2 1 3 2 1 6 2 1 1 6 3 1 4 1 3 3 1 5 1 1 3 5 1 4 11 2 1 2 2 1 3 1 8 1 1 3 1 4 3 1 1 2 1 5 1 1 1 2 2 1 2 1 5 4 1 1 1 3 1 5 2 1 1 3 3 4 1 2 1 2 1 2 1 8 2 1 3 2 1 2 2 3 6 1 1 2 3 4 2 5 2 3 1 8 2 7 4 3 4 7 3 11 1 6 3 1 2 3 1 2 1 6 1 1 7 6 1 2 1 4 3 4 3 1 3 2 3 3 2 4 2 1 1 4 2 1 6 4 3 1 1 1 1 6 1 1 2 10 4 3 1 2 6 2 4
9238 10000 8223 9331
908 1300 3545 3937
8984 9331 9592 9939
7998 9002 3095 4099
9928 9955 2195 2222
4248 5077 8679 9508
2948 3934 5738 6724
3311 3737 3248 3674
5866 6839 6045 7018
7714 8346 5956 6588
3533 4496 9430 10000
8621 9175 5266 5820
8808 9609 9068 9869
4349 5516 2121 3288
7816 8123 1251 1558
5203 6596 1521 2914
4609 5159 9052 9602
8657 9992 4143 5478
3891 4239 3077 3425
3785 4284 6513 7012
2774 4090 2034 3350
4781 5622 0 835
6078 7009 9654 10000
7116 7826 7325 8035
5437 6627 2678 3868
5133 5180 6800 6847
5552 6536 44 1028
3174 3934 881 1641
645 1910 7111 8376
1533 1766 3859 4092
3336 4675 6966 8305
2933 3872 5308 6247
9791 9881 3354 3444
8583 9410 4911 5738
0 600 1597 2651
9257 10000 1518 2595
5924 6991 2776 3843
2556 2757 4943 5144
3632 4268 9219 9855
1113 2233 1507 2627
8426 8638 5416 5628
2869 3999 6583 7713
5274 6127 1977 2830
3526 4269 8536 9279
2967 3137 2531 2701
1073 2495 562 1984
8500 9626 8309 9435
5389 6392 6313 7316
2720 3232 5679 6191
4453 4569 3066 3182
557 1288 1463 2194
0 906 0 232
224 1095 6315 7186
4917 5544 8361 8988
3519 3962 7143 7586
4900 5098 5701 5899
7219 7521 4288 4590
2421 2531 9409 9519
1773 2322 2188 2737
0 146 4352 4722
8120 8238 1830 1948
2164 2549 4840 5225
7824 7899 3390 3465
4947 5210 3529 3792
0 377 5989 6984
5219 5780 2729 3290
3684 4614 1855 2785
7428 8076 3423 4071
4694 5071 1161 1538
4242 5401 564 1723
8248 8482 6124 6358
6962 8185 71 1294
451 1628 6511 7688
209 1428 3666 4885
7607 9112 1214 2719
8210 8842 498 1130
2947 3004 1023 1080
2629 3600 4272 5243
2603 3740 4203 5340
2071 3297 1452 2678
6117 7081 4107 5071
758 2089 6520 7851
8575 9241 6035 6701
4226 5044 749 1567
1852 2932 4582 5662
2722 2798 5671 5747
7637 8439 7925 8727
1421 2503 3039 4121
6635 6656 4298 4319
3668 4216 3762 4310
1563 2212 4903 5552
1109 2499 808 2198
5812 6870 846 1904
1520 2681 4014 5175
3651 4469 8255 9073
933 1630 6866 7563
8979 9547 4262 4830
9630 10000 5058 5586
7252 8639 7052 8439
4842 5237 4475 4870
6071 7242 6806 7977
2254 3601 6340 7687
2 854 4582 5434
7800 8499 611 1310
4699 5421 0 675
7510 8982 2266 3738
6806 7740 9148 10000
532 1356 6587 7411
3601 4863 4133 5395
363 704 4640 4981
5393 6733 564 1904
8198 9288 0 581
3921 5234 7479 8792
1990 2027 6813 6850
4412 5618 3327 4533
6511 6658 6950 7097
397 1783 2067 3453
473 1459 3507 4493
5349 6290 0 915
8934 9954 3585 4605
5199 6007 6418 7226
474 1537 3362 4425
6547 7273 722 1448
5178 6543 2534 3899
5707 5718 678 689
1483 2894 3504 4915
4366 5863 1662 3159
0 641 6748 7667
92 630 6017 6555
3794 4881 5967 7054
6354 7523 2075 3244
6081 6770 3520 4209
646 1263 4941 5558
1223 1623 9650 10000
5607 6363 875 1631
1392 2845 238 1691
561 846 5190 5475
0 141 3168 4109
6310 7483 8258 9431
7001 8345 7380 8724
910 1987 0 644
0 213 808 2047
1920 2336 6213 6629
3483 4563 8019 9099
4715 5782 6793 7860
820 1399 5198 5777
4908 4939 9915 9946
4365 5484 4819 5938
3826 3986 5208 5368
6655 6863 2850 3058
4068 5258 9134 10000
148 759 0 404
3502 4975 9253 10000
7668 8598 3487 4417
6512 7292 4009 4789
0 250 2737 3012
0 489 5501 6208
3226 3933 581 1288
2591 3621 0 566
8339 8626 0 193
6925 8232 9272 10000
8842 9110 6182 6450
8155 8181 9887 9913
6647 6797 5317 5467
6370 6960 8782 9372
7163 8502 1411 2750
2852 3690 2955 3793
2089 2809 6192 6912
4286 4762 7506 7982
8513 9746 8866 10000
4864 5746 5709 6591
6772 7145 6900 7273
8473 9269 2972 3768
9227 10000 442 1651
5625 6096 6587 7058
935 1818 1800 2683
2959 3063 2021 2125
4636 4904 1732 2000
5535 6132 4279 4876
5518 6396 5566 6444
7338 8247 3097 4006
164 1153 1402 2391
2026 2396 3420 3790
2840 3608 441 1209
8628 8914 5871 6157
1419 2498 700 1779
5773 6760 5286 6273
2918 2924 5719 5725
658 1430 0 222
4678 5287 1852 2461
8601 9328 7631 8358
5391 6572 6687 7868
2513 3100 6317 6904
3915 4020 6918 7023
2932 4276 4214 5558
8833 9172 4761 5100
4726 5326 1300 1900
4739 5747 9180 10000
9732 10000 4000 4294
8798 9693 7472 8367
7133 7924 5916 6707
9180 9943 9210 9973
6378 7814 8113 9549
7712 8101 8766 9155
6117 6643 9051 9577
8394 9447 3536 4589
8054 9178 601 1725
2460 2973 5296 5809
5449 6182 637 1370
1223 1568 4659 5004
1674 2415 6695 7436
5563 6822 6583 7842
6787 7863 7146 8222
5398 5734 5379 5715
2886 4234 1617 2965
1924 2994 6055 7125
1833 2934 5502 6603
6484 6513 5062 5091
5339 6211 1039 1911
5511 6982 253 1724
2268 3271 6241 7244
86 1529 8447 9890
6881 8369 3166 4654
3068 3924 7342 8198
6577 7389 4946 5758
4965 6035 4264 5334
3408 4619 5386 6597
3469 4481 8790 9802
6742 7511 7362 8131
1 445 7670 8114
3099 4111 8229 9241
4214 5620 2106 3512
5832 6955 6509 7632
3724 4886 745 1907
917 1196 119 398
5114 5908 7172 7966
5831 5866 4350 4385
0 433 6748 7552
7933 9094 3678 4839
7603 8996 1650 3043
6288 7129 7936 8777
4056 4634 3197 3775
2007 3454 6776 8223
6674 6904 5314 5544
5362 5478 3942 4058
2384 3820 7587 9023
5194 5748 5151 5705
3074 4498 557 1981
8213 8295 1699 1781
7564 8786 2889 4111
8024 8227 6684 6887
4786 6159 2095 3468
7542 7797 5868 6123
4978 5397 7707 8126
8123 8442 1350 1669
4258 4472 4042 4256
2452 2687 7816 8051
8422 8747 751 1076
8614 9449 2772 3607
9706 9928 9141 9363
0 717 8448 9390
2959 4433 4817 6291
7027 8142 4808 5923
601 1862 5947 7208
4416 5885 3522 4991
8680 8962 8958 9240
747 2251 8235 9739
6926 6947 9885 9906
6836 8009 3614 4787
8666 9018 7726 8078
2777 3655 149 1027
9244 10000 3659 4515
1040 2342 3026 4328
2806 3104 5208 5506
3326 3807 9121 9602
4135 4665 3389 3919
526 967 2276 2717
3014 3779 9097 9862
5045 6158 2384 3497
709 1593 2565 3449
7650 8094 570 1014
289 1668 6362 7741
1984 3170 1525 2711
1540 1832 9521 9813
6689 8062 0 787
7039 8197 7255 8413
961 2239 3440 4718
3407 4381 5433 6407
1558 2971 0 748
0 367 7695 9002
6910 7216 5350 5656
8484 8662 1013 1191
5105 5730 8644 9269
8600 8669 2691 2760
7209 8326 0 1098
9589 10000 9122 10000
9418 9567 9843 9992
1935 2719 1141 1925
4776 6168 5968 7360
1767 2510 8981 9724
4501 5074 3300 3873
91 638 4650 5197
5476 6306 8502 9332
5112 6375 5921 7184
1354 2519 4150 5315
7690 7921 1048 1279
2850 3796 266 1212
8478 9789 3591 4902
0 1066 0 1194
6062 6986 7722 8646
1695 1736 4958 4999
7975 9337 4701 6063
2297 3037 9416 10000
4733 4944 7372 7583
5259 6255 6666 7662
882 987 9483 9588
8432 9423 5437 6428
6581 6760 9460 9639
6200 6625 6690 7115
9477 9842 406 771
4135 4567 961 1393
2739 3838 2114 3213
2154 2459 9083 9388
936 2169 9185 10000
3006 3696 9345 10000
5194 6278 6689 7773
7838 8345 7392 7899
7915 8069 167 321
6512 6829 9554 9871
4625 5095 9385 9855
3973 4690 4082 4799
3278 4504 6564 7790
4547 6008 5070 6531
3712 4836 4683 5807
1721 3113 1425 2817
350 582 2037 2269
963 1571 7979 8587
4463 5248 5189 5974
2655 3859 884 2088
851 1748 0 707
3963 4848 1503 2388
5581 7032 5580 7031
5872 6668 687 1483
9651 10000 1784 2983
7368 7500 1378 1510
4158 5613 8107 9562
4423 5716 2388 3681
7179 8189 6381 7391
3764 4940 8248 9424
3938 5119 7257 8438
9634 10000 8470 8960
9558 10000 3086 3575
8644 8950 9627 9933
9078 9604 2140 2666
3316 4403 8985 10000
7310 7882 9140 9712
3930 4595 6866 7531
1686 3131 5849 7294
9465 10000 918 1609
6747 7731 4413 5397
5842 6882 1170 2210
90 1286 4066 5262
1322 2679 2444 3801
2891 3634 7482 8225
5148 5732 5731 6315
4795 5622 2254 3081
217 1251 5002 6036
6988 8009 4689 5710
7163 7708 8913 9458
2507 2712 7955 8160
8413 8443 1338 1368
476 707 5231 5462
1082 1977 1574 2469
4918 5281 3444 3807
1075 1297 4130 4352
7700 8950 6341 7591
6032 7504 5461 6933
2777 3111 8892 9226
2289 3159 8303 9173
1031 1138 5772 5879
483 1476 9075 10000
0 894 6645 7780
6420 7130 7696 8406
1681 2811 5416 6546
4470 5291 5258 6079
637 852 5648 5863
6617 7170 3818 4371
4465 4710 4746 4991
7943 8686 1278 2021
6748 7768 6054 7074
6891 8295 3595 4999
7720 8234 1942 2456
2661 4157 5155 6651
9482 9798 8789 9105
2278 2605 3569 3896
4105 5596 8254 9745
4810 4940 7593 7723
4979 5877 2643 3541
662 953 2904 3195
8664 9384 3982 4702
1715 2035 6749 7069
369 915 8868 9414
2639 2680 5430 5471
2761 2881 0 90
2479 2633 5625 5779
4458 5443 7464 8449
6355 6513 5822 5980
4647 5986 9187 10000
8176 8698 4702 5224
8334 9237 7810 8713
8377 9584 5297 6504
8749 9022 7947 8220
4473 5555 7232 8314
4981 5964 4349 5332
1326 2627 6317 7618
17 231 5967 6181
4364 5481 4336 5453
8647 9098 7183 7634
5714 6208 1248 1742
4938 6107 592 1761
8381 9051 1375 2045
5516 5561 7469 7514
6070 6217 4351 4498
2706 3352 7844 8490
7463 7813 6184 6534
2359 3537 9718 10000
1243 2304 1278 2339
5141 5461 7321 7641
4804 5303 6616 7115
1693 1831 1746 1884
3612 4163 9400 9951
5347 5730 4092 4475
2462 3680 733 1951
5118 6189 370 1441
7474 7524 1945 1995
2295 3485 0 872
1727 3084 5060 6417
6874 7307 8129 8562
3053 3407 5219 5573
2200 3357 3212 4369
5498 6157 498 1157
9887 10000 1839 2011
9548 9708 3979 4139
3335 4122 5629 6416
3166 4425 7368 8627
2064 3187 3096 4219
8754 8828 8294 8368
2336 2949 2319 2932
695 1665 5855 6825
4214 4728 3221 3735
788 1051 7617 7880
2556 3960 2448 3852
5508 6739 8737 9968
7375 7719 7419 7763
2059 3444 8256 9641
3171 4425 3501 4755
6643 7969 2134 3460
1014 1633 6134 6753
5156 5228 7825 7897
878 1705 2424 3251
1138 1207 1908 1977
6569 7119 9263 9813
3565 4520 2854 3809
1249 1920 7957 8628
7028 7403 5461 5836
2317 2822 9000 9505
7708 7966 286 544
7620 7662 2453 2495
1558 2296 7075 7813
5255 6239 4853 5837
1335 1473 9786 9924
9496 10000 8804 9400
3273 4277 524 1528
5180 6669 739 2228
43 1026 2973 3956
356 634 6784 7062
5647 5728 5431 5512
4240 4929 629 1318
4766 4825 8801 8860
9661 10000 5479 6486
3381 4695 5234 6548
1188 1295 5774 5881
7331 8237 182 1088
6307 7122 7094 7909
5154 5552 5202 5600
4594 5890 5615 6911
8936 9926 5515 6505
2930 3657 4609 5336
3115 3731 5391 6007
6328 7404 7001 8077
4593 4797 1683 1887
6444 7906 6597 8059
3863 4800 213 1150
7831 8681 5390 6240
5967 6331 8909 9273
1269 2110 4825 5666
4678 5541 5701 6564
4343 4458 9358 9473
6742 7343 2596 3197
3477 4110 8391 9024
7464 7909 0 395
3942 4435 6303 6796
29 437 214 622
5130 5864 8924 9658
8622 9119 8860 9357
350 1034 7868 8552
0 238 8114 8417
216 1506 5863 7153
6772 7008 6897 7133
1006 1659 1353 2006
9081 10000 5028 6117
125 1323 5795 6993
6072 7081 7018 8027
4021 5487 6166 7632
9309 9766 1585 2042
8251 9598 0 1037
8650 9176 3738 4264
942 2224 6378 7660
2542 2559 1140 1157
4564 5891 4141 5468
4491 4671 3001 3181
3882 4909 8127 9154
0 633 6713 8085
3886 5031 1712 2857
316 1156 572 1412
133 747 6388 7002
8344 9179 5966 6801
6608 7125 3549 4066
2166 3363 3767 4964
9268 10000 48 906
1376 2543 9375 10000
0 970 10 1079
6594 6809 3297 3512
2597 3132 131 666
1410 2691 4081 5362
3397 3751 7252 7606
3435 4450 4830 5845
4415 5455 8251 9291
2390 3291 8284 9185
4548 5586 1470 2508
4365 5868 7951 9454
6925 7383 6137 6595
389 1607 396 1614
6938 8063 3594 4719
3389 4834 4282 5727
1824 1836 9248 9260
244 686 6800 7242
4960 5140 8053 8233
3349 3903 369 923
3724 4607 1531 2414
6358 7749 7702 9093
8501 9713 7936 9148
5815 7134 7616 8935
6981 7136 6786 6941
5113 5979 9564 10000
147 538 8076 8467
6408 7712 4482 5786
8101 9452 9381 10000
4329 4375 2088 2134
2335 2342 5239 5246
8055 8568 7984 8497
8608 8816 3451 3659
6735 7487 5699 6451
6528 7900 7248 8620
1438 2822 6904 8288
7258 8334 1924 3000
6245 7396 1084 2235
3341 3389 7175 7223
7484 8145 3116 3777
1363 2426 686 1749
0 731 9354 10000
7038 8166 5318 6446
0 589 5868 6509
6761 6893 830 962
4298 4481 2364 2547
5156 5164 5415 5423
6934 7369 7393 7828
2546 3192 2085 2731
7465 7534 7199 7268
3190 3814 4574 5198
2123 2613 6311 6801
2751 3224 9203 9676
5143 6383 9043 10000
7168 7492 6615 6939
7610 7852 9030 9272
4124 5427 5205 6508
5942 6059 3422 3539
8478 9442 0 492
1063 1469 6098 6504
3807 4909 9 1111
27 669 193 835
4115 5081 2966 3932
1922 2003 4498 4579
1773 1916 6277 6420
7635 7722 2077 2164
776 1948 8454 9626
7157 7553 7593 7989
291 1174 8873 9756
4071 4293 4644 4866
3663 4617 5899 6853
5758 6270 2070 2582
5984 6456 7093 7565
5921 7284 5998 7361
6033 7007 5450 6424
943 1852 7227 8136
8351 8900 8379 8928
5359 6129 1584 2354
0 1279 6155 7646
3259 4205 5201 6147
7247 8410 6517 7680
6950 7721 1666 2437
1613 2451 6533 7371
231 817 4196 4782
3561 4753 726 1918
1361 1660 740 1039
1208 2666 5124 6582
2274 3189 0 709
855 1626 2009 2780
8600 8969 2921 3290
3142 3222 2857 2937
3255 4550 6192 7487
3292 4075 3680 4463
4720 6118 1555 2953
3848 3947 42 141
7223 8651 6314 7742
9513 10000 6745 7410
8618 10000 156 1640
3932 5217 8300 9585
3343 4267 9565 10000
3096 3341 7511 7756
6090 7190 6901 8001
8660 9342 5613 6295
6976 8156 2854 4034
0 978 6846 8067
2354 3738 6578 7962
98 381 1844 2127
2352 2933 9857 10000
8345 8908 3261 3824
3510 4403 4376 5269
2629 2972 7629 7972
4207 5069 1577 2439
5670 6248 4889 5467
0 529 3011 3637
6752 7320 4462 5030
8555 9546 2871 3862
9823 10000 6661 8011
3437 4234 4460 5257
4771 5072 1299 1600
2981 3523 7052 7594
5238 6621 1007 2390
3298 4676 7853 9231
7286 7563 5710 5987
8955 9085 3774 3904
9021 9620 2858 3457
5066 6540 808 2282
6733 6875 8109 8251
981 2304 8989 10000
1156 1267 6304 6415
8856 9406 1323 1873
5398 5690 1902 2194
9230 9766 1000 1536
4132 4295 7709 7872
1589 2618 1839 2868
9374 10000 3353 4151
6609 8034 8649 10000
6378 7136 7778 8536
3204 4590 6282 7668
3242 4390 1817 2965
6000 7021 6108 7129
7413 7755 7301 7643
5613 5958 4184 4529
2999 4335 7796 9132
360 828 3456 3924
8769 9155 2617 3003
4156 4780 6987 7611
3286 4757 9128 10000
3034 3707 2269 2942
407 753 4473 4819
7184 7534 0 72
1662 2426 8868 9632
5984 7419 3548 4983
3402 3638 2567 2803
8716 8890 3260 3434
7597 8629 8407 9439
556 1714 1464 2622
6261 7478 441 1658
1410 1949 2199 2738
6946 8335 5880 7269
1660 3136 7492 8968
1844 3303 9378 10000
2204 2324 7731 7851
3366 4853 5133 6620
8949 9317 2192 2560
1120 2524 2471 3875
805 1537 3123 3855
3563 3652 6034 6123
6128 7286 96 1254
8464 9524 0 815
0 240 2368 3029
2873 3763 7341 8231
7602 8112 5854 6364
2599 3432 7308 8141
6280 7738 6571 8029
5894 6751 3673 4530
3540 4020 2627 3107
6506 7449 9718 10000
7009 7510 4201 4702
12 425 1692 2105
6182 7464 9129 10000
9005 9756 0 585
6585 6758 9747 9920
8085 9531 5798 7244
0 1220 5468 6911
1705 2950 2408 3653
3645 5073 6693 8121
0 1396 0 1058
7164 8293 5918 7047
4912 6182 1533 2803
6392 7205 1391 2204
0 1433 1203 2669
3216 4631 3799 5214
6717 8221 8638 10000
863 2076 7826 9039
4769 5230 2442 2903
1883 1955 9083 9155
1707 2262 2952 3507
3652 4554 5216 6118
4411 5670 7705 8964
0 1282 3683 5097
4410 5575 3169 4334
4809 5542 6767 7500
5450 6314 2348 3212
2265 3271 5169 6175
475 610 5427 5562
8860 9063 8450 8653
5624 6695 4145 5216
7329 8804 3197 4672
5865 7302 463 1900
4571 5328 3935 4692
3102 4370 7495 8763
9417 10000 5236 6167
0 648 3620 4455
2200 2541 207 548
3727 4775 3822 4870
0 1008 1466 2792
7692 7830 8230 8368
488 1147 9322 9981
2609 3912 0 875
6201 6385 4129 4313
9803 10000 1340 2284
3195 3906 6121 6832
624 1935 7062 8373
1041 1463 3030 3452
3223 3808 6758 7343
462 1352 6958 7848
2696 4101 2787 4192
2485 3719 1352 2586
9718 10000 2487 3071
1301 2082 4865 5646
2555 3073 0 453
9082 9347 348 613
3250 3353 89 192
5829 7075 2399 3645
1526 1926 933 1333
6949 8220 3218 4489
3237 3620 9334 9717
8156 9134 8377 9355
4672 5081 8086 8495
7572 8677 4869 5974
0 708 1433 2237
3647 4373 7698 8424
9224 10000 0 416
3791 4804 4957 5970
8243 8334 219 310
9098 10000 2417 3783
5526 6700 6831 8005
2295 2689 710 1104
3917 5089 9082 10000
8718 9227 5087 5596
8484 9079 9746 10000
605 661 7243 7299
5237 6170 4685 5618
5469 6305 1523 2359
2684 3605 1919 2840
5269 6579 9601 10000
7779 8908 0 1082
1754 2806 5670 6722
7093 8143 5296 6346
6981 7516 228 763
2696 3690 5218 6212
2129 2725 3135 3731
0 702 6154 7649
4585 4734 8784 8933
1497 2560 893 1956
4514 4898 9094 9478
3410 3681 2292 2563
7382 7731 6383 6732
7787 8564 6052 6829
148 419 348 619
8922 9829 3501 4408
9289 8531
1197 3576
9120 9796
8230 3985
9943 2222
4314 9266
3590 5884
3557 3465
6359 6717
8219 6136
4081 9576
9144 5780
9567 9827
4876 2851
8096 1260
5974 1855
4984 9359
9054 4165
3956 3403
4170 6738
3998 2761
5221 277
6098 9676
7377 7716
5621 2760
5157 6819
5819 93
3302 1169
735 7700
1709 4058
3805 7241
3207 5857
9872 3394
8885 5182
366 1788
9645 1755
6961 3327
2584 5019
4146 9553
1932 2238
8450 5494
3941 7018
5528 2316
3587 9259
2972 2580
2417 687
8958 8548
5966 7223
2844 5770
4544 3098
656 1735
754 170
424 7171
5288 8456
3527 7408
5081 5819
7410 4399
2470 9430
2027 2235
75 4372
8121 1830
2340 5055
7840 3435
5075 3577
329 6097
5682 2906
4282 2772
7504 3520
4790 1275
5339 1620
8302 6256
7381 891
1235 7520
401 3904
8119 1689
8808 1000
3004 1079
3401 4399
2654 4839
2504 1621
6147 4638
1019 6901
8715 6583
5003 973
2925 5014
2764 5731
8310 8065
1981 3374
6636 4315
3898 3781
2047 5291
2478 2023
6129 854
2255 4295
3680 9066
1123 6944
9161 4472
9763 5525
8576 7540
5157 4516
6170 7687
2632 7274
65 4709
8121 987
5125 349
8452 2276
7471 9922
833 6674
4605 4357
696 4895
6169 1543
8273 161
4133 7684
2026 6837
4887 4447
6644 7094
1431 2876
921 3984
5360 88
9098 3717
5505 7156
1245 3432
7011 1070
6107 3302
5709 683
2147 3531
4945 2126
198 7247
204 6545
4002 6506
6731 3043
6500 3538
929 5394
1587 9729
5749 932
1483 702
644 5426
115 3517
7290 8700
7737 8620
991 539
24 1886
1938 6349
3750 8735
4857 7344
957 5638
4913 9938
4472 5007
3868 5338
6788 2999
5143 9700
449 289
3698 9869
7969 3847
7078 4169
162 2744
440 5823
3856 711
3331 210
8575 26
7814 9326
9055 6303
8174 9908
6759 5356
6784 9157
7229 1886
3642 2987
2456 6403
4524 7828
8535 9878
5090 6339
6929 6935
8920 3593
9412 1193
6083 7038
1376 2291
2996 2075
4781 1996
5976 4398
6379 6018
8230 3190
421 2046
2183 3713
3442 570
8643 6134
1928 980
6579 6073
2920 5724
1192 113
5137 2230
8917 8030
6096 7525
2818 6391
3916 6976
3767 4812
8865 4912
5127 1693
5708 9951
9950 4043
9652 7635
7586 6009
9829 9606
7038 9501
7850 8860
6301 9369
8795 3981
8137 627
2495 5299
5455 1194
1565 4709
2130 7255
5748 7358
6803 7651
5648 5656
3155 2610
2754 6915
2518 6270
6504 5062
6210 1463
5964 266
2639 6804
858 9624
7624 4507
3090 8084
7051 5721
5508 5247
3865 5594
4303 8961
7163 7577
236 7857
3139 8336
4867 3305
6921 6932
4695 1464
1099 340
5842 7312
5832 4382
47 7532
8797 4460
8340 2778
6363 8372
4392 3560
3358 6795
6771 5365
5372 4021
3717 8738
5639 5286
3432 1284
8270 1722
7726 3665
8106 6802
5962 2124
7608 5955
5078 7992
8146 1480
4308 4058
2565 7953
8675 1018
9282 2941
9904 9319
176 9343
3927 5645
7661 5812
1697 6325
4429 4923
8724 9053
994 9063
6932 9896
7357 4163
8834 7848
3027 781
9498 4071
1405 3751
2975 5306
3678 9523
4364 3719
648 2300
3754 9266
6068 2384
1225 2854
8082 715
1359 6787
3148 2670
1696 9616
6925 573
7389 8067
1542 4484
3506 5590
2795 549
30 8674
6989 5574
8548 1024
5704 8724
8648 2756
7979 366
9729 9335
9555 9973
2391 1462
5643 6392
2232 9282
4819 3691
138 4748
5693 9020
5590 6599
1898 4666
7843 1182
3488 985
8535 4692
294 187
6926 8401
1717 4980
9282 5009
2799 9591
4942 7485
5809 6803
966 9553
8699 5520
6732 9538
6486 6721
9548 688
4366 1380
3187 2752
2340 9315
1204 9231
3037 9401
5674 6707
7911 7520
7995 171
6628 9665
5023 9442
4200 4326
3702 7188
5987 5858
4192 5225
2657 1978
366 2238
1460 8008
4696 5266
3719 1696
1249 157
4088 2309
6312 6780
6293 1026
9834 1822
7421 1449
5291 8808
5119 2577
8020 6418
4667 8872
4427 7940
9789 8682
9876 3411
8689 9629
9346 2604
3476 9291
7628 9598
4119 7188
1817 6026
9971 1379
6981 5010
6353 2209
506 5062
1444 3775
3370 7864
5385 6185
5212 2465
330 5101
7861 4720
7302 9187
2617 8061
8425 1340
571 5248
1119 2439
5072 3585
1218 4219
8895 7245
6652 6650
2989 9191
2365 9100
1091 5844
980 9588
202 7491
7127 8339
1974 6158
4486 5790
688 5707
7097 3879
4501 4901
8562 1400
7404 6963
8061 4770
8105 2432
3806 5655
9644 9100
2392 3770
5203 9596
4860 7667
5570 2947
723 3087
8692 4505
1936 7061
588 8991
2646 5453
2779 33
2484 5654
5104 7618
6360 5884
5941 9618
8617 4718
8669 8518
8907 6185
8770 7977
4755 8124
5550 4497
2094 6959
217 6172
4598 5239
8969 7580
6139 1393
5780 841
8955 2028
5548 7508
6164 4471
2805 8342
7624 6281
2790 9884
1721 1942
5384 7623
4996 6681
1795 1884
3786 9516
5478 4370
3557 1872
5672 1110
7486 1982
2613 810
2154 6063
7008 8385
3219 5464
2734 3428
5798 1031
9971 1883
9680 4076
3927 6132
4030 7845
3089 3255
8773 8333
2446 2512
814 5990
4490 3618
869 7775
2627 3708
5682 9630
7525 7697
2070 9274
3269 4350
7777 2498
1326 6194
5172 7862
1697 2729
1174 1908
7031 9407
4328 3327
1577 7991
7125 5678
2415 9381
7800 394
7627 2459
2056 7501
6137 5358
1392 9901
9819 9327
4135 1061
5568 2150
261 3406
384 7040
5672 5455
4839 1052
4796 8839
9707 6087
4567 5451
1247 5859
7906 356
6327 7407
5207 5249
4875 5769
9358 5901
3124 4717
3160 5462
6447 7820
4765 1730
6674 7020
4059 550
7921 5579
6146 9076
1327 5213
5263 6468
4446 9376
6753 2806
3911 8854
7811 267
4247 6639
90 615
5346 9403
9101 9343
466 7949
145 8364
697 5865
6833 6920
1286 1623
9187 5058
351 6733
6606 7954
4949 7456
9598 1981
8842 708
8814 3777
2119 6529
2552 1149
5757 4380
4625 3027
3924 8831
21 7433
4209 2506
521 580
287 6868
8768 6599
6680 3801
3058 3899
9438 308
1820 9383
503 518
6779 3377
3117 150
2602 4854
3605 7533
3443 5808
4477 8434
2619 8767
5447 2430
4710 8528
7269 6335
673 471
7589 4512
4076 4408
1830 9248
283 6935
5107 8191
3598 638
4095 1918
6474 8847
9643 7965
5921 8501
7066 6852
5118 9756
269 8253
6530 5469
9247 9390
4355 2114
2338 5242
8362 8257
8687 3493
6827 6361
7281 8408
2674 7024
7299 2504
7106 1469
3389 7208
7893 3515
1612 1218
684 9761
7569 6154
147 6420
6870 876
4306 2483
5157 5420
6985 7621
2696 2346
7469 7265
3405 4782
2302 6532
2831 9214
5377 9175
7252 6850
7654 9218
4749 5402
6016 3525
9237 257
1087 6445
4482 850
134 375
4252 3098
1947 4572
1801 6374
7655 2160
1899 8554
7469 7625
905 8895
4202 4712
4287 6744
6158 2395
6388 7197
7185 6666
6851 5673
1322 7342
8474 8582
5667 2289
492 6340
3626 6050
7447 7562
7497 1685
1817 7243
554 4502
4069 1092
1642 999
1790 5294
2714 602
1264 2446
8829 2967
3212 2885
3347 6952
3482 4251
5082 2889
3858 106
7293 6635
9746 7086
9170 1130
5062 9056
4258 9637
3290 7537
6193 7686
9166 5637
7231 3526
618 7116
2456 7201
200 1902
2833 9907
8634 3574
3879 4737
2775 7837
4863 2045
5927 5047
25 3174
7262 4836
9152 2932
9916 7282
3506 5078
4963 1304
3347 7369
5557 1223
4162 8241
7447 5825
9039 3797
9384 2910
6303 1435
6778 8185
1610 9837
1198 6358
8900 1537
5516 1921
9416 1239
4146 7811
2030 2811
9662 3812
6712 9529
6502 8354
4200 6488
3607 1946
6404 6211
7653 7615
5909 4455
3729 8216
529 3583
8987 2887
4699 7221
3646 9390
3693 2634
617 4551
7329 35
1888 9168
7217 4649
3563 2724
8854 3295
7801 8514
1323 1879
7216 501
1663 2425
8007 6917
3022 8273
1964 9695
2229 7800
3547 5581
9131 2556
2460 3740
1259 3249
3598 6118
7198 351
9435 286
211 2638
3677 7687
7668 6217
2913 7757
6280 7532
6679 4498
3970 3005
6614 9731
7085 4299
332 1904
6874 9509
9672 44
6688 9901
8125 6695
550 6569
2686 2482
3915 7799
939 136
7580 6812
5332 2696
6877 1464
87 2207
4181 4879
8131 9692
1914 8271
5160 2868
1938 9129
1888 3275
3875 5500
5430 8964
896 4979
5245 3710
4861 7453
5575 2898
2901 6171
553 5550
8924 8547
6246 5037
7708 4203
7082 1698
4759 4540
3294 7998
9460 5895
571 3741
2465 536
4174 4815
42 1940
7811 8347
665 9569
2738 746
6237 4168
9950 1710
3462 6371
814 7455
1130 3087
3506 6802
1068 7702
3675 2810
3512 2351
9846 2509
1464 5469
2679 401
9222 353
3302 162
6098 3104
1761 934
8106 3395
3337 9622
8881 9340
4931 8281
8369 5628
419 1743
3846 7809
9592 268
4362 5246
8294 261
9617 3097
6529 6959
2571 1005
4981 9648
9221 5332
8683 9949
649 7291
6031 4915
6110 2037
3188 2575
6166 9801
8412 1038
1792 6028
7605 5691
7160 584
3541 6059
2481 3654
8 7568
4634 8807
2316 1307
4668 9377
3538 2541
7625 6581
8341 6562
347 519
9742 4395
