800 76 400 7 2363
1 10 11 37 20 2 6 8 8 19 7 1 17 68 14 1 5 10 13 9 6 14 15 7 16 19 14 9 3 8 3 3 12 2 3 6 11 8 7 15 7 13 16 12 9 9 16 33 1 14 13 21 6 2 12 4 6 6 5 7 19 2 1 2 3 21 35 5 6 14 3 3 5 11 3 7
8359 10000 446 2377
1494 2416 6918 7840
3417 5571 4110 6264
7262 8976 4555 6269
247 494 3581 3828
6357 7916 6881 8440
5322 6058 3527 4263
7878 9393 8517 10000
3138 4253 81 1196
210 1701 7732 9223
8853 9838 4352 5337
5659 7071 4641 6053
5430 6063 8150 8783
823 3163 6992 9332
5755 7834 7148 9227
2019 2604 1314 1899
8191 9185 3848 4842
6764 8509 4641 6386
9617 10000 570 1005
6866 7802 8535 9471
5970 6079 6485 6594
1976 2855 9026 9905
0 1357 7881 10000
8827 9374 259 806
5065 5181 5642 5758
3631 4660 1573 2602
2719 4904 5763 7948
6608 8542 1988 3922
9523 9822 2957 3256
2694 3883 1228 2417
2411 4642 6560 8791
3326 5500 6771 8945
4399 6158 937 2696
8683 9399 2457 3173
1208 1845 7815 8452
5484 5999 995 1510
0 1113 8546 10000
4155 6371 0 1751
0 862 15 894
3507 4702 5159 6354
879 2190 218 1529
5539 6521 779 1761
3098 3600 8713 9215
3270 5076 578 2384
7654 9783 6141 8270
6025 8136 0 1494
1317 3126 2241 4050
7051 9068 6131 8148
474 1145 52 723
6755 8869 5991 8105
91 1900 7085 8894
1258 3203 5976 7921
1792 3611 8732 10000
8963 9232 3460 3729
87 1892 8454 10000
1817 2710 3985 4878
5661 6582 5710 6631
3675 5279 7720 9324
7810 9975 0 1372
6826 7887 1765 2826
4200 4778 9397 9975
7471 7633 555 717
0 1514 5369 7250
5039 5944 826 1731
2252 2520 5402 5670
9831 10000 8637 8940
5238 6192 348 1302
5920 6967 6510 7557
5931 6803 8472 9344
6126 6869 625 1368
1542 2355 6510 7323
8324 10000 105 2110
692 2803 4974 7085
3165 3777 2527 3139
3943 5743 7386 9186
6640 8626 2539 4525
0 768 508 2323
7441 7608 61 228
6003 8219 3133 5349
7137 9319 3569 5751
439 2277 8922 10000
0 1725 0 1275
6623 7291 6693 7361
6955 8238 5557 6840
0 1357 2677 4053
7282 8903 5921 7542
0 963 5563 6991
8558 9059 1983 2484
5455 6590 3984 5119
1366 3435 7631 9700
763 1055 2456 2748
5151 6442 1053 2344
9739 9841 2923 3025
3997 4608 109 720
469 1474 5940 6945
8161 8886 2686 3411
5744 6738 64 1058
1173 2840 4390 6057
2505 2548 3479 3522
6543 8826 6229 8512
9519 10000 2732 3581
165 842 2945 3622
4643 6674 6438 8469
7897 8665 3091 3859
731 2528 0 1524
3123 4415 3347 4639
1128 2086 8465 9423
2460 2838 7945 8323
706 1419 4427 5140
3260 4882 9369 10000
7354 8658 1471 2775
1312 2490 6055 7233
6935 7054 310 429
8169 9398 99 1328
3845 3938 3774 3867
1265 3334 8878 10000
9198 10000 2685 3889
524 1350 1713 2539
6780 7125 6209 6554
8433 9745 3212 4524
6050 7353 3532 4835
6496 8037 4851 6392
7664 9521 5176 7033
3688 5361 5111 6784
2349 2443 1571 1665
1294 2425 20 1151
4034 5402 6473 7841
6333 6381 7374 7422
3303 3689 9669 10000
8616 9133 8758 9275
4572 6194 4528 6150
2618 4274 4835 6491
5648 5793 4858 5003
7957 9900 7609 9552
4031 5704 6865 8538
7598 9412 7172 8986
0 1457 3430 5201
1990 3257 0 784
0 1941 4199 6229
4198 5317 3536 4655
4882 5468 9489 10000
5707 7846 0 1154
7770 7873 2099 2202
1504 3271 7757 9524
3228 3513 1977 2262
4330 4808 0 333
108 2020 1445 3357
408 703 3435 3730
2252 3907 7991 9646
2629 2860 378 609
1288 1713 1772 2197
5187 6040 9241 10000
2485 3301 1539 2355
7650 7784 4746 4880
738 2899 1387 3548
1201 2836 1073 2708
3680 5182 2127 3629
7879 9954 710 2785
508 2086 6494 8072
4895 6025 1292 2422
1875 2876 7649 8650
3247 4009 8030 8792
2009 3210 3266 4467
4008 6347 0 915
7995 8494 8612 9111
6815 8842 0 592
2056 3971 390 2305
6290 7645 4662 6017
1573 3369 2010 3806
6388 7114 2082 2808
3219 4193 3561 4535
1208 1659 6166 6617
8097 9480 9227 10000
4047 5760 7123 8836
0 1163 6766 8040
1218 1530 5582 5894
5906 8262 4622 6978
1740 3493 4164 5917
3477 4269 2731 3523
3379 4842 3735 5198
6353 8658 2761 5066
485 747 3082 3344
6264 8209 0 512
993 1718 5235 5960
2538 3629 6876 7967
1278 3265 5989 7976
0 1353 4550 6548
9701 10000 1874 3972
4702 6088 4886 6272
0 1026 0 1006
4620 5862 3568 4810
3972 5636 7421 9085
6861 8087 3523 4749
3026 5246 8876 10000
1842 4018 0 1064
8044 9256 7158 8370
316 1915 8077 9676
2416 3158 4626 5368
4015 5996 3703 5684
6600 8879 3477 5756
5159 7271 0 1957
7640 8437 5401 6198
5192 5939 4234 4981
3611 5764 124 2277
1161 2092 4486 5417
282 1060 4772 5550
2525 4386 2480 4341
6806 8583 4406 6183
481 756 6038 6313
7686 8755 5107 6176
7181 8902 4373 6094
6470 8404 4096 6030
4069 5863 5331 7125
124 2049 7942 9867
8824 10000 2665 4898
2597 3326 87 816
8407 9762 8015 9370
6479 8577 5503 7601
9517 9987 4323 4793
1154 2974 2405 4225
7840 10000 664 2886
1306 3450 8449 10000
0 1226 6964 8516
0 710 6778 7857
422 499 8081 8158
313 1890 5026 6603
3487 5816 0 1158
8053 8953 3001 3901
7008 7344 2998 3334
2251 4155 0 1109
2936 5280 6289 8633
2765 3136 285 656
3015 4325 1770 3080
1004 2917 4484 6397
7425 8787 3122 4484
0 607 7006 8988
1336 3600 6015 8279
3380 4991 5766 7377
9458 10000 6495 8073
5678 7949 351 2622
2598 4583 5402 7387
2863 4596 3760 5493
1948 3351 4225 5628
6020 6401 5358 5739
171 221 4168 4218
6376 6576 6232 6432
8649 8843 443 637
0 1371 2726 4978
5015 6158 7274 8417
5850 8154 1486 3790
2547 3780 2646 3879
3742 5521 6353 8132
3770 5910 6429 8569
8947 10000 4445 6322
0 338 147 1075
3149 5114 9226 10000
82 709 3259 3886
3422 3458 6733 6769
1524 2639 9752 10000
8815 10000 7283 8603
3001 4180 6595 7774
8134 8719 1820 2405
9221 10000 7085 8903
5244 6941 856 2553
1474 2882 8212 9620
2219 2587 907 1275
2998 3955 6399 7356
3476 3985 9313 9822
0 1169 2519 4517
6037 6688 207 858
7282 7844 4701 5263
6983 7732 8589 9338
2031 4228 0 966
3532 4718 3018 4204
961 1152 2421 2612
4108 6111 8037 10000
960 1543 5694 6277
8595 9899 6122 7426
7120 8779 9358 10000
7621 8889 7433 8701
6714 8102 1485 2873
2552 3369 936 1753
2313 2922 5442 6051
2381 3154 8699 9472
7114 7280 3413 3579
0 1273 8068 10000
7633 8634 1390 2391
4987 6308 1847 3168
8490 9268 1014 1792
6167 7588 603 2024
1115 1640 8691 9216
7940 9285 2021 3366
1703 3416 1911 3624
6384 7277 7678 8571
137 612 5058 5533
5238 6871 134 1767
7506 7811 1852 2157
9412 9488 2647 2723
2385 4559 1615 3789
2358 3540 3164 4346
5279 5650 0 191
6304 8462 2199 4357
2709 3800 2689 3780
639 1996 3419 4776
7621 9213 1697 3289
981 1091 9511 9621
7971 9762 5338 7129
8945 10000 8494 10000
5043 6051 2443 3451
8368 8620 4187 4439
8261 9902 7217 8858
0 2233 4499 6850
2925 3120 7240 7435
435 1036 9096 9697
4528 6081 2591 4144
9538 9791 8928 9181
1492 2511 8176 9195
8341 9069 8591 9319
2760 4420 5315 6975
0 782 2068 3103
2543 3434 1987 2878
6291 7246 5359 6314
4620 5288 336 1004
6594 8284 6840 8530
1773 4018 1819 4064
6092 6539 9027 9474
7098 9093 4040 6035
1920 4145 6819 9044
1830 2614 8829 9613
4903 5285 7262 7644
2321 4019 1440 3138
5487 6858 2373 3744
1697 3062 3584 4949
4919 6120 2157 3358
0 676 6149 7412
3708 3862 8846 9000
810 3015 3186 5391
9626 10000 1797 2171
144 1321 3730 4907
2107 3257 2404 3554
8460 8488 7995 8023
0 2050 65 2205
7006 8968 6460 8422
3819 5995 4149 6325
6771 7937 1268 2434
6199 8133 0 1705
4106 5464 6917 8275
7566 9549 5916 7899
1238 1839 8780 9381
4220 4711 8768 9259
8728 9124 385 781
6948 9137 7371 9560
3785 5483 0 955
2987 3538 4830 5381
2702 3481 6035 6814
6981 7761 2301 3081
7526 8721 4273 5468
7151 9126 179 2154
5957 7225 0 850
7847 9357 4634 6144
2626 2628 401 403
0 1347 6275 8347
9000 9959 6059 7018
1455 1495 8048 8088
6318 7482 5030 6194
4144 5215 415 1486
161 1777 0 1243
0 1067 3726 5617
5681 6578 3689 4586
855 2475 132 1752
7230 7816 9004 9590
1630 2673 0 573
4980 7152 705 2877
924 2557 2062 3695
4064 4411 8557 8904
7161 9245 564 2648
5487 6147 8397 9057
243 2105 92 1954
1588 2586 0 918
2521 2850 8611 8940
6572 7954 5115 6497
1462 1966 2655 3159
3003 3923 1870 2790
6310 6972 713 1375
6668 8438 6211 7981
254 572 6467 6785
513 2035 987 2509
0 170 8857 9142
5810 7559 0 1318
6120 7323 6409 7612
9280 9648 4202 4570
0 763 2260 3748
7510 8054 2182 2726
555 2598 4600 6643
1022 1688 8172 8838
5420 7632 4328 6540
5501 7483 3325 5307
7257 8846 25 1614
8686 9901 0 1174
3512 4625 2504 3617
2682 4779 592 2689
5754 7360 9046 10000
2651 3036 768 1153
1354 1903 5048 5597
6694 8899 4594 6799
3373 5671 0 1248
1153 1242 7781 7870
1423 1659 438 674
3936 5569 8270 9903
6025 7540 6481 7996
1844 4051 1758 3965
1004 1179 2817 2992
8262 8724 3836 4298
6012 8256 8510 10000
7737 9729 7541 9533
8216 9379 825 1988
4407 4816 3613 4022
6753 6866 7093 7206
8552 9271 7111 7830
643 1977 5879 7213
3063 3967 8091 8995
205 2403 8479 10000
1373 1927 2939 3493
9346 10000 4280 5968
6160 8389 485 2714
1467 3796 1618 3947
4497 5313 9676 10000
8022 10000 2171 4174
1160 2345 5400 6585
8605 9712 6648 7755
1458 2538 2958 4038
90 2270 0 1349
0 1395 6430 8621
3009 4983 4690 6664
3260 4626 6405 7771
4548 5308 3665 4425
0 724 5910 7377
2185 3816 5198 6829
7507 7513 6436 6442
3357 5458 4493 6594
6203 7100 630 1527
0 589 713 1374
3095 3331 9098 9334
5580 6443 1312 2175
1212 2459 1873 3120
2531 2562 7005 7036
6563 8622 4464 6523
643 918 5928 6203
3822 3957 4306 4441
5160 7029 7010 8879
0 104 3569 4275
2542 4624 643 2725
4382 4740 9630 9988
1624 3214 0 914
574 2256 7594 9276
507 2543 8424 10000
4336 5146 7856 8666
5225 7090 3658 5523
1316 2636 2 1322
0 998 6887 9213
0 2016 3684 6045
4506 5342 9322 10000
5871 7558 990 2677
8481 9754 4121 5394
5461 7232 5133 6904
7182 7754 4314 4886
144 1435 6808 8099
7554 8553 2642 3641
6577 7712 840 1975
3084 3504 767 1187
0 391 7443 8223
6654 8080 2878 4304
542 2722 6355 8535
3697 3792 2602 2697
4067 6218 5467 7618
335 1930 3973 5568
4440 5808 6194 7562
5725 6800 7240 8315
3074 4757 7741 9424
2881 4541 8596 10000
4175 5313 2523 3661
6828 8582 4523 6277
6688 8041 3900 5253
7451 9462 6594 8605
2924 3284 3631 3991
2013 3228 3932 5147
3151 5269 2107 4225
4438 5732 4529 5823
686 1671 723 1708
2827 3531 9685 10000
4145 6191 0 702
3921 4799 533 1411
6352 7915 1893 3456
5729 5934 6515 6720
0 560 3972 4656
2261 3324 1642 2705
5426 6054 4122 4750
5230 6267 7165 8202
9255 10000 5103 6072
7137 8048 6686 7597
5416 7339 8646 10000
1045 3137 6180 8272
5540 5554 9983 9997
3434 4582 6925 8073
535 2336 524 2325
1302 2787 228 1713
781 3105 8948 10000
7188 8274 5968 7054
0 716 1267 2254
7467 8582 941 2056
8763 9015 1765 2017
4947 4963 6391 6407
4765 6805 1475 3515
8017 8433 5092 5508
3797 5340 3391 4934
1056 1833 8763 9540
1822 3302 8373 9853
7352 8529 9163 10000
4864 7027 6045 8208
5071 5356 4837 5122
9345 9587 8437 8679
6600 8785 8508 10000
953 2693 1316 3056
8206 9561 5829 7184
929 2151 2713 3935
6132 6211 6154 6233
2658 2693 1292 1327
1627 2001 2329 2703
2367 3731 1798 3162
2631 3644 4700 5713
1046 3230 5456 7640
2984 3463 2269 2748
4539 5255 7804 8520
2558 3110 1108 1660
5848 7528 7075 8755
4629 6872 1700 3943
2864 4439 0 1441
7026 7254 3555 3783
3011 3694 1352 2035
7809 8951 5058 6200
7333 8241 5665 6573
7845 10000 5131 7287
1226 1804 7646 8224
5054 6037 5375 6358
5239 6212 1367 2340
4217 5073 6062 6918
4797 5082 3109 3394
2942 4526 5326 6910
4272 4462 8624 8814
9043 9195 1584 1736
7063 7866 6554 7357
4866 5609 6736 7479
7939 8272 2971 3304
7547 9714 4064 6231
7251 8677 8539 9965
1809 1848 1728 1767
1729 1787 7649 7707
6549 6831 2755 3037
3673 4271 5329 5927
9653 10000 8428 9954
9196 10000 8003 9133
8279 8353 9167 9241
9361 10000 8466 9388
8868 8931 921 984
1127 1644 8330 8847
8185 8927 6958 7700
0 1148 3140 5235
6006 7479 20 1493
4628 5384 1104 1860
8277 9166 3885 4774
20 2343 7278 9601
2207 3996 0 1403
1018 3083 1295 3360
2174 2471 5309 5606
1892 3948 4389 6445
6052 7363 7445 8756
306 1581 1064 2339
3505 4187 2598 3280
4545 6863 6156 8474
9368 9468 190 290
0 2136 2232 4417
888 2854 3627 5593
7156 7630 5360 5834
353 1923 4848 6418
2938 3887 4420 5369
65 759 2815 3509
4317 5546 754 1983
3035 4772 2532 4269
0 633 766 1429
8037 8426 9629 10000
6935 7114 2120 2299
1361 2200 5843 6682
5769 7680 3062 4973
4698 6488 8960 10000
4334 4361 2971 2998
8044 9976 5697 7629
6209 8381 5288 7460
4900 5001 7274 7375
139 1806 159 1826
2277 2428 4611 4762
8500 8673 2829 3002
9338 9437 1617 1716
0 489 8852 9637
686 735 9207 9256
6418 6450 1849 1881
0 1025 6383 8142
1446 2135 7284 7973
8258 9709 7900 9351
3407 5180 7611 9384
4629 6747 497 2615
3390 4785 6774 8169
8211 9525 6880 8194
6558 7338 1793 2573
0 1617 8301 10000
8331 8528 2837 3034
0 348 0 643
5676 6754 5778 6856
5961 6500 7180 7719
7643 8273 6982 7612
4851 5845 2493 3487
5105 5245 8702 8842
4174 5292 3305 4423
6999 8095 8644 9740
6765 7779 2144 3158
941 3173 2017 4249
0 887 2397 3645
0 1121 6508 7803
1465 1545 9134 9214
5328 7173 6376 8221
8296 9101 2771 3576
9508 10000 2938 4461
4783 5002 6686 6905
6231 6396 6192 6357
3618 4493 6778 7653
473 2630 5024 7181
5966 6299 4934 5267
2500 4477 6678 8655
8466 9848 2197 3579
793 1686 0 213
8160 8742 4026 4608
5519 6778 1811 3070
983 1772 4606 5395
2638 3280 9713 10000
8018 8706 3905 4593
556 1008 3751 4203
4909 6124 3394 4609
965 3323 8116 10000
4210 4534 8128 8452
6518 6597 5867 5946
4520 5133 30 643
9307 10000 8024 9140
1917 2690 0 444
2208 2454 4142 4388
9661 9723 7845 7907
1966 2416 3019 3469
5940 6201 8570 8831
5284 5450 9214 9380
6029 8338 7862 10000
2793 4344 4164 5715
826 893 4096 4163
2946 4558 2560 4172
7030 8334 4551 5855
5403 6913 130 1640
4567 6534 4084 6051
0 2226 3806 6061
2234 4233 2001 4000
8020 10000 4945 7130
7633 8784 582 1733
2599 4286 6608 8295
5125 6266 5449 6590
0 1413 2762 4737
8224 9285 3407 4468
2544 2670 28 154
924 2123 5573 6772
7524 9672 8490 10000
5023 5388 2089 2454
316 1690 4870 6244
169 2236 7840 9907
3749 5047 7480 8778
1790 1816 4454 4480
9243 9345 7849 7951
4071 4825 9446 10000
2529 3559 8239 9269
5872 7454 6602 8184
973 3318 5788 8133
9074 9657 9145 9728
8053 9260 2902 4109
6335 7180 1253 2098
4366 6254 7780 9668
3760 6005 4364 6609
6862 6877 2983 2998
6454 8329 4397 6272
6812 8784 3516 5488
3299 5140 7941 9782
2437 3770 1941 3274
7764 9963 6391 8590
2908 4000 2483 3575
5901 6714 5012 5825
6632 7327 1484 2179
1943 3627 8751 10000
5912 6514 6087 6689
3976 4393 5088 5505
8036 8424 0 241
1750 1826 4934 5010
8487 10000 2316 4598
4908 5802 3861 4755
37 864 9500 10000
0 248 8623 8911
3202 4760 4103 5661
2298 2873 2231 2806
366 504 7274 7412
4767 5199 1215 1647
5164 6631 6675 8142
0 1797 8494 10000
5377 7533 0 1847
7898 7913 5232 5247
7617 9853 7640 9876
5306 6467 3050 4211
5961 7136 8053 9228
7941 8063 4636 4758
4657 5469 5249 6061
1313 1438 2850 2975
3742 5018 5209 6485
4991 5851 8872 9732
8258 8624 3922 4288
5037 5634 6381 6978
1595 1921 414 740
2140 4459 1458 3777
6170 7134 8100 9064
5819 8036 5920 8137
104 1293 0 1127
3143 4421 5847 7125
1534 2233 5452 6151
56 463 3189 3596
315 1751 309 1745
3301 3541 6419 6659
8120 9268 6671 7819
798 1740 2116 3058
1382 2852 3260 4730
0 1835 6077 7975
464 650 9098 9284
7545 9340 6896 8691
3507 5060 1572 3125
3783 5729 8682 10000
6069 6493 8236 8660
5815 6940 1678 2803
2737 4201 8113 9577
7714 7728 3551 3565
7116 8399 8343 9626
3049 3729 9346 10000
3057 5361 4040 6344
3038 3862 8706 9530
8512 9321 2487 3296
7212 7457 8522 8767
4497 4991 4309 4803
5856 6050 7491 7685
3727 5382 6387 8042
9169 10000 892 2624
7932 9915 3089 5072
5749 5802 8900 8953
1891 2609 1347 2065
8284 9862 1936 3514
301 1843 2470 4012
4064 5120 6988 8044
275 863 5322 5910
5491 6910 8426 9845
5103 5779 8438 9114
3844 4318 6713 7187
8592 9153 511 1072
7786 9307 3856 5377
6453 7305 230 1082
3165 4009 193 1037
3512 3697 1771 1956
5024 5343 0 298
7446 8585 3815 4954
2532 2826 7953 8247
9082 10000 2276 3483
6798 8332 1776 3310
1036 1901 5827 6692
8556 9040 1350 1834
5280 5824 5853 6397
2251 3838 8918 10000
1628 2865 4354 5591
1027 2331 7333 8637
2035 4375 6133 8473
2960 4870 6132 8042
5192 7323 5899 8030
3308 4404 3760 4856
1409 3233 7484 9308
9307 9746 7717 8156
2570 4828 1234 3492
6338 7789 5826 7277
0 1249 1676 3099
5314 7082 6232 8000
3501 4125 2895 3519
303 2623 0 1432
8568 9765 7500 8697
1476 2815 7244 8583
6942 7256 7577 7891
6912 9241 3557 5886
8632 560
1800 7714
4934 4139
7586 6118
415 3828
6730 6928
6002 3797
9386 9093
3480 622
417 9178
8892 4419
6396 4725
5451 8517
1192 8565
6124 7909
2578 1775
9019 4289
7969 6165
9745 699
7324 9261
5981 6560
2467 9471
1270 9460
9059 785
5180 5670
4115 1921
4272 5795
7871 2480
9814 3246
3584 2213
3965 7629
5066 8138
4510 1143
9133 3078
1458 8191
5627 1147
760 9201
4789 202
13 245
3659 5816
1298 285
5942 973
3259 9185
3582 1384
8778 6889
6113 839
2973 3714
8992 7626
929 723
8223 7361
182 7720
2400 7555
2467 9466
9086 3526
518 8660
2431 4292
5848 5975
4659 8013
8242 243
7114 2047
4398 9958
7528 670
25 6113
5400 882
2398 5409
9975 8940
5943 675
6564 6843
6530 8552
6575 1132
1650 7304
9341 428
1933 6440
3434 3139
4352 8059
6853 2817
254 1735
7535 70
7935 4864
8140 5056
1440 8938
924 895
7103 7202
7665 6442
819 3575
8324 6452
665 5674
8747 2343
5895 4701
1760 9303
1009 2494
6118 2139
9781 2975
4227 361
1138 6892
8630 2851
6664 144
1899 5939
2514 3503
7920 6347
9921 3347
709 3505
5813 7873
8131 3192
1130 1478
3932 4020
1506 8817
2515 8077
1027 5087
3608 9970
7766 2643
1530 7133
6999 350
8360 1122
3923 3809
3296 9739
9418 3125
857 1788
6850 6467
9703 3359
7075 4827
7483 6043
9043 5561
5109 5845
2366 1595
1494 695
4397 7323
6377 7377
3331 9787
8705 8885
5416 4638
4092 4885
5792 4976
9308 8349
4220 7632
7639 7874
1260 3977
2811 409
254 5212
5044 3755
4897 9601
7590 252
7771 2171
2537 9050
3409 2262
4661 124
379 1998
492 3629
2492 8805
2853 397
1696 2169
5588 9700
2585 1987
7686 4806
1082 2393
1867 1260
4709 3557
8795 2565
567 7134
5223 1745
2265 7925
3716 8498
2855 3545
5428 640
8399 8859
8503 517
2632 2005
7305 5818
1795 2715
6490 2108
3696 3902
1603 6309
8444 9336
5180 7217
1135 7263
1228 5681
7293 5452
2829 5019
3592 2851
4652 4559
7854 3667
636 3307
6491 213
1561 5829
3114 6925
1910 6639
1275 4704
9715 2158
5751 6075
382 740
4857 3756
4849 7633
7542 4250
4644 9788
3028 228
8322 7296
984 8412
2758 4964
4739 3831
8344 5668
5263 621
8387 5683
5699 4724
5636 1172
1922 5017
427 4796
3612 3766
7066 5715
543 6073
7750 5188
7926 4995
6738 5326
5211 6567
1285 9209
9365 4682
2797 310
9257 9218
8335 5917
9663 4674
1950 2857
8390 1467
1735 9367
1192 7697
705 7535
487 8105
1695 6434
5206 4
8226 3832
7190 3272
3486 512
3646 8157
3122 341
3662 2899
1706 5248
7592 3696
286 8598
3342 6406
3511 6893
9888 7412
7269 1924
3416 5687
3543 4691
2640 5245
6234 5705
195 4214
6412 6245
8807 582
1201 2980
5244 8351
5881 3159
3240 3185
3788 6540
4495 7734
9319 4628
146 476
4587 9815
635 3521
3446 6769
1864 9758
9579 7446
3792 6846
8369 2184
9281 7577
6180 1605
2694 9125
2270 1080
3561 7182
3867 9419
407 3134
6050 478
7559 5111
7201 9292
3795 918
3978 3063
1058 2504
4141 8076
1336 6215
9826 6476
7796 9924
8281 7898
7858 1757
2671 1645
2569 5730
3140 8963
7184 3458
882 9765
8368 2366
6207 2940
8582 1520
7036 1468
1626 8928
8619 2663
2802 2622
6931 8125
476 5521
5545 1029
7544 1982
9413 2648
3509 2843
2693 4103
5289 80
7057 2249
3321 3552
1059 4614
8688 1866
1038 9560
9160 6256
9550 9040
5262 3340
8438 4278
8777 8465
99 6522
3096 7396
455 9167
4907 2997
9601 9091
2377 9009
8654 9006
2893 6898
622 2090
2664 2866
6425 6024
5083 822
6947 7198
3061 1939
6523 9374
7600 5966
3359 8844
2162 8847
4925 7556
4013 2962
6652 3432
2135 4332
5188 2934
444 6736
3858 8990
1462 5093
9886 1902
849 4411
2556 2904
8462 8003
1953 482
7963 7993
5568 5712
7427 2096
7033 412
5095 7352
9278 6068
1585 9158
4308 8788
8992 416
7392 8940
4984 827
3293 5380
2870 6397
7031 2550
7746 5426
8368 263
6877 617
9309 5620
2628 403
1000 8025
9768 6987
1468 8063
6890 5594
4893 1242
1558 1
26 4965
6508 4432
994 399
7302 9291
1865 479
5618 922
2284 3283
4337 8567
8533 2496
6124 9053
1378 463
1800 481
2678 8644
7484 5605
1926 2822
3770 1972
6793 1374
6999 6417
333 6621
1435 2386
106 9026
7229 1233
6735 6556
9449 4364
104 2616
7531 2694
984 5014
1440 8177
6378 4536
6628 4768
8837 245
9372 1054
4297 3428
4567 1889
6973 9992
2897 1118
1824 5148
7701 6646
4838 330
1210 7802
1438 476
4412 9370
6723 7780
3358 2481
1133 2854
8310 4176
7548 8884
8448 7975
8892 1684
4657 3896
6800 7150
8575 7734
992 6142
3653 8636
2218 8519
1443 3447
9720 5599
7827 1101
2710 2161
4787 9799
8874 4137
2029 6518
9435 7033
1906 3389
1662 647
964 8134
3475 5756
4470 7260
4944 3845
111 5930
2318 6124
7507 6436
4188 6205
6372 880
355 805
3132 9308
5740 1395
2269 2248
2543 7013
7392 6013
664 6159
3936 4320
6441 8299
95 3649
3735 898
4397 9770
1625 264
615 8667
1690 9210
5052 8274
6020 4973
1357 598
587 9049
249 4203
5246 9343
7537 2184
8635 5168
6478 6472
7442 4431
925 7998
7766 2720
7517 1709
3492 1067
196 7872
7226 2987
1673 8324
3748 2665
4282 5536
1764 4622
5251 7108
6597 7336
4005 9175
4044 9061
4663 2925
7832 5988
7864 4149
9383 8377
3216 3883
3227 4292
4270 2849
4736 5398
1343 895
3277 9914
5215 313
4700 1062
6712 2691
5771 6567
423 4650
2744 2409
6029 4353
5760 7304
9396 6071
7343 6817
6540 9370
1791 7431
5552 9996
4526 7709
2035 2004
2486 1002
3042 9949
8102 6791
623 1877
7937 1718
8951 2004
4954 6407
6786 3458
8047 5098
4056 3676
1748 8972
3116 9031
7401 9333
6813 6464
5295 5049
9581 8456
7772 9748
2686 2111
9504 7139
1597 3193
6167 6216
2669 1308
1930 2483
3092 2354
2693 5180
1788 6915
3180 2544
4990 7904
2935 1481
7476 7461
5477 1810
4094 441
7171 3758
3250 1408
8492 5965
8144 6541
8018 6183
1378 7680
5608 5921
5801 1549
4480 6376
4831 3370
4484 5989
4285 8697
9088 1729
7643 6693
5458 7178
8219 3140
8766 4670
8426 9647
1845 1767
1752 7666
6695 2946
3912 5685
9905 8735
9390 8621
8317 9184
9938 8853
8916 979
1584 8766
8680 7429
174 4340
7374 910
5291 1481
8803 4165
465 9088
3325 351
2516 2715
2310 5461
3368 5837
7315 8009
1290 2212
3567 2675
6620 6591
9437 191
624 4198
2315 4637
7402 5444
850 6021
3300 4669
716 3105
4690 1072
4146 2672
101 1319
8375 9824
7022 2133
1545 5916
6013 3202
5207 9915
4342 2971
9098 6397
6798 6266
4913 7299
691 788
2285 4672
8585 2906
9375 1680
430 9280
734 9246
6419 1864
1001 6812
1671 7934
9576 8694
4819 7689
4652 2401
3925 8137
8332 7085
7300 1835
1532 8994
8409 2961
208 387
5841 6846
6131 7459
8145 7568
4854 2620
5193 8746
5055 3372
7886 8768
7532 2604
1546 2955
472 2611
129 6735
1533 9166
6383 6920
8794 3570
9993 3635
4898 6690
6395 6290
4172 7037
683 6798
5973 4956
3382 7227
8936 3052
1366 33
8733 4502
6339 2558
1538 4830
2691 9845
8592 3972
872 3855
5688 3913
2261 9015
4363 8389
6568 5892
4569 366
9682 9111
2651 200
2341 4344
9698 7906
2237 3367
6023 8812
5335 9322
7973 9906
3377 5134
878 4119
4242 4026
7231 4648
6907 1530
5426 5375
2191 4921
3764 2466
9336 7038
7633 1543
3701 7763
5522 6430
1064 2874
8466 4248
2629 33
2113 6026
9101 8963
5351 2171
1439 6155
2180 8721
4505 8677
1805 4465
9316 7904
4219 9612
2567 8737
6974 6988
2631 6195
9161 9163
9185 3754
6522 1963
5183 8145
3943 5494
6867 2983
7966 5903
7463 3766
5042 9291
3440 2583
7879 6580
3065 3322
6204 5638
7219 1845
2384 9983
5925 6191
4101 5323
8222 69
1826 4949
9512 2462
5162 4724
132 9731
2 8794
4152 5270
2723 2550
441 7359
5112 1336
6334 7290
1 9241
7523 337
7912 5232
9485 9834
5735 3810
5962 8658
8051 4711
5123 6045
1373 2972
4073 6201
5020 8998
8342 4273
5385 6922
1671 436
2417 2548
6424 8374
6741 6999
150 1006
3200 6024
1652 6131
366 3209
604 929
3484 6647
9027 7202
908 2696
1431 3934
1758 7529
595 9194
8152 7106
5032 2057
5250 9153
6079 8370
6458 2743
3430 9202
7728 3562
7386 9192
3492 9908
4761 5154
3243 8768
9204 3286
7323 8577
4835 4718
5865 7520
4665 7128
9523 1682
9606 4337
5767 8952
2255 2043
8386 2510
1358 2654
4729 7371
462 5768
6850 8450
5326 9039
4221 6978
9078 552
8608 4256
7165 989
3235 747
3513 1933
5333 91
8430 4186
2746 8114
9226 2485
7380 2262
1840 6073
8633 1571
5493 6284
3666 9862
2606 4892
2031 8142
2752 7846
3875 7117
7154 6263
3577 4720
1747 9092
9605 7727
4761 2428
6426 6722
579 2354
5844 7091
3513 3216
1924 1170
9557 8508
1568 7717
7123 7869
9238 3572
