800 125 400 7 1959
5 17 1 3 8 6 1 4 3 3 2 2 3 3 5 9 3 27 6 4 4 2 10 1 5 1 1 18 33 13 3 10 2 10 5 2 8 7 2 5 6 3 2 5 2 3 7 1 2 3 2 17 23 8 9 7 5 1 22 11 1 4 11 3 4 22 6 1 4 3 9 7 2 1 13 9 1 9 13 7 5 2 6 5 8 10 1 7 7 4 18 2 11 2 2 8 5 10 5 6 16 6 5 3 20 7 10 14 1 5 2 2 3 5 1 2 14 3 3 1 2 20 1 1 3
8834 9387 1446 1999
5037 5622 3432 4017
2440 2683 8484 8727
3977 4994 0 1013
2966 3390 3381 3805
0 1201 8268 9876
7851 9062 6624 7835
3938 4924 1113 2099
5693 6550 6325 7182
3795 5019 6046 7270
1355 2031 2793 3469
2273 3550 6139 7416
1135 2548 627 2040
831 1886 0 961
5581 6940 3129 4488
8443 9004 8402 8963
4784 5379 4286 4881
5234 6748 8168 9682
1602 2497 0 420
7607 8473 7146 8012
2051 2640 5337 5926
0 1398 470 1940
5214 6798 1902 3486
4135 5535 8996 10000
5497 6866 815 2184
2032 2645 2385 2998
2169 2424 9516 9771
9544 9866 6358 6680
8184 8722 3462 4000
8985 9876 6082 6973
2992 3507 1852 2367
7616 9006 955 2345
3890 5453 64 1627
1341 1555 1647 1861
3470 4745 4722 5997
954 2373 3671 5090
7707 8863 6545 7701
7056 8599 4910 6453
1146 2492 980 2326
5905 6750 5463 6308
6298 6590 1820 2112
6385 7974 8257 9846
0 694 2730 4139
8795 9429 3708 4342
1064 1499 7921 8356
4952 5677 6650 7375
2662 2730 4531 4599
5665 7330 7101 8766
1761 2018 6072 6329
6236 8064 6704 8532
0 906 3464 4510
8540 8541 6758 6759
8038 8339 6106 6407
3690 5463 7987 9760
6462 7917 6600 8055
3678 5048 7806 9176
7427 8277 6159 7009
2386 2836 0 449
6223 7415 6191 7383
7025 7634 3256 3865
8695 9254 187 746
3696 4518 2691 3513
7563 8599 3691 4727
429 2163 2583 4317
4154 4563 2504 2913
1762 3381 5624 7243
7504 8775 7834 9105
5971 7476 980 2485
6861 7626 1095 1860
8185 8344 4628 4787
1387 2710 3726 5049
1519 2375 5323 6179
3714 5582 380 2248
8139 8350 345 556
0 716 6536 7658
6417 8144 7721 9448
2141 2603 6330 6792
0 1288 6429 8118
2342 2433 1765 1856
8579 10000 4515 5981
2639 3573 4531 5465
5836 6878 3758 4800
6579 7541 380 1342
5989 6262 5942 6215
787 2658 2167 4038
6412 7521 0 733
5684 7359 0 670
8020 9149 2034 3163
8360 8408 7651 7699
8125 9244 3841 4960
7185 8434 4143 5392
9231 10000 0 827
7974 8739 5237 6002
9176 9497 9208 9529
8830 9363 2295 2828
1856 2235 9312 9691
1975 3212 7485 8722
5552 6368 935 1751
5811 6622 8320 9131
8524 8548 6336 6360
1379 1711 5919 6251
1221 2612 8116 9507
8728 10000 0 1375
6508 7132 4476 5100
1681 2279 1395 1993
7202 8232 854 1884
5472 6472 5394 6394
7053 8655 8865 10000
5938 6858 5240 6160
6551 7839 6649 7937
4352 5162 3526 4336
6104 7093 4506 5495
7684 9541 6881 8738
5614 6888 816 2090
2558 4439 1999 3880
3806 4704 6741 7639
8779 9462 7592 8275
6482 7007 5568 6093
9215 9571 6024 6380
0 571 3345 5015
4401 6350 1940 3889
3392 4105 9041 9754
0 662 3609 5212
2769 4305 208 1744
1593 1768 802 977
7838 9555 1400 3117
5786 7239 7287 8740
7109 7257 9042 9190
7798 8849 1443 2494
148 156 570 578
1514 1850 8678 9014
1292 2432 4720 5860
1248 2470 3476 4698
7862 9552 1514 3204
9168 10000 6136 7148
3538 4828 0 1005
4256 4605 5109 5458
6770 7964 3974 5168
2350 2798 5339 5787
6298 7996 1305 3003
4345 5390 1681 2726
6692 8555 7875 9738
3404 3755 4474 4825
5048 5376 256 584
7568 8732 446 1610
6722 8639 670 2587
4435 5465 6496 7526
3737 3930 2384 2577
2646 3069 9951 10000
2911 4385 0 784
4716 6426 4502 6212
9463 10000 2993 4114
5142 6694 2594 4146
4740 5629 7367 8256
8691 10000 470 1822
8751 10000 4659 6335
29 657 0 330
3108 4435 9053 10000
6280 7193 352 1265
5318 6736 2174 3592
6974 8442 3428 4896
4313 6232 3984 5903
3403 4953 8838 10000
5114 6901 3743 5530
8983 10000 6037 7950
1264 3025 3149 4910
3144 4395 2342 3593
0 294 2279 2587
48 1707 0 1021
6606 7582 3026 4002
6338 8142 0 1736
829 2025 3620 4816
4434 6219 4696 6481
4789 4976 967 1154
3360 5123 8114 9877
6265 6893 6725 7353
298 2073 2516 4291
5503 5962 1932 2391
7569 7752 9745 9928
5357 6626 7168 8437
3067 4184 7858 8975
7845 8064 5130 5349
5999 7207 5079 6287
6644 7483 0 619
1029 1357 8932 9260
2635 3322 9349 10000
7213 7987 3058 3832
9219 10000 1430 2426
6953 8747 0 1420
6122 7864 7740 9482
483 830 8137 8484
2722 4071 297 1646
3471 4242 0 468
330 1357 4070 5097
6238 7866 0 911
3269 4993 6026 7750
8548 9848 8299 9599
2845 4199 7228 8582
8229 8482 1133 1386
8961 9707 604 1350
6972 8327 7755 9110
9674 9972 6475 6773
4447 5981 2593 4127
814 2013 8694 9893
4693 5439 7322 8068
3653 5455 7900 9702
203 859 3572 4228
4213 5643 7641 9071
1141 2728 7533 9120
636 791 6794 6949
2876 3211 3834 4169
6393 6865 0 228
1791 2067 4809 5085
9161 9654 4659 5152
6653 6860 3581 3788
3308 5047 6094 7833
4379 4838 1497 1956
691 2431 0 1581
4711 5300 2799 3388
1778 2837 6699 7758
2165 3092 3685 4612
4495 6107 4892 6504
8046 8697 3497 4148
9892 10000 4748 6498
7037 8574 3072 4609
3748 3811 3474 3537
5226 6088 6315 7177
3290 4283 298 1291
7268 9049 8602 10000
4809 5917 2941 4049
3199 5099 1504 3404
8982 10000 9251 10000
1854 3364 3373 4883
98 221 3599 3722
393 2114 3742 5463
9507 9508 6845 6846
6700 8239 1203 2742
1243 2161 8257 9175
6545 7651 2774 3880
9254 10000 932 2552
21 734 2384 3097
6588 6629 8970 9011
0 989 2810 4598
7515 9181 5184 6850
1817 2730 0 491
9275 9464 4228 4417
8330 8502 9116 9288
525 1571 7335 8381
3864 4644 5777 6557
6207 8091 2423 4307
6785 7661 8553 9429
1145 1165 1270 1290
4085 4178 3781 3874
9998 10000 6944 7030
3914 5529 2539 4154
3638 4445 2159 2966
5887 7783 7858 9754
1165 1243 9507 9585
3503 4932 616 2045
751 2489 317 2055
2781 3942 8671 9832
8821 8963 4136 4278
1587 2469 4747 5629
2843 4004 3949 5110
9752 10000 4544 5455
4569 6352 9546 10000
6330 7120 2054 2844
2639 4400 7787 9548
5455 5707 2621 2873
1618 1687 2683 2752
3241 4093 0 335
2309 3518 4354 5563
7435 8633 8694 9892
0 872 3765 4909
3525 3864 3306 3645
1610 2386 508 1284
1320 2671 3746 5097
8723 10000 4772 6480
3874 4371 7243 7740
1215 1457 4788 5030
8245 8453 8641 8849
9077 9585 419 927
9017 9305 4101 4389
6714 8300 4745 6331
8803 8810 5420 5427
5665 7269 2412 4016
2806 4156 4458 5808
6315 8035 9112 10000
3298 3675 4207 4584
7769 9669 7063 8963
4632 5558 1376 2302
2804 4167 8199 9562
7438 9129 1745 3436
7881 8950 8176 9245
8826 9599 6999 7772
8488 10000 4695 6417
0 453 2058 2515
2329 2789 2520 2980
8620 9036 3064 3480
4827 5617 9662 10000
2356 3146 2509 3299
2930 3637 835 1542
1093 1898 1711 2516
7878 8732 938 1792
871 2221 6372 7722
0 192 5073 5822
298 1051 9269 10000
6145 8030 2274 4159
2318 3441 7424 8547
5734 5984 5808 6058
8196 9586 1462 2852
712 2473 5847 7608
3942 5486 3488 5032
6003 6677 6145 6819
3953 4955 2052 3054
5156 6991 1315 3150
4468 5479 8908 9919
3702 4285 3996 4579
8971 10000 8648 10000
3025 3933 1441 2349
729 2540 553 2364
503 2409 145 2051
3352 3759 5251 5658
5441 7329 4973 6861
402 1661 8990 10000
6638 7409 6616 7387
9188 10000 2211 3651
6049 6501 4093 4545
5224 6963 7969 9708
8063 9869 0 1738
7503 9211 0 1458
1944 3162 4867 6085
7239 8228 0 496
0 1061 0 1022
7750 8782 1046 2078
5411 5454 1389 1432
605 1938 5487 6820
7194 7202 2986 2994
6591 6795 5243 5447
9696 10000 3963 5666
8226 8687 8777 9238
4429 6017 1180 2768
6131 6607 4849 5325
7424 8748 5435 6759
415 1197 2142 2924
7354 9089 3210 4945
2178 3356 1200 2378
3135 3674 9515 10000
6183 6415 7047 7279
1370 2798 6480 7908
775 1913 6841 7979
4986 4999 6101 6114
5838 6450 9416 10000
6124 7234 2232 3342
5587 5723 8205 8341
7624 7728 9545 9649
6853 8205 1537 2889
8104 9010 7434 8340
4623 4642 8531 8550
7298 8952 2121 3775
4104 4131 778 805
3802 4652 4717 5567
9339 9726 8478 8865
2571 2616 5194 5239
8806 8921 4953 5068
9222 9535 8835 9148
150 1748 3440 5038
3478 3800 1335 1657
9581 10000 3596 4986
6350 7259 7209 8118
4722 4892 6240 6410
3927 5408 1995 3476
7805 9422 2754 4371
0 1253 2065 3746
3375 4413 6174 7212
8401 8773 9816 10000
6045 7143 3285 4383
5895 6943 977 2025
8419 9433 6888 7902
3354 4285 8189 9120
5183 5542 845 1204
3008 4139 7405 8536
3978 4396 5945 6363
8620 8701 4718 4799
6932 7855 5073 5996
6134 6352 2146 2364
4166 4901 2291 3026
757 1639 4832 5714
8039 9386 7555 8902
5218 6846 5660 7288
2496 3412 694 1610
3755 5219 7228 8692
6765 7886 6991 8112
216 435 7781 8000
7572 8468 1212 2108
8845 9508 8848 9511
5569 7383 6441 8255
2582 3018 112 548
0 433 1445 2506
9057 9223 5152 5318
0 206 5805 6194
7368 7744 656 1032
3051 4410 9178 10000
4515 6170 2904 4559
7261 7396 8673 8808
1887 2170 7569 7852
4312 6117 583 2388
9000 10000 6844 8645
2413 3544 8880 10000
2493 3817 4655 5979
3507 4818 6168 7479
7579 8615 6902 7938
8389 9541 8681 9833
3872 5225 8478 9831
8491 8510 3781 3800
5215 7079 0 1135
4962 5916 3972 4926
0 1586 7517 9396
2007 2836 3509 4338
2030 3853 4737 6560
3421 3976 9329 9884
7686 8095 4233 4642
7146 7647 8010 8511
975 2932 3429 5386
0 348 2002 2582
189 1797 1416 3024
7284 7595 2671 2982
3894 5783 6862 8751
4441 6157 2613 4329
9825 9990 303 468
4073 5953 3095 4975
6089 7953 5371 7235
9524 9935 1256 1667
2442 2778 6897 7233
5985 7849 6769 8633
1658 2831 165 1338
2012 3312 9091 10000
8796 9454 9407 10000
6520 7216 6465 7161
4306 5210 5104 6008
9398 9477 6746 6825
9135 9152 853 870
0 1402 8746 10000
9852 10000 186 879
487 492 842 847
5901 6744 4314 5157
129 1732 2458 4061
4874 6645 5778 7549
255 297 1016 1058
3868 5505 1184 2821
827 1030 6949 7152
3933 5389 7639 9095
7366 7602 4567 4803
2673 4042 5477 6846
8833 9189 427 783
4057 4425 3040 3408
2701 3956 6382 7637
71 2015 2576 4520
2988 3986 0 591
4374 6318 8900 10000
6456 6888 3737 4169
869 983 9440 9554
4927 6260 5211 6544
8085 8831 4910 5656
2661 4318 0 480
9118 10000 3852 5796
1287 2188 1365 2266
4903 5346 5284 5727
3557 3801 5627 5871
1057 1503 6981 7427
4759 5776 4328 5345
7062 8965 1318 3221
941 2583 0 1597
2682 4624 3997 5939
3391 5096 7923 9628
583 1946 4112 5475
7886 8699 7316 8129
9587 9792 1527 1732
5184 6903 1750 3469
3146 4676 0 1447
9578 10000 2696 3796
2472 2550 5197 5275
831 1260 2525 2954
9625 10000 4380 6195
4148 5444 1991 3287
5766 6562 9050 9846
9290 10000 6304 7941
6967 7099 5139 5271
6205 6810 6078 6683
5063 6147 2926 4010
8773 9790 3447 4464
7774 7928 4543 4697
5284 6326 7962 9004
6977 7000 9574 9597
5344 5874 6836 7366
1777 1972 4924 5119
5956 6843 4868 5755
5934 7172 2392 3630
7551 9458 67 1974
9403 10000 8794 9960
6299 7720 8314 9735
4308 4361 2321 2374
0 944 1308 2716
6235 7451 4911 6127
3346 3947 707 1308
0 900 7495 8408
6518 8004 6129 7615
3570 4980 6153 7563
7504 8145 6480 7121
941 1422 5885 6366
6280 7707 2535 3962
4278 6217 8415 10000
711 806 468 563
3509 5245 5764 7500
3355 4826 9022 10000
5016 6660 7717 9361
4951 5144 5785 5978
9036 9291 9296 9551
8112 9643 9285 10000
3938 4260 793 1115
325 1073 4213 4961
4154 5592 4406 5844
8937 9943 8061 9067
1676 2149 1535 2008
2724 4177 166 1619
532 851 5869 6188
5252 7141 4636 6525
4778 6566 5176 6964
7875 8200 2333 2658
3857 4926 6946 8015
4615 4639 2315 2339
1835 2686 431 1282
8440 8514 7761 7835
3734 4499 8554 9319
644 863 9295 9514
1734 2966 0 1201
79 156 2961 3038
3160 3239 3456 3535
6898 8057 3261 4420
8786 9014 4049 4277
537 1358 5762 6583
6211 7381 2070 3240
7376 7921 8595 9140
4572 6114 105 1647
2522 3067 9466 10000
3674 3906 1469 1701
259 1391 8556 9688
7043 7401 5958 6316
7442 7946 7421 7925
769 1770 1948 2949
3002 4407 4167 5572
4803 6050 3782 5029
7405 8244 9176 10000
3746 5014 2849 4117
9201 10000 5925 7667
3987 5688 4957 6658
1261 1300 7689 7728
8112 8187 9333 9408
6566 7050 8769 9253
2893 2999 3375 3481
5573 5761 1808 1996
6186 7268 1973 3055
8994 9448 7771 8225
2600 3358 6770 7528
7059 9018 127 2086
1353 1788 4609 5044
1897 3317 0 1238
1259 1640 8889 9270
582 1731 8300 9449
9828 9945 8544 8661
9192 10000 7617 8843
3440 4706 0 1180
1747 2834 7554 8641
4049 4725 6029 6705
4877 5595 6360 7078
8841 8962 276 397
7966 9486 6775 8295
1396 2922 8717 10000
6400 7143 361 1104
2258 3421 6411 7574
8430 8913 5784 6267
4785 5102 6477 6794
6831 7658 9609 10000
2115 2963 7510 8358
1336 2644 7886 9194
0 300 2771 3212
1764 3472 5724 7432
6263 8044 0 1221
1167 1626 4257 4716
8862 10000 138 2083
1276 2446 2968 4138
6341 7611 4163 5433
775 2404 7626 9255
871 1417 6984 7530
7107 8939 6277 8109
6039 6582 9497 10000
3287 4367 2522 3602
6440 6920 8598 9078
4462 5746 7528 8812
8340 9357 1797 2814
1786 1826 2728 2768
7311 7453 8988 9130
8775 10000 281 1570
3016 4864 0 1059
6687 7438 3783 4534
6428 8182 2185 3939
3800 4720 992 1912
8350 8708 7582 7940
7552 8188 5448 6084
3654 3856 5009 5211
6230 7525 8199 9494
8136 10000 6506 8394
0 664 943 2566
9040 9655 6768 7383
2728 4038 3096 4406
6045 7832 5615 7402
212 2141 1884 3813
8167 8614 4515 4962
9270 9270 4778 4778
9339 10000 4579 5352
8992 10000 2839 4324
8851 10000 0 1420
5477 6070 1223 1816
985 1019 5603 5637
8585 8944 7373 7732
0 757 0 1353
1291 2530 2423 3662
4069 4280 1276 1487
7264 8301 0 943
8205 8267 4538 4600
3933 3991 5219 5277
2631 3967 4406 5742
5231 6204 1005 1978
8936 10000 7127 8367
6979 7435 466 922
311 2174 132 1995
8255 9900 586 2231
9313 9335 2110 2132
9254 9674 3027 3447
2764 3628 9021 9885
3307 4111 8627 9431
8096 8866 597 1367
6084 6701 8228 8845
1866 3703 2158 3995
862 2073 6734 7945
2010 2210 2058 2258
4990 5430 8495 8935
4128 4298 8587 8757
4568 4846 1645 1923
563 2194 7494 9125
1708 2919 874 2085
1097 1166 7588 7657
3672 5615 7657 9600
3048 3676 9061 9689
8613 10000 5423 7011
6825 8686 7467 9328
2424 4009 0 1375
7971 9058 5685 6772
1741 2936 3831 5026
1053 2350 8360 9657
928 2812 3442 5326
715 2296 2346 3927
4588 4986 2001 2399
4224 5902 4934 6612
6226 7939 3035 4748
9515 10000 0 995
1425 1845 5556 5976
5393 5748 4175 4530
4708 6256 7059 8607
8232 9155 6450 7373
3627 4128 2424 2925
5547 5754 4253 4460
9158 9246 5771 5859
8637 9273 6904 7540
5689 7094 3720 5125
8381 9243 1786 2648
5379 6184 4155 4960
606 917 5113 5424
4064 5168 8622 9726
1642 2574 9597 10000
4442 5281 7535 8374
7655 9113 6908 8366
6401 6977 7350 7926
7276 8366 4518 5608
4900 6209 341 1650
1689 2049 6165 6525
983 2723 1505 3245
2662 3876 6980 8194
190 1669 22 1501
1537 2985 2503 3951
277 2089 7788 9600
2903 4808 9691 10000
49 460 7864 8275
4770 6560 3292 5082
1827 2178 3912 4263
3784 5052 2042 3310
4351 5337 0 487
8902 9990 7053 8141
3611 4649 5475 6513
9760 10000 3178 4549
7800 9140 8440 9780
0 612 0 626
5929 7467 7411 8949
1455 2774 4529 5848
6740 7985 822 2067
5021 6188 5860 7027
4879 4887 8763 8771
2265 2357 9083 9175
6395 6489 7186 7280
1888 1964 335 411
6714 7049 5124 5459
2317 4166 6153 8002
3262 4547 8785 10000
6176 7333 2079 3236
2169 3274 6982 8087
7464 9333 4940 6809
1290 1500 9822 10000
2860 3519 7769 8428
7426 8888 3452 4914
2890 4614 7403 9127
2655 4177 1805 3327
2448 3943 7381 8876
4573 6461 7194 9082
6279 6906 9106 9733
1950 3901 1917 3868
4763 5385 4859 5481
5187 5371 4106 4290
8271 8758 7178 7665
5611 6398 4700 5487
6264 7874 5218 6828
1494 2092 2621 3219
508 2342 1123 2957
439 1996 2310 3867
8133 10000 7924 9820
253 1375 6948 8070
3345 4260 6536 7451
2426 3543 5829 6946
7843 8095 3754 4006
842 1176 9695 10000
2870 4750 7703 9583
310 632 3658 3980
9692 9717 7043 7068
1960 2833 8324 9197
8069 9546 7845 9322
7449 8146 5682 6379
767 1631 1533 2397
8864 10000 5873 7365
2560 4440 9600 10000
8123 9839 7505 9221
5316 6699 1742 3125
5375 7119 621 2365
8627 9592 8749 9714
6924 8317 5920 7313
6704 7132 8873 9301
6952 7509 4042 4599
2276 2373 5036 5133
4306 5389 1775 2858
7585 7946 9390 9751
788 1192 0 363
4161 5668 2121 3628
3600 5342 4130 5872
3460 3828 8086 8454
5492 5771 0 264
4720 6542 4329 6151
5979 6865 2855 3741
0 1468 5869 7653
7796 9629 6294 8127
95 1104 8835 9844
2012 2160 8864 9012
7060 8930 6189 8059
6775 7045 4146 4416
5907 6609 3656 4358
916 2172 2829 4085
9378 10000 1325 2801
5414 5805 665 1056
7560 9339 3410 5189
152 320 7946 8114
2309 3343 5830 6864
8183 9626 3836 5279
5040 5246 2663 2869
8329 8867 1240 1778
3241 4106 8082 8947
4356 4602 9330 9576
8573 9159 97 683
9409 10000 1787 2853
812 1116 252 556
8056 9159 1225 2328
8266 8587 6621 6942
5033 5347 6816 7130
3424 4588 1570 2734
7622 8870 7056 8304
7000 7871 891 1762
0 248 6012 6569
311 615 8699 9003
407 1935 3627 5155
6470 6599 2136 2265
491 2131 6016 7656
5598 5621 3291 3314
4639 5184 2776 3321
2385 2429 4392 4436
9259 1868
5078 3749
2522 8518
4953 572
3175 3685
1134 8575
9006 7159
4628 1943
6397 6831
4222 7049
1476 3165
3432 6236
1592 1256
1142 295
6296 4305
8721 8641
5282 4628
5597 8323
2155 272
8338 7553
2173 5744
1299 1760
6238 2195
4549 9705
6711 1989
2576 2973
2389 9526
9802 6478
8555 3853
9683 6467
3159 1994
8372 2143
4593 630
1433 1858
4062 5237
2272 5037
8091 6895
8471 5891
2376 1189
6344 5652
6495 1926
6922 9010
189 3121
9287 3755
1177 8331
5208 7130
2705 4536
6777 7370
1993 6287
6746 7028
401 4164
8541 6759
8146 6179
4693 9562
6705 7456
4806 8543
7923 6435
2424 151
6551 6195
7225 3794
9127 670
4466 3271
8052 4277
713 2917
4559 2704
2373 6183
7778 8671
7301 1504
7486 1390
8298 4722
2032 4866
1772 5677
4582 564
8235 366
163 6611
6479 8935
2348 6444
49 7499
2406 1827
9343 5184
2965 4827
6546 3794
6984 739
6038 5952
1828 2564
7130 566
7195 425
8625 2271
8385 7657
8652 4492
7344 4765
9491 706
8030 5637
9482 9283
9083 2764
2133 9351
2816 8339
5832 1128
6108 8555
8533 6355
1600 6129
1338 8884
9058 1160
7013 5073
1863 1863
7795 1528
6406 6044
7541 9692
6073 6072
6586 6934
4797 4235
6375 4512
9491 7034
6677 1706
3736 2751
4519 6920
9152 8068
6969 5922
9444 6336
110 3734
5711 3059
3864 9383
324 4998
3447 1200
1754 922
9475 1825
5955 7682
7245 9073
7970 2210
152 572
1837 8899
1975 5138
1442 4123
8279 1933
9608 7008
4397 148
4601 5413
7124 4961
2434 5765
6460 2791
5349 1739
7317 9276
3469 4551
5120 391
8298 937
7556 772
4717 7419
3770 2542
2880 9973
3833 281
5684 5491
9783 3772
6021 3948
5224 8134
8979 1587
9317 4671
652 256
3644 9608
6630 396
6164 3431
7198 3655
4812 5852
4346 9992
6178 4932
9993 6745
1348 4871
4111 3070
202 2349
766 783
7489 3996
6401 1386
1523 4055
6148 5636
4927 1132
4075 8133
6556 6887
1392 4084
5878 2273
7617 9859
6047 7345
3954 7987
7974 5239
6748 5392
7317 229
1192 9007
3033 9622
7822 3532
9529 2345
8314 361
6423 8298
519 8254
4042 352
3533 161
670 4472
6695 527
4325 6478
9016 8700
3633 7240
8354 1311
9172 1227
8208 7970
9737 6520
4736 3750
1021 8905
4802 7944
4949 9321
420 3743
5638 8996
1623 8422
683 6866
3203 3971
6520 192
1989 5009
9330 5126
6681 3727
3453 6760
4540 1503
1519 610
5185 3068
2541 7405
3001 4217
5500 5288
8520 3785
9908 4861
7679 3919
3752 3510
6074 6491
3687 1077
7898 8823
4978 3741
3367 2337
9435 9880
3129 4537
218 3662
703 3754
9508 6845
7957 1212
1965 8791
6694 3267
9849 1650
384 2830
6619 8997
935 3170
8818 6231
2725 85
9431 4349
8445 9199
816 8068
4311 6284
7563 3094
7656 9215
1147 1279
4158 3829
10000 6964
4774 3292
4174 2462
6770 9530
1192 9578
4896 1821
2086 1523
3281 9473
8917 4255
1596 4763
2901 4905
9843 4766
5819 9699
6523 2405
2762 9433
5569 2846
1619 2746
3401 16
2425 5188
7624 9865
397 4191
3604 3541
1718 797
2501 4403
8748 6404
4053 7275
1323 4902
8307 8695
9494 531
9193 4105
7990 5590
8810 5420
6082 2949
4058 4828
8012 9942
3529 4358
8598 8708
4700 2131
4059 9014
8656 1949
8288 8997
9476 7039
9328 5377
207 2066
2494 2931
8754 3194
5098 9899
2730 3126
3458 1410
1545 2501
7927 1159
1102 7232
107 5290
305 9403
7308 2800
2407 8403
5926 5891
9028 2041
1416 5896
5350 4170
6618 6210
4131 2084
6553 1406
4760 9255
3917 4353
9648 8944
3525 2077
1741 1032
1037 932
3496 5321
5457 5045
656 9296
7252 7380
9631 2757
6173 4530
6123 8399
8146 510
8873 999
2820 5257
7513 115
337 176
8393 1378
5435 1414
1639 5606
7200 2986
6625 5257
9756 4197
8577 8829
4465 1524
6520 5002
8575 6094
484 2561
8093 4095
3331 1549
3556 9995
6326 7064
2620 7622
1155 7017
4992 6111
5917 9928
6371 2336
5701 8257
7700 9554
7976 1954
8985 8222
4640 8537
8833 2604
4104 787
4285 5478
9403 8653
2598 5216
8839 4963
9359 8885
153 4340
3515 1443
9646 4306
7026 7516
4815 6352
4538 2759
8308 4112
106 3220
4248 6361
8689 9951
6391 3395
6714 1273
9387 7773
3606 8349
5355 893
3533 8195
4275 6079
8655 4752
7518 5244
6182 2186
4730 2659
842 5180
8879 8028
6577 6775
3370 1477
4226 7586
7315 7429
421 7900
8029 1775
9046 8967
5733 6687
2730 517
403 1922
9200 5223
92 5871
7502 1016
3719 9788
5135 4135
7390 8693
2147 7588
5008 666
9356 7108
2930 9357
3766 4753
4564 6226
7961 7254
8642 8945
4682 8792
8501 3782
5977 125
5098 4736
1309 8004
2260 3568
3523 4814
3484 9610
8017 4449
7618 8057
1783 4173
4 2507
218 2004
7579 2773
4126 7790
5998 3921
9901 360
5838 4269
6830 7004
9633 1566
2758 7054
6776 6927
1688 384
2077 9586
9029 9927
6686 6475
4355 5434
9456 6812
9150 854
601 8879
9960 187
488 842
6584 4983
499 3638
6075 7276
278 1034
4786 2278
897 7003
4361 9003
7588 4640
2875 6173
8882 581
4363 3226
3157 7342
174 4105
3766 284
5812 9285
6589 4133
932 9523
6105 6087
8244 5101
3261 446
9292 4152
1588 1624
5103 5318
3799 5668
1379 7090
5429 5029
7526 2030
1463 456
3508 4013
3911 8228
1913 5023
8321 7857
9697 1623
5226 2127
3669 663
9707 2813
2508 5248
909 2699
9758 6128
4740 3127
6414 9256
9910 7666
7019 5268
6367 6156
5971 2986
9446 3476
7850 4544
5787 8438
6999 9580
5527 6975
1897 4953
6481 5478
6486 3018
9347 1364
9720 9383
7177 8867
4339 2326
431 2321
7104 5536
3360 1277
685 7549
7248 6635
4028 6196
7569 6681
1227 6210
7415 3850
5453 8419
715 558
3586 7071
4308 9088
5257 8365
5042 5885
9258 9529
9598 9324
3973 803
736 4568
4643 5443
9625 8597
1882 1701
3448 1146
603 5890
5694 5297
5850 5706
8013 2585
4475 7591
4625 2331
2074 1201
8472 7795
3808 9227
755 9366
2252 22
113 2988
3212 3463
7035 3403
8812 4178
572 6570
6645 2908
7579 8846
5441 669
2654 9897
3872 1529
1220 8924
7400 5964
7830 7707
956 2147
3768 4636
5706 3907
7613 9463
4054 3809
9846 7281
4924 6631
1287 7696
8148 9387
6668 9199
2902 3398
5754 1878
6914 2987
9385 7988
2653 7350
7940 534
1511 4781
3147 693
1312 9175
1644 9038
9842 8562
9564 8263
4523 998
1932 8397
4718 6505
5346 7062
8849 374
8435 8008
2678 9333
6860 366
2875 7567
8872 5927
4899 6492
6905 9962
2866 8331
2174 8921
82 2919
1767 6880
7297 614
1399 4617
9862 721
2089 3550
6646 5347
2374 8538
1235 7078
7150 7269
6261 9700
3413 3117
6610 8604
4696 8166
9032 2271
1822 2735
7351 9010
9277 1283
4339 417
7114 3966
7549 2334
4682 1240
8585 7633
7768 5636
3833 5034
6242 9104
8523 7196
74 2069
9516 7017
3702 3155
7426 7052
1156 3052
8543 4777
9270 4778
9589 4703
9876 2910
8874 137
5912 1678
988 5628
8806 7385
518 267
1496 2902
4234 1434
8048 575
8248 4559
3973 5276
3655 4722
5655 1669
8995 7581
7179 855
1731 413
9329 967
9326 2131
9660 3405
2957 9187
3541 9305
8367 683
6589 8272
1967 3174
1034 7444
2181 2125
5316 8608
4217 8660
4841 1693
1440 8193
2915 1519
1150 7637
5420 7872
3402 9134
9452 5599
7919 8076
3484 976
9023 6752
2677 4336
2171 9452
1120 4879
1252 3009
4681 2325
5393 5003
7076 3819
9917 643
1813 5829
5596 4519
4963 7316
8605 7211
3905 2812
5693 4436
9229 5778
8980 7241
6652 4323
8819 2302
6095 4288
864 5145
4229 9218
2449 9912
5094 8301
8514 8096
6456 7761
7584 4834
5124 817
1730 6446
1608 2141
2706 7034
816 959
2481 2946
1105 9545
3494 9739
334 8200
5845 3314
2046 4143
4249 3134
4677 219
9872 7063
3650 6038
9991 3227
8677 9303
544 589
6974 7506
1748 5125
7482 2009
5895 6981
4879 8771
2304 9084
6423 7247
1958 360
6862 5289
4099 7270
3475 9551
6989 2325
2307 8063
8673 5089
1485 9853
3088 7791
8332 4580
3538 7761
3829 2819
2756 7423
5928 7704
6877 9591
3727 3469
4987 5340
5224 4123
8513 7227
6379 5119
6530 6586
1672 3115
1106 1506
800 3330
8740 8348
1214 7644
3921 6691
3448 6578
7846 3805
1123 9743
3071 8329
328 3827
9708 7067
2492 8859
9465 7993
8138 5792
787 2165
9170 5939
4361 9604
9624 8709
5773 1975
6911 1892
8770 9105
7097 6400
7038 9080
7115 4449
2280 5121
4703 1878
7733 9556
878 330
4964 2971
3742 5739
3738 8232
5707 84
5170 5119
6829 3172
1325 6959
8962 6523
627 9108
2132 8894
7125 6707
6843 4214
6329 4172
1775 3291
9961 2395
5689 964
7885 4685
271 8096
2761 6242
9146 4525
5221 2687
8563 1713
3820 8265
4599 9422
8661 224
9570 2849
875 514
8807 1464
8545 6801
5241 6934
4438 1986
8657 7959
7276 1366
48 6085
333 8930
1321 3669
6512 2224
594 7190
5620 3301
4838 3144
2397 4415
