800 2 400 12 1122
348 452
7521 8305 7911 8695
8373 9163 2954 3744
6944 7748 8104 8908
5398 5595 6306 6503
1461 2255 9230 10000
4966 5548 4547 5129
3195 4109 6651 7565
4658 5514 4870 5726
9738 10000 9434 9794
6983 7444 8389 8850
5334 6147 5964 6777
5030 5794 3576 4340
8210 8672 4308 4770
5286 5449 6399 6562
8834 9826 5382 6374
3074 3496 6272 6694
9442 10000 9264 9827
6164 6615 4122 4573
1324 1559 8155 8390
825 1885 5815 6875
3038 3967 4540 5469
5398 6470 3990 5062
745 1226 1793 2274
7853 8100 3442 3689
7409 8345 7312 8248
4737 5241 3964 4468
1564 1646 8967 9049
7793 8535 0 517
2361 3190 6167 6996
7485 8345 6007 6867
978 1766 9426 10000
5139 5645 3064 3570
2112 3058 4692 5638
5813 6196 4318 4701
7397 7733 2121 2457
7261 7590 6439 6768
6815 7741 2621 3547
3494 3960 8500 8966
6428 6718 9144 9434
6689 7126 8498 8935
6449 6926 4297 4774
4156 5156 2186 3186
8849 9394 9494 10000
1013 1801 5542 6330
6586 6980 7995 8389
6486 7330 6023 6867
4831 5612 6776 7557
2391 2873 8137 8619
4105 4182 5476 5553
7085 7921 5463 6299
8716 9271 1679 2234
1420 2416 9195 10000
6723 7499 54 830
541 1010 2809 3278
140 191 8119 8170
9246 9478 2914 3146
5966 6101 1523 1658
1706 2576 3725 4595
1064 1447 2639 3022
8665 9078 9373 9786
1546 2563 5871 6888
2315 2317 1957 1959
5489 5819 2654 2984
118 235 3523 3640
9391 9392 8741 8742
8950 9708 4075 4833
1963 2015 9191 9243
6525 6744 4715 4934
2080 2134 515 569
1655 1837 7916 8098
5197 5961 6334 7098
9079 9620 7595 8136
6622 7348 8221 8947
485 827 957 1299
6751 7872 1375 2496
7771 7888 1333 1450
7347 7620 2254 2527
0 241 7773 8377
9312 9971 6330 6989
7434 8374 6189 7129
6107 6603 1019 1515
345 1021 7420 8096
8032 8693 6203 6864
3093 3547 484 938
6035 6049 5118 5132
679 1716 2296 3333
7651 8389 0 738
725 1788 8251 9314
5600 5810 3614 3824
6205 6771 4831 5397
6997 7576 3636 4215
5691 6221 0 223
7637 7957 4052 4372
9627 9689 6524 6586
0 292 8714 9070
9582 9964 9540 9922
8771 9177 2178 2584
1186 1312 8889 9015
3416 4269 1395 2248
1117 2169 5248 6300
7709 7964 9779 10000
4823 4855 3523 3555
5361 6212 2707 3558
2714 2717 815 818
4518 4902 6410 6794
4532 5005 1727 2200
8502 8648 3938 4084
5613 5948 2336 2671
5864 6329 8568 9033
8799 9796 7855 8852
9149 10000 5018 6094
90 245 6879 7034
7036 7113 4261 4338
5771 6521 5449 6199
1456 2157 3232 3933
9182 9835 8376 9029
5262 5463 7457 7658
5963 6761 6533 7331
5247 5272 2563 2588
1195 2218 8932 9955
1936 2375 7865 8304
4275 5015 802 1542
4963 5410 3618 4065
6055 6870 3382 4197
1855 2334 1495 1974
540 594 702 756
5507 6352 3168 4013
3046 3176 4318 4448
6643 7720 6184 7261
8987 9539 1783 2335
4660 4744 9735 9819
5874 6072 7253 7451
4533 5011 3391 3869
4048 4966 1960 2878
9742 10000 1419 1913
4173 4431 1947 2205
5980 6748 2615 3383
1887 2661 8474 9248
1055 1890 4782 5617
7627 8499 6427 7299
9406 9536 479 609
0 266 318 621
4005 5006 6627 7628
598 645 7157 7204
8190 9227 6406 7443
3867 4473 3716 4322
745 1135 802 1192
8205 8772 3148 3715
0 613 1010 1877
7027 7404 3863 4240
51 246 5213 5408
3384 4231 7339 8186
3553 4296 9396 10000
1738 1949 7676 7887
5855 6922 5902 6969
5354 6069 4021 4736
9081 9570 8120 8609
9167 9600 68 501
9305 9818 111 624
2110 3148 8077 9115
2874 3603 236 965
1822 2359 6843 7380
1878 2297 2270 2689
4723 5019 5703 5999
7460 7988 1914 2442
3227 3904 2341 3018
7019 7856 405 1242
1488 2413 3820 4745
1440 1466 8406 8432
2204 2814 7771 8381
4827 5036 831 1040
8328 8652 2941 3265
1598 2345 3719 4466
7165 7512 7239 7586
1108 1154 9893 9939
2418 2989 2319 2890
786 1519 1484 2217
4045 4728 1001 1684
1872 2590 1255 1973
4252 4292 6140 6180
1062 2020 3754 4712
9298 9889 8490 9081
2071 3045 6515 7489
1264 1490 5454 5680
9192 10000 1743 2717
7736 7965 4334 4563
5428 5924 5979 6475
5014 5467 336 789
8088 8318 7412 7642
793 1351 9719 10000
871 1326 4189 4644
6058 6623 2160 2725
8996 9981 6264 7249
7702 7734 7016 7048
9572 10000 6965 7419
993 1668 4266 4941
8366 8529 540 703
1843 2841 8601 9599
8671 8856 4238 4423
8629 9354 3340 4065
1317 1455 9032 9170
2511 2884 7605 7978
9131 9496 1305 1670
3676 4682 413 1419
9396 9440 8699 8743
7465 8071 2150 2756
3161 3923 4467 5229
2912 3749 3466 4303
1566 1755 9789 9978
378 1006 9306 9934
4961 5359 946 1344
3127 4129 5904 6906
3560 4050 364 854
4915 5834 6254 7173
2042 2311 7804 8073
8158 8882 2727 3451
3927 4182 9770 10000
8276 8339 7113 7176
7735 8245 1612 2122
2627 3208 5662 6243
5083 5090 5097 5104
8428 8662 915 1149
5776 5946 2238 2408
9772 10000 0 151
2811 3782 6584 7555
4916 5313 6541 6938
5445 6399 3804 4758
3104 3614 4623 5133
8152 8175 3120 3143
5435 5884 9782 10000
4354 5207 0 740
4459 5438 6952 7931
3901 4862 5056 6017
384 1234 6239 7089
9170 10000 6222 7178
9402 9878 5099 5575
2062 2230 6785 6953
2327 2385 4448 4506
9764 10000 6915 7200
121 957 2894 3730
8127 8693 5943 6509
2966 3612 4182 4828
6580 7069 9248 9737
4611 5210 6704 7303
8271 8461 3072 3262
8459 8484 6200 6225
4003 4444 7556 7997
7835 8365 4953 5483
3533 4158 865 1490
9595 10000 2551 3104
2600 3364 3178 3942
3980 4154 6617 6791
5022 5238 1837 2053
340 1096 3868 4624
8782 9326 8785 9329
4310 4330 9419 9439
3734 4773 7724 8763
7925 8472 87 634
8976 9103 4754 4881
7329 7343 8161 8175
224 694 8225 8695
5562 6508 7682 8628
3705 4210 8451 8956
4605 4801 2258 2454
1645 2552 5885 6792
3478 3750 6474 6746
7500 7951 895 1346
7524 7956 1010 1442
7519 7798 5698 5977
2749 3636 6357 7244
9061 9453 2137 2529
5572 6085 2079 2592
2935 2951 666 682
4466 4732 593 859
5868 6867 4365 5364
8543 9087 6682 7226
8574 9038 3294 3758
6828 6898 5150 5220
527 1263 0 683
6948 8020 4036 5108
7072 8027 903 1858
6258 7351 2943 4036
3929 4736 4900 5707
1677 1715 922 960
415 1301 3342 4228
6875 7096 2242 2463
1644 1895 2420 2671
5549 6266 9077 9794
7584 7712 2898 3026
1295 1319 7301 7325
2603 3132 7571 8100
7071 7133 842 904
6475 7401 4163 5089
6550 6704 8139 8293
4482 5583 2602 3703
6419 7047 357 985
3709 4596 7180 8067
5671 5916 7616 7861
1313 2304 7329 8320
1576 1917 290 631
9662 10000 8141 8609
988 1162 3186 3360
297 671 9527 9901
1861 2097 6443 6679
5886 6887 2019 3020
1484 2255 5009 5780
365 729 9677 10000
1129 2146 4145 5162
143 1081 593 1531
3460 3660 717 917
4280 5213 2013 2946
7047 7169 9122 9244
7264 7688 6016 6440
3849 4175 511 837
3672 4144 1671 2143
1896 2103 3982 4189
7146 7816 8785 9455
7174 7957 1591 2374
7783 8461 3506 4184
3863 4451 3770 4358
7990 8432 1389 1831
2174 3230 4383 5439
4174 5029 371 1226
9294 9580 4014 4300
7193 7666 2864 3337
5384 5954 472 1042
3124 3411 7343 7630
951 1941 8520 9510
3468 3991 8664 9187
8986 9041 6937 6992
4344 5139 4212 5007
5453 5833 9082 9462
5670 6252 1773 2355
83 300 4232 4449
6522 6687 3589 3754
3324 3998 4510 5184
1550 2571 5423 6444
4161 4162 7678 7679
414 1235 749 1570
1112 1940 3364 4192
6820 7719 6691 7590
7696 7849 214 367
2829 2879 6317 6367
3045 3074 3696 3725
5116 6124 8004 9012
1419 1576 9041 9198
1427 2254 4639 5466
6092 6156 6537 6601
5258 6245 1143 2130
7944 8136 1733 1925
1349 2002 1418 2071
4547 4994 180 627
0 731 9234 9990
7890 8043 4794 4947
9522 10000 199 815
3322 3472 106 256
2310 2640 1034 1364
8301 9364 5322 6385
213 959 8862 9608
964 1229 867 1132
5616 6661 523 1568
7300 8405 6761 7866
3449 3796 4168 4515
4566 4830 94 358
1638 2612 6909 7883
2407 2509 9585 9687
1243 1788 1122 1667
3529 4627 5790 6888
4144 4329 6759 6944
1573 1900 6698 7025
1287 1871 5968 6552
79 1000 1741 2662
4245 4785 6266 6806
8240 9292 8375 9427
3435 4036 2299 2900
7906 8701 5416 6211
9424 9878 6144 6598
3901 3983 4491 4573
5097 5178 4089 4170
2960 3359 7448 7847
8458 9054 7444 8040
9372 9436 7481 7545
4748 5002 868 1122
549 1110 8613 9174
7764 7960 6055 6251
9625 10000 5474 5910
4084 4228 8572 8716
6153 6340 9590 9777
7293 7922 5430 6059
602 741 3379 3518
6207 6470 6350 6613
8029 8593 6141 6705
2484 2536 4029 4081
1156 2094 2822 3760
490 1365 5408 6283
8198 8377 9551 9730
6153 6892 399 1138
1771 1839 0 63
2065 2801 1676 2412
2899 3688 769 1558
1976 2191 2643 2858
0 550 9105 9941
5549 5825 7031 7307
4799 5921 5055 6177
6191 6840 8916 9565
2859 3376 2866 3383
2905 3345 7290 7730
8419 9464 5357 6402
6408 6779 5517 5888
1294 1961 1636 2303
5588 5843 4557 4812
7253 8122 5393 6262
6996 7292 3798 4094
4770 5118 9437 9785
250 488 4449 4687
4895 5637 5227 5969
6202 6292 3551 3641
7602 8624 3170 4192
5585 5682 6787 6884
2492 3495 2165 3168
1010 1999 7604 8593
6043 6753 5731 6441
2922 3925 0 624
5833 6444 0 507
0 440 213 1012
3440 3726 4320 4606
9714 10000 719 1631
7344 7734 6136 6526
6106 6404 1172 1470
1620 1717 7249 7346
6272 6327 5691 5746
1290 1480 9744 9934
3124 3284 2090 2250
502 978 9928 10000
8809 9008 3012 3211
1290 1461 6830 7001
8292 9192 8244 9144
1092 1680 3493 4081
2509 2588 6211 6290
7090 8012 9728 10000
6028 6088 231 291
4523 5206 1858 2541
6443 7074 5751 6382
5655 5965 7403 7713
5821 6905 2131 3215
5868 6887 4479 5498
6196 6824 8500 9128
219 1272 3096 4149
7657 8017 2472 2832
6709 7303 3159 3753
5720 6618 0 597
6661 7040 8032 8411
8172 9191 8045 9064
1093 2081 3212 4200
4336 4503 7553 7720
3477 4022 409 954
1078 1199 9728 9849
2013 2515 6454 6956
684 1013 9844 10000
4539 4629 3672 3762
2570 3254 5739 6423
5440 6416 766 1742
4326 5415 728 1817
6288 6777 5402 5891
4140 5054 728 1642
4287 4796 6799 7308
5088 5216 2878 3006
7655 8176 4171 4692
5338 6421 3798 4881
1180 1567 7555 7942
1539 1864 6001 6326
2434 2676 1680 1922
5712 6709 2501 3498
8821 9647 8817 9643
363 1020 1023 1680
8643 9613 4280 5250
974 1806 6050 6882
1715 2825 1894 3004
4030 4258 2945 3173
448 690 8286 8528
8417 8829 1497 1909
2330 3100 7313 8083
6829 7646 1218 2035
85 788 9695 10000
4012 5046 1456 2490
8783 9732 4129 5078
6662 7760 5827 6925
1801 2666 8648 9513
5573 5707 9641 9775
2369 2474 6722 6827
2993 3765 2040 2812
169 956 353 1140
8640 9420 2802 3582
1671 1796 2427 2552
8458 9486 0 809
1472 2154 3063 3745
4870 5654 2519 3303
0 662 309 1232
1153 1612 4060 4519
6049 6872 4017 4840
5061 5604 7995 8538
1663 1821 1002 1160
5442 6468 5490 6516
4094 4882 1738 2526
7859 8699 5166 6006
8522 8954 6423 6855
6311 6436 2082 2207
2957 3876 3143 4062
2022 2692 7088 7758
6206 7025 1445 2264
7316 8236 3492 4412
4897 5679 260 1042
8493 8892 5863 6262
3587 3718 7886 8017
297 342 8653 8698
612 970 6751 7109
5883 6656 7553 8326
8103 8510 8772 9179
2961 3596 5450 6085
0 292 5683 6629
4019 4500 9046 9527
0 369 9059 9451
7532 7554 1532 1554
4041 4138 6581 6678
2081 2915 6309 7143
5020 5575 9253 9808
0 439 7894 8815
5006 5187 1581 1762
8228 8544 6588 6904
4402 5486 1960 3044
4485 4765 1908 2188
8867 9982 9352 10000
9722 9895 402 575
1021 2017 7972 8968
4387 4619 4343 4575
8436 9451 661 1676
2962 3081 896 1015
1527 1913 5534 5920
4134 5046 0 386
464 523 4891 4950
8309 9359 5912 6962
1289 1856 9229 9796
5090 5302 3362 3574
8748 9233 2026 2511
5409 5745 1032 1368
7202 7662 2322 2782
437 794 3576 3933
160 341 1243 1424
2469 2983 8463 8977
0 562 358 1160
988 1247 7941 8200
1633 2730 4052 5149
1940 1989 2048 2097
7058 7982 6675 7599
7223 7492 8484 8753
3680 4113 1040 1473
3776 4094 877 1195
7991 9050 3150 4209
7353 7692 3277 3616
564 1384 4324 5144
4697 5522 4615 5440
5840 6681 1838 2679
449 528 7040 7119
2166 2361 3467 3662
7660 8651 6318 7309
7622 8429 259 1066
3038 3918 3849 4729
27 131 9402 9506
3879 3959 8987 9067
9628 10000 79 940
981 1568 4659 5246
9007 9971 6984 7948
719 1372 6760 7413
616 1432 6741 7557
6525 7403 8849 9727
4071 4505 1832 2266
3269 4156 6393 7280
1371 1982 5313 5924
2738 3443 523 1228
6008 6707 2724 3423
6523 7174 8646 9297
3071 3987 3675 4591
2638 3558 4416 5336
3550 4109 8744 9303
5168 5723 8915 9470
9145 9838 8272 8965
9451 10000 0 439
3623 4042 0 289
4003 4412 82 491
648 781 5629 5762
1580 2152 6514 7086
2080 3151 4856 5927
1620 1884 8964 9228
8693 9476 6321 7104
9855 10000 1076 1556
340 1019 7859 8538
57 951 0 340
5047 5056 992 1001
778 1636 8593 9451
1936 2340 5355 5759
3296 4188 1921 2813
1386 2385 4361 5360
1234 2234 6118 7118
2149 3075 2845 3771
8460 8868 1186 1594
1125 2025 8913 9813
5003 5224 1354 1575
6448 6809 4788 5149
8058 9172 9152 10000
2226 2777 7512 8063
1147 2106 7090 8049
6571 7490 7083 8002
3709 3985 6593 6869
7218 7539 4190 4511
2706 2752 5004 5050
7352 7444 81 173
9093 9620 8467 8994
7733 7916 8776 8959
0 543 393 1407
7129 7797 5976 6644
7294 7793 4493 4992
1724 2776 5944 6996
1999 2414 7810 8225
6768 7754 4303 5289
9 664 7990 8645
8107 8226 9830 9949
1916 2446 1372 1902
6750 7848 4350 5448
640 742 2639 2741
4747 5611 8827 9691
4920 5952 4054 5086
943 1126 6982 7165
1449 1968 7325 7844
2339 2856 1935 2452
3640 3979 6420 6759
5724 6390 2195 2861
6033 6686 8687 9340
7552 8274 2947 3669
8307 9406 6130 7229
888 1241 6933 7286
9699 10000 7489 7809
8350 8870 6263 6783
5264 6067 9489 10000
9099 9593 1408 1902
626 1164 4530 5068
3493 3864 596 967
1831 1862 7638 7669
3125 3781 2043 2699
7194 7446 6685 6937
5800 6195 5893 6288
4459 5426 6963 7930
5620 6580 1101 2061
8247 8445 5865 6063
4783 4822 2170 2209
57 305 1851 2099
4844 5121 9553 9830
7748 8439 5886 6577
3047 4107 7227 8287
2578 3510 1073 2005
4128 4983 1063 1918
1976 2301 305 630
9367 9625 1579 1837
6565 7499 1946 2880
7770 7800 7639 7669
7705 7828 6001 6124
4354 5308 931 1885
3912 4770 6385 7243
308 1033 5271 5996
3116 3980 8629 9493
5961 6050 4217 4306
0 958 5791 6759
5781 6469 1447 2135
5224 5243 348 367
2075 2448 4463 4836
5577 5726 4358 4507
6196 6573 566 943
6219 6654 7131 7566
1947 2141 7134 7328
3911 4108 1214 1411
3643 4165 8473 8995
1071 1291 3877 4097
1028 1033 6180 6185
5059 5397 2949 3287
7833 8706 4740 5613
2541 2738 5462 5659
5099 5491 3733 4125
7764 8139 2921 3296
4580 5536 2768 3724
6507 7049 5556 6098
3552 4254 6977 7679
3590 4650 4696 5756
8836 9472 4193 4829
2492 2992 2853 3353
4325 4816 4401 4892
1567 2635 7478 8546
201 1323 7330 8452
9315 9894 3801 4380
6549 6941 9006 9398
3852 3876 1057 1081
5712 5863 5315 5466
575 1225 6499 7149
938 1668 4475 5205
5913 7035 4228 5350
3254 3648 4936 5330
5424 6034 5455 6065
8081 8447 5410 5776
3128 3997 7509 8378
1868 2586 1802 2520
1611 1823 395 607
8067 9045 7607 8585
1215 2243 0 705
9087 9850 6775 7538
8605 9081 2297 2773
8454 9063 8610 9219
4641 4676 1643 1678
1853 2964 7831 8942
313 1029 984 1700
7873 8352 6975 7454
5731 5868 2187 2324
6369 7284 57 972
1765 2202 2838 3275
2577 2680 6128 6231
8907 9456 6931 7480
918 1430 6348 6860
4886 5875 5295 6284
30 123 4432 4525
7758 7873 8415 8530
8770 9280 827 1337
5911 6970 2857 3916
6744 7809 2906 3971
9012 10000 876 1952
415 1369 2140 3094
1658 1743 7656 7741
9567 10000 8825 9692
8975 9382 2698 3105
5563 6032 2813 3282
7035 7829 7822 8616
7528 8153 9383 10000
1527 2408 7620 8501
9 47 3922 3960
5332 5381 9214 9263
5000 5736 1877 2613
3522 4577 8669 9724
1721 2630 8473 9382
6261 6456 5807 6002
371 1018 9536 10000
7061 7181 6232 6352
6218 6271 4309 4362
0 201 5763 6163
5814 6084 0 114
4559 5140 2076 2657
7065 7670 6757 7362
4690 5126 2323 2759
9287 9622 306 641
7395 8493 9332 10000
7127 7915 2722 3510
2724 3823 2831 3930
1498 2013 461 976
1997 2460 7172 7635
5081 5370 9153 9442
6911 7915 5399 6403
4229 4804 6961 7536
3853 4341 0 402
2649 2852 7614 7817
2997 3076 760 839
9437 9600 6666 6829
0 167 3654 4249
3974 4814 8032 8872
7943 8332 9481 9870
8244 8593 7792 8141
4532 4854 5176 5498
4964 5547 7533 8116
2210 3163 5257 6210
544 889 6949 7294
7981 8351 5342 5712
3371 4431 7006 8066
3139 4062 7188 8111
846 1298 973 1425
1398 1542 9642 9786
5585 5684 7939 8038
1182 1233 9807 9858
7340 7774 4988 5422
4689 5393 4290 4994
2931 3057 9671 9797
6823 7214 4712 5103
6028 6271 1162 1405
3682 4112 6266 6696
547 863 2899 3215
3199 3648 8330 8779
6794 6982 3434 3622
6673 6887 8943 9157
0 610 249 1013
8612 9363 3496 4247
1926 2266 7650 7990
5510 6111 7437 8038
2693 2898 2991 3196
8544 8633 4900 4989
1848 2645 3823 4620
1057 1057 7583 7583
1580 2481 6653 7554
8089 8660
9162 3195
7417 8877
5507 6448
2142 9855
4973 4592
3949 7480
5087 5692
9821 9664
7401 8663
5996 6618
5608 4112
8320 4739
5442 6399
9726 5831
3454 6324
9670 9383
6241 4550
1491 8373
956 5900
3452 5279
6032 4205
769 1949
8055 3572
8309 7516
4943 4152
1589 9048
8004 493
2960 6855
7537 6355
1085 9849
5613 3456
2893 5453
6082 4417
7437 2216
7424 6580
7480 2943
3779 8847
6649 9233
7103 8572
6732 4656
5050 2992
9344 9571
1387 5644
6697 8114
7196 6081
4836 7131
2808 8561
4116 5494
7231 6032
8869 1772
1942 9258
7359 294
737 2869
165 8131
9412 3044
6038 1572
2075 4267
1285 2734
9002 9785
1864 6782
2315 1957
5536 2773
131 3523
9392 8742
9271 4213
2012 9240
6742 4733
2123 523
1671 7985
5516 7091
9094 7634
6660 8627
821 1202
7208 2316
7791 1334
7434 2320
173 8062
9534 6718
7684 6652
6296 1254
876 7473
8439 6263
3449 674
6046 5132
1661 2695
7809 683
1066 8891
5604 3748
6763 4932
7503 3978
6220 54
7820 4231
9663 6532
270 8797
9587 9670
8780 2327
1280 8896
4235 1708
1988 6230
7763 9992
4835 3533
5679 3240
2714 817
4706 6679
4647 2199
8637 3950
5665 2667
6205 8685
9219 8271
9561 5372
128 6981
7099 4297
5882 5494
1591 3730
9780 8646
5461 7582
6104 7285
5247 2582
1209 9391
2073 8106
4638 1017
5409 3925
6807 3524
2292 1850
574 732
6236 3931
3083 4402
7199 6737
9091 2153
4707 9781
6039 7339
4893 3407
4529 1966
9817 1828
4412 1975
6442 3344
2563 8598
1869 5266
8457 7275
9505 601
94 378
4045 6995
618 7171
9003 6423
4267 4134
927 977
8635 3589
512 1177
7345 4047
173 5220
3770 8089
3601 9829
1886 7791
6891 6262
5680 4513
9282 8346
9522 130
9308 481
2255 8644
3029 491
2284 7104
2254 2452
4875 5944
7809 2377
3557 2733
7360 1158
2263 4129
1453 8409
2441 8003
4882 950
8491 3210
2196 4084
7439 7316
1141 9921
2636 2486
1476 2035
4093 1323
2460 1801
4277 6158
1120 4185
9412 8938
2791 6676
1372 5614
9742 2161
7921 4489
5759 6021
5430 716
8174 7572
1061 9848
1289 4606
6227 2491
9861 6847
7720 7045
9844 7278
1270 4875
8416 692
2234 9578
8704 4274
8690 3698
1335 9109
2649 7828
9429 1564
3863 1392
9437 8699
7949 2703
3881 5171
3546 3521
1587 9950
577 9511
5169 1160
3722 6043
3989 687
5279 7105
2103 7865
8262 2763
3963 9771
8279 7150
8079 2079
3095 6217
5087 5102
8455 975
5819 2357
9884 32
3518 6714
5027 6698
6286 4636
3355 4901
8168 3129
5690 9865
5119 142
4600 7059
4454 5135
689 6943
9285 6623
9562 5284
2070 6850
2380 4468
9792 7067
500 2922
8287 5983
3157 4533
6895 9387
4975 7238
8406 3151
8467 6223
4328 7977
7858 5177
3551 1332
9691 3104
2990 3927
4071 6733
5130 1887
884 4312
8801 8950
4326 9430
4538 8557
8469 554
8982 4795
7343 8166
420 8588
5856 8352
3710 8950
4728 2440
2160 6298
3671 6563
7735 1021
7635 1226
7546 5883
2812 6846
9337 2177
6067 2541
2937 676
4711 750
6238 4761
8811 7170
8647 3549
6859 5193
1218 362
7963 4148
7485 1425
6590 3282
4387 5646
1688 924
508 3649
6961 2456
1838 2443
5974 9637
7595 2914
1296 7319
2724 8047
7123 893
7155 4674
6641 8264
5379 3661
6774 805
4486 7700
5821 7681
1993 8037
1662 376
9754 8161
1121 3314
597 9857
2047 6510
6508 2825
2125 5361
650 9754
1566 4383
1048 1040
3507 844
5069 2876
7147 9236
7332 6435
4109 784
3775 2017
1940 4083
7512 8991
7781 2127
8407 3548
4277 3774
8271 1775
2732 5087
4644 412
9540 4179
7321 2942
5661 537
3142 7376
1562 8982
3592 8865
9016 6987
5074 4485
5473 9086
5680 1893
185 4281
6687 3744
3701 5111
1714 6262
4162 7679
634 1079
1728 3452
7610 6696
7762 248
2872 6318
3062 3720
5243 8112
1571 9196
1599 4873
6128 6541
6155 2071
8015 1846
1818 1574
4606 401
43 9416
7901 4867
9553 292
3369 215
2567 1041
8772 6280
681 9382
991 977
5857 1184
8375 6855
3505 4241
4623 266
2442 7217
2456 9597
1731 1366
3778 5888
4289 6874
1772 6955
1302 6472
175 2053
4611 6382
8518 8906
3870 2876
8666 6207
9799 6205
3927 4504
5131 4140
3067 7530
8906 7714
9427 7507
4884 1007
564 8859
7792 6113
9901 5768
4221 8694
6334 9720
7748 5571
645 3489
6319 6477
8390 6257
2510 4074
1811 3140
534 5455
8306 9566
6421 719
1815 18
2111 2276
3301 960
2165 2690
307 9589
5627 7159
5089 5680
6786 9010
2867 3167
3078 7314
8764 5584
6565 5621
1571 2291
5737 4638
8082 5821
7061 3804
4835 9640
488 4573
5550 5494
6256 3594
8351 4042
5643 6864
2987 2857
1136 7682
6725 5793
3472 21
6343 70
282 372
3673 4358
9860 1325
7662 6484
6189 1313
1700 7271
6304 5691
1354 9772
3130 2233
769 9971
8892 3048
1443 6986
8974 8651
1374 3873
2568 6289
7939 9945
6037 251
4802 2237
6637 6078
5721 7506
6630 3206
6003 4711
6574 8518
1112 3869
7928 2727
7275 3619
5907 256
7012 8059
9187 8889
1365 4033
4377 7657
3615 768
1164 9807
2318 6935
847 9998
4545 3694
2906 5949
5844 1381
4444 789
6315 5854
4644 992
4656 6951
5190 2928
7694 4397
5524 4038
1427 7914
1834 6099
2571 1695
6418 2844
9495 9143
461 1502
9222 4502
1399 6402
2323 2046
4112 2952
623 8408
8660 1643
2705 7637
6847 1367
588 9709
4446 2222
8968 4349
6913 5850
2379 8851
5617 9723
2434 6742
3309 2236
405 792
9010 3047
1734 2452
8758 586
1502 3077
5536 3203
338 630
1451 4206
6633 4787
5295 8304
1674 1037
5450 5670
4100 2012
8545 5657
8684 6585
6337 2157
3299 3147
2468 7713
6829 2237
7655 3869
5347 973
8853 6026
3688 7914
310 8682
630 6838
6259 7658
8340 8865
3517 5734
164 6515
4274 9335
100 9334
7550 1538
4134 6622
2629 7029
5498 9335
402 8724
5062 1642
8351 6713
4897 2220
4541 1983
9956 9752
9894 481
1741 8319
4410 4423
8616 1514
3064 935
1744 5688
5025 85
513 4913
8918 6554
1691 9491
5260 3368
8858 2281
5696 1184
7514 2407
451 3763
189 1350
2518 8665
471 714
1139 8022
1890 4694
1964 2077
7912 6738
7419 8633
3878 1132
3992 1160
8038 3443
7463 3416
918 4516
4723 4640
5955 2637
467 7059
2265 3519
8213 6402
8321 424
3748 4344
72 9476
3904 9029
9970 622
999 4692
9698 7842
819 6873
1172 7263
6543 9578
4137 2125
3868 7006
1613 5397
2769 664
6333 3223
6577 9293
3773 4454
3092 4794
3633 8769
5590 9075
9692 8895
9768 256
3897 103
4116 399
726 5635
1908 6847
2372 5569
1882 9187
8799 6671
9947 1458
806 8129
699 90
5054 1001
937 8853
2054 5386
3892 2584
1578 5039
1350 6215
2745 3190
8774 1405
1441 9283
5194 1560
6761 5149
8736 9332
2746 7558
1558 7471
6929 7922
3777 6770
7236 4201
2749 5007
7420 116
9604 8979
7828 8878
53 867
7544 5984
7764 4879
2683 6309
2134 7884
7339 4525
442 8426
8122 9836
2102 1897
7357 4556
651 2701
5040 8911
5690 4295
960 6984
1462 7403
2712 2287
3779 6465
5912 2694
6115 8774
7564 3428
9141 6521
1215 7048
9779 7564
8665 6301
5584 9569
9142 1468
865 4822
3738 894
1843 7639
3584 2162
7436 6890
6065 6053
5298 7401
6107 1959
8341 6007
4805 2189
303 2088
5013 9783
8309 6156
3172 7631
2909 1602
4763 1370
2222 495
9567 1755
6589 2032
7781 7660
7771 6047
4905 1788
4601 7215
655 5424
3293 9147
5982 4306
59 6753
6330 2068
5235 357
2091 4596
5592 4464
6474 570
6361 7181
2127 7213
4058 1319
3947 8521
1291 3964
1031 6185
5365 3248
8400 5347
2631 5509
5264 3965
7804 3165
4782 3217
6885 5768
4096 7419
4611 5422
9280 4720
2684 2966
4387 4446
1658 7553
1036 7713
9642 3963
6897 9198
3872 1064
5855 5325
765 7073
1502 4533
6527 5007
3362 5042
5622 5961
8364 5595
3596 7667
1922 1953
1710 452
9039 7821
1496 129
9487 6981
8814 2515
8783 8739
4660 1655
2607 7976
319 1223
8011 7007
5752 2311
6511 281
1869 2855
2599 6184
8945 7084
960 6744
4970 5735
79 4473
7812 8428
8971 1045
6267 3078
7638 3032
9632 1514
1073 2515
1661 7688
9999 9410
9133 3061
5677 3044
7262 7969
7843 9448
1657 7708
14 3944
5334 9215
5183 2426
3888 8846
2069 8834
6390 5854
953 9681
7105 6251
6264 4341
35 5793
5925 18
4962 2162
7578 7328
4761 2598
9442 388
7482 9466
7833 2773
3234 3388
1834 466
2091 7260
5175 9198
7279 5695
4537 6965
3891 385
2732 7620
3020 809
9505 6674
83 3924
4333 8434
8157 9753
8266 7954
4800 5272
5444 7777
3108 6174
775 7005
8078 5584
3668 7331
4026 7534
962 1029
1469 9772
5600 8028
1198 9823
7740 5228
5044 4445
2935 9774
6973 4721
6129 1241
4066 6500
766 2960
3323 8566
6933 3513
6869 9006
330 978
8786 4010
2236 7947
6010 7574
2766 3145
8565 4986
2314 4482
1057 7583
2269 7320
