800 174 400 5 2349
3 5 6 2 5 1 2 10 1 5 2 2 2 11 2 3 7 1 2 1 6 2 1 3 4 3 1 5 1 2 3 1 4 12 5 2 3 1 3 5 8 10 4 9 4 2 1 2 6 1 4 6 3 3 6 8 1 1 5 2 4 5 12 7 1 2 1 1 4 5 1 4 1 2 9 6 1 3 9 2 6 1 4 2 5 6 8 3 1 1 7 3 2 5 9 11 5 4 21 4 20 3 1 1 5 16 4 2 7 6 5 6 5 4 1 1 4 2 3 5 3 5 4 3 5 2 2 2 1 2 2 1 5 10 4 18 5 3 7 5 8 10 8 6 9 10 10 2 2 4 1 5 7 1 11 5 8 1 10 13 12 1 1 7 7 1 7 1 13 1 6 1 6 1
5134 6552 24 1442
6483 7583 4552 5652
6398 6863 1815 2280
4436 5906 1583 3053
4294 5164 520 1390
4580 5036 7471 7927
6002 7857 0 906
8244 8335 4978 5069
3621 5086 8210 9675
112 748 3841 4477
2774 4553 6979 8758
6330 8605 2286 4561
6996 7911 5061 5976
5968 7757 785 2574
922 2632 2447 4157
7622 8622 3412 4412
878 1152 9084 9358
7573 8143 6490 7060
0 499 3746 5542
2186 4276 6422 8512
2729 4374 0 1356
8416 10000 7325 9501
6896 7454 1345 1903
3718 4415 4348 5045
9321 10000 2864 4608
7537 8828 4341 5632
5987 7527 0 1331
5680 7251 4235 5806
0 526 5927 7298
5212 5957 2505 3250
6734 7654 6559 7479
2653 4891 7627 9865
2021 3326 1022 2327
6691 7795 4198 5302
1050 1678 1610 2238
3687 4439 5843 6595
3605 3830 9914 10000
0 1752 3047 4885
5086 7009 5969 7892
8501 9834 3576 4909
1446 3657 2086 4297
5926 6442 5116 5632
882 2327 4625 6070
81 1956 5198 7073
1925 2184 4035 4294
211 609 8638 9036
2144 2747 4304 4907
2552 3290 7795 8533
0 889 2000 2958
6558 8754 8500 10000
4813 5809 6676 7672
1535 2296 4535 5296
2391 4292 2668 4569
6420 8677 477 2734
1856 2160 5967 6271
0 1445 944 3157
3424 3656 1485 1717
328 984 4230 4886
6735 8735 1826 3826
5477 5567 7409 7499
2304 2976 1696 2368
2031 4158 4611 6738
4448 6674 5645 7871
5739 6430 831 1522
4420 6431 8409 10000
8041 10000 0 2075
1777 3866 8931 10000
4547 5291 5308 6052
0 1269 1497 3499
3039 3941 989 1891
7494 8029 9389 9924
5041 6997 4898 6854
8490 10000 1888 3521
6006 7077 744 1815
7136 7778 3748 4390
8547 9049 3840 4342
2149 3655 1368 2874
7648 7840 9750 9942
5252 6585 2485 3818
5555 6830 5776 7051
5136 5686 8213 8763
6838 8945 1052 3159
724 1796 8698 9770
2874 3353 9180 9659
5582 7882 4896 7196
9367 9936 977 1546
1031 2083 9376 10000
580 1077 9211 9708
1364 1410 847 893
7419 9168 5804 7553
4409 6137 1146 2874
1471 3343 2207 4079
5197 6335 0 1129
2726 3348 7023 7645
5797 6917 2966 4086
9488 9979 0 403
9075 10000 6854 8102
2588 4694 1701 3807
9396 10000 4868 5998
3412 3601 3284 3473
0 335 2508 3208
5847 6962 0 1080
3136 4104 5269 6237
9150 9354 385 589
8065 8868 8233 9036
2801 5062 4027 6288
1315 3254 1431 3370
1905 1916 9862 9873
7991 8126 4991 5126
3219 3726 4080 4587
2473 4232 0 436
4966 5723 3790 4547
1872 3259 8620 10000
5794 6284 223 713
7488 8355 5018 5885
4241 4775 8113 8647
7849 9183 5816 7150
1366 2072 937 1643
6033 6245 259 471
7922 8464 2811 3353
6264 7541 2794 4071
4287 6215 6878 8806
3388 4129 2631 3372
4381 4598 7757 7974
7821 8222 7367 7768
1187 2552 5870 7235
5509 6789 0 1068
846 2908 2112 4174
9119 10000 0 2180
8563 9348 6021 6806
8793 10000 230 1932
5316 5666 6942 7292
1905 4055 4430 6580
9762 9900 6234 6372
0 1698 4478 6776
2592 3911 5887 7206
1844 3627 0 939
9280 9555 5922 6197
2792 4499 2692 4399
1314 2864 2970 4520
7427 8185 7579 8337
379 1230 7717 8568
6629 7801 1243 2415
2371 3070 4950 5649
1778 3186 4255 5663
8193 9320 3998 5125
5508 7395 2413 4300
3194 4180 3550 4536
6267 7089 2490 3312
8113 8761 4678 5326
3382 5670 6406 8694
8074 8618 2934 3478
3954 6224 4008 6278
0 1004 0 784
7676 9775 8468 10000
7141 9050 3771 5680
6758 7445 7416 8103
1225 2082 394 1251
0 124 3479 5567
2072 3243 7884 9055
1424 1927 8241 8744
786 2744 2507 4465
9475 10000 5844 6452
4389 6065 3687 5363
2146 2834 7186 7874
4903 5196 9572 9865
7779 9845 2044 4110
1457 2742 1136 2421
4978 6662 0 446
8275 9647 8746 10000
5533 5962 7350 7779
2816 3847 9095 10000
1395 2381 9198 10000
8172 8365 5246 5439
1749 1938 2722 2911
7094 8262 0 429
0 1124 5316 6831
2577 4905 4865 7193
7024 9034 5514 7524
2829 4798 0 1315
3492 4983 131 1622
1588 1695 8627 8734
871 1930 3444 4503
3565 5230 0 1198
2494 2883 6304 6693
4006 5936 946 2876
6267 8187 4261 6181
1595 2860 5175 6440
6261 8267 7873 9879
7007 7645 3946 4584
3073 4890 8541 10000
9059 9635 1714 2290
9759 10000 699 1359
8650 9703 8815 9868
6925 8786 1677 3538
6045 8207 8350 10000
977 1996 4567 5586
5684 7763 5899 7978
7568 7899 8553 8884
6833 8817 6886 8870
5871 6717 6248 7094
7249 9231 5343 7325
2660 3831 9343 10000
721 1068 577 924
9167 10000 2495 3733
1602 3784 990 3172
9422 10000 8002 8591
6336 7770 7059 8493
2452 4002 5457 7007
0 801 6547 8078
4015 4423 6803 7211
5068 5669 6413 7014
4124 6072 0 412
7835 9582 3676 5423
0 1119 9751 10000
0 1869 5729 7665
5172 6791 7976 9595
902 2325 122 1545
5179 5853 4006 4680
8474 9185 0 547
3804 4441 9323 9960
9440 10000 8484 9308
7668 9210 3468 5010
7535 9460 7053 8978
7514 7765 6697 6948
3291 3852 2031 2592
828 1598 6963 7733
8346 10000 1459 3281
4016 5043 1188 2215
6646 8704 1852 3910
629 896 1790 2057
7367 8494 1197 2324
5113 6825 8056 9768
2912 4539 996 2623
4083 4814 7544 8275
9211 9236 9916 9941
3421 4817 6895 8291
6795 7164 8942 9311
3047 4894 2742 4589
2123 2255 1457 1589
4246 6085 2456 4295
7333 8239 8165 9071
301 1260 8044 9003
6643 8718 7655 9730
6742 7010 2505 2773
6346 6486 1568 1708
3299 4924 1101 2726
597 1388 3123 3914
7133 7861 1058 1786
778 1635 9697 10000
7468 8246 8096 8874
3689 4351 1838 2500
6561 6771 377 587
8314 9849 6627 8162
7025 7590 2748 3313
1680 3293 7767 9380
1443 1475 33 65
3284 3412 1715 1843
806 1788 8231 9213
4661 6740 4733 6812
3979 6222 0 1272
1445 2423 2041 3019
3139 5069 3025 4955
8718 9523 4779 5584
0 707 3198 5378
7089 8443 0 1048
1027 3211 7002 9186
9627 9726 3422 3521
7788 8855 1740 2807
3063 4747 1873 3557
6868 7964 0 340
9006 9853 1437 2284
1284 3444 2454 4614
4708 5805 2485 3582
1444 2964 5828 7348
2221 3124 2871 3774
1969 3602 3522 5155
2383 4551 1926 4094
4247 4420 4975 5148
1448 3421 7007 8980
1753 3627 8127 10000
0 2162 1525 3842
3377 4272 2782 3677
3047 4052 8210 9215
2939 3600 3275 3936
8326 8941 3911 4526
158 1722 8444 10000
9090 10000 0 144
7032 8959 5483 7410
6523 8086 2729 4292
976 2542 6921 8487
3494 4510 5211 6227
1992 3287 8486 9781
6349 7363 0 536
3557 4098 3722 4263
9347 10000 656 2765
1680 2374 1782 2476
0 1804 0 593
3379 3459 7959 8039
6891 8551 9487 10000
7845 8138 19 312
4789 6441 2841 4493
2623 2952 3749 4078
4089 5747 1144 2802
1285 1510 4509 4734
6910 7742 8726 9558
1279 3333 5120 7174
2786 4035 5053 6302
5395 7666 6978 9249
9455 10000 2393 3516
5398 7718 1165 3485
9364 9771 387 794
0 200 0 1774
3875 6224 8846 10000
7217 8843 1849 3475
1070 2594 3458 4982
8180 9658 5328 6806
0 412 3987 4555
5664 6729 732 1797
7919 9378 4582 6041
0 1464 3232 5456
1040 3265 6400 8625
7387 9433 0 1947
7542 9179 386 2023
499 635 1731 1867
6625 7153 6864 7392
4670 5942 8213 9485
7698 9431 4365 6098
2184 3072 972 1860
5766 7914 1973 4121
4868 6471 119 1722
1541 2527 7293 8279
4562 5581 1838 2857
2930 4579 7532 9181
5537 7537 7469 9469
7063 7244 4104 4285
6617 7882 6008 7273
2455 4368 2090 4003
6622 7422 373 1173
4549 6072 2033 3556
7104 8415 0 284
2371 3967 7209 8805
1300 1882 996 1578
3922 4922 8369 9369
3654 4912 5246 6504
8937 10000 1662 2873
2467 4298 3546 5377
5077 5422 5513 5858
602 2382 5625 7405
5155 5436 1522 1803
404 1545 4405 5546
8121 9912 179 1970
4386 6097 1011 2722
7261 7925 0 530
4833 6441 3266 4874
7874 9108 2255 3489
6478 8428 6260 8210
4287 5105 2448 3266
4395 4648 3656 3909
7981 9246 6819 8084
3978 4199 9886 10000
0 427 1938 4200
3139 3982 0 456
3063 4215 4506 5658
3418 4099 0 584
2960 3190 1278 1508
7511 8725 6972 8186
0 1338 7004 9229
1496 3767 4668 6939
3994 5498 6114 7618
2386 2979 3078 3671
7207 7349 440 582
567 1434 1229 2096
4268 4669 611 1012
9541 9844 7927 8230
2239 4503 3727 5991
5548 5761 463 676
1369 2403 4993 6027
524 964 7727 8167
1566 2160 5033 5627
0 189 1319 1576
3450 3961 2616 3127
7444 9355 2515 4426
4272 5403 7786 8917
7175 9147 0 1610
2999 5076 6628 8705
7824 9750 0 893
0 878 7170 8930
1806 2928 712 1834
4373 4876 6587 7090
4022 5095 1332 2405
5214 5343 2539 2668
8059 8463 8233 8637
3236 4697 8195 9656
9543 9667 1651 1775
0 1232 0 1548
0 346 8702 9458
8388 9142 9122 9876
5081 5535 2404 2858
4216 4851 1025 1660
2469 2630 8243 8404
8193 9549 972 2328
1476 2934 7355 8813
1643 3806 2050 4213
7982 8926 7951 8895
2801 4286 6280 7765
7977 8873 0 389
6875 8074 2044 3243
771 2551 0 880
5511 6150 9660 10000
4218 5626 8665 10000
9698 9822 3403 3527
9594 10000 1517 2206
1996 2779 1492 2275
4048 5343 3734 5029
3288 5228 6446 8386
9681 10000 9328 9917
5169 5289 1406 1526
8705 10000 6978 8388
198 1090 5729 6621
9021 10000 0 1572
3218 3908 878 1568
1351 2091 7687 8427
0 1655 4740 7081
2046 3418 879 2251
534 2406 8687 10000
6425 7165 0 731
5652 7493 551 2392
29 1876 6906 8753
6584 7286 0 211
7510 8542 3186 4218
1258 2772 2143 3657
7647 9320 1973 3646
1573 2406 7248 8081
6118 6407 9036 9325
0 1556 1058 2815
7562 9514 775 2727
3955 4177 2998 3220
9527 9653 1472 1598
0 1286 7973 9598
8348 9408 9940 10000
7615 9124 6510 8019
3713 5150 0 1401
8711 10000 5352 7492
466 2728 3941 6203
9450 10000 0 464
8189 9150 8749 9710
6744 7052 2848 3156
2352 3287 1791 2726
6013 7198 7393 8578
7463 7730 2544 2811
2826 4561 6429 8164
8204 9204 421 1421
4934 6287 4990 6343
4555 4996 253 694
4332 5867 5394 6929
5804 7600 97 1893
5500 5749 3693 3942
0 1161 3204 5179
5916 6421 3096 3601
925 3273 5754 8102
6013 6913 6528 7428
4817 6854 6802 8839
3747 5162 6151 7566
1379 2348 5521 6490
7890 9228 2529 3867
7086 9135 7778 9827
775 3085 2484 4794
3969 5701 6834 8566
0 1675 5728 8011
3344 3362 4712 4730
5284 6082 332 1130
5411 5462 136 187
7399 9241 0 1200
1847 3202 5354 6709
8055 9947 2040 3932
144 1945 6942 8743
2474 2937 1041 1504
5026 6028 4723 5725
4505 6341 2896 4732
453 1177 2787 3511
7046 7614 5493 6061
7423 7743 4648 4968
8948 10000 1900 3745
8050 10000 6085 8219
6033 6323 6282 6572
6994 8152 1840 2998
1717 3651 3507 5441
3676 4864 1848 3036
7483 8057 8971 9545
9197 10000 2733 3939
2009 3061 6072 7124
3740 3895 4550 4705
7825 9965 7576 9716
3453 4876 3506 4929
9834 10000 943 1304
5805 6609 0 586
2755 3911 6305 7461
578 966 1957 2345
4187 4511 3612 3936
4737 5567 2199 3029
3959 5497 941 2479
3040 4495 6717 8172
2430 3325 555 1450
5656 6334 2349 3027
7271 9617 6051 8397
7367 7948 8535 9116
3806 6017 888 3099
26 299 6073 6346
7894 9789 0 796
71 2316 2691 4936
5479 6812 8347 9680
7974 10000 2945 5082
117 1974 3688 5545
3688 5356 1313 2981
7601 7826 5854 6079
5657 7223 2307 3873
2321 2885 1874 2438
7365 9553 7002 9190
316 2475 3254 5413
2967 3258 4311 4602
7950 8314 3188 3552
9435 10000 8244 10000
5788 7156 6249 7617
3477 5389 1494 3406
4508 6786 2562 4840
6054 6171 7032 7149
4684 5724 991 2031
52 1375 3484 4807
7792 9978 6838 9024
2501 3171 765 1435
2226 3742 3439 4955
498 1856 706 2064
1144 1736 2720 3312
4762 6261 5770 7269
6005 6323 2797 3115
2393 4562 813 2982
2439 3932 6477 7970
9552 10000 8543 9130
9574 10000 7124 7667
6948 9063 0 1715
5167 6876 4862 6571
6162 7928 8589 10000
2590 2698 6680 6788
4020 6031 3256 5267
8123 8538 383 798
5022 5418 4358 4754
7247 8529 5610 6892
9155 10000 8617 10000
9402 10000 2592 3630
5160 5591 2630 3061
5393 5623 117 347
8915 10000 2641 4372
16 56 8696 8736
4317 4332 9627 9642
8142 8554 7764 8176
679 2450 8617 10000
6013 7423 1444 2854
4790 5469 3527 4206
3994 4520 7845 8371
3188 4552 1047 2411
1892 2823 2086 3017
2291 2782 659 1150
270 1699 6480 7909
6225 8530 2595 4900
586 1473 7890 8777
8798 9316 0 286
3966 6020 3447 5501
0 1489 3520 5838
2137 3216 3226 4305
3634 5880 3565 5811
1018 1826 3779 4587
7841 10000 4127 6347
8317 8554 8414 8651
2317 4153 4496 6332
5771 7720 0 881
4664 4948 3555 3839
6361 7601 4524 5764
114 1696 3840 5422
474 2514 7542 9582
4161 5958 7454 9251
6968 8290 727 2049
1615 2654 2612 3651
2605 3870 8412 9677
5812 6301 6000 6489
3510 4909 6777 8176
8220 10000 3470 5289
7916 9967 6793 8844
1055 2763 8963 10000
7451 9320 9121 10000
1766 2331 9632 10000
5796 7019 6750 7973
7468 8467 712 1711
3964 5850 6355 8241
5756 6730 5541 6515
2090 2138 3017 3065
0 733 6744 7841
6733 6950 1761 1978
7771 8419 1873 2521
0 1176 0 1317
1921 3120 339 1538
5684 6060 4826 5202
6128 8261 2130 4263
4097 6057 6409 8369
1434 2813 301 1680
3807 4418 9081 9692
3724 4856 0 1032
6013 8159 3771 5917
0 1863 0 849
755 1414 5989 6648
9025 10000 663 2013
1986 3787 7890 9691
3873 4264 8849 9240
5377 6715 5198 6536
435 1888 6921 8374
6069 6411 6945 7287
3109 4900 3488 5279
8668 10000 6526 8039
1561 3490 791 2720
2244 4163 0 1562
6421 6917 1407 1903
1947 2252 3916 4221
6076 6209 2398 2531
6447 8587 2134 4274
0 1435 6757 8551
1623 2941 4144 5462
0 1129 5029 6334
1211 2819 4281 5889
7082 7463 6571 6952
3607 5827 1954 4174
9173 9870 5039 5736
5519 5664 4861 5006
3921 4952 0 377
0 986 7698 8714
577 2546 8435 10000
6344 7777 778 2211
5018 6558 0 900
7593 9760 8943 10000
6934 8596 1744 3406
1906 2426 4872 5392
0 490 7182 7754
1424 3531 4489 6596
1257 2730 9359 10000
921 2421 5683 7183
7511 9430 0 194
7858 8445 2852 3439
4588 5843 7410 8665
9886 10000 7729 8211
8508 8573 5252 5317
4467 5794 5721 7048
7697 9928 1654 3885
6055 8124 7983 10000
6923 8418 8648 10000
3249 3498 3946 4195
8688 10000 633 2020
2397 2960 8665 9228
3981 4555 5795 6369
6520 8610 3786 5876
4533 6107 5550 7124
22 128 5880 5986
8687 10000 4551 6047
2191 2519 3194 3522
4199 4495 3074 3370
2007 2054 161 208
9035 9447 3506 3918
637 2809 8042 10000
4223 5564 3759 5100
7809 9609 8176 9976
485 932 2297 2744
9821 10000 2106 3052
579 1836 4501 5758
4161 4314 3844 3997
5391 7280 2113 4002
1027 2639 5087 6699
3586 4025 2485 2924
3392 5024 3573 5205
5910 5915 1099 1104
2184 3367 0 212
7246 8996 2242 3992
1209 1340 532 663
258 1327 0 396
7804 9140 2820 4156
7080 8781 1812 3513
8237 10000 4745 6843
2825 4010 7935 9120
6198 6878 4710 5390
0 813 8457 9479
4742 6027 9171 10000
4853 4868 1873 1888
4241 4957 4460 5176
7316 7901 8348 8933
6134 6473 8488 8827
36 2025 5855 7844
0 1705 0 1916
9233 9883 6048 6698
648 2863 2038 4253
7826 9512 2294 3980
6371 8492 0 1676
3988 5932 8719 10000
5826 6943 7167 8284
4627 6821 6049 8243
6624 8879 3568 5823
121 395 6939 7213
6507 8263 9436 10000
2200 4327 5331 7458
8026 9925 2591 4490
4602 5920 3174 4492
672 1423 3252 4003
6421 8109 8687 10000
8106 8139 5110 5143
7606 7864 9799 10000
0 519 9036 10000
3473 5156 5718 7401
8362 9559 8872 10000
5333 5490 4220 4377
4031 4860 1449 2278
6354 6724 4406 4776
6607 7027 225 645
6679 7565 4085 4971
3114 4980 4258 6124
9791 10000 7869 9840
4949 5216 5213 5480
2702 3868 9550 10000
5046 6550 7516 9020
9057 10000 5478 7816
7737 8920 3086 4269
3086 4781 1161 2856
419 2308 1954 3843
0 764 3347 4640
3237 4509 9768 10000
3819 5232 8616 10000
3114 3924 1614 2424
4780 6685 0 1354
7576 7650 6091 6165
8752 10000 5868 7929
1661 3336 0 1204
9489 9908 6564 6983
5712 6006 3620 3914
8499 10000 1350 2904
1189 3104 8087 10000
1757 1838 4271 4352
4384 4950 3653 4219
7534 8128 3347 3941
6437 7784 7340 8687
3768 5989 0 1896
7255 9557 1385 3687
7685 9095 3375 4785
4662 5401 1780 2519
6499 8780 9296 10000
3507 5132 0 1614
7532 9874 603 2945
1029 1741 4273 4985
6020 6631 1250 1861
5178 6810 7744 9376
7980 9726 2956 4702
868 955 9467 9554
6802 7404 4948 5550
6208 7769 5277 6838
4198 5997 0 1638
5768 7822 4074 6128
3584 5103 5493 7012
541 1255 2944 3658
7230 9370 8659 10000
7120 9133 6364 8377
2407 2489 1046 1128
5373 5904 1749 2280
3376 3780 5544 5948
6800 7032 9663 9895
270 998 7808 8536
5636 6808 940 2112
5404 5941 4593 5130
3419 3848 2926 3355
4009 4940 2712 3643
4232 5935 2619 4322
8123 10000 1295 3370
9419 10000 7715 8523
0 434 5479 6084
1708 3543 8787 10000
113 175 181 243
1440 1976 360 896
3984 4934 2058 3008
8394 10000 1667 3534
0 925 3340 5248
7231 9338 839 2946
9935 10000 1244 1519
5123 7290 3074 5241
6835 7611 758 1534
4573 4897 2043 2367
3126 4951 3233 5058
6605 6658 8369 8422
7190 7469 9580 9859
1549 2153 4531 5135
4818 5280 383 845
4775 5277 6804 7306
4463 6125 3668 5330
3328 5199 4045 5916
535 836 2641 2942
2884 3964 0 976
5501 5747 1763 2009
2771 4311 7148 8688
6472 517
6711 5585
6769 1954
4950 2071
4310 581
4666 7677
7379 728
8291 4990
4021 9245
673 4129
4178 7646
6662 3736
7783 5203
6793 1775
1271 3442
8227 3978
946 9332
8044 6548
36 4192
3036 6934
2779 807
9252 8582
6922 1867
4203 4712
9912 4079
8523 4982
6992 294
6740 4448
202 6477
5308 3249
6782 6625
3104 7852
2238 2021
7197 4696
1356 1851
3816 6586
3813 9955
1599 4099
6946 6551
9353 4305
3037 2392
6013 5204
1870 5084
1044 6351
1942 4084
545 8914
2715 4319
2612 8334
277 2800
8615 9637
4841 7409
2062 4639
3874 4345
6630 485
1961 6182
117 2361
3608 1553
717 4773
6778 2945
5513 7458
2737 2134
2852 4927
4876 5722
6042 1198
5630 8850
9826 2039
2743 9252
4740 5913
104 2043
3884 1098
7713 9828
5773 6700
9213 2171
6165 1523
7393 3878
8947 4254
2653 1701
7726 9852
6172 3530
5677 5828
5454 8502
6933 2683
1010 9139
2976 9514
6745 6721
9433 1429
1839 9627
967 9365
1371 862
8819 6656
4770 2613
2942 3085
5629 546
3310 7367
5807 3044
9648 166
9898 7745
3633 2501
9770 5438
3527 3394
325 2912
6809 875
3733 5519
9232 416
8796 8634
5020 5541
3027 2500
1916 9864
8027 5044
3604 4520
3049 311
5078 3957
3197 9455
5866 277
7606 5018
4747 8230
9137 6528
1462 1318
6057 418
8213 3042
6417 3110
4926 7300
3721 2869
4451 7886
8195 7564
1425 6970
6051 759
2881 3701
9530 183
9174 6592
9318 1517
5581 7049
2884 4511
9832 6298
1417 5830
3012 7117
3434 151
9509 6014
3609 4343
2393 4371
7573 8315
875 7880
7241 1680
2871 5581
3111 5652
8909 4459
5832 2505
3472 4341
6854 3048
8653 4958
5488 7199
8096 2945
4614 6021
618 577
8573 9244
7693 5560
7102 7470
1998 1022
60 4585
2160 8079
1595 8451
2207 2773
9586 6248
5724 4244
2717 7604
5127 9692
9130 4107
2393 1495
6522 95
8639 9921
5856 7559
3011 9350
2219 9856
8302 5401
1753 2803
7097 124
345 5728
3502 6848
8733 6042
3715 418
3609 1200
1694 8709
1562 3543
3771 10
2682 6540
5566 1464
7806 4448
2601 5231
7640 8777
7319 4577
4461 9825
9136 1981
9817 1092
9555 9327
7354 2235
7901 9261
980 4682
7529 6063
7572 8857
8533 7119
6710 6467
8544 5729
2942 9926
776 582
9983 2673
3706 3094
9739 8184
7053 7173
3496 5676
535 6955
4154 6990
5186 6430
5947 17
7930 4227
440 9819
188 5869
5925 8194
1525 423
5565 4638
9005 108
4368 9604
9654 9183
8549 3898
9095 7871
7533 6732
3708 2371
1581 7534
8920 2893
4124 1205
7255 3547
743 1846
7727 1410
5290 9055
4230 2326
4278 7834
9217 9941
4582 7950
7015 9254
4840 3519
2233 1533
5264 3994
7340 8440
378 8166
8350 9634
6991 2637
6431 1673
4017 1818
1334 3567
7570 1224
1634 9790
7709 8398
4024 2090
6659 399
8847 6851
7122 3261
2328 7975
1451 60
3310 1811
1616 8739
6653 5603
6026 56
2386 2627
4739 4027
9235 5228
87 4706
7843 492
2627 7795
9726 3489
7987 2131
3654 3377
7905 337
9842 1913
2149 3018
5566 2518
1814 6640
2579 3248
3551 4034
2507 4024
4365 5108
2957 8940
3624 9258
1980 1585
3918 3612
3121 8379
2940 3821
8870 4209
313 8979
9253 65
8434 5627
7426 3864
2030 7642
3634 5723
2404 8889
6456 114
3702 4158
9556 2497
2319 1905
1761 467
3458 8039
8206 9690
7896 112
5891 3293
2790 3824
4763 1557
1479 4543
6914 9235
1815 6952
3703 5894
6653 7027
9480 3295
6751 3225
9671 443
192 1599
4923 9019
8151 2934
2431 4033
9253 6670
249 4046
6556 798
7921 5695
621 5308
2904 8242
7518 1780
8173 1400
570 1847
6832 6886
5550 9324
8470 4372
2514 1576
7725 2588
5866 1127
1979 7651
5233 1899
3499 8165
6877 9085
7225 4257
7384 6486
4300 2854
6752 692
5099 2194
7761 263
2489 7826
1610 1167
4454 8750
4083 6236
9812 1678
4186 4935
5121 5650
1813 6312
5417 1600
794 5183
9606 988
5544 1706
7457 69
5469 4721
8950 2900
6830 6459
4928 2777
4396 3815
9154 7052
4123 9903
292 3113
3744 350
3095 5141
3499 258
3076 1504
7964 8019
232 8287
3525 5763
4511 7140
2647 3339
7340 540
697 1949
4639 840
9672 8111
2882 5594
5650 605
2066 5848
576 7912
1709 5306
18 1428
3857 2821
8015 2810
5062 7997
7621 672
3025 7030
8473 575
423 7302
2776 1299
4638 6598
4419 1635
5297 2618
8333 8382
3490 8594
9564 1774
456 116
76 9373
8994 9257
5442 2837
4610 1227
2498 8304
8713 1036
1884 7850
3653 2090
8295 8320
2906 7195
8304 62
7453 2133
2428 385
5735 9831
4803 9550
9802 3496
9876 2063
2766 2232
4722 4106
3714 7520
9727 9507
5225 1508
8965 7068
939 6032
9677 303
3590 1421
2029 7748
941 4916
3351 2096
1257 9523
6635 76
6452 2228
594 8542
6778 14
7850 3632
1781 3026
7830 3546
1984 7437
6182 9140
1056 2717
8948 2371
3994 3215
9544 1507
735 9148
9066 9940
7922 7017
4858 878
9174 6264
2502 5152
9678 332
8809 9339
6781 3085
2847 2039
6495 7743
7602 2762
3379 7741
8756 1344
5933 5708
4826 369
4577 6510
6256 617
5565 3848
787 4847
6027 3164
1673 7591
6772 7386
6817 6907
5037 7502
2097 6317
8586 3582
7347 8184
1550 2520
5422 7147
935 7140
3362 4720
5884 1110
5425 169
8085 509
2255 6653
8626 2067
1098 8551
2741 1447
5817 5431
5565 4067
832 3170
7427 5608
7720 4667
9432 1923
9427 6322
6256 6439
7904 2259
2893 4126
4463 2111
7918 9163
9970 3284
2714 7119
3881 4639
8049 8585
4389 3907
9988 1198
5861 549
3342 7416
596 2122
4404 3907
4798 2246
4292 1985
3644 8051
2972 1339
6109 3001
8244 8013
7921 8971
5391 2520
66 6184
9705 92
254 4586
6074 9437
9447 3308
375 4041
3979 2526
7648 6010
5829 2782
2762 1928
8891 8955
511 4034
3257 4367
8280 3302
9538 9473
6214 6455
4427 1931
5198 4133
6058 7075
5476 1851
1174 3717
8860 8082
2759 1364
2267 3786
1079 1146
1430 2757
6158 6446
6108 2985
4521 2002
2595 6885
9870 8920
9654 7342
8871 928
5773 6331
6634 9006
2603 6723
4260 3500
8490 565
5202 4719
8049 5883
9374 9245
9855 2944
5264 2711
5505 186
9331 2768
52 8722
4320 9641
8401 8067
958 9874
6563 2794
5208 3886
4349 7960
3555 1064
1969 2953
2368 680
1175 7854
8345 2694
779 8708
9153 128
4519 3660
1476 4203
2221 3986
5223 4803
1194 4226
8131 5320
8428 8496
3441 5394
6170 803
4930 3695
6787 4721
1550 4071
549 8933
5439 8435
7249 1850
2493 3470
3796 9142
6218 6299
3997 8147
8532 4802
9659 8632
1322 9939
8323 9153
1813 9759
6812 7268
7572 1282
5816 6749
5899 5542
2112 3025
200 7688
6764 1829
8417 2284
1018 737
2860 1416
5844 4839
6842 2514
5799 7185
2689 552
3893 9414
4617 149
7477 4613
48 813
876 6112
9154 1427
3257 9630
4080 8955
5706 5783
1051 7849
6397 7179
4454 4432
9548 7878
2658 2252
3076 1306
6487 1888
2165 4022
6185 2506
6913 2330
1100 7007
2575 4693
567 5564
2737 5863
7428 6950
4373 3390
9670 5087
5632 4976
4316 98
566 8387
661 9580
6953 978
5916 515
8929 9244
7363 1801
2046 5030
333 7590
1781 5236
1356 9476
1595 6857
8887 97
8224 3023
5441 8337
9895 8109
8526 5311
4736 6479
7947 2182
7321 8935
7878 9436
3345 4091
9272 1187
2884 9077
4367 5950
7381 5722
5116 6757
116 5985
8873 5916
2233 3371
4220 3237
2009 188
9079 3647
2337 8531
5002 4808
7930 9194
700 2339
9999 2504
991 5629
4221 3880
5570 2384
2446 5786
3707 2826
3730 3850
5915 1099
2703 197
8558 3371
1241 633
496 82
8696 3500
7864 2007
8776 5293
2884 8972
6614 4782
659 8699
4991 9330
4862 1881
4406 4485
7846 8355
6322 8792
1455 7585
1463 1657
9519 6170
2058 3694
8028 3601
7714 882
5006 9149
6666 7820
5465 7758
6719 4970
130 7087
6618 9995
3460 6273
8449 4183
5378 3348
826 3568
7312 9737
8134 5127
7629 9953
456 9401
3757 5868
9459 8975
5425 4287
4302 1874
6664 4495
6730 535
7427 4447
3919 5064
9912 9386
5114 5371
3032 9942
5754 8702
9381 5590
7769 4160
4437 1495
1422 2375
566 3737
4462 9784
4602 8645
3860 2126
6667 433
7606 6143
9992 6810
1889 113
9795 6954
5974 3789
9999 2896
1768 9134
1775 4272
4467 4217
7991 3584
7308 8091
3881 1797
8230 1978
8867 3661
5267 2404
7906 9579
4111 1125
8328 1651
1594 4465
6275 1711
6303 9171
8813 3449
920 9483
6985 5286
6907 5550
5211 63
5835 4884
4678 6140
643 3229
7678 8861
8974 8178
2445 1072
5376 2119
3700 5929
6940 9839
670 8114
6125 1028
5864 4819
3489 3338
4225 3000
5746 4034
9551 3243
9510 8180
376 5871
2371 9354
172 212
1724 672
4461 2349
8622 2779
473 5062
9021 1860
9948 1419
6354 5210
7149 1216
4723 2256
4113 4828
6640 8380
7460 9787
1794 4826
5099 805
4788 7292
5637 5106
4347 5705
825 2793
3248 380
5683 1933
3210 8292
