800 1 400 13 763
800
8057 8559 9534 10000
8990 9726 2226 2962
4408 4529 6845 6966
2980 3135 9199 9354
9272 9731 1083 1542
8166 8695 9440 9969
1012 1555 3977 4520
7434 8172 9982 10000
2292 2516 44 268
8616 8868 3240 3492
3987 4334 8598 8945
1728 2123 9138 9533
3935 4215 9777 10000
4921 5546 9367 9992
2498 2552 4368 4422
3433 4029 6592 7188
7212 7672 4579 5039
7093 7797 4760 5464
9773 9852 6195 6274
158 819 4732 5393
5400 5556 6485 6641
6830 7234 889 1293
107 121 7303 7317
7542 7759 2531 2748
3095 3851 785 1541
6037 6281 4964 5208
7694 8416 3899 4621
1447 2131 8150 8834
944 1091 9452 9599
9180 9698 1791 2309
2155 2311 827 983
8266 8666 2720 3120
1531 1565 9663 9697
4643 4875 3649 3881
9247 9425 3177 3355
1352 1483 7940 8071
1451 1634 472 655
8866 9242 1691 2067
3063 3612 2973 3522
3545 4094 6220 6769
6366 6905 3745 4284
3455 4208 521 1274
6448 6766 5016 5334
7881 8348 327 794
8 501 8257 8750
7553 7852 169 468
9331 9532 2143 2344
4714 5455 5935 6676
1424 1817 985 1378
8235 8256 3737 3758
357 1078 3238 3959
6701 7179 5922 6400
7771 8207 9390 9826
9389 9536 435 582
2733 2974 9379 9620
4585 5250 5910 6575
181 298 1432 1549
4143 4697 114 668
572 717 4724 4869
8565 8765 2920 3120
8714 9085 5171 5542
5022 5294 8365 8637
9157 9373 2079 2295
5235 5606 4191 4562
3264 3508 6071 6315
2953 3232 79 358
4363 4781 701 1119
3588 3702 1533 1647
9802 10000 1977 2279
9396 9688 6951 7243
6919 7287 4887 5255
1888 2144 8456 8712
6875 6896 3223 3244
2470 2863 2388 2781
8035 8437 3231 3633
3754 4290 2677 3213
9015 9281 8165 8431
9169 9547 8744 9122
961 1119 250 408
1672 2065 7967 8360
5769 5923 1671 1825
7237 7813 225 801
8194 8317 2064 2187
3441 4085 8879 9523
8679 8684 9681 9686
5024 5047 3575 3598
5217 5761 129 673
4732 4983 7383 7634
3397 3793 4024 4420
9328 9643 6384 6699
3532 3848 3883 4199
7996 8202 2515 2721
6965 7376 4877 5288
7044 7314 1654 1924
6022 6205 4754 4937
2427 2923 5445 5941
7533 8197 0 623
2236 2885 1807 2456
9604 9626 2614 2636
57 746 1827 2516
7242 7597 4721 5076
2469 2968 8655 9154
4854 5549 2964 3659
9025 9320 2591 2886
8782 9448 6346 7012
4466 4601 9889 10000
2488 2885 353 750
4428 4820 5990 6382
2963 3273 3550 3860
5233 5443 5103 5313
597 1100 5260 5763
4035 4563 7733 8261
6359 6562 7954 8157
4592 4595 5519 5522
3722 4221 2142 2641
103 474 5309 5680
4464 5047 1490 2073
3161 3711 4648 5198
3515 3595 5437 5517
5439 5995 730 1286
7036 7401 2646 3011
1782 2093 8576 8887
1779 2502 8930 9653
2845 3277 2165 2597
5459 5614 9850 10000
885 1220 7221 7556
2029 2188 64 223
122 294 3275 3447
8006 8464 3524 3982
1764 2080 2429 2745
4260 4581 1124 1445
844 1320 6359 6835
8308 8742 524 958
7311 7673 6035 6397
1455 1765 5784 6094
4662 5196 4125 4659
8784 8970 5218 5404
8845 9439 2221 2815
2912 3455 6946 7489
8986 9588 3568 4170
2104 2185 3599 3680
2617 2928 5992 6303
4022 4508 713 1199
6888 7474 4413 4999
2465 3145 1842 2522
171 624 2660 3113
4813 4829 5107 5123
1901 2407 6776 7282
8291 8764 4506 4979
8590 8819 2313 2542
9097 9509 9038 9450
1867 2156 6686 6975
9609 9888 7361 7640
6082 6586 7929 8433
5648 6323 8019 8694
7950 8325 8204 8579
6027 6403 2418 2794
3555 3784 4028 4257
1961 2641 5589 6269
8349 8574 6105 6330
3430 3627 6085 6282
1322 1882 7027 7587
6145 6467 7594 7916
1297 1793 51 547
3615 3628 5332 5345
3014 3460 9759 10000
1670 2337 5090 5757
3323 3836 4992 5505
8114 8680 7666 8232
4351 4743 2838 3230
6631 7024 1935 2328
9113 9207 9204 9298
6402 7155 8592 9345
2438 2640 370 572
9389 9846 4105 4562
4129 4826 5078 5775
8613 9144 5728 6259
2219 2390 4080 4251
2976 3455 1877 2356
3271 3402 217 348
704 1389 550 1235
1875 2157 3421 3703
3747 4176 9595 10000
3099 3587 0 394
2742 2753 5310 5321
8652 9351 2190 2889
7068 7822 3060 3814
1811 2207 7788 8184
3265 3661 4256 4652
1771 2346 4988 5563
863 1185 9897 10000
7521 8150 7465 8094
9173 9652 4425 4904
9358 9505 8178 8325
166 649 9206 9689
1858 2434 4434 5010
5140 5652 2553 3065
8246 8756 5997 6507
7398 7589 4345 4536
1709 2139 785 1215
1974 2060 5074 5160
7004 7008 1251 1255
9020 9517 1941 2438
7188 7338 9764 9914
4380 4847 9406 9873
3193 3453 3572 3832
9210 9381 4527 4698
1893 1985 8053 8145
6123 6535 4406 4818
5717 6374 4297 4954
778 1100 6526 6848
755 935 2672 2852
4922 4997 535 610
0 204 1488 2132
1169 1869 2100 2800
9899 10000 5777 5910
8047 8149 2683 2785
7498 7607 8118 8227
8924 8955 4587 4618
6341 6496 3487 3642
614 772 6336 6494
7393 7657 9341 9605
7227 7313 4102 4188
628 1238 5828 6438
7963 8514 1724 2275
1073 1749 2509 3185
3515 3616 7989 8090
9238 9789 7935 8486
6622 6666 4544 4588
1903 1966 9148 9211
6671 7330 4059 4718
6804 7449 1358 2003
8445 9009 1129 1693
2449 2909 2248 2708
3772 4109 5150 5487
2615 2742 3496 3623
612 1371 1033 1792
9621 10000 6493 6901
2631 2977 314 660
2148 2159 2203 2214
1568 2117 3333 3882
44 359 7140 7455
7725 7834 9503 9612
7747 8322 5979 6554
9660 10000 8142 8484
4065 4143 4883 4961
6426 6826 2540 2940
3225 3406 8619 8800
8970 9412 1097 1539
8557 8812 6153 6408
3766 3921 5211 5366
7366 7979 2444 3057
2230 2808 9028 9606
6205 6463 2629 2887
4050 4258 6170 6378
2673 3030 2358 2715
5530 5968 7814 8252
8099 8823 9471 10000
8359 8444 0 78
1536 2249 3337 4050
2965 3407 1870 2312
4598 4866 4931 5199
4323 4488 3022 3187
2074 2720 4035 4681
5570 6244 4365 5039
1372 1893 0 445
4696 5086 1863 2253
263 708 9064 9509
2671 3398 1581 2308
8552 9233 6758 7439
5020 5754 207 941
6388 6864 101 577
2322 2923 8320 8921
8996 9404 6809 7217
854 1344 6915 7405
3413 3861 1237 1685
271 1006 259 994
6846 6944 3368 3466
991 1490 68 567
3938 4442 9253 9757
8553 9094 4618 5159
7971 8186 219 434
33 513 1501 1981
145 674 9189 9718
7646 7652 2000 2006
0 442 7147 7593
1296 1763 7332 7799
5494 6146 2483 3135
2136 2588 504 956
6045 6331 1343 1629
516 1250 1455 2189
3425 4123 0 395
2216 2672 7576 8032
1456 1831 3575 3950
1401 1892 1646 2137
5563 6312 6446 7195
8441 8934 5565 6058
1765 2299 6421 6955
7482 8030 6068 6616
3295 3599 5976 6280
8191 8304 4905 5018
3477 4217 5487 6227
1548 1813 6092 6357
8758 9474 0 591
7975 8174 8251 8450
502 927 2891 3316
104 717 9866 10000
5162 5730 1749 2317
4795 5254 2754 3213
6456 6674 783 1001
1329 1525 1040 1236
1827 2524 4537 5234
6009 6398 1603 1992
9696 10000 8901 9290
9400 9873 5620 6093
1118 1396 3881 4159
451 558 2460 2567
7993 8024 9744 9775
7341 7826 1046 1531
8394 9054 8521 9181
8738 8841 6961 7064
5204 5475 8495 8766
5286 5727 1925 2366
8636 9225 6560 7149
994 1226 2838 3070
1280 1511 2211 2442
8026 8685 1709 2368
2379 2911 5704 6236
7849 8549 190 890
1206 1862 7411 8067
3571 3805 9369 9603
9006 9232 1418 1644
3142 3796 6557 7211
6142 6204 2466 2528
5241 5928 716 1403
5691 6023 5431 5763
8403 8751 4971 5319
172 715 4281 4824
4993 5225 3167 3399
4879 5206 297 624
6829 7005 267 443
0 415 3445 3865
2834 3413 1819 2398
7604 7702 4099 4197
5159 5205 3674 3720
1387 1546 1085 1244
3756 3973 5764 5981
7530 8293 6554 7317
7540 7989 4750 5199
5212 5618 287 693
1229 1447 6567 6785
1397 1536 4415 4554
8858 9596 2278 3016
4015 4547 7822 8354
1942 2625 6401 7084
699 948 7211 7460
6162 6426 2315 2579
3186 3657 9501 9972
3623 3986 3709 4072
5435 6002 2093 2660
8091 8129 739 777
3525 4025 4812 5312
899 1288 875 1264
9082 9764 4135 4817
4007 4551 2008 2552
369 425 4987 5043
8947 9683 7112 7848
6216 6593 5589 5966
514 1071 9819 10000
6229 6647 7493 7911
2876 3332 5870 6326
7356 7444 195 283
3998 4454 8252 8708
1822 2388 7262 7828
8857 9069 6137 6349
1112 1127 9745 9760
6843 7493 782 1432
5851 6426 5827 6402
2658 3097 8306 8745
3897 4413 539 1055
4583 4995 3708 4120
9287 9325 4078 4116
9346 9817 1979 2450
526 939 5367 5780
1456 1529 6821 6894
6236 6617 9859 10000
2098 2673 7268 7843
1375 1585 6752 6962
5952 6340 2938 3326
5060 5749 6634 7323
5520 5604 3733 3817
13 309 6475 6771
8354 8912 4317 4875
7312 7387 6468 6543
6405 6920 583 1098
8040 8175 2447 2582
2496 2646 3078 3228
4779 5086 565 872
3065 3346 2178 2459
7917 8649 4273 5005
7376 7391 1882 1897
2448 3084 3586 4222
9641 9926 6233 6518
3758 4327 5842 6411
401 635 7609 7843
3877 4034 0 33
8017 8375 39 397
6826 7062 2658 2894
2881 2900 8312 8331
175 299 5194 5318
5701 6283 4655 5237
6535 7031 796 1292
6938 7686 3923 4671
3386 3872 0 356
615 1159 3442 3986
9768 10000 3602 3885
6452 7090 8433 9071
439 898 1676 2135
1761 2388 1154 1781
1 385 9192 9576
537 798 1853 2114
997 1213 8312 8528
9388 9711 1 324
433 1146 8462 9175
511 659 8513 8661
1078 1744 6638 7304
7477 7600 40 163
7986 8509 1551 2074
1858 1881 2994 3017
5008 5607 2785 3384
2724 2872 3320 3468
1385 1470 1351 1436
9832 9961 4027 4156
4586 5268 8227 8909
2396 2874 1941 2419
2016 2277 3316 3577
4727 4957 7428 7658
1417 1783 3570 3936
7186 7792 7086 7692
3095 3175 7682 7762
7726 7917 227 418
2335 2929 9671 10000
989 1570 3166 3747
7966 8129 1970 2133
4170 4680 2798 3308
277 817 8967 9507
6384 6755 943 1314
5597 6171 1464 2038
3745 3961 1020 1236
2785 2935 7218 7368
298 1001 8048 8751
46 396 4886 5236
1272 1305 8902 8935
6505 6724 2292 2511
8574 8896 8846 9168
9353 9473 7861 7981
9468 9782 4072 4386
1464 1536 4593 4665
3311 4069 7517 8275
5881 6355 5631 6105
3669 4411 3710 4452
9883 9987 7515 7619
5 695 3748 4438
4675 4781 3666 3772
2534 2611 6540 6617
2852 3059 1638 1845
3031 3132 713 814
2946 3208 5520 5782
4969 5437 3126 3594
0 677 5085 5834
868 1040 28 200
1981 2062 3212 3293
9398 9887 5760 6249
2807 3426 912 1531
5139 5902 208 971
2950 3264 7472 7786
9916 9975 4856 4915
835 1205 5079 5449
8985 9615 7729 8359
5899 6086 3508 3695
1253 1716 123 586
9504 9865 3759 4120
3674 4152 7747 8225
7587 7677 3857 3947
5915 6120 7347 7552
7638 8066 8593 9021
1309 1630 5053 5374
7844 8300 6707 7163
759 1052 2542 2835
1321 1381 4005 4065
7355 7945 5303 5893
7617 7789 6712 6884
6575 7281 0 137
4799 5313 3546 4060
8639 9283 727 1371
5727 5928 4090 4291
6827 7423 9063 9659
3377 3540 3217 3380
6910 7065 5220 5375
5953 6373 267 687
9614 9787 9857 10000
9451 9872 4028 4449
1944 2139 4714 4909
7844 8562 3096 3814
4275 4549 8523 8797
9346 9375 7374 7403
327 1068 6944 7685
5772 6282 635 1145
5823 6211 898 1286
1837 2597 4487 5247
8433 8560 2231 2358
4454 4679 4516 4741
4220 4849 4115 4744
4767 5119 5641 5993
201 824 8273 8896
2285 2305 6988 7008
9468 10000 2703 3440
4016 4672 7892 8548
2591 2885 9530 9824
4508 5153 6245 6890
4138 4222 4818 4902
4874 5116 4723 4965
2135 2809 2761 3435
0 431 4851 5535
9569 9980 2500 2911
3544 3745 8752 8953
8373 8966 6731 7324
561 1025 6518 6982
4543 5172 5158 5787
6752 7156 2347 2751
0 477 92 617
908 1344 3310 3746
7631 8010 7997 8376
6852 7101 6799 7048
9130 9482 118 470
9081 9166 6480 6565
8586 9093 2700 3207
7562 8248 8125 8811
5469 6062 9336 9929
7991 8388 5145 5542
9017 9264 518 765
4960 4979 1304 1323
3947 3972 2221 2246
5794 6012 6063 6281
5612 5772 9015 9175
4911 5196 5890 6175
9063 9606 4267 4810
679 1225 7882 8428
3647 3883 1981 2217
9184 9352 2686 2854
6066 6104 6102 6140
5844 5939 6899 6994
8529 9013 7309 7793
6656 6743 3219 3306
9848 9918 473 543
7003 7519 3238 3754
9911 9966 7503 7558
1168 1199 8943 8974
7553 8038 2793 3278
2158 2388 3009 3239
7001 7476 8396 8871
5556 5592 7480 7516
5709 5757 6369 6417
5070 5401 1619 1950
8395 8517 439 561
8457 8713 8280 8536
141 623 5894 6376
8912 9217 7301 7606
5334 5838 8810 9314
7994 8736 3639 4381
7076 7667 6673 7264
2233 2516 1724 2007
5747 5885 4921 5059
360 567 5269 5476
4024 4224 977 1177
7175 7405 2705 2935
101 109 9901 9909
9017 9365 1200 1548
9775 9936 3924 4085
7336 7618 4175 4457
2473 3058 6941 7526
7544 8063 4763 5282
253 256 2049 2052
1334 1403 8090 8159
4109 4286 9614 9791
325 555 8128 8358
6590 7073 2174 2657
414 664 1754 2004
9816 10000 4838 5416
2456 2575 4030 4149
6384 6903 3899 4418
4454 4582 5482 5610
1740 2203 4678 5141
53 376 9318 9641
2804 3081 6247 6524
4757 5477 4500 5220
2350 2871 5825 6346
6085 6294 6715 6924
4481 4650 711 880
5119 5494 2138 2513
4242 4716 471 945
936 984 4787 4835
490 781 7131 7422
3195 3568 6629 7002
8907 9425 0 483
8734 9453 3039 3758
3978 4440 5179 5641
5322 5433 3090 3201
9033 9506 5118 5591
2632 3162 2209 2739
9011 9411 5050 5450
8858 9474 4034 4650
8309 8905 2475 3071
4200 4299 1203 1302
6564 6927 498 861
3305 3504 8857 9056
5197 5266 3883 3952
6701 6857 8415 8571
6468 6561 6506 6599
5892 5934 3953 3995
0 438 8396 9135
2578 3100 402 924
4801 5148 3951 4298
6958 7029 2305 2376
2036 2263 9090 9317
7663 8316 2540 3193
9698 9920 3966 4188
451 515 8135 8199
6357 6597 609 849
390 1076 99 785
969 1606 8252 8889
1101 1849 1698 2446
2900 3070 6130 6300
6474 6793 1750 2069
8666 8958 8908 9200
7006 7343 46 383
2410 3060 1726 2376
4440 5000 5157 5717
1117 1174 2039 2096
925 968 3706 3749
7466 7522 9785 9841
6023 6676 5828 6481
7315 7700 800 1185
0 96 9782 9978
9271 9629 2009 2367
8738 8969 4469 4700
9708 9960 7876 8128
7779 8433 8532 9186
6984 7087 9494 9597
7505 8144 7947 8586
6001 6265 9355 9619
3401 3624 4547 4770
2214 2672 0 239
7272 7721 4206 4655
6916 7087 2026 2197
6237 6489 9281 9533
8392 8793 8400 8801
4368 4428 5725 5785
6045 6274 7183 7412
5646 6114 0 55
4631 4676 323 368
374 1079 0 694
3544 4052 190 698
2537 3041 6909 7413
3406 3906 6025 6525
925 934 5870 5879
2598 2937 0 30
3036 3788 2536 3288
669 688 9962 9981
5858 5912 6998 7052
5263 5562 361 660
8279 8400 1934 2055
3739 4399 7804 8464
2995 3578 7065 7648
1306 1445 9724 9863
9099 9761 8097 8759
4184 4740 1954 2510
1499 1977 4691 5169
448 882 3419 3853
9573 9841 4425 4693
9512 9984 6268 6740
9415 9782 5936 6303
98 682 8334 8918
2317 2779 7778 8240
9662 10000 6108 6505
2450 2828 9899 10000
4755 5192 6354 6791
1082 1749 6436 7103
4462 5129 5661 6328
4741 5136 4834 5229
8783 9294 84 595
8850 9080 2262 2492
2129 2882 5759 6512
102 464 4929 5291
282 285 3602 3605
1476 2102 9462 10000
222 931 5308 6017
2073 2655 5235 5817
3328 3637 7074 7383
1889 2603 8040 8754
5915 6629 2754 3468
1147 1391 8976 9220
7668 7802 2965 3099
3628 3936 8575 8883
5247 5985 2900 3638
1199 1334 2825 2960
5003 5023 5648 5668
3141 3165 7870 7894
390 841 2467 2918
1972 2218 1290 1536
7791 8414 4850 5473
474 915 4492 4933
455 527 9630 9702
9836 9866 3382 3412
2127 2519 2081 2473
4629 5033 839 1243
2174 2718 741 1285
799 1370 3334 3905
9263 9806 337 880
8662 8983 4540 4861
5154 5786 6467 7099
2086 2539 4757 5210
2775 3437 2800 3462
9932 9944 4341 4353
7728 8146 9327 9745
129 448 2873 3192
3604 3901 1921 2218
5404 6045 3200 3841
3856 4253 8161 8558
4184 4531 2833 3180
4358 4669 4263 4574
5281 6025 9022 9766
2569 3099 3062 3592
2702 3293 5118 5709
9536 10000 2952 3524
9633 9900 8598 8865
8474 9071 3301 3898
8870 9519 5496 6145
608 759 3022 3173
6585 7240 5327 5982
6215 6288 1252 1325
7300 7997 5595 6292
9737 10000 7464 7896
26 721 9067 9762
0 314 3895 4275
0 719 4500 5242
9710 10000 7398 7705
1083 1620 9047 9584
7492 7613 4691 4812
5411 5919 9197 9705
1157 1164 8200 8207
4678 4814 3248 3384
0 575 7441 8178
114 588 1086 1560
5091 5648 731 1288
4484 4675 9280 9471
0 303 8810 9310
4611 4970 1617 1976
8492 8830 8429 8767
1826 2301 5728 6203
1246 1383 9020 9157
2508 3104 1476 2072
3616 4272 1766 2422
1928 2533 7401 8006
8117 8381 1181 1445
9626 10000 52 652
4115 4389 7909 8183
6260 6633 8991 9364
5200 5880 8122 8802
3457 4148 1124 1815
7491 8153 408 1070
2695 3097 2714 3116
9024 9209 9523 9708
4995 5630 6426 7061
1662 2416 9024 9778
3247 3851 6412 7016
7675 8351 2582 3258
6551 6874 3736 4059
6293 6526 8969 9202
5908 6171 2222 2485
854 1055 4616 4817
8540 9244 1954 2658
2316 2979 6484 7147
7306 7795 9465 9954
6473 7171 9910 10000
2692 3213 4859 5380
3388 3921 8415 8948
7799 8099 8045 8345
3177 3349 9238 9410
2114 2656 6987 7529
6191 6568 2015 2392
3392 3727 1402 1737
8589 8836 8849 9096
3792 4326 4231 4765
3203 3350 4123 4270
9023 9504 1259 1740
9659 9943 5300 5584
1555 1725 3951 4121
9162 9773 5657 6268
1154 1580 28 454
8496 9869
9288 2734
4428 6926
3034 9304
9568 1291
8182 9674
1147 4043
8145 9990
2499 48
8770 3332
4281 8676
1754 9307
4192 9801
5262 9954
2512 4382
3554 7055
7382 4867
7793 5351
9816 6262
516 4952
5480 6628
7021 1168
111 7311
7627 2683
3676 1038
6113 5070
8065 4518
1475 8164
961 9475
9380 2006
2297 845
8596 3049
1553 9668
4727 3861
9421 3302
1354 8043
1472 529
8967 1839
3372 3137
4037 6609
6431 3771
3648 1192
6493 5032
7891 433
14 8296
7782 250
9406 2164
5434 6300
1433 1031
8256 3754
392 3763
6855 6238
8015 9815
9458 569
2917 9544
5045 6397
277 1526
4334 515
615 4757
8713 2952
8914 5350
5103 8515
9317 2177
5482 4315
3306 6271
3059 123
4512 745
3656 1600
9982 1979
9537 7172
6964 4964
2097 8709
6890 3237
2602 2753
8110 3518
4165 2850
9152 8312
9307 9119
1058 325
1848 8223
5876 1788
7632 445
8307 2077
3895 9157
8679 9681
5029 3583
5513 641
4880 7597
3471 4119
9582 6387
3689 3956
8021 2552
7200 5036
7149 1742
6059 4874
2492 5653
7553 458
2734 2366
9624 2619
600 2323
7394 4947
2956 8837
5019 3149
9269 2654
9157 6928
4577 9990
2695 625
4704 6225
3131 3662
5424 5192
953 5390
4170 7946
6539 8117
4592 5520
4201 2237
232 5617
4765 1987
3299 4706
3560 5457
5641 1180
7198 2677
2081 8735
1886 9117
2939 2229
5606 9932
1039 7406
2168 74
218 3335
8080 3716
1957 2664
4363 1184
1192 6610
8520 682
7582 6217
1674 5927
5068 4367
8960 5286
9040 2546
2981 7036
9093 3638
2177 3614
2921 6167
4210 922
7263 4868
2470 2418
582 2989
4829 5118
2026 7097
8384 4672
8798 2320
9507 9415
2090 6888
9786 7526
6172 8425
5712 8476
8048 8404
6226 2693
3764 4174
2554 5873
8399 6256
3470 6156
1646 7211
6242 7763
1379 58
3628 5345
3284 9869
1894 5432
3329 5228
8548 8040
4505 2965
6637 2130
9152 9270
6492 9100
2526 395
9493 4540
4301 5288
9132 6235
2386 4188
3245 2224
3363 263
1073 757
2040 3525
3966 9804
3407 201
2751 5319
9248 2880
7077 3592
2149 8134
3481 4309
2130 5483
1013 9967
8061 7845
9238 4743
9473 8235
335 9329
2190 4995
5246 2976
8330 5999
7428 4470
2087 792
2057 5092
7007 1252
9248 2372
7277 9899
4796 9579
3318 3823
9272 4535
1959 8092
6506 4733
6347 4797
876 6742
836 2769
4934 583
67 1612
1251 2174
9927 5859
8128 2713
7592 8173
8925 4612
6451 3604
660 6387
7625 9355
7282 4136
783 6325
8063 1975
1331 2971
3542 8007
9543 8371
6638 4572
1965 9154
7128 4632
6851 1569
8467 1664
2561 2307
3947 5238
2704 3609
836 1440
9817 6635
2693 611
2152 2213
2008 3875
252 7288
7795 9550
7773 6202
9735 8170
4128 4932
6745 2722
3332 8664
9019 1247
8762 6343
3798 5229
7549 2594
2556 9058
6393 2848
4225 6243
2821 2531
5560 8233
8733 9760
8402 32
2124 3472
3197 1900
4678 5123
4399 3115
2601 4421
5775 4883
1592 421
4900 1925
655 9135
3123 1824
9113 7122
5644 285
6824 309
2558 8792
9114 6836
966 7379
3605 1333
469 271
6885 3379
1165 198
3943 9317
8745 4721
8062 303
114 1681
415 9220
7651 2003
130 7521
1500 7716
6116 2623
2170 928
6130 1437
612 2093
3864 265
2491 8008
1658 3825
1674 1780
5642 6644
8818 5686
1779 6798
7787 6182
3353 6124
8212 5012
3874 5698
1670 6251
9179 385
7975 8403
684 3121
495 9987
5385 2206
4998 2968
6650 963
1456 1071
2008 5117
6035 1743
9822 9109
9753 5914
1329 3975
509 2511
8022 9748
7506 1157
8592 9088
8791 7012
5384 8612
5478 2265
9205 7020
1153 2942
1331 2256
8504 1883
2746 5908
7937 496
1291 7487
3783 9524
9200 1606
3442 6914
6156 2496
5709 1241
5751 5759
8458 5193
487 4756
5112 3364
4962 446
6964 333
196 3736
3122 1825
7612 4177
5170 3689
1498 1193
3903 5869
8229 7026
7564 4796
5578 639
1259 6722
1414 4515
8988 2900
4530 8246
1999 6403
863 7276
6380 2484
3294 9763
3946 3722
5963 2391
8108 761
3571 4957
1075 1235
9652 4255
4529 2085
404 5040
9070 7821
6526 5622
784 9821
6586 7780
3208 6274
7357 232
4416 8630
1822 7480
8880 6276
1112 9752
7314 961
6222 6015
2732 8533
4221 662
4825 4018
9298 4102
9657 2026
568 5515
1527 6888
6615 9904
2149 7836
1421 6880
5986 3130
5529 7094
5590 3733
15 6767
8542 4709
7373 6505
6813 914
8113 2496
2536 3168
4810 621
3159 2317
8466 4797
7384 1891
2901 4214
9781 6298
4255 6240
490 7630
3949 1
8243 140
6969 2700
2894 8312
206 5206
6085 4815
6996 1256
7498 4323
3439 56
1099 3485
9973 3851
6508 8590
462 1897
1838 1512
64 9379
689 2075
1002 8312
9498 67
553 8694
642 8529
1254 7256
7537 95
8250 1692
1881 3011
5311 3287
2827 3389
1438 1371
9921 4069
5267 8898
2703 2267
2231 3431
4901 7437
1482 3582
7693 7454
3113 7714
7875 408
2888 9984
1246 3724
8001 2110
4529 2894
596 9366
6498 1083
5673 1876
3942 1105
2906 7260
746 8517
300 4977
1289 8918
6688 2511
8648 9031
9471 7931
9716 4316
1479 4636
3389 7709
6290 5705
3777 3946
9899 7569
514 3850
4707 3717
2550 6554
2883 1653
3117 744
3057 5699
5296 3263
203 5380
950 84
2034 3232
9682 6135
3414 1336
5486 518
3173 7629
9925 4874
941 5254
9097 7948
5923 3664
1512 162
9556 3978
3754 8108
7645 3916
6093 7472
7968 8979
1544 5186
8113 6980
815 2608
1368 4047
7473 5782
7725 6849
6636 105
4870 3591
8900 1097
5922 4180
6876 9475
3481 3340
7035 5301
6141 638
9693 9956
9509 4177
2066 4805
8100 3355
4487 8547
9369 7378
344 7178
6070 887
6068 1151
2430 4981
8538 2284
4616 4592
4427 4360
4966 5789
632 8849
2305 7005
9858 3189
4149 8357
2622 9661
4813 6874
4207 4862
5038 4908
2283 3029
247 4902
9774 2857
3723 8891
8466 6809
928 6975
4833 5718
6854 2541
370 119
1304 3518
7713 8193
7036 6946
9412 468
9102 6536
8838 3082
7663 8331
5639 9600
8281 5186
9176 688
4967 1305
3952 2238
5900 6104
5738 9050
5056 6015
9077 4404
883 8321
3863 2025
9216 2782
6103 6119
5859 6932
8658 7590
6697 3284
9901 500
7228 3468
9925 7538
1171 8972
7969 3027
2184 3041
7169 8839
5563 7493
5721 6398
5232 1880
8398 550
8651 8423
526 6213
8928 7457
5495 8930
8736 4004
7138 6734
2265 1804
5761 5031
563 5371
4066 1045
7195 2794
109 9905
9321 1438
9920 4000
7352 4203
2690 7341
7884 5071
254 2051
1337 8102
4154 9618
464 8306
6721 2217
455 1881
9986 5369
2460 4092
6584 4223
4570 5584
1944 4701
299 9611
3033 6470
4876 5178
2449 5910
6252 6914
4580 859
5212 2492
4478 891
971 4796
546 7300
3405 6819
9022 237
9336 3646
4412 5422
5417 3179
9389 5549
2770 2689
9256 5254
9247 4283
8582 3014
4265 1298
6672 510
3337 8898
5217 3952
6771 8556
6512 6517
5930 3959
126 9123
2907 672
4908 4032
7010 2342
2206 9286
8194 2741
9739 4062
457 8180
6378 814
415 132
1235 8815
1831 1738
3022 6183
6666 1799
8811 9188
7226 191
2449 2130
4722 5511
1119 2046
927 3746
7510 9840
6135 6306
7393 822
96 9929
9326 2226
8855 4487
9955 8008
7989 8781
7038 9502
7631 8524
6146 9428
3465 4681
2227 79
7350 4503
7075 2100
6408 9391
8635 8667
4387 5785
6082 7263
5721 42
4642 350
889 217
3929 241
2751 7175
3659 6038
933 5874
2848 14
3250 2699
684 9966
5903 7013
5465 391
8382 2043
4159 7812
3310 7354
1333 9820
9273 8219
4696 2503
1721 4995
496 3842
9575 4612
9805 6587
9622 5962
352 8800
2399 8239
9754 6263
2500 9943
5136 6409
1550 6947
5047 5783
4878 5046
8976 530
9001 2372
2518 6276
189 5268
283 3602
2025 9497
769 5772
2346 5417
3398 7378
2415 8193
6169 2770
1187 9171
7672 3023
3793 8623
5680 3167
1309 2862
5011 5659
3154 7886
493 2780
2096 1531
7978 5176
489 4797
464 9694
9853 3383
2217 2365
4782 992
2510 1240
1147 3840
9663 646
8737 4552
5636 6610
2100 4891
2954 3302
9943 4341
8124 9469
425 3056
3627 2057
5512 3737
3948 8403
4440 2871
4459 4407
5842 9486
2745 3336
3021 5375
9968 3157
9777 8642
8526 3308
9277 5803
734 3169
6951 5894
6281 1268
7965 6134
9842 7689
100 9537
111 4247
267 4876
9876 7675
1388 9190
7539 4790
5749 9636
1162 8200
4752 3282
268 7869
335 1338
5558 1244
4514 9445
89 8973
4754 1892
8671 8627
2097 6195
1262 9053
2932 1818
4238 2166
2179 7941
8257 1304
9847 430
4388 7995
6360 9048
5402 8202
3671 1304
7971 626
3050 3026
9039 9604
5492 6456
1788 9301
3400 6506
8047 3084
6643 3937
6516 9136
5949 2330
940 4737
9212 2071
2899 6993
7711 9481
6848 9993
3070 4917
3423 8777
7878 8207
3255 9294
2624 7423
6218 2204
3487 1586
8727 8960
3985 4656
3220 4186
9453 1554
9839 5538
1624 4069
9375 6110
1284 262
