800 59 400 4 2214
13 32 24 1 12 14 4 44 6 30 21 24 10 22 2 3 1 23 12 79 9 3 14 2 6 5 4 5 10 6 3 14 4 1 9 12 29 2 2 6 13 7 5 21 5 10 18 33 2 12 27 8 3 19 35 5 1 33 20
8022 9654 6619 8251
4405 6474 0 2044
1063 2594 8322 9853
7168 8105 1758 2695
4585 6436 1382 3233
3280 4157 6934 7811
2387 3866 0 1367
7335 8804 5809 7278
7444 9023 5676 7255
566 2503 693 2630
1642 2534 9533 10000
1435 3310 9010 10000
4760 5717 1502 2459
6420 7712 2536 3828
5958 6233 9825 10000
8081 8832 7583 8334
3667 5596 5176 7105
9684 10000 1727 3035
3802 4593 1275 2066
4117 6318 3101 5302
7646 8707 4852 5913
3600 5590 7796 9786
7693 9877 4193 6377
9021 9507 2353 2839
508 2049 2808 4349
4511 5878 3326 4693
655 2788 398 2531
5240 6909 9533 10000
7438 7573 8152 8287
6334 8303 4689 6658
6555 8310 3983 5738
9080 9766 9372 10000
3817 4469 6619 7271
4257 5035 5320 6098
1927 2644 2269 2986
5931 6146 3175 3390
572 950 6676 7054
454 1802 378 1726
6193 6822 8666 9295
8796 9736 6298 7238
1048 1540 6542 7034
8181 9001 1856 2676
2591 4696 7714 9819
7539 7583 254 298
5162 6350 7029 8217
7099 7982 2994 3877
0 363 1016 1409
9424 10000 6168 7117
7829 8567 7831 8569
1210 2411 7737 8938
1120 2518 4885 6283
602 941 3350 3689
6308 7213 999 1904
8727 8809 9038 9120
4234 4895 5022 5683
0 586 1052 2481
7857 9117 7273 8533
0 1704 1738 3533
1838 2191 4380 4733
4257 6293 9138 10000
275 1417 4268 5410
5086 5347 8853 9114
0 895 289 1376
0 959 722 2583
3595 5159 5050 6614
8889 9187 6731 7029
9267 9405 2766 2904
9654 10000 3795 4731
9023 10000 453 2634
6985 7781 9129 9925
5571 6984 4084 5497
5042 6789 7167 8914
7510 7525 9177 9192
5760 7869 3543 5652
3151 4788 3842 5479
1402 2434 2053 3085
6837 7798 3043 4004
3671 5310 4886 6525
6694 7301 9379 9986
0 751 9148 10000
5316 5981 3094 3759
58 356 5230 5528
1225 3111 383 2269
9386 10000 2782 4334
3892 5349 5916 7373
3736 5532 4292 6088
7312 7567 1808 2063
5983 6957 0 816
619 2623 0 1782
9157 10000 732 1862
0 29 5814 6659
9203 10000 7084 8861
3999 5048 4851 5900
8109 9818 0 1708
8219 8418 4811 5010
3918 5428 3102 4612
6866 8818 820 2772
3043 4368 4283 5608
6581 7569 0 802
0 1796 4261 6448
6875 8276 596 1997
6642 8054 8460 9872
6970 8310 7433 8773
8376 9926 5239 6789
2595 3758 6997 8160
6366 7634 7846 9114
9163 10000 5599 6594
6779 6897 5952 6070
6565 8200 2432 4067
2946 4306 2272 3632
9065 10000 8690 10000
1515 3235 5999 7719
1883 3023 6913 8053
4489 5842 5259 6612
2535 3037 4488 4990
7091 8479 5291 6679
7927 9306 5907 7286
5293 7207 5857 7771
6249 7934 1699 3384
3430 5338 1515 3423
7784 8057 4088 4361
7498 7956 6116 6574
2104 3659 0 1159
5272 7471 190 2389
28 1569 1849 3390
1294 2505 9278 10000
8656 9397 6768 7509
734 1245 8865 9376
4458 6332 1876 3750
2887 3186 2619 2918
1931 2251 2978 3298
3471 4940 8659 10000
4217 6169 7995 9947
1990 2651 162 823
4831 4982 8991 9142
4421 5553 4040 5172
6862 6902 1691 1731
3002 3244 1325 1567
5262 6709 2723 4170
5714 7156 0 690
2921 3030 5143 5252
4398 5651 405 1658
4047 4079 7237 7269
1640 2626 4243 5229
6001 6034 8868 8901
808 1821 382 1395
4538 4666 9353 9481
6320 7239 755 1674
5445 7545 4089 6189
8465 10000 2436 4018
332 1878 4542 6088
7450 7626 5878 6054
4565 6164 6104 7703
9109 9410 687 988
6347 8450 0 2009
8881 9290 870 1279
5384 6267 249 1132
820 2399 7514 9093
8613 10000 4178 5746
2842 4587 9406 10000
3567 4820 4131 5384
7756 9874 5904 8022
9049 9611 515 1077
7455 8163 3536 4244
1859 3027 8731 9899
3043 4263 1948 3168
7245 8327 6988 8070
6472 7455 3129 4112
6667 6921 8335 8589
5562 7217 6466 8121
1452 2807 4655 6010
6464 7383 4440 5359
9041 9607 438 1004
109 1813 5337 7041
9335 10000 6611 7414
3246 3448 1013 1215
0 1282 2345 3800
875 2731 8420 10000
3151 3402 5329 5580
8158 10000 56 2136
2966 4855 5790 7679
521 763 1613 1855
4725 5851 4068 5194
8638 10000 4796 6948
4260 4554 2374 2668
5196 5360 3553 3717
7617 7858 5389 5630
1234 3093 4298 6157
10 792 1476 2258
0 1290 6011 7303
3313 3393 4840 4920
6842 7301 1845 2304
3037 4431 3202 4596
0 828 8393 9537
4715 5657 1092 2034
6345 8320 2391 4366
7649 9060 8177 9588
9622 10000 3148 4452
3129 4819 4418 6108
4379 5176 4113 4910
9222 10000 5514 6558
4850 6382 5688 7220
3519 3933 7798 8212
7476 8792 2307 3623
6193 6875 9239 9921
3745 4102 2691 3048
6752 8938 234 2420
1009 1970 2200 3161
2770 3975 2514 3719
1949 2994 8181 9226
4799 6719 7771 9691
2715 4013 3305 4603
0 124 1228 1890
2065 4263 4472 6670
0 1866 6614 8659
2696 2963 8939 9206
5507 5697 2352 2542
3067 4556 3051 4540
1471 3007 1555 3091
0 222 803 1490
3346 4252 1732 2638
1817 2059 4328 4570
773 2157 1174 2558
1163 1292 0 129
6682 7415 3527 4260
7645 9223 5043 6621
665 1399 1172 1906
5282 7271 3335 5324
2096 2407 5974 6285
6472 6802 7443 7773
1381 1945 1695 2259
2994 3672 5644 6322
7808 9944 1568 3704
5737 5766 581 610
726 1711 9865 10000
2341 2668 6387 6714
6681 8844 9745 10000
0 1433 4497 6644
6040 7415 3663 5038
7213 9287 296 2370
2028 3549 9100 10000
8586 9912 9281 10000
7404 7749 7422 7767
2280 4393 3049 5162
2623 3631 1233 2241
7648 8047 193 592
8443 10000 4926 6815
5742 6101 7406 7765
5382 7230 8071 9919
0 1965 6399 8502
4296 5114 4648 5466
4101 4693 2280 2872
0 139 3455 3721
6877 7366 2905 3394
5975 6867 3035 3927
6200 7080 5829 6709
8118 10000 2113 4110
8366 9128 3784 4546
3831 3968 9222 9359
1504 3569 3787 5852
8489 9041 1277 1829
5860 7516 4516 6172
6500 7417 0 856
2911 3761 3390 4240
3618 4051 0 55
3607 4117 585 1095
6876 8468 0 1592
298 1533 6005 7240
0 1048 929 2563
7774 9282 8891 10000
6275 8216 7572 9513
2089 3793 3238 4942
187 650 0 298
4301 4773 5334 5806
0 1147 457 1917
5472 6529 5205 6262
2078 4012 5383 7317
3683 4736 364 1417
4968 6700 1763 3495
0 622 630 2527
1572 2917 3887 5232
7005 7034 2915 2944
0 1204 2052 3373
2881 3987 5728 6834
8836 9031 7153 7348
9391 10000 509 1674
0 1248 0 419
5458 7502 4429 6473
4636 5854 9267 10000
6011 6117 4327 4433
0 397 2910 3814
5713 6698 1608 2593
8627 8895 8138 8406
5630 7536 2968 4874
2581 3213 4569 5201
2400 3529 0 794
259 1911 9637 10000
383 790 6952 7359
9635 9674 7221 7260
9439 10000 8654 10000
338 1175 9287 10000
3663 5399 4158 5894
5993 7685 4534 6226
7783 8522 526 1265
7009 7263 6568 6822
1281 2634 4745 6098
5896 6104 8956 9164
2018 2372 4774 5128
4089 5725 9412 10000
7689 8610 6422 7343
5349 6877 4063 5591
3401 5195 0 866
789 2688 6835 8734
7859 9603 0 251
6133 7775 7686 9328
6856 7334 594 1072
6132 8343 0 409
7795 9237 3302 4744
248 701 5309 5762
6458 7615 9395 10000
9193 9996 4321 5124
2180 4015 3588 5423
7792 9990 3770 5968
7499 8867 2965 4333
2819 3514 9540 10000
2869 4973 5331 7435
0 1053 6910 8026
4404 4422 4770 4788
5047 5116 1416 1485
0 619 1051 2182
5131 6138 9073 10000
8557 8603 9231 9277
6811 7524 6547 7260
5232 5351 4547 4666
9857 10000 5069 5315
7377 9423 3311 5357
4081 5853 1761 3533
2746 3153 5123 5530
7036 8761 4179 5904
6342 8244 699 2601
2565 4671 1740 3846
4550 6350 6754 8554
4652 6856 6283 8487
7102 7832 868 1598
1328 3435 2975 5082
4520 5563 4599 5642
4357 5337 717 1697
895 1412 9384 9901
5146 5916 1348 2118
2033 2258 5766 5991
2205 3769 8031 9595
258 781 6987 7510
1229 2443 7869 9083
2037 2401 6745 7109
4478 5081 8439 9042
8990 9125 6370 6505
9406 10000 426 2050
9548 9550 4688 4690
4358 4848 8295 8785
1246 1840 1188 1782
5980 8161 7890 10000
7850 10000 4913 7084
2064 2196 3387 3519
5684 5699 6877 6892
8644 10000 5211 7249
940 1534 3127 3721
4180 4615 50 485
0 1171 1193 3032
9250 10000 0 1041
2150 2294 2988 3132
0 1753 885 2827
9525 10000 9407 10000
1792 3691 8341 10000
9103 9181 8322 8400
0 1834 116 1987
3214 5376 7552 9714
3071 4566 5908 7403
7202 7977 6662 7437
7103 8057 947 1901
8057 9874 442 2259
201 838 4595 5232
5378 5482 1243 1347
9568 10000 2958 4974
7516 8663 8294 9441
4186 5866 8802 10000
2910 3903 4713 5706
7479 9243 0 1238
9493 10000 2304 3205
3454 5004 0 746
1681 3491 4274 6084
2813 4812 3408 5407
651 1428 7930 8707
9105 10000 9067 10000
887 1483 4141 4737
4523 6280 4225 5982
6760 8381 4997 6618
470 2554 2910 4994
4339 5501 0 730
680 2247 4108 5675
603 2798 8275 10000
7491 9665 3088 5262
6111 7731 2831 4451
6406 7528 3338 4460
7283 7534 3024 3275
6511 7590 2698 3777
4428 6146 6297 8015
3085 3412 3918 4245
7963 8445 7609 8091
4538 6076 0 411
4613 5608 4676 5671
9174 10000 518 2207
5999 6852 1512 2365
4328 4904 3267 3843
6816 8185 3468 4837
6342 8135 1350 3143
2925 4998 1957 4030
141 1346 9030 10000
4289 4661 7688 8060
182 494 5911 6223
4350 5181 4081 4912
2072 2203 8316 8447
6321 8078 5014 6771
2168 2423 5312 5567
2550 3002 7047 7499
1595 3721 1902 4028
0 1536 3174 4873
6137 8095 7333 9291
6489 7786 2814 4111
7278 7980 8077 8779
8759 10000 3774 5197
7492 9164 417 2089
4856 5913 4942 5999
3340 4822 7695 9177
3682 4520 572 1410
2572 3551 8895 9874
3141 4612 8811 10000
6645 7587 691 1633
4712 5220 5010 5518
9003 9731 7851 8579
4855 5784 1895 2824
1255 2158 2545 3448
0 511 3025 3578
5187 5270 3011 3094
5212 6057 2446 3291
0 1797 3472 5407
8610 9842 4502 5734
7742 9187 1207 2652
0 952 512 2621
7091 7297 6838 7044
6761 8711 821 2771
5909 7778 0 923
5845 6849 2023 3027
6842 8993 147 2298
6556 7704 6992 8140
1054 1965 3124 4035
1371 1586 1236 1451
1371 1680 2077 2386
0 1987 3409 5594
2953 3033 132 212
2148 3668 184 1704
3513 4655 858 2000
6962 8686 3338 5062
8438 9673 6787 8022
0 372 0 1204
86 1048 775 1737
3725 5131 3979 5385
6481 7786 0 868
7022 8788 0 1753
1426 1988 6561 7123
6403 6543 5170 5310
877 2377 9448 10000
558 1090 6814 7346
2370 3503 9024 10000
3637 5248 139 1750
5482 6339 1534 2391
179 508 8265 8594
2568 3875 5100 6407
8416 8503 8693 8780
4769 4796 1204 1231
5716 6354 6340 6978
6684 7601 3195 4112
8609 10000 4896 6520
66 879 0 641
9489 9595 1973 2079
6669 8841 2995 5167
4267 6302 9431 10000
2697 3792 5801 6896
7283 8319 6504 7540
0 492 1244 2476
2910 3091 1982 2163
7397 8957 2047 3607
2421 4273 5385 7237
3581 3777 2708 2904
4112 4936 1277 2101
2673 3242 6902 7471
8207 8707 7286 7786
3614 4520 2513 3419
6423 7699 7505 8781
5983 7747 344 2108
1618 3528 7094 9004
3492 5126 4977 6611
4551 5177 6108 6734
4961 5744 1938 2721
8266 8635 5034 5403
8076 9931 9169 10000
6126 6412 1576 1862
1426 2781 3645 5000
6481 7349 6375 7243
3086 5214 0 1484
6596 6922 2102 2428
595 2672 4329 6406
7192 8346 2952 4106
1128 3046 6150 8068
0 172 6931 7205
9506 9906 6810 7210
5841 6705 6820 7684
4999 6531 1943 3475
7388 8756 236 1604
8475 10000 1503 3435
9244 10000 899 2866
4304 5725 437 1858
337 849 6982 7494
7835 8127 761 1053
319 1843 0 1152
5552 5885 1043 1376
4413 5511 5908 7006
9688 10000 3653 4372
7505 8565 1793 2853
5229 5502 4223 4496
5876 5996 7176 7296
2954 4529 2131 3706
827 1585 4855 5613
5147 6667 7261 8781
0 1197 7786 9529
6801 7858 1342 2399
5798 7085 2763 4050
4993 6536 884 2427
6972 7456 552 1036
7024 7242 6630 6848
2191 3649 7626 9084
4955 6619 2042 3706
4654 6166 0 1391
7156 9268 1295 3407
6736 8382 532 2178
780 2162 5417 6799
3075 4347 0 438
4580 6218 4517 6155
9005 10000 7364 9434
3611 4079 9733 10000
5022 6923 2149 4050
1590 3156 2688 4254
2842 3048 9108 9314
4331 5979 6827 8475
2973 3962 4294 5283
9001 10000 3242 4367
7647 9045 5184 6582
1735 3705 3385 5355
5672 6420 105 853
5645 6553 8384 9292
0 700 8075 9258
594 2317 9223 10000
8712 10000 4128 6342
9242 10000 6706 8547
4996 5810 6018 6832
6211 8307 4673 6769
7694 9867 5921 8094
7613 8976 5994 7357
2056 2320 5607 5871
1343 2667 3922 5246
6538 8023 1617 3102
3953 5501 5176 6724
89 610 8401 8922
3281 4692 8913 10000
4366 4463 8609 8706
2512 4519 7748 9755
5438 5468 7937 7967
4242 5050 6503 7311
5018 6970 8202 10000
8190 9637 7879 9326
9367 10000 7602 9552
4188 5869 763 2444
2221 4041 3715 5535
852 2077 0 923
6885 8967 7932 10000
1005 1305 8148 8448
3691 5184 6232 7725
7508 8109 6407 7008
4850 6877 2170 4197
2228 2894 8848 9514
5892 6820 6315 7243
382 1132 5873 6623
6246 6357 7338 7449
713 2699 3794 5780
9004 10000 3632 5678
6480 8074 1272 2866
3269 3344 916 991
7099 7495 4070 4466
7896 8758 8028 8890
4413 6583 9769 10000
4571 5411 3675 4515
4319 6485 3093 5259
9081 10000 214 1340
6891 7080 1284 1473
8929 9859 6478 7408
5319 7316 9576 10000
1039 2362 0 1273
7950 7986 582 618
5642 7330 6280 7968
6278 6797 9528 10000
7162 8497 4745 6080
3471 4738 8444 9711
1828 3227 311 1710
1950 3936 6352 8338
2505 2720 2567 2782
9753 10000 7024 7470
5149 6607 9038 10000
9485 10000 9220 9852
6461 8081 6676 8296
9184 9903 7039 7758
3847 4720 9653 10000
6371 6926 1284 1839
3190 4091 1582 2483
4132 5373 9671 10000
4206 4238 6839 6871
5162 5482 3425 3745
9150 10000 3507 5057
1593 2577 1272 2256
1170 1494 1620 1944
6603 8430 7908 9735
7108 8799 3111 4802
666 978 8987 9299
1106 2198 8246 9338
9564 9622 4168 4226
3224 5285 5039 7100
3014 3919 1652 2557
4895 5562 7181 7848
1455 2945 8226 9716
0 1120 4703 6355
45 1857 0 1319
4980 5229 7298 7547
1327 2028 8635 9336
5764 6021 2026 2283
4741 5100 6264 6623
2807 4266 5191 6650
1833 2812 6756 7735
4251 5780 5271 6800
0 1701 4088 5957
6273 6276 481 484
8359 8806 0 335
0 864 2277 3271
3754 5494 8550 10000
3005 3225 6128 6348
5866 6446 5332 5912
3295 4164 2629 3498
6608 7895 0 1210
1493 2130 472 1109
3889 6103 2246 4460
419 1697 7219 8497
2684 3891 2443 3650
4278 5630 2586 3938
8717 9312 1022 1617
5298 6445 7868 9015
0 1139 708 2429
6346 7288 8424 9366
6232 8203 1959 3930
1442 1904 53 515
8080 9192 7115 8227
0 519 4411 6560
1446 1711 6829 7094
2494 4045 2714 4265
7182 8988 4660 6466
7908 7926 2954 2972
595 778 4089 4272
542 1897 5736 7091
7755 8826 6775 7846
1469 3432 4068 6031
4943 6806 4380 6243
405 985 53 633
325 434 627 736
1011 2167 2785 3941
6031 7942 0 1374
8606 10000 3403 5516
0 919 3866 5650
2659 3146 6883 7370
2663 4853 848 3038
2091 2378 0 259
4883 7074 0 1151
355 1649 0 856
1967 2875 7737 8645
239 343 1861 1965
7689 7701 2746 2758
0 1175 3427 5404
6518 7483 7301 8266
7527 8566 3357 4396
4060 4663 1646 2249
4178 4721 2820 3363
5901 7784 6957 8840
7808 9316 343 1851
5707 7605 0 1636
3035 3887 1278 2130
2878 4920 1737 3779
5793 6378 3925 4510
2080 4151 2986 5057
6872 8740 427 2295
8990 10000 2397 3699
5492 6618 3001 4127
6081 8076 0 452
5466 6505 2596 3635
88 1667 755 2334
4719 4934 4966 5181
3777 4238 9165 9626
8243 9248 848 1853
5915 8003 5790 7878
4721 5292 1861 2432
0 986 3080 4466
7605 7897 1022 1314
19 1567 0 1391
2556 3824 8096 9364
3891 4788 8825 9722
0 1072 7309 8571
1823 2798 3641 4616
5301 7125 2936 4760
8501 9317 2691 3507
1995 3800 5545 7350
1252 2890 7980 9618
7348 8460 5828 6940
1764 3646 4080 5962
954 2733 2284 4063
6182 7314 4284 5416
3440 4620 4266 5446
7809 9454 0 1271
0 1922 1301 3282
9589 9944 9811 10000
6242 7280 8821 9859
6946 8204 7472 8730
8681 9639 4355 5313
5696 6302 3135 3741
0 722 7306 9230
5515 6187 3655 4327
8426 9632 1583 2789
6836 8901 2915 4980
1118 2370 1866 3118
7854 7936 6650 6732
6244 7341 6320 7417
4575 5763 5631 6819
3392 3463 2407 2478
4673 6227 1762 3316
2963 4648 431 2116
3651 5781 4781 6911
4437 5370 6544 7477
382 769 870 1257
1658 1863 4079 4284
2257 3488 3801 5032
4179 5529 4568 5918
2573 4450 1119 2996
1998 3914 5449 7365
1540 1604 4376 4440
4056 4568 4959 5471
8044 9147 3325 4428
2097 3045 1093 2041
6848 7335 6695 7182
7714 8404 25 715
7389 7525 9099 9235
4371 6382 0 717
5355 6441 9051 10000
8709 10000 0 1390
2107 3169 7679 8741
3680 5005 2629 3954
149 764 3282 3897
7073 7697 2179 2803
243 597 3241 3595
7785 9355 6086 7656
4756 6411 9001 10000
8235 8366 9459 9590
5015 5057 3178 3220
5715 7459 6800 8544
2398 3581 5580 6763
5273 6915 8245 9887
3211 4250 6976 8015
2284 2315 989 1020
4680 6033 8870 10000
8421 10000 6715 8746
2126 2500 3619 3993
7500 8963 785 2248
3764 5075 4657 5968
4665 6518 360 2213
3519 5659 2910 5050
8905 10000 657 2297
1270 1427 8589 8746
6493 8689 1927 4123
6349 6738 8633 9022
8116 8721 9225 9830
4022 4897 6404 7279
3755 5421 2936 4602
2411 3836 3480 4905
4432 6141 0 1701
1276 1968 6478 7170
834 2926 1421 3513
2011 3661 3320 4970
7653 9646 6242 8235
8139 7670
4994 188
1985 9188
7763 1957
4738 2277
4018 7400
3851 743
8547 7024
8594 7115
1672 1965
2012 10000
2440 9737
5485 1878
7183 3204
6028 9872
8649 7834
5457 5643
9931 3003
4154 1525
5493 3318
8407 4971
4272 7807
9655 4966
9311 2614
1062 3507
5139 4115
1110 436
6899 9760
7561 8219
7858 5450
8010 4258
9238 9752
4211 7192
4589 5739
2411 2445
6017 3287
824 6790
676 1344
6672 8700
9414 7219
1516 6860
8637 1953
3526 8029
7576 263
5965 7337
7398 3298
64 1094
9727 6357
8266 8291
2247 7762
2219 5922
725 3465
7119 1180
8734 9041
4778 5332
530 1521
8551 8261
851 3452
1948 4596
5483 9673
1191 5054
5173 8891
262 374
742 957
4097 6507
9132 7018
9281 2833
9888 4646
9978 456
7358 9446
5908 4617
6729 8118
7519 9184
7819 4029
3252 5102
2146 2345
7174 3391
5136 5734
7048 9746
158 9481
5701 3160
268 5297
1956 1494
9526 4172
4313 5960
4085 6001
7372 1953
6474 143
2594 643
9767 1845
25 6454
9548 8823
4713 5634
9746 607
8336 4910
4679 3365
8628 1288
3192 5377
6984 243
291 4971
8056 1724
7495 9121
7437 8243
8460 6669
2892 7726
7009 8779
9315 6248
6887 5960
8016 3712
4243 3146
9135 9072
2348 6634
2269 7679
5565 6148
2840 4538
7722 6512
9013 6301
6926 6034
6733 2475
4400 2027
7998 4105
7837 6511
2337 310
5719 1258
1514 2951
1894 9994
8975 7373
1106 9243
6117 2436
3050 2834
2207 3011
3909 9882
4798 8811
2605 249
4854 9059
5406 4165
6864 1720
3013 1425
6304 3397
6990 399
3017 5157
5042 1199
4067 7239
1800 5037
6010 8894
1442 792
4623 9416
7127 1510
7484 4587
9566 3128
1334 4954
7570 5972
5330 6296
9194 870
7899 283
8958 1093
6043 473
1232 7828
8984 4432
3789 9651
4820 5134
8589 6125
9296 733
8057 4049
2630 9234
3824 1956
7434 7915
6483 3253
6822 8391
6022 7178
2637 4747
6857 4464
9497 923
224 6123
9783 7371
3277 1144
222 3698
950 8435
3226 5492
9665 241
4183 6354
521 1841
5246 4350
9911 5283
4475 2423
5260 3621
7672 5614
2832 5383
669 1989
97 6544
3325 4910
6991 1954
3598 3925
419 9107
5138 1138
8176 3819
8623 9106
9666 3860
3684 5417
4503 4199
9847 6197
4863 6284
3643 7804
8471 3185
6632 9725
3840 2822
8515 1018
1728 2656
3644 2650
2354 8418
5173 8133
3334 3937
122 1632
3090 4488
1720 7875
2751 9027
5686 2541
4092 3664
2606 1673
18 935
3769 2236
2030 4555
859 1530
1197 47
7283 4006
9006 5404
994 1213
5983 5213
2339 6217
6669 7478
1784 2144
3102 6293
8462 2259
5757 599
1424 9994
2601 6706
7198 9780
1037 6600
6141 4800
7295 1707
3329 9385
8781 9968
7721 7532
3859 5014
3579 1795
7784 525
9994 6668
5928 7602
5484 9519
1708 6455
4540 4751
4540 2347
94 3485
7273 3038
6598 3353
6811 6054
8308 2506
8873 4344
3880 9232
3177 4800
8613 1347
6005 4619
6856 623
3567 3604
3740 43
3973 616
7992 272
561 6477
348 2288
9012 9204
7177 8810
3331 4581
353 284
4456 5437
1016 1517
6205 6166
2195 6062
4482 1108
5046 2726
374 2331
2913 4325
7030 2920
191 3311
3030 5734
8984 7230
9437 1193
789 286
5715 5030
5472 9829
6105 4344
150 3659
5727 2179
8808 8355
7283 3267
2807 5123
2542 470
1573 9663
645 7308
9647 7255
9937 8679
971 9442
3890 4894
6343 5015
8008 863
7139 6736
2533 4784
6053 9161
2065 4873
5485 9516
8178 7208
5751 4902
3911 793
1853 7845
9493 186
6230 8050
7278 812
8238 243
8849 3557
497 5685
7117 9691
9579 4641
3340 4298
8229 5745
8014 3198
2972 9996
4514 7429
918 8014
4411 4771
5068 1467
473 1796
5276 9563
8562 9258
7328 6750
5340 4552
9930 5139
9226 3334
4507 3064
2984 5155
8671 4530
7444 2460
3025 1896
4684 7719
6761 8443
7379 1251
1381 3862
4987 5532
5066 1284
1080 9418
5617 1386
2093 5918
2775 9542
351 7487
2299 8399
2390 6815
4670 8492
8992 6490
9891 1386
9548 4690
4427 8301
1269 1249
7762 8805
9702 5102
2105 3434
5695 6889
9270 6944
976 3506
4513 446
180 2778
9871 565
2285 3123
123 1285
9851 9645
2729 8525
9122 8360
929 1072
5265 8532
3315 6023
7395 7028
7218 1748
9043 1911
301 4998
5404 1312
9949 3761
8431 8406
4354 8952
3575 5035
9163 798
9766 2728
3691 241
2690 6075
4602 4816
729 8431
9804 9201
1138 4232
5170 5657
7315 5600
1868 3158
5014 406
1417 5569
1139 8961
8569 4728
7314 3313
6407 3345
7431 3157
7447 2835
4610 7461
3241 3996
8286 7714
5240 143
5012 5337
9847 2193
6415 1984
4833 3612
7372 4547
8050 1951
3937 3993
1226 9555
4403 7800
462 5916
4416 4866
2145 8414
6927 5668
2297 5549
2933 7092
3336 2296
543 4306
7670 8500
7767 3682
7852 8776
9413 4249
8838 1879
5051 5966
4386 8512
3988 1356
3510 9386
4363 9542
6797 835
4892 5142
9059 8267
5550 2594
1751 3410
225 3523
5203 3042
5490 3102
1139 4004
9528 5243
8855 1556
69 662
7145 6928
7525 2338
7275 391
6218 2106
8735 2243
6858 7334
1560 3124
1535 1238
1401 2305
101 3601
3020 204
3395 331
4250 906
8534 4087
8599 6919
24 932
698 1289
4901 5294
7068 543
8253 479
1429 6761
6405 5179
947 9449
1000 6849
3145 9966
4413 574
5673 1941
391 8492
3444 5392
8430 8714
4781 1229
5856 6374
7511 3399
9770 5057
771 591
9573 1985
6811 4836
4656 9723
3550 6317
7532 6672
77 2059
2939 2054
8697 3337
3721 6062
3777 2712
4410 1419
3238 6915
8511 7491
4014 3330
6962 8688
7179 1300
2754 7620
3739 5695
4794 6276
5017 2211
8418 5331
9912 9384
6199 1634
1773 3785
7240 7059
5181 163
6804 2340
2330 4685
8321 3963
1356 7753
57 7009
9672 6959
6020 6848
5314 2639
8590 424
9546 2149
9928 1467
5384 1247
339 7246
8096 954
366 1078
5652 1279
4654 6623
9821 3990
8012 2180
5281 4377
5925 7225
3936 2849
967 5078
6547 7508
1055 8921
7481 2179
5947 3445
6014 1183
7434 841
7214 6780
3312 8527
5295 2948
4998 100
9013 3004
7904 2113
957 6771
3649 299
4786 5669
9706 7684
3936 9973
5887 3858
2114 2937
2877 9253
4865 7749
3191 5072
9603 3368
8575 5260
3438 4602
6247 312
6467 9049
214 8592
1813 9369
9812 5599
9340 7795
5087 6562
6936 5268
8274 7263
8892 6273
2210 5745
1978 4737
6577 1877
4543 6597
151 8657
4330 9561
4428 8647
3048 8689
5449 7958
4643 7203
6534 8241
8903 8127
9918 9315
5032 800
2255 4527
1080 656
6976 7964
1121 8301
4584 6590
7928 6411
6120 2421
2517 8887
6726 6737
387 6284
6320 7417
1494 4303
9056 3724
6707 1874
3330 962
7241 4304
8344 8484
4812 9807
5116 4150
4355 5251
9550 435
7075 1418
9348 7114
7226 9662
1720 137
7962 617
6234 7044
6734 9616
7540 5629
4085 8495
1937 1291
2088 6417
2546 2592
9988 7461
6216 9805
9839 9234
7938 7061
9817 7645
4115 9948
6738 1296
3208 1764
5266 9750
4215 6853
5358 3634
9647 4948
2332 1293
1374 1884
7112 9319
8201 3744
775 9056
1640 8407
9590 4226
4481 6928
3141 2317
5163 7481
2080 8981
72 6316
279 577
5061 7451
1672 9233
5933 2220
4853 6319
3763 6080
2145 7396
4572 6349
908 5264
6273 483
8745 288
18 2668
4140 9610
3039 6168
6423 5646
3741 3210
7463 230
2040 602
6092 3456
1092 7242
2778 3279
5326 3482
8984 1132
5462 8046
269 966
7071 8940
8083 2178
1858 336
8624 7406
204 4932
1711 7016
3989 3786
8618 6309
7917 2962
761 4133
835 6802
8657 7526
3431 5913
6751 5133
554 487
359 721
1440 3057
6471 1313
9495 4121
683 5464
2957 7159
3877 1074
2325 51
6257 771
1433 413
2766 7889
261 1914
7691 2751
727 5067
7051 8187
7567 4028
4638 2162
4509 3182
7265 7803
9303 585
6436 607
3463 1575
4553 1858
6323 3928
2191 3680
7009 646
9600 3549
6472 3687
8018 365
6040 2606
321 1090
4868 5006
3927 9262
8550 1642
7321 6431
4766 1898
75 3534
7674 1083
1551 992
3351 8696
4709 9011
459 8416
2176 4327
5919 3204
8815 3293
3035 6082
2864 8605
8436 6646
3162 4628
1736 3740
6789 4779
4318 4954
8160 519
67 1324
9750 9925
6623 9671
8148 8588
8870 4975
6103 3696
247 7606
5887 4244
9548 1805
7462 3526
1922 2499
7867 6667
6560 7258
4900 5943
3431 2473
5889 2836
3957 1839
3991 5135
4974 6824
592 1193
1701 4180
2673 3969
4853 4820
3478 1487
2940 6181
1545 4385
4139 5141
8369 3669
2641 1771
6976 6746
7761 311
7516 9212
4946 157
5573 9952
9023 47
2876 8399
4109 3823
417 3727
7586 2795
420 3444
8932 6486
5079 9203
8341 9462
5035 3194
5867 8256
3058 6682
5718 8571
4205 7660
2307 1003
4713 9303
8909 7478
2330 3665
7806 1268
4631 5237
4688 519
5398 2959
9718 1289
1332 8661
7092 3212
6406 8850
8293 9255
4177 6934
4580 3236
3227 3590
5670 725
1496 6929
2508 2894
3606 3706
8307 7263
