800 333 400 4 1933
2 1 2 2 1 3 3 1 1 2 2 2 2 1 5 1 2 1 2 2 1 7 1 1 3 1 5 1 2 6 4 1 2 3 1 3 2 2 2 2 5 4 6 6 1 1 1 7 2 2 1 2 1 3 1 2 2 1 1 3 4 1 1 2 3 4 2 2 1 1 1 4 2 1 2 2 5 1 2 1 5 1 1 2 1 2 3 1 2 2 8 3 5 2 2 2 2 4 1 2 1 5 1 1 3 2 1 2 2 4 1 3 2 2 1 1 6 4 1 1 7 5 1 1 2 7 6 3 1 1 3 1 1 3 1 2 3 1 1 1 1 3 2 5 1 1 2 1 1 1 3 2 3 2 1 1 2 1 2 3 1 1 5 1 1 2 3 2 1 1 2 1 3 1 2 1 1 1 3 3 2 1 2 2 3 3 2 2 5 3 2 1 5 3 2 2 1 2 1 1 3 2 1 1 1 3 2 1 2 4 1 6 2 6 3 5 3 3 5 4 1 2 2 3 5 3 2 2 1 2 1 2 1 1 8 3 4 2 2 2 1 3 6 1 3 1 1 1 3 1 2 2 2 2 3 1 3 1 1 1 3 1 1 6 1 1 1 1 6 4 1 9 3 4 2 1 3 10 2 2 4 3 6 1 1 1 1 4 1 3 3 9 1 1 1 3 2 3 1 4 3 1 3 3 1 2 2 2 3 6 1 4 1 7 1 3 7 1 1 4 1 7 1 1 1 3 2 3 7 3 2 1 4
8931 10000 6711 8259
9334 10000 69 823
547 1299 2420 3172
1930 3395 7701 9166
3491 3553 4360 4422
2554 3572 8179 9197
9423 9601 3815 3993
4887 6012 8092 9217
8066 9815 3602 5351
5271 6132 1411 2272
4103 4727 8097 8721
5870 6890 8402 9422
3218 3298 5854 5934
786 1125 6142 6481
5211 6314 4172 5275
3231 4425 6967 8161
3837 5705 8354 10000
5938 6041 5099 5202
8668 8822 1560 1714
5798 7123 2146 3471
7131 7716 57 642
199 1831 2431 4063
8344 8393 2635 2684
89 239 7987 8137
9384 10000 2438 4292
5576 6835 7712 8971
4631 5215 2723 3307
4510 5514 3033 4037
8989 9016 9925 9952
5020 6531 8406 9917
4544 5478 0 666
3809 5088 2512 3791
9242 10000 5495 7001
9374 9923 0 357
6506 7415 1585 2494
624 1902 7148 8426
6473 6674 3165 3366
302 1168 8996 9862
9003 10000 3354 4803
320 759 7397 7836
4436 6234 5735 7533
7113 8900 5957 7744
0 777 5886 7167
8725 9436 4981 5692
6668 8279 4695 6306
5828 7708 970 2850
801 936 8174 8309
1536 2666 965 2095
3482 4490 330 1338
4398 5375 3613 4590
496 2272 5005 6781
8810 9678 8685 9553
3893 5658 8047 9812
6092 6445 5289 5642
4755 5931 6853 8029
4893 5964 6510 7581
2690 4013 5192 6515
4095 4563 6783 7251
3754 4913 3149 4308
5948 6330 5365 5747
6427 7138 1678 2389
5345 6556 8007 9218
8819 10000 2326 3664
3373 4333 9011 9971
1124 1266 4051 4193
4304 4609 3652 3957
2982 3305 2196 2519
58 108 6504 6554
8821 9290 8542 9011
1837 2351 3269 3783
2353 3264 2799 3710
4319 5513 3927 5121
6090 7297 1026 2233
32 788 6248 7004
720 1700 5582 6562
4204 4352 5587 5735
0 1586 3320 5065
5477 7032 1438 2993
2370 3401 1738 2769
5552 5831 2029 2308
2225 3121 3315 4211
4765 5086 1687 2008
1388 3312 594 2518
276 1121 8761 9606
1853 2482 8618 9247
1479 3259 4182 5962
2612 3868 6901 8157
190 1759 5901 7470
1992 3294 6965 8267
8739 9925 3657 4843
8540 9942 3769 5171
3788 4545 5342 6099
7436 8260 5695 6519
8857 10000 75 1648
5260 6287 0 604
405 1653 2974 4222
4983 6365 2886 4268
5754 6353 258 857
8307 8647 6097 6437
7886 8388 5724 6226
2774 3163 8261 8650
0 1197 6886 8101
5057 5260 7242 7445
1270 2583 0 970
5765 7057 2377 3669
1685 1856 5220 5391
5708 7444 4355 6091
2968 4001 3557 4590
7494 8323 5046 5875
4332 6021 8880 10000
8573 9877 6513 7817
9492 9754 5629 5891
6364 7735 7817 9188
1912 3146 2398 3632
5255 5850 3388 3983
0 384 4536 6362
7972 9409 6953 8390
9054 9766 6146 6858
3692 4187 8913 9408
7038 7371 9659 9992
8306 8974 0 200
4968 5317 4618 4967
3853 4060 8887 9094
5513 5772 4584 4843
7597 9428 755 2586
2554 4257 5974 7677
5157 6794 9161 10000
2698 4356 6372 8030
4412 5319 1087 1994
0 774 3948 5638
6650 8088 3096 4534
7866 8741 610 1485
6940 8622 130 1812
6802 8494 8167 9859
4202 5249 2462 3509
7717 8051 6059 6393
785 1113 9386 9714
6133 6851 9635 10000
7910 9212 1543 2845
1736 3032 4003 5299
7825 9235 4667 6077
9701 10000 544 923
6055 7116 4291 5352
3022 3327 6295 6600
6495 7322 4032 4859
9438 9790 3664 4016
3520 3877 4670 5027
8709 9765 2603 3659
2598 3585 1316 2303
3941 3997 8232 8288
676 1533 475 1332
461 2014 0 349
2638 3741 6455 7558
3554 3652 6515 6613
5500 7138 535 2173
4536 5750 394 1608
8142 9865 6169 7892
0 1260 1706 3166
57 150 4257 4350
3679 3790 514 625
7640 8117 2736 3213
9399 10000 5670 6477
3089 3556 4483 4950
776 986 4915 5125
781 993 5135 5347
7210 8766 1239 2795
242 712 4650 5120
1009 1749 6740 7480
1588 2331 5919 6662
0 510 3226 4638
9647 10000 848 1967
2790 4705 3688 5603
9181 10000 8419 9588
1685 1857 5090 5262
1328 2004 9 685
5297 6345 8502 9550
6097 7217 8491 9611
2338 3851 3187 4700
1770 3608 5744 7582
1804 2970 4880 6046
9265 10000 1814 2838
7319 8518 2127 3326
7813 8558 1121 1866
2173 3874 6525 8226
6989 8081 6771 7863
6009 6721 6657 7369
7693 9456 1382 3145
4879 6397 1916 3434
8334 9397 7431 8494
3541 5054 3390 4903
1566 1680 9805 9919
3601 5135 1381 2915
7984 8785 6123 6924
0 616 7126 8304
8103 8513 6877 7287
398 559 3223 3384
2277 3974 1286 2983
7896 9111 6791 8006
8136 8518 1548 1930
9374 9969 3090 3685
1183 2584 3900 5301
7772 9336 5956 7520
2670 4313 0 303
7775 8943 6801 7969
8243 9560 7411 8728
2098 3553 9143 10000
3170 4576 3525 4931
9166 9380 8622 8836
1688 2645 9299 10000
8633 9152 2196 2715
4874 5188 3532 3846
5974 6187 4828 5041
8903 9345 3527 3969
9053 10000 4916 6733
0 1165 7509 9133
3741 4898 549 1706
5239 6896 387 2044
6935 7852 5554 6471
881 1788 2141 3048
1387 2327 2491 3431
4891 5994 1883 2986
2337 2457 3987 4107
8104 9381 4126 5403
1198 2973 5202 6977
3967 5404 733 2170
2384 2760 4998 5374
6996 8707 6402 8113
819 1080 1373 1634
3851 5605 1479 3233
0 589 6108 7667
3115 3182 5929 5996
9250 9820 7430 8000
0 1780 2806 4727
4711 6054 4944 6287
8809 9139 7364 7694
2007 2395 7375 7763
2118 2268 8522 8672
3330 4019 6349 7038
3611 4330 3163 3882
3548 5371 5838 7661
7244 7644 1410 1810
1455 1495 1348 1388
2056 2746 9319 10000
1768 2342 3303 3877
6549 8217 3846 5514
8902 9647 7505 8250
1404 2905 853 2354
4860 5659 1711 2510
4112 5784 2316 3988
2291 3022 4948 5679
7295 7338 9479 9522
379 1324 2139 3084
3126 4381 8976 10000
8988 9880 4081 4973
2706 4164 5947 7405
7977 8239 3605 3867
5798 6801 6156 7159
993 1955 0 818
1823 3093 1124 2394
3278 4295 1567 2584
1321 2188 8004 8871
6569 8282 1265 2978
2800 3924 3113 4237
5214 5534 5730 6050
6601 7411 1915 2725
1296 1655 7309 7668
8518 9891 0 1040
5745 6682 5786 6723
6474 7681 3770 4977
3537 5193 6997 8653
4575 6501 5794 7720
2806 3753 4207 5154
6407 6547 361 501
4568 5125 0 137
8762 8995 2793 3026
2323 2726 3227 3630
639 910 4027 4298
1152 1671 19 538
0 732 9317 10000
5793 7436 437 2080
955 2819 6927 8791
280 1424 7233 8377
4923 5836 6955 7868
2248 3390 6710 7852
7348 8712 1142 2506
6064 7519 7743 9198
3704 5333 2581 4210
6352 6753 3807 4208
510 1641 2727 3858
3450 3506 8944 9000
9315 10000 7789 8496
3971 4692 1861 2582
9326 10000 2948 4804
2391 2757 7176 7542
4192 4664 5452 5924
6235 6542 2650 2957
8050 9286 8190 9426
3403 5120 0 1289
3205 4272 5970 7037
410 727 1621 1938
5775 6953 8585 9763
9443 9655 3113 3325
2806 3631 0 151
1649 3533 4995 6879
5378 6209 8907 9738
1427 1641 8922 9136
1629 3262 9668 10000
1698 2752 1124 2178
1054 1557 69 572
7259 8800 7276 8817
375 859 2025 2509
6820 7996 1918 3094
1377 1949 3598 4170
6195 7837 5824 7466
6873 8194 6733 8054
6893 8447 0 1187
1741 1986 8293 8538
5676 5995 4129 4448
3438 4608 7524 8694
5547 5764 1856 2073
4840 4959 9004 9123
4532 4887 6724 7079
2298 4002 5572 7276
8350 9893 2219 3762
4564 6392 6316 8144
8939 9218 565 844
4883 5801 2359 3277
5765 6941 2812 3988
690 807 4209 4326
8414 10000 3756 5487
1568 2846 2401 3679
9381 9728 2509 2856
5674 6463 6146 6935
7553 7621 2938 3006
8416 9154 1523 2261
7424 8161 0 617
8936 10000 1197 3040
2957 4797 3832 5672
3973 5523 0 1175
2445 2501 1237 1293
4111 4258 9290 9437
5419 5960 5472 6013
1450 2799 1971 3320
2207 3385 4558 5736
6128 7063 1102 2037
8938 10000 5360 7262
3179 4833 8232 9886
4610 6050 4736 6176
4309 5978 2264 3933
2386 2893 8510 9017
9557 9577 2343 2363
1963 3489 7190 8716
315 1282 1141 2108
2808 3343 8242 8777
2633 4152 4457 5976
4893 5604 186 897
2325 4085 3811 5571
1440 3156 0 524
8255 9894 0 812
6145 7250 1486 2591
3844 4592 8389 9137
4687 5189 6194 6696
5560 5750 2891 3081
2843 3857 2521 3535
740 918 6028 6206
6917 8212 3713 5008
5480 6188 7708 8416
6965 8709 6672 8416
1607 3077 8217 9687
8332 9099 8610 9377
7239 7303 703 767
2950 4464 1423 2937
0 1464 4475 6368
8876 9540 822 1486
4582 4923 1217 1558
8672 9151 2248 2727
3283 4204 4578 5499
0 1360 63 1780
3989 5476 9220 10000
5413 5927 8328 8842
7173 7331 6189 6347
8813 10000 1171 2948
3439 4464 4834 5859
6948 8581 3664 5297
6943 7099 3528 3684
5011 5878 4529 5396
7333 8516 896 2079
5106 6709 2723 4326
9587 9663 4610 4686
4784 5217 6475 6908
8974 10000 3 1739
4063 5004 968 1909
7392 8117 3832 4557
0 1576 6866 8767
5639 5965 2868 3194
1092 1251 1440 1599
581 2347 3308 5074
7409 8697 606 1894
3623 5241 8219 9837
4761 5382 8616 9237
9733 10000 8783 9205
1281 1369 8821 8909
1169 2248 0 1035
7141 7833 5639 6331
3284 5108 1377 3201
5077 5380 9194 9497
1381 2653 2649 3921
1760 2732 4859 5831
4897 6665 8911 10000
1061 2501 8159 9599
3854 4150 3557 3853
6134 6612 1252 1730
6008 7333 7114 8439
3607 3817 1777 1987
2424 4049 5919 7544
3149 4281 1130 2262
4554 5571 7176 8193
4918 5501 1500 2083
0 46 3257 4486
8953 9940 0 712
2901 3965 2873 3937
1089 1282 1038 1231
88 1535 4957 6404
9572 10000 4722 6049
2279 2799 0 510
3073 3501 172 600
4537 5781 2578 3822
7474 8681 8858 10000
4687 6137 3741 5191
8196 9726 7347 8877
2738 4480 6613 8355
7032 8289 2713 3970
904 1912 6984 7992
8198 9203 0 416
4985 5126 2284 2425
455 930 6738 7213
7297 9198 7599 9500
5324 6644 133 1453
6326 6601 3238 3513
8957 10000 4563 6421
3730 4908 7453 8631
879 1179 7984 8284
1254 2983 652 2381
8823 8884 7634 7695
8565 8977 1859 2271
7783 8804 9216 10000
3701 3760 3309 3368
9480 10000 8064 8769
4939 5124 3482 3667
2688 3918 9147 10000
2544 3495 8993 9944
8508 10000 3127 4962
4026 4205 4889 5068
4760 5614 4695 5549
3206 5057 177 2028
5618 6216 9122 9720
7717 9326 2701 4310
5658 7217 7577 9136
0 712 3109 4304
2734 3680 8963 9909
2154 3894 1025 2765
5545 6234 3013 3702
1138 2968 137 1967
8169 9044 3431 4306
3007 3469 4988 5450
7621 8172 5116 5667
3757 4876 7540 8659
3297 4614 4305 5622
778 963 3336 3521
7899 8372 4611 5084
0 652 475 1385
3926 5632 0 1586
6921 6948 4569 4596
7177 7781 5769 6373
8125 8397 6756 7028
5066 6998 6410 8342
8201 8752 1363 1914
3954 4358 396 800
5051 5177 1471 1597
1696 3311 1131 2746
8455 9724 3246 4515
3090 4378 3805 5093
8620 9697 4788 5865
2764 4136 1036 2408
1133 1193 6868 6928
3479 3826 276 623
2749 3533 1986 2770
3059 4706 462 2109
2102 2877 8378 9153
0 371 3950 5021
2851 3451 503 1103
4966 6093 140 1267
3933 4760 5760 6587
1284 2727 7817 9260
7593 7724 9105 9236
5406 6387 3638 4619
9715 10000 157 1978
3264 5115 878 2729
1271 2282 5974 6985
6449 7401 2024 2976
3757 5239 3541 5023
5904 6674 0 733
5514 6180 4506 5172
7813 9047 8227 9461
2658 4057 3717 5116
7675 9197 2868 4390
5212 6407 3969 5164
6086 7487 7697 9098
3344 4494 8809 9959
0 354 8804 9202
1056 2980 7535 9459
4347 4472 6146 6271
3212 4570 3564 4922
5157 6972 2849 4664
6828 8465 0 1142
5291 6736 2500 3945
222 1846 2020 3644
7032 8487 7017 8472
1989 3601 7296 8908
8804 10000 4821 6441
9037 10000 3510 4588
6573 6716 4131 4274
3135 4192 3216 4273
6450 6564 7839 7953
1470 1938 5784 6252
5427 6359 8026 8958
7835 8324 8855 9344
2736 4647 8008 9919
8648 10000 902 2779
5855 7623 1897 3665
6046 7976 0 1924
3141 3943 3608 4410
5019 6153 1581 2715
2499 2956 7696 8153
6297 7053 6614 7370
3421 5253 4342 6174
8299 8517 5009 5227
3009 3317 2120 2428
9289 9757 5509 5977
2512 4190 1439 3117
6429 7732 6536 7839
0 121 2643 2767
1737 3031 7475 8769
3220 3303 6571 6654
5719 6445 3995 4721
8099 9330 514 1745
2581 3110 988 1517
6887 7575 7149 7837
884 2787 5400 7303
8735 8881 7149 7295
1977 3291 2421 3735
2790 3766 3799 4775
7719 7914 0 181
3604 4885 1551 2832
5188 6189 9515 10000
3023 4421 1421 2819
0 542 1657 2520
8760 10000 7444 8912
0 1306 2009 3369
6940 7938 2879 3877
2333 3060 1645 2372
7267 7677 1919 2329
1116 1625 6443 6952
2957 3179 4243 4465
8171 9272 3032 4133
7370 8709 6637 7976
5517 6714 8767 9964
3198 4711 1208 2721
2271 3174 8973 9876
9776 10000 5587 7346
7431 9204 4570 6343
8777 9366 954 1543
3526 4041 3221 3736
3707 3731 8066 8090
8424 9432 2425 3433
4348 6076 211 1939
4677 5229 6026 6578
2754 3705 1792 2743
8190 8954 2456 3220
3237 3453 996 1212
4130 5268 4080 5218
4578 5891 4995 6308
5678 6182 7195 7699
9045 9474 1226 1655
5815 7221 490 1896
6211 7131 8339 9259
7868 9128 2434 3694
8089 9481 2769 4161
2016 3241 4794 6019
1508 1872 2160 2524
7637 9151 5980 7494
0 1018 4253 5553
5645 7356 2226 3937
7425 9155 8731 10000
2309 3006 2202 2899
0 890 6234 7318
2750 2910 4964 5124
7585 8911 7747 9073
2912 3169 3534 3791
0 593 5800 6967
2559 4207 6446 8094
3198 3488 3499 3789
4665 6131 8054 9520
7828 9620 9068 10000
9399 10000 7368 8013
0 1643 0 857
8047 9021 9011 9985
5036 6061 5630 6655
3059 3674 3544 4159
1237 2242 8664 9669
4564 5276 6945 7657
6021 7594 0 1256
1927 2982 262 1317
6537 6560 4790 4813
9623 10000 0 273
3915 4037 2424 2546
594 749 6339 6494
3149 4091 7156 8098
8296 10000 386 2171
6749 6951 9202 9404
2712 4397 6518 8203
7743 8886 5741 6884
5072 5400 8087 8415
0 924 2456 3961
9118 10000 4783 6298
6336 7650 3818 5132
8919 9642 0 651
3962 5725 4117 5880
3164 3295 4931 5062
5692 7480 1187 2975
116 937 0 248
6294 7974 1637 3317
3697 5377 9335 10000
5911 6945 454 1488
3413 4757 4545 5889
1905 3809 2833 4737
7556 7636 5029 5109
6704 8368 8057 9721
3041 4345 0 1278
3767 5117 3879 5229
3823 4769 214 1160
585 1747 8273 9435
9015 9345 1384 1714
86 195 5712 5821
1940 3408 2879 4347
6354 7229 5970 6845
7414 7529 5484 5599
0 971 7722 9454
6261 7646 6315 7700
6379 7675 3508 4804
1768 2629 6837 7698
0 1164 2451 3682
2404 2423 8275 8294
3605 4050 1971 2416
5759 7294 3059 4594
0 1598 8314 9946
1095 1109 8959 8973
8244 8372 4740 4868
7922 8338 2893 3309
3594 4985 4560 5951
4645 5343 8049 8747
5791 6105 0 122
6313 6948 3086 3721
2541 4414 4792 6665
1260 3149 5106 6995
7042 8158 6760 7876
7754 8354 1422 2022
7562 8400 0 806
6283 7916 7170 8803
0 500 3691 4613
1038 1498 2716 3176
5458 5984 8300 8826
6173 6502 8028 8357
0 1090 2227 3426
2633 2923 8793 9083
6442 7116 8401 9075
3816 5266 2423 3873
2077 3441 928 2292
6119 7684 2912 4477
2491 3681 118 1308
2750 2969 1247 1466
4904 5676 5053 5825
5115 5948 2657 3490
4841 6228 3611 4998
4515 6390 0 1757
5357 6846 3035 4524
2558 3376 2034 2852
8787 8809 9845 9867
0 420 8913 9572
5116 5639 3039 3562
6749 8438 4213 5902
8556 8697 8613 8754
0 1383 7460 8883
3129 4765 8506 10000
4703 5439 598 1334
7202 7456 2156 2410
73 1142 1400 2469
112 1028 1513 2429
7787 8786 7268 8267
42 1627 7284 8869
4029 4589 0 442
2228 2411 7122 7305
9529 9740 4607 4818
9046 10000 846 2425
4602 4957 530 885
3474 5317 7319 9162
5749 6250 7495 7996
8976 9814 1541 2379
5975 7387 4661 6073
6925 7566 6440 7081
150 177 2978 3005
7569 8151 3488 4070
8659 9198 5259 5798
4803 5338 5653 6188
6297 6735 523 961
3291 4592 7743 9044
3406 3932 9364 9890
8302 9257 4598 5553
8948 9717 5422 6191
7322 7489 6435 6602
6286 8120 3166 5000
4128 4899 1429 2200
4059 5186 4743 5870
386 1618 6040 7272
0 979 0 654
5269 5569 7652 7952
2407 2863 8804 9260
949 2724 2073 3848
8216 8794 2117 2695
9554 9912 5863 6221
5805 7151 9004 10000
1678 1904 1598 1824
4166 4247 394 475
777 2367 9131 10000
5028 6804 6738 8514
2486 4041 1265 2820
2245 2752 7637 8144
0 552 469 1696
148 1008 0 597
1899 2002 1171 1274
5566 6325 7582 8341
6614 7899 7198 8483
9364 10000 7074 8093
3786 4044 906 1164
0 1419 4174 5765
7610 8800 1253 2443
1555 3173 3477 5095
6635 7014 8779 9158
1747 3424 7420 9097
0 657 383 2119
8084 9528 5175 6619
3590 4664 9492 10000
8843 9540 7423 8120
1427 1537 226 336
5691 7541 1297 3147
1697 2112 3148 3563
9386 10000 8011 8666
7938 8239 0 269
7145 8456 1672 2983
2062 3342 2588 3868
9491 10000 6772 8100
1577 3476 0 1571
1905 2525 8674 9294
5181 5302 2348 2469
2434 2724 1113 1403
9554 9915 9226 9587
2843 3261 5512 5930
8749 10000 4718 6531
2325 4205 5803 7683
1467 2272 6399 7204
9082 9327 9284 9529
6264 7562 9540 10000
3438 3539 8223 8324
0 1007 8210 9427
3984 4898 6677 7591
3237 3420 2394 2577
8735 10000 7347 8964
0 770 3629 4540
8183 9707 7103 8627
7673 8674 5170 6171
8102 9300 1908 3106
2143 3037 2132 3026
0 739 2459 3907
2562 3028 6487 6953
3184 4885 4924 6625
5076 6088 7764 8776
6480 7489 7777 8786
2150 3851 0 983
8744 9915 852 2023
0 1283 8972 10000
6564 7039 3034 3509
6724 7342 434 1052
2006 3054 4381 5429
1428 2530 6468 7570
7449 8374 6319 7244
2658 2877 5339 5558
120 478 383 741
1112 1353 1007 1248
3429 5142 1924 3637
9563 10000 7358 8615
9680 7549
9994 514
1224 2771
2127 8558
3540 4380
3282 8572
9559 3984
5940 8436
9050 3960
5952 1881
4498 8416
6199 8797
3296 5868
998 6441
5625 5172
4229 7427
5146 8783
6034 5192
8765 1668
6322 2283
7295 602
1666 3507
8346 2680
179 8112
9614 2691
6502 8850
5086 3161
4744 3429
8998 9943
6105 9469
4614 237
5079 3586
9772 5638
9528 107
6778 2015
1424 7755
6636 3365
1121 9605
9993 4203
548 7715
6181 6627
7657 7207
32 6088
8912 5573
7468 5109
7576 2153
907 8189
2020 1410
4063 681
4568 4515
2102 6096
9466 9229
4684 8307
6130 5528
5285 7650
5553 6678
3561 5918
4400 6988
3773 3735
6175 5567
6753 2220
5830 8464
9594 2468
4031 9577
1142 4094
4336 3801
3252 2432
83 6543
8917 8549
2006 3456
3006 3486
5391 4855
7128 1988
339 6984
960 6544
4250 5636
1211 4671
6033 1716
2847 2158
5676 2099
2648 3475
5056 1929
2667 1494
636 8962
1889 9136
2018 5746
3476 7116
1186 6165
2858 7060
9893 4330
8926 4959
4359 5560
8182 5969
9244 851
5932 93
1310 3175
6119 3399
6041 523
8419 6219
8264 5785
2933 8589
1096 7178
5184 7390
1674 505
6034 2393
1800 5363
6617 5098
3895 3803
7717 5665
5043 9904
9309 7001
9530 5882
7481 8473
1930 2810
5454 3652
124 5178
8185 7808
9695 6714
3990 9290
7365 9924
8562 187
5023 4620
3991 8963
5572 4803
8099 1186
3082 7359
6276 9503
3851 7544
4656 1525
580 4979
6888 4471
8008 1265
7391 1677
8375 9605
4933 2594
7755 6163
874 9635
6214 9818
9162 2675
1966 5116
8602 5227
9907 824
6137 4309
3099 6502
6729 4622
9547 3924
3688 4964
9304 3604
3180 2036
3949 8235
1371 861
1735 347
3356 7035
3599 6604
6257 879
5387 879
9342 6913
480 1994
77 4298
3790 573
7640 3121
9783 5733
3373 4648
879 5039
859 5232
7409 1312
420 4989
1044 6801
1763 6016
508 4159
9737 1556
2879 4496
9290 8989
1691 5143
1519 73
5823 9026
6470 8903
2600 4501
3053 7013
1821 5435
9841 2815
7979 2504
8094 1514
2836 6800
7951 7053
6238 7200
8646 2743
5516 2197
9226 7504
4373 4201
1644 9805
4071 2162
8025 6173
194 7876
8125 7022
413 3354
2695 1752
8501 7235
8396 1638
9524 3146
2034 4666
8312 6921
4188 261
8588 6922
8651 7947
3401 9709
3392 4498
9313 8769
2226 9709
8799 2451
5056 3789
6177 4851
9295 3807
9731 5481
894 9027
4279 728
6216 1298
6951 5657
1609 2779
2231 2748
5222 2647
2399 4063
9149 4353
2480 6570
4977 2089
2408 5316
7181 6882
1068 1444
4084 3200
1 7627
3131 5986
9538 7575
736 4466
5008 5754
8877 7549
2083 7699
2205 8656
3610 6533
3746 3511
4192 6576
7318 1567
1473 1359
2696 9644
2244 3601
8199 4383
9088 8128
2138 1965
5372 2339
5648 2401
2529 5261
7297 9514
1042 2408
3577 9653
9491 4348
3394 6610
8167 3733
6428 6165
1757 580
2265 1769
3994 2104
1460 8041
8099 2649
3697 3639
5214 5813
7185 1988
1399 7499
9453 592
6093 6444
7542 4330
4760 7649
5751 7262
3540 4704
6501 402
4748 16
8913 2795
2540 3533
655 4075
1248 189
31 9375
6135 1999
1802 8694
1053 7638
5593 7409
3336 7847
7585 1191
6741 8237
4853 2823
6629 3915
604 3850
3480 8999
9411 8474
4553 2314
9503 3534
2522 7243
4424 5780
6530 2807
8379 9278
3603 1150
3670 6297
677 1753
6276 9029
9553 3228
3244 99
2866 5656
5961 9134
1594 9037
3078 9754
2131 2001
1340 337
8528 7855
706 2044
7793 2519
1449 3856
6297 6637
7600 7204
7655 370
1764 8514
5792 4222
4255 7529
5567 1953
4934 9056
4810 6821
2883 5639
9559 3624
5755 7411
9079 732
5460 3085
5881 3643
740 4213
8880 4353
2350 2603
9438 2834
6042 6207
7583 2967
8533 1584
7854 455
9561 2032
3874 4785
4915 707
2485 1290
4204 9421
5587 5484
1753 2242
2582 4800
6315 1909
9355 7050
4135 8465
5182 4814
5382 2752
2431 8560
9574 2352
3344 7824
370 1906
3004 8682
3708 4931
5545 309
3512 4079
2792 390
9080 88
6735 2226
3980 8685
5132 6462
5569 3061
3153 3113
750 6205
7252 5008
6117 7970
8268 7998
2054 9012
8670 9230
7275 763
4001 2449
76 6213
8993 940
4646 1350
8749 2336
3568 4877
196 1028
4633 9497
5471 8364
7182 6328
9329 2835
4434 5788
7080 3817
7086 3578
5430 4966
8171 1522
5348 4259
9603 4665
5068 6525
9590 1304
4269 1375
7948 3976
186 7198
5667 3176
1101 1524
2134 4318
8470 1282
5234 8741
5297 9048
10000 9031
1285 8896
1790 29
7229 5768
3828 2790
5171 9492
2515 3555
1773 5614
5999 8937
1453 8888
3951 3844
6559 1296
7221 7886
3657 1940
2896 7355
3946 1973
4640 7955
4996 1704
11 4436
9088 586
3766 3431
1254 1162
804 5238
9973 5297
2611 59
3370 203
4564 2822
7561 9795
4973 4151
9544 8036
2826 7475
7402 3832
1038 7959
8771 21
5072 2342
794 7160
7459 8258
6012 1181
6545 3339
9490 5172
3963 8326
1027 8280
2861 1700
8856 7661
8622 1990
7873 9736
3741 3327
9849 8387
4953 3533
3914 9309
2880 9267
8748 3838
4177 4900
5329 5016
4880 690
5641 9631
8371 4124
7106 7958
695 3546
3120 9775
2389 1271
5628 3290
1542 674
8587 3845
3155 5160
7941 5518
4355 8555
4606 5356
832 3450
8102 4623
414 1131
3965 1531
6940 4594
7418 6045
8134 6827
6987 7768
8421 1653
4077 568
5094 1507
2790 1882
9657 3686
4153 4233
8859 5196
2783 2087
1181 6915
3480 363
3018 2271
4582 516
2299 8568
9 4802
2987 780
6056 1246
4067 6308
2317 7979
7638 9178
5822 3827
9982 471
4363 2174
2023 6267
7374 2807
4723 3947
6190 646
5876 4976
8490 8460
3805 4178
8165 3744
5477 4299
7362 7951
4395 9944
20 8950
1220 9009
4465 6254
4035 3984
6677 4451
7646 367
6733 3471
1685 2691
7438 8308
2908 7379
9076 6440
9354 3904
6677 4144
3891 3808
6453 7898
1782 6236
5619 8221
8104 9207
3294 8795
9763 1495
7602 3205
6634 865
3797 4372
5249 2101
2878 7905
6899 6667
3920 5037
8396 5206
3132 2242
9466 5933
2685 2964
7501 6835
64 2671
1884 8461
3297 6635
6252 4399
8331 905
3053 991
7519 7814
2118 6141
8880 7294
3219 3016
3606 4597
7893 58
3668 2090
5921 9664
3856 1649
325 2298
9011 8800
605 3126
7516 3621
2687 2049
7613 2218
1224 6462
3111 4383
8322 3043
7990 7766
5568 8858
3829 1590
2366 9240
9950 7150
9021 5394
8857 1161
3655 3506
3713 8067
8754 3248
5777 439
5217 6346
3030 2491
8771 2901
3306 1090
4684 4298
5854 5490
5944 7652
9232 1565
6629 1112
6502 9245
8820 2576
8307 3956
2505 4798
1698 2304
8700 7351
845 4276
6392 3671
8427 9932
2565 2312
233 6913
2781 5004
8589 7865
3137 3675
491 6807
2780 6654
3275 3755
5328 8285
7996 9627
9970 7763
1592 657
8749 9562
5818 6360
3358 3895
1248 9417
5037 7316
6444 341
2285 757
6549 4808
9785 187
3943 2496
666 6455
3449 7547
9732 799
6871 9285
4248 7616
7894 6055
5330 8224
415 3355
9127 5531
6571 4272
9417 377
5147 5618
3203 4990
6377 2808
196 132
7041 2921
4188 9905
6325 969
3780 4712
3602 4491
7604 5072
7772 9494
3807 466
4928 4828
4319 881
945 9309
9260 1623
173 5800
2120 4263
6819 6735
7424 5564
543 8019
7012 6877
6505 3740
1932 7231
330 3308
2422 8275
3693 2079
6746 3782
280 9509
1096 8959
8332 4750
8033 3252
4355 5823
5140 8084
5827 45
6683 3211
4089 5317
2128 6042
7901 7248
8260 1956
8379 722
7485 7571
196 3801
1043 2777
5859 8379
6331 8158
982 2633
2835 8899
6869 8766
4966 2637
2876 1326
6992 3409
2560 1019
2794 1444
5296 5817
5165 3208
5970 4364
4865 1345
5557 3918
3306 2437
8797 9863
233 9222
5405 3490
8041 5488
8593 8729
307 8820
4703 9430
5393 610
7275 2239
725 1925
1019 1838
8017 7696
1521 7891
4232 129
2260 7133
9710 4709
9685 2419
4728 610
4847 7962
5868 7943
9617 1678
6084 5916
7470 6889
165 2983
7805 3547
8885 5676
5261 5981
6363 891
3377 8335
3468 9746
9025 5323
8996 5692
7439 6521
6552 3731
4445 1746
5106 4945
687 6103
197 561
5509 7702
2470 8857
2328 3494
8439 2658
9869 5875
6150 9795
1795 1720
4243 411
2224 9264
6700 7581
3779 1533
2396 7758
199 1677
949 227
1926 1200
5789 7658
7133 7239
9782 8017
3842 1034
524 5659
8767 1820
2193 3953
6765 8831
2225 8847
64 459
8586 5832
4232 9780
8911 7902
1466 248
6185 1845
1932 3205
9987 8565
8012 258
7768 1707
2211 3253
9957 7961
2312 1488
2054 9163
5269 2447
2443 1367
9816 9366
2880 5916
9711 6309
2711 6983
1765 6472
9231 9393
7317 9934
3518 8256
310 8776
4289 7152
3406 2518
9913 8660
186 4087
8260 7576
7850 5728
9093 2516
2595 2338
605 2812
2618 6736
3531 5879
5482 8388
6749 8313
3726 888
8970 912
219 9356
6800 3252
7037 779
2135 5115
1936 7428
7655 6978
2785 5443
314 626
1152 1132
4820 3166
9899 7676
