800 2 400 12 592
184 616
7263 7673 3933 4343
5719 6144 7737 8162
3550 3773 153 376
6151 6361 9044 9254
6675 7220 6543 7088
3430 3965 1229 1764
588 686 3743 3841
2702 2899 7644 7841
5715 5762 7851 7898
4737 4844 8423 8530
6210 6404 8031 8225
2476 2918 9324 9766
9657 10000 2309 2834
5625 5660 5237 5272
7772 7781 4979 4988
5350 5934 6924 7508
5952 6474 707 1229
9106 9235 6561 6690
993 1532 3095 3634
0 288 0 431
7914 8112 4652 4850
8991 9525 1054 1588
6146 6320 8683 8857
8866 9278 3255 3667
6074 6091 9899 9916
6568 6693 6665 6790
52 75 4006 4029
6902 7294 1684 2076
8771 9157 2162 2548
2415 2900 3052 3537
0 507 4526 5077
5416 5706 3543 3833
7806 8047 1197 1438
6916 7500 960 1544
8848 9012 2430 2594
2753 3274 6623 7144
8395 8892 5647 6144
9281 9548 2751 3018
2012 2126 1358 1472
8635 8921 1326 1612
7204 7685 8423 8904
2278 2692 6020 6434
6107 6455 2226 2574
6991 7533 2401 2943
390 444 4687 4741
6970 6994 8866 8890
4125 4198 6577 6650
3526 4038 5323 5835
4628 4955 6315 6642
2957 3421 6982 7446
6503 6982 7560 8039
5545 5599 1061 1115
7039 7248 9504 9713
7839 7911 2291 2363
7643 8022 1428 1807
47 537 786 1276
4580 4655 8615 8690
6822 7333 1296 1807
7553 7612 719 778
5839 6016 4994 5171
1363 1720 317 674
8683 8775 1291 1383
4156 4411 5713 5968
5937 6107 5245 5415
5733 5932 7786 7985
8033 8278 3861 4106
2212 2261 9470 9519
6326 6653 4636 4963
4412 4498 4298 4384
4039 4274 0 117
4682 5191 1317 1826
6793 6845 981 1033
2725 3264 8141 8680
7409 7992 7698 8281
1973 2034 4735 4796
2962 3515 3874 4427
9019 9400 1900 2281
6188 6302 6739 6853
3294 3749 8969 9424
872 959 7871 7958
1532 1827 353 648
6027 6566 5486 6025
6433 6826 1323 1716
2647 2733 4326 4412
31 326 1905 2200
4233 4685 8108 8560
4744 5109 7641 8006
5850 5854 8642 8646
6033 6271 4096 4334
6772 7091 7237 7556
5507 5576 1644 1713
7638 7818 4678 4858
9693 10000 3985 4343
6777 6923 2388 2534
7754 8278 6081 6605
1877 1917 3680 3720
1223 1461 4781 5019
8211 8761 2074 2624
2728 3256 8864 9392
6675 6695 2290 2310
968 1013 560 605
4423 4791 3198 3566
8685 9136 3581 4032
8201 8509 8983 9291
7910 7966 355 411
7748 8291 9063 9606
6469 6511 8567 8609
5971 5984 7196 7209
7192 7230 8921 8959
2123 2319 1716 1912
7621 8212 115 706
3945 4341 1122 1518
9747 10000 8879 9468
8547 8570 1994 2017
5569 5935 6799 7165
694 938 5959 6203
7733 8227 9517 10000
544 1122 3560 4138
5262 5297 5815 5850
799 1171 8882 9254
1246 1532 8304 8590
4399 4589 8583 8773
2440 2698 2449 2707
7632 8044 3270 3682
2546 2996 8766 9216
2943 3141 3884 4082
4654 5084 1973 2403
9692 9728 9200 9236
3605 3777 9465 9637
3974 4067 6304 6397
4399 4849 2790 3240
1977 1996 6770 6789
5875 5912 3133 3170
8810 9062 7283 7535
2237 2310 6928 7001
2743 3314 8880 9451
2513 2589 9435 9511
2215 2227 9153 9165
644 875 4396 4627
3080 3627 8705 9252
6342 6473 7334 7465
6810 7019 6352 6561
4007 4071 3508 3572
2020 2513 7685 8178
4454 5045 3847 4438
5116 5569 6026 6479
5445 6032 8732 9319
9396 9517 1387 1508
7933 8466 9037 9570
5273 5688 5176 5591
5749 6103 7118 7472
6076 6362 7813 8099
5085 5157 2451 2523
9235 9541 3211 3517
2108 2587 6039 6518
7885 8254 5677 6046
3806 3995 1923 2112
4746 5247 4770 5271
9528 9732 2769 2973
743 982 999 1238
7569 8051 1165 1647
8569 9061 3722 4214
6762 7328 7526 8092
8139 8670 9215 9746
128 136 267 275
7762 7830 9913 9981
8561 8616 1895 1950
2936 3356 0 123
4475 4761 2443 2729
2604 3050 77 523
7378 7624 5499 5745
8908 9426 2981 3499
9910 10000 4779 4887
2094 2249 7967 8122
8178 8760 8235 8817
8819 8895 4011 4087
3201 3567 5239 5605
8309 8859 6590 7140
8320 8813 7108 7601
3827 4338 5052 5563
8098 8559 2614 3075
5083 5264 7981 8162
5832 6322 5639 6129
3138 3671 8209 8742
9544 9634 9027 9117
4081 4517 8657 9093
7804 8097 1235 1528
5892 6281 3681 4070
6553 7044 0 371
5336 5630 3774 4068
7228 7351 271 394
3358 3386 9432 9460
7983 8270 8537 8824
5190 5336 8256 8402
2192 2257 9603 9668
5188 5303 3163 3278
731 901 8124 8294
6304 6488 9255 9439
3684 3778 1001 1095
2795 3189 5976 6370
8268 8334 3310 3376
23 42 2867 2886
7862 7978 8585 8701
5757 6045 7382 7670
7146 7344 6154 6352
5727 6051 7922 8246
5933 6364 456 887
4569 5046 1577 2054
9650 9761 7350 7461
3444 3582 6045 6183
6815 7151 1286 1622
5775 5956 592 773
4963 5503 6178 6718
8506 8526 2524 2544
8090 8147 6618 6675
3036 3419 4670 5053
4281 4320 622 661
3804 3940 6351 6487
2332 2612 8084 8364
954 988 705 739
5781 6175 5748 6142
3519 3848 2315 2644
7223 7548 6732 7057
1469 1883 9219 9633
8330 8439 2967 3076
3480 3898 6948 7366
8787 9255 3556 4024
4117 4133 2227 2243
4664 4963 9535 9834
2789 2863 5607 5681
6623 7130 3536 4043
3802 3817 6225 6240
5595 5713 7842 7960
7372 7715 9247 9590
1193 1407 7688 7902
3043 3337 1962 2256
16 375 7232 7591
7005 7181 4718 4894
4906 5054 5624 5772
4278 4287 2791 2800
4644 5134 9181 9671
303 747 6611 7055
7346 7428 4413 4495
2319 2594 6283 6558
1767 2228 6238 6699
3115 3613 7619 8117
4087 4216 7917 8046
7068 7429 5553 5914
4030 4118 1680 1768
4644 5146 735 1237
5765 5829 9056 9120
5124 5185 393 454
9412 9930 3244 3762
4884 5126 3563 3805
9146 9476 2159 2489
7946 7955 6272 6281
7842 8367 6825 7350
793 1173 3904 4284
9279 9836 5578 6135
4518 4619 2344 2445
529 987 3031 3489
9556 9696 7660 7800
2864 3348 4333 4817
1282 1450 7044 7212
6076 6217 4214 4355
2146 2209 4515 4578
5449 5628 4766 4945
8035 8130 3684 3779
8447 8934 5284 5771
6179 6467 772 1060
4405 4823 613 1031
8463 8527 2845 2909
2101 2568 5264 5731
6671 7163 5769 6261
25 523 3195 3693
7311 7687 1195 1571
6106 6241 8421 8556
5788 6017 5190 5419
9711 9908 9272 9469
8726 9236 7944 8454
1554 2067 7262 7775
2395 2647 8285 8537
3565 3961 4241 4637
2816 2818 8987 8989
3994 4313 8116 8435
3110 3308 6593 6791
7782 7956 2223 2397
8578 9107 4013 4542
471 613 6814 6956
7297 7315 8481 8499
1653 1999 6278 6624
9341 9717 6792 7168
3158 3205 6422 6469
5249 5830 3298 3879
6690 6725 4374 4409
3899 4214 3346 3661
1236 1742 6519 7025
6689 6769 9193 9273
6107 6553 8905 9351
1564 1972 5909 6317
1953 2249 3272 3568
1748 1850 4314 4416
2759 3046 8924 9211
2033 2286 9876 10000
4310 4713 5811 6214
4175 4258 5799 5882
8203 8399 4466 4662
3437 3781 0 221
3401 3580 8032 8211
4355 4614 1419 1678
7616 7919 8759 9062
8439 8660 2159 2380
6664 6676 9054 9066
2298 2640 4423 4765
2822 2975 3725 3878
8841 9407 1973 2539
0 181 6016 6223
9717 9917 7138 7338
5727 6110 8819 9202
9270 9541 3826 4097
7060 7592 9361 9893
7868 8204 7131 7467
1118 1553 809 1244
9737 9842 3626 3731
6615 6821 8867 9073
8192 8443 9758 10000
2281 2326 1425 1470
2664 3086 2491 2913
835 1170 6614 6949
0 157 4418 4832
4351 4359 6782 6790
5452 6016 5586 6150
5895 6059 8223 8387
8754 9164 2265 2675
2847 3280 3416 3849
3604 4090 6625 7111
9619 9715 2281 2377
9390 9827 1615 2052
4956 5413 7710 8167
7355 7853 6805 7303
2011 2356 8616 8961
8136 8631 8924 9419
3774 4350 829 1405
1633 2145 6841 7353
1588 1639 5978 6029
4780 5336 1583 2139
8462 8906 5376 5820
1320 1491 6032 6203
142 664 7708 8230
3479 3572 8969 9062
1073 1473 942 1342
3574 3825 4477 4728
3404 3856 7150 7602
5883 6244 6734 7095
7186 7337 1966 2117
3757 3837 6112 6192
63 524 9069 9530
2784 2917 7897 8030
7585 7631 799 845
4783 4958 5742 5917
1735 2022 3781 4068
4345 4361 8838 8854
1204 1643 4239 4678
9475 9868 9757 10000
5418 5788 5215 5585
8808 9249 6486 6927
52 569 4783 5300
6262 6656 348 742
884 1269 8659 9044
5506 5925 8184 8603
9948 10000 8054 8168
8661 8954 1584 1877
1363 1566 633 836
7476 7917 7262 7703
2517 3082 9822 10000
5536 5640 7886 7990
6934 7210 3774 4050
575 665 6725 6815
8879 9460 4243 4824
5112 5287 5494 5669
1697 1917 7813 8033
7507 7993 6206 6692
3953 4103 1741 1891
683 930 4347 4594
4418 4943 5395 5920
7641 7905 8332 8596
4137 4472 9669 10000
8617 8758 4523 4664
1355 1417 8631 8693
7802 7942 7314 7454
3119 3502 4160 4543
8235 8582 6828 7175
7605 8021 0 342
371 658 6268 6555
533 1008 8357 8832
4019 4255 5287 5523
7365 7921 277 833
732 1298 7832 8398
1671 2173 987 1489
3825 4090 6603 6868
8122 8700 212 790
4912 5277 9134 9499
9806 10000 0 358
709 871 3056 3218
3760 3869 8427 8536
958 1252 8205 8499
7428 7770 7345 7687
9968 9995 300 327
1668 1799 8618 8749
32 128 6577 6673
6477 6754 3243 3520
6112 6446 4559 4893
6592 6964 1107 1479
8620 9023 5985 6388
5904 6427 3755 4278
5837 5972 5009 5144
3853 4352 7114 7613
5502 5542 6156 6196
4296 4840 6740 7284
4983 5032 941 990
97 186 2565 2654
7528 8108 6525 7105
7522 8020 3120 3618
1052 1110 3160 3218
3693 3866 5785 5958
8477 8719 5280 5522
317 819 5262 5764
8895 9201 4412 4718
4224 4335 3092 3203
7464 7715 2087 2338
525 591 6653 6719
8595 8796 2354 2555
8301 8471 5680 5850
2090 2516 498 924
6237 6757 6090 6610
8614 8713 5126 5225
5744 5934 8838 9028
4223 4512 5777 6066
5748 6245 4080 4577
7800 7873 6370 6443
7924 8205 7308 7589
4938 5280 6095 6437
2545 2973 6702 7130
6692 6846 675 829
3089 3370 5936 6217
1188 1601 2720 3133
4452 4663 1178 1389
5637 5733 4690 4786
2579 2702 5037 5160
119 132 6242 6255
3023 3158 3118 3253
4866 4946 7874 7954
0 361 1832 2233
6727 6855 1043 1171
3678 4174 694 1190
4345 4526 5336 5517
1286 1420 8179 8313
5946 6302 7312 7668
8395 8966 2377 2948
962 1383 9153 9574
5321 5630 7502 7811
9123 9157 8321 8355
9357 9733 4109 4485
1652 2180 4652 5180
1665 2114 9034 9483
4747 4889 9885 10000
378 643 6048 6313
9112 9618 9049 9555
224 390 7110 7276
8100 8113 5178 5191
7192 7211 3778 3797
7084 7568 2659 3143
656 967 5373 5684
4718 4973 8954 9209
7519 7936 7446 7863
7535 7815 6683 6963
986 1455 5236 5705
9443 9969 254 780
8945 9334 6047 6436
3301 3592 570 861
3375 3534 2628 2787
3344 3564 1747 1967
2850 3047 8881 9078
124 425 8243 8544
4842 5199 6130 6487
6320 6870 1378 1928
9428 9938 3595 4105
2311 2776 3221 3686
6203 6770 6161 6728
5964 6272 4343 4651
6351 6543 7985 8177
1610 1903 1179 1472
6708 7029 2309 2630
2454 2906 5989 6441
209 722 693 1206
9907 9996 8096 8185
2862 2941 9760 9839
7375 7597 6108 6330
2110 2691 3406 3987
3010 3398 9118 9506
4307 4549 7675 7917
5147 5679 3480 4012
9528 9747 6179 6398
3098 3414 3505 3821
2004 2171 3916 4083
9251 9275 4351 4375
6845 7236 9262 9653
567 1095 3339 3867
7592 7956 4408 4772
4767 4776 7608 7617
4844 5134 8160 8450
6105 6229 4907 5031
1737 1898 6207 6368
5462 6030 6893 7461
3228 3734 0 422
8185 8370 2752 2937
6886 7056 8747 8917
4505 4911 833 1239
840 1130 6927 7217
5235 5311 8271 8347
302 821 7614 8133
6361 6416 3669 3724
7423 7953 0 324
9068 9437 8529 8898
9050 9317 6011 6278
5070 5114 3443 3487
2800 2847 6655 6702
1370 1924 4740 5294
4144 4461 3947 4264
5857 6390 167 700
2688 2798 6769 6879
7938 8233 3047 3342
7360 7859 4700 5199
7352 7537 6220 6405
1787 2063 9297 9573
6735 7079 5031 5375
9549 9646 5693 5790
4161 4642 3904 4385
9107 9161 8901 8955
5719 5727 8969 8977
3416 3552 9271 9407
8235 8643 8291 8699
3607 3889 748 1030
6307 6411 1405 1509
1365 1826 7344 7805
5019 5088 8216 8285
8904 9328 6156 6580
790 818 8183 8211
3391 3876 9451 9936
6492 6539 7481 7528
9752 10000 6215 6550
1542 1923 3133 3514
9053 9455 2619 3021
1467 1964 1722 2219
6330 6478 4415 4563
9161 9572 6236 6647
958 1126 3783 3951
3907 4127 7465 7685
9602 9868 8812 9078
3508 3599 3961 4052
9005 9062 6107 6164
6454 6853 9684 10000
2922 3486 1385 1949
8960 9461 7365 7866
2402 2487 7873 7958
3201 3335 8822 8956
5469 5978 5225 5734
4601 4908 8266 8573
93 501 7207 7615
8121 8572 4847 5298
5175 5498 9625 9948
8860 9445 1268 1853
9478 9776 6271 6569
6817 6868 900 951
9718 10000 9059 9622
8289 8777 4038 4526
4826 5112 6861 7147
4828 4901 6378 6451
5900 5917 3387 3404
196 274 16 94
2175 2225 7661 7711
2851 3106 5765 6020
1531 1638 8952 9059
1931 1988 2914 2971
2128 2437 9458 9767
2771 2829 9123 9181
7425 7429 4475 4479
340 417 4328 4405
5390 5894 855 1359
252 459 1414 1621
3301 3706 4470 4875
0 297 6238 6619
1980 2505 1015 1540
365 726 4405 4766
3053 3581 7329 7857
514 592 9905 9983
4621 4654 728 761
2455 2517 6484 6546
5926 6514 7879 8467
686 1130 9874 10000
6398 6426 3034 3062
9119 9159 7402 7442
8146 8327 3535 3716
8320 8605 8476 8761
7937 8106 3628 3797
3140 3426 2523 2809
9856 10000 1716 2294
9218 9339 8797 8918
1259 1381 3306 3428
3263 3749 2405 2891
1591 1683 3088 3180
2399 2553 6347 6501
1546 1676 2603 2733
77 616 3603 4142
6147 6664 8759 9276
9764 9812 1654 1702
995 1021 3218 3244
4712 5011 7945 8244
3338 3395 1715 1772
1795 2142 3216 3563
2609 2975 8750 9116
7540 7915 840 1215
4999 5562 9313 9876
9691 9710 5920 5939
8790 8869 5366 5445
6133 6504 8195 8566
6779 6942 6028 6191
1221 1325 8004 8108
9137 9564 9015 9442
6863 7232 4308 4677
6031 6333 4819 5121
3082 3310 4101 4329
294 413 1621 1740
9834 10000 2052 2375
8581 9084 7344 7847
9435 9686 8329 8580
3458 3864 2528 2934
3443 3602 5766 5925
5261 5810 829 1378
4484 4919 3520 3955
7945 8131 7274 7460
4970 5085 2194 2309
5465 5492 2652 2679
7676 8206 6318 6848
7522 7653 4211 4342
1274 1787 4636 5149
1998 2388 9603 9993
8616 9063 1191 1638
4301 4332 2492 2523
3574 3596 7589 7611
222 773 632 1183
19 467 7999 8447
5184 5394 2251 2461
4368 4796 5779 6207
6833 7292 6209 6668
0 341 3076 3446
3850 4392 1726 2268
1516 1914 9473 9871
376 447 5946 6017
24 531 8025 8532
717 840 6335 6458
2715 3007 3708 4000
6773 7029 151 407
262 599 0 309
6195 6785 0 197
2582 2647 8093 8158
1876 2303 595 1022
6052 6480 2107 2535
6477 6987 738 1248
7575 7614 171 210
7158 7504 7997 8343
7436 7616 757 937
4164 4577 3065 3478
7021 7077 5619 5675
2807 3019 2772 2984
6294 6729 0 371
4198 4399 9299 9500
4374 4680 8696 9002
2814 3223 2663 3072
6500 6720 7646 7866
2267 2514 7657 7904
5535 5579 5343 5387
3132 3296 0 140
7645 8175 4297 4827
9765 10000 7616 7888
7287 7700 8544 8957
9587 9636 8009 8058
3402 3562 1317 1477
3275 3775 4056 4556
3014 3160 772 918
8006 8577 7716 8287
7705 7735 166 196
5565 5587 981 1003
8446 8962 8988 9504
6998 7375 8971 9348
1563 2148 1424 2009
5228 5427 9799 9998
5316 5513 5529 5726
9579 9912 8721 9054
6332 6493 976 1137
7797 8038 8479 8720
1819 2188 7594 7963
2023 2167 6344 6488
5101 5310 6538 6747
9701 10000 1833 2259
5621 5947 6386 6712
2070 2605 3975 4510
1747 1791 3641 3685
2144 2338 1320 1514
3160 3431 0 158
6978 6991 2161 2174
7177 7265 488 576
79 529 8841 9291
7332 7541 7021 7230
6490 6852 4710 5072
1302 1584 8717 8999
2893 3084 6828 7019
1378 1584 4795 5001
554 970 1503 1919
0 182 8732 9219
9551 10000 5363 5852
5509 5778 4646 4915
6535 7037 1238 1740
4960 5228 2748 3016
4732 5250 6487 7005
7919 7977 9352 9410
9424 9503 4433 4512
9621 9911 7242 7532
8358 8559 9370 9571
6196 6633 9065 9502
0 331 3505 3990
3911 4008 8886 8983
8374 8533 3311 3470
2344 2652 6261 6569
2965 3514 697 1246
9446 9522 8863 8939
6783 7341 423 981
7741 7841 8383 8483
6375 6850 4320 4795
3138 3638 4947 5447
2719 3253 6149 6683
8937 9201 2728 2992
1396 1565 6948 7117
4985 5423 7543 7981
7313 7494 4261 4442
6972 7528 4990 5546
9046 9442 4601 4997
7792 8040 1462 1710
5343 5357 9645 9659
2163 2306 6044 6187
5231 5636 5846 6251
4082 4090 7161 7169
9896 10000 9161 9422
1611 1919 4242 4550
3818 3893 6163 6238
7807 8112 7883 8188
7336 7461 5421 5546
185 282 4109 4206
8510 8696 8920 9106
3688 4039 8966 9317
2910 3439 5804 6333
2740 3147 2510 2917
6728 6938 7706 7916
1501 1963 8257 8719
4837 5026 9226 9415
4157 4531 1793 2167
8957 9301 5939 6283
5983 6511 6837 7365
2946 3200 3681 3935
1568 1638 7448 7518
3764 3946 8832 9014
3082 3570 6573 7061
8597 8867 5547 5817
1545 2065 1396 1916
1702 2008 4443 4749
93 645 0 229
3394 3604 5591 5801
4706 4717 4103 4114
6316 6650 374 708
3363 3871 493 1001
8064 8382 8318 8636
604 1076 7844 8316
1572 2144 1135 1707
9453 9882 7691 8120
7567 7760 3394 3587
6053 6459 7209 7615
0 303 2736 3179
6256 6507 5282 5533
939 1437 9778 10000
5099 5312 3978 4191
790 1020 3748 3978
6517 6704 2464 2651
8788 9318 1667 2197
6110 6599 7912 8401
7346 7720 2666 3040
9723 10000 2125 2583
2344 2765 6420 6841
1763 2227 2803 3267
9295 9526 6170 6401
7296 7734 702 1140
7356 4013
6039 7917
3758 193
6350 9246
6989 6852
3734 1490
661 3838
2768 7834
5736 7857
4782 8491
6224 8219
2648 9647
9930 2820
5628 5271
7772 4984
5395 7423
6412 738
9113 6606
1474 3603
168 323
8100 4676
9226 1468
6217 8828
8882 3307
6077 9905
6622 6786
66 4025
7213 1785
8980 2203
2569 3419
354 4995
5486 3620
7870 1335
7129 1491
8995 2522
2905 6830
8748 6126
9387 2776
2019 1428
8902 1500
7242 8711
2467 6397
6235 2470
7517 2559
423 4716
6977 8871
4166 6634
3935 5486
4680 6558
3334 7223
6954 7566
5561 1098
7107 9634
7850 2314
7678 1748
385 999
4653 8647
7107 1462
7609 739
5866 5079
1712 390
8723 1307
4180 5933
6007 5383
5737 7795
8042 4100
2212 9486
6413 4686
4439 4340
4223 53
4685 1519
6803 1004
2990 8668
7454 7838
1993 4768
3292 4228
9191 2024
6253 6820
3702 9016
933 7929
1736 432
6177 5898
6687 1513
2716 4341
211 1905
4388 8414
4913 7730
5852 8646
6202 4144
6966 7423
5553 1698
7793 4736
9768 4012
6890 2516
7925 6131
1889 3705
1360 4983
8491 2121
2783 9007
6684 2292
972 584
4687 3370
9080 3738
8310 9247
7910 380
7870 9549
6479 8600
5984 7201
7206 8943
2302 1762
8190 142
4164 1215
9781 9328
8557 2002
5818 6883
881 5970
7951 9906
679 3855
5267 5830
895 9146
1340 8441
4486 8588
2534 2486
7819 3433
2915 8871
2985 3947
4853 2202
9720 9227
3707 9608
4037 6322
4725 2958
1985 6775
5908 3170
9023 7417
2260 6955
2791 9236
2570 9450
2226 9163
803 4513
3343 8730
6388 7459
6970 6426
4043 3554
2247 8084
4601 3870
5131 6201
5939 9050
9500 1392
8105 9348
5466 5370
5963 7414
6121 7813
5139 2491
9371 3414
2123 6085
8108 5747
3901 2070
5081 4954
9569 2832
854 1118
7609 1335
8846 3933
7035 8040
8361 9574
135 271
7796 9932
8614 1899
3006 117
4480 2517
2870 448
7587 5704
8988 3127
9982 4864
2139 8013
8410 8754
8832 4017
3211 5541
8771 6591
8340 7413
3836 5398
8441 2989
5195 8054
6102 5882
3246 8628
9561 9097
4195 8957
7875 1458
6047 3713
6955 9
5622 3810
7241 290
3374 9441
8194 8643
5303 8348
2226 9615
5203 3203
788 8285
6343 9293
3699 1016
2813 6144
8302 3345
36 2872
7864 8653
5772 7445
7281 6319
5786 8142
6340 694
5016 1694
9760 7359
3496 6149
7079 1620
5827 731
5014 6624
8509 2531
8113 6654
3155 4834
4309 638
3928 6443
2455 8307
975 735
5804 6138
3722 2327
7261 6863
1641 9471
8396 3022
3771 7170
9110 3752
4118 2233
4765 9828
2805 5664
6647 3857
3813 6230
5598 7928
7496 9326
1246 7883
3185 2002
31 7387
7150 4864
4978 5765
4279 2793
4948 9381
674 6684
7364 4462
2350 6322
2049 6247
3482 8083
4108 7975
7096 5740
4093 1718
4893 1069
5822 9112
5136 450
9901 3549
4915 3657
9397 2230
7946 6280
8037 6911
844 4216
9646 6123
4609 2370
897 3407
9557 7775
2879 4525
1410 7165
6087 4307
2152 4551
5454 4870
8068 3752
8895 5680
6297 1025
4505 826
8501 2891
2177 5481
7013 5825
315 3692
7534 1341
6106 8484
5870 5397
9719 9437
9176 8086
1906 7562
2448 8474
3679 4522
2817 8988
4250 8373
3263 6685
7814 2327
9072 4088
516 6900
7304 8491
1704 6412
9364 6932
3171 6434
5744 3728
6725 4396
4028 3613
1675 6841
6724 9222
6290 9109
1689 5988
2059 3491
1779 4344
2980 8961
2092 9916
4509 6140
4187 5803
8314 4614
3535 84
3453 8206
4504 1600
7837 8965
8640 2290
6666 9059
2481 4523
2898 3811
9203 2386
83 6063
9806 7246
5940 8834
9495 3986
7387 9613
8139 7182
1348 1004
9836 3724
6732 8972
8393 9881
2300 1436
2945 2577
1054 6676
95 4502
4353 6787
5488 5939
5993 8267
9093 2427
2908 3591
3694 6767
9626 2327
9468 1770
5041 7830
7543 6866
2013 8673
8216 9270
4253 1353
2132 7100
1607 6003
5000 1723
8629 5594
1365 6193
452 7985
3512 8995
1378 1317
3584 4608
3566 7461
6020 6828
7295 2053
3837 6183
94 9502
2789 7970
7596 819
4900 5888
1735 3839
4361 8846
1613 4631
9833 9852
5646 5364
9017 6636
68 5027
6297 555
1208 8893
5760 8333
9950 8108
8675 1697
1548 664
7517 7620
2863 9904
5553 7926
7015 3844
587 6756
8931 4695
5197 5568
1830 7972
7593 6221
3955 1888
869 4456
4579 5705
7697 8352
4264 9676
8661 4663
1361 8687
7936 7408
3128 4168
8344 6829
7656 27
635 6357
563 8431
4091 5328
7691 827
1203 7995
1777 1088
4044 6728
8638 481
5031 9188
9841 208
794 3128
3841 8445
1063 8305
7757 7676
9979 322
1688 8697
35 6653
6501 3427
6235 4769
6793 1457
8950 6111
6005 3988
5933 5116
3916 7557
5523 6189
4804 6747
5018 941
116 2594
7891 6591
7729 3320
1056 3218
3825 5948
8658 5320
702 5553
9020 4577
4272 3130
7467 2150
559 6686
8683 2549
8434 5803
2384 644
6312 6215
8685 5207
5865 9015
4228 5905
6078 4536
7848 6441
8157 7339
4982 6099
2591 7066
6703 703
3195 6094
1205 2893
4590 1322
5644 4715
2581 5062
130 6248
3110 3138
4940 7910
118 1938
6834 1144
4029 810
4394 5353
1347 8312
6279 7465
8544 2727
1042 9435
5413 7639
9136 8332
9385 4476
1686 5064
1931 9383
4874 9936
480 6220
9151 9350
291 7272
8109 5182
7196 3785
7502 2904
828 5663
4891 9087
7742 7629
7603 6858
1235 5677
9856 391
9066 6197
3341 851
3474 2661
3486 1749
3025 8936
291 8284
5070 6401
6485 1595
9479 3931
2644 3268
6713 6238
6123 4433
6460 8022
1701 1251
6900 2451
2532 6351
617 1184
9995 8145
2900 9804
7531 6309
2559 3505
3113 9441
4382 7809
5676 3714
9622 6245
3314 3681
2010 4015
9269 4365
6930 9497
630 3584
7768 4490
4776 7610
5026 8339
6174 4937
1801 6263
5558 7450
3719 132
8218 2850
7007 8801
4660 897
892 7102
5269 8274
629 7850
6372 3718
7712 155
9147 8579
9097 6152
5100 3453
2831 6685
1516 5213
4149 4251
6281 425
2771 6846
8225 3169
7695 4984
7500 6364
2059 9315
6902 5344
9623 5734
4345 4236
9136 8904
5722 8973
3510 9397
8400 8470
3797 873
6347 1458
1709 7616
5036 8239
9295 6166
816 8189
3679 9919
6527 7482
9950 6218
1591 3285
9056 2854
1859 2088
6424 4505
9181 6392
1062 3938
4023 7496
9607 8831
3523 3967
9059 6160
6778 9918
2990 1914
9046 7397
2453 7951
3226 8901
5946 5327
4809 8400
297 7446
8484 5002
5186 9913
9375 1730
9756 6447
6830 926
9790 9438
8442 4519
5043 6938
4868 6425
5908 3403
231 84
2221 7690
2946 5999
1628 9055
1987 2942
2355 9749
2807 9145
7427 4476
342 4388
5598 1147
379 1428
3468 4793
159 6322
2160 1506
442 4707
3162 7707
515 9972
4640 731
2481 6493
6421 7892
861 9982
6400 3041
9136 7426
8316 3710
8439 8686
8038 3698
3315 2763
9931 2014
9225 8809
1264 3415
3620 2842
1645 3096
2474 6396
1612 2629
411 3730
6262 8993
9779 1677
996 3241
4941 8032
3377 1738
1945 3363
2834 9067
7796 924
5110 9714
9695 5937
8810 5430
6467 8299
6861 6072
1298 8053
9358 9416
6953 4397
6322 5088
3299 4159
301 1652
9920 2375
9037 7569
9484 8432
3825 2559
3547 5853
5619 1334
4786 3615
8002 7311
5026 2309
5468 2674
8178 6366
7535 4254
1629 4755
2265 9968
8668 1282
4322 2516
3581 7598
515 1104
315 8377
5216 2379
4793 6093
7129 6534
197 3426
4081 2206
1797 9843
410 6007
151 8464
784 6454
2763 3983
6935 383
560 57
6488 76
2609 8135
1942 919
6281 2236
6967 988
7588 189
7281 8115
7437 861
4275 3075
7021 5669
2999 2895
6639 191
4254 9481
4642 8787
2857 2798
6620 7859
2296 7817
5558 5357
3231 116
7918 4359
9944 7873
7359 8544
9633 8040
3528 1339
3738 4233
3089 826
8211 8216
7722 186
5568 997
8640 9282
7053 9245
2055 1435
5267 9817
5423 5591
9648 8809
6432 1011
7950 8552
2018 7658
2128 6370
5296 6622
9967 1833
5729 6579
2304 4436
1780 3645
2272 1411
3172 7
6984 2171
7251 568
95 8846
7488 7098
6761 4737
1466 8890
3081 6994
1422 4829
899 1799
128 8818
9947 5583
5768 4775
6786 1548
5192 2798
5214 6631
7934 9378
9446 4506
9809 7279
8431 9518
6321 9302
97 3573
3928 8957
8381 3355
2491 6375
3361 810
9470 8905
7144 471
7793 8425
6598 4339
3274 5252
3243 6438
8961 2844
1430 7074
5259 7561
7394 4400
7320 5511
9083 4761
7863 1497
5356 9658
2197 6105
5533 5906
4089 7161
9983 9394
1689 4464
3872 6231
8000 8176
7358 5439
221 4132
8667 8999
3723 9268
3432 5870
3045 2816
6861 7739
1579 8422
4978 9263
4319 1980
9190 6117
6397 7072
3029 3749
1620 7489
3808 8847
3479 6819
8774 5586
1755 1470
1837 4724
180 60
3589 5699
4715 4105
6621 497
3738 570
8215 8492
717 7956
1629 1383
9650 7823
7620 3513
6423 7380
218 2868
6257 5499
1068 9798
5152 4165
982 3966
6688 2494
9119 2037
6145 8280
7370 2838
9891 2180
2491 6488
2095 2857
9412 6337
7634 1053
