800 148 400 3 2494
6 9 1 1 1 2 10 5 7 2 1 1 15 10 7 1 6 10 3 5 6 1 7 1 1 3 2 7 1 8 1 3 8 7 9 3 6 4 2 20 9 2 1 9 2 3 5 5 10 7 7 13 8 16 5 24 3 3 13 1 1 1 4 4 1 2 2 10 2 3 2 4 4 17 11 1 11 6 9 5 1 2 2 4 7 1 19 10 3 3 5 13 2 10 3 5 4 1 9 2 1 6 4 17 6 4 10 5 1 16 20 1 4 1 8 20 1 2 4 11 2 3 6 2 5 4 5 1 5 2 1 1 1 1 2 4 4 27 2 3 1 1 1 2 3 1 3 10
3026 4815 1454 3243
8480 10000 1731 4184
0 2016 977 3470
5066 5131 7416 7481
5284 6214 4329 5259
1287 1793 8753 9259
1512 3917 4608 7013
7980 8452 8815 9287
690 1183 7590 8083
5238 5345 4587 4694
5691 6413 6100 6822
0 217 666 1782
1109 2965 7196 9052
911 2447 155 1691
2458 4635 7774 9951
1787 3593 0 658
9145 10000 57 2038
294 1463 7172 8341
5475 7766 2485 4776
0 1249 3184 4579
6301 6969 4768 5436
9456 9772 5873 6189
0 2192 1846 4120
269 1869 4724 6324
2273 4052 0 1468
6609 8823 5782 7996
2102 3764 1308 2970
7996 10000 8163 10000
3553 5604 3220 5271
8517 9922 8441 9846
0 726 2502 3476
7816 8202 4891 5277
1477 3658 4575 6756
3778 3806 9331 9359
8216 8624 0 295
5895 6894 2821 3820
2992 4006 8229 9243
7007 7820 0 652
7373 7394 6197 6218
1084 1511 3994 4421
4270 5012 1434 2176
897 2252 6460 7815
2611 5053 4612 7054
4931 6127 368 1564
6580 8660 392 2472
6966 8997 8078 10000
9624 9807 3249 3432
791 1078 272 559
6789 9205 6179 8595
1773 3159 6363 7749
517 2453 0 767
7342 8676 2079 3413
4302 6187 1483 3368
4027 4457 4080 4510
2558 4895 5532 7869
5004 7109 6387 8492
339 2173 2080 3914
7959 8049 2399 2489
9224 10000 730 2210
8788 9433 8115 8760
873 1304 9191 9622
5013 5989 8721 9697
4411 6829 0 1685
4462 4901 8062 8501
479 568 6869 6958
4887 5410 7549 8072
5115 6654 1693 3232
235 1153 8318 9236
8492 10000 8361 10000
853 1441 9505 10000
1066 2766 1667 3367
7393 9746 7735 10000
7088 9398 5137 7447
7778 8581 9468 10000
2204 2430 3834 4060
4823 5340 2158 2675
625 2439 420 2234
5054 5899 3408 4253
3674 3703 97 126
3465 5731 1933 4199
5110 6658 7682 9230
2944 5078 6550 8684
7154 8575 7451 8872
7148 8797 3152 4801
3993 6330 6795 9132
1667 3534 997 2864
8388 8766 8125 8503
8522 9896 3597 4971
41 941 8393 9293
3515 4119 4477 5081
8383 8870 8400 8887
6656 7155 6366 6865
3304 3994 5318 6008
344 1411 1587 2654
3925 5769 5331 7175
8671 9808 8993 10000
5465 6121 1571 2227
427 2400 4111 6084
6387 7783 0 1077
2719 2741 1112 1134
525 2321 8857 10000
947 2849 0 1201
4906 5600 7014 7708
395 2652 783 3040
1665 3143 6534 8012
2728 4843 1013 3128
9070 9798 4225 4953
7645 8825 6376 7556
6019 6379 2894 3254
6015 7944 5778 7707
2664 4131 8505 9972
490 2113 279 1902
8258 9297 5481 6520
37 173 7877 8013
882 2994 6594 8706
8492 10000 1585 3843
3706 5406 7881 9581
1763 2128 5709 6074
3280 5105 554 2379
6576 8736 7959 10000
71 1852 4133 5914
2986 3051 5853 5918
29 1684 392 2047
842 1401 263 822
5153 5431 7184 7462
604 2344 3589 5329
9976 10000 3629 3735
467 1858 5918 7309
6136 6409 7199 7472
7994 8764 1992 2762
1115 2563 6413 7861
8933 9236 4264 4567
5590 7251 1968 3629
8534 9703 9510 10000
0 1055 7092 9376
7690 9601 331 2242
9754 10000 2048 2350
9363 9960 5713 6310
6190 6396 9721 9927
0 1054 5629 7075
0 811 5708 6806
681 1152 7470 7941
2079 3469 752 2142
224 2370 4101 6247
4574 6679 4213 6318
203 2337 0 1410
6653 8073 6272 7692
9651 10000 0 132
8277 10000 8516 10000
4959 4974 3852 3867
0 593 6201 6943
4855 7158 3263 5566
265 459 5456 5650
0 1086 5952 7197
3672 5660 9152 10000
3221 5011 4740 6530
4250 5726 2705 4181
3267 4597 3732 5062
5204 5285 3663 3744
6614 6842 6603 6831
8572 9452 8131 9011
6959 6996 2271 2308
6660 6662 4888 4890
1802 3882 1173 3253
7024 7808 819 1603
2666 4941 0 2186
3511 3961 6884 7334
5008 5719 6261 6972
6119 8565 3301 5747
6252 6652 1217 1617
5859 6057 1142 1340
1080 2298 5807 7025
4014 4230 5341 5557
0 480 4445 5987
0 2160 4314 6685
9064 9512 8163 8611
7852 8143 3208 3499
1067 2627 4840 6400
3729 5939 1048 3258
2668 3262 9031 9625
5406 7420 6789 8803
4840 7047 5497 7704
5542 7905 3501 5864
1837 3467 8869 10000
6379 8408 1569 3598
5152 5850 1150 1848
8448 10000 8982 10000
4765 5318 4112 4665
2354 4779 3054 5479
376 1939 5118 6681
9471 9784 7718 8031
0 1876 7414 9659
1098 2535 2097 3534
387 2555 1598 3766
5272 7083 7976 9787
7649 8245 7270 7866
2211 2641 9001 9431
3777 5184 7809 9216
0 885 7471 8761
0 2023 1812 4288
1392 1610 4500 4718
8263 10000 4816 6567
1780 3976 5683 7879
686 2048 5171 6533
7471 9625 7744 9898
3726 4712 1969 2955
406 500 2515 2609
4161 4641 6905 7385
221 557 954 1290
8846 9678 6556 7388
0 1006 1943 3965
4722 6029 7117 8424
9080 10000 3726 4773
0 22 5806 6002
2835 4114 5194 6473
6718 8970 1163 3415
7138 7389 2492 2743
8502 10000 2103 3688
8947 9756 5741 6550
0 389 5861 6338
9147 9591 3931 4375
6617 8547 3234 5164
303 2075 5900 7672
4238 4984 9302 10000
4086 4526 5896 6336
104 1962 6253 8111
2201 4184 2881 4864
3196 5460 3973 6237
8112 8456 2714 3058
5640 6040 2882 3282
2305 3979 6079 7753
4019 5097 8949 10000
7192 8185 5170 6163
1631 3143 3593 5105
2818 3804 0 984
3145 5366 5827 8048
0 409 980 2205
5596 7899 7699 10000
5910 6128 8280 8498
2968 5008 0 1704
7068 8663 7779 9374
4996 6926 9666 10000
1538 1538 978 978
1779 2147 85 453
82 1847 8322 10000
2903 4239 5254 6590
8914 10000 4903 6332
6119 8542 2579 5002
8545 8654 9888 9997
1792 3898 1729 3835
5976 7815 8283 10000
152 1233 7483 8564
7947 9278 0 747
1610 2331 0 417
230 1915 3438 5123
3618 3663 8491 8536
7888 10000 3927 6398
6031 7991 6530 8490
4789 5207 9277 9695
6844 6902 4240 4298
4476 6066 6484 8074
1277 3304 6161 8188
3109 4568 6239 7698
7188 9305 5581 7698
6692 7251 3508 4067
3943 6396 1054 3507
2976 4701 7592 9317
5942 8305 0 1389
1250 2511 5102 6363
7957 8529 5627 6199
5135 6159 4029 5053
1945 4165 0 1577
1450 3226 2256 4032
234 2357 0 1056
5407 7206 7955 9754
5201 7591 7900 10000
6438 8881 6848 9291
8916 10000 7689 9603
6575 7882 5368 6675
3979 4368 5361 5750
9030 9892 4853 5715
9914 9982 5629 5697
4206 6019 2140 3953
8891 10000 5782 8023
9037 10000 1786 3896
2336 4592 4751 7007
8962 9152 8826 9016
6152 6300 5970 6118
2930 4013 1222 2305
9028 10000 0 1502
3726 3971 9676 9921
5730 6777 4521 5568
5474 5582 1504 1612
0 1295 0 1124
547 575 2074 2102
1002 2755 4500 6253
1135 3407 0 2041
0 1781 842 2689
566 2331 6475 8240
653 987 2794 3128
355 756 5533 5934
3273 3774 4995 5496
8544 9338 7141 7935
7334 7643 9406 9715
4016 6111 4654 6749
2797 4333 6705 8241
933 3164 6946 9177
5538 7460 1424 3346
2069 3064 7799 8794
6988 9426 1619 4057
8804 9434 8776 9406
9342 10000 6346 8643
6299 7856 9291 10000
328 559 8519 8750
2497 3952 4699 6154
2422 3984 2935 4497
731 2191 2606 4066
7876 8306 2167 2597
5128 6443 4506 5821
5445 6503 2822 3880
9245 10000 8833 9769
5980 6127 6110 6257
8600 9257 2680 3337
7020 7385 2945 3310
9955 10000 6993 7577
6742 8703 4666 6627
3173 3267 1796 1890
0 2264 0 1685
2846 3074 1170 1398
4758 5013 696 951
3277 4677 977 2377
5369 5871 7106 7608
7134 9587 3345 5798
2252 3986 2490 4224
5584 6366 3081 3863
8264 10000 7118 9587
2691 4960 1515 3784
0 1481 5486 7909
4105 4697 7004 7596
9030 10000 7248 8888
7475 7890 5594 6009
3884 6208 3578 5902
5166 7487 2751 5072
8676 10000 4726 6723
5124 5581 6515 6972
6511 8690 3499 5678
9244 9816 3234 3806
7650 8703 2751 3804
5664 7112 9576 10000
3229 4523 674 1968
3124 3549 2171 2596
66 1911 4007 5852
5950 8440 5374 7864
2596 3123 9574 10000
2793 4814 3323 5344
3311 5637 512 2838
7061 9080 6567 8586
4743 5223 3325 3805
3163 5078 0 1691
1142 1702 0 318
7196 9421 205 2430
620 1149 4079 4608
2741 5019 0 2221
8145 9237 3802 4894
1926 2996 3453 4523
1616 2269 1774 2427
1711 4191 0 2421
9291 10000 7866 8895
8512 10000 7245 8745
8136 10000 4146 6339
739 2645 6106 8012
1432 3069 3581 5218
6529 6529 4424 4424
2960 4628 680 2348
5025 6960 3448 5383
6143 7185 5434 6476
4967 7315 2668 5016
2076 4150 7159 9233
5258 6000 0 694
6468 8848 0 1794
3304 3659 1550 1905
7849 8977 3199 4327
465 1437 4218 5190
7880 8865 0 298
8930 9045 9026 9141
8574 8777 9873 10000
9373 10000 2092 2929
1341 2404 3312 4375
8648 9337 1638 2327
5705 6784 3329 4408
3924 6269 0 1380
0 1087 6731 8209
4631 6322 450 2141
726 1970 7741 8985
5050 5497 132 579
359 1838 8085 9564
4490 4723 6965 7198
7209 9092 5364 7247
5655 7357 9309 10000
6220 8338 6465 8583
7399 7639 1501 1741
509 652 8176 8319
1376 2058 8331 9013
7143 9246 2424 4527
6137 6221 3410 3494
6036 6782 2829 3575
4893 6361 5307 6775
2565 3207 9447 10000
5146 5737 6484 7075
6959 7981 4523 5545
1871 2550 5489 6168
4635 4975 9599 9939
9233 9916 9801 10000
2007 2779 9655 10000
555 2397 2483 4325
5213 7233 6550 8570
9113 9696 4857 5440
3105 3107 2581 2583
4875 6660 5925 7710
4862 6301 3858 5297
0 984 0 672
2343 3237 3648 4542
9778 10000 9594 9871
2514 4586 8448 10000
6265 8520 2161 4416
3541 5993 6915 9367
3953 5744 4474 6265
4913 5421 0 257
8168 9904 7171 8907
419 1532 8622 9735
6683 6854 1256 1427
3690 4311 2314 2935
402 2875 5567 8040
4535 4636 3357 3458
0 469 6117 6679
1088 1216 5509 5637
3291 3335 6855 6899
7498 9344 598 2444
984 1294 2363 2673
6400 7056 3643 4299
2161 4353 3059 5251
3839 4861 7709 8731
1301 3717 1259 3675
8642 10000 4086 6214
5037 5427 6118 6508
4247 5297 6715 7765
0 328 9865 10000
598 1334 164 900
3773 5626 1304 3157
7960 8611 1996 2647
0 956 8228 10000
3397 4983 9024 10000
2360 2905 8821 9366
767 1903 8544 9680
353 2053 1151 2851
1424 2876 4516 5968
538 1283 884 1629
6424 8336 873 2785
4427 6322 6059 7954
4895 5421 6744 7270
4617 6438 2905 4726
9250 10000 5734 6974
3091 4764 7689 9362
6325 6825 8161 8661
6640 7190 1898 2448
159 2452 778 3071
3709 4258 1241 1790
9258 10000 0 897
4051 5515 2124 3588
3981 6116 1272 3407
1830 2541 7238 7949
4111 5206 1546 2641
3440 3860 7572 7992
3683 6011 8831 10000
6220 7856 4150 5786
3730 5988 2164 4422
3805 5399 1473 3067
3389 4258 2000 2869
984 1905 3289 4210
0 978 1459 3446
6658 7334 4708 5384
2341 2632 3109 3400
4566 5451 0 482
7372 7908 4276 4812
0 924 317 1286
1528 3247 5059 6778
4727 6575 6655 8503
9051 10000 2592 4064
5834 7275 6895 8336
3764 3910 518 664
4180 5370 4409 5599
1762 3853 5321 7412
5220 5330 3643 3753
255 1117 676 1538
7012 7494 3060 3542
361 1740 8475 9854
6087 7460 5192 6565
4787 6923 611 2747
5214 5272 1070 1128
1128 3106 968 2946
9727 9912 2537 2722
0 114 3124 3627
5247 7703 0 1415
6246 7196 1492 2442
1699 1827 4601 4729
6648 7553 5773 6678
1037 2102 1748 2813
5635 5724 7197 7286
4752 6011 2450 3709
458 1941 536 2019
9954 10000 2307 2540
7619 9779 5873 8033
3691 5378 2839 4526
0 929 7941 9218
9037 9442 2473 2878
7147 7573 8746 9172
3322 5470 2861 5009
9086 10000 0 1730
3222 5548 2945 5271
3069 3760 5399 6090
8361 9723 2695 4057
631 2760 2707 4836
3905 5613 5971 7679
2596 3471 7800 8675
9664 10000 4967 6667
650 2976 397 2723
6684 9032 4825 7173
8023 8300 8661 8938
8803 9511 6114 6822
1377 1706 532 861
1896 4369 2241 4714
1199 2239 6628 7668
9166 10000 2493 3379
2654 2835 1496 1677
7734 8059 2676 3001
9127 10000 7745 9253
2302 3815 3533 5046
3296 5008 8615 10000
185 372 5855 6042
7991 10000 585 2600
3521 3612 8401 8492
7638 9249 3309 4920
258 1454 0 661
7923 8730 6029 6836
8553 10000 3615 5678
1578 1983 8070 8475
6808 7435 319 946
6833 9007 389 2563
5664 7930 0 1832
2642 3894 0 931
5063 6052 18 1007
4090 4770 6378 7058
1680 3901 7578 9799
4150 5900 3601 5351
2575 2998 627 1050
2955 5417 2442 4904
6056 7224 681 1849
9215 10000 7922 8800
6251 6355 3257 3361
1111 1883 8883 9655
1187 2309 8201 9323
0 1870 946 3277
110 887 9279 10000
6666 8834 1468 3636
2455 3392 3313 4250
3600 4379 8574 9353
2990 5125 139 2274
3930 4705 4699 5474
1057 3221 6239 8403
7635 9626 5590 7581
1747 3838 7083 9174
112 464 8789 9141
6700 6712 4159 4171
1758 3257 7178 8677
9888 10000 2647 2947
2456 3487 5943 6974
3739 5220 6792 8273
5078 5488 1662 2072
9627 9967 4150 4490
2852 4069 6455 7672
3185 3969 8961 9745
4887 6339 1578 3030
4821 5641 5512 6332
6062 8529 792 3259
9102 10000 6366 8603
789 1309 9066 9586
5304 5483 3414 3593
0 1868 3751 5989
3067 4425 0 1237
7482 7914 1535 1967
4186 4248 9643 9705
2021 3050 7259 8288
4739 7187 6452 8900
6661 8137 4554 6030
1907 2084 5337 5514
7549 8451 4944 5846
711 2069 3138 4496
738 1082 3801 4145
7511 9240 579 2308
2381 2763 0 242
5280 7181 0 1294
3214 4317 4387 5490
3204 3926 6448 7170
1241 1426 6238 6423
846 3088 0 1539
9754 10000 8570 9108
2411 2902 7830 8321
834 1193 3408 3767
7965 8167 2575 2777
4535 6007 7338 8810
0 1142 1224 2650
5175 6023 6993 7841
7275 8198 3646 4569
8863 10000 1876 3548
8709 10000 813 2896
6208 7435 0 789
2930 2952 7795 7817
6622 8206 563 2147
551 2433 5981 7863
7547 9979 5154 7586
3355 5553 3635 5833
2214 3670 7482 8938
6326 8004 0 1664
1722 2226 4093 4597
6343 6889 3786 4332
290 2712 2117 4539
4841 5768 4328 5255
3300 4298 4886 5884
4531 4990 8917 9376
929 940 6764 6775
2506 3441 5683 6618
7653 8860 4214 5421
7379 8646 652 1919
0 262 368 1115
6620 8813 2219 4412
2003 2030 2709 2736
6662 7881 3684 4903
5293 6730 4340 5777
1622 2252 7697 8327
4522 5508 2376 3362
3130 3289 43 202
5115 6058 9646 10000
0 1078 961 3352
9263 9906 727 1370
1452 3003 3228 4779
1684 2467 8134 8917
5441 5605 7845 8009
0 1243 4766 7093
5384 6480 550 1646
3990 5573 8485 10000
6469 8437 2756 4724
5675 5955 8029 8309
1123 1394 8341 8612
2129 2679 2733 3283
8185 8920 3977 4712
3125 5068 2379 4322
344 1254 5552 6462
5597 6165 2952 3520
5527 7623 131 2227
7216 7353 4923 5060
2105 4401 4591 6887
7559 9726 0 1918
8527 9451 4446 5370
1253 3147 4853 6747
7662 7752 1874 1964
7013 8751 928 2666
1078 3031 8968 10000
5409 5938 607 1136
7612 9451 8069 9908
888 2044 2302 3458
9659 9881 4825 5047
5479 7067 4922 6510
1000 1404 5532 5936
2589 4774 6806 8991
8378 8496 3477 3595
0 1514 0 1216
3808 4700 7382 8274
5442 7567 4729 6854
2937 3410 5422 5895
4268 5460 5928 7120
7164 8131 1882 2849
1823 4175 2968 5320
2590 4691 5872 7973
8416 10000 6441 8195
3360 4882 2308 3830
6925 9052 2243 4370
1133 1476 6907 7250
6291 8641 1625 3975
1420 3536 3543 5659
546 1748 3 1205
2508 3204 3311 4007
4946 6839 7089 8982
3615 4798 4161 5344
7102 8734 55 1687
5865 7601 1428 3164
5136 5971 3770 4605
6334 7942 5244 6852
825 2278 1622 3075
9098 9417 2473 2792
5953 6306 9693 10000
7758 8825 7365 8432
6894 7290 4916 5312
9647 10000 6716 7386
2058 2513 3 458
7859 9807 2919 4867
6832 9210 5580 7958
3951 4098 8143 8290
6773 7882 3838 4947
3636 4717 6410 7491
0 1192 1119 3133
7657 7995 9609 9947
7153 7188 963 998
8339 10000 6913 9184
6387 6997 4905 5515
4363 5246 567 1450
7652 9451 3145 4944
8195 9223 2127 3155
3346 4991 5288 6933
948 1322 2588 2962
759 1463 7759 8463
4630 6737 3571 5678
9360 9738 1534 1912
6813 8102 8298 9587
0 1170 7447 8943
3288 4315 1816 2843
1957 3927 1632 3602
423 2197 4585 6359
477 2128 0 1604
3465 4358 3932 4825
7715 8829 2049 3163
4170 5762 1129 2721
5906 8057 5237 7388
5390 6678 5146 6434
5254 6042 39 827
5150 5490 6969 7309
4548 6844 4988 7284
5151 5977 2895 3721
2868 3795 4497 5424
1046 2125 26 1105
9145 9923 4113 4891
5063 5903 776 1616
8752 10000 4184 5566
5853 7442 6672 8261
6312 6335 4179 4202
5611 7620 0 1256
9078 10000 5316 7303
7665 8637 9103 10000
7174 7774 6895 7495
6215 6740 3598 4123
8543 9232 2190 2879
1352 1444 5917 6009
6787 8039 4707 5959
1431 1508 6693 6770
0 823 1980 2946
0 825 8195 9105
7866 8285 3484 3903
4783 6527 2032 3776
1223 3710 0 2329
3074 4769 8347 10000
7516 7702 1640 1826
4029 5400 161 1532
5486 5753 2651 2918
3888 4729 8602 9443
9711 10000 1744 2622
7912 9967 4469 6524
5489 6975 4985 6471
7851 9026 8460 9635
6298 6942 911 1555
0 779 1620 2647
788 1426 2566 3204
7683 9558 6800 8675
5360 7087 3000 4727
5707 7249 5195 6737
4345 5672 4895 6222
2293 3409 0 903
3698 5316 1232 2850
5000 7083 5683 7766
8907 9872 7172 8137
4849 5410 3276 3837
5106 5239 6469 6602
2994 3760 8403 9169
3290 5576 8530 10000
2667 4411 815 2559
8127 8560 4243 4676
6952 8733 1560 3341
5188 5741 1974 2527
6872 7649 4863 5640
8992 9432 8508 8948
9460 10000 4785 5409
2968 5267 6694 8993
454 871 8761 9178
2052 2876 1838 2662
1114 2295 0 1112
617 2999 437 2819
6096 7700 5240 6844
5204 6326 2623 3745
5144 7224 3290 5370
4578 4804 1862 2088
5352 7155 587 2390
0 1334 5243 7187
3058 1585
8624 4079
423 1359
5105 7463
5791 4396
1638 9058
3138 6807
8026 9176
737 7798
5329 4656
6040 6565
171 950
2658 8314
1615 1099
3800 9031
3352 645
9212 127
488 7359
7002 4196
574 3733
6810 5021
9599 6055
657 3861
754 5279
2719 1253
8031 5783
2783 2790
9925 9322
4680 4388
9760 9161
632 2910
8201 5233
1515 5691
3781 9348
8288 117
6021 3185
3386 8929
7540 305
7394 6217
1372 4228
4383 1561
1743 7595
3138 4757
5780 442
8249 2446
8395 9550
9693 3269
842 469
7488 7518
2866 6501
1185 432
8489 2857
5526 2353
4119 4271
4757 6048
6675 8355
1153 2330
7998 2469
9467 885
9287 8711
886 9352
5682 9231
6091 1586
4655 8438
507 6880
5124 7865
6128 3213
1060 9149
9492 8495
1086 9670
1457 2386
9367 7843
7665 7044
7806 9596
2307 3937
4917 2431
785 2061
5180 4248
3677 112
5712 3572
6099 8296
3084 7326
7154 7946
7451 4650
4972 7133
2603 1811
8501 8350
8733 4625
756 8440
3518 4820
8611 8830
6951 6715
3530 5340
1120 2369
5011 5975
8793 9622
5648 1702
1711 6080
6606 834
2723 1126
1483 8951
1417 308
5216 7397
2563 1870
2364 7430
3903 2145
9798 4437
7934 6657
6372 3065
6163 6849
3890 9912
1770 1389
8259 5669
173 7951
2405 7601
9601 1904
5325 8197
1970 5888
3479 2131
6612 8356
1111 5393
3045 5914
1429 1711
876 547
5303 7292
1390 3593
9994 3653
1096 5999
6142 7313
8314 2707
2455 7517
8993 4441
5919 2796
9158 9964
671 8946
9343 1774
9904 2062
9749 6108
6228 9866
232 6106
0 5783
800 7491
2721 2125
1907 4342
5025 4797
2072 116
6794 6832
9718 99
8619 8551
4974 3862
592 6202
7016 5387
359 5477
403 6449
3736 9189
3359 5289
4274 3414
3578 3937
5271 3743
6704 6800
8712 8312
6971 2306
6660 4889
2070 2643
7715 991
2842 999
3610 7034
5289 6636
7123 4742
6310 1361
5918 1156
2271 6189
4223 5510
312 5032
675 5323
9111 8201
8003 3422
1170 6296
5893 3050
3034 9601
6600 7444
5436 5513
6059 5333
2595 9680
7390 1948
5434 1195
9991 9089
4990 4446
3343 3948
990 5322
9585 7788
1600 9585
1481 3038
2421 2408
6809 8662
8226 7506
2546 9352
4828 8659
231 8129
252 3585
1539 4710
9067 5833
2384 7400
934 5807
8700 7745
3858 2539
468 2581
4186 6995
411 971
8907 6738
303 2870
5262 7676
9089 4049
1 5888
3247 6031
7132 2549
7251 2634
8960 2497
9597 6324
366 6185
9446 4165
7647 4903
816 7314
4926 9943
4349 6307
1678 7259
3673 3221
5447 5989
8307 2862
5864 3108
3503 6697
4469 9801
7431 5881
2873 4178
3522 258
3598 6231
144 1557
7519 7772
6085 8485
4197 86
7614 8807
6509 9885
1538 978
2017 217
719 8660
3841 5490
9530 4923
7138 3716
8573 9956
2701 2168
6835 8341
856 8248
9256 51
1849 87
1600 3743
3628 8528
9020 5886
7748 7877
4857 9653
6853 4255
4934 6871
2705 8119
4342 6449
8714 6111
7105 3570
5830 2849
4374 8840
7802 623
1306 5798
8074 6035
5919 4912
2307 886
1747 3858
547 137
5558 9404
5201 8079
6823 8706
9152 9483
7479 6117
3985 5388
9592 4933
9969 5672
5052 3209
9086 6393
9855 3595
3784 6492
9124 8901
6176 6069
3984 1473
9191 1339
3882 9907
6159 4832
5485 1584
347 462
549 2088
2646 4550
3275 489
1500 1505
633 7554
659 2953
447 5838
3541 5068
9299 7254
7349 9417
5622 6051
2908 7777
1158 9043
6726 3133
2212 8145
7171 3754
8901 9034
9749 7281
6368 9358
343 8660
2912 5977
2459 4353
2069 3571
8077 2570
5853 4780
6247 3149
9443 8966
6086 6230
8903 3170
7075 2994
9972 7184
7140 5854
3232 1823
1537 1427
2858 1200
4967 716
3506 1844
5767 7473
8170 5616
3691 3988
5951 3391
9862 8320
3020 3072
450 5538
4184 7095
9959 8822
7518 5997
4153 4272
5850 3986
9694 6282
5297 6760
8599 3961
9451 3481
7800 3358
7022 9818
3927 1211
3374 2357
572 5214
6953 5617
2944 9845
3918 3810
4297 2628
7947 7130
5035 3447
5004 802
1353 56
9030 1286
638 4217
3606 581
8426 4340
2980 4005
1688 1774
3185 1373
9986 8803
9219 7747
8857 5873
787 6767
2800 4186
6529 4424
3882 1640
5257 5211
6955 5545
6302 3552
2365 8381
5637 645
7046 1462
3385 1655
8578 3962
1024 4660
8689 56
8935 9086
8614 9937
9542 2529
1764 4356
9252 1791
6412 3567
4076 428
1025 8134
4785 859
789 8917
5090 487
1788 8301
4674 7176
8379 6940
7170 9614
7678 7833
7533 1544
573 8297
1809 8550
8825 4287
6189 3413
6608 3212
5905 6652
2704 9681
5618 6566
7432 4553
2101 5562
4856 9748
9408 9835
2080 9670
1677 3979
5327 8406
9612 5217
3107 2583
5698 6047
5924 3972
771 648
2446 3764
9781 9815
3994 9295
6354 3672
5178 8115
5278 5186
5034 52
9228 8196
707 9386
6722 1427
3766 2932
2061 7154
4548 3410
49 6210
1185 5612
3303 6857
8184 813
1166 2538
6569 4272
3401 3458
4304 8452
2680 3504
9476 4349
5160 6326
4368 6724
249 9995
849 230
4532 1527
8200 2394
388 8488
4625 9759
2661 8841
1709 9181
1871 2124
2118 5819
1140 1054
6703 2724
5455 6178
4979 6755
5215 3598
9772 6000
4101 9295
6670 8439
6868 2155
200 1441
4140 1675
9457 334
4555 3065
5976 3186
2231 7923
4924 1780
3670 7636
5497 8974
6712 4159
3908 2535
4087 2705
3997 2043
1111 4115
211 2306
7196 4972
2433 3201
5128 337
7533 4574
503 1025
2759 6656
5292 8194
9939 3355
6514 7275
3910 616
5134 4618
3537 5972
5284 3682
319 903
7279 3119
1634 9405
6770 5251
6898 1857
5267 1124
1442 1476
9781 2560
47 3127
7218 1244
6490 1907
1767 4628
6980 6056
1408 1895
5678 7218
5993 3569
1398 939
9963 2470
8450 7327
3716 3764
313 8123
9410 2533
7458 8804
3572 3982
9761 436
3619 4733
3093 5506
9618 2975
1192 3904
4837 7446
2807 8188
9964 5862
2803 2013
6714 6953
8078 8784
9203 6411
1627 772
3710 3384
1429 6649
9417 2525
2744 1619
7809 2974
9747 8005
2723 3711
3408 9088
274 5858
9104 1586
3602 8443
8124 3370
967 424
8529 6143
9574 3688
1904 8200
7192 619
8837 2167
7087 1595
3189 585
5707 99
4104 6494
2840 9762
4317 4152
2903 935
3172 2449
6945 866
9646 7981
6342 3267
1868 9037
2212 9036
143 2681
427 9630
7818 2609
2674 4227
3696 8814
4554 758
4600 5032
1692 7772
9136 5716
1789 8118
267 9119
6707 4165
2492 7891
9950 2678
2986 6314
4941 7903
5368 1985
9662 4488
3508 6864
3539 9246
5429 1785
5134 6127
6087 2503
9883 6951
841 9328
5305 3486
974 4527
3656 612
7588 1791
4215 9698
2984 7808
6839 7316
7105 5108
2013 5354
7843 5057
986 3616
864 4002
9005 1679
2445 138
5877 491
3549 4546
3507 7117
1327 6411
2153 720
9791 9070
2685 7855
962 3430
8141 2653
4950 8489
224 1730
5330 7427
7800 3698
8866 2328
8871 2142
7063 197
2943 7814
7827 838
939 6065
9082 6827
3983 5052
2356 8530
7780 1283
2164 4196
6565 4096
316 2128
5240 4961
3489 5564
4594 9017
940 6765
2819 6327
7973 4375
8271 1570
2 484
7780 2262
2030 2718
7448 3706
5529 4796
1816 8162
4690 2440
3265 150
5344 9658
115 1705
9783 1318
1708 3792
2035 8314
5497 7850
219 5039
6332 1169
5210 9444
7741 3979
5773 8196
1367 8351
2273 3043
8432 4650
4266 3806
1083 5579
5995 3008
6424 2029
7233 5040
4187 6356
7948 70
9318 4904
1702 5641
7666 1919
7137 2541
1151 9979
5684 974
9082 8755
1505 3359
9808 4997
6807 5221
1186 5623
3288 8192
8427 3537
828 718
4254 8196
7042 6299
2977 5775
5063 6251
7176 2788
3586 4909
3993 6241
8876 7862
3734 3734
8216 3999
1239 7050
8502 2113
2086 5008
1414 607
2604 3325
6224 8771
4384 4616
7660 463
7171 2780
5796 4186
7480 5341
1625 3037
9309 2741
6081 9746
7867 7733
7085 5121
9659 7229
2372 414
8196 3745
8382 6506
3968 8265
7470 4651
4151 7033
886 2471
7958 9868
7157 969
9010 8598
6932 5187
4774 1170
8733 3822
8484 2458
3394 6054
1031 2750
1385 8019
5539 4585
9520 1852
6932 9359
458 7991
4047 2099
2873 3363
1451 5108
1941 829
4282 4347
8233 2794
4607 1178
7338 5594
6040 6283
5754 765
5229 7300
4679 5666
5439 3298
3410 4873
1060 762
9876 4396
5830 1366
9462 4876
6163 7395
6322 4190
7561 107
9389 6062
7851 9728
7350 7065
6261 3727
8948 2839
1373 6001
7946 5091
1466 6697
567 2362
335 8681
7933 3877
4949 2709
2281 517
3345 9742
7675 1798
4716 263
5707 2833
4391 9317
9900 2128
8290 5832
6504 5695
8802 8978
6837 1255
622 1854
1200 2722
7952 8501
5485 4481
6069 6538
4982 6100
3291 183
4183 1458
5074 6323
9521 8071
5350 3317
5202 6563
3119 9145
3607 9596
4227 2044
8273 4419
7197 2769
5741 2264
7295 4867
9008 8674
9700 5150
3508 6807
662 8984
2152 1938
1124 422
833 2038
7023 6753
5630 2842
5804 4073
4734 1965
6343 1555
1079 6592
