800 131 400 9 1394
2 12 14 17 1 11 7 4 2 1 3 3 9 12 29 2 3 2 9 1 11 3 4 32 7 8 4 10 3 1 7 1 1 2 3 21 5 1 6 4 12 2 7 4 8 14 1 9 3 3 6 1 1 2 12 9 1 6 6 9 7 10 19 9 6 13 8 1 8 6 2 9 1 2 10 11 3 5 1 2 4 3 4 9 10 2 9 8 11 1 2 10 3 7 2 6 8 6 9 6 5 5 1 11 3 11 15 1 1 3 7 2 1 12 4 2 2 2 10 7 1 3 4 3 1 8 13 6 2 5 2
5967 6646 2592 3271
0 475 3393 4182
542 1373 4393 5224
6923 8091 7270 8438
9433 9895 3250 3712
8687 8716 8001 8030
6832 8018 751 1937
9284 9332 7738 7786
7020 7096 9715 9791
605 735 6673 6803
2560 3863 5225 6528
1034 1848 694 1508
5031 5869 3506 4344
7758 8918 4042 5202
3506 4900 0 802
5995 7233 8245 9483
3880 3901 8064 8085
4135 4922 8765 9552
579 881 8430 8732
6904 7097 5198 5391
5161 6278 1478 2595
5227 5548 3943 4264
7683 8392 5074 5783
0 926 9056 10000
7245 8324 6046 7125
3678 4114 9631 10000
3540 3844 5191 5495
0 798 3808 4612
1325 1712 9522 9909
4805 5880 143 1218
7403 7457 1848 1902
3894 4149 8495 8750
3670 3709 4201 4240
7626 8886 7183 8443
0 406 8625 9897
3228 3471 936 1179
2731 3585 2635 3489
8871 9455 2919 3503
7905 8028 1897 2020
9306 10000 5667 6437
9061 9446 641 1026
6022 6089 642 709
7527 8498 8923 9894
954 1168 5894 6108
2263 3303 8790 9830
8548 9189 6443 7084
0 1365 941 2307
5045 5184 4754 4893
8609 9607 4748 5746
7155 8033 4997 5875
8653 9756 855 1958
6188 6726 4604 5142
4603 5199 4527 5123
9565 9860 2392 2687
6222 7139 2227 3144
742 932 5110 5300
4426 4761 2695 3030
8 721 1860 2573
6094 6782 100 788
4304 4562 6120 6378
8952 9982 5430 6460
8456 9704 4375 5623
336 761 539 964
4311 5545 1887 3121
7927 8109 7426 7608
9234 9692 7013 7471
4568 5466 344 1242
2913 3103 65 255
2497 3724 1717 2944
1898 2424 2378 2904
9933 10000 5093 6211
5131 5740 6850 7459
4392 4624 0 226
2326 3650 7036 8360
4310 5701 2832 4223
1918 3285 4919 6286
7758 7852 6682 6776
1491 2574 7491 8574
4856 5296 5426 5866
5266 5557 1731 2022
6718 7225 7025 7532
4754 5136 0 267
3652 4100 4528 4976
7634 8481 123 970
2358 2898 694 1234
652 1789 4453 5590
3779 3829 3186 3236
2562 3337 7944 8719
1550 2774 6359 7583
5164 5617 82 535
6348 6350 7483 7485
4297 4918 2307 2928
767 2137 1857 3227
5272 5655 3624 4007
9003 9428 206 631
3634 4976 8056 9398
6544 7654 6088 7198
6344 7363 1598 2617
1031 2269 19 1257
3344 3774 635 1065
5523 6175 1173 1825
5771 6137 2951 3317
1575 2344 306 1075
7064 7793 6003 6732
3862 5158 4506 5802
3621 3757 1413 1549
4156 4226 9493 9563
7688 7843 5990 6145
2327 3005 701 1379
3603 3958 4761 5116
8258 8259 1926 1927
6926 7744 9475 10000
7383 7917 355 889
1251 2196 680 1625
6103 6274 3586 3757
1497 2613 6157 7273
3823 4800 4509 5486
5440 6198 9372 10000
3004 3427 6596 7019
3147 3517 6320 6690
2059 3291 6862 8094
8422 9402 8413 9393
5227 6310 5351 6434
6034 6091 9558 9615
1246 2005 3759 4518
2093 3098 8574 9579
2131 2329 7598 7796
3303 3454 2021 2172
3618 3950 5989 6321
5231 5712 5734 6215
988 1108 5004 5124
656 1201 4296 4841
728 1285 37 594
4332 5646 3455 4769
6340 7724 965 2349
5916 6804 4967 5855
9269 9649 3803 4183
2677 3779 3438 4540
3745 4943 8285 9483
273 847 5822 6396
9298 9827 8951 9480
5612 6009 3604 4001
5983 6107 6312 6436
4160 4534 2881 3255
2616 3635 8290 9309
733 865 6150 6282
9247 9317 0 50
5647 6676 8092 9121
5869 6569 3142 3842
2432 2648 673 889
5739 6638 6803 7702
8857 9878 4273 5294
3660 3897 171 408
5043 6272 5574 6803
9226 9629 2249 2652
177 890 1303 2016
8466 9406 0 590
7725 9084 9706 10000
3890 4097 9238 9445
5859 6348 8270 8759
472 1651 882 2061
0 689 426 1281
6143 6686 6757 7300
5520 5655 5144 5279
1096 1410 2669 2983
9173 10000 448 1720
7561 7774 6001 6214
3034 4244 2346 3556
5623 6895 2096 3368
3052 3713 0 205
4619 5448 6240 7069
2981 3066 9421 9506
4002 4932 7134 8064
6572 7197 0 454
504 786 9137 9419
3437 4031 281 875
4467 5411 1316 2260
909 1818 385 1294
8142 8744 4689 5291
2608 3447 1825 2664
9677 9829 5773 5925
3364 3540 7012 7188
1892 2368 9168 9644
7310 8091 562 1343
1080 2182 5519 6621
3689 4772 6628 7711
3148 3406 5282 5540
601 1356 6857 7612
0 1027 7434 8580
3311 4512 914 2115
7691 8057 5239 5605
2287 3493 2213 3419
5887 6043 6417 6573
0 352 5900 6398
2065 2358 9795 10000
5092 5252 2542 2702
1184 1836 1811 2463
3286 3366 1598 1678
2665 4031 0 853
7994 9273 8330 9609
5460 5981 3748 4269
1213 2397 1739 2923
2422 2733 2609 2920
3988 4646 1461 2119
6028 6945 3127 4044
1165 1341 3553 3729
0 1100 5793 7019
1933 2091 8570 8728
9221 10000 6782 7862
2144 2973 2273 3102
2522 3739 8383 9600
933 2094 0 637
0 552 5759 6846
6234 6314 6305 6385
3967 5335 7923 9291
5593 5619 7506 7532
9247 10000 1384 2326
9746 9812 4338 4404
2704 3391 9151 9838
2615 3191 8462 9038
1134 1377 959 1202
6296 7470 7116 8290
2340 2748 2615 3023
8951 9424 6106 6579
3208 4160 1255 2207
5355 6166 8994 9805
7480 7925 3744 4189
3566 3949 2587 2970
9917 10000 2506 3078
8158 8631 4881 5354
6085 6603 9292 9810
5041 6327 2994 4280
6562 7934 4390 5762
4 272 9213 9481
3999 5115 3950 5066
3314 3944 1204 1834
5297 6690 8497 9890
4037 4461 8775 9199
5388 6308 1974 2894
1842 2057 4992 5207
6210 7306 6042 7138
6608 7003 899 1294
4909 6051 680 1822
3358 3373 1475 1490
4427 5294 83 950
1499 2610 3872 4983
2319 3229 7181 8091
5291 6567 3717 4993
2714 2777 5929 5992
9277 9757 1597 2077
1401 2576 4403 5578
3482 4740 8650 9908
3040 3516 8770 9246
1739 2161 8213 8635
882 1980 9258 10000
6655 7876 2430 3651
7611 7746 3163 3298
6391 7079 402 1090
6494 7102 1365 1973
5517 6723 2590 3796
8459 9852 4117 5510
5887 6183 3447 3743
1334 2220 3359 4245
3684 4858 9188 10000
6505 7182 7159 7836
2703 3158 1321 1776
6734 7048 1529 1843
3602 3666 5234 5298
7626 7990 1098 1462
2463 2625 5760 5922
9308 9958 55 705
4453 4569 8177 8293
7199 8119 1686 2606
3850 5181 3441 4772
0 929 6996 8107
6438 7343 5742 6647
8809 9456 1019 1666
1800 2545 8309 9054
1540 1550 193 203
6289 7669 2193 3573
5913 6014 5129 5230
4371 5210 1080 1919
6870 8083 4868 6081
948 1644 8859 9555
0 603 5443 6285
8272 8658 2793 3179
1649 2822 1861 3034
3603 4360 0 669
0 513 1344 2644
4069 4235 1640 1806
665 1756 6454 7545
3709 4132 9487 9910
5721 6884 4437 5600
1256 2620 3588 4952
3370 4222 560 1412
1982 3097 4485 5600
7105 7500 7366 7761
8545 9875 5123 6453
7391 8650 5045 6304
7681 7925 7321 7565
5356 6664 7078 8386
1109 1230 6820 6941
6696 6753 6666 6723
4848 4868 4083 4103
208 278 3402 3472
2415 3464 0 843
8076 8264 8707 8895
1891 2799 2299 3207
4456 5274 1851 2669
8456 8631 9333 9508
4682 5724 1601 2643
766 811 5296 5341
7073 7701 9150 9778
2508 3431 5429 6352
2078 2225 764 911
6248 7298 3955 5005
362 1432 8881 9951
7432 7929 6262 6759
7343 7500 6727 6884
3954 4295 8081 8422
5436 6561 5992 7117
6228 7015 3680 4467
8337 8465 1823 1951
7731 8043 3566 3878
9061 9427 1490 1856
9073 9627 4170 4724
2404 2970 9523 10000
9059 9955 4954 5850
7978 8267 9014 9303
9087 9763 3259 3935
748 1503 9006 9761
1506 1654 7914 8062
8139 8723 9483 10000
2448 2939 2363 2854
7515 8546 1732 2763
8368 9289 38 959
1695 1846 5927 6078
5405 5850 6843 7288
9264 9865 7324 7925
7824 7912 7316 7404
5457 6384 8159 9086
5903 6202 5492 5791
2179 2407 2400 2628
8931 9930 2238 3237
4159 5349 3200 4390
894 2177 0 1182
3262 3542 6153 6433
2496 3436 8408 9348
5719 6456 2895 3632
4658 4866 6967 7175
2158 2929 7106 7877
9742 10000 1292 1751
1061 1728 5333 6000
2757 4125 3529 4897
6915 7862 2633 3580
4152 4980 2228 3056
6134 6251 309 426
2864 2972 2749 2857
5133 6174 9008 10000
3136 3145 5478 5487
3677 3924 7852 8099
8823 9738 5853 6768
8975 9452 7500 7977
1706 2741 5722 6757
313 1356 5068 6111
3116 3870 4582 5336
6990 8187 3621 4818
4953 5634 1199 1880
3 1201 2084 3282
6272 7373 2523 3624
4385 5200 6702 7517
0 814 8807 10000
4445 5333 2379 3267
4787 5513 5645 6371
6254 7553 5322 6621
5339 6561 4932 6154
3724 4285 6965 7526
3143 3506 4265 4628
6560 7069 759 1268
7268 7819 6308 6859
5970 6057 826 913
6622 6844 947 1169
8524 9354 0 211
679 1894 8640 9855
3871 4589 2583 3301
1843 2810 0 805
7767 8098 2200 2531
8582 9332 6175 6925
4701 5507 2369 3175
5232 6082 7254 8104
407 1775 290 1658
9337 10000 6883 7893
477 1429 8197 9149
4695 5590 8022 8917
5922 6652 2921 3651
1995 2666 1285 1956
4 497 996 1489
5168 5413 3183 3428
3453 4181 853 1581
4074 4740 5678 6344
7136 8114 2499 3477
5934 7225 1096 2387
63 533 9464 9934
8503 9065 2582 3144
6538 6944 8219 8625
7243 8163 5502 6422
2608 3073 3094 3559
5435 6191 2053 2809
1112 1205 7991 8084
1503 1730 8272 8499
0 809 3290 4658
6276 7422 1718 2864
3657 4091 7437 7871
4933 5211 1184 1462
8907 9586 6868 7547
8609 9040 1242 1673
9048 9532 9484 9968
656 1600 3981 4925
6979 8048 6575 7644
9308 9582 2653 2927
2543 2566 3980 4003
7409 8602 3399 4592
1772 2133 2069 2430
5163 5797 158 792
8399 8923 5219 5743
6368 7695 5452 6779
2812 4148 6611 7947
3613 4559 7269 8215
4420 4988 9918 10000
8182 8677 2020 2515
9932 9969 6349 6386
2266 3540 2660 3934
4833 5793 1331 2291
1867 2459 4582 5174
2027 2345 2958 3276
4424 5740 7938 9254
6234 6254 8111 8131
2346 3184 4010 4848
6823 8196 9596 10000
3644 4384 6964 7704
672 1643 141 1112
6682 7410 1857 2585
7630 7865 4514 4749
6487 7267 2168 2948
8586 9668 7826 8908
6093 6278 3480 3665
4106 5378 3001 4273
1845 2077 1470 1702
8417 8792 4931 5306
6069 7054 8948 9933
5054 5303 6405 6654
5307 6698 1384 2775
548 1379 5836 6667
284 1198 6400 7314
8360 9654 4231 5525
4643 5885 3614 4856
8942 9857 7411 8326
3434 4708 7450 8724
9214 9316 6610 6712
4360 4602 4683 4925
8467 9786 5154 6473
7749 8771 0 1012
5091 5339 3677 3925
9219 10000 8440 9297
4381 5612 671 1902
6377 6846 8545 9014
8731 10000 1022 2296
1655 2711 9252 10000
6781 6844 6138 6201
7548 8464 970 1886
2720 3324 1640 2244
2194 3456 8294 9556
1363 2105 8326 9068
3907 4685 3550 4328
3376 4339 2506 3469
38 563 7846 8371
3837 4808 8469 9440
4806 5729 9608 10000
6359 7200 513 1354
7120 8316 6774 7970
652 1578 1593 2519
2188 2950 5987 6749
978 1804 7646 8472
763 1269 1677 2183
4163 4990 8452 9279
8050 8843 8113 8906
1143 1236 896 989
5980 7307 3890 5217
3466 4202 7397 8133
823 1345 8577 9099
5650 6374 1231 1955
4877 5763 1302 2188
6419 7586 5341 6508
1843 3127 7428 8712
693 1732 3814 4853
7336 7663 8307 8634
253 755 3591 4093
8297 8370 405 478
4767 5727 2703 3663
1495 1898 5840 6243
5784 5798 1821 1835
3439 3817 4432 4810
3668 4152 0 403
3628 4414 8204 8990
2495 3524 4888 5917
6451 7314 7827 8690
7484 7938 376 830
8991 9325 1699 2033
3489 4329 1191 2031
159 938 0 684
2655 2763 8243 8351
6177 6775 5433 6031
3674 4225 8101 8652
449 1556 7797 8904
6301 7507 2341 3547
7121 8220 7957 9056
885 1392 7639 8146
7417 7696 1725 2004
281 1030 5890 6639
8987 10000 4320 5387
3204 3884 1662 2342
4166 5012 5223 6069
4867 4957 7337 7427
1531 2149 6701 7319
1310 1318 9620 9628
4462 5656 5327 6521
4470 5232 2090 2852
6738 6917 5875 6054
367 802 1301 1736
9149 10000 2336 3341
3913 4918 4685 5690
6381 7443 3275 4337
6041 6062 8154 8175
4886 5238 848 1200
8967 10000 281 1380
5377 5385 3525 3533
2561 3396 9508 10000
6882 8082 4035 5235
7211 7565 2359 2713
229 425 7162 7358
1084 2455 352 1723
2365 2762 6613 7010
6011 6234 2391 2614
7617 8967 1532 2882
866 1595 2561 3290
6738 7613 3928 4803
7425 8241 9130 9946
5240 6629 498 1887
2309 3128 4314 5133
2144 3488 175 1519
8024 9237 1437 2650
7756 8763 8620 9627
7505 7912 6904 7311
4154 5317 129 1292
6588 7937 3836 5185
3659 4487 3388 4216
9146 10000 1229 2501
4420 4552 8181 8313
8222 8394 5593 5765
3252 4220 114 1082
5709 6881 7361 8533
5013 5069 3103 3159
7295 7997 1900 2602
4095 4641 5290 5836
3073 3945 6117 6989
275 1332 3944 5001
7926 8717 2066 2857
1541 1752 4089 4300
8108 8491 6707 7090
3366 4134 303 1071
6454 7670 4035 5251
9919 10000 6914 7782
9049 10000 4738 5877
4442 5475 570 1603
686 1433 1657 2404
7694 8514 1450 2270
1338 1346 8979 8987
4929 6002 3542 4615
1974 3000 826 1852
3812 4391 3848 4427
2524 3392 3271 4139
7314 7893 993 1572
203 947 1098 1842
1743 1748 1630 1635
4515 5017 3730 4232
2436 2622 4523 4709
9035 9304 3317 3586
6219 7427 2949 4157
1238 2461 6471 7694
1938 3142 6769 7973
4465 5434 4229 5198
4034 4649 6445 7060
2165 2980 8168 8983
7501 8317 2459 3275
6642 7839 3433 4630
5571 6918 5870 7217
5037 5614 4035 4612
6434 7618 2836 4020
7447 8622 1013 2188
922 2269 297 1644
299 505 8666 8872
5158 6002 2569 3413
5916 6935 6218 7237
8732 9508 0 677
3909 4808 6348 7247
956 1120 9031 9195
8722 9617 4183 5078
238 501 5474 5737
5097 5524 1245 1672
2678 3034 2631 2987
8329 9127 4673 5471
5752 6032 3011 3291
8288 9471 8692 9875
5069 5292 2884 3107
4618 4694 6027 6103
3176 3728 681 1233
4084 4568 8320 8804
0 427 8706 10000
9285 9446 7760 7921
2073 3100 2244 3271
3487 4605 6052 7170
5589 6600 3790 4801
5462 6398 3814 4750
1237 1976 1434 2173
9385 10000 3962 4639
3924 5195 6257 7528
6091 7268 4621 5798
4231 4899 8368 9036
9121 9923 558 1360
9554 10000 4104 4553
9507 10000 4590 5213
3793 4327 5855 6389
673 1389 4086 4802
8360 8540 1898 2078
162 658 1514 2010
2608 3585 2333 3310
2488 3210 8942 9664
5576 6862 8651 9937
2235 3605 7346 8716
5050 5916 3945 4811
1315 2044 4651 5380
805 1504 2079 2778
1837 3159 4311 5633
1201 1747 6399 6945
7822 8895 6636 7709
2544 2921 4375 4752
1216 1571 9218 9573
6203 6595 8945 9337
4064 4302 8423 8661
2367 2479 3752 3864
8395 9656 8691 9952
6756 7506 2443 3193
9191 9449 7062 7320
3055 3939 2903 3787
8109 9279 640 1810
4336 5261 498 1423
9106 10000 2320 3486
8284 8318 904 938
8122 8494 2789 3161
5937 6897 6374 7334
2084 2297 6376 6589
1648 1791 525 668
8645 8911 2911 3177
4988 5291 2747 3050
9408 9708 5770 6070
0 844 1482 2706
8412 9168 8617 9373
5203 5208 6243 6248
4440 5791 4340 5691
9683 10000 4939 5325
3227 3460 5624 5857
4348 4548 244 444
3382 4036 312 966
9418 10000 4479 5375
0 578 7275 8150
7394 7844 4522 4972
4359 4943 9418 10000
8213 8761 3288 3836
8425 9697 3611 4883
350 1305 5266 6221
736 1740 0 861
5193 6406 102 1315
5588 5855 1330 1597
636 688 8971 9023
6969 7846 4987 5864
6435 7349 9507 10000
1233 2175 0 724
4867 5058 9142 9333
3901 4920 1908 2927
5047 5226 8989 9168
1335 2457 711 1833
8430 9656 6668 7894
8922 9416 9005 9499
352 1742 3654 5044
5989 7184 8636 9831
450 1320 0 383
8198 8274 3020 3096
1186 2573 2796 4183
7510 8577 2171 3238
7062 7932 1089 1959
8377 8916 5119 5658
1411 1902 9652 10000
3754 5037 1458 2741
7707 7916 6194 6403
2266 2338 9652 9724
9199 9230 6771 6802
2651 3069 2881 3299
5254 6296 4321 5363
2386 3568 1809 2991
4285 4616 3050 3381
3411 3459 3206 3254
664 882 9416 9634
6062 6730 4848 5516
5264 5416 6254 6406
7346 7556 8369 8579
2892 3504 224 836
1259 1316 9500 9557
8479 9299 4401 5221
8487 9573 5063 6149
7990 9097 3604 4711
6342 6882 260 800
6497 7464 2526 3493
9170 9659 1029 1518
1448 2438 1120 2110
5446 6273 3441 4268
2344 2743 2071 2470
8218 9358 2767 3907
437 657 1983 2203
4262 5103 7167 8008
1198 1884 3775 4461
5612 5692 2794 2874
8211 8520 6354 6663
145 829 5280 5964
3591 3845 2638 2892
6859 7652 2904 3697
2288 2755 5051 5518
8306 8879 3475 4048
366 1602 8172 9408
8173 8765 5124 5716
7664 9025 6028 7389
6399 6591 9540 9732
8107 9388 8600 9881
8315 8558 7499 7742
6152 6741 4004 4593
462 1238 3799 4575
3694 4030 9034 9370
1838 2485 6663 7310
3116 4350 0 646
4513 5620 1053 2160
6196 6737 8725 9266
2685 3210 584 1109
2062 2117 5311 5366
82 888 3777 4583
5289 5531 6170 6412
6644 7642 7605 8603
6795 7734 7911 8850
6006 7201 0 585
5968 6672 2998 3702
4278 5386 1499 2607
0 491 3234 4561
0 144 4267 4424
6511 7142 8469 9100
2019 2834 2965 3780
2270 2744 994 1468
7162 8531 5466 6835
8625 9905 8042 9322
9109 9896 547 1334
990 2119 3380 4509
3576 3632 2637 2693
9749 10000 9846 10000
1796 2320 4496 5020
5675 5680 201 206
5950 6156 6487 6693
6653 7264 1831 2442
8099 8907 4862 5670
4062 4885 8282 9105
8573 8598 174 199
3427 3798 6764 7135
5487 6405 655 1573
3092 3547 9780 10000
9016 9772 8195 8951
7440 7645 6935 7140
5119 5188 3025 3094
7362 8091 8945 9674
8736 9241 8016 8521
2369 3438 7766 8835
3583 4736 0 926
7552 8381 5832 6661
2345 2673 3639 3967
1139 2154 1252 2267
5265 5385 3456 3576
9460 9530 3163 3233
2552 3357 2792 3597
3199 4123 5840 6764
6763 8013 7204 8454
2780 3879 2088 3187
5060 5138 5006 5084
5637 6900 599 1862
5602 5665 9266 9329
489 1643 9048 10000
6206 3151
274 3988
1327 5007
7137 7821
9760 3623
8688 8014
7367 1580
9310 7748
7063 9730
666 6778
2691 6222
1375 1094
5539 4167
8026 5175
4785 689
6584 8633
3887 8074
4820 9332
796 8563
7018 5384
5303 2304
5236 4174
8100 5422
96 9911
7686 6053
4033 9973
3662 5363
70 4536
1498 9647
5725 1196
7417 1884
4094 8571
3689 4229
8668 8180
404 8880
3460 1007
3089 3070
9312 3019
7924 1980
9998 5966
9409 774
6076 689
8294 9091
1132 5980
2545 9538
8816 6855
266 1573
5102 4883
8726 5600
7578 5594
9713 1194
6699 4632
5023 4790
9614 2406
6790 2958
868 5200
4700 2781
520 2257
6584 624
4557 6211
9601 5875
9039 4619
624 875
4426 2320
8049 7459
9608 7059
5418 758
2926 119
3607 1993
1902 2410
9951 6118
5554 7035
4622 149
2591 7413
4867 3000
3082 5699
7812 6720
1787 8262
4929 5479
5343 1876
6872 7066
4940 144
4028 4762
7734 523
2443 1023
1185 5070
3807 3222
3183 8013
1958 7337
5483 190
6349 7483
4695 2450
776 2199
5618 3887
9396 264
4613 8988
7575 7098
6738 1916
1147 667
3481 970
5669 1785
5856 3116
1997 1057
7711 6670
4210 5295
3712 1493
4177 9519
7807 6045
2814 979
3727 4933
8258 1926
7357 9925
7737 585
1903 1359
6170 3615
1692 6686
4708 4763
6095 9565
3122 6690
3210 6522
2925 7030
8535 9122
5729 5826
6076 9596
1936 4260
2371 8651
2204 7618
3425 2095
3747 6178
5284 5915
1108 5100
839 4727
911 455
5494 4195
6877 2227
6031 5647
9361 3976
3488 3505
4670 8285
475 6112
9681 9301
5695 3876
6008 6371
4230 3247
2908 9088
741 6175
9271 20
6191 8826
6278 3737
2628 710
6344 7351
9181 4835
3810 374
5436 6782
9277 2301
438 1740
8859 299
8887 9719
3950 9435
6093 8517
1613 1391
331 490
6478 7118
5631 5200
1345 2945
9681 1038
7752 6104
4053 3400
5649 2453
3637 103
4647 6460
3017 9423
4243 7773
6643 236
662 9315
3892 291
4915 1923
1376 458
8396 4743
3007 2043
9726 5840
3487 7133
1945 9378
7748 834
1447 5810
4253 6925
3148 5359
1011 7229
258 8365
4165 1989
7880 5261
2798 3111
6004 6545
149 6369
2153 9850
5212 2673
1785 1917
3364 1610
3466 290
8624 9198
5688 3986
1578 1992
2439 2792
4575 2079
6275 3597
1280 3686
45 5825
1976 8601
9457 6975
2723 2867
2785 9289
1171 532
541 6642
6306 6385
5238 8594
5604 7523
9410 2311
9798 4402
2972 9475
2836 8888
1269 1122
6847 8232
2502 2875
9227 6520
3998 1784
5924 9617
7589 4024
3650 2648
9994 2840
8553 4955
6467 9750
5388 4204
6635 4927
6 9469
4010 4915
3709 1744
6261 9366
4319 9165
5995 2328
2002 5121
6821 7023
6831 1020
5801 757
3363 1478
4612 293
2226 4654
2667 7258
5443 4934
2742 5955
9350 1947
2107 5071
4591 8908
3473 9065
1761 8497
1619 9784
7407 3466
7707 3265
6684 503
6690 1524
5573 3432
8477 4701
6098 3602
1544 3393
3917 9574
6942 7239
3003 1693
6772 1606
3622 5282
7863 1461
2605 5862
9328 374
4458 8204
7455 2067
4066 4230
916 7924
6681 6125
9301 1530
2315 8475
1546 195
6462 2374
5973 5162
4562 1346
7381 5666
1248 9266
224 5974
8419 2898
2138 1976
4166 360
40 1392
4096 1650
1118 6523
3843 9867
5855 4561
1722 4784
4008 1326
2787 5522
7400 7527
9318 5204
7473 6103
7900 7329
6467 7796
1172 6856
6732 6667
4855 4098
231 3408
3188 806
8201 8796
2313 2496
4973 1923
8529 9346
5549 2413
796 5316
7656 9695
3266 5899
2167 894
6424 4181
1162 9644
7737 6383
7417 6833
4226 8355
6420 7050
6901 3909
8356 1895
7866 3839
9383 1724
9120 4225
2888 9960
9867 5743
8044 9099
9141 3385
1145 9423
1571 8044
8614 9844
2822 2390
8144 2303
9016 494
1798 5979
5743 7229
9706 7686
7880 7371
6251 8583
6112 5614
2312 2618
9820 2353
5014 3335
1783 435
3293 6265
2957 8673
6383 2922
4675 7081
2550 7159
9787 1720
1148 5463
3336 4383
7035 2967
4526 2767
6184 407
2890 2801
5948 9232
3138 5486
3760 8052
9406 6561
9017 7953
2398 6049
1195 5772
3593 4746
7431 4089
5517 1604
845 2981
6572 2863
4677 7410
802 9196
4542 3079
5487 6282
6887 5455
6070 5700
3742 7353
3248 4422
6899 1249
7310 6453
5978 840
6776 1060
8672 90
1544 8800
4382 2614
2792 486
7936 2380
9041 6657
4956 2544
5471 7569
1642 1486
9869 6918
1308 8643
5538 8142
5950 3195
2314 1310
151 1320
5392 3195
4106 874
4728 6342
7631 2976
6123 1313
362 9486
8734 2683
6698 8616
7442 5684
2986 3153
6132 2417
1167 8027
1595 8351
481 3809
7043 1854
3869 7599
5070 1364
9475 7359
8697 1510
9294 9740
1155 4604
7567 6655
9523 2711
2565 4000
7677 3769
1952 2145
5364 180
8577 5460
7557 6225
3994 7189
3658 7959
4670 9952
8610 2359
9956 6357
2498 3613
5500 1515
1974 5174
2295 2971
5175 8468
6236 8126
2942 4171
7853 9842
4306 7153
1626 1090
7166 1910
7833 4605
6909 2590
8906 8847
6139 3535
4860 3072
2069 1674
8786 5155
6118 9923
5148 6420
5585 2589
1236 6032
804 7158
8917 4357
4658 4720
9220 8272
3492 8007
9242 6615
4445 4832
8933 5781
8399 769
5096 3889
9801 8558
4802 1582
6385 8547
9379 1897
2538 9286
6790 6162
7570 1289
3239 1804
2802 9410
1927 8363
4491 4214
4279 2687
286 8193
4201 8856
5382 9836
7078 769
8115 7685
762 2424
2950 6596
1230 8297
1171 2015
4469 9039
8618 8888
1157 897
7174 4201
3687 7867
940 8984
6035 1726
5095 2074
6533 5944
2338 7964
1482 4165
7369 8368
464 3811
8311 410
5596 2896
1548 5973
5786 1834
3616 4627
3700 0
4321 8761
2571 5254
6711 8390
7833 380
9107 1809
3640 1755
900 349
2722 8324
6213 5835
3717 8154
868 8890
7362 2855
7884 8908
1061 7704
7681 1789
864 6387
9331 4503
3484 1861
4805 5598
4867 7387
1758 7313
1310 9626
5641 5831
5066 2832
6811 5968
390 1671
9879 2610
4891 5650
6585 3813
6055 8174
4936 969
9638 833
5380 3533
3369 9963
7320 4810
7502 2576
385 7300
2350 1185
2694 6871
6215 2457
8709 2597
1235 2778
7247 4771
7877 9213
6234 1263
2748 5102
3215 656
8826 2426
8630 9176
7808 7173
4779 985
7161 4526
4038 4058
9159 1368
4513 8195
8242 5642
4039 742
6157 7966
5065 3153
7595 2199
4312 5544
3603 6463
665 4117
8505 2450
1622 4209
8134 6735
3485 1059
6718 5077
9924 7203
9262 5007
4572 683
1240 1713
7845 2167
1339 8982
4932 3587
2746 1430
4355 4004
3059 3695
7846 1408
243 1427
1747 1631
4924 4115
2511 4659
9164 3521
6323 3003
2171 7371
2878 7263
5051 4333
4396 6988
2266 8851
7682 2709
6791 3516
5958 6959
5364 4121
6526 3100
7824 1559
1759 916
455 8763
5899 2756
6891 6930
8844 644
4526 6719
1100 9079
9112 4246
389 5540
5332 1358
2774 2691
8685 4718
5929 3117
9294 9384
5070 3104
4692 6084
3583 797
4177 8531
98 9910
9433 7775
2223 2913
4602 6251
5859 4053
6083 4303
1781 1654
9619 4122
4123 6760
6606 5511
4683 8678
9149 812
9941 4349
9663 5163
4239 6386
1162 4375
8436 1969
391 1968
2890 3138
2817 9649
6670 9216
2301 8680
5832 3961
1665 4753
1082 2549
2508 5226
1260 6711
8361 7424
2735 4491
1324 9416
6326 9249
4227 8654
2441 3808
9592 9167
7090 3031
9211 7152
3085 3034
8492 1383
5037 581
9137 2743
8306 923
8385 3152
6560 6778
2092 6582
1650 555
8874 2923
5023 3041
9603 6027
246 1968
8469 9016
5205 6243
4957 4627
9718 5186
3264 5839
4393 335
3530 369
9643 5164
303 7546
7635 4908
4818 9705
8309 3497
9068 4864
536 5385
1397 446
5829 183
5685 1390
655 9014
7089 5359
7319 9739
1469 376
4959 9333
4475 2359
5073 9039
1567 771
8537 7467
9132 9309
605 4331
6206 9176
1014 0
8201 3070
1899 3378
7678 2196
7877 1677
8797 5193
1433 9828
4283 2236
7899 6314
2312 9685
9229 6801
2747 3123
5307 4555
2729 1817
4572 3319
3413 3252
738 9569
6198 5117
5277 6286
7435 8374
3063 666
1307 9540
9064 4770
9091 5393
8732 3839
6367 445
7221 2583
9608 1403
2061 1216
5562 3998
2663 2128
8443 3420
601 2187
4729 7608
1820 3779
5673 2795
8459 6570
658 5469
3844 2653
6993 3163
2408 5214
8360 3845
716 9375
8603 5323
7710 7315
6525 9638
8936 8696
8347 7568
6595 4345
712 3904
3837 9240
2305 6987
4112 117
4962 1503
6614 9013
2776 1051
2074 5361
286 4528
5299 6177
7076 8377
6839 8380
6370 116
6071 3203
4524 1678
1 4072
102 4297
6821 8952
2773 3138
2554 1016
7781 5499
9350 8119
9244 552
1316 4068
3628 2653
9987 9967
1933 4550
5676 203
6026 6525
6986 2274
8680 5316
4518 9004
8581 186
3791 6928
6069 1148
3405 9829
9480 8249
7580 6994
5166 3066
7365 9391
9188 8419
3122 8759
4667 818
8341 5975
2509 3920
1328 1938
5340 3560
9470 3221
3267 3233
3807 6281
7904 8046
3063 3100
5124 5079
5969 1181
5647 9266
519 9772
