0 0 0 0 1 0 0 0 0 1 0 0 0 0 1 0 0 0 0 
0 0 0 0 1 0 0 0 0 1 0 0 0 0 1 0 0 0 0 
0 0 0 0 1 0 0 0 0 1 0 0 0 0 1 0 0 0 0 
0 0 0 0 1 0 0 0 0 1 0 0 0 0 1 0 0 0 0 
0 0 0 0 1 0 0 0 0 1 0 0 0 0 1 0 0 0 0 
0 0 0 0 1 0 0 0 0 1 0 0 0 0 1 0 0 0 0 
0 0 0 0 1 0 0 0 0 1 0 0 0 0 1 0 0 0 0 
0 0 0 0 1 0 0 0 0 1 0 0 0 0 1 0 0 0 0 
0 0 0 0 1 0 0 0 0 1 0 0 0 0 1 0 0 0 0 
0 0 0 0 1 0 0 0 0 1 0 0 0 0 1 0 0 0 0 
0 0 0 0 1 0 0 0 0 1 0 0 0 0 1 0 0 0 0 
0 0 0 0 1 0 0 0 0 1 0 0 0 0 1 0 0 0 0 
0 0 0 0 1 0 0 0 0 1 0 0 0 0 1 0 0 0 0 
0 0 0 0 1 0 0 0 0 1 0 0 0 0 1 0 0 0 0 
0 0 0 0 1 0 0 0 0 1 0 0 0 0 1 0 0 0 0 
0 0 0 0 1 0 0 0 0 1 0 0 0 0 1 0 0 0 0 
0 0 0 0 1 0 0 0 0 1 0 0 0 0 1 0 0 0 0 
0 0 0 0 1 0 0 0 0 1 0 0 0 0 1 0 0 0 0 
0 0 0 0 1 0 0 0 0 1 0 0 0 0 1 0 0 0 0 
0 0 0 0 1 0 0 0 0 1 0 0 0 0 1 0 0 0 0 
0 0 0 0 0 0 0 0 0 0 0 0 0 0 0 0 0 0 0 0 
0 0 0 0 0 0 0 0 0 0 0 0 0 0 0 0 0 0 0 0 
0 0 0 0 0 0 0 0 0 0 0 0 0 0 0 0 0 0 0 0 
0 0 0 0 0 0 0 0 0 0 0 0 0 0 0 0 0 0 0 0 
1 1 1 1 1 1 1 1 1 1 1 1 1 1 1 1 1 1 1 1 
0 0 0 0 0 0 0 0 0 0 0 0 0 0 0 0 0 0 0 0 
0 0 0 0 0 0 0 0 0 0 0 0 0 0 0 0 0 0 0 0 
0 0 0 0 0 0 0 0 0 0 0 0 0 0 0 0 0 0 0 0 
0 0 0 0 0 0 0 0 0 0 0 0 0 0 0 0 0 0 0 0 
1 1 1 1 1 1 1 1 1 1 1 1 1 1 1 1 1 1 1 1 
0 0 0 0 0 0 0 0 0 0 0 0 0 0 0 0 0 0 0 0 
0 0 0 0 0 0 0 0 0 0 0 0 0 0 0 0 0 0 0 0 
0 0 0 0 0 0 0 0 0 0 0 0 0 0 0 0 0 0 0 0 
0 0 0 0 0 0 0 0 0 0 0 0 0 0 0 0 0 0 0 0 
1 1 1 1 1 1 1 1 1 1 1 1 1 1 1 1 1 1 1 1 
0 0 0 0 0 0 0 0 0 0 0 0 0 0 0 0 0 0 0 0 
0 0 0 0 0 0 0 0 0 0 0 0 0 0 0 0 0 0 0 0 
0 0 0 0 0 0 0 0 0 0 0 0 0 0 0 0 0 0 0 0 
0 0 0 0 0 0 0 0 0 0 0 0 0 0 0 0 0 0 0 0 
1 0 0 12
1 0 5 12
1 0 10 12
1 0 15 18
1 5 0 1
1 5 5 12
1 5 5 18
1 5 10 12
1 5 15 12
1 10 0 12
1 10 5 12
1 10 5 18
1 10 5 6
1 10 10 12
1 10 15 12
1 15 0 12
1 15 0 18
1 15 0 19
1 15 5 12
1 15 10 12
1 15 15 12
2 10 15
2 0 10
2 15 0
1 10 15 12
2 10 15
1 0 15 12
1 0 15 10
2 0 15
2 10 0
2 0 0
1 5 0 18
2 5 0
1 0 0 12
2 0 0
2 5 10
2 15 15
1 10 0 12
2 10 0
1 15 15 12
2 15 15
1 0 10 12
2 0 10
1 10 0 12
2 10 0
1 0 10 12
2 0 10
2 5 0
1 5 0 1
1 5 0 18
2 5 0
1 0 10 12
2 0 10
2 10 10
1 5 15 19
2 5 15
1 10 15 12
2 10 15
1 0 0 12
2 0 0
1 5 10 12
2 5 10
2 15 0
2 5 5
1 10 15 12
2 10 15
1 15 15 12
2 15 15
1 5 10 12
2 5 10
2 10 5
1 5 10 12
2 5 10
2 15 10
1 0 10 12
2 0 10
2 5 5
2 5 15
2 10 5
2 0 15
1 10 10 12
2 10 10
1 0 10 12
2 0 10
2 10 5
2 5 0
1 10 0 12
2 10 0
1 5 10 1
2 5 10
1 0 0 12
2 0 0
2 15 5
1 10 15 12
2 10 15
1 10 5 12
1 10 5 10
1 10 5 12
2 10 5
1 10 10 12
2 10 10
1 10 10 12
2 10 10
1 10 0 12
2 10 0
1 0 10 12
2 0 10
1 15 15 12
2 15 15
1 0 0 12
2 0 0
1 5 5 18
1 5 5 12
2 5 5
2 5 5
2 10 5
1 10 15 12
2 10 15
1 10 10 12
2 10 10
1 15 5 12
2 15 5
1 15 15 12
2 15 15
1 10 0 12
2 10 0
1 15 15 12
2 15 15
1 5 0 1
1 5 0 18
1 5 0 12
2 5 0
1 10 10 12
2 10 10
1 15 5 12
2 15 5
1 15 5 2
2 15 5
1 10 10 12
2 10 10
1 5 15 12
2 5 15
1 5 15 12
2 5 15
1 10 0 12
2 10 0
2 10 5
2 0 15
1 0 0 12
2 0 0
2 0 5
1 10 10 12
2 10 10
1 15 10 12
2 15 10
1 5 15 12
2 5 15
1 10 10 12
2 10 10
1 10 0 12
2 10 0
1 15 15 12
2 15 15
1 0 15 18
1 0 15 12
1 0 15 16
2 0 15
1 5 10 12
2 5 10
1 0 15 11
1 0 15 12
2 0 15
1 10 15 12
2 10 15
1 5 10 12
2 5 10
1 0 0 12
2 0 0
1 15 15 12
2 15 15
1 15 10 12
2 15 10
1 10 5 12
2 10 5
1 10 0 12
2 10 0
1 15 15 12
2 15 15
1 0 0 12
2 0 0
1 5 5 12
2 5 5
1 10 15 12
2 10 15
1 10 0 12
2 10 0
1 10 0 12
2 10 0
2 0 15
1 0 10 12
2 0 10
1 10 5 12
1 10 5 10
1 10 5 12
2 10 5
1 5 10 12
2 5 10
2 0 15
1 10 10 12
2 10 10
1 0 0 12
2 0 0
1 10 15 12
2 10 15
2 0 15
2 15 0
1 10 10 12
2 10 10
1 10 0 12
2 10 0
1 5 5 12
2 5 5
1 5 5 12
1 5 5 18
2 5 5
1 10 15 12
2 10 15
1 15 10 12
2 15 10
1 0 0 12
2 0 0
1 15 0 12
1 15 0 18
1 15 0 19
2 15 0
1 0 0 12
2 0 0
1 0 0 12
2 0 0
1 0 0 12
2 0 0
1 10 0 12
2 10 0
1 10 0 12
2 10 0
2 15 0
2 15 0
2 5 5
1 0 5 12
1 0 5 6
1 0 5 1
2 0 5
1 5 10 1
2 5 10
1 0 0 12
2 0 0
1 0 10 12
2 0 10
1 10 10 12
2 10 10
1 10 10 12
2 10 10
1 5 10 12
2 5 10
1 15 15 12
2 15 15
1 10 0 12
2 10 0
1 0 10 12
2 0 10
1 15 0 12
2 15 0
1 5 5 12
1 5 5 18
2 5 5
1 10 0 12
2 10 0
1 5 15 12
2 5 15
1 5 15 12
2 5 15
2 5 5
1 10 10 12
2 10 10
1 0 10 12
2 0 10
1 0 10 12
2 0 10
1 5 15 12
2 5 15
1 0 0 12
2 0 0
1 0 15 18
1 0 15 12
2 0 15
1 15 10 12
2 15 10
2 5 0
1 15 10 12
2 15 10
1 5 10 12
2 5 10
1 0 0 12
2 0 0
1 0 10 12
2 0 10
1 15 0 12
2 15 0
1 0 0 12
2 0 0
1 5 15 12
2 5 15
1 0 10 12
2 0 10
1 0 10 12
2 0 10
1 0 10 12
2 0 10
1 15 10 12
2 15 10
1 10 10 12
2 10 10
2 10 5
1 5 10 12
2 5 10
1 15 15 12
2 15 15
1 0 0 12
2 0 0
1 0 10 12
2 0 10
1 10 10 12
2 10 10
1 5 15 12
2 5 15
1 5 15 12
2 5 15
1 5 10 12
2 5 10
1 0 0 12
2 0 0
1 5 10 12
2 5 10
2 10 5
2 5 0
1 15 0 12
1 15 0 18
1 15 0 19
2 15 0
1 10 0 12
2 10 0
2 0 15
1 5 10 12
2 5 10
1 15 10 12
2 15 10
1 5 0 12
2 5 0
1 15 5 12
2 15 5
1 5 0 12
2 5 0
1 5 15 12
2 5 15
2 15 0
1 0 10 12
2 0 10
1 5 15 12
2 5 15
1 0 0 12
2 0 0
1 0 0 12
2 0 0
1 10 15 12
2 10 15
1 5 10 12
2 5 10
1 5 0 1
2 5 0
1 5 5 12
2 5 5
1 15 10 12
2 15 10
1 5 0 1
2 5 0
2 0 5
1 5 10 12
2 5 10
1 10 0 12
2 10 0
1 5 5 12
1 5 5 18
2 5 5
1 5 0 12
2 5 0
1 0 10 12
2 0 10
1 15 10 12
2 15 10
1 10 5 12
1 10 5 10
1 10 5 6
2 10 5
2 10 5
1 15 5 12
2 15 5
1 5 10 12
2 5 10
1 0 0 12
2 0 0
1 15 10 12
2 15 10
1 0 0 12
2 0 0
1 15 15 12
2 15 15
1 15 15 12
2 15 15
2 0 5
1 0 5 12
1 0 5 6
2 0 5
1 5 15 12
2 5 15
1 5 15 12
2 5 15
1 5 15 12
2 5 15
1 15 15 12
2 15 15
1 0 10 12
2 0 10
2 10 5
1 5 10 12
2 5 10
1 10 5 12
2 10 5
1 10 5 12
2 10 5
1 0 15 18
1 0 15 6
1 0 15 18
2 0 15
2 5 5
1 15 5 12
2 15 5
1 5 15 12
2 5 15
2 0 15
1 0 0 12
2 0 0
1 5 5 12
2 5 5
1 10 5 12
1 10 5 11
1 10 5 12
2 10 5
1 5 0 1
2 5 0
1 5 5 12
1 5 5 18
2 5 5
1 0 0 12
2 0 0
1 5 15 12
2 5 15
1 10 15 12
2 10 15
1 5 0 1
2 5 0
1 10 10 12
2 10 10
1 0 0 12
2 0 0
1 15 10 1
2 15 10
1 0 0 12
2 0 0
2 15 0
1 15 15 12
2 15 15
1 5 0 12
2 5 0
2 10 5
1 0 0 12
2 0 0
1 15 10 12
2 15 10
1 15 0 12
2 15 0
1 5 10 12
2 5 10
2 5 5
1 0 10 12
2 0 10
1 15 15 12
2 15 15
1 15 15 12
2 15 15
1 0 10 12
2 0 10
1 0 10 12
2 0 10
1 10 10 12
2 10 10
1 5 5 12
1 5 5 18
2 5 5
1 15 0 12
2 15 0
2 5 5
1 5 10 12
2 5 10
1 10 10 12
2 10 10
1 0 0 12
2 0 0
1 15 15 12
2 15 15
1 10 15 12
2 10 15
1 10 15 12
2 10 15
1 0 10 12
2 0 10
1 10 10 12
2 10 10
2 10 5
1 0 0 12
2 0 0
1 5 15 12
2 5 15
1 10 0 12
2 10 0
1 5 10 12
2 5 10
1 5 10 12
2 5 10
1 10 0 12
2 10 0
1 5 10 1
2 5 10
1 5 0 12
2 5 0
1 0 0 12
2 0 0
1 10 10 12
2 10 10
1 5 10 12
2 5 10
1 5 0 1
2 5 0
1 0 0 12
2 0 0
1 5 15 12
2 5 15
1 0 15 0
1 0 15 12
2 0 15
1 0 10 12
2 0 10
1 10 5 12
1 10 5 10
1 10 5 12
2 10 5
1 5 5 12
1 5 5 11
1 5 5 12
2 5 5
1 5 0 1
2 5 0
1 15 0 12
1 15 0 0
1 15 0 19
2 15 0
2 15 0
2 10 5
1 15 15 12
2 15 15
2 15 0
1 15 5 12
2 15 5
2 10 5
1 0 10 12
2 0 10
1 15 10 12
2 15 10
2 0 15
2 0 15
1 10 10 12
2 10 10
1 15 10 1
2 15 10
1 5 15 12
2 5 15
1 10 15 12
2 10 15
1 10 5 12
1 10 5 18
1 10 5 6
2 10 5
1 10 0 12
2 10 0
1 0 0 12
2 0 0
1 15 0 12
2 15 0
1 0 0 12
2 0 0
1 10 15 12
2 10 15
1 5 10 12
2 5 10
2 10 5
1 15 10 12
2 15 10
2 5 5
1 10 0 12
2 10 0
1 10 0 12
2 10 0
1 0 0 12
2 0 0
1 0 15 18
2 0 15
1 5 0 12
2 5 0
1 5 15 12
2 5 15
1 15 15 12
2 15 15
1 0 0 12
2 0 0
1 5 15 12
2 5 15
2 10 5
1 10 15 12
2 10 15
1 5 0 12
2 5 0
1 15 10 12
2 15 10
1 5 10 12
2 5 10
1 0 10 12
2 0 10
2 5 5
1 10 10 12
2 10 10
1 5 10 12
2 5 10
1 5 5 12
2 5 5
1 0 10 12
2 0 10
1 0 0 12
2 0 0
1 0 0 12
2 0 0
1 5 5 18
1 5 5 19
1 5 5 10
2 5 5
1 5 0 12
2 5 0
1 15 5 12
2 15 5
1 10 15 12
2 10 15
1 0 15 18
2 0 15
1 10 5 12
2 10 5
1 10 10 12
2 10 10
1 5 10 12
2 5 10
1 0 10 12
2 0 10
1 5 15 12
2 5 15
1 5 10 12
2 5 10
1 5 10 12
2 5 10
1 0 0 12
2 0 0
1 10 15 12
2 10 15
1 15 10 12
2 15 10
1 5 5 1
1 5 5 12
2 5 5
1 10 15 12
2 10 15
1 15 10 12
2 15 10
1 15 10 12
2 15 10
1 0 0 12
2 0 0
1 15 5 12
2 15 5
1 0 10 12
2 0 10
1 15 15 12
2 15 15
1 0 10 12
2 0 10
1 10 0 12
2 10 0
1 15 0 19
1 15 0 11
1 15 0 12
2 15 0
1 0 15 18
2 0 15
1 0 0 12
2 0 0
1 15 15 12
2 15 15
1 15 10 12
2 15 10
1 0 0 12
2 0 0
1 0 10 12
2 0 10
1 15 15 12
2 15 15
1 5 15 12
2 5 15
1 5 10 12
2 5 10
1 10 5 12
2 10 5
1 0 10 12
2 0 10
1 0 0 12
2 0 0
2 15 0
2 5 5
1 15 10 12
2 15 10
1 0 0 12
2 0 0
2 5 5
1 10 5 12
2 10 5
1 5 15 12
2 5 15
1 15 5 12
2 15 5
1 0 10 12
2 0 10
1 0 0 12
2 0 0
1 0 15 18
2 0 15
1 5 15 12
2 5 15
1 0 10 12
2 0 10
2 15 0
1 10 5 12
1 10 5 10
1 10 5 12
2 10 5
1 0 10 12
2 0 10
1 5 10 12
2 5 10
1 10 15 12
2 10 15
1 15 15 12
2 15 15
1 5 10 1
2 5 10
1 10 0 12
2 10 0
2 0 5
1 0 0 12
2 0 0
2 5 5
1 10 10 12
2 10 10
1 0 10 12
2 0 10
1 5 0 1
2 5 0
2 10 5
1 5 5 12
2 5 5
1 10 10 12
2 10 10
1 5 0 12
2 5 0
1 5 10 12
2 5 10
1 5 15 12
2 5 15
1 5 10 12
2 5 10
1 15 10 12
2 15 10
2 10 5
1 10 15 12
2 10 15
1 5 10 12
2 5 10
1 15 10 12
2 15 10
1 10 15 12
2 10 15
1 15 10 12
2 15 10
1 10 5 12
2 10 5
1 5 10 12
2 5 10
1 10 15 12
2 10 15
1 5 10 12
2 5 10
1 0 15 18
1 0 15 12
2 0 15
1 5 0 12
2 5 0
1 15 15 12
2 15 15
1 10 5 12
2 10 5
1 0 10 12
2 0 10
1 15 10 12
2 15 10
1 5 0 1
2 5 0
1 5 5 12
2 5 5
1 15 15 12
2 15 15
1 5 0 1
2 5 0
1 5 5 18
1 5 5 12
2 5 5
1 0 10 12
2 0 10
1 5 10 12
2 5 10
1 5 0 1
2 5 0
1 15 10 12
2 15 10
1 10 10 12
2 10 10
1 10 5 12
2 10 5
1 15 10 12
2 15 10
1 5 0 1
2 5 0
1 10 5 12
1 10 5 11
1 10 5 12
2 10 5
1 15 15 12
2 15 15
1 5 10 12
2 5 10
1 0 0 12
2 0 0
2 10 5
1 15 15 12
2 15 15
1 0 0 12
2 0 0
1 5 0 1
2 5 0
1 0 10 12
2 0 10
1 15 10 12
2 15 10
2 10 5
1 5 10 12
2 5 10
1 10 15 12
2 10 15
2 5 5
1 0 10 12
2 0 10
1 5 10 12
2 5 10
1 15 10 12
2 15 10
1 5 5 12
2 5 5
1 0 5 12
1 0 5 6
1 0 5 16
2 0 5
1 5 10 12
2 5 10
1 5 10 12
2 5 10
1 5 10 12
2 5 10
1 0 0 12
2 0 0
1 10 10 12
2 10 10
1 15 15 12
2 15 15
1 5 10 12
2 5 10
1 15 0 12
1 15 0 11
2 15 0
1 10 5 18
1 10 5 6
1 10 5 18
2 10 5
1 5 10 12
2 5 10
1 10 0 12
2 10 0
1 5 5 18
1 5 5 12
2 5 5
1 0 10 12
2 0 10
1 10 10 12
2 10 10
1 0 0 12
2 0 0
2 10 5
1 10 0 12
2 10 0
2 5 5
1 10 0 12
2 10 0
1 15 15 12
2 15 15
1 5 15 12
2 5 15
2 10 5
2 0 15
1 10 0 12
2 10 0
1 0 10 12
2 0 10
1 10 0 12
2 10 0
1 0 10 12
2 0 10
1 10 10 12
2 10 10
1 15 5 2
2 15 5
1 0 0 12
2 0 0
2 15 0
1 0 10 12
2 0 10
1 5 5 12
2 5 5
1 5 10 12
2 5 10
1 0 0 12
2 0 0
1 15 15 12
2 15 15
1 15 5 2
2 15 5
1 10 15 12
2 10 15
1 15 10 12
2 15 10
1 5 5 12
1 5 5 10
1 5 5 12
2 5 5
1 5 0 12
2 5 0
1 0 0 12
2 0 0
1 10 0 12
2 10 0
1 10 15 12
2 10 15
1 15 0 18
1 15 0 19
1 15 0 11
2 15 0
1 5 0 1
2 5 0
1 5 10 12
2 5 10
2 15 0
1 5 0 1
2 5 0
1 10 0 12
2 10 0
1 0 0 12
2 0 0
1 15 10 12
2 15 10
1 5 10 12
2 5 10
1 10 15 12
2 10 15
2 5 5
1 0 0 12
2 0 0
1 5 15 12
1 5 15 19
2 5 15
1 15 5 12
2 15 5
1 15 5 2
2 15 5
1 10 5 12
2 10 5
1 15 10 12
2 15 10
1 15 5 2
2 15 5
1 10 0 12
2 10 0
2 5 5
1 5 0 12
2 5 0
1 5 0 12
2 5 0
1 10 10 12
2 10 10
1 5 0 12
1 5 0 18
2 5 0
1 10 0 12
2 10 0
1 0 0 12
2 0 0
1 0 0 12
2 0 0
1 10 0 12
2 10 0
1 5 10 12
2 5 10
1 0 0 12
2 0 0
1 5 5 12
1 5 5 18
2 5 5
2 5 5
1 15 10 12
2 15 10
1 10 10 12
2 10 10
1 10 10 12
2 10 10
1 5 5 12
1 5 5 11
1 5 5 12
2 5 5
1 0 10 12
2 0 10
2 5 5
1 10 0 12
2 10 0
2 5 5
1 10 0 12
2 10 0
1 15 0 12
1 15 0 19
2 15 0
1 15 5 12
2 15 5
1 0 0 12
2 0 0
1 15 15 12
2 15 15
2 5 15
1 0 10 12
2 0 10
1 15 5 12
2 15 5
1 10 0 12
2 10 0
1 0 10 12
1 0 10 18
1 0 10 19
2 0 10
2 0 10
1 5 10 12
2 5 10
1 5 10 12
2 5 10
2 0 10
1 10 5 12
1 10 5 10
1 10 5 6
2 10 5
2 5 0
1 5 15 19
2 5 15
2 10 5
1 5 10 12
2 5 10
1 15 15 12
2 15 15
1 10 15 12
2 10 15
1 5 15 12
2 5 15
1 0 10 12
2 0 10
1 0 0 12
2 0 0
1 10 15 12
2 10 15
1 10 15 12
2 10 15
1 0 0 12
2 0 0
1 0 0 12
2 0 0
1 5 0 1
2 5 0
1 15 10 12
2 15 10
1 5 5 12
2 5 5
1 0 0 12
2 0 0
1 0 10 12
2 0 10
2 15 0
1 5 0 12
2 5 0
1 5 5 18
1 5 5 12
2 5 5
1 15 10 12
2 15 10
1 15 5 12
2 15 5
1 10 15 12
2 10 15
1 15 15 12
2 15 15
1 0 0 12
2 0 0
1 0 10 12
2 0 10
1 5 10 12
2 5 10
1 15 15 12
2 15 15
1 10 0 12
2 10 0
2 5 5
1 15 15 12
2 15 15
1 5 5 12
2 5 5
1 10 10 12
2 10 10
1 10 15 12
2 10 15
1 0 10 12
2 0 10
1 5 10 12
2 5 10
2 10 5
1 5 5 12
1 5 5 11
1 5 5 12
2 5 5
1 0 10 12
2 0 10
1 5 0 12
2 5 0
1 15 10 12
2 15 10
1 15 10 12
2 15 10
1 10 0 12
1 10 0 6
1 10 0 18
2 10 0
2 15 0
2 5 5
1 0 0 12
2 0 0
1 5 15 12
2 5 15
2 5 5
1 15 10 12
2 15 10
1 5 0 12
2 5 0
1 15 0 12
2 15 0
1 5 10 12
2 5 10
1 0 0 12
2 0 0
1 0 15 18
2 0 15
1 0 10 12
2 0 10
1 10 15 12
2 10 15
1 5 15 12
2 5 15
1 10 10 12
2 10 10
1 5 10 12
2 5 10
1 10 15 12
2 10 15
1 10 10 12
2 10 10
1 0 10 12
2 0 10
1 0 10 12
2 0 10
1 0 10 12
2 0 10
1 10 5 12
2 10 5
1 0 0 12
2 0 0
1 0 0 12
2 0 0
1 10 5 12
2 10 5
1 15 15 12
2 15 15
1 15 15 12
2 15 15
1 15 15 12
2 15 15
1 5 0 12
2 5 0
1 10 10 12
2 10 10
1 5 5 12
2 5 5
1 5 10 12
2 5 10
1 10 15 12
2 10 15
1 15 10 12
2 15 10
1 10 15 12
2 10 15
1 10 10 12
2 10 10
1 0 15 18
1 0 15 12
1 0 15 10
2 0 15
1 10 10 12
2 10 10
1 15 0 12
2 15 0
1 15 0 12
2 15 0
1 15 10 12
2 15 10
1 5 0 12
2 5 0
1 10 10 12
2 10 10
1 0 0 12
2 0 0
1 10 5 1
1 10 5 10
1 10 5 12
2 10 5
2 10 0
1 5 10 12
2 5 10
2 0 15
1 10 15 12
2 10 15
1 15 15 12
2 15 15
1 5 0 1
2 5 0
1 10 15 12
2 10 15
1 5 5 12
1 5 5 11
1 5 5 12
2 5 5
1 0 0 12
2 0 0
1 0 0 12
2 0 0
1 5 10 12
2 5 10
2 5 5
2 10 5
1 10 15 12
2 10 15
2 10 0
1 10 0 12
2 10 0
1 15 15 12
2 15 15
1 15 15 12
2 15 15
1 10 15 12
2 10 15
1 15 5 12
2 15 5
1 5 10 12
2 5 10
1 10 0 12
2 10 0
1 15 5 2
2 15 5
1 5 0 12
2 5 0
1 0 0 12
2 0 0
1 5 10 12
2 5 10
2 5 5
1 10 15 12
2 10 15
1 5 15 12
2 5 15
1 15 10 12
2 15 10
1 5 10 12
2 5 10
1 10 0 12
2 10 0
1 10 10 12
2 10 10
1 15 5 1
2 15 5
1 15 0 12
1 15 0 11
1 15 0 12
2 15 0
1 10 0 12
2 10 0
1 10 10 12
2 10 10
1 10 0 12
2 10 0
2 0 15
1 15 15 12
2 15 15
1 5 15 12
2 5 15
1 15 15 12
2 15 15
1 5 15 12
1 5 15 19
2 5 15
1 5 5 12
2 5 5
1 0 0 12
2 0 0
2 15 0
1 10 10 12
2 10 10
2 5 15
1 5 0 1
2 5 0
1 10 10 12
2 10 10
1 15 10 1
2 15 10
1 10 0 12
2 10 0
1 0 0 12
2 0 0
1 5 0 12
2 5 0
1 0 10 12
2 0 10
1 0 15 18
1 0 15 12
2 0 15
1 15 15 12
2 15 15
2 10 5
1 15 5 12
2 15 5
1 0 10 12
2 0 10
1 0 5 19
1 0 5 6
2 0 5
1 0 0 12
2 0 0
1 10 5 12
2 10 5
1 15 5 12
2 15 5
1 15 15 12
2 15 15
2 0 15
2 15 0
1 10 5 12
1 10 5 10
2 10 5
1 0 15 18
1 0 15 12
1 0 15 11
2 0 15
2 0 15
1 10 0 12
2 10 0
1 15 0 12
2 15 0
2 10 5
1 0 0 12
2 0 0
1 0 10 12
2 0 10
1 0 0 12
2 0 0
1 5 10 12
2 5 10
1 10 5 12
2 10 5
1 15 15 12
2 15 15
1 5 10 12
2 5 10
1 15 15 12
2 15 15
1 10 5 12
1 10 5 10
1 10 5 6
2 10 5
2 10 5
1 15 15 12
2 15 15
1 10 0 12
2 10 0
1 10 0 12
2 10 0
1 5 5 12
1 5 5 10
1 5 5 12
2 5 5
2 5 5
1 0 10 12
2 0 10
1 0 0 12
2 0 0
1 5 0 1
2 5 0
1 10 15 12
2 10 15
1 5 0 12
2 5 0
1 0 0 12
2 0 0
2 0 15
1 0 15 18
1 0 15 12
2 0 15
1 10 10 12
2 10 10
1 0 10 12
2 0 10
1 5 15 12
2 5 15
1 15 10 12
2 15 10
1 15 0 12
1 15 0 19
1 15 0 11
2 15 0
1 10 10 12
2 10 10
1 0 0 12
2 0 0
1 5 0 12
2 5 0
1 5 10 1
2 5 10
1 0 10 12
2 0 10
2 0 15
1 10 10 12
2 10 10
1 0 15 18
1 0 15 12
1 0 15 0
2 0 15
1 5 10 12
2 5 10
2 15 0
1 15 10 12
2 15 10
1 0 10 12
2 0 10
1 15 10 12
2 15 10
1 0 0 12
2 0 0
2 5 5
1 10 10 12
2 10 10
1 10 0 12
2 10 0
2 10 5
1 15 5 1
2 15 5
1 10 10 12
2 10 10
1 5 0 12
2 5 0
1 5 10 12
2 5 10
1 10 0 12
2 10 0
1 5 10 12
2 5 10
1 5 10 12
2 5 10
1 0 0 12
2 0 0
1 10 15 12
2 10 15
1 10 5 12
2 10 5
1 10 5 12
1 10 5 11
1 10 5 12
2 10 5
1 5 0 1
2 5 0
1 0 0 12
2 0 0
1 15 5 1
2 15 5
1 10 0 12
2 10 0
1 5 0 12
2 5 0
1 10 10 12
2 10 10
1 5 10 12
2 5 10
1 5 0 12
2 5 0
1 10 15 12
2 10 15
1 10 0 12
2 10 0
1 5 10 12
2 5 10
1 5 5 12
2 5 5
1 15 15 12
2 15 15
1 15 15 12
2 15 15
2 0 15
1 0 10 12
2 0 10
2 15 0
1 5 10 12
2 5 10
1 5 15 12
2 5 15
1 15 5 2
2 15 5
2 0 15
1 15 15 12
2 15 15
1 5 5 12
1 5 5 18
2 5 5
1 10 0 12
2 10 0
1 0 10 12
2 0 10
1 0 15 18
1 0 15 12
1 0 15 10
2 0 15
1 15 15 12
2 15 15
1 0 0 12
2 0 0
1 15 15 12
2 15 15
1 15 5 12
2 15 5
2 10 5
1 5 0 12
2 5 0
1 0 0 12
2 0 0
1 15 5 2
2 15 5
2 10 5
1 0 0 12
2 0 0
1 0 0 12
2 0 0
1 10 15 12
2 10 15
1 15 15 12
2 15 15
2 0 5
2 0 15
1 5 10 12
2 5 10
1 5 10 12
2 5 10
2 0 5
1 15 15 12
2 15 15
1 0 10 12
2 0 10
1 0 10 12
2 0 10
1 0 10 12
2 0 10
2 5 5
2 0 15
1 15 5 2
2 15 5
1 15 5 1
1 15 5 2
1 15 5 5
2 15 5
1 0 10 12
2 0 10
2 0 5
1 5 5 18
1 5 5 12
2 5 5
1 15 10 12
2 15 10
1 15 15 12
2 15 15
2 5 5
1 10 10 12
2 10 10
1 5 0 1
2 5 0
1 5 0 1
2 5 0
1 0 15 18
2 0 15
1 15 10 12
2 15 10
1 10 0 12
2 10 0
1 15 15 12
2 15 15
1 5 10 12
2 5 10
1 0 10 12
2 0 10
1 15 0 12
1 15 0 18
1 15 0 19
2 15 0
1 5 0 1
1 5 0 18
2 5 0
1 10 15 12
2 10 15
2 5 0
1 10 10 12
2 10 10
1 5 5 12
1 5 5 18
2 5 5
1 15 10 12
2 15 10
1 10 5 12
1 10 5 18
1 10 5 6
2 10 5
1 5 10 12
2 5 10
1 0 0 12
2 0 0
1 0 5 12
2 0 5
1 5 10 12
2 5 10
2 15 0
1 10 15 12
2 10 15
1 10 15 12
2 10 15
1 0 10 12
2 0 10
1 15 15 12
2 15 15
2 5 5
1 15 10 12
2 15 10
1 0 10 12
2 0 10
1 15 10 12
2 15 10
1 5 0 1
2 5 0
1 10 0 12
2 10 0
1 10 15 12
2 10 15
1 5 0 1
2 5 0
1 10 0 12
2 10 0
1 15 15 12
2 15 15
1 15 10 12
2 15 10
1 5 15 12
2 5 15
1 5 0 12
2 5 0
1 0 10 12
2 0 10
1 5 15 12
2 5 15
1 10 0 12
2 10 0
1 0 0 12
2 0 0
1 10 0 12
2 10 0
1 10 15 12
2 10 15
1 10 15 12
2 10 15
1 0 5 12
1 0 5 6
2 0 5
1 0 15 18
1 0 15 12
2 0 15
1 10 10 12
2 10 10
1 5 0 12
2 5 0
1 10 0 12
2 10 0
1 0 10 12
2 0 10
2 15 0
1 0 0 12
2 0 0
1 0 0 12
2 0 0
1 10 10 12
2 10 10
1 5 10 1
2 5 10
2 10 5
1 0 10 12
2 0 10
2 0 5
1 15 5 6
1 15 5 19
2 15 5
1 10 0 12
2 10 0
1 5 5 12
1 5 5 18
2 5 5
1 15 15 12
2 15 15
1 15 0 19
1 15 0 18
2 15 0
2 5 5
1 0 10 12
2 0 10
1 10 15 12
2 10 15
1 0 0 12
2 0 0
1 0 5 12
2 0 5
1 10 0 12
2 10 0
1 0 10 12
2 0 10
1 5 10 12
2 5 10
1 0 0 12
2 0 0
1 0 10 12
2 0 10
1 10 0 12
2 10 0
1 0 15 11
1 0 15 10
2 0 15
1 15 15 12
2 15 15
1 0 10 12
2 0 10
2 10 5
1 5 5 12
1 5 5 18
2 5 5
2 15 0
1 15 0 12
2 15 0
1 5 10 12
2 5 10
1 5 15 12
2 5 15
1 0 10 12
2 0 10
1 15 10 12
2 15 10
1 5 15 12
2 5 15
1 15 15 12
2 15 15
1 10 15 12
2 10 15
1 0 0 12
2 0 0
1 5 15 12
2 5 15
1 15 15 12
2 15 15
1 10 5 12
2 10 5
1 5 10 12
2 5 10
1 0 10 12
2 0 10
2 0 15
1 0 0 12
2 0 0
1 15 15 12
2 15 15
1 10 15 1
2 10 15
1 15 0 12
2 15 0
1 0 10 12
2 0 10
2 15 5
1 0 0 12
2 0 0
1 0 0 12
2 0 0
1 5 0 12
2 5 0
2 5 5
1 5 5 12
2 5 5
1 10 5 12
1 10 5 10
1 10 5 12
2 10 5
1 10 0 12
2 10 0
1 10 15 1
2 10 15
1 10 10 12
2 10 10
1 15 10 12
2 15 10
1 0 0 12
2 0 0
1 0 0 12
2 0 0
1 15 10 12
2 15 10
1 5 0 12
2 5 0
1 15 15 12
2 15 15
1 0 0 12
2 0 0
1 0 0 12
2 0 0
1 10 10 12
2 10 10
1 10 0 12
2 10 0
1 15 10 1
2 15 10
1 5 10 12
2 5 10
1 15 0 12
2 15 0
1 10 15 12
2 10 15
1 0 5 6
1 0 5 1
1 0 5 7
2 0 5
1 5 15 12
2 5 15
2 15 5
1 0 0 12
2 0 0
1 15 10 12
2 15 10
1 10 10 12
2 10 10
1 0 0 12
2 0 0
1 15 0 12
1 15 0 19
1 15 0 18
2 15 0
2 10 5
1 5 5 12
1 5 5 18
2 5 5
2 5 5
1 10 15 12
2 10 15
1 5 0 1
1 5 0 18
1 5 0 12
2 5 0
2 15 0
1 15 10 12
2 15 10
1 15 15 12
2 15 15
1 0 0 12
2 0 0
1 15 15 12
2 15 15
2 15 5
2 0 15
1 5 5 12
1 5 5 11
1 5 5 12
2 5 5
1 0 10 12
2 0 10
1 15 10 12
2 15 10
2 15 0
1 15 10 12
2 15 10
1 15 0 19
1 15 0 11
1 15 0 19
2 15 0
1 15 10 12
2 15 10
1 5 10 12
2 5 10
1 5 10 12
2 5 10
2 5 5
1 0 0 12
2 0 0
1 0 5 19
2 0 5
1 5 15 12
2 5 15
2 10 5
1 5 10 12
2 5 10
1 10 10 12
2 10 10
1 0 0 12
2 0 0
1 0 10 12
2 0 10
1 10 15 12
2 10 15
1 10 5 12
2 10 5
1 0 15 18
2 0 15
1 0 0 12
2 0 0
1 10 5 12
2 10 5
1 10 0 12
2 10 0
1 15 15 12
2 15 15
1 0 10 12
1 0 10 18
1 0 10 19
2 0 10
1 5 10 12
2 5 10
1 10 10 12
2 10 10
