0 0 0 0 1 0 0 0 0 1 0 0 0 0 1 0 0 0 0 
0 0 0 0 1 0 0 0 0 1 0 0 0 0 1 0 0 0 0 
0 0 0 0 1 0 0 0 0 1 0 0 0 0 1 0 0 0 0 
0 0 0 0 1 0 0 0 0 1 0 0 0 0 1 0 0 0 0 
0 0 0 0 1 0 0 0 0 1 0 0 0 0 1 0 0 0 0 
0 0 0 0 1 0 0 0 0 1 0 0 0 0 1 0 0 0 0 
0 0 0 0 1 0 0 0 0 1 0 0 0 0 1 0 0 0 0 
0 0 0 0 1 0 0 0 0 1 0 0 0 0 1 0 0 0 0 
0 0 0 0 1 0 0 0 0 1 0 0 0 0 1 0 0 0 0 
0 0 0 0 1 0 0 0 0 1 0 0 0 0 1 0 0 0 0 
0 0 0 0 1 0 0 0 0 1 0 0 0 0 1 0 0 0 0 
0 0 0 0 1 0 0 0 0 1 0 0 0 0 1 0 0 0 0 
0 0 0 0 1 0 0 0 0 1 0 0 0 0 1 0 0 0 0 
0 0 0 0 1 0 0 0 0 1 0 0 0 0 1 0 0 0 0 
0 0 0 0 1 0 0 0 0 1 0 0 0 0 1 0 0 0 0 
0 0 0 0 1 0 0 0 0 1 0 0 0 0 1 0 0 0 0 
0 0 0 0 1 0 0 0 0 1 0 0 0 0 1 0 0 0 0 
0 0 0 0 1 0 0 0 0 1 0 0 0 0 1 0 0 0 0 
0 0 0 0 1 0 0 0 0 1 0 0 0 0 1 0 0 0 0 
0 0 0 0 1 0 0 0 0 1 0 0 0 0 1 0 0 0 0 
0 0 0 0 0 0 0 0 0 0 0 0 0 0 0 0 0 0 0 0 
0 0 0 0 0 0 0 0 0 0 0 0 0 0 0 0 0 0 0 0 
0 0 0 0 0 0 0 0 0 0 0 0 0 0 0 0 0 0 0 0 
0 0 0 0 0 0 0 0 0 0 0 0 0 0 0 0 0 0 0 0 
1 1 1 1 1 1 1 1 1 1 1 1 1 1 1 1 1 1 1 1 
0 0 0 0 0 0 0 0 0 0 0 0 0 0 0 0 0 0 0 0 
0 0 0 0 0 0 0 0 0 0 0 0 0 0 0 0 0 0 0 0 
0 0 0 0 0 0 0 0 0 0 0 0 0 0 0 0 0 0 0 0 
0 0 0 0 0 0 0 0 0 0 0 0 0 0 0 0 0 0 0 0 
1 1 1 1 1 1 1 1 1 1 1 1 1 1 1 1 1 1 1 1 
0 0 0 0 0 0 0 0 0 0 0 0 0 0 0 0 0 0 0 0 
0 0 0 0 0 0 0 0 0 0 0 0 0 0 0 0 0 0 0 0 
0 0 0 0 0 0 0 0 0 0 0 0 0 0 0 0 0 0 0 0 
0 0 0 0 0 0 0 0 0 0 0 0 0 0 0 0 0 0 0 0 
1 1 1 1 1 1 1 1 1 1 1 1 1 1 1 1 1 1 1 1 
0 0 0 0 0 0 0 0 0 0 0 0 0 0 0 0 0 0 0 0 
0 0 0 0 0 0 0 0 0 0 0 0 0 0 0 0 0 0 0 0 
0 0 0 0 0 0 0 0 0 0 0 0 0 0 0 0 0 0 0 0 
0 0 0 0 0 0 0 0 0 0 0 0 0 0 0 0 0 0 0 0 
1 0 0 2
1 0 0 3
1 0 0 9
1 0 0 6
1 0 5 2
1 0 5 3
1 0 5 6
1 0 10 0
1 0 10 4
1 0 10 0
1 0 15 4
1 0 15 2
1 0 15 3
1 0 15 4
1 5 0 2
1 5 0 2
1 5 0 3
1 5 0 2
1 5 5 0
1 5 5 6
1 5 5 3
1 5 10 0
1 5 10 4
1 5 10 2
1 5 10 0
1 5 15 2
1 5 15 0
1 5 15 6
1 5 15 0
1 10 0 0
1 10 0 6
1 10 5 4
1 10 5 0
1 10 10 6
1 10 10 4
1 10 10 0
1 10 10 6
1 10 15 4
1 10 15 0
1 15 0 2
1 15 0 4
1 15 5 4
1 15 5 2
1 15 10 4
1 15 10 2
1 15 10 3
1 15 10 2
1 15 15 6
1 15 15 0
1 15 15 6
1 15 15 9
2 5 5
1 15 0 9
1 15 0 5
1 15 0 6
2 15 0
2 0 15
1 5 5 2
1 5 5 3
1 5 5 8
2 5 5
2 10 15
2 10 10
2 10 10
2 10 0
2 5 15
1 5 5 4
1 5 5 3
1 5 5 6
2 5 5
2 0 5
2 0 15
2 0 0
1 10 0 4
1 10 0 0
1 10 0 2
2 10 0
1 10 15 0
1 10 15 1
1 10 15 0
2 10 15
2 10 15
2 5 0
2 15 10
2 10 0
2 5 5
2 15 5
2 15 0
1 5 0 8
1 5 0 9
1 5 0 2
2 5 0
2 15 10
2 5 15
2 15 0
1 15 15 1
1 15 15 2
1 15 15 6
2 15 15
2 0 10
2 5 15
2 0 5
1 10 10 1
1 10 10 3
1 10 10 6
2 10 10
2 0 0
2 15 10
1 0 0 0
1 0 0 9
1 0 0 2
2 0 0
1 15 10 0
2 15 10
1 15 10 4
1 15 10 2
2 15 10
2 10 0
1 0 5 4
2 0 5
1 10 0 0
2 10 0
1 10 15 3
2 10 15
2 0 10
1 5 5 0
1 5 5 0
1 5 5 8
2 5 5
1 10 0 6
2 10 0
2 0 0
1 0 5 2
1 0 5 0
1 0 5 1
2 0 5
1 5 15 6
1 5 15 0
2 5 15
1 5 0 5
1 5 0 4
2 5 0
2 10 10
1 15 10 3
1 15 10 2
2 15 10
1 5 10 3
1 5 10 3
1 5 10 0
2 5 10
1 0 10 0
2 0 10
2 15 10
1 5 0 9
1 5 0 9
1 5 0 8
2 5 0
1 10 0 0
1 10 0 4
1 10 0 2
2 10 0
2 10 5
1 10 5 4
2 10 5
2 10 0
2 5 5
2 0 15
1 10 5 0
1 10 5 4
2 10 5
1 15 5 4
2 15 5
2 10 15
1 5 10 6
1 5 10 2
1 5 10 5
2 5 10
2 15 0
1 0 10 4
1 0 10 0
1 0 10 2
2 0 10
1 15 5 0
1 15 5 1
1 15 5 0
2 15 5
2 10 10
1 0 5 9
1 0 5 2
2 0 5
1 10 15 0
1 10 15 1
2 10 15
2 5 10
2 15 5
2 0 0
2 10 10
2 5 15
2 5 5
1 10 10 2
1 10 10 4
2 10 10
2 15 10
2 10 10
1 5 15 0
1 5 15 2
1 5 15 3
2 5 15
2 5 5
1 15 0 2
2 15 0
1 10 5 2
1 10 5 0
1 10 5 4
2 10 5
2 0 10
1 15 0 4
1 15 0 2
1 15 0 0
2 15 0
2 0 0
2 10 5
2 5 0
2 5 10
1 15 5 6
1 15 5 4
2 15 5
2 5 10
2 5 15
2 15 5
2 10 15
1 15 10 0
2 15 10
2 10 5
1 0 0 9
1 0 0 4
1 0 0 9
2 0 0
1 15 10 6
1 15 10 4
1 15 10 0
2 15 10
1 5 0 5
1 5 0 6
2 5 0
2 10 0
1 0 10 7
1 0 10 2
1 0 10 7
2 0 10
1 0 5 4
1 0 5 3
1 0 5 2
2 0 5
1 0 10 3
1 0 10 4
2 0 10
2 5 0
1 5 15 2
2 5 15
1 10 0 0
2 10 0
2 15 0
1 15 0 6
2 15 0
2 15 0
1 0 0 0
2 0 0
2 5 15
1 0 10 2
1 0 10 5
2 0 10
2 10 5
2 15 10
1 10 10 4
2 10 10
2 5 10
1 0 15 4
2 0 15
2 5 0
2 5 5
2 0 5
1 5 5 3
1 5 5 1
2 5 5
2 15 10
1 5 15 2
2 5 15
2 5 0
1 15 0 2
2 15 0
1 10 0 2
1 10 0 3
1 10 0 2
2 10 0
1 5 15 3
1 5 15 2
2 5 15
2 0 10
1 5 15 2
1 5 15 4
2 5 15
1 10 15 0
2 10 15
1 10 10 6
2 10 10
1 10 0 5
1 10 0 4
2 10 0
1 10 5 4
2 10 5
2 0 5
2 15 15
1 10 10 0
1 10 10 6
1 10 10 4
2 10 10
1 15 10 2
2 15 10
1 0 15 6
1 0 15 3
2 0 15
2 15 5
2 10 10
2 0 5
2 10 0
1 15 10 3
1 15 10 6
2 15 10
1 15 10 0
2 15 10
2 0 15
1 10 5 0
1 10 5 4
1 10 5 2
2 10 5
1 0 15 4
2 0 15
2 0 5
2 10 10
1 15 0 4
1 15 0 8
2 15 0
2 0 5
2 15 0
2 10 0
1 15 10 1
2 15 10
2 5 5
2 5 15
1 15 5 4
2 15 5
1 10 10 1
2 10 10
2 10 0
1 15 0 4
1 15 0 2
1 15 0 0
2 15 0
2 15 0
1 0 5 2
2 0 5
2 5 10
1 0 0 6
2 0 0
2 15 15
1 15 10 0
1 15 10 2
2 15 10
2 5 0
2 5 0
2 15 0
1 5 15 0
1 5 15 2
2 5 15
2 0 10
2 0 10
2 5 0
1 15 0 4
1 15 0 2
2 15 0
2 5 10
2 5 0
2 0 10
2 0 10
2 15 15
2 5 10
2 0 0
2 10 5
1 15 5 2
1 15 5 4
2 15 5
1 5 0 2
2 5 0
1 15 10 3
2 15 10
2 5 15
2 0 0
2 15 0
1 15 5 0
1 15 5 4
2 15 5
2 15 5
1 15 10 2
2 15 10
1 15 0 6
2 15 0
1 0 5 3
1 0 5 2
2 0 5
2 0 5
2 15 10
2 5 5
2 5 5
1 10 10 2
1 10 10 4
2 10 10
2 10 5
1 5 0 4
1 5 0 8
2 5 0
1 0 0 2
2 0 0
1 10 15 4
1 10 15 3
2 10 15
1 0 10 0
1 0 10 4
1 0 10 0
2 0 10
1 10 5 0
1 10 5 4
2 10 5
1 10 15 2
1 10 15 4
1 10 15 0
2 10 15
2 10 10
2 15 10
1 5 0 0
2 5 0
1 10 0 2
1 10 0 3
1 10 0 2
2 10 0
2 5 0
2 5 15
1 5 5 0
2 5 5
1 10 0 5
2 10 0
1 0 5 2
2 0 5
1 5 15 2
2 5 15
2 15 5
1 10 10 6
1 10 10 3
2 10 10
1 15 0 2
1 15 0 3
1 15 0 6
2 15 0
2 10 10
1 0 5 4
1 0 5 2
1 0 5 0
2 0 5
1 0 5 9
1 0 5 1
2 0 5
1 5 0 2
2 5 0
1 5 5 6
1 5 5 3
1 5 5 2
2 5 5
1 5 0 2
1 5 0 3
1 5 0 2
2 5 0
2 15 15
2 15 15
1 5 15 0
2 5 15
2 0 5
2 15 0
1 5 15 2
2 5 15
2 5 5
2 10 0
2 15 0
1 5 15 4
1 5 15 2
2 5 15
2 0 10
1 5 10 2
2 5 10
2 0 10
2 10 0
1 15 10 4
2 15 10
1 15 5 6
1 15 5 0
1 15 5 1
2 15 5
2 10 5
1 10 10 4
1 10 10 2
2 10 10
1 10 0 0
2 10 0
1 5 15 0
1 5 15 9
1 5 15 4
2 5 15
2 0 5
1 15 0 2
2 15 0
1 5 15 0
1 5 15 2
1 5 15 0
2 5 15
1 0 5 0
2 0 5
1 10 0 6
1 10 0 5
1 10 0 6
2 10 0
1 15 15 6
2 15 15
1 5 10 0
1 5 10 4
1 5 10 0
2 5 10
1 10 5 2
2 10 5
1 5 10 9
1 5 10 5
1 5 10 6
2 5 10
1 0 5 9
1 0 5 0
1 0 5 2
2 0 5
1 0 10 0
2 0 10
1 10 0 0
2 10 0
1 15 15 2
1 15 15 3
1 15 15 6
2 15 15
2 5 5
2 10 15
1 15 0 4
1 15 0 2
2 15 0
2 10 10
2 10 15
2 10 0
1 0 5 4
2 0 5
2 15 15
2 10 0
1 10 10 6
2 10 10
2 0 5
1 10 5 4
1 10 5 7
2 10 5
2 10 5
1 10 10 4
1 10 10 2
1 10 10 3
2 10 10
2 15 0
2 15 5
1 10 0 0
2 10 0
1 0 0 3
1 0 0 6
2 0 0
1 15 10 0
1 15 10 1
2 15 10
2 10 15
1 10 15 4
1 10 15 0
2 10 15
1 0 10 4
1 0 10 5
2 0 10
1 0 10 2
1 0 10 0
2 0 10
1 15 0 2
1 15 0 3
1 15 0 2
2 15 0
2 15 5
2 5 15
1 10 10 1
1 10 10 6
1 10 10 1
2 10 10
2 0 5
2 5 0
2 10 15
2 0 10
2 15 15
1 10 5 4
2 10 5
2 5 15
2 0 5
2 15 0
2 0 10
1 15 15 6
2 15 15
1 0 5 2
2 0 5
1 10 5 0
1 10 5 4
1 10 5 5
2 10 5
2 15 0
1 10 5 6
2 10 5
1 15 5 2
2 15 5
2 5 15
1 0 10 0
1 0 10 4
1 0 10 0
2 0 10
2 5 0
2 5 10
1 5 0 2
2 5 0
2 5 10
1 10 15 3
2 10 15
1 5 5 0
2 5 5
1 15 5 4
1 15 5 0
2 15 5
1 15 0 4
2 15 0
1 15 0 2
2 15 0
1 10 10 7
1 10 10 2
1 10 10 4
2 10 10
2 5 10
1 0 0 9
1 0 0 2
2 0 0
1 10 15 4
1 10 15 0
1 10 15 6
2 10 15
1 15 15 2
2 15 15
1 5 5 3
1 5 5 6
1 5 5 3
2 5 5
1 15 10 2
2 15 10
1 5 5 2
1 5 5 0
2 5 5
1 10 15 3
1 10 15 7
1 10 15 3
2 10 15
2 0 0
1 10 0 4
1 10 0 2
2 10 0
1 15 10 0
1 15 10 4
2 15 10
2 15 10
2 5 15
2 15 10
2 5 5
1 15 10 2
2 15 10
1 0 0 3
1 0 0 9
2 0 0
1 0 5 4
1 0 5 9
1 0 5 0
2 0 5
1 15 10 0
1 15 10 1
1 15 10 0
2 15 10
2 5 5
1 0 0 6
1 0 0 6
2 0 0
1 5 5 3
2 5 5
2 10 10
2 5 15
2 15 10
1 5 15 2
1 5 15 0
1 5 15 2
2 5 15
2 10 10
1 15 0 4
1 15 0 2
2 15 0
2 10 15
1 0 10 5
1 0 10 4
1 0 10 5
2 0 10
1 5 0 2
1 5 0 3
1 5 0 8
2 5 0
2 5 15
1 0 15 0
1 0 15 1
2 0 15
1 0 10 8
1 0 10 3
2 0 10
2 0 5
1 15 15 9
1 15 15 4
1 15 15 8
2 15 15
1 0 15 3
1 0 15 6
2 0 15
1 10 10 9
1 10 10 1
1 10 10 1
2 10 10
1 15 10 1
1 15 10 3
1 15 10 2
2 15 10
2 15 10
1 0 15 4
1 0 15 4
1 0 15 5
2 0 15
1 0 15 9
1 0 15 6
2 0 15
1 5 10 7
2 5 10
2 15 10
1 0 10 2
1 0 10 5
1 0 10 2
2 0 10
2 15 10
2 10 0
2 5 0
1 15 10 4
2 15 10
2 5 0
2 10 10
1 10 0 2
2 10 0
2 0 5
1 10 0 0
2 10 0
2 15 0
2 5 15
2 0 0
1 0 5 6
2 0 5
1 10 0 4
1 10 0 2
1 10 0 0
2 10 0
1 5 5 6
1 5 5 3
2 5 5
2 15 5
2 5 10
1 5 0 2
2 5 0
2 10 0
1 5 0 2
1 5 0 3
1 5 0 8
2 5 0
1 0 5 3
1 0 5 2
2 0 5
2 0 10
1 5 10 2
1 5 10 3
2 5 10
2 0 10
2 10 5
1 0 0 3
1 0 0 0
1 0 0 9
2 0 0
2 10 15
1 5 15 2
2 5 15
1 15 15 4
1 15 15 2
2 15 15
2 0 5
1 15 5 4
2 15 5
1 5 15 0
1 5 15 6
2 5 15
1 15 0 2
2 15 0
2 10 5
1 15 5 2
1 15 5 4
2 15 5
2 10 0
1 10 0 0
2 10 0
1 10 5 0
1 10 5 1
1 10 5 0
2 10 5
1 5 0 8
1 5 0 8
1 5 0 6
2 5 0
1 15 0 4
1 15 0 2
2 15 0
2 15 5
2 0 0
1 15 5 0
1 15 5 6
2 15 5
1 0 15 5
1 0 15 4
1 0 15 4
2 0 15
1 0 10 5
1 0 10 5
1 0 10 4
2 0 10
2 10 5
1 0 5 2
2 0 5
2 5 15
1 10 10 0
1 10 10 2
2 10 10
2 15 15
1 5 15 2
2 5 15
2 10 5
2 15 0
2 15 5
1 5 5 2
1 5 5 0
2 5 5
1 15 0 4
1 15 0 2
2 15 0
1 10 0 6
2 10 0
1 15 0 0
1 15 0 6
2 15 0
1 0 15 9
1 0 15 9
1 0 15 4
2 0 15
2 15 0
2 5 10
1 10 0 0
1 10 0 4
1 10 0 2
2 10 0
2 10 0
1 10 5 0
2 10 5
1 10 5 4
1 10 5 2
1 10 5 0
2 10 5
1 15 5 4
1 15 5 0
2 15 5
2 10 0
2 10 10
1 5 15 0
1 5 15 6
2 5 15
2 0 0
1 10 5 4
1 10 5 5
1 10 5 4
2 10 5
2 0 10
2 15 15
2 10 5
1 0 5 6
1 0 5 0
2 0 5
1 15 10 2
1 15 10 3
1 15 10 2
2 15 10
1 5 0 5
1 5 0 4
1 5 0 8
2 5 0
2 15 0
2 10 15
1 15 5 6
1 15 5 4
2 15 5
1 10 0 0
1 10 0 4
1 10 0 2
2 10 0
2 5 5
1 5 10 0
2 5 10
2 0 15
2 15 10
2 5 0
1 5 10 3
2 5 10
2 0 0
2 15 5
1 0 5 3
1 0 5 6
2 0 5
2 15 5
2 5 15
2 10 0
2 10 0
2 0 15
2 0 15
2 0 10
2 10 10
1 15 5 4
2 15 5
1 5 0 3
1 5 0 9
2 5 0
1 15 0 2
2 15 0
2 10 10
1 0 15 4
1 0 15 1
1 0 15 4
2 0 15
1 15 10 3
1 15 10 4
1 15 10 2
2 15 10
1 0 10 8
1 0 10 0
2 0 10
2 10 5
2 0 15
2 10 5
2 5 5
1 0 10 3
1 0 10 4
1 0 10 5
2 0 10
2 0 10
1 10 0 2
2 10 0
2 15 10
2 15 10
2 15 15
1 5 15 0
1 5 15 6
2 5 15
2 10 15
1 15 15 2
2 15 15
2 15 10
2 0 15
1 15 10 2
2 15 10
2 0 10
2 5 15
2 0 10
1 10 10 1
1 10 10 4
2 10 10
2 0 10
2 5 0
1 5 15 2
2 5 15
1 15 5 2
1 15 5 4
2 15 5
2 0 5
1 15 0 4
1 15 0 2
1 15 0 3
2 15 0
2 5 0
2 0 5
1 0 15 7
1 0 15 5
1 0 15 4
2 0 15
1 15 10 4
1 15 10 2
1 15 10 3
2 15 10
2 10 5
1 10 15 4
2 10 15
1 10 10 9
2 10 10
1 0 0 6
1 0 0 9
2 0 0
2 10 10
1 10 0 0
1 10 0 4
2 10 0
1 5 15 4
1 5 15 2
1 5 15 0
2 5 15
1 10 15 4
2 10 15
2 5 0
1 15 0 6
1 15 0 6
2 15 0
1 15 5 0
1 15 5 4
2 15 5
1 10 5 4
2 10 5
2 10 10
2 0 10
1 5 10 2
1 5 10 5
1 5 10 4
2 5 10
2 15 5
2 10 0
1 10 5 0
2 10 5
1 10 0 2
2 10 0
1 10 5 4
2 10 5
1 5 10 3
1 5 10 0
2 5 10
2 15 10
1 0 5 2
2 0 5
2 5 5
1 5 5 3
1 5 5 2
2 5 5
1 0 5 3
1 0 5 2
2 0 5
2 5 15
2 15 10
2 10 10
2 0 5
2 5 15
1 10 5 5
2 10 5
2 0 10
2 15 0
2 0 15
2 5 0
1 0 5 6
2 0 5
1 0 10 7
1 0 10 0
1 0 10 7
2 0 10
1 0 5 0
1 0 5 6
1 0 5 3
2 0 5
2 10 10
2 0 10
2 0 15
1 10 0 0
1 10 0 6
1 10 0 0
2 10 0
2 5 0
1 15 10 4
2 15 10
1 5 15 2
2 5 15
1 10 10 2
2 10 10
1 15 15 6
1 15 15 3
1 15 15 2
2 15 15
1 5 10 8
2 5 10
2 15 15
2 15 15
1 5 0 2
1 5 0 4
1 5 0 2
2 5 0
1 15 10 2
1 15 10 3
2 15 10
1 5 15 0
1 5 15 2
2 5 15
2 5 5
2 15 0
2 10 0
2 15 0
2 0 15
2 15 10
2 5 10
2 10 0
2 5 15
2 0 5
2 0 0
1 10 0 0
2 10 0
1 15 15 6
2 15 15
1 15 10 0
1 15 10 1
1 15 10 0
2 15 10
2 5 10
2 0 5
2 15 10
1 0 15 9
1 0 15 3
1 0 15 3
2 0 15
1 15 15 2
1 15 15 3
1 15 15 2
2 15 15
1 5 5 2
2 5 5
2 15 5
2 15 15
1 0 5 2
2 0 5
1 0 15 5
1 0 15 4
1 0 15 4
2 0 15
2 5 10
2 0 15
1 10 10 4
1 10 10 9
1 10 10 4
2 10 10
2 15 10
1 5 0 9
1 5 0 0
1 5 0 8
2 5 0
1 0 10 6
2 0 10
2 0 10
2 15 15
1 10 15 0
2 10 15
1 0 5 4
1 0 5 9
1 0 5 4
2 0 5
1 5 15 0
1 5 15 6
1 5 15 0
2 5 15
1 5 5 3
1 5 5 2
2 5 5
1 10 0 6
1 10 0 0
1 10 0 4
2 10 0
2 5 5
1 15 0 0
1 15 0 1
1 15 0 2
2 15 0
2 15 0
2 5 15
1 5 5 0
2 5 5
2 10 10
1 15 10 2
2 15 10
2 5 15
1 10 5 4
1 10 5 2
1 10 5 7
2 10 5
2 10 0
1 0 15 6
1 0 15 6
1 0 15 6
2 0 15
1 10 0 0
1 10 0 2
1 10 0 0
2 10 0
2 0 10
2 0 15
1 15 5 6
2 15 5
2 10 0
2 5 0
2 5 0
1 15 5 0
1 15 5 4
2 15 5
1 15 15 6
2 15 15
1 5 15 2
2 5 15
2 10 10
2 0 15
2 0 10
2 5 0
2 10 5
1 15 10 4
1 15 10 0
2 15 10
2 0 5
2 10 0
1 15 10 6
1 15 10 3
1 15 10 2
2 15 10
2 15 0
2 10 0
1 0 10 0
1 0 10 4
2 0 10
1 0 5 2
1 0 5 3
1 0 5 8
2 0 5
2 15 10
1 5 10 0
2 5 10
1 15 0 4
1 15 0 2
2 15 0
1 5 10 0
1 5 10 6
1 5 10 3
2 5 10
2 0 5
1 10 10 2
1 10 10 4
2 10 10
1 5 15 2
1 5 15 3
1 5 15 2
2 5 15
1 10 0 4
1 10 0 2
1 10 0 0
2 10 0
2 0 5
1 5 5 2
1 5 5 3
2 5 5
2 10 0
2 15 5
2 10 10
2 10 5
1 10 15 3
1 10 15 2
2 10 15
2 15 0
2 5 5
1 5 5 2
1 5 5 3
2 5 5
2 0 5
1 0 5 4
2 0 5
2 5 0
1 15 0 2
2 15 0
1 5 10 0
1 5 10 2
1 5 10 5
2 5 10
1 15 15 2
2 15 15
1 10 5 0
1 10 5 1
1 10 5 0
2 10 5
1 0 5 2
2 0 5
1 15 15 6
1 15 15 9
1 15 15 4
2 15 15
2 5 0
1 10 10 4
2 10 10
2 10 15
1 0 5 4
1 0 5 9
1 0 5 5
2 0 5
1 5 0 2
1 5 0 4
1 5 0 2
2 5 0
2 5 5
2 15 10
2 15 10
2 5 0
1 15 5 4
1 15 5 2
1 15 5 4
2 15 5
2 15 5
1 5 0 0
1 5 0 9
2 5 0
2 10 0
1 10 15 4
1 10 15 0
2 10 15
2 0 15
1 5 5 2
1 5 5 3
2 5 5
1 15 10 4
2 15 10
1 15 10 0
1 15 10 1
2 15 10
2 10 5
2 0 5
2 5 0
1 15 0 4
1 15 0 2
2 15 0
2 5 0
1 5 10 3
1 5 10 3
1 5 10 9
2 5 10
2 0 5
2 10 15
1 15 5 2
2 15 5
1 0 0 4
2 0 0
1 15 10 0
1 15 10 2
2 15 10
2 5 15
2 10 5
1 10 10 6
1 10 10 4
1 10 10 0
2 10 10
1 10 15 4
2 10 15
1 5 10 5
1 5 10 5
1 5 10 5
2 5 10
2 15 0
1 5 0 2
2 5 0
2 0 10
2 5 10
1 0 10 0
2 0 10
1 5 0 4
1 5 0 8
1 5 0 0
2 5 0
1 10 5 0
2 10 5
2 15 15
1 15 0 2
2 15 0
1 15 0 4
1 15 0 2
2 15 0
2 5 0
1 15 5 3
1 15 5 4
2 15 5
1 0 5 2
1 0 5 3
1 0 5 2
2 0 5
1 10 10 9
1 10 10 1
1 10 10 4
2 10 10
1 10 0 0
2 10 0
2 15 0
2 5 15
1 10 15 3
1 10 15 2
1 10 15 3
2 10 15
2 10 15
1 10 5 4
1 10 5 2
1 10 5 4
2 10 5
2 0 5
1 15 5 2
2 15 5
2 5 10
1 10 15 5
2 10 15
1 10 0 4
1 10 0 2
1 10 0 0
2 10 0
1 5 15 2
1 5 15 0
1 5 15 2
2 5 15
2 15 10
1 5 5 3
2 5 5
1 15 0 2
2 15 0
1 10 15 2
1 10 15 3
2 10 15
2 10 0
2 10 15
2 10 0
2 0 0
2 10 5
1 15 15 2
2 15 15
2 5 0
2 5 10
1 15 0 4
1 15 0 8
1 15 0 3
2 15 0
2 15 5
2 10 10
2 15 10
1 15 0 2
1 15 0 5
1 15 0 6
2 15 0
2 15 0
1 5 0 2
2 5 0
1 0 0 2
2 0 0
1 10 0 2
2 10 0
1 5 0 3
1 5 0 2
1 5 0 2
2 5 0
2 15 5
1 0 10 0
2 0 10
1 15 10 4
2 15 10
2 15 0
1 5 15 1
2 5 15
2 10 5
1 5 15 0
2 5 15
2 0 5
2 15 0
1 15 5 4
1 15 5 2
1 15 5 0
2 15 5
1 5 5 2
2 5 5
1 5 10 8
2 5 10
2 5 15
1 10 0 0
1 10 0 4
1 10 0 0
2 10 0
1 0 0 9
1 0 0 2
1 0 0 3
2 0 0
2 0 0
2 0 15
1 0 10 0
1 0 10 4
1 0 10 0
2 0 10
1 15 10 0
1 15 10 6
1 15 10 3
2 15 10
2 5 0
2 5 5
1 0 5 6
2 0 5
2 10 10
2 0 15
2 5 10
1 5 5 0
2 5 5
2 15 15
2 10 10
2 10 15
1 5 5 4
1 5 5 9
1 5 5 5
2 5 5
2 5 15
1 10 0 6
2 10 0
2 15 0
2 5 0
1 15 15 4
1 15 15 9
1 15 15 2
2 15 15
1 5 0 2
2 5 0
1 5 5 8
1 5 5 0
1 5 5 9
2 5 5
2 10 0
1 0 5 0
1 0 5 6
1 0 5 3
2 0 5
2 15 10
1 5 15 2
2 5 15
2 0 5
2 10 0
1 10 5 7
1 10 5 4
1 10 5 0
2 10 5
2 10 10
1 15 5 1
2 15 5
2 15 15
2 5 10
1 15 0 2
2 15 0
2 15 10
2 0 15
1 10 10 4
2 10 10
1 15 10 2
1 15 10 4
1 15 10 0
2 15 10
1 5 15 0
2 5 15
1 5 0 2
1 5 0 3
1 5 0 2
2 5 0
2 5 10
1 10 5 6
2 10 5
2 0 10
2 10 5
1 15 0 1
1 15 0 2
1 15 0 3
2 15 0
2 15 10
2 15 15
2 5 0
1 5 15 2
1 5 15 3
1 5 15 2
2 5 15
2 15 10
2 15 0
1 10 15 4
2 10 15
2 10 5
1 0 10 5
1 0 10 4
2 0 10
1 10 15 0
2 10 15
2 0 15
2 5 0
2 0 5
2 5 15
1 10 10 2
1 10 10 4
2 10 10
1 15 10 0
2 15 10
2 15 0
1 15 10 6
1 15 10 0
2 15 10
1 15 0 2
1 15 0 4
1 15 0 0
2 15 0
1 10 0 2
2 10 0
1 10 15 4
1 10 15 0
2 10 15
2 0 15
2 10 15
2 15 0
1 0 10 8
1 0 10 7
2 0 10
1 10 5 4
2 10 5
2 5 10
2 10 10
1 10 5 0
2 10 5
1 10 0 0
1 10 0 4
2 10 0
1 15 10 1
2 15 10
1 10 10 6
1 10 10 3
1 10 10 6
2 10 10
2 5 5
1 15 10 0
2 15 10
2 10 10
2 15 0
1 0 0 3
2 0 0
2 10 10
1 5 0 2
2 5 0
1 5 5 5
1 5 5 3
2 5 5
2 10 0
2 5 15
1 5 5 9
1 5 5 4
1 5 5 3
2 5 5
2 15 5
2 5 5
1 5 0 9
1 5 0 2
2 5 0
2 5 10
1 15 15 6
1 15 15 2
2 15 15
1 5 15 2
2 5 15
2 0 10
1 10 0 2
1 10 0 0
2 10 0
2 15 10
1 10 10 6
2 10 10
1 10 5 4
1 10 5 0
2 10 5
1 10 15 4
1 10 15 9
1 10 15 5
2 10 15
2 10 0
1 5 10 0
2 5 10
1 10 0 4
1 10 0 0
1 10 0 2
2 10 0
1 15 10 4
2 15 10
1 0 5 2
1 0 5 3
2 0 5
2 0 10
1 5 15 0
2 5 15
1 15 0 2
2 15 0
1 15 10 2
2 15 10
1 15 0 6
1 15 0 0
2 15 0
1 15 15 3
1 15 15 6
1 15 15 9
2 15 15
2 0 15
2 0 15
1 10 10 4
2 10 10
2 10 0
2 10 5
2 15 15
2 10 0
1 15 10 4
2 15 10
1 10 10 6
2 10 10
2 15 5
1 15 10 0
1 15 10 6
2 15 10
1 15 5 4
2 15 5
1 5 15 2
1 5 15 4
1 5 15 0
2 5 15
1 0 0 8
1 0 0 6
2 0 0
1 10 0 0
2 10 0
1 10 5 4
1 10 5 0
2 10 5
2 10 15
1 15 5 2
1 15 5 4
1 15 5 0
2 15 5
2 15 15
2 5 5
2 15 5
2 15 10
1 15 10 0
1 15 10 1
1 15 10 0
2 15 10
1 10 0 4
1 10 0 0
1 10 0 2
2 10 0
1 5 15 2
1 5 15 2
1 5 15 6
2 5 15
2 15 0
2 10 0
2 0 10
1 5 10 2
1 5 10 3
2 5 10
2 10 5
1 5 0 0
1 5 0 6
2 5 0
1 15 5 1
2 15 5
2 10 0
1 0 10 0
2 0 10
2 5 0
2 0 5
2 5 0
1 5 0 2
2 5 0
2 10 15
2 0 0
1 15 0 6
2 15 0
1 15 5 0
1 15 5 2
2 15 5
2 5 5
1 10 10 4
2 10 10
1 10 5 6
1 10 5 5
2 10 5
1 0 5 6
1 0 5 3
1 0 5 2
2 0 5
1 10 15 0
1 10 15 4
2 10 15
2 0 5
1 15 5 1
1 15 5 4
2 15 5
1 10 5 3
1 10 5 5
1 10 5 4
2 10 5
1 10 10 6
2 10 10
1 0 15 4
2 0 15
1 10 0 0
2 10 0
1 15 0 4
1 15 0 2
2 15 0
1 10 0 2
1 10 0 4
1 10 0 0
2 10 0
1 15 0 0
1 15 0 6
1 15 0 3
2 15 0
2 15 5
1 5 0 9
1 5 0 2
1 5 0 4
2 5 0
2 5 10
2 0 5
1 5 10 0
2 5 10
2 10 15
1 0 0 1
1 0 0 9
1 0 0 3
2 0 0
2 10 5
1 0 15 4
2 0 15
2 15 15
2 10 5
1 0 10 2
1 0 10 5
1 0 10 4
2 0 10
1 0 5 0
2 0 5
1 5 0 8
1 5 0 9
1 5 0 2
2 5 0
1 15 15 6
1 15 15 4
1 15 15 2
2 15 15
1 10 10 4
2 10 10
2 15 10
1 5 10 4
1 5 10 0
1 5 10 9
2 5 10
2 15 5
1 10 15 0
2 10 15
1 5 10 5
2 5 10
2 10 0
1 0 5 6
2 0 5
2 10 5
2 10 0
1 5 15 3
2 5 15
2 15 10
2 15 15
1 15 10 6
1 15 10 3
1 15 10 2
2 15 10
1 5 0 5
1 5 0 6
1 5 0 2
2 5 0
1 0 0 0
1 0 0 8
2 0 0
1 0 10 7
1 0 10 3
1 0 10 5
2 0 10
2 0 10
2 15 5
1 10 5 2
1 10 5 3
2 10 5
1 10 0 0
2 10 0
1 0 15 3
1 0 15 6
2 0 15
1 0 10 8
1 0 10 3
2 0 10
1 0 5 0
1 0 5 6
1 0 5 3
2 0 5
2 0 5
2 15 10
2 15 10
1 0 5 2
2 0 5
1 0 5 1
2 0 5
2 0 10
1 15 5 2
1 15 5 4
1 15 5 0
2 15 5
2 15 5
2 15 15
2 0 0
1 15 10 0
1 15 10 6
2 15 10
2 5 10
2 5 5
2 15 0
1 15 15 2
2 15 15
1 10 0 6
2 10 0
1 10 15 1
1 10 15 3
1 10 15 2
2 10 15
1 0 5 0
2 0 5
2 5 0
1 0 5 9
1 0 5 0
2 0 5
1 10 10 2
1 10 10 1
2 10 10
2 5 0
2 5 15
2 5 15
1 0 5 6
2 0 5
2 0 5
1 15 15 1
1 15 15 9
2 15 15
1 15 15 2
2 15 15
2 0 15
2 0 0
2 15 0
2 15 5
2 5 5
2 15 10
1 15 0 2
2 15 0
1 15 5 4
2 15 5
1 10 0 0
1 10 0 6
1 10 0 0
2 10 0
1 10 10 0
1 10 10 6
1 10 10 4
2 10 10
1 15 5 2
1 15 5 3
1 15 5 4
2 15 5
2 5 5
2 10 15
2 0 0
2 5 10
2 15 15
1 5 0 9
1 5 0 8
2 5 0
1 15 5 2
2 15 5
2 0 5
1 10 0 6
1 10 0 5
1 10 0 6
2 10 0
1 15 0 1
1 15 0 6
2 15 0
1 15 10 4
2 15 10
1 15 15 2
1 15 15 3
1 15 15 2
2 15 15
1 15 0 0
1 15 0 2
2 15 0
2 0 0
2 15 0
