0 0 0 0 1 0 0 0 0 1 0 0 0 0 1 0 0 0 0 
0 0 0 0 1 0 0 0 0 1 0 0 0 0 1 0 0 0 0 
0 0 0 0 1 0 0 0 0 1 0 0 0 0 1 0 0 0 0 
0 0 0 0 1 0 0 0 0 1 0 0 0 0 1 0 0 0 0 
0 0 0 0 1 0 0 0 0 1 0 0 0 0 1 0 0 0 0 
0 0 0 0 1 0 0 0 0 1 0 0 0 0 1 0 0 0 0 
0 0 0 0 1 0 0 0 0 1 0 0 0 0 1 0 0 0 0 
0 0 0 0 1 0 0 0 0 1 0 0 0 0 1 0 0 0 0 
0 0 0 0 1 0 0 0 0 1 0 0 0 0 1 0 0 0 0 
0 0 0 0 1 0 0 0 0 1 0 0 0 0 1 0 0 0 0 
0 0 0 0 1 0 0 0 0 1 0 0 0 0 1 0 0 0 0 
0 0 0 0 1 0 0 0 0 1 0 0 0 0 1 0 0 0 0 
0 0 0 0 1 0 0 0 0 1 0 0 0 0 1 0 0 0 0 
0 0 0 0 1 0 0 0 0 1 0 0 0 0 1 0 0 0 0 
0 0 0 0 1 0 0 0 0 1 0 0 0 0 1 0 0 0 0 
0 0 0 0 1 0 0 0 0 1 0 0 0 0 1 0 0 0 0 
0 0 0 0 1 0 0 0 0 1 0 0 0 0 1 0 0 0 0 
0 0 0 0 1 0 0 0 0 1 0 0 0 0 1 0 0 0 0 
0 0 0 0 1 0 0 0 0 1 0 0 0 0 1 0 0 0 0 
0 0 0 0 1 0 0 0 0 1 0 0 0 0 1 0 0 0 0 
0 0 0 0 0 0 0 0 0 0 0 0 0 0 0 0 0 0 0 0 
0 0 0 0 0 0 0 0 0 0 0 0 0 0 0 0 0 0 0 0 
0 0 0 0 0 0 0 0 0 0 0 0 0 0 0 0 0 0 0 0 
0 0 0 0 0 0 0 0 0 0 0 0 0 0 0 0 0 0 0 0 
1 1 1 1 1 1 1 1 1 1 1 1 1 1 1 1 1 1 1 1 
0 0 0 0 0 0 0 0 0 0 0 0 0 0 0 0 0 0 0 0 
0 0 0 0 0 0 0 0 0 0 0 0 0 0 0 0 0 0 0 0 
0 0 0 0 0 0 0 0 0 0 0 0 0 0 0 0 0 0 0 0 
0 0 0 0 0 0 0 0 0 0 0 0 0 0 0 0 0 0 0 0 
1 1 1 1 1 1 1 1 1 1 1 1 1 1 1 1 1 1 1 1 
0 0 0 0 0 0 0 0 0 0 0 0 0 0 0 0 0 0 0 0 
0 0 0 0 0 0 0 0 0 0 0 0 0 0 0 0 0 0 0 0 
0 0 0 0 0 0 0 0 0 0 0 0 0 0 0 0 0 0 0 0 
0 0 0 0 0 0 0 0 0 0 0 0 0 0 0 0 0 0 0 0 
1 1 1 1 1 1 1 1 1 1 1 1 1 1 1 1 1 1 1 1 
0 0 0 0 0 0 0 0 0 0 0 0 0 0 0 0 0 0 0 0 
0 0 0 0 0 0 0 0 0 0 0 0 0 0 0 0 0 0 0 0 
0 0 0 0 0 0 0 0 0 0 0 0 0 0 0 0 0 0 0 0 
0 0 0 0 0 0 0 0 0 0 0 0 0 0 0 0 0 0 0 0 
1 0 0 6
1 0 5 8
1 0 10 6
1 0 10 9
1 0 10 6
1 0 15 6
1 5 0 6
1 5 5 8
1 5 10 6
1 5 15 8
1 5 15 5
1 10 0 8
1 10 5 6
1 10 10 8
1 10 15 8
1 10 15 9
1 15 0 8
1 15 5 6
1 15 10 8
1 15 10 13
1 15 10 6
1 15 15 8
2 15 15
2 5 15
2 15 5
2 10 0
2 5 10
1 0 5 6
2 0 5
1 5 10 6
2 5 10
1 15 5 6
2 15 5
2 10 15
2 0 10
2 10 5
2 5 0
2 15 0
2 10 10
2 5 5
1 10 5 6
2 10 5
1 15 0 8
2 15 0
1 5 10 8
1 5 10 9
1 5 10 6
2 5 10
2 5 15
1 15 5 6
1 15 5 0
2 15 5
1 10 10 8
2 10 10
1 15 15 8
2 15 15
1 15 0 8
2 15 0
2 5 10
2 15 5
1 0 15 11
1 0 15 9
2 0 15
1 15 5 6
2 15 5
1 10 10 8
2 10 10
1 5 15 8
2 5 15
1 10 0 8
2 10 0
2 15 10
1 15 0 8
2 15 0
1 10 0 8
2 10 0
1 0 5 13
1 0 5 11
2 0 5
1 0 0 12
1 0 0 5
2 0 0
1 10 0 8
2 10 0
2 0 5
1 15 5 8
2 15 5
1 15 5 6
2 15 5
2 0 0
1 10 0 8
2 10 0
1 5 5 6
2 5 5
1 15 15 8
1 15 15 5
2 15 15
2 15 15
1 15 5 6
2 15 5
1 5 15 5
2 5 15
1 10 10 6
2 10 10
1 15 0 8
1 15 0 9
1 15 0 8
2 15 0
1 10 10 6
2 10 10
1 5 5 6
2 5 5
2 15 0
2 5 10
2 10 15
1 5 0 6
2 5 0
2 15 0
1 10 10 6
2 10 10
2 0 5
1 0 5 6
2 0 5
1 5 10 8
2 5 10
1 15 5 6
1 15 5 0
1 15 5 6
2 15 5
1 0 5 6
2 0 5
1 5 10 8
1 5 10 9
1 5 10 6
2 5 10
1 5 0 6
2 5 0
1 10 5 6
2 10 5
1 10 15 5
1 10 15 6
1 10 15 5
2 10 15
1 0 15 13
2 0 15
2 0 0
2 15 5
2 5 10
2 15 10
2 5 10
2 0 15
1 5 5 6
2 5 5
1 5 5 8
1 5 5 9
1 5 5 6
2 5 5
2 0 15
1 0 15 6
1 0 15 9
1 0 15 6
2 0 15
1 5 10 8
2 5 10
1 0 5 8
2 0 5
1 0 0 6
1 0 0 12
2 0 0
1 15 0 8
2 15 0
1 10 0 8
2 10 0
2 15 5
1 5 0 6
2 5 0
2 10 15
1 10 10 8
2 10 10
1 10 0 8
2 10 0
1 15 15 8
2 15 15
1 0 0 5
1 0 0 12
2 0 0
1 10 0 8
1 10 0 13
1 10 0 6
2 10 0
1 0 5 6
2 0 5
1 15 0 8
2 15 0
1 10 10 8
2 10 10
1 5 0 6
2 5 0
2 10 15
1 5 0 6
2 5 0
1 0 5 8
2 0 5
2 0 0
2 0 0
1 15 15 8
2 15 15
1 15 5 6
2 15 5
1 5 0 6
2 5 0
1 15 0 8
2 15 0
2 0 15
2 5 5
1 10 15 8
1 10 15 0
2 10 15
2 15 10
1 0 0 6
1 0 0 6
2 0 0
1 5 15 8
2 5 15
1 15 15 8
2 15 15
2 0 15
1 0 5 6
1 0 5 8
2 0 5
1 5 10 6
1 5 10 5
1 5 10 4
2 5 10
1 10 10 8
2 10 10
1 0 15 6
1 0 15 4
1 0 15 6
2 0 15
2 0 15
2 0 5
1 10 10 8
2 10 10
2 10 0
2 5 10
2 0 15
1 15 5 8
2 15 5
1 10 10 8
2 10 10
2 10 15
1 15 0 8
2 15 0
1 5 0 6
2 5 0
2 10 0
1 10 15 8
1 10 15 5
2 10 15
1 5 0 6
2 5 0
1 5 0 6
2 5 0
1 0 15 6
2 0 15
1 5 10 8
2 5 10
1 15 15 8
2 15 15
1 10 5 6
2 10 5
2 5 5
2 10 15
1 5 0 6
2 5 0
1 15 0 8
2 15 0
1 0 15 6
1 0 15 4
2 0 15
1 5 0 6
2 5 0
2 0 10
1 5 0 6
2 5 0
1 0 5 8
1 0 5 6
1 0 5 13
2 0 5
1 15 0 8
1 15 0 9
1 15 0 6
2 15 0
1 0 15 6
2 0 15
1 10 0 8
2 10 0
2 0 5
1 15 15 8
2 15 15
1 5 5 6
2 5 5
2 0 5
1 15 10 8
1 15 10 13
1 15 10 6
2 15 10
1 15 5 6
2 15 5
2 5 10
1 5 10 8
1 5 10 6
2 5 10
1 5 10 5
1 5 10 12
2 5 10
1 15 5 6
2 15 5
2 15 0
2 15 10
1 10 5 6
1 10 5 12
1 10 5 8
2 10 5
2 0 10
2 10 5
2 0 0
2 5 10
1 5 5 8
2 5 5
1 10 0 8
2 10 0
1 5 5 6
2 5 5
2 15 10
1 15 5 6
2 15 5
1 0 0 6
2 0 0
2 5 10
1 10 0 8
2 10 0
1 15 5 8
2 15 5
1 0 10 6
1 0 10 9
1 0 10 6
2 0 10
1 10 15 8
1 10 15 9
2 10 15
1 0 0 6
2 0 0
1 5 10 6
2 5 10
2 15 0
1 10 0 8
2 10 0
1 15 5 6
2 15 5
1 10 0 8
2 10 0
1 10 10 8
2 10 10
1 15 5 6
2 15 5
1 5 10 6
2 5 10
1 10 10 8
2 10 10
1 5 15 8
2 5 15
1 15 5 8
2 15 5
1 15 5 8
2 15 5
1 15 5 6
2 15 5
1 10 0 8
2 10 0
1 10 10 8
2 10 10
2 0 15
1 10 10 8
2 10 10
1 10 0 8
2 10 0
1 15 0 8
2 15 0
1 15 0 8
2 15 0
1 15 0 8
2 15 0
1 0 15 6
1 0 15 4
1 0 15 5
2 0 15
2 10 15
1 15 0 8
1 15 0 9
1 15 0 6
2 15 0
2 0 15
1 10 10 8
2 10 10
1 15 10 8
1 15 10 13
1 15 10 6
2 15 10
2 10 5
1 5 10 6
2 5 10
2 15 0
2 0 15
2 0 10
1 10 10 8
2 10 10
1 0 0 6
1 0 0 6
1 0 0 4
2 0 0
2 15 0
1 5 10 6
2 5 10
2 0 0
1 15 0 8
2 15 0
1 5 10 8
2 5 10
1 5 10 8
2 5 10
1 15 0 8
2 15 0
1 15 15 8
2 15 15
1 0 15 6
2 0 15
1 5 10 6
1 5 10 5
2 5 10
1 0 15 6
1 0 15 4
1 0 15 5
2 0 15
1 10 15 0
1 10 15 6
1 10 15 0
2 10 15
1 15 15 8
2 15 15
2 0 15
1 10 5 6
2 10 5
1 5 5 8
2 5 5
1 15 15 8
2 15 15
2 15 10
1 10 10 8
2 10 10
1 15 15 8
2 15 15
1 10 5 6
2 10 5
1 10 5 6
2 10 5
1 15 15 8
2 15 15
1 5 0 6
2 5 0
1 5 0 6
2 5 0
2 10 15
1 15 15 8
2 15 15
2 5 10
2 0 10
1 15 5 6
2 15 5
1 0 5 8
2 0 5
1 0 10 6
1 0 10 9
1 0 10 6
2 0 10
1 5 0 6
2 5 0
1 15 0 8
2 15 0
2 0 0
1 15 5 6
2 15 5
2 0 15
1 5 15 8
2 5 15
1 5 0 6
2 5 0
1 5 10 6
2 5 10
1 5 5 8
2 5 5
1 5 0 6
2 5 0
2 0 10
1 0 0 6
2 0 0
1 0 0 6
2 0 0
1 15 0 8
1 15 0 9
1 15 0 8
2 15 0
1 5 15 5
1 5 15 8
2 5 15
1 15 5 6
2 15 5
1 0 15 6
2 0 15
1 10 10 8
2 10 10
1 5 0 6
2 5 0
1 0 0 6
2 0 0
1 0 5 8
1 0 5 6
1 0 5 13
2 0 5
2 10 15
2 0 10
1 5 0 6
2 5 0
2 15 0
1 5 0 6
2 5 0
2 15 0
1 10 10 8
2 10 10
2 15 10
1 10 10 8
2 10 10
1 0 10 6
1 0 10 9
2 0 10
1 10 0 8
2 10 0
1 10 0 8
2 10 0
1 15 5 6
2 15 5
1 10 10 8
2 10 10
2 0 10
1 10 0 8
2 10 0
1 10 5 6
2 10 5
1 0 0 6
1 0 0 13
1 0 0 4
2 0 0
1 15 15 8
2 15 15
2 0 5
1 0 15 6
2 0 15
1 5 5 8
2 5 5
1 15 0 8
1 15 0 9
1 15 0 8
2 15 0
1 15 5 8
2 15 5
1 10 10 8
2 10 10
2 15 0
2 5 15
1 5 0 6
2 5 0
1 5 15 5
1 5 15 8
2 5 15
1 5 10 6
1 5 10 5
1 5 10 6
2 5 10
1 15 10 8
1 15 10 13
1 15 10 6
2 15 10
1 15 5 6
2 15 5
1 15 5 6
2 15 5
2 15 10
2 15 0
2 0 5
2 5 10
2 5 15
1 10 0 8
1 10 0 2
2 10 0
1 15 5 6
2 15 5
1 10 10 8
2 10 10
1 5 15 5
1 5 15 8
2 5 15
2 15 10
1 15 15 8
2 15 15
2 5 10
1 0 0 6
1 0 0 6
2 0 0
2 5 15
1 10 10 8
2 10 10
1 5 10 6
1 5 10 5
1 5 10 6
2 5 10
1 15 15 8
2 15 15
1 0 5 6
2 0 5
2 10 0
1 10 10 8
2 10 10
1 15 0 8
1 15 0 9
1 15 0 6
2 15 0
1 0 5 8
2 0 5
1 10 15 8
1 10 15 0
1 10 15 6
2 10 15
1 0 15 6
1 0 15 9
1 0 15 6
2 0 15
1 10 10 6
2 10 10
1 15 15 8
2 15 15
1 15 5 6
1 15 5 0
1 15 5 6
2 15 5
2 15 0
1 0 5 6
2 0 5
1 0 5 8
2 0 5
1 15 10 8
1 15 10 12
1 15 10 2
2 15 10
1 5 0 6
2 5 0
1 5 0 6
2 5 0
2 5 10
2 10 15
2 10 15
2 15 10
1 10 10 8
2 10 10
1 15 15 8
2 15 15
2 0 0
2 0 15
1 0 5 8
2 0 5
2 5 10
1 5 10 8
2 5 10
1 0 10 6
1 0 10 9
1 0 10 8
2 0 10
1 5 10 6
2 5 10
2 0 10
1 5 0 6
2 5 0
1 5 10 6
1 5 10 5
1 5 10 6
2 5 10
1 15 15 8
2 15 15
2 15 0
1 10 0 8
2 10 0
1 10 0 8
2 10 0
1 5 5 8
2 5 5
2 0 15
2 0 10
1 5 0 6
2 5 0
1 0 10 8
1 0 10 9
1 0 10 6
2 0 10
1 5 0 6
2 5 0
1 0 5 8
2 0 5
1 10 0 8
2 10 0
2 5 10
1 10 15 5
1 10 15 6
1 10 15 9
2 10 15
2 15 5
2 10 15
1 5 5 6
2 5 5
1 15 15 8
2 15 15
1 5 5 8
2 5 5
2 10 15
2 15 5
2 0 0
1 10 5 6
2 10 5
2 15 10
2 0 0
1 15 0 8
2 15 0
1 0 5 6
2 0 5
2 5 10
1 0 5 6
2 0 5
1 5 10 6
2 5 10
1 5 10 6
2 5 10
1 5 0 6
2 5 0
1 15 0 8
2 15 0
1 5 10 6
2 5 10
1 0 5 6
2 0 5
1 10 5 6
2 10 5
1 5 10 6
1 5 10 5
1 5 10 6
2 5 10
2 5 10
1 15 5 8
1 15 5 9
1 15 5 6
2 15 5
1 15 15 8
2 15 15
2 5 10
1 0 5 8
2 0 5
1 15 0 8
2 15 0
1 15 15 8
2 15 15
1 0 0 6
1 0 0 4
1 0 0 8
2 0 0
1 15 10 8
1 15 10 13
1 15 10 6
2 15 10
1 15 0 8
1 15 0 9
1 15 0 8
2 15 0
1 0 15 6
1 0 15 11
1 0 15 6
2 0 15
2 15 0
2 0 15
1 15 15 8
2 15 15
1 10 0 8
2 10 0
2 0 0
2 0 10
1 10 15 8
1 10 15 9
2 10 15
1 10 10 8
2 10 10
2 0 0
2 0 15
2 15 5
1 0 5 8
2 0 5
1 15 15 8
2 15 15
2 0 10
2 10 15
1 10 0 8
2 10 0
1 5 15 5
1 5 15 6
1 5 15 5
2 5 15
1 5 0 6
2 5 0
2 5 15
1 15 15 8
2 15 15
1 5 0 6
2 5 0
1 10 5 6
1 10 5 12
1 10 5 13
2 10 5
2 15 10
1 5 5 6
2 5 5
1 0 15 6
2 0 15
2 15 0
2 5 15
2 15 5
1 0 5 8
1 0 5 6
1 0 5 13
2 0 5
1 15 0 8
2 15 0
1 5 15 5
1 5 15 8
2 5 15
1 5 0 6
2 5 0
1 10 15 8
1 10 15 9
2 10 15
1 15 15 8
2 15 15
1 0 15 6
2 0 15
1 0 0 6
1 0 0 4
1 0 0 6
2 0 0
1 5 0 6
2 5 0
1 5 10 8
1 5 10 9
1 5 10 13
2 5 10
1 15 0 8
1 15 0 9
1 15 0 8
2 15 0
2 5 10
2 15 10
1 10 0 2
2 10 0
1 5 0 6
2 5 0
2 0 5
1 10 0 8
2 10 0
2 15 0
1 0 10 6
1 0 10 5
1 0 10 6
2 0 10
1 0 15 6
1 0 15 4
1 0 15 8
2 0 15
2 15 0
1 5 0 6
2 5 0
1 15 0 8
2 15 0
1 5 5 8
2 5 5
2 0 0
1 10 10 8
2 10 10
2 5 10
1 15 0 8
2 15 0
1 15 0 8
2 15 0
1 10 10 8
2 10 10
1 15 5 6
2 15 5
2 10 15
1 15 15 8
1 15 15 8
2 15 15
1 10 10 8
2 10 10
1 10 15 5
1 10 15 6
1 10 15 5
2 10 15
2 0 10
2 0 10
2 0 0
1 10 10 8
2 10 10
2 10 15
2 0 15
2 10 15
1 10 15 5
1 10 15 6
1 10 15 5
2 10 15
2 15 15
2 0 15
1 10 10 8
2 10 10
2 10 15
1 0 0 6
1 0 0 4
1 0 0 8
2 0 0
2 10 5
1 15 0 8
2 15 0
1 15 15 8
2 15 15
1 15 10 8
1 15 10 6
1 15 10 13
2 15 10
1 15 0 8
2 15 0
1 15 15 8
2 15 15
1 15 5 6
2 15 5
2 10 15
1 5 0 6
2 5 0
1 0 10 6
1 0 10 9
1 0 10 6
2 0 10
1 5 5 8
1 5 5 9
1 5 5 8
2 5 5
1 5 0 6
2 5 0
1 5 0 6
2 5 0
1 15 0 8
2 15 0
1 0 15 6
1 0 15 9
1 0 15 6
2 0 15
1 10 10 8
2 10 10
1 5 5 1
1 5 5 1
2 5 5
1 5 0 6
2 5 0
1 10 10 8
2 10 10
1 15 5 6
2 15 5
1 15 15 8
2 15 15
1 15 15 8
2 15 15
2 0 5
1 0 5 8
2 0 5
1 10 10 8
2 10 10
2 0 0
2 0 10
1 15 15 8
2 15 15
1 15 5 6
2 15 5
1 15 0 8
2 15 0
1 10 15 5
1 10 15 6
1 10 15 9
2 10 15
1 10 0 8
2 10 0
2 0 0
1 15 5 6
2 15 5
2 15 10
2 10 15
2 15 10
1 10 0 8
2 10 0
1 5 5 13
1 5 5 8
2 5 5
2 10 5
1 15 5 6
2 15 5
1 10 10 8
2 10 10
1 5 10 6
1 5 10 5
2 5 10
1 5 0 6
2 5 0
1 15 0 8
2 15 0
1 15 0 8
2 15 0
1 15 0 8
2 15 0
1 5 0 6
2 5 0
1 5 0 6
2 5 0
1 10 5 6
2 10 5
1 5 0 6
2 5 0
1 15 15 8
2 15 15
1 15 15 8
2 15 15
1 15 5 6
2 15 5
1 15 5 6
2 15 5
1 15 5 6
2 15 5
1 10 10 8
2 10 10
1 15 15 8
2 15 15
1 0 0 6
2 0 0
1 10 10 8
2 10 10
2 5 10
2 5 5
1 0 5 6
2 0 5
1 0 0 6
1 0 0 6
1 0 0 4
2 0 0
1 10 5 6
2 10 5
1 15 15 8
2 15 15
1 15 10 8
1 15 10 13
1 15 10 6
2 15 10
1 10 10 8
2 10 10
1 15 0 8
2 15 0
1 5 0 6
2 5 0
1 5 0 6
2 5 0
2 5 15
1 0 5 8
2 0 5
2 0 10
1 0 5 8
2 0 5
1 10 5 6
2 10 5
2 0 15
1 5 10 6
2 5 10
1 0 5 8
2 0 5
1 0 5 8
1 0 5 6
1 0 5 13
2 0 5
1 0 10 6
1 0 10 9
1 0 10 8
2 0 10
2 0 0
1 15 0 8
2 15 0
1 5 0 6
2 5 0
2 0 10
2 0 15
1 15 5 8
2 15 5
1 5 10 8
1 5 10 6
1 5 10 5
2 5 10
1 15 15 8
2 15 15
1 10 5 6
2 10 5
1 15 15 8
2 15 15
2 5 10
2 5 10
2 0 5
1 15 5 6
2 15 5
1 0 0 8
2 0 0
1 5 15 8
2 5 15
1 5 10 8
1 5 10 9
1 5 10 6
2 5 10
1 5 0 6
2 5 0
1 15 5 6
2 15 5
1 5 0 6
2 5 0
1 10 10 8
2 10 10
1 5 0 6
2 5 0
1 5 15 8
2 5 15
2 5 5
2 0 0
1 15 0 8
2 15 0
1 10 10 8
2 10 10
1 15 0 8
2 15 0
1 15 0 8
1 15 0 9
1 15 0 8
2 15 0
2 15 0
2 15 10
2 0 5
1 10 10 6
2 10 10
2 0 10
1 10 5 6
2 10 5
1 0 5 6
1 0 5 13
1 0 5 6
2 0 5
1 5 0 6
2 5 0
2 15 0
1 0 15 6
2 0 15
2 5 10
2 0 5
1 15 0 8
1 15 0 5
1 15 0 6
2 15 0
1 0 15 6
2 0 15
1 0 15 6
1 0 15 4
1 0 15 2
2 0 15
2 15 0
1 5 0 6
2 5 0
2 10 15
1 10 5 6
1 10 5 12
1 10 5 8
2 10 5
2 0 5
1 0 10 6
1 0 10 9
1 0 10 6
2 0 10
1 0 0 6
2 0 0
1 10 0 8
2 10 0
1 0 5 8
2 0 5
1 0 5 6
2 0 5
2 10 5
1 10 10 8
2 10 10
1 10 0 8
2 10 0
1 15 5 6
2 15 5
2 15 0
1 15 15 8
2 15 15
1 5 15 5
1 5 15 2
1 5 15 8
2 5 15
1 10 10 8
2 10 10
1 15 5 8
2 15 5
2 5 10
2 0 10
1 10 15 8
1 10 15 0
1 10 15 8
2 10 15
2 0 10
1 10 10 8
2 10 10
1 15 0 8
1 15 0 9
1 15 0 8
2 15 0
2 10 15
2 15 10
1 0 5 6
2 0 5
2 10 5
1 5 10 8
1 5 10 6
1 5 10 5
2 5 10
2 5 10
2 5 10
1 10 0 8
1 10 0 13
1 10 0 6
2 10 0
1 0 5 6
2 0 5
1 10 10 8
2 10 10
2 10 15
2 5 5
1 5 10 8
2 5 10
1 10 15 6
1 10 15 0
2 10 15
1 0 10 6
1 0 10 9
2 0 10
2 0 15
2 5 5
2 0 15
1 0 15 6
1 0 15 4
1 0 15 8
2 0 15
1 5 0 6
2 5 0
1 5 10 6
2 5 10
2 15 0
2 15 0
1 15 15 8
2 15 15
1 5 0 6
2 5 0
1 5 10 6
1 5 10 5
1 5 10 12
2 5 10
1 5 0 6
2 5 0
2 5 10
1 0 5 6
2 0 5
2 10 0
1 15 15 8
2 15 15
2 0 15
1 5 0 6
2 5 0
1 0 5 8
2 0 5
1 15 15 8
2 15 15
2 0 15
2 5 10
1 5 5 6
2 5 5
1 5 10 8
2 5 10
2 10 15
1 10 5 6
2 10 5
1 15 10 6
1 15 10 13
1 15 10 12
2 15 10
1 15 15 8
2 15 15
1 15 0 8
1 15 0 9
1 15 0 8
2 15 0
1 10 15 5
1 10 15 6
1 10 15 9
2 10 15
2 15 0
1 5 10 6
2 5 10
1 10 10 8
2 10 10
1 5 5 8
2 5 5
1 5 0 6
2 5 0
1 5 10 8
2 5 10
2 0 10
1 0 15 6
2 0 15
1 0 15 6
2 0 15
1 0 5 8
2 0 5
2 5 15
1 5 0 6
2 5 0
2 15 0
1 0 5 8
2 0 5
1 0 5 8
2 0 5
1 15 5 6
2 15 5
2 5 15
1 10 5 6
1 10 5 3
1 10 5 6
2 10 5
1 0 15 6
2 0 15
1 0 5 8
1 0 5 6
2 0 5
1 5 0 6
2 5 0
2 10 5
1 15 0 8
2 15 0
1 0 10 6
1 0 10 5
1 0 10 6
2 0 10
1 5 15 8
2 5 15
1 10 10 8
2 10 10
1 5 5 8
2 5 5
1 5 0 6
2 5 0
1 15 5 6
2 15 5
1 5 10 6
2 5 10
1 5 0 6
2 5 0
2 0 5
1 0 5 8
2 0 5
1 5 5 8
2 5 5
1 0 15 6
2 0 15
2 10 0
1 15 10 5
2 15 10
1 0 15 6
2 0 15
1 5 0 6
2 5 0
1 15 0 8
2 15 0
2 10 5
1 15 0 8
2 15 0
1 0 15 6
2 0 15
1 15 5 6
1 15 5 5
1 15 5 6
2 15 5
1 5 10 6
2 5 10
2 15 10
1 0 15 6
2 0 15
2 15 10
2 10 15
1 0 5 8
2 0 5
1 5 0 6
2 5 0
2 15 5
1 5 15 5
2 5 15
1 5 10 6
2 5 10
1 5 0 6
2 5 0
1 10 0 8
1 10 0 13
1 10 0 6
2 10 0
1 15 15 8
2 15 15
1 15 15 8
2 15 15
1 5 15 8
2 5 15
2 15 5
1 5 0 6
2 5 0
1 5 10 6
2 5 10
1 15 0 8
2 15 0
1 0 15 6
2 0 15
1 0 15 6
1 0 15 9
1 0 15 6
2 0 15
1 0 0 6
2 0 0
1 15 0 8
1 15 0 5
1 15 0 6
2 15 0
2 10 0
1 15 15 8
2 15 15
2 0 15
1 5 10 8
1 5 10 9
1 5 10 6
2 5 10
1 5 15 8
2 5 15
1 15 10 8
2 15 10
1 10 10 6
2 10 10
1 0 5 6
2 0 5
1 10 10 8
2 10 10
1 5 5 6
2 5 5
2 0 10
1 15 15 8
2 15 15
2 0 10
1 5 5 8
2 5 5
2 5 10
1 15 5 6
2 15 5
2 5 10
1 15 15 8
2 15 15
2 10 0
1 10 0 8
2 10 0
1 10 0 8
2 10 0
1 15 15 8
2 15 15
1 10 5 6
2 10 5
1 0 5 8
2 0 5
1 10 10 8
2 10 10
1 10 0 8
2 10 0
1 0 10 6
1 0 10 5
1 0 10 6
2 0 10
1 0 0 6
2 0 0
2 0 10
1 0 5 8
2 0 5
2 15 0
1 10 10 8
2 10 10
1 0 0 6
2 0 0
1 5 0 6
2 5 0
1 10 0 8
1 10 0 2
2 10 0
1 15 5 6
2 15 5
1 10 10 8
2 10 10
1 0 0 6
2 0 0
1 5 10 6
2 5 10
1 0 5 6
1 0 5 13
1 0 5 6
2 0 5
1 0 0 6
2 0 0
1 5 10 6
2 5 10
2 0 5
2 0 10
1 15 15 8
2 15 15
2 15 0
2 0 5
2 10 0
1 15 15 8
2 15 15
1 15 5 6
1 15 5 0
1 15 5 6
2 15 5
1 15 15 8
2 15 15
1 15 0 8
2 15 0
2 10 15
1 15 0 8
2 15 0
1 10 10 8
2 10 10
1 5 15 5
1 5 15 8
2 5 15
1 10 10 6
2 10 10
1 0 10 6
1 0 10 9
1 0 10 6
2 0 10
1 15 0 8
1 15 0 5
1 15 0 6
2 15 0
1 5 0 6
2 5 0
1 0 5 8
2 0 5
1 15 15 8
1 15 15 6
1 15 15 5
2 15 15
1 10 10 6
2 10 10
2 0 10
2 15 15
1 5 10 6
2 5 10
2 15 5
1 10 5 6
1 10 5 13
1 10 5 12
2 10 5
1 10 0 8
2 10 0
2 15 0
2 15 0
1 10 5 6
1 10 5 6
2 10 5
1 15 0 8
1 15 0 9
1 15 0 6
2 15 0
2 15 0
1 5 0 6
2 5 0
1 10 10 8
2 10 10
1 15 10 8
1 15 10 3
1 15 10 6
2 15 10
1 0 0 6
2 0 0
2 10 5
2 15 0
1 10 0 8
2 10 0
1 0 5 8
2 0 5
2 10 5
2 15 15
2 15 10
1 15 0 8
2 15 0
2 15 10
1 5 0 6
2 5 0
2 0 10
1 15 0 8
2 15 0
1 5 5 6
1 5 5 1
1 5 5 8
2 5 5
1 5 0 6
2 5 0
2 15 5
1 10 0 8
1 10 0 13
1 10 0 6
2 10 0
1 5 10 6
1 5 10 5
1 5 10 6
2 5 10
2 0 15
1 5 0 6
2 5 0
1 0 5 8
2 0 5
1 15 10 6
1 15 10 13
1 15 10 6
2 15 10
1 0 15 6
2 0 15
2 5 10
1 0 10 6
1 0 10 9
2 0 10
1 15 0 8
2 15 0
2 10 5
1 10 5 6
2 10 5
2 5 10
2 5 5
1 10 15 8
1 10 15 9
2 10 15
2 5 15
1 0 5 6
2 0 5
1 15 0 8
2 15 0
2 10 0
1 5 10 6
1 5 10 6
2 5 10
2 5 10
1 15 0 8
1 15 0 9
1 15 0 8
2 15 0
1 10 10 8
2 10 10
1 0 15 6
2 0 15
1 5 15 8
1 5 15 5
2 5 15
2 0 10
1 0 0 6
1 0 0 6
1 0 0 4
2 0 0
2 15 0
1 5 10 6
2 5 10
1 5 10 6
2 5 10
1 5 10 6
2 5 10
1 10 5 6
2 10 5
1 10 5 6
1 10 5 3
1 10 5 6
2 10 5
2 15 0
1 10 10 6
2 10 10
2 10 5
1 10 10 8
2 10 10
1 0 5 8
2 0 5
1 5 10 6
1 5 10 5
1 5 10 6
2 5 10
1 15 0 8
2 15 0
2 0 0
2 10 0
2 5 10
1 0 5 6
2 0 5
1 0 5 8
2 0 5
1 15 15 8
1 15 15 5
1 15 15 6
2 15 15
2 5 10
1 0 15 6
2 0 15
1 0 15 6
2 0 15
1 10 0 8
2 10 0
1 0 10 6
1 0 10 9
2 0 10
1 0 5 6
1 0 5 13
1 0 5 6
2 0 5
1 5 10 6
2 5 10
1 15 5 8
1 15 5 9
1 15 5 6
2 15 5
2 0 5
2 15 10
2 0 5
2 15 5
1 10 10 8
2 10 10
2 15 5
2 0 10
1 10 10 6
2 10 10
1 5 5 8
1 5 5 6
2 5 5
1 5 0 6
2 5 0
2 5 5
1 0 5 8
2 0 5
1 0 5 6
2 0 5
1 0 10 6
1 0 10 9
2 0 10
2 0 10
1 15 5 6
2 15 5
2 0 0
2 5 15
2 10 5
1 0 5 8
2 0 5
1 5 0 6
2 5 0
1 5 0 6
2 5 0
1 0 5 8
2 0 5
1 5 10 6
2 5 10
2 5 5
1 0 15 6
2 0 15
1 10 5 6
1 10 5 12
1 10 5 3
2 10 5
1 5 15 8
2 5 15
2 10 15
1 15 0 8
2 15 0
1 0 0 6
2 0 0
1 5 0 6
2 5 0
1 15 0 8
2 15 0
1 0 0 6
2 0 0
1 0 5 8
2 0 5
1 5 5 6
2 5 5
1 0 0 6
2 0 0
1 0 5 8
2 0 5
1 0 10 6
1 0 10 5
1 0 10 6
2 0 10
1 15 5 8
1 15 5 9
1 15 5 6
2 15 5
2 15 15
1 5 0 6
2 5 0
2 15 15
2 15 10
1 5 0 6
2 5 0
1 5 10 6
2 5 10
1 0 15 6
2 0 15
1 15 0 8
2 15 0
1 0 5 8
2 0 5
1 0 5 6
2 0 5
1 5 0 6
2 5 0
1 10 0 8
1 10 0 2
2 10 0
1 15 15 8
2 15 15
1 0 15 6
2 0 15
1 10 5 5
1 10 5 12
2 10 5
1 10 10 8
2 10 10
2 0 10
2 10 0
1 0 15 6
2 0 15
1 5 10 6
2 5 10
2 0 10
1 0 0 6
1 0 0 12
1 0 0 8
2 0 0
1 0 5 6
1 0 5 13
1 0 5 4
2 0 5
1 0 15 6
1 0 15 6
1 0 15 4
2 0 15
2 0 15
1 15 0 8
1 15 0 5
2 15 0
1 15 10 8
1 15 10 13
1 15 10 6
2 15 10
1 5 10 8
1 5 10 6
1 5 10 5
2 5 10
2 10 5
1 15 15 8
2 15 15
1 10 15 5
1 10 15 6
1 10 15 5
2 10 15
1 5 5 8
2 5 5
1 5 5 8
2 5 5
1 10 0 8
2 10 0
1 15 15 8
2 15 15
1 5 0 6
2 5 0
2 15 10
1 10 10 8
2 10 10
1 10 0 8
2 10 0
2 15 5
2 15 0
2 15 10
2 10 15
1 10 10 8
2 10 10
1 0 10 6
1 0 10 5
2 0 10
2 15 5
1 10 10 6
2 10 10
2 0 10
1 15 10 8
2 15 10
1 15 15 8
2 15 15
1 5 0 6
2 5 0
1 15 0 8
2 15 0
1 10 10 8
2 10 10
2 0 5
1 10 10 8
2 10 10
1 15 0 8
2 15 0
1 5 0 6
2 5 0
1 15 0 8
2 15 0
1 0 10 6
1 0 10 9
2 0 10
2 10 5
1 5 15 8
2 5 15
1 5 0 6
2 5 0
2 5 10
1 5 15 8
1 5 15 5
2 5 15
2 0 15
1 5 10 6
2 5 10
2 0 0
2 10 5
2 0 0
1 15 0 8
1 15 0 5
1 15 0 6
2 15 0
1 10 10 8
2 10 10
1 15 10 8
1 15 10 13
2 15 10
1 0 15 6
2 0 15
1 15 5 6
2 15 5
1 10 10 8
2 10 10
1 10 10 6
2 10 10
2 5 10
1 5 5 6
2 5 5
1 0 15 6
2 0 15
1 0 5 8
2 0 5
1 10 5 6
2 10 5
2 10 15
1 0 0 6
1 0 0 12
1 0 0 6
2 0 0
1 10 5 6
2 10 5
