0 0 0 0 1 0 0 0 0 1 0 0 0 0 1 0 0 0 0 
0 0 0 0 1 0 0 0 0 1 0 0 0 0 1 0 0 0 0 
0 0 0 0 1 0 0 0 0 1 0 0 0 0 1 0 0 0 0 
0 0 0 0 1 0 0 0 0 1 0 0 0 0 1 0 0 0 0 
0 0 0 0 1 0 0 0 0 1 0 0 0 0 1 0 0 0 0 
0 0 0 0 1 0 0 0 0 1 0 0 0 0 1 0 0 0 0 
0 0 0 0 1 0 0 0 0 1 0 0 0 0 1 0 0 0 0 
0 0 0 0 1 0 0 0 0 1 0 0 0 0 1 0 0 0 0 
0 0 0 0 1 0 0 0 0 1 0 0 0 0 1 0 0 0 0 
0 0 0 0 1 0 0 0 0 1 0 0 0 0 1 0 0 0 0 
0 0 0 0 1 0 0 0 0 1 0 0 0 0 1 0 0 0 0 
0 0 0 0 1 0 0 0 0 1 0 0 0 0 1 0 0 0 0 
0 0 0 0 1 0 0 0 0 1 0 0 0 0 1 0 0 0 0 
0 0 0 0 1 0 0 0 0 1 0 0 0 0 1 0 0 0 0 
0 0 0 0 1 0 0 0 0 1 0 0 0 0 1 0 0 0 0 
0 0 0 0 1 0 0 0 0 1 0 0 0 0 1 0 0 0 0 
0 0 0 0 1 0 0 0 0 1 0 0 0 0 1 0 0 0 0 
0 0 0 0 1 0 0 0 0 1 0 0 0 0 1 0 0 0 0 
0 0 0 0 1 0 0 0 0 1 0 0 0 0 1 0 0 0 0 
0 0 0 0 1 0 0 0 0 1 0 0 0 0 1 0 0 0 0 
0 0 0 0 0 0 0 0 0 0 0 0 0 0 0 0 0 0 0 0 
0 0 0 0 0 0 0 0 0 0 0 0 0 0 0 0 0 0 0 0 
0 0 0 0 0 0 0 0 0 0 0 0 0 0 0 0 0 0 0 0 
0 0 0 0 0 0 0 0 0 0 0 0 0 0 0 0 0 0 0 0 
1 1 1 1 1 1 1 1 1 1 1 1 1 1 1 1 1 1 1 1 
0 0 0 0 0 0 0 0 0 0 0 0 0 0 0 0 0 0 0 0 
0 0 0 0 0 0 0 0 0 0 0 0 0 0 0 0 0 0 0 0 
0 0 0 0 0 0 0 0 0 0 0 0 0 0 0 0 0 0 0 0 
0 0 0 0 0 0 0 0 0 0 0 0 0 0 0 0 0 0 0 0 
1 1 1 1 1 1 1 1 1 1 1 1 1 1 1 1 1 1 1 1 
0 0 0 0 0 0 0 0 0 0 0 0 0 0 0 0 0 0 0 0 
0 0 0 0 0 0 0 0 0 0 0 0 0 0 0 0 0 0 0 0 
0 0 0 0 0 0 0 0 0 0 0 0 0 0 0 0 0 0 0 0 
0 0 0 0 0 0 0 0 0 0 0 0 0 0 0 0 0 0 0 0 
1 1 1 1 1 1 1 1 1 1 1 1 1 1 1 1 1 1 1 1 
0 0 0 0 0 0 0 0 0 0 0 0 0 0 0 0 0 0 0 0 
0 0 0 0 0 0 0 0 0 0 0 0 0 0 0 0 0 0 0 0 
0 0 0 0 0 0 0 0 0 0 0 0 0 0 0 0 0 0 0 0 
0 0 0 0 0 0 0 0 0 0 0 0 0 0 0 0 0 0 0 0 
1 0 0 0
1 0 0 1
1 0 5 0
1 0 5 3
1 0 5 1
1 0 10 1
1 0 10 0
1 0 10 1
1 0 10 1
1 0 15 1
1 0 15 3
1 0 15 0
1 0 15 1
1 5 0 3
1 5 0 0
1 5 0 3
1 5 0 3
1 5 5 0
1 5 5 1
1 5 10 1
1 5 10 1
1 5 10 0
1 5 10 1
1 5 10 1
1 5 15 1
1 5 15 0
1 5 15 3
1 5 15 1
1 5 15 1
1 10 0 3
1 10 0 1
1 10 5 1
1 10 5 2
1 10 5 0
1 10 5 1
1 10 10 0
1 10 10 1
1 10 10 3
1 10 10 0
1 10 10 0
1 10 15 1
1 10 15 0
1 10 15 1
1 15 0 1
1 15 0 3
1 15 5 2
1 15 5 1
1 15 10 0
1 15 10 3
1 15 10 1
1 15 15 0
1 15 15 1
1 15 15 0
1 15 15 0
1 0 0 1
1 0 0 3
1 0 0 0
1 0 0 1
2 0 0
2 10 0
1 0 10 1
1 0 10 3
1 0 10 2
2 0 10
1 15 10 0
1 15 10 3
1 15 10 0
2 15 10
2 10 5
2 10 15
2 10 15
2 10 10
1 5 10 2
1 5 10 1
1 5 10 2
1 5 10 1
2 5 10
1 10 0 3
2 10 0
1 10 15 0
1 10 15 1
2 10 15
1 5 5 0
2 5 5
2 15 10
2 10 10
1 5 10 3
1 5 10 1
1 5 10 1
1 5 10 1
2 5 10
2 10 15
2 10 5
2 15 15
1 10 15 1
2 10 15
1 5 5 1
2 5 5
2 15 10
2 10 5
2 0 15
2 5 10
2 0 5
1 5 0 1
1 5 0 3
2 5 0
2 5 10
1 10 0 1
1 10 0 3
1 10 0 0
2 10 0
1 15 0 0
2 15 0
2 15 15
2 5 10
1 10 5 1
2 10 5
1 10 15 1
2 10 15
1 10 15 0
1 10 15 1
2 10 15
1 15 5 0
1 15 5 2
2 15 5
2 15 10
1 0 5 3
1 0 5 0
2 0 5
1 15 0 3
1 15 0 1
2 15 0
1 10 5 2
1 10 5 1
2 10 5
2 0 0
1 15 10 3
1 15 10 0
2 15 10
1 10 5 1
1 10 5 0
1 10 5 1
1 10 5 2
2 10 5
1 0 5 1
1 0 5 3
1 0 5 1
2 0 5
2 15 15
2 0 15
1 10 5 0
1 10 5 2
1 10 5 0
1 10 5 2
2 10 5
2 10 15
2 0 15
2 0 5
2 10 5
2 10 5
2 0 5
2 0 0
2 0 10
2 15 5
2 10 5
2 0 10
1 10 0 3
1 10 0 0
1 10 0 3
2 10 0
2 5 15
2 5 10
1 5 5 0
1 5 5 2
1 5 5 0
1 5 5 0
2 5 5
1 15 15 0
1 15 15 1
1 15 15 0
2 15 15
2 15 15
2 15 0
2 10 10
2 15 15
1 0 5 0
1 0 5 3
2 0 5
2 10 5
2 15 0
2 10 10
1 15 10 0
2 15 10
1 5 0 3
1 5 0 3
1 5 0 3
1 5 0 3
2 5 0
2 15 5
1 15 5 2
1 15 5 1
2 15 5
2 0 10
1 0 5 1
2 0 5
2 10 5
2 5 15
2 0 5
2 0 5
2 5 5
1 15 0 3
1 15 0 1
2 15 0
1 15 5 0
1 15 5 2
2 15 5
1 15 5 1
1 15 5 2
1 15 5 1
1 15 5 2
2 15 5
1 15 15 0
2 15 15
1 5 0 1
2 5 0
1 10 0 1
1 10 0 3
2 10 0
2 10 5
1 10 5 1
2 10 5
1 0 15 1
2 0 15
1 5 5 2
1 5 5 2
2 5 5
2 10 0
2 5 0
1 15 15 1
1 15 15 0
2 15 15
2 15 15
1 0 5 3
1 0 5 0
2 0 5
2 5 10
1 10 15 1
2 10 15
2 10 5
1 15 5 0
1 15 5 0
1 15 5 2
2 15 5
2 0 10
2 15 5
2 0 10
1 5 5 0
1 5 5 0
2 5 5
1 10 5 2
2 10 5
1 0 10 1
2 0 10
1 10 5 1
1 10 5 0
1 10 5 1
2 10 5
1 10 15 1
1 10 15 0
1 10 15 1
2 10 15
2 5 15
1 5 5 1
1 5 5 1
1 5 5 1
2 5 5
1 15 15 0
2 15 15
1 15 10 3
1 15 10 0
2 15 10
2 10 0
1 15 15 0
1 15 15 1
2 15 15
2 10 0
1 0 10 0
1 0 10 1
2 0 10
2 10 5
1 10 10 0
2 10 10
2 0 0
1 0 10 1
1 0 10 1
1 0 10 1
2 0 10
2 15 0
2 5 15
1 5 10 2
1 5 10 0
1 5 10 2
1 5 10 1
2 5 10
1 15 0 1
2 15 0
1 0 15 0
1 0 15 3
1 0 15 1
2 0 15
1 0 10 0
1 0 10 3
1 0 10 2
2 0 10
2 0 0
2 10 5
1 5 15 1
2 5 15
1 15 15 0
2 15 15
2 10 0
1 15 0 3
1 15 0 0
2 15 0
2 10 0
1 5 0 3
1 5 0 3
1 5 0 3
2 5 0
1 5 15 1
2 5 15
2 0 5
2 10 15
2 0 10
2 10 15
1 5 15 0
1 5 15 1
1 5 15 3
1 5 15 1
2 5 15
2 15 15
2 0 5
2 5 15
2 0 10
2 5 5
1 10 15 0
1 10 15 1
2 10 15
1 5 5 0
1 5 5 0
2 5 5
1 0 0 1
1 0 0 0
2 0 0
2 5 5
1 5 10 1
1 5 10 1
1 5 10 1
1 5 10 1
2 5 10
2 10 15
1 10 0 1
1 10 0 3
2 10 0
1 10 15 1
2 10 15
2 0 0
2 10 0
2 5 10
2 5 15
2 5 10
2 0 15
2 0 15
1 10 0 3
1 10 0 0
1 10 0 3
2 10 0
1 0 15 1
2 0 15
2 0 10
1 10 5 1
2 10 5
1 15 15 1
1 15 15 0
2 15 15
1 15 0 1
2 15 0
1 10 0 0
2 10 0
2 5 10
1 15 15 0
2 15 15
1 10 5 2
1 10 5 0
1 10 5 1
2 10 5
1 10 10 1
2 10 10
1 0 5 0
2 0 5
1 0 15 1
1 0 15 3
1 0 15 0
1 0 15 1
2 0 15
1 0 0 1
2 0 0
2 5 5
2 5 5
2 10 5
1 10 15 1
1 10 15 0
1 10 15 1
2 10 15
1 0 0 0
2 0 0
1 15 10 1
2 15 10
1 0 0 1
1 0 0 0
1 0 0 3
1 0 0 1
2 0 0
2 0 15
1 5 0 2
2 5 0
2 15 10
1 0 0 0
1 0 0 2
1 0 0 0
2 0 0
2 15 0
2 0 10
1 15 5 2
1 15 5 1
1 15 5 2
1 15 5 1
2 15 5
2 0 15
2 5 10
1 10 10 0
1 10 10 3
1 10 10 1
1 10 10 0
2 10 10
2 10 5
1 0 0 1
1 0 0 3
1 0 0 1
1 0 0 1
2 0 0
2 0 0
2 0 0
1 5 5 0
1 5 5 2
1 5 5 0
2 5 5
1 0 5 3
1 0 5 1
2 0 5
1 15 0 3
1 15 0 1
2 15 0
1 5 0 3
1 5 0 3
1 5 0 3
1 5 0 3
2 5 0
2 0 10
2 10 10
2 15 15
2 10 0
1 10 0 3
1 10 0 1
1 10 0 3
2 10 0
1 0 10 1
2 0 10
1 10 15 0
2 10 15
2 0 5
1 10 0 1
2 10 0
2 10 10
2 10 15
2 5 10
1 10 5 1
1 10 5 2
2 10 5
2 5 10
2 0 15
1 0 10 1
2 0 10
1 15 15 0
2 15 15
2 10 10
1 0 15 0
2 0 15
1 0 15 1
1 0 15 3
1 0 15 1
2 0 15
1 10 0 3
1 10 0 3
2 10 0
1 15 15 0
2 15 15
1 10 0 1
2 10 0
2 5 0
2 0 15
1 0 10 1
1 0 10 0
2 0 10
2 5 15
2 10 0
2 10 5
1 15 15 1
1 15 15 0
2 15 15
1 0 10 1
1 0 10 1
2 0 10
1 0 15 0
2 0 15
2 15 15
1 15 10 0
1 15 10 3
1 15 10 0
2 15 10
2 15 5
2 5 10
2 10 0
1 0 10 0
1 0 10 1
1 0 10 3
1 0 10 2
2 0 10
1 10 5 0
1 10 5 2
2 10 5
2 0 10
1 0 0 0
1 0 0 0
1 0 0 0
2 0 0
2 15 0
1 0 15 3
1 0 15 1
1 0 15 1
2 0 15
1 15 5 2
1 15 5 2
1 15 5 2
1 15 5 2
2 15 5
2 0 15
1 0 15 0
2 0 15
1 0 15 1
1 0 15 3
1 0 15 1
2 0 15
2 10 15
2 0 0
2 15 5
1 5 15 1
2 5 15
2 10 0
1 10 10 0
2 10 10
2 0 0
2 15 5
1 0 5 0
1 0 5 3
2 0 5
1 15 0 1
2 15 0
2 5 5
1 5 15 0
1 5 15 1
1 5 15 3
1 5 15 2
2 5 15
2 5 10
2 0 0
1 10 5 1
1 10 5 1
2 10 5
1 15 10 3
1 15 10 1
2 15 10
2 5 10
1 15 15 0
1 15 15 1
2 15 15
2 0 0
2 0 0
2 5 0
2 5 10
2 5 0
1 10 15 1
2 10 15
2 5 5
2 0 0
2 5 10
2 0 15
2 10 5
2 0 10
1 10 15 0
1 10 15 1
2 10 15
2 5 15
1 0 5 1
2 0 5
2 0 10
2 5 5
2 10 15
2 10 0
1 5 10 1
1 5 10 0
1 5 10 1
2 5 10
1 0 0 1
1 0 0 3
1 0 0 0
2 0 0
1 5 0 0
2 5 0
1 15 0 1
1 15 0 3
2 15 0
2 5 10
2 15 0
1 10 10 0
2 10 10
1 10 0 3
1 10 0 0
2 10 0
1 0 15 0
2 0 15
2 0 10
1 0 10 1
1 0 10 1
2 0 10
1 15 15 0
1 15 15 0
1 15 15 0
2 15 15
1 0 15 1
1 0 15 3
1 0 15 1
2 0 15
2 0 15
2 0 5
1 10 15 1
2 10 15
2 5 10
1 10 15 0
1 10 15 1
2 10 15
2 10 15
1 0 0 2
1 0 0 0
1 0 0 0
2 0 0
1 15 0 1
1 15 0 3
2 15 0
2 15 5
2 0 0
1 0 15 0
1 0 15 3
1 0 15 0
2 0 15
2 0 0
1 10 10 1
1 10 10 3
1 10 10 0
1 10 10 0
2 10 10
2 15 15
1 0 0 1
1 0 0 3
1 0 0 1
1 0 0 1
2 0 0
1 0 10 0
1 0 10 1
2 0 10
2 15 15
1 10 5 0
1 10 5 1
2 10 5
2 5 5
2 0 15
1 0 10 0
2 0 10
2 15 5
1 0 5 0
2 0 5
1 0 15 1
2 0 15
1 0 0 0
1 0 0 0
1 0 0 0
1 0 0 0
2 0 0
2 15 5
2 10 10
2 0 0
2 15 15
1 10 5 2
1 10 5 1
1 10 5 2
1 10 5 1
2 10 5
1 10 15 1
2 10 15
2 10 5
1 10 5 0
1 10 5 0
1 10 5 2
2 10 5
1 0 0 3
1 0 0 1
1 0 0 1
2 0 0
1 10 15 1
1 10 15 0
1 10 15 1
2 10 15
1 5 15 1
1 5 15 3
1 5 15 1
1 5 15 1
2 5 15
1 5 10 1
2 5 10
2 5 15
2 5 15
1 10 15 0
1 10 15 1
2 10 15
2 5 0
2 10 5
1 5 10 1
2 5 10
2 0 15
1 0 10 1
1 0 10 1
1 0 10 1
1 0 10 3
2 0 10
2 0 15
2 0 15
2 5 5
2 0 10
1 0 10 2
1 0 10 1
1 0 10 1
1 0 10 1
2 0 10
1 5 5 1
1 5 5 0
2 5 5
1 15 15 0
1 15 15 1
1 15 15 0
2 15 15
2 5 5
2 0 10
1 0 5 3
1 0 5 1
2 0 5
2 10 15
2 5 5
1 10 0 1
1 10 0 3
2 10 0
1 15 0 0
1 15 0 3
1 15 0 1
1 15 0 3
2 15 0
1 15 5 0
1 15 5 1
2 15 5
2 0 5
2 5 15
1 5 10 1
1 5 10 0
1 5 10 1
2 5 10
2 0 0
1 10 5 1
1 10 5 1
1 10 5 1
1 10 5 1
2 10 5
2 15 5
2 0 0
1 10 0 3
2 10 0
2 10 0
1 0 5 3
2 0 5
2 15 10
2 15 15
2 0 10
1 10 5 2
1 10 5 0
1 10 5 2
1 10 5 0
2 10 5
1 5 5 1
1 5 5 0
2 5 5
1 5 5 0
2 5 5
2 0 15
2 15 5
1 5 0 3
1 5 0 3
1 5 0 3
1 5 0 3
2 5 0
1 10 0 0
1 10 0 3
2 10 0
2 0 10
1 0 15 1
1 0 15 3
1 0 15 1
2 0 15
1 15 0 1
2 15 0
2 5 5
2 15 10
2 5 15
1 0 15 0
2 0 15
2 0 10
2 5 10
1 5 5 0
1 5 5 2
2 5 5
1 0 10 3
1 0 10 1
1 0 10 1
1 0 10 1
2 0 10
2 5 15
1 10 10 0
1 10 10 1
1 10 10 0
2 10 10
1 5 10 1
1 5 10 1
1 5 10 1
2 5 10
1 10 10 3
1 10 10 1
2 10 10
1 5 5 1
1 5 5 0
1 5 5 1
2 5 5
1 0 10 2
1 0 10 0
2 0 10
1 10 10 0
1 10 10 0
1 10 10 0
1 10 10 1
2 10 10
2 10 5
2 10 10
1 5 0 2
2 5 0
2 15 10
2 10 15
1 5 5 0
1 5 5 0
2 5 5
1 0 0 2
1 0 0 2
2 0 0
2 5 10
2 5 10
1 10 0 1
1 10 0 3
2 10 0
1 0 5 0
2 0 5
1 15 15 0
2 15 15
1 10 0 3
2 10 0
1 0 0 3
1 0 0 3
1 0 0 0
1 0 0 0
2 0 0
2 5 10
2 0 15
2 10 15
1 10 0 1
2 10 0
2 0 10
1 10 15 1
1 10 15 0
2 10 15
2 0 0
2 15 15
1 15 15 1
1 15 15 0
2 15 15
2 0 0
1 5 10 1
2 5 10
2 10 0
2 15 0
1 0 0 2
1 0 0 2
1 0 0 0
1 0 0 0
2 0 0
1 0 15 3
1 0 15 1
2 0 15
1 15 10 0
2 15 10
1 5 15 1
2 5 15
2 0 15
1 5 15 1
2 5 15
1 15 5 2
1 15 5 2
1 15 5 2
1 15 5 2
2 15 5
2 0 15
2 10 15
2 15 10
1 15 15 0
1 15 15 0
1 15 15 0
2 15 15
2 10 5
1 10 10 3
1 10 10 1
2 10 10
2 0 15
1 15 5 3
1 15 5 2
1 15 5 2
1 15 5 1
2 15 5
2 10 5
1 0 15 1
2 0 15
2 5 0
2 5 0
1 10 10 0
1 10 10 0
1 10 10 0
1 10 10 0
2 10 10
1 0 15 1
2 0 15
1 5 10 1
1 5 10 2
1 5 10 1
1 5 10 0
2 5 10
2 0 10
2 10 5
2 10 0
1 10 10 3
1 10 10 1
1 10 10 3
1 10 10 1
2 10 10
2 0 0
1 10 15 1
2 10 15
1 0 15 3
1 0 15 0
1 0 15 1
2 0 15
2 0 15
1 10 5 1
1 10 5 2
1 10 5 1
1 10 5 1
2 10 5
2 0 0
2 0 15
1 10 15 1
2 10 15
1 10 15 0
1 10 15 1
1 10 15 1
2 10 15
1 0 15 1
2 0 15
1 5 15 1
1 5 15 3
1 5 15 2
2 5 15
2 10 5
2 15 15
1 10 10 0
1 10 10 0
1 10 10 0
1 10 10 0
2 10 10
1 0 5 1
1 0 5 3
2 0 5
2 0 10
2 0 10
2 15 15
2 5 0
2 0 10
1 0 15 0
1 0 15 3
1 0 15 1
2 0 15
2 10 15
2 10 0
2 15 15
2 0 15
2 0 0
1 10 10 0
1 10 10 0
1 10 10 0
1 10 10 0
2 10 10
1 0 0 3
2 0 0
2 5 15
1 10 15 0
1 10 15 1
2 10 15
2 10 5
2 0 0
2 10 15
2 0 10
1 5 15 0
2 5 15
1 0 0 2
1 0 0 1
1 0 0 1
1 0 0 1
2 0 0
2 15 10
2 5 10
2 15 0
1 0 0 3
1 0 0 0
1 0 0 3
1 0 0 0
2 0 0
2 15 0
2 15 5
2 10 10
2 0 10
1 5 15 1
2 5 15
1 0 15 1
1 0 15 3
1 0 15 1
2 0 15
2 10 5
2 0 0
1 15 15 0
1 15 15 1
1 15 15 0
2 15 15
2 10 5
1 10 10 3
1 10 10 3
2 10 10
2 5 10
2 10 5
1 15 15 0
1 15 15 3
1 15 15 2
1 15 15 0
2 15 15
1 5 15 1
2 5 15
2 15 15
2 10 15
1 5 0 3
1 5 0 3
1 5 0 3
1 5 0 3
2 5 0
2 5 5
2 15 15
1 5 10 1
1 5 10 1
1 5 10 1
2 5 10
2 0 0
1 15 5 0
1 15 5 2
1 15 5 2
1 15 5 0
2 15 5
1 10 0 3
2 10 0
2 15 5
1 5 5 2
1 5 5 1
2 5 5
2 0 10
1 10 0 3
1 10 0 1
1 10 0 3
2 10 0
1 15 5 2
1 15 5 2
1 15 5 2
1 15 5 2
2 15 5
1 0 10 1
2 0 10
2 0 0
1 10 15 1
2 10 15
2 10 10
2 10 5
2 10 10
2 10 5
1 0 10 1
2 0 10
1 10 15 0
1 10 15 1
2 10 15
2 0 0
2 10 5
2 0 15
2 15 15
1 5 0 2
2 5 0
1 10 0 0
1 10 0 3
2 10 0
2 10 15
1 15 15 0
1 15 15 0
1 15 15 2
1 15 15 0
2 15 15
2 5 10
1 10 10 1
1 10 10 1
1 10 10 1
1 10 10 3
2 10 10
1 0 10 1
2 0 10
2 10 5
1 5 15 0
1 5 15 3
1 5 15 1
2 5 15
2 5 5
2 5 0
1 0 0 0
1 0 0 0
1 0 0 0
1 0 0 0
2 0 0
2 10 0
1 15 5 2
1 15 5 2
1 15 5 2
1 15 5 2
2 15 5
2 0 0
1 10 15 1
2 10 15
2 15 0
2 0 5
2 5 10
2 0 15
1 15 0 1
2 15 0
1 10 15 0
1 10 15 1
2 10 15
1 0 10 1
1 0 10 0
1 0 10 1
2 0 10
1 0 15 0
2 0 15
2 10 0
2 5 5
2 5 5
2 10 0
1 0 15 1
1 0 15 3
1 0 15 1
2 0 15
2 5 0
1 0 0 2
1 0 0 2
1 0 0 1
1 0 0 1
2 0 0
1 0 0 3
1 0 0 3
1 0 0 0
1 0 0 0
2 0 0
2 15 15
1 10 5 0
1 10 5 2
2 10 5
2 10 5
1 5 15 1
2 5 15
1 15 15 1
1 15 15 0
1 15 15 3
1 15 15 0
2 15 15
1 0 15 0
2 0 15
1 15 15 2
1 15 15 0
1 15 15 0
1 15 15 0
2 15 15
1 5 5 0
2 5 5
1 5 10 0
1 5 10 1
2 5 10
1 10 5 1
1 10 5 2
1 10 5 1
2 10 5
1 0 5 0
2 0 5
2 5 0
2 0 0
2 5 5
1 10 10 0
1 10 10 0
1 10 10 0
1 10 10 0
2 10 10
1 5 5 2
1 5 5 0
1 5 5 1
2 5 5
1 0 5 1
1 0 5 3
1 0 5 0
2 0 5
1 15 0 3
1 15 0 1
1 15 0 3
1 15 0 1
2 15 0
1 15 10 0
2 15 10
1 0 0 2
1 0 0 2
1 0 0 2
1 0 0 0
2 0 0
2 10 10
1 10 0 0
1 10 0 3
2 10 0
2 10 10
1 5 10 1
1 5 10 1
1 5 10 1
1 5 10 1
2 5 10
2 15 15
2 5 10
2 15 5
2 10 15
2 10 0
1 0 5 3
2 0 5
1 10 0 1
1 10 0 3
2 10 0
2 0 15
2 5 15
2 0 0
1 10 5 0
1 10 5 1
2 10 5
1 0 5 0
2 0 5
1 10 15 1
2 10 15
2 5 15
1 15 0 1
2 15 0
1 10 15 0
2 10 15
2 15 5
2 15 5
1 10 15 1
1 10 15 0
1 10 15 1
2 10 15
2 15 0
1 5 10 0
2 5 10
2 10 0
2 10 5
2 5 5
2 5 0
2 15 0
2 15 15
1 10 0 3
2 10 0
2 15 15
1 10 0 0
1 10 0 3
2 10 0
1 10 0 3
1 10 0 1
2 10 0
2 0 0
2 5 15
2 10 5
2 10 10
2 10 0
2 10 0
1 5 15 1
2 5 15
1 5 0 3
1 5 0 3
1 5 0 3
1 5 0 3
2 5 0
1 5 5 0
2 5 5
1 15 5 3
1 15 5 0
2 15 5
2 10 5
1 10 0 3
2 10 0
1 10 0 0
1 10 0 3
2 10 0
1 0 10 0
1 0 10 3
1 0 10 2
2 0 10
2 10 15
2 10 5
2 0 0
2 5 5
1 10 5 0
1 10 5 2
1 10 5 1
2 10 5
1 0 5 1
2 0 5
2 10 10
1 5 15 0
1 5 15 1
1 5 15 3
1 5 15 2
2 5 15
1 10 0 3
1 10 0 1
1 10 0 3
2 10 0
2 10 10
2 10 5
2 10 10
2 0 0
1 0 10 1
1 0 10 1
1 0 10 1
2 0 10
1 15 0 3
1 15 0 1
2 15 0
2 5 0
2 15 15
2 10 15
1 0 10 3
1 0 10 1
1 0 10 1
2 0 10
2 0 0
1 5 15 3
1 5 15 1
1 5 15 1
2 5 15
1 5 5 1
2 5 5
2 0 10
2 10 10
1 0 15 3
1 0 15 1
2 0 15
2 0 15
1 5 5 0
2 5 5
2 5 15
1 10 15 1
2 10 15
2 10 5
1 10 5 1
2 10 5
2 10 10
2 0 5
2 5 15
1 10 5 1
2 10 5
1 10 5 2
1 10 5 0
1 10 5 2
1 10 5 1
2 10 5
2 0 5
2 5 10
2 10 5
1 10 15 0
1 10 15 1
2 10 15
1 5 5 1
1 5 5 0
2 5 5
2 15 15
2 0 10
2 15 15
2 5 5
1 15 5 1
1 15 5 1
1 15 5 2
1 15 5 1
2 15 5
1 10 0 1
2 10 0
2 10 5
2 15 5
2 15 15
1 15 10 0
1 15 10 3
1 15 10 1
2 15 10
2 10 0
2 0 0
1 0 10 2
1 0 10 1
1 0 10 1
1 0 10 1
2 0 10
2 0 0
1 5 5 0
1 5 5 2
1 5 5 0
2 5 5
1 0 10 3
1 0 10 0
2 0 10
1 15 15 0
1 15 15 0
2 15 15
2 10 15
1 15 5 2
1 15 5 2
1 15 5 2
1 15 5 2
2 15 5
1 5 0 2
2 5 0
2 5 10
2 0 0
2 10 10
1 10 15 1
2 10 15
1 10 0 3
1 10 0 0
1 10 0 3
2 10 0
2 5 10
2 15 0
2 0 10
1 10 15 0
1 10 15 1
2 10 15
2 5 10
1 5 10 1
1 5 10 2
1 5 10 1
1 5 10 1
2 5 10
2 15 10
1 15 15 1
1 15 15 1
1 15 15 0
2 15 15
2 10 15
2 10 10
1 0 0 3
1 0 0 3
1 0 0 1
2 0 0
1 10 15 1
2 10 15
2 0 0
2 5 10
2 15 15
1 0 5 3
1 0 5 0
2 0 5
2 10 0
2 15 5
1 5 10 1
1 5 10 0
1 5 10 1
1 5 10 1
2 5 10
1 15 10 3
1 15 10 0
2 15 10
1 0 10 2
1 0 10 2
1 0 10 1
2 0 10
1 0 0 2
1 0 0 0
1 0 0 2
1 0 0 0
2 0 0
2 15 0
2 10 10
1 10 15 1
1 10 15 0
1 10 15 1
2 10 15
2 5 15
2 10 15
1 10 0 1
2 10 0
2 5 0
2 10 10
2 15 5
2 10 10
2 10 10
2 15 10
1 15 0 1
2 15 0
2 10 10
1 15 15 0
1 15 15 0
1 15 15 0
1 15 15 0
2 15 15
1 10 15 0
1 10 15 1
2 10 15
2 0 15
1 10 5 1
1 10 5 0
2 10 5
2 0 10
1 15 0 3
1 15 0 1
2 15 0
1 0 5 1
1 0 5 3
2 0 5
2 15 15
2 0 5
2 0 0
2 0 15
2 10 10
2 0 0
1 15 10 0
2 15 10
2 0 0
1 5 5 1
2 5 5
1 0 5 1
2 0 5
2 15 10
2 10 15
2 15 15
2 5 5
2 5 5
1 15 5 0
1 15 5 0
1 15 5 0
1 15 5 2
2 15 5
2 10 15
2 0 0
1 15 15 3
1 15 15 1
1 15 15 0
2 15 15
2 0 0
1 10 15 0
1 10 15 1
2 10 15
2 15 15
2 10 15
2 10 0
1 0 10 3
1 0 10 0
1 0 10 0
2 0 10
1 10 15 1
2 10 15
1 10 15 0
1 10 15 1
2 10 15
2 5 10
1 0 15 1
2 0 15
2 0 0
2 5 10
2 5 10
1 5 0 3
1 5 0 3
1 5 0 3
2 5 0
1 15 10 0
2 15 10
2 10 5
1 15 0 3
1 15 0 0
2 15 0
2 10 10
2 0 0
1 15 0 1
1 15 0 3
2 15 0
2 0 0
2 10 15
2 0 10
2 0 10
2 15 5
2 0 0
2 10 10
2 10 10
1 5 5 0
1 5 5 2
1 5 5 0
2 5 5
2 5 10
1 10 15 1
2 10 15
1 15 0 1
2 15 0
1 5 0 0
1 5 0 0
2 5 0
1 10 0 3
2 10 0
1 0 5 3
1 0 5 0
1 0 5 3
1 0 5 0
2 0 5
1 5 5 1
2 5 5
1 10 5 2
1 10 5 1
2 10 5
2 5 15
2 5 10
1 15 10 3
1 15 10 0
2 15 10
1 15 15 0
1 15 15 0
1 15 15 0
1 15 15 0
2 15 15
1 5 0 3
1 5 0 1
1 5 0 3
2 5 0
1 5 10 1
2 5 10
1 10 15 1
1 10 15 0
1 10 15 1
2 10 15
2 5 15
1 10 15 0
2 10 15
1 15 15 2
1 15 15 2
1 15 15 0
1 15 15 0
2 15 15
2 15 0
1 5 10 1
1 5 10 0
1 5 10 1
2 5 10
1 15 10 1
1 15 10 3
1 15 10 0
2 15 10
2 0 0
2 5 10
1 5 10 2
1 5 10 1
1 5 10 1
2 5 10
2 10 10
2 0 0
1 0 15 0
1 0 15 3
1 0 15 1
2 0 15
2 0 15
1 15 5 2
1 15 5 2
2 15 5
1 5 10 0
1 5 10 1
2 5 10
2 10 15
1 5 15 1
2 5 15
1 15 0 3
1 15 0 1
2 15 0
2 5 0
2 0 15
2 0 0
2 5 0
1 10 15 1
2 10 15
2 15 0
2 10 10
1 5 10 1
1 5 10 1
1 5 10 1
1 5 10 1
2 5 10
2 5 5
2 10 0
2 0 10
2 0 10
2 10 5
1 0 15 0
2 0 15
2 0 10
1 0 15 1
1 0 15 3
1 0 15 1
2 0 15
1 10 15 0
2 10 15
2 10 10
1 5 0 3
1 5 0 3
1 5 0 3
1 5 0 3
2 5 0
2 15 10
2 10 0
2 15 0
1 5 5 0
2 5 5
2 15 0
2 0 0
1 5 15 1
2 5 15
2 15 15
2 0 0
1 15 0 0
2 15 0
1 10 0 3
2 10 0
1 15 0 1
1 15 0 3
1 15 0 1
2 15 0
2 15 15
1 10 0 1
1 10 0 3
2 10 0
1 15 0 3
1 15 0 1
2 15 0
2 5 0
2 0 10
2 15 0
2 15 10
2 5 10
1 10 15 1
2 10 15
1 5 5 1
2 5 5
1 5 15 1
1 5 15 3
1 5 15 1
2 5 15
2 0 15
2 10 10
2 0 0
2 10 10
2 0 10
1 15 5 2
1 15 5 2
1 15 5 2
1 15 5 2
2 15 5
1 0 5 1
2 0 5
2 0 0
2 0 15
2 15 5
1 0 15 0
2 0 15
2 5 15
2 10 5
2 15 15
1 0 15 1
1 0 15 3
1 0 15 1
2 0 15
1 10 10 1
2 10 10
2 0 0
2 5 5
2 0 5
1 10 10 0
1 10 10 3
1 10 10 0
1 10 10 1
2 10 10
2 15 0
1 10 5 1
2 10 5
2 15 0
1 5 15 0
2 5 15
1 10 15 0
2 10 15
1 15 0 1
2 15 0
1 5 0 2
2 5 0
2 0 0
2 10 15
2 15 5
1 10 5 0
1 10 5 2
2 10 5
2 5 15
2 10 5
2 15 10
2 0 5
1 15 15 3
1 15 15 1
2 15 15
2 15 5
2 15 5
2 0 10
1 5 15 1
2 5 15
1 15 0 3
1 15 0 1
2 15 0
1 10 0 1
1 10 0 3
2 10 0
1 0 0 1
2 0 0
1 5 5 0
1 5 5 1
2 5 5
1 0 0 0
2 0 0
1 0 0 1
2 0 0
2 0 10
2 0 10
1 10 15 1
2 10 15
2 5 0
2 0 15
2 0 10
2 10 0
2 10 10
2 0 10
2 5 10
1 5 15 1
2 5 15
2 5 10
2 10 0
1 10 10 0
2 10 10
1 15 0 0
1 15 0 3
1 15 0 1
2 15 0
1 10 15 1
2 10 15
1 10 0 0
1 10 0 3
2 10 0
2 5 10
2 0 15
2 15 15
1 5 15 1
2 5 15
2 15 0
2 10 0
2 0 5
2 5 10
2 5 10
1 0 15 1
2 0 15
1 10 15 0
1 10 15 1
2 10 15
2 5 10
1 10 0 3
1 10 0 1
2 10 0
2 10 0
1 0 10 1
2 0 10
1 0 0 0
1 0 0 1
1 0 0 3
1 0 0 2
2 0 0
1 0 15 1
1 0 15 3
1 0 15 1
2 0 15
2 0 5
2 10 15
1 0 5 0
2 0 5
1 0 15 0
1 0 15 3
1 0 15 0
2 0 15
1 10 5 1
1 10 5 2
1 10 5 1
1 10 5 0
2 10 5
1 5 15 0
1 5 15 1
1 5 15 3
1 5 15 1
2 5 15
1 10 15 1
2 10 15
1 5 10 1
2 5 10
2 0 15
2 15 5
2 5 0
2 10 5
1 5 10 1
2 5 10
2 15 0
1 5 10 1
2 5 10
1 10 0 3
1 10 0 0
2 10 0
1 0 10 0
1 0 10 1
2 0 10
2 10 5
2 15 15
2 10 5
1 15 5 2
1 15 5 2
1 15 5 2
1 15 5 2
2 15 5
1 15 15 0
1 15 15 0
1 15 15 0
1 15 15 0
2 15 15
1 0 10 1
2 0 10
1 5 5 0
1 5 5 2
1 5 5 0
2 5 5
1 15 10 0
2 15 10
1 0 15 1
1 0 15 0
2 0 15
2 5 5
2 10 0
2 15 5
2 0 10
1 10 5 1
2 10 5
2 15 0
1 0 5 3
1 0 5 1
2 0 5
1 10 15 0
1 10 15 1
2 10 15
1 15 0 3
1 15 0 1
2 15 0
2 15 15
2 5 5
1 0 10 1
2 0 10
1 5 10 0
1 5 10 1
1 5 10 1
2 5 10
2 5 0
1 10 0 3
1 10 0 1
1 10 0 3
2 10 0
1 15 10 1
1 15 10 3
1 15 10 0
2 15 10
2 10 0
2 0 15
1 0 15 3
1 0 15 1
2 0 15
1 10 10 1
1 10 10 3
1 10 10 0
2 10 10
2 10 15
1 10 5 0
1 10 5 2
2 10 5
1 10 15 1
2 10 15
2 5 15
2 0 15
1 0 10 1
2 0 10
2 0 0
1 15 10 3
1 15 10 0
2 15 10
1 0 0 0
2 0 0
2 5 15
1 10 15 0
1 10 15 1
2 10 15
2 5 10
