0 0 0 0 1 0 0 0 0 1 0 0 0 0 1 0 0 0 0 
0 0 0 0 1 0 0 0 0 1 0 0 0 0 1 0 0 0 0 
0 0 0 0 1 0 0 0 0 1 0 0 0 0 1 0 0 0 0 
0 0 0 0 1 0 0 0 0 1 0 0 0 0 1 0 0 0 0 
0 0 0 0 1 0 0 0 0 1 0 0 0 0 1 0 0 0 0 
0 0 0 0 1 0 0 0 0 1 0 0 0 0 1 0 0 0 0 
0 0 0 0 1 0 0 0 0 1 0 0 0 0 1 0 0 0 0 
0 0 0 0 1 0 0 0 0 1 0 0 0 0 1 0 0 0 0 
0 0 0 0 1 0 0 0 0 1 0 0 0 0 1 0 0 0 0 
0 0 0 0 1 0 0 0 0 1 0 0 0 0 1 0 0 0 0 
0 0 0 0 1 0 0 0 0 1 0 0 0 0 1 0 0 0 0 
0 0 0 0 1 0 0 0 0 1 0 0 0 0 1 0 0 0 0 
0 0 0 0 1 0 0 0 0 1 0 0 0 0 1 0 0 0 0 
0 0 0 0 1 0 0 0 0 1 0 0 0 0 1 0 0 0 0 
0 0 0 0 1 0 0 0 0 1 0 0 0 0 1 0 0 0 0 
0 0 0 0 1 0 0 0 0 1 0 0 0 0 1 0 0 0 0 
0 0 0 0 1 0 0 0 0 1 0 0 0 0 1 0 0 0 0 
0 0 0 0 1 0 0 0 0 1 0 0 0 0 1 0 0 0 0 
0 0 0 0 1 0 0 0 0 1 0 0 0 0 1 0 0 0 0 
0 0 0 0 1 0 0 0 0 1 0 0 0 0 1 0 0 0 0 
0 0 0 0 0 0 0 0 0 0 0 0 0 0 0 0 0 0 0 0 
0 0 0 0 0 0 0 0 0 0 0 0 0 0 0 0 0 0 0 0 
0 0 0 0 0 0 0 0 0 0 0 0 0 0 0 0 0 0 0 0 
0 0 0 0 0 0 0 0 0 0 0 0 0 0 0 0 0 0 0 0 
1 1 1 1 1 1 1 1 1 1 1 1 1 1 1 1 1 1 1 1 
0 0 0 0 0 0 0 0 0 0 0 0 0 0 0 0 0 0 0 0 
0 0 0 0 0 0 0 0 0 0 0 0 0 0 0 0 0 0 0 0 
0 0 0 0 0 0 0 0 0 0 0 0 0 0 0 0 0 0 0 0 
0 0 0 0 0 0 0 0 0 0 0 0 0 0 0 0 0 0 0 0 
1 1 1 1 1 1 1 1 1 1 1 1 1 1 1 1 1 1 1 1 
0 0 0 0 0 0 0 0 0 0 0 0 0 0 0 0 0 0 0 0 
0 0 0 0 0 0 0 0 0 0 0 0 0 0 0 0 0 0 0 0 
0 0 0 0 0 0 0 0 0 0 0 0 0 0 0 0 0 0 0 0 
0 0 0 0 0 0 0 0 0 0 0 0 0 0 0 0 0 0 0 0 
1 1 1 1 1 1 1 1 1 1 1 1 1 1 1 1 1 1 1 1 
0 0 0 0 0 0 0 0 0 0 0 0 0 0 0 0 0 0 0 0 
0 0 0 0 0 0 0 0 0 0 0 0 0 0 0 0 0 0 0 0 
0 0 0 0 0 0 0 0 0 0 0 0 0 0 0 0 0 0 0 0 
0 0 0 0 0 0 0 0 0 0 0 0 0 0 0 0 0 0 0 0 
1 0 0 15
1 0 0 7
1 0 0 8
1 0 0 7
1 0 5 12
1 0 5 15
1 0 5 6
1 0 5 15
1 0 10 7
1 0 10 15
1 0 15 12
1 0 15 6
1 0 15 12
1 5 0 12
1 5 0 6
1 5 5 12
1 5 5 6
1 5 5 14
1 5 5 12
1 5 10 12
1 5 10 14
1 5 10 6
1 5 15 12
1 5 15 7
1 10 0 15
1 10 0 12
1 10 0 2
1 10 0 12
1 10 5 7
1 10 5 15
1 10 5 7
1 10 10 12
1 10 10 12
1 10 10 6
1 10 10 17
1 10 15 12
1 10 15 2
1 10 15 6
1 10 15 2
1 15 0 12
1 15 0 6
1 15 0 15
1 15 5 12
1 15 5 2
1 15 5 12
1 15 5 7
1 15 10 12
1 15 10 7
1 15 10 8
1 15 10 7
1 15 15 12
1 15 15 7
1 15 15 15
1 15 15 13
2 10 5
2 10 15
1 0 10 2
2 0 10
2 15 5
2 5 5
2 0 10
2 15 0
2 15 15
2 10 10
2 15 5
2 5 15
2 15 10
2 15 0
1 5 5 13
2 5 5
1 15 0 6
1 15 0 17
2 15 0
2 15 10
1 5 15 7
1 5 15 15
1 5 15 7
2 5 15
2 0 15
1 0 10 6
2 0 10
2 10 15
2 15 15
1 0 10 2
1 0 10 7
1 0 10 15
2 0 10
2 0 5
2 15 15
2 15 5
1 15 5 12
2 15 5
2 10 15
1 15 5 15
1 15 5 7
1 15 5 15
2 15 5
2 15 10
2 15 0
2 0 10
2 15 5
2 5 10
2 10 5
2 15 5
2 5 15
2 5 0
1 15 10 12
2 15 10
1 15 0 12
2 15 0
2 0 5
1 15 0 12
2 15 0
1 15 15 7
2 15 15
1 10 15 6
2 10 15
1 5 0 12
1 5 0 7
2 5 0
2 5 5
2 0 10
2 5 0
1 15 0 12
1 15 0 2
1 15 0 6
2 15 0
2 0 5
1 10 5 2
2 10 5
1 15 5 12
2 15 5
2 5 10
1 0 5 12
2 0 5
1 0 5 12
1 0 5 14
1 0 5 12
2 0 5
1 15 15 15
1 15 15 13
1 15 15 2
2 15 15
2 15 15
2 10 0
1 15 5 6
1 15 5 15
2 15 5
1 0 10 7
1 0 10 15
2 0 10
2 0 15
1 5 10 15
2 5 10
2 15 15
1 15 10 12
2 15 10
2 0 10
2 15 5
1 0 10 2
1 0 10 7
2 0 10
2 5 15
1 15 15 12
2 15 15
1 10 15 2
2 10 15
2 0 0
1 5 15 12
2 5 15
1 15 5 15
1 15 5 7
1 15 5 15
2 15 5
1 5 15 7
1 5 15 15
1 5 15 7
2 5 15
2 0 10
2 10 10
1 0 0 8
2 0 0
1 15 10 7
1 15 10 15
2 15 10
1 5 0 12
1 5 0 6
2 5 0
1 15 15 7
1 15 15 15
2 15 15
2 0 5
2 15 5
2 0 0
2 5 15
2 15 5
1 10 15 12
2 10 15
1 15 5 12
2 15 5
1 10 15 12
2 10 15
1 10 15 2
1 10 15 12
2 10 15
1 0 10 12
1 0 10 2
1 0 10 6
2 0 10
2 10 0
1 10 10 6
1 10 10 16
1 10 10 12
2 10 10
2 15 0
2 5 0
2 0 5
1 15 5 6
1 15 5 2
1 15 5 12
2 15 5
1 5 10 12
1 5 10 14
1 5 10 12
2 5 10
2 0 0
2 5 15
2 5 10
2 0 10
2 15 0
1 15 10 7
2 15 10
1 15 15 13
2 15 15
2 10 0
2 5 5
1 5 5 12
2 5 5
1 5 0 12
2 5 0
1 0 5 15
1 0 5 12
2 0 5
1 5 15 12
1 5 15 7
2 5 15
1 5 10 13
1 5 10 14
2 5 10
1 10 0 12
2 10 0
1 15 0 12
2 15 0
1 10 15 7
2 10 15
1 0 0 2
2 0 0
2 10 15
1 5 0 6
1 5 0 15
1 5 0 6
2 5 0
1 15 0 6
1 15 0 15
1 15 0 7
2 15 0
1 5 5 6
1 5 5 15
1 5 5 13
2 5 5
2 15 15
1 10 0 2
1 10 0 12
2 10 0
1 15 0 17
1 15 0 12
1 15 0 0
2 15 0
2 0 5
2 5 15
2 5 5
2 15 10
1 15 0 4
1 15 0 15
1 15 0 4
2 15 0
1 10 15 15
2 10 15
1 10 15 6
1 10 15 2
2 10 15
2 5 0
1 15 15 12
1 15 15 7
1 15 15 15
2 15 15
2 5 0
1 10 5 7
1 10 5 2
1 10 5 7
2 10 5
2 5 5
2 15 5
1 5 5 6
2 5 5
1 5 15 12
2 5 15
2 15 0
2 10 15
2 0 10
2 15 5
1 0 15 12
1 0 15 6
2 0 15
2 0 15
1 0 15 12
2 0 15
1 0 5 6
1 0 5 15
2 0 5
1 5 0 6
1 5 0 12
2 5 0
1 10 10 2
2 10 10
1 15 10 15
2 15 10
2 15 0
1 5 15 6
2 5 15
1 15 5 12
2 15 5
1 0 0 12
2 0 0
1 5 5 12
2 5 5
2 10 0
1 0 0 2
1 0 0 12
2 0 0
2 0 5
1 15 10 7
1 15 10 15
2 15 10
1 0 5 17
2 0 5
2 15 15
2 15 0
1 0 10 7
1 0 10 15
1 0 10 7
2 0 10
1 15 5 2
1 15 5 12
2 15 5
2 15 0
2 15 15
1 15 0 11
1 15 0 15
2 15 0
2 0 10
2 15 5
2 0 0
2 15 0
1 10 15 15
2 10 15
1 0 15 12
2 0 15
2 15 10
1 15 5 12
2 15 5
2 15 0
1 0 5 12
2 0 5
1 15 5 2
1 15 5 12
2 15 5
1 0 5 12
1 0 5 15
2 0 5
1 15 15 6
2 15 15
1 15 15 12
1 15 15 2
1 15 15 6
2 15 15
1 15 10 7
1 15 10 17
2 15 10
2 5 0
2 0 10
2 15 5
1 15 5 12
2 15 5
1 15 5 7
1 15 5 15
2 15 5
2 15 0
2 0 5
1 0 0 7
1 0 0 8
2 0 0
1 10 15 7
1 10 15 15
2 10 15
1 5 0 12
1 5 0 7
1 5 0 12
2 5 0
1 0 5 12
2 0 5
1 0 10 2
1 0 10 12
1 0 10 4
2 0 10
1 5 5 12
2 5 5
2 10 5
2 15 5
1 0 5 12
2 0 5
1 15 0 12
2 15 0
2 5 0
1 0 5 14
1 0 5 12
1 0 5 12
2 0 5
2 5 0
2 15 15
1 0 15 12
2 0 15
1 5 5 6
1 5 5 14
1 5 5 11
2 5 5
2 15 15
1 10 0 15
1 10 0 12
1 10 0 15
2 10 0
1 10 5 12
1 10 5 7
2 10 5
2 10 5
1 5 0 13
2 5 0
1 5 15 4
2 5 15
1 15 15 12
1 15 15 7
1 15 15 12
2 15 15
1 5 5 2
1 5 5 12
1 5 5 7
2 5 5
2 5 5
2 10 5
2 15 10
2 10 0
1 10 5 7
2 10 5
1 10 5 12
1 10 5 7
1 10 5 2
2 10 5
2 10 5
1 15 0 12
2 15 0
1 0 10 13
1 0 10 2
1 0 10 13
2 0 10
1 0 15 12
1 0 15 6
1 0 15 15
2 0 15
2 0 5
2 0 5
2 0 10
1 0 15 11
2 0 15
1 0 5 12
2 0 5
1 15 0 12
1 15 0 2
1 15 0 6
2 15 0
1 15 5 15
2 15 5
2 10 15
1 5 15 12
1 5 15 7
2 5 15
2 15 15
2 0 10
2 10 5
1 15 10 2
2 15 10
2 15 15
2 0 10
2 0 0
1 15 15 2
1 15 15 12
1 15 15 6
2 15 15
1 0 5 15
1 0 5 6
1 0 5 15
2 0 5
2 0 15
2 5 15
2 15 15
1 15 5 6
1 15 5 15
2 15 5
1 15 10 12
2 15 10
2 15 5
1 15 5 12
2 15 5
1 5 0 12
1 5 0 7
1 5 0 12
2 5 0
1 15 5 12
2 15 5
1 10 15 6
1 10 15 15
2 10 15
1 15 5 2
1 15 5 6
1 15 5 12
2 15 5
1 15 5 15
1 15 5 4
1 15 5 15
2 15 5
1 15 10 7
1 15 10 15
2 15 10
1 5 15 12
2 5 15
2 15 15
1 0 0 15
2 0 0
2 15 0
1 10 5 7
1 10 5 17
2 10 5
2 5 0
2 5 5
2 5 5
2 10 5
2 10 15
2 15 10
2 0 5
1 15 10 12
2 15 10
2 15 0
2 15 5
1 10 15 2
1 10 15 6
1 10 15 2
2 10 15
1 15 10 7
1 15 10 8
2 15 10
1 10 5 7
2 10 5
2 15 10
1 0 0 2
1 0 0 12
1 0 0 2
2 0 0
2 5 10
1 15 10 7
1 15 10 15
1 15 10 7
2 15 10
2 15 10
1 10 15 17
1 10 15 12
2 10 15
2 10 15
2 15 10
1 15 15 6
2 15 15
1 15 15 12
1 15 15 2
1 15 15 7
2 15 15
2 15 5
1 15 0 12
2 15 0
2 0 10
1 15 10 12
2 15 10
2 15 5
2 15 15
1 15 10 12
2 15 10
2 5 10
1 5 10 12
1 5 10 14
2 5 10
2 5 10
1 15 0 12
2 15 0
1 5 15 6
2 5 15
1 15 0 12
1 15 0 7
1 15 0 12
2 15 0
1 0 10 2
1 0 10 4
1 0 10 12
2 0 10
2 15 0
1 10 5 7
1 10 5 15
1 10 5 4
2 10 5
1 0 10 14
1 0 10 6
2 0 10
2 10 15
2 0 5
2 15 5
1 15 5 12
2 15 5
2 15 0
1 15 5 12
2 15 5
2 0 10
1 15 10 7
1 15 10 8
2 15 10
2 15 10
2 15 15
1 10 0 6
1 10 0 15
2 10 0
1 5 5 17
2 5 5
1 0 0 7
1 0 0 12
1 0 0 4
2 0 0
1 15 5 12
1 15 5 2
1 15 5 6
2 15 5
2 0 10
2 10 15
1 0 5 12
2 0 5
1 15 10 6
2 15 10
2 15 5
1 15 15 12
1 15 15 6
2 15 15
1 0 5 12
1 0 5 2
1 0 5 12
2 0 5
2 5 0
1 5 0 6
2 5 0
1 15 0 12
2 15 0
2 5 5
2 15 15
1 10 5 14
1 10 5 13
2 10 5
1 5 5 6
1 5 5 14
1 5 5 6
2 5 5
2 0 5
2 0 15
2 0 0
1 15 10 15
1 15 10 7
2 15 10
2 0 0
1 15 0 12
1 15 0 6
1 15 0 2
2 15 0
2 15 10
2 0 5
1 15 15 2
1 15 15 6
1 15 15 12
2 15 15
2 0 10
1 5 0 12
2 5 0
1 5 0 12
2 5 0
2 10 0
2 15 5
2 15 15
1 5 15 4
1 5 15 12
2 5 15
2 10 10
2 15 15
1 0 10 2
1 0 10 4
2 0 10
1 15 5 12
2 15 5
1 15 10 12
2 15 10
2 5 5
2 10 0
1 15 5 12
2 15 5
1 0 15 12
2 0 15
1 5 0 6
2 5 0
1 5 15 6
1 5 15 15
1 5 15 7
2 5 15
2 0 0
1 15 15 12
2 15 15
1 15 10 2
1 15 10 4
1 15 10 12
2 15 10
1 10 15 2
1 10 15 12
2 10 15
2 5 15
1 5 5 12
2 5 5
2 15 0
2 10 10
1 10 0 15
2 10 0
1 10 15 7
2 10 15
2 15 10
1 0 0 8
2 0 0
1 15 5 15
1 15 5 7
1 15 5 15
2 15 5
1 0 10 6
2 0 10
2 10 15
2 5 15
2 15 5
2 15 10
2 0 0
1 0 15 12
1 0 15 6
1 0 15 15
2 0 15
1 15 15 7
1 15 15 15
1 15 15 7
2 15 15
2 5 15
1 0 0 15
2 0 0
2 0 15
2 10 5
1 10 0 12
1 10 0 2
2 10 0
1 5 0 6
2 5 0
1 10 15 15
1 10 15 2
2 10 15
2 15 5
2 10 0
1 10 0 12
2 10 0
2 15 0
1 0 5 12
2 0 5
1 5 0 12
2 5 0
1 10 0 15
2 10 0
2 0 15
2 0 10
1 0 15 6
1 0 15 12
2 0 15
2 0 15
1 15 5 12
2 15 5
1 10 15 6
2 10 15
2 10 10
1 0 10 12
1 0 10 2
1 0 10 7
2 0 10
1 0 15 12
2 0 15
2 15 15
1 10 5 4
1 10 5 7
1 10 5 4
2 10 5
2 0 10
1 15 10 6
2 15 10
2 5 5
1 5 0 6
1 5 0 12
2 5 0
1 15 0 12
2 15 0
1 15 5 2
1 15 5 12
1 15 5 7
2 15 5
1 10 10 12
2 10 10
2 10 15
2 5 0
1 0 15 12
2 0 15
1 0 0 7
2 0 0
1 5 10 12
2 5 10
1 15 0 12
2 15 0
1 10 0 12
1 10 0 2
1 10 0 17
2 10 0
1 10 10 12
2 10 10
1 15 0 12
1 15 0 7
1 15 0 15
2 15 0
2 15 5
2 15 0
1 15 10 12
2 15 10
2 15 5
2 10 0
2 15 0
1 15 5 12
2 15 5
1 0 5 12
2 0 5
1 5 15 6
2 5 15
1 15 10 2
1 15 10 7
1 15 10 12
2 15 10
2 15 10
1 5 0 6
1 5 0 12
2 5 0
1 15 10 4
1 15 10 12
2 15 10
2 0 10
1 5 15 12
1 5 15 4
1 5 15 12
2 5 15
1 10 15 12
2 10 15
2 15 10
2 5 15
1 10 15 2
1 10 15 12
1 10 15 7
2 10 15
2 15 10
1 15 10 12
2 15 10
1 5 15 7
2 5 15
2 15 15
1 0 0 2
1 0 0 15
2 0 0
1 5 5 12
2 5 5
1 15 15 6
1 15 15 14
1 15 15 6
2 15 15
1 0 0 12
1 0 0 7
1 0 0 15
2 0 0
1 0 5 12
2 0 5
1 0 15 6
1 0 15 12
2 0 15
1 15 15 3
1 15 15 4
1 15 15 12
2 15 15
1 15 0 6
1 15 0 15
1 15 0 6
2 15 0
2 5 0
2 10 15
1 15 0 17
1 15 0 17
2 15 0
1 5 5 12
2 5 5
1 15 5 12
2 15 5
1 0 10 2
2 0 10
1 15 10 12
2 15 10
1 15 10 2
1 15 10 12
1 15 10 4
2 15 10
1 5 15 15
2 5 15
2 15 0
1 5 0 6
2 5 0
1 5 0 6
1 5 0 12
2 5 0
2 5 0
2 15 15
1 5 15 7
2 5 15
2 10 15
1 0 5 12
2 0 5
1 5 0 12
1 5 0 7
1 5 0 15
2 5 0
1 10 15 2
1 10 15 6
1 10 15 2
2 10 15
2 15 0
2 10 0
1 0 5 12
1 0 5 14
1 0 5 12
2 0 5
1 0 10 6
1 0 10 15
1 0 10 7
2 0 10
1 15 5 2
1 15 5 6
1 15 5 12
2 15 5
2 0 0
2 15 5
1 5 5 6
1 5 5 0
1 5 5 17
2 5 5
2 0 10
2 15 5
2 0 10
2 5 5
1 10 5 14
1 10 5 7
1 10 5 14
2 10 5
2 15 10
1 10 15 12
2 10 15
2 10 15
1 15 5 15
2 15 5
2 5 15
2 10 5
1 5 15 12
2 5 15
1 0 10 12
2 0 10
2 0 0
2 15 0
1 0 10 2
1 0 10 7
2 0 10
2 15 15
1 5 15 6
2 5 15
2 10 15
1 15 5 12
1 15 5 2
1 15 5 12
2 15 5
1 15 0 7
1 15 0 15
2 15 0
2 0 5
1 10 10 12
2 10 10
2 15 0
2 15 15
1 10 15 15
2 10 15
1 15 0 12
2 15 0
2 15 15
1 15 15 6
2 15 15
1 10 5 4
1 10 5 9
1 10 5 4
2 10 5
2 15 10
1 15 0 12
2 15 0
1 15 10 6
2 15 10
1 15 0 6
1 15 0 15
1 15 0 7
2 15 0
2 0 5
1 5 10 14
1 5 10 7
1 5 10 14
2 5 10
1 0 5 12
2 0 5
1 5 5 15
1 5 5 7
1 5 5 12
2 5 5
1 15 15 12
1 15 15 2
1 15 15 6
2 15 15
1 10 15 7
1 10 15 15
2 10 15
1 10 0 15
2 10 0
1 15 10 15
1 15 10 7
2 15 10
2 15 15
1 10 0 12
2 10 0
2 15 0
1 15 5 7
2 15 5
1 10 10 12
2 10 10
2 15 15
2 15 0
1 10 0 2
1 10 0 12
2 10 0
1 5 10 1
1 5 10 2
1 5 10 6
2 5 10
2 0 10
1 0 5 12
2 0 5
2 5 0
2 0 0
1 5 15 12
1 5 15 7
1 5 15 12
2 5 15
2 15 10
1 15 0 12
2 15 0
1 15 15 7
1 15 15 12
2 15 15
1 15 0 12
2 15 0
2 10 15
1 10 10 12
1 10 10 6
1 10 10 17
2 10 10
1 0 10 6
2 0 10
1 15 10 6
2 15 10
2 5 5
1 0 0 2
1 0 0 12
2 0 0
2 15 5
1 0 5 2
1 0 5 12
1 0 5 6
2 0 5
1 15 0 12
2 15 0
2 15 15
1 15 10 15
1 15 10 7
2 15 10
2 0 15
1 15 0 12
1 15 0 2
1 15 0 12
2 15 0
2 15 0
1 15 15 12
2 15 15
2 10 0
1 15 15 6
2 15 15
2 0 5
2 5 5
2 0 0
2 5 10
2 15 10
1 0 0 7
1 0 0 8
2 0 0
2 15 0
2 10 10
1 10 0 15
2 10 0
1 10 15 2
1 10 15 6
2 10 15
2 0 5
2 10 10
1 0 10 15
1 0 10 7
2 0 10
1 15 10 7
1 15 10 15
2 15 10
1 0 5 12
2 0 5
2 10 15
1 10 5 0
1 10 5 10
1 10 5 13
2 10 5
2 15 5
2 15 10
2 0 0
1 10 0 12
1 10 0 2
1 10 0 12
2 10 0
1 0 5 12
2 0 5
1 0 5 15
1 0 5 6
1 0 5 15
2 0 5
2 10 5
1 15 0 6
1 15 0 15
1 15 0 6
2 15 0
1 10 15 12
2 10 15
2 10 0
1 0 15 12
2 0 15
2 5 5
1 0 0 12
2 0 0
2 5 10
1 15 15 2
1 15 15 7
1 15 15 12
2 15 15
2 10 0
1 10 15 12
2 10 15
2 0 10
1 0 0 2
1 0 0 4
1 0 0 12
2 0 0
2 0 0
2 15 15
2 10 5
1 10 15 2
1 10 15 6
1 10 15 2
2 10 15
2 5 15
1 15 10 12
2 15 10
2 10 15
2 15 15
1 10 0 15
2 10 0
1 5 5 6
1 5 5 15
2 5 5
1 15 10 12
2 15 10
1 5 10 8
1 5 10 14
2 5 10
1 15 15 12
2 15 15
1 15 10 7
1 15 10 15
2 15 10
1 10 0 12
1 10 0 2
1 10 0 17
2 10 0
1 5 0 16
1 5 0 6
1 5 0 12
2 5 0
1 15 5 15
2 15 5
2 15 0
1 15 5 12
2 15 5
2 15 0
2 0 0
2 10 15
2 10 5
2 15 10
2 10 5
1 0 10 2
2 0 10
1 0 10 7
1 0 10 8
2 0 10
1 0 0 12
2 0 0
2 10 0
1 15 0 12
2 15 0
1 15 5 2
1 15 5 12
1 15 5 7
2 15 5
2 15 5
2 5 5
2 15 5
1 15 5 12
2 15 5
1 15 15 6
1 15 15 2
1 15 15 6
2 15 15
1 10 10 12
2 10 10
1 15 10 7
1 15 10 15
1 15 10 4
2 15 10
1 5 15 7
2 5 15
2 5 15
2 15 10
1 10 15 15
1 10 15 6
1 10 15 8
2 10 15
1 5 5 6
2 5 5
1 15 0 12
2 15 0
2 0 5
2 10 15
1 15 0 7
1 15 0 15
2 15 0
1 10 10 12
2 10 10
1 15 5 6
1 15 5 8
1 15 5 6
2 15 5
2 10 15
1 10 15 15
2 10 15
1 0 0 2
1 0 0 7
1 0 0 15
2 0 0
1 15 5 3
2 15 5
2 0 5
1 10 10 12
1 10 10 6
1 10 10 12
2 10 10
2 15 0
1 5 5 15
1 5 5 6
1 5 5 14
2 5 5
1 15 0 12
2 15 0
1 15 10 6
1 15 10 15
2 15 10
2 0 10
1 5 15 12
2 5 15
2 5 5
1 0 10 12
1 0 10 7
1 0 10 2
2 0 10
1 5 5 11
2 5 5
1 0 5 12
1 0 5 6
1 0 5 15
2 0 5
1 10 15 6
1 10 15 2
2 10 15
2 10 5
1 5 0 2
1 5 0 7
2 5 0
2 5 0
1 15 0 12
2 15 0
1 15 0 6
1 15 0 15
2 15 0
2 0 0
2 10 15
2 15 10
2 10 0
1 5 15 7
1 5 15 12
2 5 15
2 10 5
2 0 0
2 15 15
1 10 0 12
2 10 0
2 15 15
2 5 0
1 0 0 12
2 0 0
1 5 10 11
1 5 10 6
2 5 10
2 15 5
2 15 0
1 15 15 12
1 15 15 7
1 15 15 12
2 15 15
2 15 15
2 15 5
2 0 10
1 15 0 12
1 15 0 7
1 15 0 12
2 15 0
1 0 15 11
1 0 15 12
1 0 15 6
2 0 15
2 5 15
2 5 10
2 5 0
2 15 15
2 15 0
2 15 0
1 10 15 6
1 10 15 15
2 10 15
2 10 15
1 0 0 2
1 0 0 7
1 0 0 15
2 0 0
1 10 15 12
2 10 15
1 5 5 12
1 5 5 7
1 5 5 15
2 5 5
2 5 0
1 0 15 13
1 0 15 6
2 0 15
2 5 5
1 10 0 15
1 10 0 6
1 10 0 8
2 10 0
2 0 5
2 0 10
1 10 15 2
1 10 15 6
1 10 15 12
2 10 15
1 15 0 12
2 15 0
2 10 0
1 15 5 12
2 15 5
1 5 0 12
2 5 0
2 0 0
2 10 10
1 0 10 7
2 0 10
1 15 0 12
2 15 0
1 0 10 15
1 0 10 7
2 0 10
1 5 15 7
1 5 15 12
2 5 15
2 0 10
1 15 5 2
1 15 5 12
1 15 5 7
2 15 5
1 0 10 6
2 0 10
2 15 5
2 15 10
1 15 15 6
1 15 15 2
2 15 15
1 15 0 12
1 15 0 6
1 15 0 15
2 15 0
2 10 15
2 15 0
1 0 10 2
1 0 10 7
1 0 10 15
2 0 10
1 10 15 2
2 10 15
2 5 5
2 10 0
2 0 0
1 15 10 12
2 15 10
1 10 0 3
1 10 0 8
1 10 0 15
2 10 0
1 0 0 15
1 0 0 4
1 0 0 15
2 0 0
2 5 5
2 15 0
2 10 10
2 10 5
1 15 0 12
2 15 0
2 0 0
1 0 0 14
1 0 0 12
2 0 0
2 0 10
1 5 0 6
2 5 0
1 5 5 12
2 5 5
1 0 0 4
1 0 0 12
1 0 0 2
2 0 0
1 15 0 6
1 15 0 15
1 15 0 6
2 15 0
2 10 15
1 5 5 6
1 5 5 15
2 5 5
2 0 0
1 5 0 12
1 5 0 6
2 5 0
1 10 15 12
2 10 15
2 5 15
2 5 0
1 10 10 12
2 10 10
2 0 10
2 0 0
1 15 10 7
1 15 10 15
1 15 10 4
2 15 10
1 0 15 17
1 0 15 12
2 0 15
1 0 10 2
1 0 10 7
1 0 10 8
2 0 10
1 5 15 12
2 5 15
1 15 10 14
1 15 10 6
1 15 10 12
2 15 10
2 0 15
2 15 15
2 5 5
1 10 10 12
2 10 10
1 15 15 12
2 15 15
2 0 15
2 0 0
2 0 0
2 15 0
1 0 0 2
2 0 0
2 15 5
1 10 0 13
2 10 0
2 15 10
1 15 5 12
2 15 5
2 15 10
1 5 5 6
1 5 5 14
1 5 5 12
2 5 5
1 15 5 15
1 15 5 6
1 15 5 15
2 15 5
2 10 5
2 15 10
1 0 10 6
1 0 10 12
2 0 10
2 0 10
2 15 5
2 15 10
2 15 0
2 0 10
1 10 15 6
1 10 15 2
2 10 15
2 5 5
2 0 10
2 10 0
1 5 0 12
2 5 0
2 10 15
1 0 10 2
1 0 10 6
2 0 10
1 10 10 6
1 10 10 17
2 10 10
1 15 15 7
1 15 15 15
2 15 15
2 0 10
1 15 10 7
1 15 10 17
2 15 10
1 5 5 11
1 5 5 0
1 5 5 15
2 5 5
1 10 15 15
2 10 15
1 10 15 12
1 10 15 2
1 10 15 6
2 10 15
2 15 5
1 5 5 4
2 5 5
1 10 0 17
1 10 0 17
2 10 0
1 15 5 12
2 15 5
1 15 0 12
1 15 0 15
1 15 0 7
2 15 0
2 10 5
2 15 0
2 0 5
1 0 10 12
1 0 10 2
1 0 10 7
2 0 10
1 15 5 2
1 15 5 12
1 15 5 7
2 15 5
2 15 15
1 5 10 8
2 5 10
2 15 0
1 15 0 12
2 15 0
2 15 5
1 15 0 12
1 15 0 6
2 15 0
1 5 0 6
1 5 0 12
2 5 0
2 15 5
2 10 15
1 5 15 7
2 5 15
2 10 15
1 0 5 12
2 0 5
2 10 10
2 5 5
2 5 5
1 15 5 12
2 15 5
2 15 10
1 15 5 2
1 15 5 12
2 15 5
2 5 0
1 5 0 12
1 5 0 7
1 5 0 12
2 5 0
1 15 10 15
1 15 10 7
2 15 10
1 15 15 12
2 15 15
1 5 15 12
2 5 15
1 0 0 12
1 0 0 7
1 0 0 2
2 0 0
1 15 15 6
2 15 15
2 15 10
1 15 10 12
2 15 10
2 0 15
1 15 10 2
1 15 10 6
1 15 10 17
2 15 10
1 15 15 15
1 15 15 6
2 15 15
2 0 10
2 15 10
1 10 0 2
1 10 0 7
1 10 0 15
2 10 0
2 15 15
1 0 5 15
1 0 5 6
1 0 5 15
2 0 5
1 10 15 15
2 10 15
1 15 5 4
1 15 5 17
1 15 5 15
2 15 5
1 10 15 6
1 10 15 2
2 10 15
1 15 15 7
1 15 15 15
1 15 15 7
2 15 15
2 5 5
2 0 15
1 0 10 5
1 0 10 14
1 0 10 7
2 0 10
1 0 10 17
1 0 10 12
2 0 10
1 10 5 7
2 10 5
1 10 10 12
2 10 10
2 10 0
2 5 10
2 0 5
2 15 5
2 15 5
1 0 15 12
2 0 15
2 15 15
2 0 5
2 15 15
1 5 5 12
2 5 5
2 5 0
1 5 15 6
2 5 15
2 10 15
2 5 10
2 5 10
1 10 5 12
1 10 5 7
2 10 5
2 5 0
1 15 15 6
1 15 15 15
1 15 15 6
2 15 15
1 15 5 6
1 15 5 2
2 15 5
2 15 0
2 15 5
1 15 0 12
1 15 0 7
1 15 0 15
2 15 0
2 15 5
1 5 5 6
1 5 5 15
1 5 5 6
2 5 5
2 15 10
1 15 5 12
2 15 5
2 15 0
2 15 15
2 0 10
2 0 0
2 15 15
2 15 0
1 15 15 12
2 15 15
1 5 15 7
1 5 15 12
1 5 15 7
2 5 15
1 15 0 12
2 15 0
1 15 5 12
2 15 5
1 15 5 12
1 15 5 7
1 15 5 15
2 15 5
1 0 15 6
1 0 15 12
2 0 15
2 5 5
2 10 5
1 15 10 7
1 15 10 15
1 15 10 7
2 15 10
1 5 15 3
2 5 15
2 15 5
1 10 10 12
2 10 10
1 5 10 6
1 5 10 14
2 5 10
2 0 0
1 15 15 12
1 15 15 2
1 15 15 6
2 15 15
1 15 0 12
2 15 0
1 15 0 6
1 15 0 15
2 15 0
2 15 0
2 15 15
2 5 10
1 10 5 2
1 10 5 4
1 10 5 6
2 10 5
2 15 5
1 10 10 6
1 10 10 12
2 10 10
2 5 5
2 0 10
1 10 15 12
2 10 15
1 10 15 2
1 10 15 12
2 10 15
2 5 15
1 15 5 12
2 15 5
2 10 10
2 10 15
1 10 10 17
2 10 10
1 10 5 2
1 10 5 4
1 10 5 2
2 10 5
1 15 5 12
1 15 5 2
1 15 5 6
2 15 5
2 15 5
1 15 0 12
2 15 0
1 0 0 15
2 0 0
2 15 15
2 10 0
1 5 5 12
2 5 5
1 5 5 12
2 5 5
2 0 10
1 0 5 12
2 0 5
2 0 10
1 15 15 6
1 15 15 2
2 15 15
2 10 0
1 0 5 15
1 0 5 12
2 0 5
1 5 5 13
1 5 5 0
1 5 5 17
2 5 5
1 0 0 6
1 0 0 8
2 0 0
1 10 15 15
2 10 15
1 5 0 6
1 5 0 12
2 5 0
1 10 10 6
1 10 10 17
1 10 10 16
2 10 10
2 15 10
1 5 5 15
1 5 5 12
2 5 5
1 10 5 13
1 10 5 7
1 10 5 12
2 10 5
1 10 10 3
1 10 10 11
1 10 10 12
2 10 10
2 15 5
1 15 15 12
1 15 15 7
1 15 15 12
2 15 15
2 5 5
1 0 10 7
2 0 10
2 10 0
1 15 0 12
1 15 0 2
1 15 0 6
2 15 0
2 15 15
2 5 0
1 0 10 15
1 0 10 7
2 0 10
1 0 10 2
1 0 10 7
2 0 10
2 0 0
1 10 0 12
2 10 0
1 5 0 6
2 5 0
2 15 10
2 10 5
1 10 10 7
1 10 10 15
1 10 10 6
2 10 10
2 5 5
1 5 10 12
1 5 10 14
2 5 10
1 5 5 7
1 5 5 15
1 5 5 6
2 5 5
1 5 15 7
2 5 15
2 0 10
1 5 0 12
1 5 0 7
1 5 0 12
2 5 0
1 15 10 12
1 15 10 2
1 15 10 6
2 15 10
1 10 15 7
1 10 15 15
2 10 15
1 15 5 12
2 15 5
2 15 15
1 10 0 15
2 10 0
1 0 0 12
2 0 0
2 15 0
1 0 0 4
1 0 0 2
1 0 0 12
2 0 0
2 10 15
1 10 15 12
2 10 15
1 0 5 6
1 0 5 2
1 0 5 12
2 0 5
2 0 10
2 15 15
1 15 15 12
2 15 15
2 5 5
1 0 15 15
1 0 15 11
1 0 15 14
2 0 15
1 10 0 15
2 10 0
2 5 15
1 15 5 12
1 15 5 2
1 15 5 6
2 15 5
1 15 15 6
2 15 15
1 10 0 12
2 10 0
2 5 0
2 15 0
1 15 15 12
1 15 15 7
1 15 15 15
2 15 15
2 5 0
1 5 0 12
2 5 0
2 0 15
1 15 0 12
2 15 0
2 15 15
2 0 0
1 10 0 15
1 10 0 12
2 10 0
1 15 0 12
2 15 0
2 5 5
1 15 0 12
1 15 0 7
1 15 0 15
2 15 0
1 10 15 14
1 10 15 12
2 10 15
2 10 5
2 10 10
1 15 10 4
1 15 10 12
2 15 10
2 15 5
1 0 10 2
2 0 10
2 15 0
2 5 5
2 15 10
2 15 15
2 10 15
1 5 15 6
2 5 15
1 15 15 6
2 15 15
1 10 15 12
2 10 15
