800 52 400 15 1148
2 5 15 2 8 24 18 22 13 13 11 17 13 23 28 4 5 16 4 6 22 39 40 14 129 8 6 3 28 7 2 2 11 5 11 17 37 25 13 7 3 11 15 11 9 5 1 21 13 10 3 23
1355 1630 2935 3210
5498 6175 7931 8608
7445 8538 7513 8606
4188 4264 9145 9221
7207 7697 0 360
9199 9211 6604 6616
3837 4663 5628 6454
8016 8510 7134 7628
7314 7963 613 1262
5890 5926 6687 6723
0 453 8098 8814
8121 9185 5898 6962
1032 1834 9335 10000
4311 4832 6027 6548
2548 2821 8161 8434
3979 4934 1624 2579
951 1260 3060 3369
8567 8727 374 534
0 432 2794 3304
4306 4985 2306 2985
5807 6499 9187 9879
6387 7442 674 1729
3861 4795 4784 5718
7462 7902 9287 9727
3275 3403 6726 6854
9449 9963 5905 6419
7658 8507 5065 5914
6688 7425 0 397
6532 7255 6453 7176
5251 6099 8881 9729
824 1312 322 810
6536 7005 385 854
4466 4477 5698 5709
6784 7466 6994 7676
7193 8055 2646 3508
4312 4774 3356 3818
5499 6166 0 460
3142 3413 5019 5290
2621 3376 4713 5468
6762 7612 1071 1921
6772 7532 3368 4128
8457 9368 8800 9711
6038 7176 0 273
394 947 8821 9374
6133 6527 5965 6359
9008 9565 3731 4288
7896 8215 1204 1523
3890 4577 776 1463
9149 9895 6046 6792
5653 6543 0 676
9069 9136 2181 2248
3585 4261 3811 4487
8672 9815 6924 8067
9045 9665 2867 3487
7243 7549 9528 9834
9489 9913 6629 7053
8219 8292 5290 5363
5025 5924 1211 2110
741 1241 7341 7841
9566 10000 7057 7516
458 848 9304 9694
8609 9050 5139 5580
5672 5983 3090 3401
2858 3275 9204 9621
9193 9782 6658 7247
4646 5246 7776 8376
3266 3980 2866 3580
1869 2311 8868 9310
5242 5519 5711 5988
8536 9384 7708 8556
3595 4614 7594 8613
3930 4858 3565 4493
2752 3149 6730 7127
6524 6596 1848 1920
1448 2158 8744 9454
143 247 7025 7129
807 857 3402 3452
4193 4922 8176 8905
3155 3329 6680 6854
794 1933 4834 5973
5285 5474 1927 2116
6530 7117 3257 3844
2012 3140 0 486
0 129 2410 2688
9469 10000 997 1594
8321 8537 9218 9434
2670 3165 1209 1704
3417 4097 9347 10000
9314 9508 8042 8236
290 815 9073 9598
9523 10000 1804 2835
5125 6064 6402 7341
606 1699 3636 4729
5278 5756 3069 3547
7939 9030 4560 5651
5553 6118 8124 8689
3706 4820 905 2019
3534 3979 7667 8112
9633 9915 5618 5900
3225 3907 4726 5408
6157 6594 8485 8922
1300 1614 5655 5969
3368 3532 9272 9436
8007 8333 8565 8891
1647 2140 5541 6034
4150 4251 1987 2088
3734 4769 1813 2848
6640 7230 6499 7089
5533 5751 3252 3470
3602 4601 9684 10000
0 617 717 1337
5858 6239 457 838
3817 4111 1598 1892
6715 7373 2287 2945
839 1870 0 946
7815 8366 1538 2089
8760 9305 1624 2169
5432 5974 4026 4568
4392 4913 6388 6909
4538 4830 1623 1915
1528 2344 8685 9501
377 1459 8892 9974
3638 3920 6338 6620
3472 4238 6113 6879
3696 3776 890 970
3349 3637 551 839
8717 9366 5512 6161
5513 6398 7339 8224
2120 2206 8104 8190
8251 8474 4389 4612
5773 6010 0 110
6733 6849 5779 5895
4765 5501 4777 5513
7271 7509 8650 8888
716 1719 3107 4110
7967 8659 4764 5456
4148 4637 7195 7684
8285 8678 5658 6051
561 664 7227 7330
2279 2530 2427 2678
4882 5714 4625 5457
653 1459 4897 5703
7516 8109 5140 5733
1079 2222 5833 6976
620 670 1899 1949
9724 10000 9214 9543
8788 9067 1137 1416
8342 9453 2917 4028
7586 7980 7762 8156
3630 4562 4339 5271
6676 7130 9283 9737
2363 3398 1539 2574
8349 9100 2038 2789
1081 2193 768 1880
610 637 1177 1204
7737 8874 163 1300
5645 6143 4952 5450
502 1183 3530 4211
7219 8165 2437 3383
765 1047 8542 8824
8881 9673 339 1131
1551 2662 944 2055
125 923 4214 5012
8146 8189 7651 7694
3157 3870 6210 6923
4578 5078 2930 3430
9019 9315 5762 6058
356 365 2108 2117
0 497 9213 9815
8182 9010 7316 8144
56 1003 365 1312
8956 9325 8354 8723
8116 8424 8238 8546
6430 7321 2388 3279
2623 3566 6014 6957
4878 5130 3102 3354
2065 2937 31 903
8566 8868 7570 7872
354 929 3723 4298
420 699 4605 4884
4926 5115 7562 7751
492 660 5434 5602
8209 8654 1488 1933
5974 6826 2848 3700
2593 2899 9690 9996
7696 8421 8406 9131
8339 8598 5701 5960
158 532 4679 5053
8420 8440 4653 4673
5176 5418 8926 9168
4933 5997 1501 2565
8070 9214 1662 2806
966 1874 5961 6869
7537 8681 3794 4938
8603 9321 2277 2995
1472 2027 359 914
9126 9273 7438 7585
7638 8748 8544 9654
8581 9329 2651 3399
6610 7208 693 1291
4402 4874 7080 7552
786 1521 1535 2270
5930 7011 4372 5453
4905 5824 4968 5887
7766 7816 5027 5077
2424 3048 1302 1926
6853 7969 8982 10000
8433 9144 7618 8329
2211 2501 6910 7200
5904 6589 2071 2756
210 398 9693 9881
9876 10000 9148 9868
6196 7262 7925 8991
2289 3376 9338 10000
7856 8459 4542 5145
8130 8641 7979 8490
2773 3746 6 979
852 881 5651 5680
4596 5642 2875 3921
6022 6263 1531 1772
3901 4719 7248 8066
3112 3594 1040 1522
8778 9201 5889 6312
9173 10000 3904 4979
3710 4453 7064 7807
6091 7146 1756 2811
7983 8522 578 1117
6293 6450 9862 10000
4279 4501 7830 8052
0 589 3435 4340
6550 6792 891 1133
2927 3498 1220 1791
5909 7021 5280 6392
9233 9590 5093 5450
4470 4704 1792 2026
1930 2689 8978 9737
2125 2618 1714 2207
0 332 2835 3498
6913 6941 5332 5360
2958 3506 3130 3678
556 831 3495 3770
5870 5893 5887 5910
6525 7074 0 479
5571 5748 7884 8061
7073 7149 3266 3342
9364 9848 8365 8849
2648 3245 9175 9772
9556 9847 3216 3507
2049 2432 6544 6927
3131 3435 6843 7147
2378 2459 1123 1204
8819 9216 3330 3727
364 405 9659 9700
7820 8561 7737 8478
2368 2994 5335 5961
2728 3681 2216 3169
6373 6884 5655 6166
2481 2717 8682 8918
6618 7629 2294 3305
9529 10000 3831 4457
6016 6669 4762 5415
8126 9260 3215 4349
8107 9165 0 598
1052 2019 1351 2318
9199 9746 4199 4746
7313 7739 3414 3840
7553 7799 247 493
9889 10000 9826 10000
5863 6812 7162 8111
4443 4621 0 161
1986 2284 4618 4916
3075 4158 9481 10000
8166 9015 4123 4972
9303 9973 2023 2693
1034 1744 3192 3902
0 64 5001 5278
8089 9145 747 1803
754 810 9510 9566
1780 1955 2257 2432
2581 3646 4007 5072
2134 3109 580 1555
8026 8154 3305 3433
1560 1753 8903 9096
5737 6781 285 1329
1651 2196 6192 6737
9041 9437 8043 8439
3112 3848 3980 4716
8304 8909 7523 8128
3587 4658 6241 7312
3442 3865 3791 4214
8546 9453 3278 4185
8367 8610 8583 8826
8364 9436 5549 6621
8223 8509 8658 8944
7584 8554 7022 7992
5661 6639 5881 6859
5746 6495 7655 8404
6538 6689 4957 5108
9890 10000 1974 2967
4057 4121 2745 2809
3054 3215 1253 1414
4628 5273 4059 4704
7147 7284 6337 6474
7250 8065 2573 3388
8559 8638 4078 4157
4029 5074 549 1594
3171 4299 4869 5997
6929 7234 4899 5204
8803 9162 695 1054
4687 5366 2377 3056
6075 6655 4742 5322
5252 5506 9585 9839
6468 6672 8796 9000
4508 5650 9172 10000
9916 9999 5761 5844
971 1871 6954 7854
646 1036 1000 1390
6957 8003 8711 9757
5205 5839 4966 5600
6559 7139 3990 4570
6610 7408 6497 7295
3163 3206 164 207
6222 6889 6482 7149
7156 7203 3750 3797
4371 5333 4229 5191
1907 2903 3929 4925
9448 10000 2940 3978
8148 8539 5675 6066
4263 4819 2423 2979
6410 6950 9499 10000
0 265 6586 6980
7396 7571 5096 5271
4445 5296 946 1797
6671 6989 7412 7730
4409 5455 6697 7743
6694 7786 0 892
627 680 9900 9953
8738 9337 1925 2524
3535 3921 7205 7591
7926 8983 6688 7745
6057 6403 774 1120
3203 3250 3366 3413
4798 4980 4222 4404
663 860 2773 2970
8407 9243 5102 5938
7795 8078 5939 6222
8065 8377 154 466
442 1515 8637 9710
7310 8309 8293 9292
9256 10000 5318 6279
2941 3603 4639 5301
1362 2186 3838 4662
6375 6401 1856 1882
7834 8655 6907 7728
5292 6073 2934 3715
6933 7553 7416 8036
1022 1227 1546 1751
1666 2537 6347 7218
9052 9598 2255 2801
233 500 3664 3931
976 1960 12 996
128 775 5160 5807
9050 10000 4155 5149
7620 7900 1963 2243
0 564 8262 9178
2947 3488 8024 8565
4556 4561 2698 2703
3512 3812 6588 6888
746 1242 2165 2661
2566 3383 5105 5922
1490 2458 8790 9758
4083 4108 1757 1782
4140 5023 9217 10000
6092 6481 487 876
5435 5480 4388 4433
9044 9958 3127 4041
9387 10000 6433 7550
7730 8497 6953 7720
3766 4569 6139 6942
7706 8053 4686 5033
6690 7517 0 611
438 951 8369 8882
9566 9711 5762 5907
2499 2863 8787 9151
933 1618 1908 2593
7412 7701 1314 1603
9648 9665 816 833
8376 8677 4422 4723
8931 9000 3085 3154
2928 4065 8435 9572
7333 7671 7702 8040
5811 6685 6532 7406
109 258 8983 9132
8625 9736 5374 6485
3234 3508 3762 4036
8708 9008 5885 6185
3652 4381 2477 3206
2626 3657 926 1957
4911 5648 0 697
0 519 2714 3857
5531 6278 6847 7594
7484 8463 6622 7601
7613 8288 4495 5170
2666 3496 6008 6838
3831 4888 8508 9565
6758 7115 7111 7468
6758 7731 3382 4355
7123 8106 6710 7693
33 149 541 657
3192 4239 1067 2114
6360 7057 6026 6723
3466 3853 7995 8382
8778 9916 8977 10000
6701 6727 5218 5244
7934 8585 4696 5347
4055 5196 5738 6879
287 641 6421 6775
6648 6960 8573 8885
1403 2331 6010 6938
3555 3880 3813 4138
9499 9987 3799 4287
3833 4266 9425 9858
6362 6724 9479 9841
1493 2517 8980 10000
4279 5219 2033 2973
7642 8096 2769 3223
1623 2011 1800 2188
751 772 2645 2666
6850 7694 1836 2680
7994 8021 6007 6034
5558 5784 3074 3300
0 518 1357 1915
8361 8723 497 859
9520 9869 13 362
4036 5130 4819 5913
6549 6852 8696 8999
8410 8468 1933 1991
6865 7625 7091 7851
7177 7758 5362 5943
8216 8991 1053 1828
9434 9641 5265 5472
2090 2758 9315 9983
5455 6594 6106 7245
9154 9966 8384 9196
3180 3234 8048 8102
2325 3117 1301 2093
6914 7773 2951 3810
7308 8115 7270 8077
9530 9590 3766 3826
4800 5300 2428 2928
3616 4175 3811 4370
2901 3952 4188 5239
6046 7057 6623 7634
761 1615 8708 9562
2964 3780 7431 8247
5259 5678 5165 5584
9756 10000 1392 2354
5036 5371 3666 4001
6179 6790 7493 8104
642 671 670 699
0 932 6808 7857
2921 3717 3826 4622
5268 5695 8404 8831
297 1044 7109 7856
2993 3986 3794 4787
717 1541 2063 2887
2840 3100 278 538
454 472 7997 8015
2943 3757 8951 9765
229 1285 6469 7525
102 509 5880 6287
8378 8498 6534 6654
6212 7248 8848 9884
3738 3862 4047 4171
416 1003 2442 3029
4480 5456 5689 6665
1300 1725 248 673
5594 6557 4348 5311
7114 7305 9778 9969
7867 8904 5682 6719
1761 1874 6678 6791
8509 8791 1285 1567
7494 7937 1040 1483
6849 7831 1179 2161
32 731 6334 7033
9448 9654 4039 4245
0 276 9081 9732
2206 2616 7801 8211
2816 3889 1408 2481
2307 3287 8114 9094
1174 1226 9845 9897
7014 7339 9682 10000
7931 8656 1521 2246
558 1451 583 1476
7971 8045 7457 7531
3710 4205 7325 7820
4615 5146 1200 1731
5439 6420 8928 9909
7800 8272 9039 9511
2190 2261 8035 8106
3722 4564 6031 6873
5920 6730 898 1708
1799 2465 638 1304
2113 2729 9388 10000
2419 3298 0 205
4440 5390 7502 8452
4322 5144 877 1699
0 660 6605 7371
7655 7991 4454 4790
9624 9948 4115 4439
8849 9223 8452 8826
3859 4584 7756 8481
2049 2726 1643 2320
5002 5952 6604 7554
6260 7156 7283 8179
3463 4308 1331 2176
3002 3635 9061 9694
8176 9008 9021 9853
2741 3785 7244 8288
886 1163 1029 1306
735 1037 1098 1400
1406 1525 9339 9458
4739 5029 487 777
4434 4463 5556 5585
314 794 8024 8504
4015 4101 5532 5618
4508 5600 5710 6802
8476 8557 2407 2488
7158 7739 6364 6945
224 268 8660 8704
769 1146 2412 2789
1261 2317 0 840
3716 4463 354 1101
1675 2288 5345 5958
8568 8894 6617 6943
2601 3205 9291 9895
9274 10000 1904 2832
8117 8949 8392 9224
8108 8335 1251 1478
6516 6813 9134 9431
2051 3079 7456 8484
4521 5356 5431 6266
2132 2335 2580 2783
9215 9491 526 802
6381 6477 4182 4278
5574 6374 2694 3494
1738 1810 4726 4798
1414 2185 6684 7455
6203 7116 9785 10000
340 497 9613 9770
2198 2805 2177 2784
7915 8491 7244 7820
6255 6739 1422 1906
5183 6039 8494 9350
6306 6360 8526 8580
1927 2679 1157 1909
13 319 8120 8426
1484 1778 9256 9550
6072 6402 0 174
381 999 5388 6006
1938 2517 6375 6954
5793 6484 5754 6445
2004 3137 6829 7962
1741 2160 7845 8264
2661 3725 7115 8179
782 1322 9362 9902
8281 8652 1629 2000
6577 6592 1045 1060
868 962 7888 7982
4148 4235 9475 9562
8945 9531 5057 5643
4601 4894 6772 7065
2725 3534 7079 7888
9428 10000 3984 4825
32 587 5433 5988
6674 7478 0 664
750 1131 262 643
3957 4995 7092 8130
3382 4521 3796 4935
1821 2181 3741 4101
6790 7103 4515 4828
7870 8450 1640 2220
6149 6892 9035 9778
2515 3481 4000 4966
4770 4861 8390 8481
9456 9471 8039 8054
6117 7026 1864 2773
6868 6998 0 119
3616 4739 7793 8916
1452 1731 1033 1312
9294 10000 7836 8568
8083 8812 3009 3738
6075 6381 7997 8303
1142 2186 1039 2083
2492 3383 0 652
1213 1507 2685 2979
5345 6040 3840 4535
7978 8642 6457 7121
1174 1601 687 1114
1923 2819 9023 9919
4206 5034 3926 4754
672 739 9639 9706
4831 5213 2123 2505
236 1145 8200 9109
5263 5988 2798 3523
1933 3067 3121 4255
7976 8199 1783 2006
6954 7776 626 1448
9168 9371 5638 5841
8531 8901 5417 5787
984 1242 7590 7848
4647 5168 4868 5389
7595 8397 8452 9254
2392 2573 901 1082
9114 9158 68 112
7952 8194 8514 8756
6094 6440 7276 7622
8822 9888 1730 2796
5659 5993 4285 4619
9844 10000 328 542
6972 7038 9301 9367
5193 5708 1962 2477
8083 8212 147 276
5405 5992 4886 5473
3477 3870 825 1218
1986 2936 4476 5426
2562 2734 2479 2651
5092 5881 2486 3275
7834 8300 6422 6888
3816 4619 5968 6771
4951 5189 1073 1311
3567 4606 3064 4103
2758 3076 26 344
1175 1719 5452 5996
5223 5318 868 963
5037 5690 7005 7658
4170 4793 3336 3959
4642 5431 9259 10000
9855 9859 2727 2731
4418 4645 6653 6880
7152 8294 5355 6497
753 933 295 475
6765 6957 103 295
3045 3878 7320 8153
7775 8475 5530 6230
5602 6084 2067 2549
2774 3776 69 1071
8093 8800 4746 5453
1039 2031 1047 2039
9148 9515 1592 1959
7077 8081 1801 2805
5010 5846 3100 3936
5988 7112 9068 10000
6269 6595 0 234
1411 2168 2638 3395
2899 3380 1975 2456
5719 6447 2607 3335
733 1857 8670 9794
5361 5565 1337 1541
7190 7968 4221 4999
594 944 5939 6289
3482 3699 735 952
3435 4438 90 1093
7348 7745 5086 5483
2040 2908 7796 8664
9290 9661 6104 6475
3706 4245 8899 9438
7805 8637 3855 4687
4563 5303 7087 7827
6468 6971 4728 5231
5071 6042 6809 7780
3478 3649 3927 4098
7601 8368 7756 8523
2156 2499 5392 5735
8163 8829 5008 5674
5526 5949 8929 9352
5058 6128 6116 7186
1760 2362 2837 3439
4681 5581 7232 8132
2088 2740 5733 6385
3463 3647 8644 8828
734 1014 2437 2717
2348 3415 1204 2271
5168 6128 4771 5731
6693 7299 6512 7118
6718 7546 2981 3809
2738 3239 9146 9647
1561 2418 2992 3849
6954 7992 0 593
0 63 7384 7666
1030 1377 8606 8953
6564 7645 5150 6231
7899 8106 3637 3844
9911 9932 5830 5851
4378 4921 7837 8380
7449 7652 9873 10000
4998 5948 5198 6148
2730 3393 1365 2028
2515 3154 673 1312
4653 5693 4817 5857
9099 10000 2564 3472
0 770 5957 7064
1759 2221 1469 1931
5163 5163 6848 6848
4601 4995 8429 8823
861 1555 5039 5733
3733 4089 2002 2358
0 918 5142 6089
5756 5946 9835 10000
0 936 6828 7824
5396 6529 626 1759
5 951 3090 4036
1383 2034 4692 5343
4047 4095 6011 6059
149 686 5328 5865
3712 4845 4297 5430
955 1556 9050 9651
561 974 2314 2727
4532 5367 3524 4359
822 919 4399 4496
6618 7140 7266 7788
4037 4904 8676 9543
7778 8029 5237 5488
200 493 7924 8217
45 521 250 726
7176 7901 7232 7957
3618 4000 2701 3083
2544 3580 3864 4900
6796 6931 5853 5988
463 909 9846 10000
6846 7686 0 541
8469 9423 7186 8140
0 279 1759 2180
3981 4114 9032 9165
5950 6306 4556 4912
2640 3570 241 1171
2547 3301 1242 1996
1292 1360 164 232
8252 8314 3660 3722
7178 7246 6035 6103
5939 6783 2500 3344
3248 3966 0 596
5022 5245 551 774
2068 2465 8375 8772
195 778 7945 8528
9645 10000 6383 6777
6854 7734 4016 4896
6436 7513 0 977
896 1224 2488 2816
7662 8630 350 1318
1260 1959 9145 9844
1058 1640 8214 8796
8436 8939 2821 3324
4996 5777 5931 6712
1221 2291 208 1278
6882 8009 8211 9338
4936 5417 8028 8509
1763 1924 1951 2112
9114 9423 6251 6560
8236 9014 8727 9505
1488 1809 6591 6912
1431 2268 3886 4723
5733 6700 4626 5593
1279 2379 4829 5929
9215 9669 7675 8129
0 658 3496 4184
8003 8855 117 969
2652 3652 4730 5730
8647 9177 4091 4621
2665 2987 4054 4376
3265 3701 3420 3856
6975 7925 1796 2746
4536 5633 2694 3791
3225 3316 4261 4352
1335 2152 3439 4256
6791 7036 8186 8431
4252 4857 4464 5069
9764 10000 9117 9754
1684 2616 3734 4666
0 393 6562 7208
4077 5138 5467 6528
944 1863 6847 7766
8845 9907 1759 2821
1967 2096 8246 8375
8015 8317 762 1064
8246 9141 4276 5171
2119 2320 9055 9256
2314 2336 5335 5357
3130 3818 3464 4152
9099 10000 5276 6397
6898 6947 9595 9644
8021 8869 5836 6684
2637 3299 3968 4630
4550 5401 139 990
9278 9762 670 1154
3994 4009 2186 2201
2604 2801 791 988
8257 9022 7407 8172
5778 6459 7472 8153
6552 7503 0 939
1375 3161
6118 8460
8417 8036
4194 9166
7545 121
9208 6611
4116 6391
8227 7254
7768 1187
5910 6693
404 8202
8245 6460
1140 9490
4748 6277
2693 8231
4566 1813
1146 3220
8590 386
161 3029
4740 2503
5982 9246
6691 1402
4338 5170
7894 9526
3384 6802
9943 6122
8039 5609
6995 162
6579 7022
5766 9046
858 759
6599 690
4473 5706
7401 7175
7805 3275
4544 3487
6092 255
3411 5151
2905 5370
7052 1552
7260 3663
8825 9016
6135 11
729 8845
6377 6096
9083 3865
8047 1292
4531 1421
9203 6512
6199 451
9089 2182
3618 4140
8753 7873
9541 3147
7399 9740
9752 6770
8265 5342
5287 1688
937 7782
9784 7125
565 9305
8641 5189
5862 3124
3130 9313
9393 7245
4780 8321
3889 3086
2159 9020
5255 5803
9175 7965
3990 8176
4175 3695
2962 6834
6585 1907
1963 9093
209 7102
823 3421
4859 8264
3308 6755
1262 4974
5414 1964
6849 3647
2564 134
115 2564
9959 1052
8518 9390
2679 1678
3436 9745
9477 8104
683 9558
9529 2277
5129 7331
694 4474
5630 3214
8076 4935
5656 8670
4422 1442
3779 7958
9817 5807
3828 5177
6264 8726
1371 5951
3427 9308
8145 8877
2077 5586
4197 2015
4668 2259
7215 7002
5669 3454
4190 9858
332 1147
6230 766
3953 1825
6857 2444
1634 473
8182 1987
9236 1704
5941 4499
4838 6844
4730 1821
2135 8931
798 9842
3825 6411
3857 6534
3725 948
3588 711
9316 5662
5934 7339
2152 8144
8311 4425
5833 96
6734 5787
5275 5440
7410 8764
723 3779
8463 4850
4272 7415
8296 5967
615 7260
2507 2469
5457 4663
1439 5020
7773 5622
1847 6174
655 1945
9923 9527
8858 1323
8373 3640
7681 7799
4298 5008
6714 9682
2693 2545
8871 2665
1639 1664
627 1193
7782 331
5691 5313
953 4209
8150 3191
811 8581
9187 469
1902 1122
240 4988
8157 7683
3193 6266
4998 3187
9290 5934
359 2112
197 9522
8479 7673
507 496
9198 8706
8398 8308
6631 3189
3002 6128
4893 3182
2817 384
8839 7698
372 3953
584 4711
4969 7668
579 5497
8555 1788
5974 3296
2642 9904
8066 8843
8425 5769
318 4967
8420 4656
5401 9110
4980 2136
8160 2255
1318 6356
8404 4181
8844 2787
1733 586
9161 7458
8217 9277
9245 3136
7180 1011
4532 7170
801 1582
6063 5170
5027 5161
7804 5061
2599 1437
7747 9299
8564 7752
2401 7060
6396 2550
293 9869
9983 9344
7108 8813
2571 9656
8101 4628
8504 8299
2778 786
862 5673
4972 3691
6140 1658
4313 7952
3500 1441
9078 6106
9723 4289
3720 7456
7055 2339
8364 648
6363 9892
4312 7967
73 4062
6695 902
2977 1588
6679 5791
9233 5313
4652 1874
2117 9672
2498 1873
54 2969
6932 5349
3063 3565
782 3525
5885 5896
6895 311
5678 8030
7077 3269
9835 8400
2667 9695
9783 3433
2427 6649
3367 7027
2444 1134
8922 3403
390 9688
8441 8165
2808 5710
3268 2731
6491 5986
2656 8769
6856 2482
9687 4246
6547 5141
8917 3392
8271 180
1602 1734
9311 4244
7358 3435
7705 261
9924 9849
5964 7624
4463 143
2176 4620
4126 9750
8557 4729
9358 2374
1680 3572
49 5137
8963 1330
784 9544
1780 2393
3046 5044
2875 1380
8082 3346
1728 9008
6450 993
1884 6532
9432 8088
3325 4537
8513 7631
4227 6919
3821 4181
9452 3604
8533 8594
8540 6419
8480 8897
8417 7303
6255 5978
6084 7830
6657 5069
9914 2332
4094 2786
3177 1374
4903 4502
7236 6378
7500 3313
8632 4107
4097 1321
3324 5698
6937 5197
8805 700
4903 2430
6252 4752
5485 9743
6604 8860
4894 9361
9930 5809
1331 7381
731 1159
7765 8737
5401 5498
6926 4287
7126 7045
3186 189
6676 7000
7164 3793
5260 4709
1912 4841
9919 3887
8379 5679
4396 2504
6560 9633
230 6933
7441 5151
4497 981
6870 7647
5265 7688
7434 472
652 9922
9092 2173
3831 7456
8609 7265
6072 1071
3210 3371
4827 4399
758 2905
8808 5822
7842 6086
8321 212
1205 8740
7350 9024
9378 5918
3312 5162
1581 3946
6389 1879
7915 7317
5305 3338
6992 7651
1115 1731
2000 6518
9396 2380
245 3703
1450 62
376 5269
9150 4772
7687 2225
471 8850
3398 8372
4559 2703
3734 6610
913 2517
2704 5271
2279 9645
4095 1768
4849 9781
6304 850
5463 4422
9622 3479
9542 6551
7897 7052
3776 6155
8045 5009
7150 92
458 8631
9632 5811
2556 8918
1358 2191
7564 1335
9654 818
8440 4533
8976 3098
3943 9463
7604 7936
5843 6548
114 9011
9136 5979
3458 3897
8980 6012
3832 2832
2638 1477
5174 508
205 3658
5751 7037
7847 7463
7885 4660
2834 6399
3931 9434
6759 7422
7014 3486
7763 6736
110 576
3627 1924
6428 6702
3482 8116
9570 9847
6719 5235
7990 5060
4625 6734
439 6686
6766 8797
1419 6899
3862 4072
9525 4186
4200 9483
6546 9767
2351 9618
4940 2562
7847 3203
1813 1967
756 2647
6984 1902
7996 6027
5645 3119
346 1718
8680 623
9545 226
4887 5855
6704 8970
8463 1968
7362 7254
7380 5625
8422 1647
9548 5418
2190 9354
5499 7005
9613 8511
3198 8083
2899 1706
7550 3759
7613 8016
9578 3771
4886 2564
3781 3871
3228 4674
6807 6927
1190 9400
3301 7900
5580 5324
9840 2222
5131 3955
6393 7686
667 672
482 7190
3432 4190
5470 8515
917 7393
3771 4317
880 2615
3020 404
471 8001
3701 9625
677 6757
362 6133
8460 6582
6716 9462
3779 4159
455 2924
4663 6010
1308 323
5974 4938
7196 9875
8356 5767
1853 6779
8669 1565
7850 1276
7652 1410
572 6676
9652 4141
195 9149
2415 8079
3137 1468
2678 9015
1189 9850
7021 9899
8090 1561
1305 1255
8027 7497
3871 7570
5012 1498
6401 8991
7962 9177
2253 8093
3825 6844
6114 1022
2002 1202
2644 9465
2733 196
4634 8347
4747 1599
298 6686
7814 4604
9806 4396
9217 8491
4406 8179
2253 1728
5011 7389
6309 7467
4266 1669
3412 9413
8974 9418
3544 7506
1061 1195
813 1307
1424 9341
4879 528
4437 5585
547 8407
4056 5599
4618 6275
8533 2469
7309 6720
251 8695
776 2502
1889 341
3838 466
1827 5405
8606 6778
2628 9536
9566 1992
8555 8755
8266 1286
6623 9140
3079 8297
4660 5817
2223 2599
9359 645
6403 4262
6267 3217
1738 4797
1759 7198
6593 9966
468 9734
2533 2467
8066 7555
6704 1624
5890 8506
6324 8579
2334 1273
136 8278
1488 9277
6297 97
537 5520
1979 6468
6468 5879
2606 7077
1755 8077
3677 7490
1171 9424
8347 1807
6592 1045
902 7949
4165 9504
9427 5274
4637 6805
3467 7319
9960 4217
329 5565
7124 457
1124 342
4681 8011
3457 4644
2145 3793
6943 4662
8196 2193
6820 9469
2872 4213
4852 8477
9459 8040
6308 2628
6944 74
3884 7802
1480 1103
9965 8166
8628 3258
6259 8174
2006 1475
3295 228
1233 2976
5588 4099
8184 6976
1461 694
2147 9059
4477 4396
674 9676
4878 2373
374 8349
5482 3267
2012 3741
7984 1917
7282 1108
9287 5751
8622 5723
1028 7626
4875 5162
8086 8454
2536 1014
9118 109
7981 8639
6255 7298
9297 2051
5749 4512
9989 438
6986 9305
5664 2115
8153 177
5791 5328
3635 968
2768 4602
2711 2502
5858 2906
7979 6508
4543 6742
5016 1180
3582 3831
3007 226
1705 5619
5276 868
5299 7438
4586 3815
4950 9911
9856 2730
4442 6869
8008 5576
800 419
6848 146
3609 7565
8370 6185
5678 2136
3296 548
8583 4752
1979 1618
9482 1786
7775 1954
5712 3667
6768 9702
6396 75
1848 3395
3305 2020
5989 3298
1145 9148
5460 1362
7413 4402
663 6209
3615 948
3645 912
7717 5239
2238 8269
9415 6280
3996 9301
8402 4251
5080 7514
6530 5064
5954 7193
3634 4053
7929 7807
2272 5551
8813 5293
5678 9107
5679 6469
2357 3070
5005 8086
2535 6306
3527 8662
942 2543
3274 1233
5873 5464
7163 6720
6959 3597
3041 9407
1578 3644
6975 19
62 7491
1097 8834
7337 6100
8007 3763
9920 5849
4883 8084
7621 9912
5023 5784
2862 1925
2539 990
5503 5591
9680 2607
458 6251
2039 1518
5163 6848
4788 8451
1505 5532
3867 2040
286 5624
5904 10000
620 7068
6301 1077
344 3454
1689 5109
4091 6022
184 5551
4198 5181
1483 9387
950 2419
5338 3633
867 4423
6652 7723
4197 9092
7907 5414
358 8074
109 362
7537 7557
3878 3047
2717 4109
6910 5914
760 9909
7384 371
9185 7966
47 1871
3981 9061
5999 4879
2843 361
3039 1753
1350 206
8306 3703
7215 6049
6219 2913
3708 312
5098 620
2325 8473
566 8112
9922 6687
7382 4571
7394 574
1206 2619
8357 1026
1413 9487
1620 8686
8919 3300
5590 5996
1428 886
7660 9302
5339 8457
1833 2035
9127 6538
8880 9335
1726 6907
2213 4657
6431 5141
1739 5789
9615 7815
156 4099
8398 798
3577 4904
9172 4212
2891 4176
3336 3533
7041 2713
5427 3377
3230 4345
1544 3753
6885 8292
4781 4861
9776 9638
1784 4241
29 6723
4757 5931
1278 7701
8849 2203
2058 8306
8177 1038
8682 4736
2162 9194
2321 5346
3446 3650
9599 5913
6928 9614
8670 5886
2899 4003
5392 348
9371 726
3997 2190
2737 925
8616 8131
6411 8051
6958 593
