800 164 400 14 560
1 1 8 5 4 3 5 7 8 2 8 9 3 1 3 3 5 1 1 1 4 6 4 2 1 6 11 2 2 6 9 4 8 4 7 6 3 27 3 2 6 2 8 1 13 24 14 16 1 3 4 3 1 3 4 11 4 1 4 2 4 10 6 2 4 2 2 5 7 5 1 6 1 8 3 4 1 2 2 6 11 4 1 3 14 13 1 1 17 2 2 1 19 7 10 2 1 3 1 26 1 6 7 2 7 3 8 4 9 2 2 2 3 3 1 2 2 1 4 4 9 2 5 3 4 8 12 1 1 2 1 10 2 3 1 3 14 2 14 7 6 1 1 6 5 8 1 1 2 2 1 1 1 1 4 1 10 4 3 1 6 3 3 10
4506 4735 1670 1899
6424 6637 2106 2319
7326 7483 5546 5703
9435 9762 7196 7523
2578 2684 8034 8140
3457 3508 5181 5232
3249 3433 5455 5639
8597 9070 3871 4344
6232 6320 5992 6080
7455 7873 1973 2391
4105 4216 3047 3158
1997 2152 9540 9695
902 1034 1299 1431
1356 1820 5189 5653
5887 6418 9377 9908
766 1065 986 1285
6534 6792 5924 6182
0 437 9020 9476
2602 2963 5852 6213
3336 3598 1198 1460
2643 2743 4498 4598
1981 2388 1766 2173
6280 6441 8811 8972
6264 6597 0 193
4951 5348 5039 5436
4132 4437 6641 6946
7351 7542 1777 1968
6210 6583 6756 7129
5846 6236 6599 6989
227 274 555 602
2465 2612 2160 2307
2877 3068 2343 2534
5218 5227 3399 3408
4575 4880 232 537
3842 4210 5583 5951
897 1078 1255 1436
9836 9968 4945 5077
5054 5564 9269 9779
4107 4307 963 1163
8450 8845 7589 7984
3181 3639 8377 8835
2250 2603 4483 4836
8152 8615 7258 7721
3969 4003 1151 1185
8326 8677 2792 3143
5801 5888 3394 3481
9590 9723 6766 6899
8797 8868 5280 5351
553 808 7601 7856
4073 4479 4239 4645
1397 1881 1494 1978
839 1376 734 1271
7698 7726 143 171
2107 2251 9190 9334
2196 2418 320 542
1218 1489 3958 4229
4143 4164 8729 8750
7844 7874 6454 6484
7236 7517 374 655
9318 9714 4015 4411
5520 5700 2360 2540
99 276 7412 7589
6569 6980 8474 8885
632 700 3882 3950
4069 4244 8273 8448
0 92 1600 2108
2875 2954 2179 2258
6211 6306 8518 8613
3145 3168 7839 7862
1656 2060 6392 6796
1307 1606 6299 6598
9156 9209 7657 7710
8732 9231 3343 3842
9323 9336 734 747
5901 5918 2540 2557
5931 6199 2516 2784
0 219 5348 5604
782 1066 9133 9417
5060 5142 6765 6847
8924 9141 992 1209
9337 9421 2569 2653
3900 4032 6112 6244
6753 7059 3140 3446
4349 4481 4460 4592
2395 2430 211 246
4559 4649 2096 2186
410 591 9012 9193
0 11 2839 2867
3602 3919 3286 3603
4285 4435 1241 1391
9484 9690 3993 4199
2050 2118 1899 1967
7567 7655 1398 1486
3758 4138 4159 4539
1470 1574 7339 7443
3046 3376 6533 6863
4720 5187 5503 5970
6279 6680 1466 1867
9900 10000 5028 5477
4490 4868 8881 9259
5903 6272 4302 4671
567 624 2881 2938
4193 4649 2705 3161
3945 4253 1184 1492
1496 1821 5052 5377
9423 9678 7877 8132
5648 5911 9437 9700
6492 7002 4775 5285
5470 5696 597 823
7830 8286 4785 5241
6632 6769 4388 4525
8547 8837 8787 9077
1890 2335 3651 4096
1699 1973 4235 4509
6578 6626 6551 6599
2602 2740 4300 4438
4644 4953 2494 2803
792 1178 3776 4162
9373 9772 8935 9334
4310 4502 1527 1719
7212 7635 4936 5359
9797 10000 6748 7059
9524 9880 8508 8864
3329 3696 1774 2141
2037 2294 4767 5024
9404 9892 9679 10000
3764 3843 934 1013
5670 5701 73 104
9371 9675 2772 3076
5884 6411 3079 3606
2541 2613 4426 4498
4352 4453 7809 7910
3701 3710 4677 4686
605 858 4678 4931
8920 9087 872 1039
8131 8465 3099 3433
7594 8029 1569 2004
1651 2029 3085 3463
2872 3343 7005 7476
881 1334 8426 8879
3987 4424 6517 6954
3568 3830 2678 2940
7707 8124 5926 6343
9280 9434 1936 2090
3919 4367 2678 3126
4946 5342 794 1190
931 1222 6987 7278
4397 4705 3959 4267
3076 3597 9689 10000
3272 3278 6227 6233
7437 7601 4297 4461
2384 2663 9359 9638
6467 6893 7827 8253
5929 6372 1646 2089
815 1217 5780 6182
2065 2546 922 1403
5106 5447 9729 10000
4166 4219 9063 9116
9466 9931 246 711
6878 7240 5472 5834
6734 7228 8801 9295
4962 5252 90 380
9480 9892 1526 1938
8701 9153 3169 3621
1775 2158 4824 5207
611 828 4415 4632
3258 3683 174 599
3410 3867 2386 2843
5716 5784 7132 7200
6493 6556 0 25
9209 9227 4934 4952
8597 8921 7131 7455
4208 4684 8197 8673
3195 3598 5293 5696
8554 8626 5360 5432
6986 7504 5810 6328
684 971 1484 1771
5425 5720 8357 8652
5118 5401 4387 4670
8167 8202 9924 9959
2033 2458 2814 3239
7413 7789 7863 8239
792 919 1315 1442
6812 7165 6043 6396
1062 1367 4942 5247
9133 9544 7040 7451
5094 5169 7908 7983
7170 7536 5883 6249
8227 8629 5056 5458
1450 1608 7535 7693
3918 3975 6171 6228
7777 7918 221 362
0 198 6312 6595
719 1185 4921 5387
8483 8885 8162 8564
1129 1211 926 1008
9727 9797 2586 2656
7680 8159 4508 4987
3001 3064 4421 4484
1077 1578 5626 6127
4770 5206 1511 1947
9174 9711 4268 4805
3159 3605 7880 8326
3347 3785 4958 5396
3833 4149 3317 3633
4254 4591 5667 6004
6294 6360 4715 4781
0 222 8999 9353
1677 2040 142 505
1355 1909 5424 5978
6235 6414 4723 4902
817 824 2177 2184
2122 2205 4524 4607
3395 3401 9808 9814
9401 9909 5745 6253
6433 6990 5958 6515
2732 2854 2882 3004
5924 6435 1065 1576
8913 8919 9542 9548
5085 5269 8818 9002
7612 7720 8383 8491
7764 8196 4999 5431
4907 5059 5612 5764
2560 2733 8080 8253
5313 5537 6356 6580
170 721 2885 3436
534 868 7276 7610
3020 3478 8298 8756
386 889 97 600
2840 3110 9129 9399
4218 4262 9851 9895
1173 1392 4759 4978
7873 8364 9403 9894
5900 5907 1797 1804
1912 2466 5210 5764
4576 4685 648 757
3212 3525 5199 5512
3030 3475 1816 2261
4058 4072 6858 6872
8844 9251 9506 9913
972 1312 3477 3817
9459 9648 2419 2608
9938 10000 7242 7456
8508 8807 7072 7371
5125 5586 5990 6451
1766 2313 1189 1736
2650 3074 4355 4779
6547 6715 3000 3168
8782 9334 5288 5840
9635 10000 6485 7030
7941 8004 3308 3371
3671 4209 961 1499
2572 2883 587 898
7153 7401 8966 9214
614 914 8910 9210
9064 9502 5525 5963
6019 6226 9599 9806
8730 9026 2672 2968
5718 5856 7193 7331
5602 6065 791 1254
1382 1516 1676 1810
7858 7892 121 155
2796 2827 8206 8237
2149 2482 8310 8643
3415 3417 956 958
8866 9102 6104 6340
4969 5284 7682 7997
3824 4375 8470 9021
7519 7759 4497 4737
2838 3398 7430 7990
9083 9261 2919 3097
1431 1828 3422 3819
6095 6414 2949 3268
4997 5046 3686 3735
3977 4106 5907 6036
7607 8015 3543 3951
642 802 6240 6400
4444 4740 1339 1635
1507 1886 5290 5669
799 1156 3793 4150
1010 1236 3991 4217
4191 4289 2657 2755
4403 4591 7222 7410
9133 9196 4369 4432
8871 9387 8142 8658
5921 6434 611 1124
8923 9482 4354 4913
9063 9272 6332 6541
8185 8558 8816 9189
6778 7204 6719 7145
6280 6704 3052 3476
6134 6492 6509 6867
8902 9131 631 860
3015 3437 837 1259
9421 9965 297 841
5225 5362 8042 8179
8665 8748 49 132
6438 6465 5586 5613
985 1334 5143 5492
577 865 8203 8491
4293 4795 122 624
5941 6110 3224 3393
6631 6998 7640 8007
8880 9070 691 881
7239 7622 2999 3382
4450 4968 6779 7297
2844 2956 950 1062
4399 4592 4148 4341
4722 4766 8436 8480
5147 5465 7517 7835
5791 5956 338 503
2664 2998 0 168
3004 3353 8032 8381
7748 7876 1199 1327
3539 4045 2210 2716
9280 9722 7791 8233
2116 2217 3275 3376
617 1050 826 1259
2729 2993 2235 2499
310 358 5636 5684
3304 3529 7337 7562
559 787 936 1164
3301 3544 2374 2617
9540 9712 8763 8935
2195 2556 84 445
4497 4744 9314 9561
6150 6247 1033 1130
2494 2743 5982 6231
6535 6878 9171 9514
9654 9896 0 96
2753 2889 1637 1773
3917 3948 137 168
3942 4390 3363 3811
6717 7246 3302 3831
4214 4416 8903 9105
2160 2582 6814 7236
7279 7610 125 456
6868 7247 5545 5924
4209 4399 4584 4774
2739 3284 7006 7551
9576 9896 1690 2010
1089 1455 4726 5092
8769 9103 7267 7601
2758 3254 269 765
7248 7490 8259 8501
4466 4485 5041 5060
1129 1385 8320 8576
3367 3571 112 316
9191 9531 3524 3864
4553 4633 1636 1716
8656 9101 1988 2433
3671 3815 7926 8070
6024 6477 5222 5675
6915 6929 9060 9074
1672 1861 8795 8984
8837 9376 0 450
4917 5429 8240 8752
3610 4075 0 278
1959 2442 5067 5550
205 215 6529 6539
8664 8912 4065 4313
3285 3405 8854 8974
3397 3828 3467 3898
8225 8233 9578 9586
2426 2658 7403 7635
5337 5383 2667 2713
3566 3818 8378 8630
3439 3512 4746 4819
1920 1955 5256 5291
5585 5597 2758 2770
1784 1978 1998 2192
3246 3708 8738 9200
3262 3478 7512 7728
1231 1704 3114 3587
5335 5882 3715 4262
3680 3911 9220 9451
853 1030 702 879
380 775 1840 2235
9813 10000 5282 5633
3973 4471 7099 7597
6708 6819 2477 2588
6207 6551 1568 1912
2713 3039 3372 3698
3662 3998 580 916
1076 1483 308 715
4570 4976 9832 10000
5927 6353 5995 6421
550 696 1576 1722
3545 4050 5032 5537
6802 7106 3053 3357
3221 3587 2127 2493
7780 7974 1380 1574
2578 2711 4843 4976
2447 2786 5243 5582
3170 3338 4232 4400
9529 9866 2831 3168
3847 3973 7865 7991
1969 2477 2017 2525
2105 2341 6576 6812
3081 3569 8347 8835
3323 3720 2398 2795
6348 6373 5716 5741
1529 1838 2905 3214
8959 9200 6808 7049
9719 10000 4247 4715
2216 2675 3524 3983
9326 9861 0 490
682 928 7431 7677
2784 3067 6810 7093
1321 1522 2012 2213
1655 2142 8139 8626
5032 5497 4961 5426
5599 6042 5361 5804
3488 3750 9519 9781
3881 4181 124 424
2429 2502 1338 1411
7736 7927 4369 4560
2281 2639 4501 4859
3925 4020 9081 9176
534 1023 9533 10000
6984 7004 8855 8875
6414 6595 2604 2785
1716 2227 9166 9677
7686 8122 7664 8100
6537 7030 1204 1697
883 1311 0 382
5390 5946 8377 8933
5011 5052 1032 1073
5467 5984 0 298
48 583 5797 6332
3661 4071 7852 8262
5384 5574 276 466
8327 8838 8050 8561
3428 3605 9208 9385
6146 6265 7901 8020
9736 10000 3866 4226
1007 1251 3249 3493
1837 2159 4144 4466
8522 8638 847 963
8084 8469 5565 5950
7348 7551 3242 3445
5247 5290 3636 3679
5746 5870 618 742
3532 3786 5144 5398
0 266 4728 5097
3828 4313 2903 3388
6056 6539 1437 1920
7543 7896 6943 7296
7071 7609 1657 2195
9261 9479 9083 9301
7980 8081 485 586
7310 7360 7308 7358
5338 5866 8485 9013
562 585 2306 2329
6267 6532 7041 7306
3479 3973 8208 8702
8759 9134 1476 1851
148 328 9490 9670
4279 4807 6139 6667
1610 2142 35 567
2862 3367 5023 5528
7454 7491 2869 2906
20 261 2661 2902
1391 1394 817 820
6236 6385 2811 2960
3144 3424 803 1083
1406 1490 8658 8742
2139 2688 2220 2769
2341 2352 1426 1437
2284 2831 7465 8012
8098 8259 4466 4627
6709 7066 8348 8705
0 25 6393 6555
6333 6375 9483 9525
3924 4147 9660 9883
834 1189 9151 9506
8289 8440 6122 6273
7873 8209 7863 8199
232 298 4316 4382
2367 2913 3316 3862
1919 1935 2911 2927
2714 3079 1646 2011
6398 6791 4335 4728
6903 7044 468 609
5061 5578 7898 8415
6947 7127 324 504
4524 4539 5052 5067
4922 5212 5722 6012
5106 5250 3781 3925
8049 8374 8383 8708
4574 4780 5889 6095
2349 2379 665 695
3712 4243 5353 5884
8628 8847 7677 7896
9220 9504 3965 4249
3893 4394 5378 5879
0 197 735 1045
1629 2107 1708 2186
7751 8290 5040 5579
7904 8027 3328 3451
6364 6739 6089 6464
9616 9952 1115 1451
7495 7922 6941 7368
4110 4567 3982 4439
6906 7090 7144 7328
4626 4915 2733 3022
77 83 4663 4669
9289 9318 7842 7871
4577 4936 8377 8736
673 787 4436 4550
5358 5482 2354 2478
3270 3739 3497 3966
3185 3325 9745 9885
395 516 7063 7184
3660 4048 5059 5447
6035 6505 2615 3085
3884 3979 8994 9089
8099 8511 5791 6203
7685 7982 2954 3251
2537 3034 7578 8075
5444 5638 9490 9684
232 460 5124 5352
5161 5220 1919 1978
2284 2643 4428 4787
3117 3190 5121 5194
7326 7690 5451 5815
6376 6741 563 928
3171 3293 3560 3682
8533 8541 2771 2779
4384 4561 8774 8951
2706 2817 9099 9210
2011 2345 4748 5082
3283 3305 8607 8629
4304 4804 5788 6288
8786 9063 3487 3764
853 1005 8179 8331
8765 9313 3309 3857
2025 2477 1105 1557
4162 4534 3803 4175
255 681 9699 10000
3527 3583 2984 3040
794 1146 6214 6566
748 1264 3317 3833
0 396 7296 7765
7107 7421 1367 1681
4024 4337 8623 8936
3888 4374 8877 9363
8438 8542 6053 6157
7690 7852 6755 6917
9440 9933 1818 2311
4786 4973 4994 5181
1982 2292 9777 10000
4079 4372 3786 4079
8536 9092 6063 6619
1541 1622 5517 5598
5286 5311 8063 8088
2473 2742 3814 4083
3222 3280 5074 5132
3826 4297 1638 2109
5542 5795 1546 1799
8846 9279 5865 6298
4008 4131 512 635
9611 10000 8105 8514
3502 3928 2742 3168
6158 6402 7539 7783
8462 8531 8054 8123
2086 2089 3815 3818
5902 5943 7383 7424
3073 3612 406 945
6359 6689 8665 8995
3999 4545 3379 3925
8332 8619 9865 10000
4312 4364 9929 9981
6137 6213 142 218
4002 4405 962 1365
4107 4217 8638 8748
2094 2496 6632 7034
5892 6142 1321 1571
1195 1741 2887 3433
5813 6018 9135 9340
8071 8229 6378 6536
6183 6319 7707 7843
5289 5684 7632 8027
5648 5842 9439 9633
6836 7332 1213 1709
9276 9639 1306 1669
3108 3341 7309 7542
9313 9693 605 985
5940 6273 7357 7690
274 496 2663 2885
2204 2548 3355 3699
4516 5031 3709 4224
8107 8666 1033 1592
5239 5350 5926 6037
9431 9776 3358 3703
7558 7659 7892 7993
4242 4344 9032 9134
9274 9341 2902 2969
7100 7310 4363 4573
9083 9434 3526 3877
9433 9647 5746 5960
4660 4696 3240 3276
0 145 0 418
893 1264 1458 1829
8373 8418 4871 4916
5343 5747 6953 7357
6138 6534 8067 8463
675 1024 3121 3470
7898 8172 7844 8118
4759 4911 31 183
9339 9439 2828 2928
7731 7858 4826 4953
8491 8975 7128 7612
2922 3189 5899 6166
1959 2126 6694 6861
7402 7521 4635 4754
7642 8163 9639 10000
720 795 5592 5667
5266 5354 8132 8220
6409 6731 5509 5831
3834 4072 4657 4895
9215 9647 9154 9586
9507 9629 5082 5204
8196 8307 7076 7187
4115 4272 4731 4888
1273 1353 4558 4638
3688 4004 8236 8552
2658 3133 2056 2531
9652 9747 2774 2869
2888 2960 3765 3837
4332 4566 3987 4221
2735 2787 4682 4734
7257 7257 3158 3158
6398 6438 7450 7490
7315 7682 225 592
650 1088 2181 2619
8590 8790 5461 5661
6099 6241 2147 2289
3739 3861 6384 6506
1119 1135 519 535
5550 5870 8387 8707
6120 6344 1296 1520
9973 10000 8024 8057
4915 5275 5191 5551
5407 5594 1009 1196
1482 1979 593 1090
5598 6134 6581 7117
5063 5361 5851 6149
4582 4853 2174 2445
3482 3787 805 1110
2963 3322 2126 2485
625 1157 3999 4531
4251 4334 7096 7179
1710 1930 9219 9439
7205 7721 3197 3713
7417 7568 2668 2819
4456 4960 5818 6322
6706 6751 7312 7357
5375 5378 8570 8573
3822 3874 2444 2496
7302 7735 3242 3675
5208 5701 5392 5885
2293 2637 6793 7137
559 800 8617 8858
914 920 825 831
2343 2634 2385 2676
7985 8352 6422 6789
9629 9705 6817 6893
1782 2223 8702 9143
2921 3171 2750 3000
2882 2896 4714 4728
4959 5168 6400 6609
3596 3705 6531 6640
8295 8809 5433 5947
9196 9492 4804 5100
3366 3440 5301 5375
4728 5044 1724 2040
3259 3792 1606 2139
736 746 5187 5197
2619 2680 7253 7314
1277 1534 3491 3748
6306 6723 1688 2105
6975 7009 9838 9872
4213 4428 3405 3620
5781 5877 704 800
6678 6728 1504 1554
5606 5989 716 1099
2200 2457 2597 2854
9578 9781 4301 4504
449 710 9634 9895
3184 3556 7957 8329
8234 8396 320 482
6819 6941 8057 8179
9477 9918 6686 7127
7809 8115 5324 5630
6250 6810 8035 8595
3735 3948 6613 6826
2778 3244 8216 8682
4834 5341 995 1502
8079 8596 8787 9304
8660 9114 2226 2680
6983 7060 2032 2109
6259 6717 9552 10000
8328 8514 7546 7732
218 302 1750 1834
5894 6414 9161 9681
9619 9935 4751 5067
8608 9142 545 1079
5182 5465 3824 4107
9636 9733 683 780
5425 5865 2285 2725
7 449 9099 9541
5480 5861 9705 10000
6406 6843 4660 5097
6210 6330 432 552
12 59 7362 7409
7404 7767 1070 1433
4813 5326 9116 9629
6232 6432 7425 7625
4617 4742 6322 6447
0 320 4514 4888
6511 7030 229 748
5672 5863 9147 9338
997 1466 9076 9545
3662 3670 4839 4847
3067 3363 846 1142
1313 1315 8169 8171
2936 3392 8986 9442
8612 8753 3254 3395
4372 4392 6915 6935
546 638 2813 2905
6975 7275 7872 8172
2097 2638 3273 3814
980 1421 8587 9028
752 1146 1581 1975
2696 2851 8037 8192
1906 2165 1506 1765
6459 6546 5727 5814
0 307 8316 8784
572 820 5639 5887
8347 8615 1521 1789
2268 2804 5261 5797
3387 3913 590 1116
8320 8711 2713 3104
8773 9225 1466 1918
2002 2376 3284 3658
8508 8592 1312 1396
3856 4164 5198 5506
8283 8787 6986 7490
2048 2318 4723 4993
8609 9059 9920 10000
8553 8848 5931 6226
0 161 6843 7213
1820 2295 8431 8906
2121 2485 5999 6363
357 649 8801 9093
1288 1840 8408 8960
7135 7541 2242 2648
1891 2114 3926 4149
8470 9015 7878 8423
7035 7061 4791 4817
0 49 7627 7680
1179 1329 5104 5254
8485 8799 5441 5755
4678 4695 1189 1206
2528 2920 794 1186
3086 3237 8089 8240
6264 6514 4645 4895
4081 4410 7549 7878
8464 8730 8548 8814
8438 8544 8787 8893
7350 7840 9499 9989
3690 3924 4043 4277
1284 1599 8980 9295
6088 6102 5576 5590
8345 8870 269 794
9184 9587 9798 10000
6054 6582 4024 4552
1727 1936 3137 3346
3690 3907 4024 4241
5026 5275 8292 8541
6091 6390 439 738
9154 9228 2798 2872
573 634 8940 9001
3052 3346 9142 9436
2439 2558 4431 4550
4105 4475 6495 6865
2439 2643 4950 5154
7947 8003 6503 6559
8039 8528 7423 7912
3677 4026 926 1275
3067 3411 9100 9444
741 825 8651 8735
0 170 1929 2297
3973 4337 7083 7447
342 708 3708 4074
4869 5087 5118 5336
8192 8538 389 735
5239 5720 871 1352
0 121 0 353
4730 1740
6628 2280
7332 5611
9619 7424
2621 8071
3497 5188
3285 5615
8680 3998
6272 6070
7512 2039
4169 3155
2069 9688
917 1308
1471 5427
6074 9875
894 1061
6721 6052
395 9220
2630 5871
3546 1359
2739 4541
2355 1770
6430 8873
6302 60
5328 5219
4378 6821
7542 1800
6488 7119
5938 6936
261 593
2559 2206
3025 2458
5222 3400
4682 466
4059 5946
961 1409
9869 4984
5509 9348
4229 1115
8467 7645
3445 8428
2252 4540
8321 7346
3981 1169
8561 2992
5857 3427
9620 6840
8837 5340
775 7612
4166 4477
1764 1553
952 1089
7705 154
2113 9323
2407 477
1368 4114
4159 8735
7872 6473
7344 466
9534 4241
5695 2401
144 7467
6746 8877
658 3914
4229 8412
18 2065
2896 2229
6217 8531
3163 7843
1860 6722
1376 6303
9159 7659
9052 3441
9327 742
5918 2540
6179 2705
86 5459
1057 9197
5102 6791
9072 1161
9357 2623
3941 6118
6941 3410
4402 4583
2429 226
4583 2142
490 9151
4 2861
3771 3341
4365 1257
9593 4025
2077 1925
7615 1442
4118 4349
1507 7342
3291 6855
4904 5963
6374 1560
9998 5328
4801 9175
6224 4528
572 2919
4450 2920
4033 1278
1671 5298
9583 8120
5802 9521
6754 5112
5671 792
7959 5134
6634 4399
8720 8965
2146 3894
1866 4312
6588 6559
2622 4405
4867 2542
1036 4154
9449 9252
4408 1604
7357 5339
9905 6774
9585 8781
3334 2102
2099 4875
9614 9981
3775 938
5692 96
9628 2850
6212 3133
2565 4453
4378 7827
3704 4686
824 4930
8995 894
8324 3103
7823 1816
1730 3175
3142 7139
1093 8594
4018 6837
3694 2895
7957 6013
9408 2029
4250 2713
5024 1100
1146 7075
4591 3969
3341 9714
3278 6233
7455 4363
2515 9492
6859 7974
6291 1890
927 6156
2467 1177
5186 9873
4207 9116
9479 448
6903 5604
6900 8890
5076 358
9616 1742
8744 3493
1953 5048
713 4545
3573 331
3611 2414
5740 7132
6548 0
9210 4947
8908 7426
4463 8248
3381 5674
8555 5393
7272 6273
904 1494
5581 8575
5391 4629
8202 9942
2302 3090
7468 8235
853 1428
6848 6347
1219 5135
9415 7175
5105 7953
7342 5956
8413 5259
1607 7550
3947 6193
7780 307
48 6507
744 5361
8606 8183
1155 1006
9779 2611
8140 4721
3061 4466
1507 5709
5144 1726
9620 4402
3268 8167
3461 5239
3969 3505
4440 5902
6314 4723
118 9205
1690 143
1715 5811
6400 4819
819 2181
2205 4578
3397 9808
9689 6166
6922 6423
2808 2915
6008 1110
8917 9547
5119 8982
7655 8462
8155 5047
4948 5703
2586 8138
5351 6535
699 2888
672 7424
3125 8320
394 592
2891 9145
4254 9862
1339 4922
8344 9499
5903 1797
2302 5263
4653 716
3423 5409
3311 1844
4066 6864
9121 9525
1105 3720
9540 2526
9970 7363
8652 7314
5227 6305
1767 1224
2794 4705
6709 3074
8914 5403
9875 6819
7969 3330
4185 1350
2749 750
7355 8970
740 9084
9334 5790
6167 9772
8913 2896
5759 7223
5933 1106
1402 1756
7889 121
2798 8229
2253 8580
3415 956
8908 6124
5064 7758
3981 8546
7590 4505
3212 7933
9190 2982
1828 3497
6406 3039
5027 3686
4070 5963
7943 3896
680 6386
4686 1344
1517 5297
975 4010
1171 4003
4253 2754
4451 7287
9156 4421
8952 8430
6395 919
9350 4808
9207 6395
8416 9019
7053 6904
6417 3375
6181 6807
8963 760
3346 1050
9645 717
5324 8042
8711 122
6450 5610
1016 5187
624 8326
4553 144
6003 3275
6822 7676
8943 804
7402 3353
4546 7250
2851 1040
4422 4206
4728 8458
5176 7829
5829 343
2859 117
3270 8356
7797 1275
3567 2630
9626 8088
2118 3282
699 862
2783 2445
311 5639
3356 7526
597 1099
3309 2514
9690 8848
2323 394
4733 9424
6218 1089
2687 6019
6788 9480
9676 44
2870 1728
3919 149
4084 3541
7228 3462
4251 8970
2309 6952
7556 381
6870 5783
4263 4751
3163 7297
9734 1966
1178 5039
8848 7513
3224 444
7310 8282
4484 5057
1233 8446
3445 177
9206 3755
4586 1678
9038 2271
3800 7971
6040 5493
6921 9073
1676 8940
9350 201
5412 8305
3757 75
2158 5281
209 6532
8833 4182
3402 8908
3447 3726
8229 9580
2552 7415
5352 2702
3687 8462
3458 4799
1937 5281
5597 2761
1893 2113
3599 8924
3281 7572
1405 3280
5357 4126
3788 9376
926 756
492 1961
9966 5407
4276 7115
6759 2556
6304 1585
2937 3678
3695 880
1449 433
4841 9896
6121 6127
630 1667
3638 5147
7023 3081
3565 2168
7888 1463
2633 4886
2569 5396
3329 4262
9687 2998
3952 7925
2404 2428
2164 6710
3120 8370
3472 2459
6353 5725
1764 2971
8997 6906
9931 4695
2385 3962
9774 312
766 7449
2849 7016
1463 2020
1877 8174
5483 5068
5745 5458
3726 9682
3949 313
2435 1390
7898 4469
2474 4657
3997 9100
678 9747
6998 8858
6573 2638
1913 9497
7924 7711
6757 1330
934 175
5619 8409
5013 1065
5668 65
206 6109
3899 7993
5530 422
8560 8222
3476 9228
6202 7906
9832 4072
1096 3334
2107 4326
8632 850
8157 5603
7499 3396
5277 3636
5792 635
3659 5395
240 4874
4268 3053
6468 1655
7751 6951
7084 1915
9263 9204
8002 489
7337 7338
5840 8576
585 2313
6342 7280
3578 8631
9050 1560
303 9533
4409 6521
1763 142
3232 5348
7470 2903
22 2675
1391 819
6273 2813
3306 966
1485 8725
2343 2548
2347 1436
2438 7589
8217 4563
6861 8407
24 6482
6351 9490
3977 9860
903 9343
8303 6222
8039 7898
256 4357
2903 3480
1920 2913
2741 1703
6556 4433
6915 582
5575 7905
7046 336
4536 5067
5007 5914
5250 3907
8102 8529
4727 6069
2363 673
4212 5365
8772 7797
9339 4153
4248 5505
189 983
1794 1826
8287 5319
7993 3356
6624 6369
9875 1159
7769 7007
4261 4277
7038 7164
4911 2927
78 4663
9294 7858
4744 8559
731 4546
5471 2442
3711 3610
3192 9791
398 7088
3677 5224
6343 2914
3915 8994
8498 6146
7740 3115
3026 8049
5554 9597
454 5132
5175 1953
2487 4649
3171 5160
7547 5512
6483 884
3205 3643
8539 2773
4513 8945
2809 9112
2141 5020
3304 8610
4756 5983
8845 3620
918 8233
8897 3634
2421 1387
4486 3989
279 9743
3578 3018
1120 6382
1199 3544
87 7339
7252 1531
4276 8733
4052 9102
8500 6087
7728 6787
9729 2024
4949 5167
2035 9862
4087 4029
8773 6204
1572 5561
5305 8082
2573 3829
3229 5090
4037 1747
5568 1763
9039 5932
4113 603
9670 8355
3821 2904
6333 7615
8521 8054
2089 3817
5919 7385
3570 457
6483 8763
4467 3672
8473 9975
4363 9942
6210 157
4208 1164
4173 8661
2118 6901
6122 1449
1253 3130
5849 9287
8117 6490
6236 7729
5329 7764
5717 9608
7093 1263
9590 1482
3229 7372
9388 739
5988 7557
278 2695
2350 3577
4933 3730
8167 1576
5280 6025
9767 3620
7637 7970
4304 9118
9305 2942
7180 4364
9299 3555
9524 5751
4663 3262
108 339
1195 1486
8416 4914
5693 7314
6176 8267
873 3127
8050 8084
4893 154
9348 2867
7766 4876
8518 7228
2958 5937
2092 6816
7496 4727
8088 9810
786 5646
5346 8210
6537 5625
3933 4801
9262 9253
9556 5201
8301 7184
4183 4814
1331 4580
3919 8473
2969 2354
9652 2777
2896 3804
4399 4121
2761 4716
7257 3158
6426 7468
7661 339
862 2205
8729 5643
6191 2268
3843 6473
1121 525
5601 8528
6128 1456
9994 8050
4963 5391
5411 1181
1527 616
6129 7008
5292 6138
4654 2195
3731 933
3203 2459
862 4475
4256 7142
1803 9405
7624 3571
7495 2761
4617 6135
6727 7339
5375 8570
3842 2452
7724 3558
5555 5828
2539 6920
783 8641
916 825
2487 2633
8306 6676
9636 6820
2120 8728
3156 2766
2896 4717
5030 6532
3701 6533
8795 5843
9481 4840
3385 5316
4869 1769
3512 1723
746 5187
2663 7313
1302 3639
6503 1967
7005 9848
4263 3434
5827 799
6679 1515
5726 861
2210 2644
9739 4317
498 9806
3496 7992
8394 442
6927 8083
9853 6991
7817 5459
6395 8222
3772 6776
3068 8364
4963 1434
8521 9045
9109 2502
7033 2050
6572 9740
8422 7726
299 1783
5972 9651
9865 4788
8795 1059
5231 3992
9668 708
5776 2450
340 9330
5506 9720
6673 5000
6306 440
30 7394
7450 1160
5044 9165
6425 7583
4732 6369
214 4660
6578 558
5781 9199
1014 9298
3669 4845
3198 1000
1314 8171
3086 9007
8659 3264
4391 6932
556 2902
7136 8044
2579 3731
1076 8831
960 1762
2808 8100
2020 1601
6510 5760
69 8338
635 5705
8349 1650
2578 5588
3814 673
8408 3085
9126 1527
2251 3640
8551 1360
4069 5469
8601 7197
2171 4885
8919 9972
8794 6021
73 6936
1931 8851
2179 6066
563 8928
1645 8522
7434 2487
1919 4104
8904 8373
7047 4809
39 7661
1283 5109
8622 5519
4690 1202
2556 954
3206 8159
6491 4705
4403 7713
8567 8708
8526 8820
7800 9796
3757 4071
1568 9218
6089 5589
8480 423
9566 9909
6115 4318
1760 3140
3817 4177
5138 8537
6248 707
9172 2849
599 8987
3280 9282
2497 4489
4263 6747
2591 5143
7986 6551
8234 7644
3823 949
3361 9325
781 8697
93 2272
3986 7085
408 4045
4929 5241
8224 701
5410 959
45 218
