800 131 400 10 1832
2 4 3 1 8 1 3 3 3 16 5 9 1 1 10 1 2 1 4 6 8 1 1 7 3 9 4 1 1 14 7 4 5 5 7 14 3 3 2 3 9 5 7 1 2 28 1 13 6 7 5 14 1 7 7 9 1 7 1 22 2 3 3 5 14 1 4 10 3 3 11 3 6 14 12 3 3 6 1 6 6 3 3 11 4 1 21 1 1 5 3 1 13 4 3 19 6 16 16 1 1 1 10 4 2 16 9 9 3 20 2 2 16 1 8 1 2 9 4 29 2 26 1 6 1 13 1 2 1 6 2
4833 5300 9379 9846
2930 3037 9416 9523
0 430 0 760
3791 5200 0 433
1237 1495 4069 4327
1422 3079 0 917
8349 8350 3088 3089
265 595 3493 3823
9313 9931 5945 6563
2954 4254 2943 4243
2739 3478 0 708
2177 2788 477 1088
2268 3461 965 2158
4232 5023 2268 3059
1676 2381 232 937
4658 5813 7885 9040
2746 4423 792 2469
9107 9262 5032 5187
0 1469 0 1715
3694 5111 3933 5350
5147 6510 8064 9427
2 1283 7513 8794
0 253 957 1781
6812 8222 3750 5160
0 399 1848 2374
8640 9285 2331 2976
0 1347 1772 3165
7893 8834 7921 8862
5779 6551 5750 6522
4264 5520 0 542
2272 3285 6996 8009
23 334 7423 7734
7793 8095 2607 2909
84 1871 0 1273
6375 7957 230 1812
5730 7369 8087 9726
8872 9971 2065 3164
5628 5879 3626 3877
9081 9577 9326 9822
2023 3490 4840 6307
4373 4432 3992 4051
8335 9860 6300 7825
4265 5949 7364 9048
569 1152 3237 3820
0 468 7811 9338
0 564 4824 6183
8260 8809 1091 1640
8036 8637 892 1493
3429 3967 2443 2981
6930 8539 0 1306
6182 7045 865 1728
0 957 9698 10000
4410 6155 4930 6675
84 1642 6549 8107
510 2327 3706 5523
4122 4837 8247 8962
5535 7138 8162 9765
5829 6337 9401 9909
1778 2030 71 323
2365 2466 6466 6567
6003 6528 6685 7210
8678 9890 86 1298
0 1128 0 1530
6359 8047 8688 10000
7894 8865 1383 2354
1906 3063 3607 4764
8436 9800 3190 4554
1652 3400 914 2662
1122 2582 2120 3580
3400 4537 1743 2880
7999 9090 6364 7455
5246 6482 3589 4825
3163 4200 8073 9110
6706 8458 8010 9762
9484 10000 2360 3069
377 1784 4474 5881
2185 3444 0 959
3141 4317 3591 4767
8108 9204 8196 9292
6310 7921 9088 10000
6210 7318 8256 9364
7138 8688 6069 7619
460 1761 7001 8302
696 1251 9262 9817
9887 9928 4424 4465
2110 3903 6093 7886
5655 6903 4536 5784
2021 3666 2080 3725
3525 3559 7918 7952
243 1199 1862 2818
3284 4165 433 1314
1928 2077 7316 7465
6289 7460 3171 4342
2566 3081 5348 5863
8701 8952 8082 8333
1765 1982 2671 2888
6744 8457 0 1246
1367 1632 6440 6705
1574 3068 3157 4651
954 1006 9007 9059
0 199 4151 4669
6333 7670 3558 4895
5764 6057 52 345
9354 9749 7363 7758
0 841 7201 8497
3793 4694 8169 9070
3778 4172 6249 6643
2456 4238 1446 3228
3523 5068 7744 9289
3046 4826 0 1690
917 1441 4929 5453
8153 8741 4177 4765
4578 6241 3256 4919
8297 9564 1039 2306
9417 9941 5008 5532
6645 8262 5744 7361
2919 3300 7580 7961
7317 8922 4120 5725
7149 8061 7464 8376
9050 9647 8762 9359
9713 9838 9512 9637
0 93 894 1116
4940 6171 5466 6697
4457 5181 5475 6199
1541 2248 7287 7994
1964 2675 8126 8837
6246 7577 8184 9515
7513 8408 3434 4329
5005 5805 1225 2025
7572 7665 7284 7377
9171 9600 0 226
7430 7689 1345 1604
338 1110 5403 6175
1594 2821 7930 9157
6653 6714 0 42
5654 7034 942 2322
0 557 0 561
2748 2786 1206 1244
9015 9442 1889 2316
6640 7522 6141 7023
5532 6654 3273 4395
8054 8064 3137 3147
8716 8809 1057 1150
3880 4909 6283 7312
3243 4682 303 1742
2913 4438 3693 5218
7906 8150 8299 8543
258 1334 2875 3951
0 1332 4101 5572
8733 9607 4929 5803
1329 2244 8724 9639
6275 7651 5573 6949
8251 9594 5511 6854
5645 6910 5653 6918
8404 8525 3453 3574
6622 7867 6999 8244
4232 5512 9391 10000
5824 6128 5135 5439
3877 5626 1804 3553
664 2431 5167 6934
761 2510 5116 6865
7507 9208 6990 8691
8325 9401 7443 8519
7217 8849 4727 6359
4454 4521 3026 3093
2845 3821 2874 3850
0 354 6877 7466
1360 2561 4722 5923
1810 3148 3555 4893
8161 9540 962 2341
5455 6841 3627 5013
5522 7220 7967 9665
1277 2291 8827 9841
1400 1513 1590 1703
4710 5401 8521 9212
674 1575 112 1013
7086 8537 9495 10000
0 139 9361 9505
4649 6011 3106 4468
660 2053 201 1594
563 1611 3105 4153
824 2556 7742 9474
933 2473 8613 10000
6957 8724 8736 10000
2474 4064 7482 9072
3812 5123 7739 9050
4926 5436 884 1394
141 759 4275 4893
1008 1341 76 409
6439 7531 5117 6209
7661 7773 6059 6171
6806 7832 9702 10000
7400 9018 8826 10000
2506 3250 6976 7720
1093 2662 7181 8750
6714 7694 215 1195
1363 2088 8915 9640
3266 4674 859 2267
4874 5847 7713 8686
3836 4148 6171 6483
5447 6193 7015 7761
5890 6712 4326 5148
3943 4121 2 180
2491 3464 1156 2129
1496 2334 0 311
3805 5551 0 1233
4366 4659 353 646
3480 4917 4604 6041
8317 8345 6744 6772
6488 6677 0 182
4992 5913 1538 2459
8731 10000 73 1673
4183 5924 8776 10000
6517 8333 8128 9944
2790 3424 8382 9016
5935 6031 7815 7911
4537 6157 4120 5740
517 1361 4348 5192
9572 9845 8016 8289
5384 6441 5914 6971
2868 3966 9043 10000
9532 9561 9464 9493
5225 6290 6660 7725
7357 8579 5690 6912
3301 4247 3237 4183
5017 6342 949 2274
879 1771 9457 10000
122 1264 8624 9766
1906 2587 3251 3932
6997 7605 5843 6451
9600 9844 1457 1701
8348 9296 1737 2685
1876 2200 7877 8201
7430 9169 6084 7823
7525 9136 5282 6893
1188 2988 193 1993
112 1443 0 1020
667 1892 6343 7568
4321 5630 988 2297
2442 3097 2333 2988
6244 6632 9329 9717
7306 8646 7566 8906
6162 6177 8223 8238
1534 2744 8293 9503
1783 2768 3209 4194
1597 1701 4632 4736
757 2576 5852 7671
6398 7590 8916 10000
3037 4226 8695 9884
715 1457 4179 4921
8046 9746 5284 6984
2363 2659 7535 7831
7190 8299 3919 5028
7588 7600 8400 8412
8006 9046 1256 2296
3655 3954 688 987
4660 5285 7315 7940
3091 3304 3279 3492
6578 7722 910 2054
5364 5782 5603 6021
5334 6577 748 1991
0 460 5438 6127
0 472 7273 8498
408 1668 8809 10000
6526 8212 1969 3655
4389 4541 7253 7405
4287 6109 4896 6718
7469 8658 8253 9442
5152 5552 5562 5962
0 533 2531 3708
1618 2247 6890 7519
3174 4402 6988 8216
3961 4192 1993 2224
6705 7580 1958 2833
8816 9467 2772 3423
3361 4381 6782 7802
8891 9271 8189 8569
4819 5184 7744 8109
8608 10000 5089 6912
7173 8556 2044 3427
6453 7343 5708 6598
8709 9917 3133 4341
2729 2877 5224 5372
6673 7680 5960 6967
1014 1527 3982 4495
3367 3611 8181 8425
2641 3327 2340 3026
795 2520 1715 3440
7287 8460 2963 4136
9493 9983 3659 4149
6758 7589 7936 8767
0 232 0 764
8802 10000 6642 7982
1437 1732 4511 4806
1261 1525 6340 6604
4579 5347 4176 4944
0 659 9107 10000
7872 9361 2359 3848
0 1254 2819 4451
9441 9637 1098 1294
8141 9714 6779 8352
6462 6898 2243 2679
5059 5221 3078 3240
8386 9112 8789 9515
5767 6084 643 960
3612 4515 6598 7501
6829 8632 6354 8157
1065 2743 2622 4300
123 645 6528 7050
8630 10000 2933 4754
8916 10000 7296 8705
1571 3183 8295 9907
2290 3817 1400 2927
3200 3433 7489 7722
4092 4936 6887 7731
6563 7645 4653 5735
4084 5172 2550 3638
9052 9458 3733 4139
9318 9802 1443 1927
2091 3580 3027 4516
675 851 8733 8909
4650 6386 6125 7861
8947 8988 9644 9685
6841 7704 3502 4365
0 1412 2466 3997
1448 1958 5947 6457
8962 9193 2072 2303
1448 1991 6918 7461
6133 6423 5102 5392
474 1048 7416 7990
2544 2978 8478 8912
3061 4722 1449 3110
6676 7811 4495 5630
1354 2367 1756 2769
5963 6289 6448 6774
5788 6125 8069 8406
6869 8678 5384 7193
374 1817 4162 5605
7441 8011 8570 9140
7142 7574 9747 10000
6595 7572 9679 10000
9571 10000 427 1161
6311 7849 0 427
3727 4896 5639 6808
6063 6101 6359 6397
4747 6509 9389 10000
8373 9231 1288 2146
4849 5923 9454 10000
3113 3213 5239 5339
3900 3921 6060 6081
9246 10000 8182 9166
3107 3286 1896 2075
4953 5465 5279 5791
8938 9852 4074 4988
624 834 9169 9379
2802 3194 6240 6632
6707 8382 3695 5370
448 811 7039 7402
6526 6683 5943 6100
0 1028 8958 10000
6801 8320 6919 8438
1753 3547 429 2223
5852 6621 8577 9346
4800 5940 4036 5176
3485 4479 5794 6788
0 330 6326 7801
7138 7534 3231 3627
1661 2178 0 71
4430 6068 3892 5530
143 1530 0 1147
5455 6667 2572 3784
7059 7351 6294 6586
5901 7572 4110 5781
5727 7020 8757 10000
7401 8429 1493 2521
7676 8680 3676 4680
5528 6983 3411 4866
6382 7214 6616 7448
4013 5285 8163 9435
945 1286 1516 1857
1365 2425 0 655
4723 6478 1704 3459
79 563 6676 7160
6378 7490 4141 5253
0 1439 8031 9775
357 1000 3141 3784
310 1685 5115 6490
8854 8934 7827 7907
7212 7872 9015 9675
1410 1681 1228 1499
0 1250 6994 8555
3498 4022 2394 2918
5218 5361 0 115
1874 2970 4504 5600
0 475 5461 7038
912 2268 0 1304
0 1167 7397 9110
8234 9438 3046 4250
5654 6508 0 167
187 428 8218 8459
1747 2327 2619 3199
4983 5691 4105 4813
4391 6220 6652 8481
4997 6610 3580 5193
7835 8553 3355 4073
6343 6593 3498 3748
5058 6411 8562 9915
6675 7172 2336 2833
7086 8281 6830 8025
1253 2596 1511 2854
417 2246 2179 4008
3876 3935 307 366
3022 3434 8668 9080
9301 9449 7513 7661
6873 8451 0 1527
3823 5005 5417 6599
701 2064 4305 5668
6251 6333 7258 7340
1484 1734 5386 5636
2914 4485 738 2309
0 1378 5650 7349
6854 6997 648 791
5097 5773 2704 3380
5355 6292 6018 6955
1780 2583 8177 8980
7706 8091 9925 10000
7422 8167 7043 7788
355 1213 4745 5603
6758 7463 5023 5728
7647 8185 9094 9632
6980 8159 7644 8823
910 1292 2879 3261
3133 3393 6031 6291
5702 7096 960 2354
965 2631 1919 3585
2116 3037 4978 5899
2426 4056 4254 5884
5893 6894 6387 7388
9620 10000 3489 3903
5350 5589 3288 3527
2078 3680 4945 6547
5252 6940 6845 8533
6279 7344 3859 4924
74 239 8750 8915
1324 1585 6168 6429
607 1674 1625 2692
5275 7032 7642 9399
2072 3081 0 785
788 2059 1417 2688
524 1816 8519 9811
5028 5702 8411 9085
6684 8168 878 2362
6993 8404 687 2098
5136 5249 7611 7724
4744 4849 486 591
439 914 5545 6020
8528 8776 5029 5277
3710 5090 6397 7777
6778 8478 842 2542
2823 3814 2584 3575
3377 4173 6441 7237
6625 8045 8805 10000
6491 7981 3120 4610
0 1019 8013 9117
7959 8118 4385 4544
5527 6641 2956 4070
4928 6351 5776 7199
6682 8385 6073 7776
525 1010 4682 5167
0 489 2023 2619
5793 6938 4295 5440
260 343 850 933
6257 7354 8769 9866
7840 7866 273 299
2981 3199 1656 1874
623 873 5692 5942
3795 4761 9149 10000
1039 2564 7651 9176
585 2379 1279 3073
8465 10000 5405 7026
4372 4430 8828 8886
5386 5388 2957 2959
7890 8623 5152 5885
1640 2904 2924 4188
0 387 8235 9360
442 1339 671 1568
9046 10000 6343 7399
7821 9115 2388 3682
7437 8786 8667 10000
5035 5624 8275 8864
8006 8488 8225 8707
5839 6939 1070 2170
4151 5652 3828 5329
6696 6763 8190 8257
1667 2403 1077 1813
1510 2564 2055 3109
5145 5818 7856 8529
0 93 201 346
8522 9091 8236 8805
6745 6883 6905 7043
5139 6400 8187 9448
5643 7254 959 2570
226 510 3853 4137
7138 8565 8227 9654
2068 3360 6054 7346
2910 4680 8167 9937
2867 3044 3010 3187
6530 7973 8044 9487
1431 1600 2522 2691
57 848 0 785
3579 4871 4929 6221
2985 4700 1871 3586
2713 4301 7731 9319
5792 6340 2250 2798
4143 5767 7597 9221
7163 8749 2602 4188
1801 2760 2608 3567
3876 5531 9533 10000
7883 9012 1591 2720
5204 5815 9290 9901
2071 3472 2863 4264
6883 8011 5560 6688
2208 3620 4370 5782
7990 9638 0 275
3700 4463 867 1630
1015 2322 3414 4721
806 2302 8450 9946
3917 4937 8123 9143
6756 7867 2652 3763
4658 4934 5102 5378
1524 2173 8366 9015
3874 5336 6890 8352
8528 8845 8181 8498
5404 6157 6835 7588
7294 7627 3663 3996
2246 3995 8280 10000
4456 4846 668 1058
3166 4638 0 1467
6134 6977 3923 4766
9016 10000 8083 9709
6599 7080 1824 2305
1397 2947 1129 2679
708 2021 0 1138
1984 3119 6452 7587
2638 3140 507 1009
2764 4493 6008 7737
3109 3885 6710 7486
0 34 750 1568
8229 8603 7458 7832
5863 7109 5653 6899
8500 8695 4357 4552
6663 6834 6203 6374
565 1508 9301 10000
4822 6020 7937 9135
2080 2182 3407 3509
4458 4475 4763 4780
7955 8263 4571 4879
9052 10000 3223 4260
8177 9672 1739 3234
8307 9228 8792 9713
5689 5779 5015 5105
3613 5061 6926 8374
7969 9535 7721 9287
3723 5261 4273 5811
5062 5080 637 655
413 1617 4997 6201
2875 3844 8336 9305
5571 6685 6137 7251
8460 9178 7673 8391
8855 9728 3263 4136
5565 7017 5414 6866
2128 3049 2072 2993
6150 7686 6637 8173
455 2222 368 2135
0 1568 1691 3319
8394 9177 7864 8647
9025 9549 89 613
2919 3050 7992 8123
5827 6037 650 860
8252 10000 7729 9522
2817 3960 5789 6932
1955 3041 7361 8447
4765 6012 7313 8560
931 2464 440 1973
6050 6230 4478 4658
6279 7972 2430 4123
1574 1638 7690 7754
7651 8391 3817 4557
0 1228 6863 8523
259 1072 6594 7407
7294 8916 5191 6813
7663 8161 6974 7472
7040 7647 8562 9169
1988 3110 3909 5031
3009 3962 1257 2210
4377 4812 2444 2879
6174 7618 1487 2931
4240 5415 3506 4681
5258 5783 1204 1729
7191 8660 8770 10000
1732 3285 5188 6741
3027 4098 4729 5800
1528 2473 0 706
7068 8823 6494 8249
1107 1290 771 954
6758 7490 8213 8945
408 435 2067 2094
5273 6736 1748 3211
7715 8910 234 1429
494 497 2122 2125
4638 5074 7418 7854
6679 6977 6339 6637
1506 2854 5214 6562
6854 8606 5474 7226
7571 9273 2273 3975
7069 8057 9165 10000
6118 7572 8856 10000
4548 5631 1638 2721
1127 2051 3029 3953
9198 10000 5545 6831
1026 2123 6158 7255
4473 5018 6103 6648
544 960 9010 9426
8499 9254 8095 8850
5386 6277 4837 5728
2131 3075 0 832
7066 7979 6498 7411
5273 5837 3696 4260
5489 5813 2548 2872
3437 4964 235 1762
2683 2978 9129 9424
655 974 1652 1971
6977 7802 6082 6907
3365 5115 1932 3682
9284 10000 2843 3647
4427 5081 6964 7618
3590 4130 125 665
4146 5820 139 1813
6662 7057 8306 8701
9442 10000 3262 4298
7598 8938 3572 4912
9422 10000 1082 2413
1237 1859 8788 9410
5611 6077 6466 6932
3006 3197 9177 9368
5539 6589 0 1050
3711 3791 5097 5177
5868 6921 393 1446
9339 9862 378 901
5397 6784 5077 6464
0 805 1591 2404
8 916 0 318
1724 3061 0 1224
7834 9211 1873 3250
2697 3752 0 327
7893 8778 7810 8695
6221 6694 8657 9130
6819 7255 5785 6221
0 464 8426 9028
7188 8448 1757 3017
352 740 1207 1595
1301 2037 8217 8953
879 2439 171 1731
1298 3035 6707 8444
2784 2858 1969 2043
5115 6759 3487 5131
6895 8385 4113 5603
3053 3805 823 1575
8348 10000 4962 6768
7849 9333 7073 8557
6112 6889 8625 9402
3417 4271 3751 4605
0 126 9 357
6373 7352 2723 3702
2843 3609 9061 9827
3622 4402 0 665
6527 6754 5367 5594
5779 7538 3898 5657
4778 5661 6241 7124
7506 9016 171 1681
8542 9314 4628 5400
1756 3472 8199 9915
8064 8438 9322 9696
2213 2324 4814 4925
2421 3078 5501 6158
6690 6886 2371 2567
8322 8739 1997 2414
2047 3199 8802 9954
7459 7557 9352 9450
6557 7629 2926 3998
8019 9390 7813 9184
8466 9705 7242 8481
4497 5055 0 535
7035 7885 5524 6374
8888 10000 5862 7539
5762 6755 1872 2865
6931 8052 3396 4517
3521 5283 0 1615
1671 1914 7288 7531
8666 9285 7063 7682
6528 8286 1050 2808
9516 9607 2129 2220
7876 9466 616 2206
7040 8476 1551 2987
3733 5373 456 2096
2154 3945 8796 10000
2499 2962 9115 9578
2412 3027 2814 3429
4829 5863 680 1714
8676 10000 5157 6632
920 2508 7136 8724
8348 8568 7835 8055
4474 4893 6918 7337
884 1490 841 1447
3870 4142 1814 2086
4347 5016 7722 8391
1474 3066 4342 5934
9516 10000 1497 2022
9696 10000 8738 9949
7678 8291 2918 3531
3607 4259 7601 8253
3260 4212 2034 2986
7057 8656 1544 3143
3472 4937 7214 8679
4817 5311 9403 9897
2549 3015 6398 6864
6893 8669 5885 7661
4012 4775 2413 3176
4917 6635 3707 5425
222 969 1238 1985
2523 3698 4442 5617
4688 4774 7729 7815
5891 6235 5615 5959
6981 7759 2572 3350
4343 5608 8624 9889
6084 7789 2081 3786
2904 4071 453 1620
9497 10000 1078 2633
511 819 2622 2930
2153 2862 9414 10000
8420 9616 3023 4219
3355 3501 3881 4027
2095 2657 8349 8911
3517 4157 4357 4997
121 1657 9161 10000
5427 6336 8391 9300
5788 6204 1903 2319
7134 8566 3558 4990
2884 4364 5196 6676
6176 6300 8966 9090
9451 9652 2917 3118
0 222 3352 3590
3080 3421 8995 9336
8716 9677 6184 7145
7682 8706 8118 9142
5146 5534 6242 6630
8823 10000 1654 2982
1134 1955 8093 8914
3426 4108 8929 9611
7144 7291 3507 3654
174 567 5744 6137
9127 9717 6439 7029
9203 9213 730 740
8331 10000 6886 8653
2838 3600 4883 5645
5515 6188 5299 5972
5149 5535 3160 3546
876 2504 6300 7928
7709 8882 2175 3348
5646 7322 718 2394
345 1916 2947 4518
3844 5424 2853 4433
6923 7834 5660 6571
4358 4723 9614 9979
7833 9314 0 266
209 1682 5635 7108
6311 7681 2500 3870
0 661 425 2189
760 2321 900 2461
7514 8433 2186 3105
8943 10000 5016 6786
3141 4010 5691 6560
5418 7192 8198 9972
8518 8789 4272 4543
1525 2699 5513 6687
6704 8483 4830 6609
4612 4652 6122 6162
6814 7167 2683 3036
8087 9674 5401 6988
6840 7778 2405 3343
6587 6817 5366 5596
4799 4929 4375 4505
6636 7058 7850 8272
7244 8793 2450 3999
500 1140 4493 5133
6009 7749 1701 3441
3737 5239 7983 9485
7278 8876 7248 8846
7421 8834 206 1619
8311 9146 6684 7519
5118 9394
2954 9448
120 367
3820 109
1324 4140
2777 66
8350 3088
278 3638
9623 6314
3587 3044
2946 95
2361 641
2916 2107
4567 2404
1814 536
5736 7930
2798 1850
9181 5118
1015 1606
4810 4281
6155 8398
59 8175
62 1505
8165 4795
259 2342
8879 2335
1010 1785
8585 8113
6393 6200
5035 104
3026 7059
86 7470
7902 2799
1293 799
7506 689
6304 9294
9531 2187
5838 3659
9158 9466
3052 5234
4382 4028
8688 7449
5083 8310
995 3432
311 8834
232 5270
8383 1540
8189 1198
3932 2670
7880 739
6779 1671
505 9984
5777 5413
586 7127
1024 4454
4675 8682
6366 8967
6325 9693
1831 138
2366 6555
6367 7123
8736 1260
1024 240
6708 9287
8490 1765
1991 3941
9413 3566
1750 2241
2287 2640
4068 1884
8972 7107
5804 3759
3195 8525
7761 9520
9794 2710
1188 4530
2758 274
3253 4121
9099 8236
7822 9144
6727 8487
8018 7591
890 8187
944 9302
9917 4429
3254 7210
6634 5374
2702 2965
3533 7943
480 2401
4071 637
1950 7398
7296 3206
3061 5501
8749 8127
1969 2711
8327 854
1402 6479
1845 3635
998 9045
67 4255
6940 4699
5955 313
9479 7371
396 7565
4466 8938
4108 6635
3191 2412
4037 9173
4680 1040
943 4979
8574 4219
5865 4445
8854 1637
9821 5112
8252 6192
3007 7912
8613 4544
7965 8033
9602 9317
9719 9521
58 986
5334 5889
5076 6166
1854 7387
2487 8253
6630 9478
8035 4068
5060 1890
7601 7355
9531 34
7513 1489
892 5823
2340 8164
6662 30
6691 1441
284 249
2780 1216
9123 1936
7023 6165
6412 4204
8057 3138
8800 1115
4146 6359
4455 632
3247 4436
8130 8327
1305 3832
337 4538
9491 5765
1774 9353
7396 6409
9542 5667
5737 6613
8410 3502
7342 7659
5332 9409
6067 5175
4281 2002
2107 6658
1355 6158
9201 7424
8900 8407
7402 5547
4508 3085
3379 3532
241 7345
1462 5523
2910 4251
9037 1639
6755 4294
5575 9264
1791 9478
1432 1703
5013 9124
1319 759
7166 9790
90 9435
4881 4106
689 1198
1581 3786
2130 9072
1229 9636
8256 9472
2647 8953
4827 8277
5250 1022
413 4593
1247 99
7477 5822
7705 6170
6841 9864
8782 8834
2525 7080
2446 7268
6829 230
1455 9639
3929 2008
5564 7775
4111 6260
5830 7397
6284 4562
4064 127
3416 1593
2238 241
4045 752
4606 609
3727 5028
8332 6747
6593 144
5545 1717
9210 229
4437 9762
6977 9143
2946 8452
6004 7890
4633 4355
994 4773
9844 8183
6026 6305
2965 9300
9532 9471
6283 7237
7511 6058
3943 3325
5531 2143
1557 9701
248 8685
2017 3544
7338 6276
9650 1688
8348 1953
1879 8138
8882 6769
8270 6309
1692 665
793 624
1246 7105
5456 1584
2859 2382
6390 9714
8415 7727
6177 8225
2499 8584
2114 3358
1597 4635
1275 6541
6769 9361
3411 8835
870 4242
8185 5542
2575 7659
7519 4497
7598 8406
8581 1426
3861 858
4906 7936
3091 3381
6866 1393
5466 5911
5368 1522
175 5504
91 7644
1659 9066
7853 3534
4434 7355
5177 5443
8292 8787
5383 5954
55 3647
2120 7104
3800 8097
3974 2219
7157 2195
8931 3302
3831 7292
9271 8232
4938 7983
9976 5708
8491 3241
7167 5803
8870 3938
2744 5356
7486 6126
1268 4028
3518 8374
3267 2941
1650 3134
8333 3277
9525 4092
7358 8393
165 459
9718 7558
1511 4554
1276 6522
4667 4336
307 9928
9312 2390
342 4033
9631 1185
9423 7409
6769 2393
5130 3154
8679 8908
5894 721
3677 7227
7141 6517
1609 3935
615 6849
8759 4697
9911 7738
1711 9850
2966 2219
3273 7671
4511 7580
7063 5574
4466 2816
9214 4087
9410 1901
2226 3629
739 8771
4703 7430
8976 9644
7111 4074
858 3660
1551 6177
9004 2150
1679 7412
6244 5362
950 7626
2552 8571
4432 3080
6728 4708
2116 1918
6007 6624
5926 8314
7963 6639
493 4280
7920 8866
7447 9948
6746 9921
9599 545
7573 425
4316 6136
6099 6381
5521 9781
8805 1752
5466 9891
3213 5245
3918 6075
9756 9166
3113 1925
5131 5485
9695 4291
713 9232
3064 6391
7695 3725
607 7235
6570 6012
878 9220
6998 7225
3340 1605
6402 8704
5701 4606
3617 5844
17 7492
7331 3462
1959 32
5544 5461
1226 555
6464 3292
7158 6510
6464 4710
6206 8843
7542 2364
8444 3938
6815 3654
6697 6701
4138 8710
1026 1762
1519 22
5286 3405
556 6757
6394 4312
868 8943
705 3145
1644 5794
8904 7827
7265 9379
1430 1348
652 8254
3624 2414
5261 48
2327 5072
398 6632
1738 1303
677 8345
9254 4140
5792 89
233 8269
2040 2631
5612 4413
4926 7422
6312 4259
7980 3718
6468 3527
6156 9575
7134 2667
8109 7144
2011 2707
1501 3566
3921 337
3178 8970
9350 7513
7863 1227
4186 5699
1033 4601
6251 7335
1660 5446
3465 1423
1029 7109
6894 667
5411 3329
5676 6788
2153 8941
7950 9948
7700 7492
583 4922
7448 5529
7854 9102
8131 7955
1058 3179
3323 6117
7093 1545
1381 2171
2410 5880
3903 5067
5932 6740
9884 3560
5446 3361
3590 6322
6170 7061
6425 3995
74 8837
1333 6202
1225 1647
6405 7797
2089 782
1714 2587
1658 8569
5658 8458
7863 2162
7645 1901
5151 7652
4757 527
848 5665
8594 5143
4274 7594
7537 985
3006 2741
3564 6979
6994 8938
6779 3144
105 8477
8069 4444
6318 3025
5895 6139
6804 7325
710 5044
388 2113
6396 4614
288 884
7025 9071
7842 280
3054 1812
871 5780
4200 9891
1386 8020
608 2144
8968 6474
4390 8879
5388 2957
8096 5797
2764 3468
189 8258
832 919
9127 6456
9031 2542
8707 9238
5037 8690
8310 8528
6721 1311
4168 5164
6762 8231
1705 1104
2522 2496
5478 8437
80 330
8983 8504
6839 7024
5567 8307
6947 2007
305 3876
8050 9631
2095 6289
2962 8662
2933 3171
6996 8192
1570 2584
410 154
4359 5523
4475 2093
3096 8715
6194 2272
4832 8743
8179 3859
2391 3053
5033 9600
8331 2326
5528 9738
3315 3116
7414 5696
2306 4506
9084 97
4406 1342
1930 4675
1316 8929
4543 8406
7085 3582
4906 5333
1762 8610
4755 7432
8642 8385
5406 7142
7600 3791
2400 9426
4533 761
4021 453
6352 4200
9850 9000
7062 2288
1856 2370
1086 1079
2692 6786
3100 993
3241 6086
3733 7297
25 794
8313 7745
5905 6506
8640 4456
6668 6274
931 9325
5966 9104
2144 3421
4474 4775
8100 4728
9119 3935
9047 2270
8824 9713
5742 5032
4077 7627
8314 8017
4442 5173
5066 640
492 4999
3474 8726
5959 7163
8925 7975
9600 3965
5591 6267
2338 2161
6467 7462
1339 1026
1561 2479
8553 8289
9031 357
3015 7996
6016 764
9573 9258
3318 5898
2958 8126
5787 8206
2150 1033
6204 4507
7048 2595
1587 7752
7846 4181
660 7468
299 6871
8003 6679
8094 7319
7341 8974
2083 4710
3419 1636
4472 2752
6946 1689
4277 4255
5493 1505
8351 9728
2157 5704
3985 5074
1883 648
7771 7883
1145 849
6996 8837
426 2081
5994 2411
8120 1135
495 2124
4834 7497
6896 6621
2273 5286
7934 5478
8792 3174
7340 9721
6270 9453
5297 2490
1664 3910
9707 5753
1860 6611
4641 6391
771 9256
8882 8688
5434 5438
2197 129
7473 6650
5813 4247
5624 2724
3635 958
2761 9224
886 1727
7315 6364
4920 2957
9907 3489
4642 7507
4122 403
4195 1178
6830 8655
9912 3525
7853 4450
9832 1303
1734 9305
6059 6526
3171 9244
6347 492
3782 5167
6801 544
9410 532
6695 5155
649 1907
280 27
2943 299
7850 2477
3751 242
8442 8352
6264 8989
6879 6201
73 8762
7706 2758
627 1534
1344 8895
1039 1300
2210 7990
2784 2000
5860 3671
7853 4489
3470 1274
8354 5130
8701 8312
6600 9076
3780 3921
40 252
6997 3328
3474 9652
4237 310
6729 5381
6486 5447
4983 6380
7971 678
8740 5235
2473 8625
8386 9586
2317 4823
2611 5663
6789 2482
8709 2167
2104 8907
7513 9423
7071 3305
9252 8773
8687 7835
4583 204
7667 6111
9660 6587
6594 2815
7867 3923
4774 79
1723 7341
8905 7423
7366 2213
9572 2133
7944 844
8062 2415
5307 994
3453 9622
2722 9289
2439 2916
5345 1317
9766 5500
1546 8235
8516 7904
4680 7078
1369 1025
3954 2002
4565 7745
1802 5135
9585 1607
9736 8837
8050 2948
3697 7632
3957 2537
8505 2056
3834 8500
5039 9598
2951 6732
7778 7180
4670 2948
5188 4663
254 1587
3229 5324
4737 7808
6122 5724
7426 3210
5580 8832
7025 2250
3817 1290
9538 1853
542 2825
2522 9765
8489 3628
3466 3938
2477 8612
3726 4843
1352 9340
5901 8818
6147 2199
8295 4299
3944 6045
6212 9035
9505 3038
201 3503
3095 9189
8820 6663
8368 8936
5464 6307
9084 2860
1761 8135
3515 9434
7268 3574
555 6035
9212 6507
9209 739
9937 8594
2860 5463
5551 5725
5454 3233
927 6663
8637 2500
6408 1500
521 4339
4940 4321
7341 6130
4509 9629
8377 100
939 5695
6781 2861
388 2080
1871 1690
7727 2986
9292 5717
3904 6354
5697 8410
8637 4439
1539 5581
8275 5820
4632 6153
6890 2908
8408 6173
7457 2827
6652 5404
4860 4445
6761 8018
7991 2773
950 4596
6261 2605
5103 9173
7844 8338
7444 987
8935 7390
