800 12 400 8 631
129 65 12 30 4 30 29 98 39 99 168 97
9546 9552 5851 5857
5558 5742 5298 5482
2740 3196 7661 8117
570 1067 4518 5015
8005 8027 9138 9160
55 523 2843 3311
8766 9153 1782 2169
277 574 3226 3523
3056 3459 6374 6777
236 801 2843 3408
9168 9302 3890 4024
5440 6048 561 1169
5408 5918 4660 5170
3806 4179 7851 8224
2646 3168 2148 2670
4620 4731 5040 5151
7067 7433 0 262
2059 2319 1508 1768
2124 2599 9121 9596
3496 3883 2169 2556
6982 7144 9498 9660
8271 8679 7815 8223
257 292 7531 7566
6718 6938 4943 5163
5056 5343 7690 7977
4785 5269 7057 7541
1049 1074 5287 5312
2013 2538 7466 7991
1744 2226 4142 4624
3176 3322 293 439
1384 1587 7377 7580
2666 3192 5457 5983
1817 1834 1971 1988
5751 5780 6449 6478
478 884 6797 7203
3885 4127 6758 7000
6869 7377 7702 8210
1393 1541 3872 4020
3150 3622 644 1116
3915 4154 5498 5737
9319 9873 9251 9805
4606 4993 7767 8154
1250 1681 969 1400
2985 3088 2180 2283
2704 3152 9331 9779
9360 9480 2417 2537
2559 2693 2394 2528
18 419 5829 6230
3922 4049 4300 4427
2613 2690 5143 5220
6892 7157 4584 4849
1780 2044 4517 4781
272 721 9195 9644
8884 9356 544 1016
9355 9507 8808 8960
1242 1832 6258 6848
9162 9511 2373 2722
2716 2977 1388 1649
0 430 2183 2636
6003 6213 9236 9446
5703 6108 1320 1725
3457 3770 3881 4194
5204 5492 2119 2407
9755 9987 2716 2948
246 867 8235 8856
2693 2994 6283 6584
4073 4126 3805 3858
5488 5761 3935 4208
2464 2914 1731 2181
6271 6277 9359 9365
2284 2412 7804 7932
6975 7257 8634 8916
7519 8114 1700 2295
5248 5375 153 280
1544 2027 5789 6272
207 244 9816 9853
8177 8483 6728 7034
6313 6568 6299 6554
1140 1472 3413 3745
5285 5802 8264 8781
4804 4919 7722 7837
670 975 826 1131
1867 2093 5059 5285
8289 8426 2473 2610
1977 2375 6079 6477
6624 7084 9068 9528
5556 5592 4049 4085
4434 5045 4946 5557
7231 7259 3044 3072
7098 7689 8421 9012
3879 4267 62 450
3195 3742 7381 7928
1051 1215 6505 6669
802 1172 3519 3889
4194 4810 9356 9972
1905 2183 7874 8152
163 272 7638 7747
7645 7996 2714 3065
3877 4299 6854 7276
6031 6040 7539 7548
8585 9005 7235 7655
9290 9726 9361 9797
2393 2548 9068 9223
1195 1649 6124 6578
7698 8169 7697 8168
8223 8403 6362 6542
7151 7686 9209 9744
6813 7020 4697 4904
8495 8670 5962 6137
8121 8307 4797 4983
4158 4716 9470 10000
1691 2084 8870 9263
830 1309 600 1079
520 956 7280 7716
2005 2328 79 402
4753 4845 4032 4124
9435 9605 4787 4957
7865 8177 8372 8684
5633 6079 4035 4481
6828 6900 1228 1300
122 721 8497 9096
4866 5013 9044 9191
7564 7952 8982 9370
9196 9523 5850 6177
2871 3383 4814 5326
7630 7842 8486 8698
4669 5091 9526 9948
2817 2851 5978 6012
1592 1619 4639 4666
3988 4289 3873 4174
406 577 8824 8995
9871 10000 5191 5441
4902 5457 4434 4989
1414 1553 8801 8940
8550 9018 120 588
3883 4357 3205 3679
4738 5230 4128 4620
9676 10000 91 641
9113 9294 5370 5551
5159 5408 9110 9359
9488 9814 4948 5274
1276 1674 4872 5270
7214 7805 7881 8472
9581 9995 5078 5492
3583 3739 9697 9853
679 775 2878 2974
3492 4001 7324 7833
4477 4687 3327 3537
9070 9174 7984 8088
2861 3001 8366 8506
9293 9296 4945 4948
584 878 8370 8664
8301 8616 9301 9616
9828 10000 2365 2625
676 742 4676 4742
1064 1516 6746 7198
4675 5120 1950 2395
1824 1962 4463 4601
6478 7109 9416 10000
8527 8944 6065 6482
400 1002 85 687
8987 9465 0 156
2967 3229 7472 7734
838 1207 436 805
4788 5122 3664 3998
4436 4796 6736 7096
2716 2870 8484 8638
2743 3266 6680 7203
7764 8121 2339 2696
4353 4407 3597 3651
2813 3135 8611 8933
7168 7615 6845 7292
1934 2526 5107 5699
2363 2567 3554 3758
912 1005 7841 7934
269 752 684 1167
2627 2872 9760 10000
4389 4469 6744 6824
4298 4554 8962 9218
2124 2190 4624 4690
5775 6220 4242 4687
1989 2132 9443 9586
1945 2324 9262 9641
2073 2688 2144 2759
3568 4012 1369 1813
6840 7435 7794 8389
7190 7630 833 1273
9659 10000 4851 5481
467 828 8997 9358
3990 4046 2773 2829
7062 7074 3961 3973
9268 9421 5793 5946
9148 9385 304 541
1926 2507 819 1400
4903 5499 9570 10000
1750 2020 8990 9260
4443 5002 7517 8076
4708 5258 6456 7006
7417 8018 2244 2845
0 537 5404 6027
8455 8680 9792 10000
8070 8478 2943 3351
2675 2821 9699 9845
241 818 2673 3250
2819 3041 1718 1940
1523 1787 9297 9561
8117 8218 9428 9529
3476 3910 5272 5706
7853 8274 4119 4540
6326 6480 3021 3175
9327 9828 511 1012
53 683 5545 6175
4378 4891 5114 5627
260 366 5599 5705
5923 5976 6097 6150
1908 2532 1331 1955
9403 9702 125 424
3902 3914 9509 9521
5849 6090 409 650
9331 9655 7897 8221
8702 9169 6423 6890
7459 7635 8522 8698
5707 6184 1210 1687
4313 4641 1839 2167
1875 2411 8558 9094
2644 2929 2394 2679
6471 7000 7245 7774
5970 6519 3246 3795
5343 5537 6563 6757
4418 4553 2767 2902
2555 2770 1224 1439
9157 9563 4255 4661
2082 2337 5774 6029
3636 4160 5209 5733
0 272 4241 4845
3449 3754 2414 2719
1343 1437 8173 8267
1183 1765 7836 8418
2684 2717 1304 1337
2884 3260 3832 4208
2263 2581 2377 2695
7905 8399 31 525
7818 8288 4123 4593
5146 5337 4171 4362
299 476 6955 7132
7856 8238 3421 3803
5815 6421 1932 2538
6402 6488 8214 8300
6692 6730 1808 1846
2125 2318 5009 5202
2817 3120 6369 6672
0 130 5598 6046
5113 5453 7388 7728
3383 3612 6557 6786
1226 1655 3773 4202
7060 7072 1121 1133
5355 5449 5553 5647
8543 8922 9421 9800
2515 2903 1706 2094
6042 6160 2493 2611
7358 7554 8455 8651
8308 8569 7812 8073
3562 3673 2823 2934
9044 9593 8478 9027
4752 5075 4758 5081
3597 3614 171 188
9472 10000 339 925
3626 4050 6597 7021
4503 4855 2908 3260
5954 6382 6347 6775
2028 2285 9165 9422
5032 5602 7409 7979
4073 4470 1175 1572
7237 7737 9417 9917
4506 5040 8525 9059
4334 4741 8889 9296
8487 8801 4993 5307
5617 6086 6162 6631
6916 7436 9409 9929
1094 1107 5948 5961
7570 7698 5450 5578
6961 7125 6110 6274
708 1136 820 1248
5145 5767 8882 9504
899 1392 5676 6169
7956 8271 6572 6887
7110 7429 3823 4142
9578 9655 2302 2379
7438 7656 7730 7948
166 487 1378 1699
9478 9508 5606 5636
3494 3682 273 461
3088 3189 4638 4739
919 1060 7597 7738
1137 1272 6497 6632
6002 6229 1509 1736
8540 8946 5389 5795
6666 6951 1341 1626
8921 9430 6161 6670
879 1351 7245 7717
5767 5956 8501 8690
1138 1487 2133 2482
944 1245 9361 9662
2885 3187 3343 3645
7984 8447 1480 1943
1857 2091 5086 5320
7253 7746 6356 6849
5555 5900 931 1276
6311 6322 4386 4397
5801 5913 7019 7131
5414 5906 5684 6176
9538 9575 1070 1107
4156 4706 5256 5806
9114 9634 7830 8350
2669 3299 2649 3279
7120 7726 4229 4835
9297 9715 8438 8856
0 407 9195 9650
4408 4949 4324 4865
8924 9420 0 448
7362 7667 5346 5651
9587 9718 8395 8526
4623 4783 232 392
2757 2975 5992 6210
8064 8531 3297 3764
305 438 4858 4991
3550 3681 1025 1156
9058 9060 5252 5254
1051 1117 7891 7957
7915 8288 0 167
319 559 1345 1585
2408 2424 2678 2694
4415 5014 3159 3758
9684 9850 7900 8066
5939 6286 6160 6507
5362 5606 6213 6457
8439 8550 4592 4703
6325 6644 3836 4155
9235 9386 8966 9117
6549 6775 5784 6010
4073 4382 4257 4566
8733 8858 8910 9035
0 489 3536 4135
2765 3339 582 1156
2061 2244 4999 5182
3794 4066 9329 9601
9524 9914 2022 2412
415 696 8867 9148
8060 8256 3357 3553
4349 4854 8498 9003
5286 5659 8636 9009
6258 6692 7037 7471
8586 8778 4020 4212
2746 3015 2686 2955
5860 6224 4778 5142
418 634 6482 6698
465 1090 3205 3830
7033 7034 4692 4693
446 861 5291 5706
6604 6633 5275 5304
7583 7721 8981 9119
4775 5101 5226 5552
8446 8713 8696 8963
5966 6002 5563 5599
837 1415 4534 5112
318 797 3909 4388
9672 9967 5543 5838
5762 6008 7025 7271
2668 3217 4263 4812
9609 9898 4694 4983
9754 9901 2977 3124
9779 9826 7374 7421
7754 8126 111 483
3436 3668 1397 1629
1484 1802 2010 2328
9513 9993 1541 2021
2455 2502 4779 4826
2312 2913 1809 2410
8347 8373 4656 4682
9623 9830 8503 8710
5992 6516 5943 6467
7180 7533 4833 5186
5761 6308 3597 4144
8069 8296 6539 6766
8540 9150 429 1039
1494 1758 621 885
5323 5432 4132 4241
6205 6302 6517 6614
2268 2293 3996 4021
1401 1942 4976 5517
2187 2389 2718 2920
8240 8562 1612 1934
0 140 3187 3774
8347 8581 3374 3608
6803 7239 6247 6683
2002 2509 6298 6805
9028 9562 1775 2309
433 950 1611 2128
5600 5771 6862 7033
158 532 3755 4129
8257 8318 7978 8039
1172 1733 7379 7940
8244 8466 3946 4168
6724 7213 2299 2788
8052 8242 3489 3679
5579 5792 1511 1724
9206 9765 5264 5823
8471 8918 1282 1729
7091 7485 1756 2150
7754 8101 4977 5324
2803 3000 6273 6470
4324 4372 4640 4688
44 208 8500 8664
9392 9595 417 620
3944 4266 8135 8457
3248 3355 4260 4367
7171 7585 1300 1714
7235 7387 2521 2673
2915 3261 6774 7120
8720 8834 6053 6167
6295 6770 5633 6108
1281 1667 6393 6779
6411 6493 6258 6340
4713 5240 7059 7586
4501 4699 2006 2204
6315 6446 6739 6870
3332 3392 7703 7763
9233 9534 3519 3820
9617 9725 6917 7025
9110 9165 8617 8672
7464 7679 1545 1760
503 722 8745 8964
5738 6182 7522 7966
2757 2822 9351 9416
9624 9694 8473 8543
808 1395 7860 8447
6284 6731 2983 3430
8140 8748 4886 5494
6603 7121 5458 5976
1858 1893 1418 1453
4416 4500 1040 1124
7560 7609 6918 6967
6349 6444 143 238
6838 6876 4250 4288
1028 1191 3069 3232
7031 7237 9461 9667
8526 8809 8761 9044
5206 5370 8072 8236
4660 5233 7653 8226
8465 8943 2627 3105
6963 7325 672 1034
2301 2779 83 561
7880 8135 1222 1477
5392 5533 5948 6089
5908 6144 3412 3648
8425 9012 4439 5026
7315 7916 4305 4906
533 976 4069 4512
7622 7783 3007 3168
0 204 4968 5377
139 340 5857 6058
7387 7577 1547 1737
9196 9531 4521 4856
3726 4192 9471 9937
8479 8544 1466 1531
2849 3191 2102 2444
7520 8121 2824 3425
1626 1904 9915 10000
4071 4436 1315 1680
8683 9097 2149 2563
756 1322 1780 2346
6653 6875 6141 6363
1157 1775 3933 4551
5431 5574 6992 7135
1102 1362 3115 3375
7908 8090 686 868
5385 5859 7516 7990
6468 6714 1648 1894
5066 5074 5066 5074
6107 6410 7231 7534
4933 5439 5056 5562
422 653 1328 1559
1019 1537 9719 10000
4049 4110 1161 1222
6263 6892 9265 9894
4726 4958 9119 9351
8454 9029 5042 5617
4280 4509 5376 5605
3657 3747 9501 9591
5302 5550 2618 2866
655 1213 8095 8653
4229 4491 8476 8738
2797 3242 1260 1705
4194 4676 868 1350
2529 2830 3163 3464
9783 10000 9799 10000
3092 3588 1976 2472
3639 3948 802 1111
3473 3961 8650 9138
7744 8024 6129 6409
2301 2806 463 968
623 1006 9061 9444
4575 4648 3841 3914
9916 9945 4797 4826
3458 3694 9534 9770
8582 8667 9869 9954
6884 7087 980 1183
4604 4999 7544 7939
4526 5152 1583 2209
5712 5977 3671 3936
2519 2608 4970 5059
3172 3450 3272 3550
5748 6112 7566 7930
1371 1583 5979 6191
4122 4747 1363 1988
7081 7689 9483 10000
5436 5794 3219 3577
7050 7230 9204 9384
1738 2302 8250 8814
3006 3473 4838 5305
2635 2884 6236 6485
4577 5050 1937 2410
5359 5919 3716 4276
33 349 4300 4616
6660 7241 8006 8587
8780 8848 5179 5247
4972 5057 7053 7138
2984 3143 7720 7879
9783 10000 9610 9947
6231 6808 7006 7583
4955 4962 2346 2353
6838 6845 4396 4403
169 476 8217 8524
8737 8811 8387 8461
3034 3084 3917 3967
2833 3464 2598 3229
7236 7710 8978 9452
1863 1874 955 966
6869 7262 307 700
3712 3769 6746 6803
8074 8396 8023 8345
3127 3215 8067 8155
9478 9490 5117 5129
5707 5892 8043 8228
8100 8673 4226 4799
3322 3829 1532 2039
7141 7523 5225 5607
5467 5799 7619 7951
9134 9686 2692 3244
8761 8935 8751 8925
6954 7124 9526 9696
5675 5741 3422 3488
4478 4610 2218 2350
269 884 6420 7035
8835 8964 4021 4150
7940 8263 3269 3592
5719 6333 0 438
9051 9104 1227 1280
269 758 5844 6333
7939 8343 3285 3689
3640 3777 7963 8100
352 485 0 125
1255 1736 1557 2038
7290 7632 2475 2817
9118 9736 2547 3165
8392 8969 8054 8631
4293 4718 7031 7456
6381 6636 8018 8273
1568 1788 2709 2929
5744 5996 1186 1438
0 495 8053 8660
3406 3737 8386 8717
3813 4035 6904 7126
1966 2050 3428 3512
1094 1305 3396 3607
7866 8084 6887 7105
2991 3004 6338 6351
9602 9781 3336 3515
8169 8786 9345 9962
3958 4132 6936 7110
6531 7046 9210 9725
5651 5673 6344 6366
7371 7435 5918 5982
337 518 3320 3501
5440 5770 185 515
192 416 3810 4034
6833 7221 6693 7081
8909 9154 5236 5481
3944 3999 7164 7219
639 651 1785 1797
5228 5507 4013 4292
5817 6325 9193 9701
2603 2935 8698 9030
8952 9476 367 891
6287 6648 1842 2203
0 467 2576 3102
3122 3279 8417 8574
6738 7011 2533 2806
5100 5510 5125 5535
7452 7490 4533 4571
2278 2567 6054 6343
644 983 8159 8498
2658 2812 9217 9371
9549 9678 242 371
5700 6192 639 1131
2963 3006 1065 1108
6716 6997 1464 1745
9486 10000 1103 1643
6996 7102 9941 10000
1861 2218 8186 8543
5981 6271 5348 5638
6322 6791 816 1285
6189 6819 7478 8108
4433 4885 5418 5870
4214 4464 1562 1812
1567 2078 125 636
8136 8667 7102 7633
8430 8557 2618 2745
7726 8166 6874 7314
708 1071 8670 9033
5004 5523 0 462
5461 6047 2731 3317
3129 3460 7829 8160
3915 4060 4195 4340
4657 5188 3662 4193
7213 7298 9151 9236
4822 5139 8521 8838
7437 7744 4707 5014
6546 6997 5386 5837
6957 7420 3461 3924
7335 7924 1817 2406
365 382 8241 8258
7111 7670 9175 9734
1166 1733 4022 4589
3231 3768 473 1010
1225 1401 4772 4948
4162 4326 6587 6751
7725 8298 4403 4976
5993 6121 2434 2562
7342 7415 3619 3692
6639 7056 3889 4306
6946 7474 7003 7531
584 818 2346 2580
8585 9083 8368 8866
4894 5415 3624 4145
6180 6317 548 685
6002 6321 4245 4564
8848 8987 5056 5195
55 91 1365 1401
5979 6285 8966 9272
5174 5399 6834 7059
8194 8308 3906 4020
1580 2056 4758 5234
445 969 4844 5368
2869 3348 3287 3766
3063 3446 2210 2593
453 1038 592 1177
646 753 7890 7997
7677 8127 1217 1667
9625 9746 9565 9686
2460 2714 3073 3327
1758 1944 9856 10000
1892 2474 9505 10000
1129 1394 3148 3413
6538 6924 2603 2989
3488 3712 710 934
6242 6631 6322 6711
8947 9097 9718 9868
233 777 8552 9096
9120 9633 2206 2719
7954 8579 5312 5937
6771 7160 6080 6469
2940 3415 398 873
4012 4137 8577 8702
2612 2954 2032 2374
336 691 8230 8585
3151 3414 8670 8933
5456 5853 785 1182
6066 6587 2791 3312
3185 3590 9522 9927
4710 5279 1116 1685
2766 2795 1704 1733
1158 1174 8944 8960
3461 3824 3456 3819
8759 8865 5826 5932
6440 6716 7675 7951
5925 6494 0 223
7344 7410 2029 2095
986 1015 9429 9458
7163 7576 1737 2150
8321 8563 926 1168
6546 6750 767 971
6565 6894 6804 7133
1344 1952 9801 10000
4430 4436 4175 4181
2374 2823 969 1418
6534 6687 5383 5536
2299 2600 218 519
8563 8704 5399 5540
8647 9162 4113 4628
6304 6508 945 1149
2952 3324 2255 2627
3391 3515 6735 6859
9627 10000 8065 8514
6060 6157 7629 7726
7751 8226 9182 9657
0 292 6758 7056
4148 4313 3783 3948
953 1506 1977 2530
9888 9947 4751 4810
8353 8962 5014 5623
3667 3701 7477 7511
6999 7032 629 662
1721 1856 8933 9068
8760 9311 6234 6785
7166 7534 8318 8686
4982 5607 6238 6863
7652 7759 3938 4045
3075 3473 7630 8028
5306 5881 7640 8215
5896 6524 290 918
2709 2875 3209 3375
6060 6506 2889 3335
5093 5650 402 959
6416 6672 9216 9472
3506 4084 8829 9407
3504 3874 1623 1993
409 481 1640 1712
1508 2115 304 911
8780 9374 5355 5949
4197 4276 87 166
7676 7689 3806 3819
7730 7821 2553 2644
7954 8289 1285 1620
193 601 1527 1935
8977 9143 2021 2187
8954 9173 9461 9680
8306 8366 3269 3329
5038 5413 5465 5840
421 643 8766 8988
6968 7133 1238 1403
6791 7382 3782 4373
6772 6837 9415 9480
9593 9777 2148 2332
6250 6273 4741 4764
2128 2700 134 706
3457 3522 9299 9364
1881 2305 394 818
6829 7105 2016 2292
2067 2177 9354 9464
1514 1895 7437 7818
2382 2932 8956 9506
3363 3763 643 1043
1302 1790 5436 5924
1081 1433 7396 7748
3924 4401 4651 5128
8020 8380 7710 8070
6987 7337 7283 7633
5188 5309 3362 3483
6770 7357 4052 4639
7812 8261 6188 6637
5168 5722 965 1519
5372 5476 6871 6975
8408 8924 3557 4073
4450 4865 7984 8399
7385 7405 5419 5439
4014 4144 3754 3884
1829 1966 2676 2813
409 509 5485 5585
4267 4755 7948 8436
9450 10000 5988 6598
6721 7218 3257 3754
9884 10000 4467 4618
2496 2690 3802 3996
725 1280 3007 3562
411 436 3235 3260
5684 6196 7232 7744
1123 1273 1346 1496
5568 5978 439 849
6949 7391 1558 2000
8729 9273 758 1302
1118 1137 8910 8929
4730 5175 4654 5099
9907 10000 4512 4989
3538 4015 3403 3880
7230 7614 2232 2616
1184 1251 2124 2191
7351 7472 3982 4103
4913 5094 5923 6104
7811 8351 8822 9362
5156 5776 8970 9590
1019 1063 6121 6165
7234 7570 4542 4878
5252 5662 8849 9259
5747 6329 1199 1781
9654 10000 7102 7509
4032 4222 7323 7513
2672 2884 8151 8363
1316 1649 8092 8425
8394 8773 2823 3202
9546 5851
5602 5360
3052 7926
769 4640
8026 9146
485 3278
8947 1912
301 3229
3162 6399
371 2985
9207 3960
5472 672
5880 4765
4128 7913
2670 2501
4652 5088
7402 242
2089 1510
2424 9236
3808 2441
7059 9503
8335 8189
281 7546
6722 5094
5094 7758
5229 7367
1066 5287
2032 7870
1870 4278
3197 415
1398 7398
3089 5788
1832 1981
5753 6449
555 6972
4022 6906
7054 8208
1429 3994
3271 770
4150 5528
9705 9701
4626 8027
1472 1217
2999 2189
3138 9669
9459 2524
2681 2516
242 6018
3982 4386
2679 5146
7021 4713
2015 4688
618 9622
9227 598
9433 8831
1267 6274
9236 2515
2935 1433
46 2413
6039 9302
5810 1717
3500 4175
5270 2270
9789 2742
761 8585
2933 6338
4113 3814
5674 4086
2661 2013
6272 9364
2309 7838
7080 8904
7979 1862
5348 273
1710 5917
210 9816
8209 6842
6327 6318
1421 3431
5557 8492
4881 7792
696 1092
2068 5180
8310 2496
2096 6204
6627 9289
5582 4072
4519 5281
7257 3049
7189 8461
4086 240
3559 7401
1202 6604
859 3736
4490 9751
1943 8091
260 7644
7809 3010
3905 6882
6039 7545
8964 7290
9399 9510
2470 9213
1513 6260
7753 7745
8272 6539
7571 9279
7019 4769
8544 5979
8245 4938
4536 9696
2000 9257
1262 1002
678 7314
2235 220
4831 4056
9476 4796
8098 8418
5912 4443
6869 1251
647 8647
4998 9068
7867 9140
9331 5940
3220 5132
7736 8642
4846 9526
2821 5980
1610 4658
4215 4131
529 8966
9964 5235
4943 4721
1425 8841
8879 548
4086 3335
4901 4466
9735 615
9254 5504
5246 9319
9632 5166
1426 4982
7634 8125
9948 5377
3697 9767
725 2914
3880 7513
4514 3399
9137 8047
2983 8377
9295 4948
828 8525
8566 9414
9937 2408
732 4700
1467 7056
4839 2050
1849 4468
6927 9644
8755 6285
611 405
9027 8
3103 7478
1078 690
4823 3792
4572 6827
2779 8494
2768 6814
7943 2482
4389 3640
2996 8814
7352 6901
1999 5233
2472 3755
976 7884
500 1130
2716 9786
4467 6765
4530 9181
2170 4629
5916 4443
2126 9553
1994 9532
2264 2151
3862 1672
6891 8030
7560 1040
9887 5318
765 9189
4039 2810
7066 3964
9387 5922
9151 393
1967 1149
5305 9807
1984 9105
4570 7644
4713 6648
7946 2604
205 5802
8462 9811
8118 3228
2726 9719
331 2915
2822 1807
1660 9513
8144 9468
3663 5605
8130 4302
6334 3154
9456 525
377 5583
4465 5369
356 5698
5966 6105
2084 1774
9464 236
3911 9518
5904 472
9579 8079
8905 6430
7603 8682
5834 1645
4336 1990
2021 8728
2724 2435
6783 7292
6366 3410
5525 6708
4507 2837
2611 1389
9446 4418
2086 5821
4078 5272
185 4653
3650 2712
1411 8231
1451 8329
2696 1308
3251 4096
2556 2549
8259 265
7996 4462
5213 4194
342 7104
8142 3710
6190 2396
6405 8259
6698 1842
2139 5180
2857 6476
58 5620
5213 7560
3439 6749
1368 4078
7068 1132
5365 5565
8629 9448
2672 1982
6063 2611
7547 8621
8344 8054
3614 2845
9530 8575
4765 4940
3613 182
9953 613
3910 6839
4589 3092
6287 6729
2281 9177
5349 7718
4379 1188
7494 9555
4767 8974
4461 9036
8557 5006
5691 6606
7410 9824
1100 5960
7643 5537
7112 6223
940 860
5428 9458
1241 5862
8230 6750
7203 4051
9625 2374
7472 7808
424 1400
9486 5636
3638 336
3131 4662
999 7642
1266 6522
6177 1608
8636 5771
6937 1348
9310 6597
1322 7702
5946 8667
1450 2229
981 9574
3060 3417
8306 1875
1879 5312
7288 6463
5567 1245
6322 4388
5827 7101
5840 5777
9565 1095
4668 5538
9540 8087
2688 3172
7172 4469
9358 8465
151 9475
4744 4806
9144 138
7491 5368
9627 8470
4689 303
2878 6104
8340 3503
310 4861
3602 1118
9060 5254
1085 7949
7986 60
372 1567
2424 2682
4991 3529
9703 8031
5971 6321
5455 6242
8499 4657
6512 4151
9330 8979
6591 5948
4107 4460
8801 8982
305 3880
2969 1023
2166 5022
3984 9484
9621 2346
489 8978
8217 3357
4468 8810
5362 8943
6353 7306
8741 4066
2935 2774
5937 5141
535 6584
1014 3420
7034 4693
651 5293
6627 5292
7670 9040
4798 5492
8691 8914
6001 5591
1032 4791
679 4214
9681 5818
5909 7132
3023 4698
9649 4721
9778 3068
9802 7399
7791 151
3491 1539
1669 2219
9918 1860
2486 4818
2873 2388
8352 4656
9775 8689
6412 6001
7290 4835
6032 3691
8133 6700
8662 962
1679 695
5404 4230
6237 6587
2278 4007
1697 5216
2259 2899
8407 1863
3 3467
8349 3579
7100 6616
2327 6555
9273 2257
837 2103
5726 6875
349 4087
8317 7995
1364 7534
8456 4042
6838 2647
8103 3600
5628 1708
9609 5305
8916 1616
7285 2052
7756 5092
2963 6440
4337 4686
149 8526
9566 444
3967 8439
3312 4273
7312 1544
7288 2641
3213 6887
8773 6141
6547 6089
1410 6723
6484 6288
4927 7219
4662 2158
6426 6866
3377 7717
9411 3561
9646 6931
9123 8670
7564 1727
625 8847
6022 7925
2800 9394
9684 8512
1359 8193
6429 3342
8285 5202
7057 5786
1885 1432
4467 1102
7574 6956
6421 176
6858 4257
1038 3192
7148 9539
8565 8801
5232 8194
5039 7793
8595 2837
7311 828
2378 297
8034 1273
5495 6085
6008 3622
8641 4832
7747 4652
578 4418
7721 3110
154 5013
268 5951
7402 1675
9483 4583
3944 9561
8515 1500
3026 2218
8090 3249
1846 9980
4421 1636
8775 2318
1092 2329
6855 6272
1687 4189
5488 7108
1143 3306
7912 695
5772 7651
6511 1653
5074 5072
6221 7331
5049 5084
583 1337
1047 9956
4102 1194
6426 9267
4875 9305
8869 5115
4470 5482
3683 9575
5464 2666
1146 8435
4383 8575
3034 1570
4227 1028
2813 3189
9903 9800
3322 2000
3731 1071
3588 9099
7876 6290
2496 767
694 9170
4644 3900
9923 4826
3508 9707
8589 9915
6897 1018
4629 7550
4914 1745
5902 3722
2530 4989
3366 3394
5882 7856
1461 6063
4531 1498
7294 9848
5655 3545
7181 9316
2282 8586
3433 5137
2884 6419
4660 1993
5772 3940
185 4553
6721 8504
8800 5201
5049 7081
3080 7866
9983 9702
6701 7314
4962 2348
6844 4403
328 8497
8763 8448
3058 3920
3209 2769
7282 9290
1864 959
7107 467
3756 6781
8266 8045
3174 8097
9487 5127
5766 8125
8226 4556
3656 1569
7353 5449
5612 7639
9682 3220
8821 8868
6997 9680
5700 3485
4500 2333
492 6467
8957 4067
8138 3421
5792 129
9093 1277
667 6020
8030 3290
3751 8018
416 121
1473 1714
7339 2579
9281 2946
8564 8376
4299 7266
6469 8144
1612 2823
5824 1366
341 8268
3680 8705
3843 6981
1967 3468
1274 3543
7884 6900
3003 6348
9651 3361
8458 9412
4053 6955
6789 9437
5672 6366
7427 5943
343 3327
5728 387
354 4014
6959 7048
8911 5247
3977 7196
644 1790
5469 4170
5992 9448
2831 9030
9156 693
6484 1985
31 2771
3236 8538
6777 2672
5167 5284
7489 4571
2363 6194
659 8314
2689 9296
9603 269
6006 1120
2987 1104
6983 1607
9937 1524
7053 9976
1993 8369
6265 5426
6573 825
6272 7968
4617 5661
4323 1725
1873 508
8200 7252
8511 2730
8141 7080
958 9025
5041 428
5667 3055
3306 8026
3958 4286
4911 4011
7255 9187
4861 8638
7553 4874
6936 5599
7418 3677
7845 1857
373 8256
7541 9596
1699 4131
3278 555
1337 4853
4312 6617
8088 4519
6030 2456
7377 3657
6967 4283
7070 7240
697 2422
8653 8489
5018 3834
6232 554
6022 4463
8921 5083
63 1368
6098 9109
5380 6844
8252 3988
1623 4941
771 5255
3080 3368
3381 2390
669 777
682 7892
7694 1248
9734 9605
2705 3265
1932 9861
2295 9908
1194 3165
6876 2967
3556 789
6531 6549
9084 9840
683 9086
9434 2478
8488 5457
6873 6208
3161 554
4116 8652
2802 2272
676 8578
3246 8786
5487 1134
6123 2797
3205 9525
5263 1216
2793 1722
1159 8945
3644 3483
8776 5917
6499 7771
6090 96
7348 2062
1014 9442
7322 1896
8530 966
6589 881
6723 7112
1733 9989
4431 4176
2452 1174
6563 5468
2554 410
8638 5519
9056 4613
6466 1075
3038 2300
3407 6800
9949 8443
6123 7703
8151 9239
155 6864
4233 3854
1283 2493
9944 4774
8434 5204
3697 7491
7013 633
1761 9022
9123 6505
7274 8597
5501 6347
7731 3945
3140 7984
5469 7898
5924 710
2777 3253
6297 3102
5108 876
6471 9284
3904 8923
3729 1666
433 1676
1744 477
9098 5935
4198 88
7682 3807
7770 2565
8226 1443
377 1891
9119 2170
9075 9614
8356 3318
5321 5752
512 8932
7067 1382
7061 4267
6796 9480
9654 2165
6262 4758
2671 490
3482 9318
2248 444
6865 2157
2069 9378
1730 7814
2512 9410
3485 778
1483 5532
1159 7588
4298 4798
8116 7897
7076 7563
5283 3468
7268 4342
7969 6264
5513 1343
5475 6947
8446 3802
4639 8082
7400 5431
4073 3815
1945 2726
505 5561
4625 8385
9576 6509
7033 3607
9931 4513
2639 3957
928 3178
415 3249
6063 7523
1163 1482
5610 759
7207 1902
8774 1116
1135 8923
4825 4943
9999 4787
3903 3819
7391 2391
1202 2167
7418 4016
5062 5957
7881 9303
5459 9416
1028 6151
7427 4866
5467 9114
5842 1231
9877 7296
4201 7432
2867 8347
1459 8129
8581 3089
