800 2 400 11 1078
792 8
7783 8770 6284 7271
1523 1699 9685 9861
756 857 5325 5426
5923 6627 7290 7994
3946 4811 5535 6400
4574 5234 7286 7946
8375 9434 7346 8405
415 925 5884 6394
6259 6785 9101 9627
7321 7577 4960 5216
5641 5888 6931 7178
6974 7853 1755 2634
0 856 8984 9897
7202 7313 4629 4740
1481 2551 3308 4378
7087 7975 6370 7258
5514 6540 2670 3696
1093 1344 2506 2757
647 773 4107 4233
8460 8667 3067 3274
2293 3067 6591 7365
3317 4394 6197 7274
7320 7871 6431 6982
1680 2046 3948 4314
8142 9041 1467 2366
4099 4773 381 1055
648 1094 7078 7524
2997 3395 694 1092
4676 5576 2165 3065
1668 2588 7744 8664
7112 7542 2676 3106
5148 5908 6653 7413
147 1098 2777 3728
5612 5966 6454 6808
9573 9887 7924 8238
9226 9515 6820 7109
4787 5250 4178 4641
5580 6308 1291 2019
6771 7580 1589 2398
6752 7315 1968 2531
4848 5120 3300 3572
7708 8196 6031 6519
2307 2719 6283 6695
1757 2179 5804 6226
8181 8737 8839 9395
7476 7825 5930 6279
1555 1915 1322 1682
4999 5258 6848 7107
1067 1763 9172 9868
2315 2456 785 926
4098 4413 2838 3153
3698 4190 345 837
2434 3441 7079 8086
9004 9486 1824 2306
2499 2755 3065 3321
6744 6754 6366 6376
3139 3235 9863 9959
1191 1412 9089 9310
0 113 6937 7619
6022 6236 5540 5754
7294 8328 1002 2036
4901 5358 4521 4978
7326 7598 4543 4815
1775 2405 2864 3494
8143 9157 332 1346
7371 8391 0 464
9324 9990 6797 7463
6039 6291 8195 8447
7846 8501 554 1209
9373 9554 4656 4837
3504 3791 7188 7475
1209 1478 4355 4624
894 1367 1336 1809
6393 6630 5355 5592
6796 6985 2353 2542
3398 3528 4071 4201
4784 5507 4386 5109
2774 2860 4441 4527
5009 6047 1294 2332
9367 9788 7587 8008
389 1142 7645 8398
4042 4166 437 561
9496 10000 9217 10000
3789 4612 2670 3493
4013 4724 7272 7983
0 351 2280 2899
3159 3824 7781 8446
709 1480 2357 3128
3324 3861 6225 6762
2711 2749 2068 2106
7947 8655 3644 4352
8470 9532 7990 9052
1042 1426 8320 8704
8656 8939 1385 1668
6441 7390 379 1328
4535 5554 2625 3644
2725 3001 4211 4487
832 1393 7109 7670
6394 7056 2380 3042
4448 5439 7264 8255
3471 3475 2644 2648
2706 3386 3670 4350
1367 1573 3826 4032
6461 6778 1133 1450
496 899 6987 7390
7505 8173 4838 5506
3148 3808 2690 3350
419 763 220 564
599 1260 4291 4952
6305 6453 9375 9523
4243 4456 3315 3528
6960 7551 5378 5969
7207 8034 7337 8164
6628 7218 5272 5862
5091 5627 163 699
1160 1364 4647 4851
821 1401 232 812
2882 3618 7183 7919
4380 4801 9790 10000
9458 10000 6302 7206
4174 5047 4397 5270
1617 2162 4601 5146
2940 3395 2340 2795
1922 2073 9248 9399
8106 8542 5021 5457
8778 9252 8493 8967
6422 7354 746 1678
3642 4313 2880 3551
0 113 3688 4413
707 1453 4495 5241
7565 8311 5155 5901
944 1862 1226 2144
3688 3983 685 980
1818 2106 459 747
4973 5879 5819 6725
5079 6027 3546 4494
9129 9743 3987 4601
9239 9730 2600 3091
157 539 7133 7515
2372 2993 242 863
6767 6960 9065 9258
2077 2934 7529 8386
7842 8170 4204 4532
1149 2028 2774 3653
4363 4953 6554 7144
587 1425 4999 5837
7976 8737 5435 6196
9324 9337 6480 6493
1637 2665 4068 5096
4180 4769 7049 7638
2831 2961 5876 6006
4705 5182 581 1058
1952 2196 4171 4415
5472 6443 6294 7265
9190 10000 0 953
2065 2309 2257 2501
9856 10000 3342 4330
3570 4495 0 914
9540 10000 3026 3673
1830 2077 2324 2571
7198 7344 9397 9543
2315 2861 7834 8380
9225 9968 1905 2648
2144 2653 1595 2104
3445 4140 3654 4349
6905 7887 3024 4006
3575 4431 5733 6589
3918 4996 955 2033
4266 4966 2198 2898
7309 7611 9805 10000
9306 9318 5472 5484
7506 7876 2063 2433
5051 5956 5495 6400
2652 3549 3713 4610
9417 9711 7239 7533
8026 8875 6545 7394
6056 6887 8500 9331
8914 9727 6371 7184
1 75 4200 4274
19 91 6960 7032
4971 5455 1034 1518
6656 7598 566 1508
1338 1955 2278 2895
1688 2584 6680 7576
4931 5273 5090 5432
6850 7094 3113 3357
2989 3710 9314 10000
4855 5048 2796 2989
8831 9813 1061 2043
2146 2554 284 692
2995 3603 8407 9015
9394 9480 1741 1827
2721 2880 5220 5379
6192 7099 5479 6386
8168 8806 7991 8629
3291 3667 269 645
4325 5301 9083 10000
594 835 2647 2888
7245 7416 8270 8441
6007 6179 9626 9798
1861 2609 0 538
5569 5836 1997 2264
9389 10000 4350 5088
3442 4192 8978 9728
121 680 4446 5005
9110 9956 1929 2775
294 1128 9079 9913
3862 3905 1222 1265
9757 9856 2908 3007
7688 8243 1449 2004
1363 1829 5838 6304
498 1054 0 247
8184 8872 824 1512
7137 7583 876 1322
0 748 0 303
284 995 8038 8749
8695 9159 7128 7592
2246 3294 2993 4041
2881 2934 9050 9103
0 74 182 625
7699 8098 2783 3182
7592 8291 2193 2892
1299 1718 7573 7992
3999 4437 740 1178
6235 6939 973 1677
5799 5983 125 309
7356 8275 3421 4340
4963 5253 8644 8934
4773 5694 666 1587
5241 5796 1134 1689
5247 5591 6164 6508
4589 4884 622 917
7664 8263 8455 9054
4427 5021 0 458
7561 8514 5123 6076
4786 5144 7122 7480
9683 10000 7572 7896
6660 6903 7327 7570
0 32 9219 9254
5639 5876 6769 7006
6037 6614 6378 6955
20 894 99 973
5569 6528 6442 7401
1704 2178 7377 7851
3348 3642 8268 8562
2581 3555 3572 4546
2205 3131 4637 5563
5792 6419 8005 8632
9109 10000 9504 10000
8355 9186 1530 2361
7856 8524 544 1212
7624 7908 883 1167
1432 1538 1547 1653
501 1079 6868 7446
3314 4054 5968 6708
8608 9455 7071 7918
6871 6983 1045 1157
783 1614 7198 8029
9848 10000 4637 5131
307 1236 6759 7688
8003 9020 2130 3147
989 1960 425 1396
722 725 7131 7134
6764 7090 7663 7989
7435 7454 7838 7857
3086 3636 8087 8637
0 745 8722 9660
6571 6780 8439 8648
228 468 9148 9388
1076 1177 1364 1465
2470 3534 2773 3837
5578 6535 2853 3810
8958 9151 0 149
391 928 3774 4311
4657 5265 7318 7926
7583 8150 3947 4514
9313 9455 3134 3276
162 194 5087 5119
7333 8290 3056 4013
9420 10000 8644 9316
6991 7021 8386 8416
8037 9004 2525 3492
0 321 3542 4183
3650 4131 8623 9104
4056 4616 2897 3457
714 1038 2798 3122
7331 7379 1442 1490
6478 7287 9626 10000
7456 7799 7397 7740
2023 3085 2942 4004
2605 2994 5510 5899
2814 2976 5422 5584
9827 9927 2372 2472
3182 4156 7150 8124
1362 2383 6784 7805
3738 3998 7296 7556
4791 4837 7993 8039
8625 9116 8988 9479
2758 3752 1501 2495
2136 2889 4377 5130
7265 7781 5321 5837
8785 9591 6707 7513
2599 3196 9591 10000
2284 3069 6233 7018
2708 3210 6857 7359
5102 5125 6121 6144
8138 9173 7297 8332
1172 1904 1659 2391
5790 6111 2689 3010
1261 1598 4008 4345
8950 9301 9411 9762
4134 4878 4794 5538
6486 7408 2395 3317
7907 8634 3054 3781
595 1413 0 293
2062 3001 9081 10000
2876 2948 8245 8317
9415 9808 4638 5031
2204 2311 4469 4576
3023 3347 978 1302
2690 3620 9070 10000
0 363 3506 3869
5548 5659 4016 4127
5915 6445 6027 6557
9321 10000 4876 5691
4857 5121 1613 1877
6941 7099 3782 3940
3599 4632 8815 9848
5796 5961 1050 1215
5829 5954 8002 8127
9247 9255 6075 6083
7278 7541 7246 7509
6262 6342 4639 4719
4669 5705 332 1368
875 1570 8305 9000
9320 10000 3446 4491
1941 2139 2562 2760
180 550 7536 7906
880 1364 9845 10000
9192 9205 764 777
341 1248 5811 6718
0 45 6614 7168
2613 3026 3461 3874
6139 7002 4418 5281
3900 4456 1892 2448
5263 6330 6628 7695
3502 4466 6561 7525
3663 4166 8359 8862
9215 9652 2399 2836
1837 2193 2152 2508
6392 6870 3272 3750
6255 6702 4088 4535
2358 3359 4485 5486
4314 4556 549 791
5797 6382 3884 4469
1459 2119 8691 9351
8812 8923 401 512
1082 1254 8094 8266
3704 4679 417 1392
2533 3286 8579 9332
6872 6971 6442 6541
8150 9145 0 948
3149 3889 6983 7723
6884 7127 7285 7528
5456 6022 6819 7385
2994 3099 8650 8755
4464 5147 531 1214
3118 3756 9627 10000
872 1241 6366 6735
455 854 7213 7612
6342 7332 0 272
182 956 7084 7858
6828 7746 2829 3747
7732 8197 8859 9324
3575 4192 2058 2675
9745 10000 8556 9339
1391 1693 6258 6560
0 805 6213 7079
9192 9507 6073 6388
7818 8191 3028 3401
4630 5459 8242 9071
4352 4473 4032 4153
6297 6787 8978 9468
5387 5888 6986 7487
1420 1838 7224 7642
7394 8287 3723 4616
0 412 3041 3464
6530 7143 79 692
3272 3696 8132 8556
7939 8808 8225 9094
127 214 9843 9930
3233 3872 0 465
3022 3413 1176 1567
4449 5399 1910 2860
5869 6712 0 728
7955 8155 6160 6360
6089 6453 6641 7005
4777 5204 8278 8705
0 534 27 561
8468 9221 2260 3013
839 1718 3024 3903
7131 8130 3454 4453
3622 4112 6004 6494
2332 2951 3724 4343
6058 6531 8671 9144
5774 6393 6308 6927
2746 3571 4485 5310
3983 4508 8349 8874
7637 8566 1995 2924
295 1256 2037 2998
7396 7795 2811 3210
174 758 2987 3571
6868 7925 157 1214
7582 8498 3295 4211
8490 8891 4830 5231
1079 1218 601 740
61 403 1805 2147
9245 9642 239 636
2440 2722 3140 3422
8718 8986 7360 7628
1876 2552 5484 6160
7590 8147 4209 4766
1732 1874 7106 7248
2666 3493 2178 3005
3930 3944 2090 2104
2217 3211 3543 4537
5271 5597 3774 4100
5216 6181 4129 5094
2247 2665 3453 3871
5602 6164 1579 2141
4558 5352 7963 8757
7729 8700 3085 4056
4036 4259 9344 9567
5984 6603 8157 8776
9157 9798 2084 2725
5654 5834 9503 9683
8071 8157 5063 5149
5594 5975 4481 4862
5810 5814 992 996
1421 1740 4492 4811
856 1129 3725 3998
37 732 1857 2552
6186 6871 1151 1836
317 678 2316 2677
3429 4172 9016 9759
887 1814 73 1000
3453 4225 8446 9218
2951 3778 7876 8703
5143 5660 8557 9074
1782 2623 7258 8099
9598 10000 0 496
7555 8014 5260 5719
1954 3019 7112 8177
5324 5666 4057 4399
6252 6710 5694 6152
1864 2620 8104 8860
1253 2124 1052 1923
579 1116 7070 7607
5684 6274 6609 7199
6045 6278 2174 2407
1726 2407 5865 6546
6518 6534 9490 9506
0 803 3055 4093
3049 3514 2890 3355
9607 10000 2281 2789
2603 3343 2651 3391
4763 5753 7590 8580
6925 7002 7933 8010
7658 8682 237 1261
1740 1789 3773 3822
9006 9316 2172 2482
1428 1747 3151 3470
3343 3824 7623 8104
4052 4992 86 1026
7250 7702 1941 2393
3242 3883 913 1554
8844 9731 6875 7762
7672 7925 8036 8289
21 230 1878 2087
5341 5638 616 913
0 667 1698 2638
6832 6937 8966 9071
6698 7451 2859 3612
1322 2326 3729 4733
3279 3908 3611 4240
2084 2466 1963 2345
8486 8656 8091 8261
6775 7521 4990 5736
2400 3448 1688 2736
2742 2815 3162 3235
7644 8135 7402 7893
8668 9668 5647 6647
9481 10000 51 839
3878 4258 2219 2599
4105 4776 4640 5311
4425 4795 7951 8321
7874 7959 6207 6292
2330 2696 2233 2599
8645 8892 529 776
1814 1919 6490 6595
7698 7958 3942 4202
4615 4659 4599 4643
1887 1996 6761 6870
5360 6139 5243 6022
6134 6533 2647 3046
380 1209 1113 1942
1274 2308 6580 7614
8566 8789 5737 5960
9450 9917 8686 9153
9523 9708 7970 8155
9498 9651 3565 3718
9332 9948 7695 8311
8523 9231 7074 7782
0 506 0 186
6789 7534 9634 10000
7323 7999 3830 4506
5523 6038 8906 9421
8090 8580 1197 1687
7387 8034 1905 2552
2489 3090 8454 9055
2297 2865 1477 2045
9122 9715 9151 9744
7414 7856 537 979
5098 5998 2971 3871
7304 7502 5692 5890
8697 9683 5281 6267
6202 7236 3417 4451
8370 8920 1735 2285
2934 3371 1764 2201
2846 3506 3671 4331
4225 4455 2462 2692
7904 8795 455 1346
8764 9445 5989 6670
7151 8068 2316 3233
3447 4084 7504 8141
7306 7460 6548 6702
7456 7541 2698 2783
4834 5045 1394 1605
1211 1694 7404 7887
8971 9047 4372 4448
3534 3741 3343 3550
4630 5339 4091 4800
4212 4432 3709 3929
3317 4041 5470 6194
6672 6732 4761 4821
7967 8245 5187 5465
5150 5472 9593 9915
7921 8442 3624 4145
8870 9409 176 715
7688 8203 1140 1655
9183 9381 9288 9486
3999 4836 1689 2526
9017 9167 7119 7269
5002 6045 0 390
717 1261 2385 2929
8846 9554 295 1003
9099 10000 8639 9552
3119 4158 5493 6532
8885 9789 1208 2112
3436 4495 2217 3276
3332 4210 8855 9733
6595 7352 1841 2598
513 1330 3821 4638
8486 8527 7110 7151
3826 4101 6958 7233
5453 5536 7310 7393
6001 6793 231 1023
8996 9531 8652 9187
3922 4138 1901 2117
7437 8505 8644 9712
5512 6387 322 1197
1629 2265 2920 3556
4536 5075 1477 2016
3617 4266 3953 4602
1830 1848 5398 5416
8232 8621 4427 4816
3560 4463 1955 2858
3364 3979 1601 2216
6375 7146 1175 1946
1909 2114 5261 5466
1002 1763 6035 6796
2036 2720 4237 4921
3581 4446 413 1278
1376 2183 744 1551
7386 7926 4911 5451
7030 7754 5826 6550
2243 2366 4306 4429
9403 9768 4088 4453
2113 2604 8689 9180
2809 3721 855 1767
1897 2940 9220 10000
1729 1958 5108 5337
4003 4461 3143 3601
5858 6053 9772 9967
0 204 277 682
7799 8249 3831 4281
2175 2800 6803 7428
4670 5553 6860 7743
7634 8447 6361 7174
3405 3538 2507 2640
819 1746 775 1702
0 222 8562 9272
9986 10000 4587 5043
7263 7671 7716 8124
7020 7786 1719 2485
6347 6433 2797 2883
5954 6281 3882 4209
3017 3927 7001 7911
0 693 2014 2732
9466 9520 7652 7706
6831 7009 453 631
6791 7267 7184 7660
9452 10000 4820 5435
1538 1629 2543 2634
303 525 1287 1509
8780 9286 8263 8769
4693 5724 7208 8239
6001 7014 7986 8999
9191 10000 8765 9614
6974 7262 6511 6799
530 1006 7561 8037
620 1461 8427 9268
5008 5910 6724 7626
2497 2767 5541 5811
5624 6033 6018 6427
7092 7312 2986 3206
8357 9031 9158 9832
5162 5230 2290 2358
3809 3915 8041 8147
5153 6188 8461 9496
5109 6089 7492 8472
3597 3939 0 206
2112 3066 2764 3718
1958 2645 9419 10000
782 951 5589 5758
3787 3873 9882 9968
3433 3544 9114 9225
4008 4393 9833 10000
1024 1912 3841 4729
2867 3192 5879 6204
7368 8052 4275 4959
4089 4631 793 1335
8065 8982 1147 2064
3464 3521 7149 7206
8043 8381 5448 5786
5689 6557 7800 8668
5899 6015 1392 1508
7915 8668 8624 9377
2303 3014 2263 2974
9224 9814 3142 3732
3942 4292 3758 4108
71 642 3929 4500
9788 10000 5097 5414
192 1081 9169 10000
1593 2053 300 760
2915 3979 2347 3411
4668 5385 6956 7673
101 913 7697 8509
7130 7190 2168 2228
3278 4181 7578 8481
8523 8844 4362 4683
4825 5267 1777 2219
7237 8274 2980 4017
5207 5953 6160 6906
6558 7556 1078 2076
0 496 4029 4810
2701 2969 4442 4710
6005 6529 164 688
7854 8712 790 1648
651 1075 423 847
9160 9317 4548 4705
1166 2016 2848 3698
1712 1939 3819 4046
3133 3163 3625 3655
170 711 2280 2821
717 1195 8285 8763
9246 9710 1985 2449
3404 3716 9226 9538
1631 2494 4160 5023
4887 4924 4825 4862
2356 2610 7915 8169
813 1802 7170 8159
1757 2278 8976 9497
4773 5537 6415 7179
3716 3893 2307 2484
8834 8876 4317 4359
1477 2361 4816 5700
1517 1571 4135 4189
5482 6343 4927 5788
2675 3423 8521 9269
9359 9880 9557 10000
1076 1405 3463 3792
3306 3702 7761 8157
335 785 7005 7455
401 1318 4233 5150
2622 2864 739 981
322 511 8071 8260
3148 3688 9121 9661
3467 4153 3374 4060
8163 8794 1581 2212
8166 8879 0 643
4798 5460 9145 9807
0 59 9253 9363
1054 1416 2525 2887
5052 5616 9486 10000
8014 8254 5747 5987
2963 3058 8978 9073
1259 1890 1540 2171
3711 4744 481 1514
9600 10000 3044 3868
1396 1808 5520 5932
4535 4844 5408 5717
4684 5578 2174 3068
5368 6210 4295 5137
0 175 8950 9199
6296 6946 2240 2890
537 987 2530 2980
3296 3685 1451 1840
7514 7983 5636 6105
4022 4879 930 1787
2072 2191 3607 3726
151 343 2454 2646
9832 9842 893 903
1997 2226 9370 9599
5982 6041 8736 8795
2619 2971 8013 8365
417 1123 3612 4318
652 1080 1613 2041
6681 7368 239 926
1290 2276 6820 7806
3734 4667 1558 2491
6222 7083 41 902
1263 2117 5552 6406
4543 5255 4443 5155
2522 3240 3083 3801
7794 8833 230 1269
6634 6638 6934 6938
8207 8617 9257 9667
715 785 612 682
4172 4319 1216 1363
1256 2091 9106 9941
7271 7465 6260 6454
585 1583 661 1659
1202 1484 475 757
4589 4673 6579 6663
3354 4177 0 454
1604 2335 4038 4769
137 407 8614 8884
6124 6494 4473 4843
6722 7230 5074 5582
3402 4347 3841 4786
7396 8143 1775 2522
4153 5020 4054 4921
857 1183 4336 4662
3883 4528 1347 1992
5563 6247 7469 8153
1691 1887 2997 3193
3976 4037 2371 2432
2093 2572 136 615
8416 9194 459 1237
3710 3740 8592 8622
7285 8214 637 1566
1819 1927 7954 8062
1062 1129 291 358
4292 4542 9528 9778
8373 9341 9227 10000
2182 2732 8064 8614
5072 5227 111 266
1654 1731 7483 7560
9725 10000 7464 7853
2941 3782 8550 9391
8612 8792 4771 4951
7869 8338 5576 6045
2256 3169 0 715
2450 3014 5207 5771
458 828 6873 7243
5611 6374 4936 5699
8024 8998 6801 7775
8022 8223 6993 7194
3513 3751 8214 8452
1886 2050 7982 8146
1895 2955 4002 5062
5436 6081 4561 5206
5880 6304 7579 8003
6532 7265 9610 10000
821 849 6534 6562
3094 3337 1395 1638
610 1023 26 439
8694 9045 4162 4513
1201 1861 161 821
903 1081 2509 2687
1129 1321 2836 3028
5264 5709 8123 8568
7028 7046 4521 4539
5330 5415 3377 3462
8141 8609 3140 3608
961 1211 7384 7634
936 1453 6100 6617
3080 3092 1446 1458
3774 4814 6792 7832
8582 6298
1585 9791
801 5340
6099 7396
4761 6277
4705 7900
9246 7789
534 6272
6661 9375
7563 5182
5719 7156
7187 2611
311 9056
7205 4672
1897 3641
7914 6589
6068 2739
1342 2715
682 4206
8664 3219
2492 7095
3767 6457
7735 6638
1808 3967
8337 2340
4627 662
1040 7381
3009 754
5502 2931
1966 8213
7438 2941
5506 7254
935 3009
5806 6688
9657 7953
9408 7098
5119 4249
6201 1751
6843 2131
6798 1993
5056 3355
8146 6203
2711 6609
1757 5849
8689 8952
7716 5987
1695 1374
5178 7098
1315 9385
2351 885
4181 3027
4134 431
2725 7288
9065 2254
2652 3199
6750 6373
3169 9919
1347 9251
97 7284
6186 5685
7422 1623
5293 4958
7385 4743
2073 3454
8332 542
7753 410
9928 7171
6164 8432
8454 925
9461 4718
3707 7229
1461 4494
1098 1656
6396 5564
6928 2530
3503 4102
5269 4716
2790 4473
5431 2092
9390 7596
408 7807
4085 552
9829 9792
3868 2824
4529 7897
69 2558
3318 8310
985 3095
3503 6455
2724 2076
8178 3699
9184 8422
1276 8417
8772 1498
6452 536
5288 3134
2986 4288
1336 7462
6709 2869
4632 7983
3474 2647
2809 4293
1501 3874
6775 1409
720 7310
8170 5473
3495 2908
439 298
1033 4797
6311 9467
4251 3433
7222 5866
7933 7973
7147 5324
5337 545
1230 4647
917 679
3607 7293
4421 9930
9511 6473
4698 4657
2025 4894
3148 2370
2024 9333
8124 5205
8975 8961
7203 1484
3971 3507
111 4064
1393 4756
8191 5613
1109 2021
3913 889
1839 505
5381 6340
5842 4150
9276 4229
9324 2742
412 7146
2576 359
6857 9074
2894 7859
7987 4356
1754 3258
4923 6907
1293 5195
8563 6145
9328 6485
2550 4882
4408 7435
2938 5908
4721 695
2158 4350
6002 6883
9609 726
2078 2409
9908 4093
3661 835
9582 3570
1842 2393
7341 9450
2641 7919
9536 2145
2459 1827
4135 3753
7445 3392
3641 5808
4649 1195
4714 2731
7408 9889
9314 5478
7641 2418
5842 6312
3276 3895
9563 7288
8667 6959
6593 8731
9191 7017
15 4205
19 7008
5223 1181
7046 746
1751 2858
2191 7415
5048 5211
7090 3185
3177 9775
5018 2837
9193 1354
2456 523
3255 8976
9470 1768
2845 5238
6523 6016
8667 8077
3449 281
5265 9173
757 2781
7355 8424
6149 9774
2470 506
5823 2105
9505 4763
4191 9526
658 4570
9300 1937
736 9599
3903 1224
9762 2942
8137 1880
1787 5863
805 230
8709 1392
7573 980
531 68
437 8216
8756 7496
2424 3912
2916 9065
41 280
8061 3110
7929 2653
1622 7834
4082 743
6339 1262
5815 285
8191 4120
5243 8849
4833 1214
5540 1510
5541 6213
4879 623
7843 8891
4704 133
7846 5351
4787 7447
9834 7870
6678 7336
26 9236
5690 6807
6055 6624
539 228
6480 6773
2094 7550
3413 8299
3464 4124
2898 5419
6045 8040
9691 9994
9035 1710
8323 857
7685 887
1529 1595
1075 6937
3734 6409
8995 7455
6876 1130
1548 7300
9971 4976
707 7471
8524 2653
1577 1383
725 7134
6973 7674
7448 7853
3565 8467
38 8801
6672 8579
351 9292
1083 1409
3042 3522
5990 3392
9107 142
669 3988
4912 7534
7832 4243
9388 3205
166 5094
7704 3411
9736 8653
7001 8396
8286 3211
34 3602
3810 8733
4191 3126
760 3052
7332 1486
6480 9693
7679 7571
2559 3877
2892 5605
2899 5550
9852 2375
3767 7445
1777 6807
3925 7333
4820 8038
8786 9073
3092 1806
2279 4421
7683 5620
9091 7140
2818 9744
2524 6288
3153 7071
5118 6121
8584 8240
1387 2025
5805 2718
1353 4161
9240 9600
4323 5507
7281 2740
8289 3440
1361 240
2214 9725
2879 8297
9543 4779
2297 4541
3265 1145
3177 9745
348 3734
5616 4074
6162 6463
9326 4981
4878 1665
7079 3829
4113 8911
5838 1185
5856 8006
9247 6076
7451 7285
6318 4643
5219 388
1214 8354
9845 4441
2080 2694
350 7759
1124 9935
9194 772
769 6085
3 6769
2981 3638
6733 4801
4372 2038
5578 7494
3758 6829
3738 8696
9521 2738
1877 2409
6841 3469
6309 4205
3308 5427
4315 672
5894 3992
1935 8897
8814 475
1090 8256
4586 1099
2611 8816
6937 6480
8870 945
3180 7101
6950 7526
5599 6968
3044 8746
4596 1099
3437 9865
1181 6533
746 7325
7119 189
371 7844
6968 3035
7870 9050
4081 2532
9822 8767
1486 6517
410 6304
9275 6214
7873 3177
5103 8883
4420 4059
6619 9065
5579 7124
1585 7396
7631 4250
214 3195
6900 639
3689 8395
8340 8667
174 9851
3707 352
3307 1286
4854 1950
6209 125
8102 6310
6319 6969
4788 8416
163 514
8538 2334
1036 3382
7174 4373
4011 6247
2519 4127
6162 9130
5854 6700
3354 4941
4214 8846
8219 2475
1254 2876
7690 3033
498 3558
6986 681
7928 4015
8837 5220
1094 658
214 2109
9448 274
2505 3376
8960 7366
2209 6082
7851 4596
1841 7172
3270 2928
3943 2098
2473 3595
5296 3823
5468 4807
2362 3756
5845 1900
5045 8256
8278 3931
4050 9538
6548 8644
9685 2672
5781 9663
8071 5107
5622 4644
5812 996
1670 4634
991 3791
533 2436
6454 1267
375 2441
4172 9343
1231 577
3819 8557
3586 8248
5158 8665
1823 7796
9659 377
7629 5386
2335 8112
5510 4101
6555 5848
2531 8360
1716 1851
985 7154
5734 6942
6156 2244
1844 6117
6526 9495
166 4023
3372 3244
9992 2487
3301 2866
5494 8516
6952 7981
8247 795
1779 3817
9191 2468
1499 3348
3445 7938
4953 888
7687 2149
3580 1089
9687 7422
7841 8273
142 1938
5390 700
170 2206
6853 9043
6752 2953
1852 4418
3791 4122
2126 2177
8527 8107
7187 5235
2404 2649
2764 3231
7850 7880
8863 5960
9844 514
4153 2494
4704 4779
4557 8218
7907 6230
2401 2275
8730 698
1838 6590
7812 4185
4626 4605
1963 6766
5508 5379
6480 2966
834 1483
1653 6606
8571 5846
9568 9135
9528 8080
9644 3582
9706 7735
8957 7514
427 121
7490 9666
7430 4314
5907 9272
8371 1260
7980 2394
2957 8595
2528 1652
9632 9237
7527 553
5738 3649
7456 5760
9144 5608
6219 3719
8712 1914
3277 1870
2963 3825
4283 2596
8460 598
8828 6461
7240 2985
3527 7825
7397 6651
7516 2768
4841 1420
1560 7845
9036 4448
3675 3522
4896 4222
4389 3887
3638 5798
6728 4763
8025 5374
5366 9614
8093 4143
8953 345
7983 1602
9378 9356
4309 1828
9069 7206
5654 322
842 2863
9360 506
9823 9183
3719 5904
9733 2014
3807 2716
3892 9268
6949 2206
1031 3837
8488 7119
3912 7133
5457 7345
6695 454
9414 8802
4116 1926
8308 8744
6112 490
1843 3128
4842 1863
4205 4255
1832 5407
8251 4746
3893 2687
3755 2174
6725 1922
2086 5268
1140 6120
2308 4496
3612 483
1866 1206
7499 5135
7505 6315
2337 4325
9436 4163
2205 8918
3276 1609
2167 9291
1834 5249
4274 3597
5983 9921
72 615
7874 4113
2481 7117
5101 6992
7926 6507
3463 2590
926 1022
215 8595
9996 4984
7435 8027
7616 2261
6359 2827
6186 3994
3028 7333
330 2645
9515 7700
6940 514
7256 7199
9924 5222
1548 2543
468 1447
9147 8321
5647 7848
6304 8120
9844 8898
7261 6747
777 7605
1420 9153
5765 7316
2569 5758
5906 6073
7266 3135
8679 9829
5196 2317
3844 8115
5230 8939
5791 8322
3743 155
2591 3411
2403 9490
907 5749
3837 9884
3517 9167
4156 9942
1297 4645
3110 5965
7512 4282
4161 1158
8277 1743
3513 7200
8313 5524
6365 7834
6007 1416
8568 8791
2361 2566
9331 3267
4107 3830
613 4391
9802 5108
909 9886
1705 587
3049 3052
5291 7196
620 8422
7176 2217
4111 8477
8573 4623
5066 2185
7527 3426
5510 6415
6980 1506
98 4056
2727 4700
6077 344
8512 1029
832 684
9169 4694
1698 3390
1850 3828
3145 3651
199 2703
1064 8534
9325 2264
3470 9493
2278 4615
4907 4842
2394 7994
1776 7408
2150 9411
5484 6509
3884 2374
8851 4355
1858 5653
1534 4177
5901 5495
3225 8910
9803 9657
1137 3649
3674 8065
520 7405
507 4800
2636 955
396 8099
3645 9152
3706 3517
8293 2028
8392 476
5284 9671
47 9294
1165 2566
5123 9856
8051 5783
2994 9056
1568 2017
4705 1010
9828 3387
1791 5869
4646 5574
5305 2775
6086 4341
57 8984
6679 2295
681 2921
3402 1825
7886 5998
4674 1623
2091 3692
176 2525
9840 898
2080 9556
6012 8786
2649 8351
989 4081
995 2009
7033 479
1847 7699
4287 1980
6683 61
1405 5867
4606 4936
2563 3534
8258 472
6638 6935
8262 9402
730 615
4289 1344
2002 9830
7462 6408
718 1189
1211 639
4666 6624
3756 405
1673 4261
270 8738
6154 4562
7078 5481
3683 4193
7909 2298
4446 4200
1107 4516
4049 1484
6089 7903
1757 3008
4015 2416
2178 418
8480 1221
3729 8605
7364 673
1894 8031
1095 354
4447 9559
8815 9717
2216 8405
5108 193
1728 7511
9870 7603
3475 9160
8744 4845
7974 5853
2870 713
2876 5290
556 7026
5965 5434
8154 7025
8049 7002
3718 8362
2004 8010
2027 4742
5857 4901
6093 7935
6720 9928
828 6539
3315 1547
933 394
9009 4348
1426 357
930 2655
1196 2860
5624 8152
7039 4525
5352 3388
8446 3164
1008 7522
1135 6275
3088 1450
3965 7283
