800 183 400 8 2439
2 10 6 5 2 2 3 5 1 3 1 1 2 4 5 2 7 3 5 2 6 16 7 2 5 5 5 13 9 2 2 10 3 6 5 3 6 6 1 4 4 1 7 15 2 3 4 3 3 1 2 1 2 2 6 1 6 4 7 12 8 2 6 1 4 4 3 1 5 2 1 1 2 3 13 8 7 5 2 1 5 1 1 6 5 23 1 1 3 7 2 1 8 3 1 1 1 4 4 5 10 7 1 3 1 1 5 8 8 3 8 4 1 4 3 5 1 1 3 1 8 7 11 1 4 4 15 10 1 2 4 4 5 3 1 5 1 1 9 6 2 1 1 4 2 3 4 1 4 1 2 3 3 2 1 5 1 5 2 7 7 8 1 14 13 6 5 5 10 15 2 2 3 2 5 7 5 3 9 1 4 2 2
2824 3268 903 1347
0 1958 1616 3855
1343 2262 894 1813
0 1456 6841 8541
8579 10000 923 2864
0 240 5213 5550
726 1729 4919 5922
3134 4534 1510 2910
5928 7444 607 2123
7693 9374 3425 5106
4437 6221 7948 9732
0 1501 0 729
1000 2670 583 2253
2123 4058 5992 7927
3205 3823 1469 2087
4378 5535 8436 9593
6894 8152 0 926
8228 9476 7941 9189
8607 9955 8106 9454
6041 6208 5382 5549
238 2131 4570 6463
3296 4874 1546 3124
4291 5711 1009 2429
7639 8013 8500 8874
7476 8846 7575 8945
8766 9280 7307 7821
4372 4922 1369 1919
2683 4462 90 1869
143 2463 7207 9527
7479 8509 6588 7618
8804 10000 1359 3216
2750 5007 0 521
7647 9176 5269 6798
2158 4589 941 3372
788 1042 4224 4478
357 1345 5765 6753
593 1541 7545 8493
5374 7515 2099 4240
7903 8025 3501 3623
0 504 9523 10000
7761 8829 9130 10000
9190 10000 2443 4168
2409 2573 2381 2545
3132 5412 908 3188
4881 4917 626 662
4742 4784 579 621
8373 9059 3601 4287
5104 7284 3781 5961
1895 3946 1163 3214
5826 6003 7773 7950
325 1048 516 1239
218 2484 3922 6188
7271 8496 1846 3071
8627 8976 4561 4910
6412 6899 6086 6573
2094 2358 5256 5520
665 2703 3300 5338
2381 2745 7435 7799
7819 9301 1028 2510
7517 8667 2362 3512
480 2513 5830 7863
1975 2723 6479 7227
612 1354 4886 5628
6174 6181 8854 8861
8101 9053 5555 6507
4003 4042 550 589
918 3021 5355 7458
5772 6791 4380 5399
4119 6093 7170 9144
5628 5645 9447 9464
7637 9676 6754 8793
6067 8019 858 2810
95 2401 2447 4753
7203 9143 3281 5221
7139 8680 2540 4081
664 2986 7397 9719
0 661 3220 4519
6480 8325 5460 7305
3646 4928 8331 9613
6266 6713 7238 7685
3359 4608 9424 10000
1788 3992 5742 7946
2537 2609 411 483
7019 9155 5203 7339
2072 3846 5418 7192
478 726 5197 5445
309 1066 8173 8930
6555 7810 3349 4604
2588 4386 1317 3115
2052 4477 9709 10000
1478 2365 5485 6372
458 1506 9247 10000
8113 9848 703 2438
826 2175 8821 10000
5391 5752 9674 10000
0 2282 5921 8327
8127 10000 5452 7656
7227 8278 8176 9227
8059 9392 5668 7001
6262 8061 5649 7448
1403 2363 5259 6219
4008 5217 6075 7284
6754 7304 6232 6782
3889 5960 7919 9990
8098 8385 8141 8428
1297 1914 0 458
1474 2910 3523 4959
0 1928 6741 8866
5089 6495 8772 10000
4470 6050 4149 5729
4625 4971 8777 9123
6341 8435 3287 5381
6040 7860 8103 9923
3810 4694 6211 7095
538 2755 9578 10000
7355 7735 3464 3844
8356 10000 4594 6550
1095 2253 4467 5625
6345 6694 2788 3137
3725 4254 8571 9100
7491 8937 6414 7860
3682 4153 318 789
1087 2480 5249 6642
4937 5400 544 1007
4814 6820 5544 7550
5159 6631 6188 7660
1831 3932 3889 5990
364 1771 3380 4787
4551 4552 1213 1214
4357 5258 8359 9260
5148 6302 735 1889
451 2776 880 3205
1584 2018 5053 5487
3823 4753 3115 4045
394 702 3194 3502
7608 9366 2260 4018
2088 3049 3582 4543
5357 6760 5672 7075
5997 7883 8165 10000
5364 5481 3505 3622
0 610 7695 8416
1516 2848 1857 3189
8913 10000 2008 3276
18 944 2927 3853
6383 6918 400 935
8304 9628 6458 7782
2250 4268 3358 5376
2452 3403 9112 10000
132 496 5218 5582
7649 8975 4694 6020
2668 2876 7084 7292
466 1009 7742 8285
1781 2263 6761 7243
8054 8061 6545 6552
6266 6730 4826 5290
8011 8701 3303 3993
2236 2272 3417 3453
0 674 7622 8651
5628 7074 1904 3350
3239 3340 2452 2553
7713 9985 6778 9050
2464 2950 2504 2990
7288 8287 7387 8386
3962 5690 8023 9751
1124 2929 2515 4320
8004 9667 4388 6051
0 1104 0 1080
6692 8553 2492 4353
2395 3268 8410 9283
1733 2294 9698 10000
9727 10000 7230 7521
5749 6709 2342 3302
5068 6645 6092 7669
0 1779 5611 7979
0 891 0 1156
3702 5030 1236 2564
6967 8243 6088 7364
8206 8641 1147 1582
8918 10000 3403 4716
2179 4057 1511 3389
1090 2828 7620 9358
3701 3789 2238 2326
4809 5824 2917 3932
4149 6495 7235 9581
1159 1354 4806 5001
4238 4771 3271 3804
183 2189 1865 3871
4220 4972 7511 8263
6067 6461 3180 3574
7262 8552 6358 7648
7116 8566 4564 6014
5810 8202 8956 10000
6249 7766 5189 6706
5887 5899 9162 9174
7230 9539 8487 10000
4559 4838 9485 9764
7202 7538 1447 1783
1354 1441 8805 8892
5739 5946 7959 8166
5200 6649 8746 10000
5907 6220 513 826
221 930 3144 3853
4789 5911 8027 9149
2308 4326 7979 9997
1387 2686 6717 8016
2480 4258 6241 8019
299 1363 4392 5456
897 3080 5760 7943
4545 4826 2961 3242
2112 2280 944 1112
8407 10000 989 2909
5960 8040 7451 9531
8969 10000 7104 8210
115 999 399 1283
2199 2921 6721 7443
5984 6405 8793 9214
4675 5168 4778 5271
2178 3689 611 2122
3986 5346 8228 9588
4763 5328 9680 10000
8154 9379 6339 7564
7679 9355 5653 7329
2605 3314 68 777
3965 5215 550 1800
1094 3032 1282 3220
2233 2489 6205 6461
0 271 0 613
8967 9167 203 403
0 1066 0 1608
7759 9827 4774 6842
420 2825 9482 10000
6649 7264 8380 8995
8686 9089 7866 8269
9557 10000 5139 7325
838 2493 6883 8538
8802 10000 8399 10000
4746 4810 1117 1181
9229 9620 4395 4786
8120 9035 6868 7783
4762 5806 2054 3098
5774 7061 8274 9561
5137 6662 2505 4030
6656 7560 6404 7308
3210 3566 4582 4938
1963 2965 0 981
4107 6075 3916 5884
6186 7583 1294 2691
3215 5325 614 2724
4412 4653 8898 9139
3663 5236 5867 7440
5511 5907 1044 1440
5000 6935 7992 9927
1524 1640 2555 2671
0 2015 34 2316
8450 9445 1318 2313
4786 7005 4550 6769
6340 8410 3313 5383
2953 5266 241 2554
5839 7160 4789 6110
7039 8780 7839 9580
4856 5337 7677 8158
1278 2518 7731 8971
0 699 9143 10000
5771 5824 8222 8275
9107 9441 1925 2259
3939 5624 5132 6817
6224 6735 680 1191
6658 7246 9160 9748
7577 8339 7690 8452
8858 9516 1147 1805
0 166 4580 5313
3558 4231 2868 3541
1640 2950 3712 5022
0 804 2017 2951
6573 6605 7343 7375
9508 10000 5743 7812
5619 7709 2196 4286
2596 4584 6078 8066
7308 8990 5170 6852
8111 10000 1202 3189
5771 7511 3499 5239
9000 9390 5252 5642
8815 10000 816 2836
0 1314 1821 3963
7580 8364 2857 3641
9776 9878 9573 9675
7091 8825 9004 10000
6372 7667 6403 7698
287 2035 0 1668
6214 7405 0 1166
4945 6261 1252 2568
8332 8378 9641 9687
6737 8208 2517 3988
4312 4483 6671 6842
6627 8439 9556 10000
3980 6245 5994 8259
1130 3341 3937 6148
301 341 6407 6447
5783 7649 2499 4365
8828 9820 3422 4414
4439 6626 3487 5674
9694 10000 1961 2338
0 129 9490 10000
1508 3831 71 2394
3933 5517 5383 6967
4015 5212 2325 3522
6788 8477 7364 9053
6956 8575 0 668
1815 2750 6508 7443
9138 10000 834 1802
5676 5697 9272 9293
5454 6801 0 1057
5959 6196 8228 8465
808 1968 1668 2828
6917 7773 4446 5302
545 2474 3558 5487
6847 8185 0 1057
7514 8842 0 1055
756 2444 3015 4703
5433 6678 5885 7130
2725 4890 0 1350
927 1845 7890 8808
3904 4582 7956 8634
2684 3334 2561 3211
4228 6493 7608 9873
1626 2149 4089 4612
5574 6954 1194 2574
6560 7058 7858 8356
6301 6588 4299 4586
1376 2321 5051 5996
934 2601 4877 6544
5470 7894 5725 8149
9676 9780 4156 4260
8814 9403 6652 7241
9480 10000 8590 9187
0 1792 4255 6356
8893 9233 2622 2962
6209 7446 3108 4345
6292 8284 3659 5651
9599 10000 3024 4115
5950 8097 0 1942
6865 7517 9067 9719
1386 2637 947 2198
0 1311 1413 3244
0 1168 7111 8570
6010 8395 2323 4708
5716 6733 3983 5000
2134 3758 4429 6053
9192 9850 1586 2244
4979 5076 4533 4630
7557 8051 9239 9733
8012 9029 4229 5246
2100 3550 4383 5833
4337 5202 2708 3573
8100 9221 1062 2183
4244 4710 2147 2613
9518 9932 2243 2657
4095 6100 6625 8630
8423 9615 8783 9975
3611 4254 8215 8858
7563 7876 6182 6495
0 620 5101 5726
5981 7172 5461 6652
4795 6097 1174 2476
9484 9757 4993 5266
1453 2430 3227 4204
7895 8519 8963 9587
4717 5127 5233 5643
5315 6999 6958 8642
6059 7106 4375 5422
6237 8064 0 905
6287 8686 8060 10000
2040 4060 3367 5387
1331 2876 3478 5023
52 2298 674 2920
0 878 7467 9757
985 1374 5230 5619
4783 6299 3192 4708
3258 5568 6449 8759
2091 3079 5975 6963
4126 4310 5182 5366
8884 9372 5442 5930
5331 6150 6033 6852
9911 10000 9584 9725
5466 7750 641 2925
3664 5106 6081 7523
1512 3775 765 3028
5124 6836 1577 3289
67 308 320 561
1664 3368 7512 9216
8009 10000 8111 10000
6701 8580 0 1413
0 280 3518 5367
8621 10000 9096 10000
1609 3579 67 2037
4804 6950 8293 10000
3402 5312 2017 3927
2990 3935 7174 8119
2648 3733 0 1033
5536 7445 0 682
2554 3769 3038 4253
1345 3228 4106 5989
3459 3771 5566 5878
4407 5893 0 531
834 1221 7514 7901
3579 5762 9018 10000
3504 5091 7239 8826
1536 3398 2140 4002
486 2533 83 2130
2170 2291 3005 3126
4370 4948 2410 2988
3042 3465 354 777
1736 2540 7726 8530
2726 4670 9342 10000
687 909 1854 2076
6988 7417 586 1015
1741 3767 7270 9296
4664 5398 1559 2293
3429 5146 2080 3797
1552 3222 1533 3203
910 1025 8853 8968
8177 8484 1811 2118
7944 9601 3226 4883
7490 7503 712 725
6721 9099 3080 5458
0 1230 6905 9204
6936 8317 5133 6514
5672 7661 3197 5186
879 2633 6545 8299
6410 7866 1874 3330
431 1090 8981 9640
5103 6951 4386 6234
4717 5748 2633 3664
3403 5272 1476 3345
6033 7800 2189 3956
8927 9493 3750 4316
9182 10000 9567 10000
8570 9554 790 1774
1045 1776 2745 3476
2012 2115 6258 6361
5465 6868 6187 7590
3625 4779 6423 7577
1346 1397 8967 9018
6329 7406 30 1107
6631 7428 6731 7528
4392 5976 5375 6959
1554 2837 1422 2705
709 2251 1045 2587
6894 8274 942 2322
0 334 4908 6392
2809 2980 3465 3636
6393 7527 663 1797
1876 1996 2497 2617
3147 3679 4618 5150
3055 4825 6119 7889
6774 7115 9411 9752
4374 6061 8258 9945
922 1700 2167 2945
7496 8730 2527 3761
1070 1697 2565 3192
9580 10000 5768 7120
8294 10000 2349 4448
3915 5604 6265 7954
3501 4897 5580 6976
3083 5036 0 268
8573 10000 0 470
699 853 3964 4118
27 106 9316 9395
5754 7495 3216 4957
357 460 1029 1132
3780 4833 6024 7077
7683 9630 5738 7685
7740 8526 3822 4608
3081 4136 8227 9282
9481 10000 2122 3952
6317 7268 4474 5425
2101 2749 4357 5005
3318 5224 1460 3366
7049 9261 6868 9080
157 454 7805 8102
2107 2875 6892 7660
8181 8471 3856 4146
6935 7468 472 1005
5409 7484 2858 4933
5823 6620 3471 4268
735 3147 5046 7458
2890 4730 526 2366
9312 9631 7792 8111
5778 6752 8825 9799
1689 2467 5796 6574
4468 6353 5121 7006
5225 6406 4864 6045
6244 7278 9320 10000
2205 2321 3305 3421
2819 4835 2337 4353
8752 10000 2020 4379
8496 9855 4681 6040
7544 9175 210 1841
4186 6034 6119 7967
2364 4289 0 1755
9173 9782 6253 6862
308 861 3892 4445
3719 5188 370 1839
4018 5607 5638 7227
0 1164 9127 10000
5591 5941 4663 5013
8524 10000 0 871
1347 1488 8963 9104
6113 8065 9084 10000
0 1086 3053 5451
6134 8018 1550 3434
244 1030 9246 10000
1542 3387 544 2389
0 1614 4317 6563
3263 3389 8960 9086
1324 3289 6979 8944
7592 7800 3227 3435
3062 4322 747 2007
0 1675 657 2614
3935 5929 241 2235
1296 1856 6845 7405
0 1128 4499 6655
5185 6933 3404 5152
5995 8033 5637 7675
8186 10000 8109 10000
8808 9926 4366 5484
8366 10000 7073 9008
0 554 6914 7897
4451 6339 6746 8634
4942 6815 5562 7435
7805 9926 7043 9164
7981 9157 2404 3580
1756 2239 7712 8195
7492 8157 7576 8241
7704 10000 371 2668
1274 3265 4948 6939
3063 4800 2292 4029
4575 5196 3067 3688
4240 4593 4414 4767
7864 9189 7728 9053
0 1006 4575 6004
0 257 0 725
2245 3487 6971 8213
399 557 8659 8817
441 2683 2350 4592
198 728 2788 3318
5149 5794 1546 2191
2205 3682 6965 8442
2696 5047 4030 6381
2858 4998 8273 10000
2044 2213 1337 1506
3354 5062 159 1867
3344 4253 6272 7181
3386 4337 638 1589
7240 8901 9029 10000
2104 2851 0 638
7879 9045 426 1592
4735 5032 0 276
4012 4956 1345 2289
3499 4112 4860 5473
3798 6219 4967 7388
5584 6735 4882 6033
5398 7312 68 1982
6301 6994 9605 10000
1508 3245 6501 8238
5480 7179 2684 4383
843 1827 2114 3098
3760 5405 3030 4675
6609 7961 1229 2581
7819 8254 6438 6873
6002 6543 8517 9058
4005 5744 544 2283
3289 3847 3659 4217
5771 6208 2857 3294
1514 2397 0 431
9106 10000 7068 8805
3630 5295 9650 10000
2791 4733 8183 10000
5025 5099 7893 7967
5854 7975 2197 4318
6092 6118 9822 9848
4528 5496 7103 8071
4751 5500 6231 6980
7381 7644 5363 5626
5893 7696 9367 10000
1082 1463 6035 6416
3219 5252 2464 4497
1404 3494 1284 3374
8071 9325 8699 9953
0 1199 4806 6831
8748 9014 6922 7188
279 473 9436 9630
7915 10000 3666 5864
8121 8918 6290 7087
477 732 4310 4565
4563 4910 9097 9444
7332 9132 2035 3835
4588 6702 3431 5545
8978 9871 776 1669
7471 9903 0 1553
7403 7436 5969 6002
0 364 2365 3001
8338 10000 7160 9485
5695 6138 8464 8907
6990 7620 5048 5678
7785 9823 6683 8721
8866 10000 7682 8950
1041 3431 5224 7614
2171 2452 803 1084
4054 5731 5048 6725
6921 7034 589 702
6276 8527 2999 5250
2579 4568 1150 3139
7959 10000 0 737
1960 2637 5522 6199
7862 10000 0 747
803 3070 0 1331
432 1852 3122 4542
6648 7300 9401 10000
893 3210 3424 5741
8605 9241 814 1450
96 1538 8643 10000
4653 5255 8616 9218
8344 8967 8763 9386
635 2539 4176 6080
5698 7142 4310 5754
6096 7819 4753 6476
1257 2529 5221 6493
9087 10000 2727 3972
6404 7692 8352 9640
8463 9947 3078 4562
9327 10000 1581 2446
2581 3862 3165 4446
9344 10000 7961 8635
6376 7592 9405 10000
2042 2338 7192 7488
7529 7917 4827 5215
3678 4373 1182 1877
1237 2553 85 1401
8576 9168 3759 4351
5197 5503 3377 3683
4240 5390 3499 4649
6378 8708 0 964
1573 2607 0 817
5049 7035 1833 3819
7054 9039 1364 3349
3425 5389 2112 4076
2700 2932 4255 4487
1484 1580 5019 5115
8548 10000 1633 3202
4944 6937 0 1063
9114 9649 7637 8172
0 1083 9327 10000
761 1713 1138 2090
5418 7431 2418 4431
5075 7510 1584 4019
9699 10000 6779 7991
3627 5024 7744 9141
3790 6207 0 891
8773 9967 393 1587
8035 9217 1584 2766
2129 2854 637 1362
4678 6803 1527 3652
0 381 1564 2638
5248 5639 491 882
7205 8891 0 1017
676 2786 0 1152
8683 10000 7807 9431
2885 4351 9787 10000
5643 5983 5011 5351
4378 4955 3145 3722
7018 9270 0 2244
839 3271 3746 6178
285 1923 5836 7474
324 1752 4179 5607
4428 5379 2679 3630
6186 6318 5252 5384
2153 2299 409 555
4025 5170 4412 5557
1991 2911 3329 4249
6972 8524 7895 9447
5536 7182 8276 9922
7042 7456 932 1346
1177 2032 546 1401
831 2665 3120 4954
6564 8956 5482 7874
8437 10000 232 1833
6845 8278 75 1508
3984 4907 5319 6242
5467 6793 7090 8416
4108 5968 251 2111
7205 9491 0 1297
2801 3660 9267 10000
6162 6610 8214 8662
6641 6643 3041 3043
0 1714 8189 10000
8030 8070 6648 6688
6281 7821 0 599
4625 6182 6428 7985
3456 4362 6915 7821
9041 10000 1021 2282
4632 5109 8807 9284
3365 4088 6707 7430
1 953 8211 9163
9804 10000 7069 8717
6490 7239 0 602
1418 3774 7219 9575
3661 4996 5147 6482
5768 7975 4254 6461
6087 7851 1629 3393
4849 6403 0 1536
2689 2727 6855 6893
4863 6190 4948 6275
8727 9083 860 1216
4263 5416 1705 2858
4622 4877 4004 4259
1965 3782 5300 7117
7127 7685 611 1169
3455 5634 2702 4881
7709 8361 2767 3419
7039 9473 4425 6859
9433 9633 7717 7917
7261 9171 4004 5914
4230 6530 7264 9564
4332 4574 6415 6657
2880 3193 9860 10000
0 1002 4192 5604
4356 5562 4407 5613
7713 9321 839 2447
643 2306 6113 7776
1987 4037 0 1181
4885 7096 322 2533
5398 5504 9831 9937
9118 10000 685 2923
1283 2899 5013 6629
4730 5274 959 1503
4832 6417 1027 2612
7423 8277 8343 9197
8047 9522 2374 3849
7641 9183 7322 8864
4512 5710 0 580
7369 7965 8590 9186
7406 9569 0 1520
9671 10000 2915 4333
0 1245 7453 9225
945 2341 1761 3157
4942 5718 6808 7584
3633 4963 8658 9988
1194 2350 6230 7386
6228 8162 770 2704
7863 8089 268 494
3803 5396 6603 8196
3910 5819 4142 6051
2623 4976 6836 9189
7145 8046 441 1342
8530 10000 3762 5803
6560 8426 5426 7292
7342 7510 252 420
5538 5979 798 1239
6476 6799 3171 3494
5822 7794 7645 9617
2014 2277 8388 8651
105 685 4823 5403
7480 9766 0 1098
6284 7353 0 726
7907 8272 4209 4574
6141 6275 5012 5146
3799 6187 0 1023
1910 2958 2246 3294
3730 4198 3882 4350
744 1032 4812 5100
4486 5338 2041 2893
3814 4692 8244 9122
0 1120 9322 10000
113 2367 5371 7625
8162 8806 4921 5565
4285 4389 6666 6770
2860 4034 1385 2559
6285 7515 3081 4311
384 509 6403 6528
4761 5164 8923 9326
3861 4611 2500 3250
5315 6481 6067 7233
7005 9065 2345 4405
190 2444 5634 7888
4747 6447 3933 5633
917 1873 4581 5537
8955 9148 8506 8699
276 781 9762 10000
6581 8923 2418 4760
2455 2656 1391 1592
7125 7949 1141 1965
9285 9352 7570 7637
3618 5468 3660 5510
105 1660 1253 2808
9137 9543 4087 4493
5759 5901 4653 4795
1666 2183 1702 2219
2007 3766 5283 7042
4378 6139 4173 5934
2958 944
20 2560
1843 1471
772 7505
8912 2201
138 5459
1432 5774
3485 1851
7391 1113
8263 5098
5828 8042
65 623
1102 1397
3391 7184
3767 1576
4760 8762
7878 590
8263 8943
9318 8767
6120 5435
1283 5860
3358 2192
5647 1372
7913 8748
8400 8311
9114 7452
4633 1612
4364 1722
1771 9096
8075 7616
9096 2285
4556 303
8202 5414
3219 1118
1004 4280
749 5913
750 8055
5926 3020
7966 3550
402 9699
7878 9215
9255 3922
2532 2494
3673 1045
4881 661
4777 590
8993 4270
6064 4829
3802 3167
5879 7887
752 1017
1171 5670
7383 2666
8945 4836
6603 6216
2249 5426
2700 4012
2411 7777
8390 2463
7560 2448
614 7422
2127 6905
1284 4975
6180 8857
8128 6493
4029 558
2518 6111
5848 5124
4732 8265
5634 9451
8579 8028
6386 1689
2066 3336
8777 5095
7910 2567
1854 7425
600 3605
6595 6336
3780 8362
6421 7638
4140 9581
3215 6437
2602 483
7095 7243
3214 5674
578 5329
373 8512
6782 4397
3555 1985
2853 9946
2010 5924
744 9649
9641 1395
1304 9709
5488 9912
305 6093
8948 6468
7816 9003
8494 5919
7375 5750
2337 5647
4866 6513
7237 6676
4067 8497
8280 8327
1304 405
1584 4104
1035 8371
5787 9117
5669 4450
4738 8953
7507 3321
6212 9580
3841 6498
604 9734
7636 3702
9408 5635
1639 4794
6417 3108
3887 9080
8881 6679
3791 392
1739 5360
5068 950
6799 7382
6545 6801
2843 4796
1030 4640
4552 1214
4687 8437
5707 916
2328 1596
1685 5310
4588 3587
675 3296
9123 3610
2777 3890
5617 6176
6742 9364
5390 3512
498 7966
2277 1868
9817 2077
486 3116
6874 811
9345 6740
3562 4365
2879 9905
314 5559
8683 5084
2713 7270
757 8246
2256 6877
8061 6551
6302 5029
8163 3341
2265 3430
11 8610
5716 2627
3335 2458
8025 8874
2864 2589
8239 8135
4698 8452
1212 2901
8821 5292
542 563
7724 2977
3126 8899
1927 9817
9837 7247
6509 3141
6494 7447
708 6422
341 186
4668 1358
7268 6413
8259 1331
9667 4553
2728 2684
1367 7712
3751 2282
4934 3431
4504 8265
1181 4949
4717 3281
1162 3286
4393 7988
6226 3362
7750 6583
7539 5453
7368 9105
6448 6175
5895 9170
7426 9007
4694 9654
7390 1774
1423 8831
5779 8088
5964 9586
5918 559
321 3180
5518 8279
2588 9151
1803 7748
4095 7640
549 4658
2113 6427
4677 3202
2231 1017
8985 1925
7440 7658
9668 7872
959 523
2782 7337
6000 9014
4754 5225
3151 1362
4664 8995
5163 9889
8973 6553
9250 6504
3142 77
4240 1716
1955 1625
2485 6219
13 556
9089 279
112 1116
8189 6784
782 9874
6983 8869
8695 7891
9894 5483
1199 7838
9626 9901
4809 1121
9313 4743
8155 7181
5371 2773
7033 8913
6162 3146
7026 7267
3314 4823
2487 134
5085 4855
6536 2598
4364 1053
4486 9072
3851 6292
5522 1282
6141 9004
1555 2579
238 368
9273 1613
6661 5803
6373 4189
3490 2477
5876 5933
8711 9147
5139 8104
1483 8791
271 9693
5806 8265
9274 2179
5240 5187
6298 799
6782 9600
8186 8139
9094 1686
113 4639
3670 2984
2683 4208
178 2696
6574 7362
9920 5979
6929 4251
2598 7924
7591 5769
8953 1425
6411 3637
9104 5350
9139 2629
285 1971
7731 3509
9836 9609
8021 9379
6450 7143
927 964
6760 431
5471 1827
8354 9685
7031 2929
4448 6718
7143 9781
4763 7601
2089 5625
336 6425
6340 3025
9092 3785
5143 5061
9713 2288
85 9681
2314 1894
4040 6738
4271 2885
7287 7716
7129 593
2591 6580
9652 1600
5686 9290
6334 843
6087 8426
1496 2700
7431 4859
1276 4928
6938 66
8099 123
1608 4684
5967 6989
3013 887
1617 8312
4540 8111
2904 2977
5826 7973
1976 4571
5904 1635
6945 8297
6339 4347
1533 5286
2395 4917
6180 6188
9742 4204
9396 6770
9516 8751
1106 5815
8935 2713
7118 3589
8122 3974
9694 3500
7465 1407
7080 9362
1987 1396
1260 1988
426 7351
7716 3636
5991 4889
3296 4482
9445 1754
5004 4595
8049 9255
8870 4756
2253 5824
4917 3367
8246 1164
4452 2502
9846 2368
5900 7035
9190 9164
3660 8243
7679 6361
571 5237
6467 5868
5419 1189
9654 5139
1465 3333
8405 9549
4759 5447
6754 6972
7023 5149
7423 776
6993 9033
3316 3681
1935 4296
1028 1407
570 8323
998 5258
5931 4257
4158 8084
2136 6483
4181 5307
9065 5743
6056 6120
9968 9606
6889 1380
3854 7217
1860 1750
5249 2853
138 539
2619 7607
8343 9004
7627 1116
143 3822
8730 9619
2492 741
6141 8408
4118 2990
3343 7976
3501 133
7362 127
2920 4073
3013 5075
3749 5717
4606 265
859 7849
4929 9696
4823 8608
2652 3844
1019 1253
2187 3015
4714 2684
3409 397
2405 7925
3137 9687
696 1940
7414 846
3455 9033
5158 1604
4658 2415
2048 1885
999 8853
8461 2021
7948 3577
7490 725
8223 4533
399 7895
7367 5782
7239 3958
1731 7567
6766 2590
832 9628
6088 4947
5189 3356
3775 2525
6861 2639
9090 3996
9989 9743
8752 1192
1162 3269
2041 6338
5639 7032
4077 6881
1365 9011
6431 261
6909 7491
5047 5779
2638 1569
983 2482
7528 2257
126 4956
2862 3476
7386 1691
1963 2605
3618 4730
3660 7039
7034 9562
4816 9588
1657 2937
7824 3095
1186 2907
9776 7081
8915 3742
4159 7607
3600 5935
4724 69
8689 45
739 4015
40 9391
6941 4247
385 1131
3941 6544
8430 5967
8345 3846
3455 9155
9837 3176
6413 5261
2678 4460
4217 2250
7483 8091
343 7998
2116 7386
8462 4090
7075 656
6483 4151
6006 3703
2482 5429
3582 2276
9560 7945
6227 8992
2433 6399
5975 5471
5334 5464
6564 9841
2312 3401
4455 4289
9215 2782
9469 4817
8613 1746
4589 7013
3457 1522
9369 6497
705 4265
4777 916
4256 6203
890 9996
5838 4800
8555 447
1468 9027
6798 9592
776 4812
6653 2189
834 9266
2596 2185
927 5169
3308 9052
2628 7770
7735 3242
4188 1479
1227 857
4892 444
1528 6903
375 4960
5205 3601
7440 6548
9446 8377
9525 5300
9468 8403
287 7679
5701 7834
6517 6351
9629 7481
8204 3077
1804 7712
7831 7907
8194 1971
1544 6378
4208 3356
4718 3284
4431 4766
8081 8419
292 5030
200 173
2315 7111
541 8775
572 4391
561 3203
5713 1917
3541 8128
3818 4790
4453 8422
2114 1426
3621 284
4183 6627
3686 897
8151 9576
2125 622
8374 1325
4928 72
4136 1383
3713 5144
4235 5568
5592 5799
5468 1563
6766 9767
2990 7203
6909 2948
1494 2991
4164 4323
7890 2365
8022 6489
6282 8834
5393 2248
3757 3818
5885 3198
2213 286
9802 8138
4725 9969
3232 9942
5026 7919
7216 2264
6105 9828
4562 7136
5219 6966
7381 5546
7483 9842
1364 6348
5066 4286
2672 3015
9224 9726
1008 5791
8814 6969
364 9497
8150 4939
8241 6926
597 4528
4600 9289
9041 2553
4850 4066
9104 939
9638 1299
7423 5996
156 2472
9092 8189
5807 8527
7287 5645
7956 6998
9730 7727
2256 5277
2242 1027
5515 6020
6997 632
6720 4573
2753 1231
9003 592
2145 5523
9242 335
2121 702
1068 3431
6831 9534
2616 5090
9029 833
669 8836
5072 8901
8451 9232
2539 5601
6187 5550
6333 5462
1529 5360
9379 3812
7688 8481
9319 3780
9785 1949
2853 3997
9985 8485
7042 9770
2316 7320
7865 4829
4215 1629
2057 415
8677 4184
5458 3406
4397 4521
7127 748
2376 581
5060 3455
7135 1966
3725 2252
2832 4419
1504 5061
9201 1965
5822 820
9273 7900
749 9702
1223 1625
5904 4294
6961 2195
9725 7933
4286 7778
3914 534
8953 1352
8712 2501
2412 1320
6298 2646
61 2469
5563 713
7335 295
1096 895
9089 9176
2990 9918
5845 5329
4917 3404
7158 1913
923 5525
1046 6499
1254 5259
5307 2988
6255 5359
2201 552
4486 4866
2153 3391
7045 8951
6536 8518
7206 954
1978 1275
1798 3235
8015 6900
8784 859
6851 1082
4800 6079
6044 8266
5631 1940
7715 248
3572 9461
6302 8596
6641 3043
298 9291
8057 6676
7481 37
6018 7396
3648 7002
9787 1589
4817 8944
3569 7277
754 8486
9916 8529
6550 362
2460 8028
4161 6182
6962 6377
6753 2088
6321 1258
2717 6887
5674 5482
9077 1099
4877 2458
4764 4246
3071 5770
7426 945
5146 3900
7914 3404
7130 4824
9479 7812
8125 4129
6328 9152
4496 6432
3158 9877
451 4690
5047 5431
8995 2135
2218 6570
2536 1082
6264 1226
5465 9841
9539 1135
2285 6286
4906 1496
6341 1262
7942 9170
8892 2450
8611 7430
4968 130
7960 9021
9555 1305
9758 3639
705 8442
1601 2695
5562 7022
3707 8994
2113 6615
7792 1398
7907 468
3827 7539
4695 4306
3091 8714
8028 885
9079 4636
8278 6077
7407 296
5750 1174
6765 3448
7071 9012
2073 8442
640 5303
9729 585
6900 695
8150 4416
6157 5041
5621 888
2185 2686
4015 4345
823 5073
4886 2690
4199 8315
818 9876
1025 5421
8761 5450
4358 6699
3854 1521
6482 3168
399 6504
4814 9252
3936 2782
6471 7128
7484 2742
429 5745
6033 5248
1118 4911
8987 8601
664 9905
7688 3998
2558 1448
7441 1557
9331 7614
3741 3705
1383 1856
9191 4126
5888 4680
1972 2085
3080 6623
5566 5888
