800 38 400 10 1193
1 7 37 41 29 1 14 21 7 21 45 28 12 2 18 17 23 29 18 60 15 4 58 14 71 46 14 25 10 14 3 1 42 15 20 8 8 1
7558 8100 8103 8645
7587 8351 420 1184
9639 10000 2921 3557
7436 7739 3228 3531
7352 8349 1547 2544
7497 8677 6337 7517
5548 6487 9147 10000
8952 9051 6068 6167
2393 3236 3605 4448
5856 6042 6 192
2869 4029 7680 8840
5660 6112 5109 5561
5756 6641 652 1537
7939 8678 1552 2291
3008 3046 7565 7603
190 618 5311 5739
3873 4550 9187 9864
2582 3597 7417 8432
1496 2098 2643 3245
8029 8436 1403 1810
2025 2253 9828 10000
1183 2308 2044 3169
1474 2299 4916 5741
6038 6380 4133 4475
1344 2097 5265 6018
1202 1929 0 633
2131 2579 7251 7699
2130 3298 8827 9995
3300 3393 8283 8376
4573 4819 4984 5230
1558 2270 4016 4728
6162 7172 4255 5265
8534 9689 8230 9385
4803 5483 84 764
2578 3649 7417 8488
3195 4282 6047 7134
7760 8324 1618 2182
1727 2608 4079 4960
5936 6521 5874 6459
0 566 9487 10000
5164 6117 0 517
3821 4695 4864 5738
1794 2977 2574 3757
2016 2540 3754 4278
5441 6184 2065 2808
3018 3455 6655 7092
0 392 902 1920
5185 5764 1427 2006
6955 7019 6868 6932
3790 4833 2559 3602
6241 6338 7830 7927
7077 7561 8018 8502
2110 2509 2055 2454
68 1048 164 1144
2090 3039 8030 8979
1686 2232 9469 10000
8830 9444 4609 5223
3529 4363 7237 8071
8889 9601 3835 4547
4535 5510 8366 9341
8979 9949 165 1135
7138 7713 7542 8117
7017 8172 8177 9332
8990 10000 1537 2550
5382 5994 6352 6964
6087 6133 6972 7018
4221 5013 5940 6732
9557 10000 8353 9286
2630 3026 1098 1494
2024 3209 7719 8904
5622 6169 6354 6901
4200 5329 1927 3056
9299 10000 0 929
4558 5667 6623 7732
4701 5876 9074 10000
1870 2598 4977 5705
5926 6467 1903 2444
3508 4192 994 1678
7514 8189 6665 7340
9595 10000 5159 5918
175 270 9207 9302
6699 7857 6567 7725
3781 4231 1824 2274
6114 6777 5331 5994
8833 9848 5138 6153
8745 9372 1569 2196
4391 4740 7399 7748
682 1181 4701 5200
338 1107 6541 7310
3538 3673 2510 2645
2513 3448 7301 8236
595 636 8072 8113
1927 2922 6235 7230
4154 4302 1375 1523
6761 7453 5848 6540
2604 2879 8721 8996
6103 6599 2363 2859
5946 6567 5964 6585
6606 7015 4203 4612
553 1063 1633 2143
9065 9113 9189 9237
4400 5448 2395 3443
0 965 950 2013
926 1548 5020 5642
5515 6089 842 1416
8920 10000 1781 2948
1618 1642 5872 5896
5791 6357 1061 1627
0 683 6690 7443
7588 7697 4502 4611
7866 8100 7416 7650
3578 4219 7912 8553
0 879 6680 7662
663 787 160 284
4035 4486 5627 6078
4328 4677 6069 6418
8865 9438 9407 9980
8434 8585 3417 3568
2025 2707 4909 5591
3577 4080 8357 8860
1240 1637 1916 2313
0 614 65 721
6896 6990 6762 6856
6248 6306 5782 5840
2536 2979 1144 1587
6449 6668 6552 6771
7383 8246 5326 6189
5405 5709 8409 8713
8063 8456 6003 6396
7795 7989 4437 4631
7514 7532 7823 7841
7627 8201 2438 3012
5700 6270 4754 5324
8696 8745 8019 8068
4707 4728 7549 7570
8523 9577 3970 5024
7817 7983 7483 7649
8111 8923 4539 5351
5862 6645 2951 3734
6215 6221 883 889
7826 8897 4730 5801
1576 1659 2979 3062
3335 4453 9802 10000
8798 9168 8624 8994
1304 2327 3125 4148
8007 8817 5919 6729
3873 4114 4408 4649
4817 5943 6770 7896
9049 9836 5132 5919
6272 6607 456 791
1320 2101 3461 4242
9893 10000 400 1279
4029 4369 7257 7597
9304 9683 804 1183
4668 4936 1932 2200
1478 2635 938 2095
2307 2792 8084 8569
5365 5742 343 720
1081 1460 5600 5979
6576 7501 4314 5239
5856 5995 4538 4677
33 966 5147 6080
3101 3643 7368 7910
6692 6943 1834 2085
7825 8237 1138 1550
6411 6547 4505 4641
2321 3347 1293 2319
8918 9083 2522 2687
2888 3573 8410 9095
8158 9005 5398 6245
4505 5370 2502 3367
8870 9029 5731 5890
43 932 3716 4605
1673 1802 4810 4939
8076 8724 6807 7455
234 420 1881 2067
5408 5684 210 486
676 1615 282 1221
8293 8737 8580 9024
8519 9205 2348 3034
5035 5724 3876 4565
2184 2730 6069 6615
9299 10000 7904 9028
4761 5838 4712 5789
9470 10000 6501 7142
8212 9140 4108 5036
8179 8872 684 1377
6342 7258 157 1073
797 1817 2315 3335
9398 10000 9640 10000
2255 2785 5090 5620
6277 6502 9805 10000
2387 3040 586 1239
4276 5065 1612 2401
646 1498 4630 5482
7854 8431 1955 2532
4759 5443 9886 10000
0 903 8494 9499
7243 7646 1256 1659
5033 5377 236 580
8349 8357 8420 8428
577 981 295 699
7923 8870 8186 9133
4403 4660 6816 7073
7288 7563 9407 9682
8595 9442 6097 6944
801 806 7966 7971
945 2045 8149 9249
1042 1877 2220 3055
4064 5156 2265 3357
8988 9735 9388 10000
2319 3122 0 461
5768 6882 6918 8032
3928 4029 8336 8437
1033 1461 8412 8840
7683 8479 2992 3788
7270 7480 241 451
7667 8859 4232 5424
3172 3374 9345 9547
8703 9805 2278 3380
1530 2184 210 864
6543 6908 7396 7761
689 1140 2026 2477
7252 8117 8676 9541
8137 8380 8750 8993
2933 3592 8537 9196
8929 9612 1078 1761
8681 9443 9069 9831
1690 2321 2872 3503
5856 6139 1212 1495
327 970 6791 7434
7542 8238 1926 2622
0 954 3774 4815
687 1561 8516 9390
6604 7538 1726 2660
9399 10000 867 1974
1599 1768 3094 3263
2419 3076 6451 7108
3380 4318 2035 2973
2463 2500 5182 5219
5943 6764 1547 2368
1719 2813 4432 5526
2605 2968 6211 6574
3592 3929 7081 7418
9522 9713 484 675
5775 6136 7210 7571
9086 9929 3914 4757
8124 8208 6174 6258
2154 3101 6881 7828
6414 6452 2569 2607
1211 1692 1249 1730
4350 4797 6698 7145
8363 9024 2953 3614
7826 7877 3618 3669
3549 4468 0 773
745 1703 4316 5274
5114 5767 8788 9441
954 1786 951 1783
4419 4696 1566 1843
3194 4230 313 1349
5392 6082 3363 4053
7781 7926 6603 6748
5528 6202 6196 6870
8636 9311 6597 7272
9502 9616 9580 9694
545 1626 8784 9865
8309 8941 2258 2890
5873 6867 1267 2261
4584 4708 7930 8054
1900 2104 1059 1263
6205 7083 6914 7792
9016 9770 553 1307
5940 6244 8783 9087
400 1251 824 1675
0 293 3381 4099
1268 1313 9836 9881
7541 8571 4970 6000
6447 7478 8684 9715
90 490 7951 8351
5020 5041 5494 5515
3523 3751 5318 5546
5124 5835 3346 4057
5165 5723 5404 5962
3564 4395 3204 4035
6753 7323 8806 9376
1897 2800 3738 4641
8461 9581 4968 6088
9186 9491 7841 8146
7851 8578 5441 6168
5125 6101 8769 9745
1364 1648 5396 5680
3428 3562 8691 8825
1489 1507 9574 9592
9672 10000 2750 3280
316 1129 6440 7253
1663 2073 2195 2605
5207 6356 91 1240
6443 7245 1137 1939
3431 3652 1129 1350
8594 9341 5204 5951
6909 7200 5191 5482
4888 5859 7964 8935
5130 5781 6205 6856
7572 8705 3036 4169
0 192 2426 2677
5587 6103 351 867
7091 7242 9631 9782
9340 9979 825 1464
4783 5301 12 530
811 1903 681 1773
2398 2656 9396 9654
1753 1917 421 585
7218 7782 0 454
7610 8625 9483 10000
8451 9180 3341 4070
5763 5942 2637 2816
8388 9553 6027 7192
5300 5426 7887 8013
444 543 1424 1523
5015 5288 6566 6839
4997 6096 4601 5700
1091 1545 5774 6228
7402 8405 9107 10000
1936 2485 6764 7313
2902 4049 7260 8407
7924 8843 2421 3340
6287 7420 5229 6362
2452 3435 3784 4767
3812 4204 3218 3610
6343 7144 7315 8116
1670 2431 2451 3212
2955 3573 5636 6254
813 1136 9417 9740
5237 5910 2468 3141
144 177 1139 1172
315 1129 4939 5753
4260 5027 487 1254
1765 2636 6776 7647
3955 4539 991 1575
1882 2325 5025 5468
5077 6171 3201 4295
7056 7847 7101 7892
8547 8675 3766 3894
5801 6030 6366 6595
9608 10000 6435 7369
5075 6245 2920 4090
0 448 9147 10000
9463 9657 9519 9713
5212 5671 4644 5103
7561 8069 356 864
3215 4212 3283 4280
2918 3768 2854 3704
530 728 2451 2649
1138 1195 3800 3857
1941 2758 7331 8148
7222 7667 7486 7931
779 1870 0 932
5249 5524 7799 8074
5196 6051 6526 7381
7603 8556 4636 5589
8383 8555 6197 6369
6307 6357 3410 3460
6168 6976 3681 4489
5119 5174 84 139
4265 4831 6388 6954
5806 6195 7371 7760
2157 2357 4399 4599
3225 3663 8554 8992
1815 2402 4248 4835
3120 4148 6805 7833
4031 4116 8240 8325
2277 2783 7189 7695
909 1171 9576 9838
1323 2458 635 1770
9474 10000 5936 6566
7385 8455 7901 8971
1384 1566 3420 3602
2277 2716 120 559
4859 5582 4397 5120
9084 9778 5836 6530
4434 5344 2741 3651
1724 1730 5207 5213
252 1349 5570 6667
6329 6806 8876 9353
1656 2559 0 574
1238 1674 8667 9103
2115 2385 5498 5768
5283 5931 9292 9940
2128 3212 7657 8741
3039 4131 939 2031
4033 4343 2281 2591
6868 7151 6695 6978
4410 4676 2903 3169
5600 6250 6824 7474
4327 4475 70 218
485 594 4178 4287
2652 2852 6270 6470
5412 6191 9325 10000
4998 5578 6160 6740
8598 9017 2528 2947
7550 7764 6909 7123
5980 6600 1495 2115
4627 4943 5236 5552
3198 3825 3660 4287
6043 6548 5713 6218
2419 3454 0 811
5729 5991 702 964
2784 3541 8236 8993
7086 7484 5890 6288
7793 8894 6869 7970
8430 8474 6715 6759
9348 10000 5459 6359
6570 6783 2142 2355
1273 1436 8026 8189
303 1127 6789 7613
8986 9094 9439 9547
6184 7015 6681 7512
6158 6797 9636 10000
0 1032 8030 9160
2471 2694 4161 4384
2657 3524 821 1688
6706 7664 7413 8371
7392 8393 8380 9381
949 1641 3839 4531
8245 8453 7475 7683
3356 4171 7669 8484
0 709 510 1421
1283 1579 7512 7808
9080 9540 9160 9620
6192 6796 5380 5984
1835 1927 2061 2153
7302 7550 2608 2856
6404 6551 2575 2722
8255 8634 9703 10000
8768 9618 7508 8358
1185 1889 3945 4649
7170 7960 2081 2871
6796 7443 5878 6525
5471 5530 341 400
9508 10000 6041 6895
7697 7891 3517 3711
3810 4532 3300 4022
8081 8990 6878 7787
5988 7122 0 803
2103 2239 5135 5271
8683 9495 3151 3963
8823 9700 2240 3117
5219 5327 7330 7438
6087 7181 7461 8555
8914 9916 1963 2965
2733 2911 75 253
90 424 4397 4731
6746 7097 1024 1375
8926 9967 5817 6858
7539 8685 1156 2302
8787 9638 2050 2901
6055 6186 3298 3429
1864 2243 4555 4934
7455 7842 59 446
3195 4264 7294 8363
9752 9779 3133 3160
6739 7434 892 1587
5577 6676 6119 7218
4870 5171 6144 6445
3389 3570 3351 3532
1266 1448 6689 6871
8953 9528 2840 3415
3739 4883 8671 9815
3170 4039 930 1799
1515 1780 9649 9914
2105 3226 2172 3293
8521 8629 2156 2264
1827 1956 2299 2428
2691 3480 5015 5804
7175 8083 1294 2202
483 1590 684 1791
9610 10000 3802 4839
1998 3038 5374 6414
3371 3815 7193 7637
7448 8353 6795 7700
5451 6449 2436 3434
7235 7296 3360 3421
2946 4092 1166 2312
8377 8515 4865 5003
7277 7505 8614 8842
9230 9803 8675 9248
1957 2561 1120 1724
1283 2056 2023 2796
2045 2199 7932 8086
9493 10000 590 1247
5213 5459 5597 5843
2607 3552 4821 5766
4359 5181 1255 2077
5710 6681 7730 8701
6676 6916 8411 8651
3755 4215 6147 6607
1472 1513 3905 3946
7550 8512 6500 7462
0 266 5447 5768
3329 3971 3763 4405
2291 2855 6204 6768
2234 2335 4851 4952
9716 9987 4387 4658
6816 7026 3850 4060
5977 6484 8564 9071
8003 8853 4638 5488
5408 6050 4057 4699
4706 4724 1884 1902
9308 9451 4073 4216
0 752 3098 3918
1672 2624 7492 8444
5363 5505 1869 2011
53 212 1825 1984
9470 10000 0 933
8980 9781 1778 2579
3252 3391 4035 4174
4930 5477 6434 6981
9191 9294 3988 4091
6068 7160 1728 2820
703 947 5046 5290
2136 2758 7498 8120
2904 3966 8549 9611
5377 5865 1882 2370
127 955 1919 2747
2289 3167 8516 9394
648 1369 3195 3916
6312 7119 3752 4559
7047 7134 5230 5317
2846 4020 4314 5488
4338 4732 5472 5866
2595 2952 1811 2168
1012 1305 3313 3606
6841 7723 7196 8078
4249 4381 9025 9157
28 565 2891 3428
5369 6182 0 683
8127 8381 9099 9353
3126 3252 3200 3326
2413 3459 8233 9279
3628 3963 7098 7433
9258 9643 9175 9560
885 987 6229 6331
6906 6914 129 137
5274 6229 3414 4369
4739 4998 9679 9938
4010 4605 492 1087
9044 9614 8086 8656
1625 2168 2024 2567
3295 3722 5024 5451
2045 2126 3871 3952
3388 3481 6635 6728
3036 3575 5942 6481
7074 8249 7245 8420
7763 8696 6389 7322
3720 4521 7777 8578
0 471 0 777
2797 3623 7675 8501
1191 1489 2885 3183
8925 9929 2590 3594
3018 3956 7867 8805
3771 4915 6447 7591
7094 7102 4097 4105
4832 5227 5718 6113
2546 3648 6522 7624
7855 8466 887 1498
9589 10000 9000 9749
6743 6932 4458 4647
9205 9599 5052 5446
5057 5059 7415 7417
1750 2260 2762 3272
7595 7888 5886 6179
7119 7535 4476 4892
7700 7985 9093 9378
7013 7630 6473 7090
5218 5391 2951 3124
7296 7977 0 555
6831 7763 1657 2589
8571 8892 400 721
4165 4340 4008 4183
5396 6226 3278 4108
4086 4925 5959 6798
2432 2920 7244 7732
244 1077 5343 6176
1445 1978 8592 9125
7984 9039 91 1146
4127 4184 3511 3568
4425 5143 2039 2757
8249 8803 572 1126
2925 3530 7538 8143
8618 9425 4155 4962
5336 6060 8621 9345
3601 3763 2833 2995
85 884 6356 7155
6877 8066 3716 4905
9227 9837 8701 9311
3331 3777 3426 3872
7190 8227 0 351
9002 9897 5413 6308
8526 9514 4561 5549
1905 2074 7409 7578
2940 3750 4735 5545
9427 10000 1718 2333
4870 5795 6327 7252
9719 10000 9556 10000
1913 2559 4616 5262
8068 8457 3675 4064
7264 8296 336 1368
9028 9819 5873 6664
8786 9766 4354 5334
700 1546 9075 9921
2152 3242 4329 5419
6340 6371 2004 2035
1655 2566 867 1778
3466 3529 4024 4087
9733 10000 1469 2239
434 1502 2566 3634
5689 6001 1088 1400
9048 9057 9533 9542
6123 6825 8380 9082
7707 8353 2506 3152
5914 6924 4389 5399
473 1557 3972 5056
1397 1514 7359 7476
899 1564 3958 4623
2760 3178 624 1042
9663 10000 2633 3581
5841 7026 6351 7536
7771 8227 9114 9570
9765 10000 0 551
396 642 849 1095
4646 5192 5247 5793
7546 8044 8006 8504
8401 8664 8354 8617
9463 9971 1551 2059
4739 4877 6558 6696
7758 8110 2161 2513
4690 5468 6051 6829
6800 6815 624 639
8388 9122 9478 10000
2669 2736 1154 1221
7773 8843 356 1426
4692 5183 3414 3905
2562 3482 6201 7121
4398 4653 6505 6760
7122 8038 4185 5101
4602 5183 1847 2428
8050 8349 4969 5268
3141 3618 7299 7776
5000 5794 5252 6046
5754 6486 413 1145
4888 6070 0 617
9016 9640 6215 6839
4688 5010 3542 3864
9745 10000 1896 3020
5099 5226 7950 8077
615 1440 5724 6549
3530 4196 7442 8108
3029 4007 7125 8103
8851 9862 6482 7493
6557 6940 9486 9869
9741 10000 0 230
9302 9380 6812 6890
7849 8987 1802 2940
1079 1197 7429 7547
3395 3639 6815 7059
6796 7632 7792 8628
7274 7375 3360 3461
9674 9809 6406 6541
1381 2055 7581 8255
8442 8669 3346 3573
8288 8853 4174 4739
6842 7647 3286 4091
9267 9771 16 520
598 1446 3778 4626
4816 5809 5468 6461
7751 8019 8523 8791
8796 8953 412 569
6469 6652 1426 1609
1724 2297 5275 5848
5240 5950 144 854
6219 7134 4102 5017
7352 7688 6954 7290
8064 8764 2221 2921
8062 9223 5905 7066
8066 8664 2372 2970
1419 1846 2700 3127
0 527 9037 9864
3479 3660 4180 4361
3494 3565 6750 6821
8728 9084 7263 7619
5217 5515 968 1266
8925 9596 7604 8275
454 1513 8882 9941
6462 7198 1445 2181
5732 6268 1473 2009
5611 5696 489 574
86 758 837 1509
3343 3804 9536 9997
2384 3177 7756 8549
6312 7206 1180 2074
0 492 6324 7332
6416 6661 6834 7079
2529 3666 7577 8714
2773 3141 3878 4246
337 1442 7791 8896
2828 3516 297 985
3754 3756 9718 9720
2942 3187 3676 3921
4417 4922 6183 6688
6002 6195 4374 4567
1338 1781 0 360
8295 9013 3673 4391
2226 3346 7525 8645
5284 6306 9578 10000
1285 2085 3028 3828
2591 3725 6440 7574
7887 7979 8736 8828
1784 1842 5906 5964
3977 4713 7995 8731
3810 4354 0 116
7017 7562 4110 4655
6808 7286 843 1321
6329 6616 8949 9236
6439 6745 9202 9508
9271 9458 4750 4937
3685 4813 5898 7026
664 1072 8401 8809
9487 9664 7888 8065
3149 3150 6897 6898
8941 10000 6624 7705
7932 8590 4618 5276
4806 5147 185 526
4399 4637 8226 8464
4090 4999 3485 4394
8864 9485 2421 3042
8854 9141 3450 3737
7842 8287 4058 4503
1843 1868 233 258
4555 5049 2465 2959
0 505 0 351
8837 9031 8693 8887
6524 6901 4538 4915
0 770 9231 10000
4635 4819 2892 3076
9631 9917 5551 5837
7380 7479 5736 5835
3285 4089 9461 10000
1050 1652 1932 2534
6349 7465 6676 7792
0 333 9399 10000
0 429 7872 8448
2923 3960 3883 4920
2764 3897 1168 2301
9696 9785 4617 4706
354 384 3439 3469
190 861 3443 4114
5011 5844 2034 2867
4193 4865 5425 6097
5716 5896 118 298
6153 6324 2762 2933
9490 10000 6190 6724
5657 6413 5667 6423
7877 8950 2945 4018
4596 4610 2948 2962
2841 2943 5932 6034
6287 6579 3114 3406
8107 8475 9404 9772
365 1312 3745 4692
1979 2735 264 1020
5723 6467 8868 9612
8497 9037 0 501
435 1405 1246 2216
1871 2679 3934 4742
5200 5424 3173 3397
1886 2723 6304 7141
5167 5876 3718 4427
5321 5329 326 334
2359 3149 229 1019
2821 3069 5844 6092
998 1153 4133 4288
6348 6622 1079 1353
6978 7182 1795 1999
7111 8123 7366 8378
1468 2175 6038 6745
7282 7830 3294 3842
5131 5716 4726 5311
1341 1952 6025 6636
5042 5055 3390 3403
3491 4627 1839 2975
2051 2808 4077 4834
6069 7096 773 1800
4481 4712 8285 8516
3578 4481 6597 7500
1465 1594 3898 4027
8216 8689 759 1232
16 422 5949 6355
5226 6218 1847 2839
1875 2152 1378 1655
3746 4676 276 1206
1473 2403 1104 2034
7976 8472
7712 959
9984 3553
7548 3311
8146 2359
7669 6872
5940 9768
9022 6137
2676 3764
6030 107
3809 7828
5796 5166
5920 1262
8098 2072
3015 7599
353 5595
3961 9396
3178 7764
1946 2858
8173 1692
2250 9856
2093 2187
2009 5571
6267 4314
1711 5458
1353 125
2552 7366
2565 9513
3313 8303
4778 4994
1865 4666
7133 4357
9099 8267
5467 757
3014 8023
3254 6813
7875 2132
2276 4649
6238 6202
305 9838
5277 239
4099 5161
2876 3398
2117 4111
6181 2257
3153 6941
104 1524
5257 1567
6966 6897
4426 3058
6273 7925
7225 8385
2456 2293
905 453
3007 8314
2136 9608
8907 4970
3910 7681
9527 4492
5369 8835
9079 1074
7518 7827
7756 8750
9559 1557
5930 6422
6132 7000
4905 6674
9799 8463
2746 1228
2565 8395
5800 6653
4740 2932
9508 265
5012 6894
5842 9592
2482 5057
5943 2210
4076 1643
7515 7158
9781 5740
243 9208
7105 7178
3972 2256
6160 5931
9642 5260
8935 1852
4719 7562
693 4985
560 7141
3666 2562
3114 7565
598 8089
2554 6806
4160 1523
7239 6345
2815 8803
6593 2512
6317 6229
6807 4421
612 1879
9112 9205
5149 2533
546 1471
1082 5121
5747 1287
9766 1841
1641 5895
6197 1270
60 6835
7688 4532
7908 7556
3591 8308
551 7098
774 269
4308 5699
4364 6366
9411 9926
8459 3435
2666 4966
3820 8624
1603 2068
222 335
6922 6831
6287 5830
2817 1475
6475 6767
8154 5347
5607 8419
8391 6327
7863 4476
7528 7826
7998 2875
5867 5176
8704 8021
4711 7554
9466 4608
7930 7552
8337 4542
6545 3407
6216 883
8139 5704
1597 2996
3892 9905
8928 8848
2136 3529
8247 6521
3981 4579
5932 6846
9070 5477
6507 647
1492 3733
9926 658
4159 7512
9667 833
4831 1962
1840 1544
2637 8170
5447 553
1402 5852
6767 4653
5985 4605
821 5836
3385 7450
6777 1945
8054 1282
6520 4539
2834 1935
9000 2638
3296 8960
8161 5689
5298 3282
8987 5733
595 4450
1717 4912
8518 6950
325 2013
5654 365
1490 1214
8525 8713
8816 2548
5712 4279
2446 6081
9477 9025
5535 5033
9567 7128
8410 4633
8663 872
6348 705
962 3247
9751 9777
2569 5313
6362 9898
2859 1114
4350 1990
907 5299
7924 2269
5245 9988
686 9399
7514 1415
5347 400
8355 8426
705 296
8002 8896
4416 6859
7540 9615
8960 6183
804 7969
1024 8532
1557 2948
4509 3041
9626 9654
2819 397
6092 7307
3952 8371
1087 8828
8466 3219
7308 286
8145 4790
3292 9351
9445 3220
1690 369
6570 7430
693 2251
7514 9071
8209 8945
3407 8740
9173 1287
8800 9461
1775 3306
6014 1220
474 7151
8235 1987
719 3946
1505 9332
7126 2332
9672 1521
1656 3194
2755 6746
3867 2109
2470 5206
6464 2105
2205 5343
2932 6559
3824 7151
9704 661
5858 7547
9562 4324
8140 6221
2894 7645
6432 2581
1604 1503
4533 6949
8983 3604
7849 3619
3620 405
1371 4969
5492 9177
1421 1774
4607 1665
3549 717
5544 3693
7872 6732
5635 6348
9289 7105
9526 9600
861 9518
8829 2526
6629 2014
4644 7971
2013 1097
6668 6948
9016 1051
6120 9078
571 1146
108 3402
1312 9858
7853 5940
7228 8778
230 8136
5040 5501
3583 5463
5134 3464
5591 5791
3936 3390
7060 9018
2479 4396
8912 5617
9201 7958
8478 6137
6058 9433
1511 5581
3543 8742
1501 9581
9830 3172
485 7136
2004 2262
5868 386
7090 1581
3520 1202
9308 5841
7197 5377
5726 8926
5663 6326
7670 3567
17 2617
5957 655
7206 9747
9940 1154
5296 263
1869 1481
2423 9496
1891 565
7463 132
7683 9828
9158 4027
5905 2731
9291 7159
5300 8009
493 1463
5116 6777
5691 5015
1302 5830
8337 9918
2463 7242
2961 8048
8479 3222
6791 5260
3208 4136
3820 3223
6462 7968
2387 2705
3416 6028
865 9591
5675 2713
173 1166
745 4952
4556 1119
2552 7552
4202 1464
2072 5432
5948 3796
7374 7556
8577 3890
5828 6584
9625 7340
5703 3590
168 9886
9655 9588
5484 4699
7904 796
3409 4234
3026 3594
619 2508
1183 3819
2684 7755
7316 7628
1225 472
5366 7814
5496 6702
8175 4768
8467 6272
6310 3453
6955 4415
5148 125
4341 6452
5985 7759
2236 4583
3355 8894
1953 4757
4101 6850
4066 8292
2508 7534
1065 9659
1642 1042
9570 5982
8027 7994
1454 3529
2447 194
5149 4533
9113 6171
4552 2855
1727 5207
782 6128
6418 8990
2532 20
1342 8766
2282 5697
5665 9652
2468 7970
3930 1799
4262 2427
6938 6951
4488 3109
6000 7338
4350 182
571 4283
2792 6399
5775 9676
5459 6679
8603 2893
7702 7026
6183 1611
4938 5494
3819 4035
6232 5773
2785 576
5984 818
2993 8862
7093 6124
7946 7285
8454 6715
9690 5771
6574 2347
1352 8103
777 7592
9079 9446
6339 6922
6717 9860
536 8512
2512 4341
3226 1221
7287 7468
7644 8869
1515 4443
8334 7655
3832 7839
320 651
1336 7753
9150 9178
6581 5507
1839 2105
7429 2739
6422 2702
8486 9925
8776 7776
1584 4047
7878 2667
7350 6354
5530 399
9915 6471
7741 3535
4468 3912
8369 7520
6225 434
2149 5145
9229 3220
9502 2988
5325 7432
6578 8139
9766 2361
2758 169
375 4636
6969 1111
9305 6362
7762 2285
9086 2086
6082 3320
2150 4822
7689 103
3703 7827
9763 3136
7152 1292
6338 6440
5103 6365
3441 3359
1290 6831
9392 2885
4405 9748
3388 1764
1516 9833
2590 3146
8555 2170
1846 2370
2747 5234
7697 2096
700 1004
9999 4299
2456 6180
3482 7608
8207 6918
5806 2657
7244 3383
3417 1222
8396 4914
7492 8620
9711 8847
2429 1510
1710 2200
2199 7970
9943 754
5380 5799
2859 5492
4400 1904
6266 8238
6736 8512
3854 6456
1506 3905
8185 7355
161 5507
3386 4306
2349 6384
2269 4914
9921 4578
6940 3857
6273 8948
8424 5290
6035 4244
4723 1899
9440 4121
500 3235
2545 8214
5457 1990
153 1827
9536 659
9165 1898
3343 4054
4953 6554
9238 4052
6929 2678
884 5053
2504 7615
3673 8592
5743 2201
822 2382
2679 9229
1020 3550
6587 3756
7066 5235
3940 5088
4661 5526
2891 1897
1249 3371
7405 7545
4286 9026
264 2908
5963 400
8191 9331
3146 3251
3448 8856
3825 7259
9569 9309
958 6315
6911 135
5540 4300
4829 9894
4602 570
9548 8375
1791 2079
3537 5377
2121 3915
3461 6721
3287 6412
7267 7310
8040 6764
4046 8043
174 753
2841 8094
1218 3061
9718 3022
3561 8412
4769 7497
7097 4105
5197 5835
3131 7437
8005 1034
9893 9360
6820 4602
9425 5403
5058 7415
1897 2983
7805 6045
7273 4478
7871 9120
7070 7003
5268 3012
7776 168
7036 1886
8864 471
4193 4181
5671 3814
4377 6165
2660 7471
674 6129
1588 8897
8642 1129
4174 3534
4746 2705
8441 766
3082 7918
8828 4594
5658 9293
3718 2965
269 6482
7027 4777
9360 9044
3486 3512
8018 173
9140 5670
8848 5467
1969 7480
3165 5046
9877 2244
5568 7137
9877 9748
2315 4711
8323 3783
7695 1271
9662 6520
9049 4501
800 9422
3006 4796
6347 2011
1662 1725
3507 4054
9743 1632
699 3304
5796 1233
9056 9538
6632 8423
7821 2687
6292 4398
1139 4666
1438 7446
1098 4195
3027 766
9964 3030
6736 6508
7814 9262
9934 332
515 1049
5182 5318
7811 8297
8523 8517
9710 2009
4761 6690
7791 2173
4744 6633
6812 627
8533 9835
2720 1205
8002 1084
4727 3815
3377 6696
4608 6608
7376 4236
5033 2381
8104 5142
3485 7301
5073 5791
6436 457
5421 575
9282 6474
4750 3622
9758 2791
5174 7960
629 6174
4057 8063
3787 8002
9141 6825
6639 9854
9943 47
9374 6885
8112 1847
1120 7456
3570 6935
6919 8034
7274 3362
9719 6419
1752 7850
8625 3570
8626 4465
7205 4046
9621 255
607 3944
5515 5834
7849 8735
8917 468
6512 1451
2193 5530
5616 568
6491 5001
7448 7169
8566 2470
8972 5968
8596 2472
1445 2756
116 9714
3558 4230
3532 6796
9066 7295
5260 1031
9011 7933
1188 8893
7002 1788
5844 1836
5635 550
213 1100
3686 9912
2582 8136
6883 1934
457 7267
6465 7070
3581 7962
2909 4243
998 7926
3459 643
3754 9719
3004 3898
4860 6541
6150 4407
1714 356
8806 4115
2560 8030
6005 9785
2013 3499
3335 7068
7905 8823
1816 5953
4709 8438
4351 9
7032 4627
7169 1265
6399 9235
6619 9409
9299 4753
4561 6956
866 8503
9501 8005
3149 6897
9043 6989
8516 5147
5000 340
4476 8361
4157 3620
9378 2853
9109 3664
8065 4146
1862 248
4871 2937
345 77
8941 8778
6743 4559
723 9672
4736 2892
9631 5757
7427 5784
3781 9616
1322 2003
6894 6882
170 9421
411 8126
3252 4295
2836 1580
9740 4630
361 3450
347 3897
5514 2490
4636 5641
5826 180
6244 2885
9977 6270
5774 5975
8627 3347
4596 2951
2942 5975
6554 3285
8131 9763
1304 3831
2612 431
5838 9112
8822 406
476 1964
1946 4721
5304 3190
2152 6690
5288 4401
5329 331
2443 685
2949 6068
1074 4244
6576 1210
7177 1881
7866 7843
1798 6568
7758 3298
5480 5285
1922 6079
5051 3392
3788 2869
2762 4355
6571 1338
4621 8316
3613 6867
1475 3914
8400 852
120 6140
5995 2243
1928 1415
3847 1013
1985 1345
