800 382 400 14 2425
1 2 3 1 1 4 2 1 4 2 2 2 3 5 2 1 1 1 3 1 3 4 2 5 1 6 1 5 1 2 1 1 1 1 1 2 3 2 2 1 1 2 1 2 2 1 1 8 2 1 2 2 1 1 4 3 2 2 2 2 1 2 1 4 1 5 2 1 2 4 2 1 1 5 3 4 1 1 4 1 4 3 1 1 3 4 1 1 4 1 3 2 1 4 1 2 1 4 1 1 3 6 1 2 4 1 1 1 3 2 1 3 3 1 1 2 2 1 3 1 1 2 4 6 1 1 1 1 1 1 1 1 3 2 4 3 2 1 1 5 2 4 1 3 3 3 2 2 2 2 1 2 1 3 1 1 1 2 1 2 1 2 2 2 2 1 2 1 2 1 1 2 1 1 4 2 2 4 1 4 1 2 1 1 1 6 4 1 4 1 2 1 5 5 3 1 1 2 1 2 2 2 4 5 1 2 4 1 1 1 1 4 1 1 6 2 1 2 1 1 1 1 1 1 3 1 1 1 1 3 2 2 3 2 2 1 5 2 2 1 2 3 2 1 2 2 1 4 2 2 3 1 2 1 1 1 3 4 1 2 2 3 1 3 1 1 1 4 1 2 1 4 7 2 1 1 1 1 2 1 4 2 1 1 1 2 5 5 1 2 3 1 3 2 2 4 1 1 2 6 3 6 2 1 2 3 2 1 1 5 2 1 1 2 1 1 1 1 5 1 3 3 3 1 1 2 2 1 1 6 4 3 2 2 1 3 1 2 4 1 1 2 1 3 1 4 2 1 4 1 6 2 3 1 2 2 2 1 1 4 1 1 1 2 4 4 1 2 2 2 2 1 1 1 1 1 4 1 1 1 1 1
3833 5051 3210 4428
4322 4546 8218 8442
1316 3277 2278 4239
7695 7864 1354 1523
684 1356 4348 5020
8248 9458 7948 9158
7114 9147 5591 7624
7938 8728 9006 9796
2480 2933 5946 6399
9003 10000 3874 5877
1779 3895 1942 4058
0 364 6438 7698
3005 3601 4617 5213
9115 9221 18 124
3176 4477 9303 10000
3681 5200 2794 4313
2301 4669 5067 7435
6034 7788 131 1885
6046 8379 0 1408
7962 8779 1789 2606
1484 3041 6775 8332
3974 4017 5323 5366
6408 8443 177 2212
5803 5989 2051 2237
2319 3942 7624 9247
5694 5707 7489 7502
7477 8448 8850 9821
3399 4137 8243 8981
2842 4816 1788 3762
2003 3314 0 718
7269 8097 6654 7482
3716 5884 4017 6185
7289 9670 5328 7709
4938 6745 0 237
4757 5049 107 399
4474 5094 1621 2241
7535 8188 5957 6610
189 2191 7971 9973
6018 8130 4310 6422
2000 2765 1026 1791
7839 8365 40 566
6352 6742 4976 5366
7944 8496 8700 9252
9649 10000 5615 6094
5707 6063 2529 2885
4523 6266 3694 5437
6631 8279 9165 10000
1383 2458 4743 5818
9615 10000 2481 3316
3275 4597 3182 4504
887 2310 16 1439
3271 3483 2380 2592
7384 8322 3484 4422
4664 5996 1810 3142
5531 6440 2836 3745
3630 4140 4252 4762
4955 6671 783 2499
1701 2575 2032 2906
8283 9966 2311 3994
2328 4501 6113 8286
7600 7878 8120 8398
5970 7374 4098 5502
8093 9236 5548 6691
5421 6517 2425 3521
6027 6167 9253 9393
4574 6453 903 2782
0 879 3058 4863
1515 1642 6966 7093
48 643 2395 2990
7949 8000 533 584
1825 3384 1461 3020
8134 9109 2490 3465
5 656 3606 4257
1480 2703 6319 7542
5867 6785 9046 9964
3905 4465 2824 3384
9716 10000 561 1476
6232 8148 1500 3416
3101 5281 5883 8063
7378 9713 6634 8969
6263 6531 2903 3171
6491 7646 5992 7147
7828 8964 8827 9963
3579 5495 1956 3872
1384 2682 8002 9300
6497 7437 0 865
9021 9184 7134 7297
8396 10000 4581 6492
2970 3195 7843 8068
7952 9487 690 2225
3035 4765 7869 9599
5741 5907 3527 3693
7469 8460 2407 3398
2796 2947 9036 9187
1561 2541 5288 6268
4984 6925 8280 10000
6187 8456 4552 6821
0 1510 61 2234
5918 7043 0 829
9408 10000 7697 8560
29 1295 2794 4060
6190 7169 8641 9620
4248 5800 6907 8459
8904 9654 2698 3448
8445 8694 6620 6869
4669 4759 6189 6279
5603 7254 7744 9395
9074 10000 3073 4937
6874 8700 5257 7083
737 1628 3845 4736
483 2720 4322 6559
1169 2048 7049 7928
2468 2808 660 1000
8354 10000 5646 7852
3551 5054 1965 3468
6058 7026 4960 5928
320 1700 4570 5950
1882 3789 6580 8487
7527 8891 1726 3090
0 1921 2467 4434
1562 1895 2533 2866
3730 4207 440 917
7299 9148 3764 5613
628 2902 3311 5585
2505 4899 3913 6307
9612 10000 5638 6890
4986 6204 1795 3013
4492 6249 2482 4239
0 268 8688 9378
3263 3332 8437 8506
8970 10000 0 390
1882 2786 0 709
3795 4301 576 1082
2791 5190 8355 10000
313 1512 4149 5348
8304 8747 4655 5098
7475 7968 3440 3933
8175 9289 7244 8358
2429 4323 2615 4509
9606 10000 3750 5438
1076 2434 7149 8507
8908 9755 2552 3399
1134 1476 5186 5528
1920 3764 1889 3733
0 697 5526 6630
1052 2954 1969 3871
5672 6256 2264 2848
920 3153 8474 10000
1931 4151 3127 5347
272 2585 1845 4158
1749 4016 4825 7092
3641 4231 223 813
8569 10000 7969 10000
3572 5613 1520 3561
5600 7422 8585 10000
4795 5135 3263 3603
3266 3799 6462 6995
6411 7713 2195 3497
5852 7878 7723 9749
2250 3979 5644 7373
7354 7988 3733 4367
63 147 1837 1921
8247 9006 7728 8487
4139 5964 5682 7507
8024 8682 6647 7305
8031 8258 4464 4691
483 2899 1947 4363
4275 6518 2694 4937
234 1620 4734 6120
8322 9703 6623 8004
917 2760 5757 7600
7295 8016 9263 9984
4105 4594 1850 2339
2994 3419 8533 8958
1842 4206 1906 4270
2771 5128 0 1428
1861 2347 3511 3997
3935 6049 0 805
6472 6919 8477 8924
4547 6365 1619 3437
605 1447 4781 5623
6220 8032 4341 6153
2673 4483 7801 9611
3287 4485 3705 4903
3487 5838 3545 5896
5437 6487 7075 8125
3251 3630 7290 7669
2208 3288 1018 2098
1245 2343 6416 7514
291 2612 1519 3840
8958 9780 2374 3196
1142 2563 430 1851
0 70 998 1104
143 1598 0 923
7326 7419 3410 3503
5020 6837 3980 5797
3072 3911 0 348
7452 8336 4221 5105
6624 8411 1023 2810
0 1885 442 2514
5518 6689 3575 4746
3513 5176 0 1635
0 459 3598 4880
7953 8231 863 1141
9616 10000 6739 8874
9640 9779 5150 5289
0 402 9554 10000
4772 5825 5608 6661
4237 4825 1653 2241
7704 9471 6559 8326
7376 9530 0 1377
6763 6777 3105 3119
4484 5968 8347 9831
4140 4358 8052 8270
4850 6456 6137 7743
3230 3567 0 296
4241 4596 2617 2972
1025 1845 8755 9575
2198 2523 7 332
9009 10000 1988 3394
4117 4510 8811 9204
3588 4714 3594 4720
6877 8907 0 1856
7397 9552 1228 3383
3145 4203 4509 5567
2906 3814 868 1776
7710 8454 4649 5393
1053 2013 3993 4953
6171 7855 4434 6118
2111 3949 2073 3911
0 1305 4 1381
5225 6055 6046 6876
0 967 1964 4174
3922 4716 0 384
7110 7113 1619 1622
6165 6600 7543 7978
1509 2186 197 874
6590 7412 8243 9065
7175 9233 5399 7457
1333 1442 6444 6553
2997 3142 1405 1550
2705 3580 5204 6079
2809 5153 1866 4210
6562 6613 7016 7067
3886 5843 5642 7599
9363 9528 9080 9245
1448 3559 4165 6276
1879 3033 1614 2768
7247 9397 1760 3910
3960 5827 8366 10000
4510 6195 309 1994
2145 3467 2873 4195
8230 10000 7829 9717
918 2821 6104 8007
3373 5765 0 900
8165 8850 5748 6433
3081 3448 7602 7969
4657 5100 241 684
385 2250 1288 3153
803 2246 3240 4683
0 1563 6986 8677
2712 2946 9120 9354
1684 1785 1448 1549
9325 10000 3393 5499
9737 10000 7584 7997
2848 5157 3311 5620
65 1590 2418 3943
5229 5904 3207 3882
3201 3433 261 493
2963 5122 5730 7889
3477 5026 4643 6192
3890 4984 156 1250
9734 10000 7767 8308
7648 9439 5903 7694
8010 9722 6129 7841
4636 4873 6398 6635
2947 4646 4637 6336
0 1212 1395 3206
8565 8696 3111 3242
538 2209 6131 7802
4503 4729 7477 7703
5977 8106 6113 8242
9120 10000 1886 3894
0 830 5804 7068
1595 2601 9182 10000
7846 9930 252 2336
3785 5571 6826 8612
0 1740 796 3095
2969 5217 3805 6053
3868 5010 3401 4543
2082 4361 3449 5728
1262 3451 5707 7896
4481 5601 676 1796
481 485 7 11
1052 3359 9829 10000
552 1019 3171 3638
5542 7005 2300 3763
3936 4825 2656 3545
3713 5253 0 630
8464 9693 32 1261
8365 9652 1796 3083
1889 3602 5873 7586
999 3132 3284 5417
4026 5065 7927 8966
511 2153 3078 4720
3642 5987 2945 5290
3563 5884 8557 10000
0 1422 5325 7196
1836 2577 5425 6166
251 2020 2448 4217
3644 5836 1048 3240
4348 5161 8966 9779
4734 6220 0 751
854 1661 4161 4968
9506 10000 4539 5505
5392 7566 6451 8625
5655 7694 8201 10000
1743 3343 2268 3868
7798 9589 2498 4289
8272 9474 3562 4764
0 344 1735 2247
0 1573 0 1387
5752 7865 2656 4769
8954 10000 11 1591
3126 4327 2363 3564
4906 6022 6576 7692
8282 9742 0 1298
962 3099 8792 10000
4773 5699 8834 9760
667 2216 1797 3346
6594 7214 6917 7537
991 1373 4368 4750
8845 8981 8336 8472
6056 8302 5554 7800
8592 9826 9073 10000
8787 8978 5263 5454
0 1038 1438 2951
860 3138 8843 10000
3329 4289 3418 4378
6074 7990 6095 8011
921 2918 301 2298
4042 4066 269 293
4560 6596 9820 10000
2399 3153 8364 9118
2578 3385 1457 2264
4526 5346 0 237
7968 9154 4893 6079
5692 7448 1274 3030
4944 6090 3488 4634
0 1584 6804 8488
9137 9688 1671 2222
0 122 5366 5559
9334 9428 8641 8735
0 1653 1926 3788
404 659 3399 3654
9414 10000 0 841
7687 8394 957 1664
4438 6390 2143 4095
4872 5542 124 794
9398 10000 2748 3636
3876 4872 1949 2945
9961 10000 5333 5474
2250 3833 2965 4548
7984 9846 5139 7001
3011 4356 5896 7241
8425 8525 4144 4244
8413 10000 9139 10000
6268 8602 1007 3341
3763 3872 5675 5784
4532 5642 8697 9807
6240 7424 6308 7492
7091 8411 3126 4446
2209 3321 5025 6137
3716 4443 8299 9026
5604 6505 8067 8968
4063 6159 7944 10000
5934 6505 310 881
2459 3836 3535 4912
3045 5386 1473 3814
8809 10000 1070 3402
435 1094 4255 4914
680 2339 2724 4383
1418 2620 5240 6442
2704 4610 7212 9118
3964 5108 2702 3846
2013 2561 2813 3361
1649 3727 5721 7799
6175 8374 4242 6441
1731 3088 187 1544
2327 3571 3237 4481
138 1120 4310 5292
5274 6585 321 1632
207 905 3860 4558
5776 7239 1109 2572
690 2815 2528 4653
6310 7879 5431 7000
8101 9816 7763 9478
360 982 9640 10000
8143 9970 2058 3885
4609 4958 5192 5541
2495 2896 9518 9919
2189 2204 8994 9009
7733 8667 7910 8844
2076 4243 6458 8625
616 2347 7254 8985
3498 5018 9685 10000
1724 2063 9041 9380
5779 7408 1089 2718
2220 2377 7091 7248
447 2189 5046 6788
1806 1818 4966 4978
7436 7810 5617 5991
627 689 9411 9473
4038 5752 1175 2889
4622 4888 4324 4590
4258 6320 5584 7646
0 1406 6492 8583
1711 1768 4381 4438
5926 8141 0 1792
6300 7068 8245 9013
5265 5660 8322 8717
4808 5949 5901 7042
7059 8071 407 1419
165 1922 2900 4657
3384 4205 9693 10000
2810 3379 2590 3159
4196 6306 7345 9455
1652 3131 469 1948
4813 6763 2186 4136
7930 10000 7179 9374
2800 3676 839 1715
3821 4348 8348 8875
7120 7423 5430 5733
6280 8254 7195 9169
2431 3996 3731 5296
0 86 2816 3093
1226 1292 4066 4132
2333 2681 4687 5035
3043 3669 7644 8270
8182 10000 1839 3710
2228 3950 1047 2769
2408 3338 5208 6138
0 1280 2412 4681
4728 4976 6390 6638
8227 10000 4508 6926
5203 5919 5982 6698
3402 4158 4070 4826
2837 4397 0 541
8388 9836 4201 5649
6509 7632 1924 3047
4350 5070 5383 6103
4601 5487 4066 4952
166 1102 1551 2487
5927 6587 9034 9694
6835 8279 0 1105
5328 6488 1869 3029
2480 4423 3649 5592
4577 6327 6858 8608
12 1815 2828 4631
6321 8140 940 2759
6989 7364 183 558
478 1732 2295 3549
5616 7639 4719 6742
5348 6036 0 668
212 1293 5659 6740
3119 3879 477 1237
8539 9725 8021 9207
6437 6986 2952 3501
7789 8302 8645 9158
7456 9337 7958 9839
3900 4058 8000 8158
417 1059 9269 9911
4946 6129 8520 9703
1896 2059 1503 1666
47 157 4495 4605
3043 4712 4700 6369
7715 8505 9220 10000
2005 2477 4397 4869
3925 5943 6803 8821
5404 5417 2114 2127
2574 4506 0 1755
2052 3554 6100 7602
6974 7080 8626 8732
187 785 4860 5458
960 2255 4957 6252
3964 6312 5426 7774
2065 3387 6852 8174
1733 2759 3176 4202
7085 8284 5253 6452
3731 4732 2928 3929
4737 4775 7178 7216
6034 6503 1772 2241
6016 6796 2456 3236
7141 8444 1855 3158
6216 6267 5514 5565
5730 5985 2030 2285
1576 2946 8910 10000
7172 9490 4711 7029
3348 3870 5667 6189
2981 4118 4940 6077
6528 7268 6336 7076
8189 10000 1206 3201
6141 6298 1272 1429
8784 9427 4345 4988
1145 1568 4427 4850
504 2612 0 1324
8113 9757 8404 10000
578 920 4712 5054
2439 4198 2100 3859
2639 3373 5793 6527
8242 9877 1731 3366
8949 10000 5778 7608
3588 5887 0 1778
3776 4146 9213 9583
7502 8374 4191 5063
5802 6858 5655 6711
4170 5603 3948 5381
6654 8840 0 2075
9060 10000 79 1734
5332 5477 1857 2002
6770 7808 9112 10000
4599 4929 2814 3144
6890 8009 5763 6882
1074 2108 9248 10000
8419 9268 2101 2950
5486 7360 0 1156
4509 6163 3262 4916
1186 1651 7542 8007
5685 6711 7161 8187
6732 8267 2412 3947
7105 9060 7336 9291
675 1373 845 1543
5113 6652 2187 3726
4907 5953 7541 8587
9489 10000 6498 7210
5214 5548 8603 8937
3926 4786 8614 9474
7803 9243 7154 8594
6350 8751 2341 4742
3164 3927 4512 5275
4581 4678 4351 4448
5852 6879 2783 3810
1764 2496 8743 9475
1317 3377 1349 3409
4368 5853 7674 9159
0 999 8337 9759
8052 8784 7525 8257
5905 8106 7177 9378
1757 3287 6164 7694
6243 7751 6756 8264
5178 6290 6389 7501
0 685 3506 5313
937 1003 2086 2152
8924 9355 6242 6673
6028 7258 6413 7643
3061 3409 947 1295
3864 5336 0 1360
6656 7197 7754 8295
8971 10000 0 1282
6234 7528 6932 8226
4947 5232 1379 1664
828 1308 0 441
881 1944 2674 3737
895 2000 9238 10000
147 1542 7565 8960
7191 8600 5384 6793
463 2634 0 892
6198 7786 0 841
9055 9158 4402 4505
1570 3947 3038 5415
4115 5374 2702 3961
82 948 5376 6242
433 2329 801 2697
3128 4803 8323 9998
5349 7387 5757 7795
2920 4120 465 1665
0 588 6373 7427
0 2234 8653 10000
1327 1790 7587 8050
94 2257 8088 10000
513 2293 9332 10000
6264 6714 6603 7053
528 2890 2642 5004
0 1318 132 1577
6972 8583 914 2525
4560 6931 2874 5245
1531 3521 0 1979
4144 5461 8473 9790
314 2340 2714 4740
7020 9416 2552 4948
498 749 5061 5312
0 2255 1753 4069
1689 3554 8948 10000
3628 4552 8865 9789
2655 4093 2656 4094
2852 2988 7755 7891
4345 5691 0 1045
6201 8016 5323 7138
5639 7361 7111 8833
7098 7698 9455 10000
17 267 3632 3882
3779 4003 1059 1283
3993 5720 4643 6370
6396 6986 4625 5215
860 2406 1506 3052
6773 7496 8123 8846
0 1463 2153 4491
3749 5626 95 1972
3465 4798 8231 9564
5948 6592 1772 2416
1018 3067 1137 3186
6712 7762 8732 9782
7644 9096 1760 3212
2854 3508 5212 5866
5956 7091 2548 3683
3400 4066 4407 5073
3235 5159 4058 5982
5502 7488 9830 10000
8794 9507 2678 3391
3436 5779 0 1850
3828 4242 2962 3376
2248 2621 9726 10000
827 1803 4107 5083
316 1522 8312 9518
3506 5319 7875 9688
143 963 7129 7949
5236 6757 8080 9601
5044 7006 385 2347
3130 5420 8999 10000
4284 6338 6916 8970
8918 9142 4585 4809
0 1452 7525 9442
5813 7936 776 2899
5918 6754 2341 3177
5721 5788 4476 4543
3508 4029 8130 8651
3730 5605 8082 9957
3825 4641 560 1376
8397 9911 7757 9271
8308 8713 7427 7832
7391 7752 3767 4128
0 1865 6346 8221
7667 9446 1987 3766
8261 9583 3117 4439
1881 3826 1398 3343
2753 2882 3860 3989
2155 2380 8565 8790
3249 5468 6491 8710
8123 8591 8200 8668
1718 3815 2703 4800
867 1513 7387 8033
3438 5783 5706 8051
0 185 7709 8061
4374 6290 5905 7821
24 1350 2031 3357
5747 6976 121 1350
8274 9508 7216 8450
4059 6113 2109 4163
6775 8243 4232 5700
5068 7381 7748 10000
8188 8455 2735 3002
4043 6403 2451 4811
990 1047 5072 5129
7139 8939 838 2638
4245 4441 8284 8480
5272 6246 4295 5269
1427 2758 6369 7700
3160 3239 8816 8895
6792 7667 8654 9529
4666 4933 6511 6778
6094 6298 2600 2804
7079 7604 8276 8801
6734 9094 4846 7206
9137 10000 1080 3307
9403 9747 8995 9339
9221 9464 6205 6448
3312 3458 8608 8754
4339 4451 2034 2146
2580 2661 7332 7413
4515 6245 4666 6396
6304 7444 1391 2531
8552 9420 7524 8392
532 807 257 532
549 1080 4448 4979
8884 9255 7478 7849
5765 7743 7445 9423
439 1934 8647 10000
7923 8268 4115 4460
5126 6994 2065 3933
7630 9662 3883 5915
542 2175 7315 8948
9461 9691 4914 5144
2808 3896 5493 6581
2545 2566 6032 6053
7005 9347 7393 9735
2430 4639 3312 5521
5314 6480 2185 3351
4347 6614 324 2591
3347 4904 3478 5035
5780 6500 6175 6895
9106 10000 6152 7387
7649 8689 0 981
2221 3647 945 2371
2737 3358 8505 9126
0 1928 2210 4419
5796 5939 1676 1819
1721 2910 2327 3516
4034 5048 7942 8956
3971 5589 5593 7211
7410 9060 7096 8746
3017 4590 7254 8827
704 2385 2739 4420
8974 10000 1010 2572
1142 2186 7794 8838
5266 5603 2248 2585
111 1199 9383 10000
424 2067 6949 8592
123 1900 5893 7670
7679 7693 756 770
3771 4942 4539 5710
9786 10000 3905 4684
5871 7286 1922 3337
917 1231 8128 8442
5098 5916 3376 4194
4335 5572 3584 4821
0 1667 334 2514
1814 2447 1215 1848
0 1672 7613 9565
6397 6894 5443 5940
5758 8077 6224 8543
4606 6797 6349 8540
1005 2423 2136 3554
2408 2733 2005 2330
2703 2948 8272 8517
5505 7067 479 2041
704 1414 8013 8723
6869 9115 2214 4460
7233 9029 167 1963
1731 2391 660 1320
7745 8728 5891 6874
5610 6146 1031 1567
5470 6208 788 1526
6653 8888 2149 4384
5529 7514 6408 8393
8286 9596 7296 8606
8517 9498 7856 8837
3966 4970 2129 3133
382 1009 4860 5487
5243 6801 907 2465
7607 9458 7127 8978
2294 4424 2856 4986
7030 7810 5126 5906
2234 2620 2416 2802
7676 8870 1071 2265
5812 8081 7817 10000
2867 4742 0 1287
4596 4874 8372 8650
7805 8811 5047 6053
7759 10000 9011 10000
8790 9451 6891 7552
6598 6716 6394 6512
1521 2030 4835 5344
2038 4244 3985 6191
4173 4870 9126 9823
6115 6719 2870 3474
9886 10000 4071 4328
6760 7198 3042 3480
3312 3527 3841 4056
2512 3375 4767 5630
481 827 8915 9261
1541 3734 320 2513
4260 5540 1447 2727
8677 9664 2929 3916
1825 3692 3261 5128
7615 8504 8443 9332
0 1441 4757 6379
0 1002 8347 9423
8734 8977 1306 1549
5067 6899 7874 9706
688 1386 7511 8209
1871 3513 4810 6452
3008 5309 3280 5581
7472 8121 7161 7810
572 2259 578 2265
2259 3467 3053 4261
8370 9268 105 1003
4555 5523 1082 2050
3574 4440 702 1568
7976 8771 3657 4452
3229 5440 9123 10000
1673 3816 2389 4532
5573 7080 5123 6630
3659 4189 8570 9100
1321 3078 0 1629
0 1267 5066 6965
9391 10000 2438 3147
2510 3970 1921 3381
1531 3792 7307 9568
7610 7771 5701 5862
7 1984 6662 8639
4185 4354
4530 8303
2391 3903
7851 1358
703 4749
8804 8037
8051 6032
8291 9579
2829 6209
9496 4542
2314 3626
267 7192
3571 5201
9151 20
3493 9739
4477 4114
4139 5140
6198 205
8239 214
8672 1987
2107 7113
4012 5340
7107 2092
5888 2067
3119 8880
5694 7501
7627 9496
3575 8908
4651 2780
3302 24
7601 7017
3865 5008
8043 6573
5552 38
4853 364
4529 1888
7769 6084
322 9161
7048 5691
2409 1504
8131 166
6589 5097
7959 9161
9912 5945
5933 2877
4924 5219
7525 9487
2064 4908
9795 2618
3540 3345
893 652
3321 2561
8177 4380
5909 2422
6110 3732
3670 4719
6407 1065
1891 2518
8837 2559
3752 7377
7622 8336
6411 5282
8188 5850
6123 3409
6056 9354
6410 1440
36 4019
1608 7040
328 2856
7977 559
2603 2607
8135 2988
114 4096
2548 7166
6720 9894
4067 2908
9716 742
6906 2342
4209 7346
7764 8350
6325 3050
6509 6388
8127 9553
3720 3573
2430 8337
6908 637
9021 7181
9256 5424
3089 7952
7966 1717
3925 9479
5789 3668
7745 2528
2802 9100
2514 5383
5609 9803
7672 4822
14 725
6896 224
9589 7894
834 3394
6410 9591
4304 8228
8916 3231
8568 6745
4705 6231
6891 8696
9192 3430
8221 5599
1239 4621
1772 5490
1338 7699
2489 952
9761 6328
4348 2895
6331 5165
1516 5751
2789 6842
7915 1905
56 3792
1787 2550
4030 779
7611 4414
2382 4274
4240 5141
9828 5979
6150 2012
5709 3848
90 9030
3292 8504
9901 175
2015 178
4252 1047
3882 9280
930 4580
8325 4886
7735 3803
8183 7812
2763 2866
9696 3899
1930 7597
9644 3346
1460 5267
3171 2184
582 5678
2681 3248
6051 2483
3104 9787
3134 5324
1859 2970
2590 7037
4195 622
9113 9403
4932 3017
7002 9715
4986 3283
3396 6894
7186 3281
6003 8587
2442 7237
7846 4093
106 1883
8271 8422
5062 6192
8226 6749
8229 4594
1574 2575
4397 3213
1259 5560
8718 7398
2495 5757
7399 9800
4485 2278
3151 8679
3798 3828
4663 309
2278 3656
4970 292
6807 8489
5816 2351
1264 5422
7178 4801
3966 8215
3586 3847
5002 5319
6233 7174
3532 7393
2361 1373
1774 7251
2060 3347
9113 3154
1621 434
45 1024
368 388
7345 3417
5352 5795
3783 46
8051 4619
7161 1565
441 1671
5616 3908
3903 775
298 3601
8212 865
9791 8239
9769 5267
186 9900
5664 6634
4553 1940
8314 7375
7556 1227
6766 3114
5625 8431
4196 8242
5586 6738
3514 128
4593 2804
1195 9381
2334 315
9740 3289
4348 9121
3688 4014
8878 1263
8202 2082
3366 5492
2979 1358
8402 5350
1446 4265
7025 4916
3408 3685
64 493
5439 6729
832 3216
4471 304
7110 1619
6382 7959
1582 700
6731 8977
7495 6224
1414 6523
3091 1496
3127 5534
4327 2454
6598 7052
4504 6279
9528 9091
2188 5637
2831 1817
8889 3105
5247 8440
5110 697
2801 3166
9373 9371
1185 6954
5280 546
8635 6217
3116 7703
4913 431
464 2861
1106 4049
607 7221
2877 9140
1691 1477
9997 4498
9995 7925
3992 3562
534 3051
5767 3565
3265 318
4996 5838
4720 4673
4483 766
9857 8077
8623 6972
8567 7298
4769 6411
3570 5906
408 2455
8607 3168
737 6450
4658 7572
6435 6917
9757 3873
592 6431
2352 9951
9866 362
5311 7059
392 1014
3519 4982
4418 4099
2688 4249
3268 6843
5401 1543
482 11
2432 9849
952 3585
6751 3521
4521 3540
4407 381
8746 305
9072 1966
2005 7273
1979 3800
5006 8430
1428 4475
5098 4611
4419 8593
267 5929
2400 5571
1265 2686
3919 3054
4781 9157
5611 386
1622 4524
9967 4946
5717 7194
6132 8505
2635 3833
8285 4123
9425 4236
30 2201
68 934
6703 3368
9143 633
4149 2904
5894 6701
8315 116
3058 9017
5535 9432
1853 1820
7042 7131
1128 4638
8915 8370
6951 6543
8979 9886
8919 5338
44 2854
1897 9186
4194 3889
7670 7388
1789 325
4047 287
5247 9917
2517 8387
2603 1513
4640 22
8832 5729
6254 2049
5192 4533
322 7326
9498 2092
11 5503
9352 8732
588 2243
585 3569
9762 43
7843 1505
6008 2563
5462 268
9444 2792
4365 2642
9991 5379
3629 3984
8663 6450
3598 6040
8507 4147
8753 9981
6394 3329
3808 5751
5581 8738
6794 7067
8108 3328
3241 5863
3805 8536
5892 8846
5845 8693
6067 521
2527 4907
4370 1968
8960 1833
577 4471
2208 3976
2615 5715
3741 8828
4545 3419
2033 3273
1773 5927
6698 6320
2964 1407
3138 3800
896 5011
5685 617
348 4153
5828 2389
954 2814
7656 6224
9717 8634
776 9856
8646 3840
4662 5457
2800 9739
2189 8994
7791 8007
3975 7249
2298 7365
4042 9707
1833 9317
6539 2712
2327 7172
990 6588
1807 4971
7572 5707
672 9469
4065 1473
4690 4425
4980 6175
1160 8548
1736 4405
7842 57
6342 8320
5623 8542
5179 7022
8003 672
927 3209
3797 9961
3180 2972
4248 8599
2143 1343
5860 3758
8964 8489
3341 1207
3830 8794
7238 5541
6327 9091
2585 4541
22 3009
1258 4103
2561 5001
3198 8097
9042 2122
3308 2049
2641 5337
61 4231
4764 6476
9976 5750
5882 6696
3546 4642
3021 209
8446 5256
6660 2994
4938 5568
5470 4315
750 1579
6248 9315
8148 976
5434 2690
4175 3749
4791 7822
1483 3259
6574 2240
7109 471
1249 2463
7344 4967
5718 177
1249 6427
3574 696
9240 8357
6458 3443
8106 8905
8690 8890
3908 8071
1030 9701
5052 9398
1966 1660
106 4506
3578 5540
8090 9621
2140 4528
4856 7383
5404 2125
2653 1416
2525 6332
7045 8629
540 5211
2242 6015
6275 7213
2741 8149
2523 3581
7126 6311
4082 3918
4764 7184
6087 1845
6379 2608
7688 2461
6224 5514
5777 2041
2644 9506
9174 6407
3361 6151
3394 5004
6578 7016
9374 3012
6290 1309
9051 4976
1545 4668
1449 257
8975 8659
814 4902
3010 3088
2923 6121
8510 2570
9779 6485
3848 1441
4143 9421
8339 5010
6720 5782
5188 4616
6866 224
9413 559
5425 1977
7563 9130
4694 2862
7849 6028
1475 9752
9071 2730
6461 742
5397 3400
1387 7798
6114 7557
7429 3003
8592 8422
916 1390
6015 3709
5913 8073
9554 7112
5451 8833
4230 9076
8306 7803
7745 2425
3608 5254
4641 4421
6761 3273
2243 9438
2258 2723
4588 8655
601 9362
8593 7760
7581 7262
3250 7415
7153 7280
6005 7443
410 4787
1002 2119
9332 6303
6461 7105
3131 1268
4230 654
6681 7968
9824 631
6879 7478
5108 1411
1137 271
1714 3191
1012 9708
465 7957
7260 6245
634 698
7171 673
9142 4436
2372 3997
4561 3931
293 5430
697 1274
3512 9017
5439 6423
3639 1589
395 6889
332 9769
1512 7681
1932 8979
2003 9440
6622 6995
1246 2893
438 1547
8318 1112
6233 3789
2092 1123
4246 8482
1728 4463
9219 4186
512 5109
37 1991
2353 9340
4271 9634
3398 3803
2857 7837
4448 347
6550 6843
5817 8133
7485 9837
174 3754
3807 1168
4249 5024
6496 4815
2201 1774
7237 8562
668 2208
4269 1925
4345 9279
6374 2321
1919 2736
7019 9368
8612 2645
3358 5252
6923 3367
3980 4634
4761 4620
6667 9850
9131 3202
5222 526
3933 3340
2368 9864
1451 4917
502 8388
4925 9330
693 7221
6183 9046
5579 1917
5109 9616
4649 8510
8928 4664
56 7685
5883 1691
6634 2435
5766 4511
3933 8463
4605 8401
3837 650
9820 8846
8588 7634
7562 3800
1305 7551
9302 2053
9522 4410
3108 2286
2795 3918
2185 8731
4641 7422
8157 8567
2584 3685
1008 7919
5098 6689
27 7980
5954 6683
227 2356
6967 1293
8549 8069
5381 2455
7453 5287
6999 8100
8436 2741
5541 4619
1044 5075
8916 1560
4294 8459
6176 4323
2187 7435
3239 8869
7074 8957
4862 6716
6233 2765
7425 8628
6740 5535
9691 2367
9698 9168
9222 6277
3375 8716
4418 2110
2617 7375
5503 5328
6932 1572
8798 7838
761 523
971 4743
8922 7487
6379 8930
1040 9417
8259 4417
5162 2826
8695 4886
710 7517
9625 5062
3576 5723
2563 6048
9111 7461
2546 3577
5609 3094
5372 2390
4175 3592
6334 6467
9632 7354
8527 249
2686 2361
3236 9037
1912 4402
5854 1783
1753 2918
4894 8071
4306 6777
8752 7844
3586 8556
1005 4100
9645 1581
1295 8505
5532 2462
505 9659
1170 6966
1465 7327
7684 756
4755 5450
9851 4284
6224 2791
935 8205
5832 3582
4414 4590
1332 1525
1994 1403
497 9417
6696 5889
5789 8290
6179 7777
2301 2373
2728 2081
2943 8297
5633 1260
1099 8392
7512 2724
7400 541
2093 678
7753 6034
6106 1058
5740 816
7709 3821
7435 7749
9530 8198
8546 8390
4353 2821
835 5434
5583 1442
9108 8827
3849 4382
7482 5243
2545 2490
8801 2047
6894 8967
3298 345
4862 8384
7811 5509
8342 9094
8809 7288
6636 6498
1703 5325
3299 5079
4593 9645
6663 2954
9932 4173
7020 3164
3376 3971
2533 5060
521 8972
3061 2184
4509 2335
9495 3467
2650 4357
8361 8522
740 5987
387 9075
8766 1504
6492 8147
1120 7580
2697 5299
4200 5383
7735 7627
2206 919
2648 3215
8497 883
5519 1481
4321 871
8433 3734
5129 9427
1946 3196
6020 6442
3910 8733
2898 1280
797 5214
9460 2717
3521 3274
3665 7753
7735 5819
453 6910
