800 7 400 11 810
1 367 153 112 142 6 19
6108 6198 6084 6174
937 1510 7954 8527
4442 4567 7730 7855
4932 5083 9680 9831
1628 2039 2438 2849
9788 9832 5630 5674
9369 9783 3527 3941
3634 3674 5469 5509
5378 5968 3511 4101
3797 4372 7693 8268
677 1454 0 268
8654 9270 5119 5735
837 1116 1776 2055
7197 7301 5693 5797
8088 8897 7686 8495
9818 9918 568 668
604 653 5217 5266
8059 8107 9481 9529
8738 9449 6364 7075
9105 9278 9227 9400
4915 5074 2274 2433
5719 6228 455 964
1628 2359 8477 9208
5446 5689 4316 4559
9299 10000 508 1305
6839 7498 5682 6341
9322 9923 5994 6595
693 1175 9129 9611
7709 8180 7744 8215
8755 9290 1596 2131
6950 7548 6419 7017
554 957 732 1135
6823 7430 8510 9117
4426 4583 495 652
2792 2875 6929 7012
4466 4736 1542 1812
2811 2987 8189 8365
6890 7018 7864 7992
3656 3689 4064 4097
8255 8557 9366 9668
2564 3006 2083 2525
1070 1776 3148 3854
9231 9289 3267 3325
1081 1334 5846 6099
1858 2469 2472 3083
9273 9491 4654 4872
6666 6914 3907 4155
3680 4125 4346 4791
4466 4620 8928 9082
4853 5350 1055 1552
7234 7496 1162 1424
1794 2240 2327 2773
1761 2272 3047 3558
3296 4093 8346 9143
2211 2833 4095 4717
407 720 624 937
2818 3186 4714 5082
2092 2342 8745 8995
3734 4118 7279 7663
2347 2622 2597 2872
6899 7701 8674 9476
8493 8838 5987 6332
123 317 4258 4452
9219 10000 0 684
5153 5194 6531 6572
3446 3562 3523 3639
4351 4906 8808 9363
7370 7574 3024 3228
9183 9785 1032 1634
8976 9366 1112 1502
6965 7420 6141 6596
6805 6869 2756 2820
7191 7278 8272 8359
5901 6312 9609 10000
5105 5632 7298 7825
7373 7702 4011 4340
5996 6772 4590 5366
605 1375 5800 6570
7389 8082 7991 8684
5676 6137 8956 9417
869 957 2279 2367
3818 4453 5328 5963
1430 1629 4193 4392
0 137 8767 9066
520 528 3949 3957
3935 4715 4716 5496
5326 6118 8274 9066
579 1158 0 207
8584 8832 2841 3089
2637 3361 3856 4580
5937 6154 8052 8269
8841 9607 3533 4299
1142 1882 4051 4791
7504 7901 7026 7423
8839 9376 9235 9772
0 191 1966 2260
9185 9388 5570 5773
7596 8252 3867 4523
9289 10000 3495 4208
4524 5211 1198 1885
1724 2414 645 1335
4359 4422 7740 7803
9546 10000 8947 9499
8119 8228 7542 7651
7536 8082 1912 2458
9141 9704 9662 10000
2366 3168 2756 3558
434 861 3919 4346
2921 3524 3096 3699
5351 5846 6883 7378
4972 5625 8350 9003
9560 9923 1906 2269
3237 3681 3709 4153
603 1026 8803 9226
2209 2253 9824 9868
8413 9000 8701 9288
1029 1437 2598 3006
5975 6256 2528 2809
5891 6378 4331 4818
8825 9068 1766 2009
3712 3782 5618 5688
1584 2299 4971 5686
5716 6229 4597 5110
2067 2134 3935 4002
4935 5325 2714 3104
6642 7380 7078 7816
3495 4174 8890 9569
3323 3799 7186 7662
1452 1794 5966 6308
4971 5345 5104 5478
6050 6427 8384 8761
2951 3728 895 1672
5631 6163 6806 7338
5614 5793 6733 6912
9403 10000 1232 1973
3007 3334 2090 2417
9266 10000 4818 5613
9283 9817 974 1508
4477 4929 7352 7804
8961 9184 374 597
6124 6368 2183 2427
7631 7691 2703 2763
5537 6018 2662 3143
274 847 1565 2138
8029 8695 3296 3962
2068 2829 1432 2193
999 1365 1877 2243
4965 5076 9699 9810
0 760 377 1175
1880 2321 4215 4656
3745 4485 3260 4000
7688 7718 1025 1055
5120 5787 7726 8393
557 1171 2967 3581
8964 9154 671 861
6214 6469 1092 1347
9347 9774 1068 1495
7360 7867 4589 5096
115 390 2192 2467
6270 6435 7409 7574
9215 9572 8854 9211
8878 9187 2757 3066
3649 3711 7241 7303
9512 9951 7758 8197
5016 5553 3458 3995
5489 5798 0 272
9688 9804 5641 5757
5130 5802 5248 5920
2222 2583 8171 8532
8017 8278 5105 5366
8525 8660 5130 5265
4801 5036 9654 9889
7028 7053 9459 9484
3481 3574 8993 9086
5712 5924 2911 3123
8926 9190 9545 9809
6331 6923 9581 10000
2250 2866 4228 4844
4640 5407 4340 5107
6571 7249 6305 6983
4465 4774 5098 5407
6308 6769 3296 3757
0 430 6069 6554
4760 4833 7721 7794
1364 2104 8732 9472
7509 7624 4575 4690
1331 1765 8923 9357
901 1295 1155 1549
4193 4217 1667 1691
1645 1993 2048 2396
7142 7397 6516 6771
540 576 1890 1926
7994 8768 8821 9595
5242 5664 8792 9214
6547 7224 2916 3593
5554 6161 3508 4115
7557 7887 5852 6182
219 702 5312 5795
4227 4460 2714 2947
5608 5716 855 963
5544 5701 3907 4064
2787 3594 5042 5849
6799 7425 8293 8919
3379 4135 4873 5629
1928 2186 736 994
8754 9048 9590 9884
3725 4381 8737 9393
3153 3173 5543 5563
9149 9756 140 747
6315 7011 3910 4606
6450 6655 2114 2319
4962 5427 487 952
460 859 1314 1713
7432 7478 9756 9802
9600 9637 8812 8849
236 914 3306 3984
8402 9143 7985 8726
7207 7961 395 1149
3521 3646 1654 1779
6850 6877 7967 7994
7689 8178 4038 4527
8458 9029 8939 9510
3187 3500 8376 8689
3459 4100 6269 6910
8883 9266 86 469
0 686 926 1634
5237 5731 9115 9609
6711 7189 3978 4456
106 696 5040 5630
1672 1947 6824 7099
3685 3746 3263 3324
7489 7782 6301 6594
607 1287 2633 3313
7323 7533 1369 1579
6748 7026 9197 9475
7856 8444 97 685
3337 3583 2779 3025
5011 5647 5092 5728
3195 3202 5226 5233
8106 8531 2064 2489
2580 3309 7690 8419
7136 7442 6084 6390
7471 7616 1584 1729
8377 9084 2067 2774
1228 1415 3889 4076
6368 6921 9721 10000
5184 5625 314 755
564 633 3033 3102
2692 3440 9550 10000
4547 5151 3071 3675
1311 2069 8697 9455
7272 7316 9421 9465
761 792 5136 5167
6625 7179 5038 5592
1006 1007 4669 4670
3812 3947 7151 7286
5257 5656 2517 2916
3267 3445 6772 6950
3653 3742 1789 1878
780 1288 3791 4299
3101 3857 3233 3989
3675 4125 7247 7697
9055 9535 3262 3742
6420 6459 4023 4062
327 699 43 415
4755 5343 6657 7245
721 1130 4197 4606
34 615 2427 3008
4601 4754 8304 8457
7289 7838 8036 8585
8829 9245 5446 5862
664 1298 9327 9961
6719 7482 9589 10000
6559 7063 2105 2609
2080 2784 6664 7368
8538 8657 2000 2119
2590 2959 5171 5540
477 813 3141 3477
7651 8413 4519 5281
9407 9505 371 469
0 315 3934 4685
2272 2799 2752 3279
2026 2414 1570 1958
9133 9940 2113 2920
4558 4771 1721 1934
9542 9988 8015 8461
6265 6488 9116 9339
8343 8897 5738 6292
4309 4821 430 942
2125 2785 9679 10000
3117 3543 5180 5606
702 1441 9002 9741
3844 4589 4233 4978
4913 5045 2404 2536
8751 9416 9449 10000
4553 5099 2352 2898
1567 1907 1658 1998
8385 8386 2721 2722
982 1228 7806 8052
3550 4236 1386 2072
2521 2939 8695 9113
4379 4859 5730 6210
7781 8190 0 140
5769 5829 4020 4080
9702 9703 8834 8835
4188 4940 2710 3462
8741 9450 5919 6628
7304 8054 5091 5841
4076 4354 50 328
5145 5882 8085 8822
0 445 9720 10000
8972 9448 3636 4112
7942 8646 3834 4538
4948 5559 8155 8766
1216 1620 8020 8424
8063 8189 6037 6163
3402 3939 1935 2472
3381 4027 0 494
2224 2445 3557 3778
4291 4806 5764 6279
5856 6615 3082 3841
1268 1658 3639 4029
3980 4043 4336 4399
8148 8548 7047 7447
5782 6066 415 699
4645 5276 5515 6146
5869 6640 775 1546
7878 8280 3446 3848
9449 9478 1255 1284
7927 8266 6023 6362
5677 6048 4839 5210
712 1319 5308 5915
5572 5661 6418 6507
3172 3396 7464 7688
1082 1292 3372 3582
6587 6764 7505 7682
9836 9889 8454 8507
8865 9122 5023 5280
5396 5557 1481 1642
0 544 8054 8666
4783 5323 1529 2069
8042 8407 2205 2570
1073 1442 8927 9296
4250 4998 3495 4243
535 1081 6934 7480
871 1391 4407 4927
1989 2004 7246 7261
9334 9644 481 791
4909 5018 226 335
6614 7302 2169 2857
5209 5626 9799 10000
9011 9692 29 710
6706 6982 7757 8033
726 760 4757 4791
1055 1848 1676 2469
3723 3785 6299 6361
5310 5466 763 919
3623 3767 6413 6557
2462 2710 9033 9281
4857 5074 9789 10000
9697 10000 4851 5292
6820 6884 9578 9642
7550 7717 9635 9802
2430 2880 6617 7067
7052 7250 4092 4290
7978 8391 8315 8728
3806 4566 5163 5923
125 144 8002 8021
6817 7284 7270 7737
3805 3824 9339 9358
4386 4966 4634 5214
9847 10000 8645 8943
4566 4610 6165 6209
6386 6729 7889 8232
7176 7272 6651 6747
7520 7967 8815 9262
3123 3225 7656 7758
2616 2708 4294 4386
381 385 3449 3453
7345 7637 4395 4687
1005 1711 7246 7952
2138 2902 8918 9682
1050 1453 9448 9851
6832 7384 5199 5751
1008 1705 8455 9152
6209 6485 2253 2529
1568 1949 5850 6231
7162 7631 8209 8678
333 461 9833 9961
1609 1859 6249 6499
662 1078 9845 10000
2767 3307 5171 5711
5486 6105 7087 7706
1711 2035 2836 3160
3539 3721 5579 5761
5459 5799 9640 9980
8940 9118 3509 3687
2107 2361 170 424
5820 6269 4087 4536
240 375 3895 4030
5260 5496 5652 5888
5650 5788 5907 6045
9630 9690 9906 9966
3841 4478 228 865
3772 3938 1862 2028
6256 6963 3331 4038
4430 4802 8215 8587
4684 4890 5241 5447
3182 3438 3264 3520
5121 5886 7059 7824
3081 3317 5058 5294
8377 8720 4971 5314
5949 6522 4480 5053
9558 10000 3315 3782
8615 9036 6743 7164
4407 4547 865 1005
7353 7497 3553 3697
3477 4177 5189 5889
3918 4585 7312 7979
4804 5342 4533 5071
6099 6116 9252 9269
1299 1813 2437 2951
7556 7732 8976 9152
6303 7033 1522 2252
871 1124 416 669
7950 8666 6677 7393
0 99 7667 8128
9388 9930 8365 8907
4211 4735 3316 3840
7135 7317 4113 4295
7104 7815 8172 8883
9361 9668 1088 1395
3839 4351 9099 9611
7162 7260 2821 2919
4843 5462 4962 5581
6557 6730 1402 1575
9634 9977 2550 2893
1084 1107 1109 1132
9166 9170 7364 7368
6014 6789 6987 7762
828 1144 6801 7117
9332 9964 8988 9620
369 1111 3406 4148
8804 9112 8009 8317
2260 2420 5029 5189
8099 8878 5211 5990
976 1707 6660 7391
3908 4426 4664 5182
7048 7497 5403 5852
2399 2426 2380 2407
2634 3060 528 954
861 1405 7399 7943
6639 7186 8018 8565
829 1158 192 521
4681 4803 0 87
8493 9049 9309 9865
6161 6597 8830 9266
5276 6072 0 370
7991 8152 3490 3651
1272 1501 7867 8096
5657 5857 1896 2096
1078 1735 8958 9615
5169 5609 3268 3708
3417 4099 7624 8306
8064 8321 2227 2484
7721 8428 4749 5456
1872 2544 520 1192
2655 2751 1751 1847
9070 9431 999 1360
4838 5639 4653 5454
757 1295 4908 5446
5663 6181 6513 7031
3292 3824 6131 6663
6913 7507 123 717
2506 3298 3478 4270
8797 9327 1396 1926
1621 1697 7975 8051
8727 8786 1986 2045
1793 1863 5502 5572
8441 8875 2044 2478
2284 2637 477 830
4611 5121 2052 2562
7779 8133 4250 4604
9328 9764 630 1066
5734 5747 3384 3397
6673 7064 7726 8117
709 1206 9179 9676
2479 2543 957 1021
9398 10000 8912 9553
4932 5031 2194 2293
7811 8143 5726 6058
6332 6869 7895 8432
5554 5723 9992 10000
5364 5781 1371 1788
9583 9879 6197 6493
4322 4604 8772 9054
4228 4457 6515 6744
9277 9982 6226 6931
1448 1535 2281 2368
8810 9092 6221 6503
489 825 2531 2867
9759 10000 9011 9300
1720 1813 6662 6755
6117 6295 3187 3365
9133 9144 8852 8863
5595 6282 1639 2326
2059 2255 1560 1756
2146 2372 5264 5490
5781 5918 5574 5711
4740 5462 2371 3093
2126 2844 1957 2675
8732 8903 841 1012
3760 4312 850 1402
5670 5826 9533 9689
8491 9287 3760 4556
2779 3307 7859 8387
9050 9199 1306 1455
6320 6744 6885 7309
1768 2023 7017 7272
1637 2076 5976 6415
6421 6575 8832 8986
6506 7177 8227 8898
1642 2408 8481 9247
8695 9284 1734 2323
568 745 876 1053
3701 4487 7090 7876
1039 1800 8795 9556
8063 8574 3272 3783
3967 4431 5009 5473
1837 2614 6945 7722
9229 9981 5970 6722
8891 8941 8853 8903
4754 5135 8451 8832
3432 3455 460 483
4845 5467 3061 3683
4772 5218 3704 4150
2085 2255 9366 9536
7683 7855 3063 3235
7398 7760 8154 8516
7505 7604 2509 2608
9388 10000 1173 1819
3137 3145 1197 1205
872 982 6895 7005
3181 3568 7152 7539
9759 9917 7720 7878
1095 1201 6388 6494
9574 9805 7152 7383
0 477 8271 8768
899 1656 9222 9979
4889 5630 6691 7432
855 1442 133 720
8117 8465 7922 8270
6396 6757 2727 3088
2022 2717 2775 3470
9535 9930 1983 2378
4243 5026 2248 3031
6120 6203 980 1063
4559 4799 2551 2791
1838 2460 736 1358
4605 4971 5143 5509
6147 6443 1545 1841
6309 6472 3505 3668
850 1159 2802 3111
2745 2787 1354 1396
7181 7825 8212 8856
5725 6469 8915 9659
5359 6045 8824 9510
3226 3820 2899 3493
3629 4417 865 1653
7618 8425 8065 8872
6175 6574 885 1284
3760 4134 8618 8992
8278 8510 9131 9363
3399 4144 8035 8780
5841 6566 7084 7809
439 530 9389 9480
5629 6021 676 1068
2860 3262 8848 9250
5935 6262 8156 8483
6751 7110 6808 7167
8418 8615 9572 9769
4835 4924 9409 9498
7269 7300 7285 7316
9256 9674 4582 5000
4812 5524 6104 6816
2344 2435 6207 6298
5142 5553 8172 8583
8660 8778 4045 4163
5433 5979 2526 3072
3238 3773 5537 6072
7326 7977 0 423
240 1014 1335 2109
9127 9537 384 794
1381 2015 528 1162
4908 5680 8786 9558
6736 7433 1245 1942
818 1146 2150 2478
4380 4601 8731 8952
609 946 9013 9350
2421 2430 4789 4798
3822 4357 5642 6177
6194 6244 2750 2800
2849 3273 8081 8505
7325 7637 9185 9497
2303 2946 5472 6115
2877 3406 3187 3716
518 982 8333 8797
3832 4059 9487 9714
5843 5980 2903 3040
4983 5353 9375 9745
4920 5392 826 1298
7345 7608 1 264
1143 1567 3098 3522
5934 6076 4339 4481
8328 8499 5091 5262
8061 8671 4373 4983
5208 6000 2643 3435
425 731 8391 8697
1445 1668 864 1087
5348 5687 2018 2357
3716 4026 7797 8107
4698 5098 3746 4146
5643 6218 8004 8579
1204 1600 8574 8970
4104 4165 5368 5429
9661 9753 4120 4212
8270 8492 2666 2888
468 977 3385 3894
2124 2370 1083 1329
8013 8671 6091 6749
3471 4180 6561 7270
1660 2077 5589 6006
7144 7418 2841 3115
4586 5318 2871 3603
3617 3862 6768 7013
9023 9420 82 479
820 939 4716 4835
1603 2009 7996 8402
4188 4808 7983 8603
3376 4011 6940 7575
7827 8419 1593 2185
4892 5380 7299 7787
2381 2840 4014 4473
8206 8434 6028 6256
6392 7025 3437 4070
8169 8174 3207 3212
7363 7516 5593 5746
9074 9368 5767 6061
2907 3322 1153 1568
2911 3481 2265 2835
5076 5325 9030 9279
0 644 878 1545
3200 3798 6847 7445
3430 4097 9648 10000
9756 9806 8789 8839
3091 3250 4134 4293
1906 2366 506 966
9686 9827 3931 4072
3710 3723 6835 6848
8006 8236 1687 1917
3338 4147 5374 6183
9470 9944 6291 6765
9771 10000 7534 7984
9926 9988 8839 8901
921 1034 8758 8871
3544 4080 4077 4613
399 552 2554 2707
4557 5049 9370 9862
584 1004 8084 8504
7066 7147 4438 4519
201 285 338 422
9016 9419 7918 8321
5836 6126 3743 4033
8849 9148 5804 6103
6290 6403 5649 5762
1283 1523 707 947
7835 7884 1437 1486
7674 7737 6157 6220
1789 1945 8351 8507
3126 3933 6419 7226
522 618 7750 7846
1567 1709 8905 9047
2279 3067 2821 3609
2877 2956 8330 8409
4373 4415 4798 4840
5905 6046 6953 7094
5540 5961 1140 1561
6723 7194 2745 3216
9777 9816 9294 9333
7267 7445 1944 2122
8358 8571 6323 6536
8132 8540 9843 10000
7932 8299 984 1351
2035 2678 6465 7108
8955 9506 6760 7311
8367 8534 5834 6001
6140 6238 9958 10000
5625 5667 1778 1820
494 1053 1962 2521
8105 8228 7278 7401
7458 7632 4903 5077
6420 6981 443 1004
2220 2409 8499 8688
2432 2553 7264 7385
8612 9147 2923 3458
7809 8057 6742 6990
307 307 884 884
5273 5889 2433 3049
1207 1299 7695 7787
5726 5869 1290 1433
9701 10000 7808 8221
5921 6116 5930 6125
7377 7404 8959 8986
6593 7161 447 1015
5524 5923 9619 10000
8697 9405 4507 5215
5434 6098 2317 2981
7275 7317 6871 6913
1949 2342 1762 2155
8992 9779 4540 5327
1619 1804 1966 2151
963 1013 2860 2910
2972 3617 8412 9057
8997 9339 7635 7977
7813 8047 78 312
1701 1810 9921 10000
6867 7037 1030 1200
7799 7917 6009 6127
0 231 6922 7378
8680 9490 644 1454
9017 9488 4083 4554
0 642 7235 7941
9690 9872 4524 4706
4951 5665 2874 3588
2784 2829 9170 9215
1746 1949 8024 8227
955 1267 5577 5889
2204 2929 1859 2584
5051 5502 7591 8042
4628 4905 3812 4089
4360 4818 7810 8268
4243 4643 3001 3401
9 137 9860 9988
8948 9298 8785 9135
1879 2319 3406 3846
9634 10000 5461 6010
7516 7911 3008 3403
552 1289 7933 8670
3433 3730 3954 4251
7438 7550 4983 5095
2191 2267 5441 5517
4759 4798 2775 2814
5425 6123 0 349
895 1447 2300 2852
1408 1681 5357 5630
9613 9698 6889 6974
514 838 2630 2954
5494 6226 2037 2769
2803 3193 7670 8060
4909 5339 2023 2453
9372 9810 4659 5097
2682 2721 4356 4395
3972 4536 4558 5122
7666 7886 5478 5698
0 565 3958 4757
2707 3319 696 1308
2410 2732 2936 3258
5825 6504 6569 7248
8976 9423 66 513
6412 6937 5896 6421
5610 6169 6890 7449
5155 5507 686 1038
0 64 932 1713
1481 1838 4790 5147
2863 3063 1303 1503
1519 1751 4757 4989
8213 8720 8776 9283
9509 9531 4770 4792
5459 6104 2424 3069
3034 3534 6439 6939
2390 2764 3772 4146
5762 6522 7554 8314
1986 2109 808 931
5406 6199 2559 3352
3805 4536 4147 4878
8795 9566 4660 5431
500 1224 4021 4745
3641 4270 5188 5817
1820 2394 4491 5065
8057 8478 3943 4364
8467 8622 6023 6178
4116 4713 700 1297
437 989 1276 1828
1337 1755 6431 6849
1596 1736 6890 7030
3075 3420 3922 4267
6073 6819 9518 10000
6722 7516 4391 5185
4743 5260 8140 8657
5175 5588 2896 3309
6195 6143
1287 8073
4533 7780
5001 9733
1783 2517
9825 5641
9735 3645
3650 5495
5500 3926
3959 7822
1122 208
8833 5667
887 2015
7235 5755
8169 8363
9854 656
652 5259
8087 9494
8921 6781
9125 9253
4970 2409
5863 951
2127 8756
5676 4324
9458 993
7002 6283
9917 6180
753 9477
8031 7762
9005 1859
7127 6735
905 912
7304 9110
4563 563
2851 6951
4619 1751
2919 8302
7015 7915
3683 4067
8388 9467
2754 2217
1225 3458
9261 3270
1149 5966
2006 2827
9310 4677
6912 4000
3831 4628
4584 9015
5269 1202
7347 1281
2117 2373
2056 3440
3434 8860
2424 4239
437 894
2896 5015
2094 8864
3930 7625
2393 2611
7362 9412
8646 6264
304 4370
9768 600
5163 6562
3511 3588
4761 8993
7372 3132
9571 1338
9226 1356
7109 6302
6813 2789
7273 8358
5947 9783
5550 7755
7696 4338
6471 4634
919 6439
7804 8505
5954 9160
911 2288
4230 5530
1492 4256
73 8996
520 3954
4528 5252
5874 8993
1040 93
8682 2893
3157 4190
6119 8091
9272 4277
1869 4081
7858 7281
9183 9616
15 2150
9238 5628
8247 4224
9401 3976
5077 1470
2105 651
4370 7769
9915 9161
8170 7549
7856 2338
9509 9848
2784 3495
491 4050
3458 3653
5840 6886
5339 8572
9921 2240
3461 4071
958 9187
2213 9830
8871 8702
1037 2939
6202 2756
6144 4586
9014 1952
3779 5644
2263 5035
5961 4618
2129 3948
4949 2729
7213 7504
3682 9526
3714 7390
1653 5995
5259 5263
6215 8625
3143 1588
6016 7213
5782 6815
9877 1659
3034 2094
9693 5447
9568 1116
4643 7619
9046 583
6219 2409
7684 2741
5702 2678
827 1629
8329 3612
2742 1994
1277 2044
5021 9723
417 473
1887 4595
3956 3577
7713 1051
5437 7785
924 3038
9048 844
6321 1306
9378 1346
7547 4926
173 2216
6388 7482
9325 8898
8880 2779
3661 7243
9844 7955
5209 3927
5560 99
9705 5661
5703 5621
2555 8394
8024 5198
8609 5228
5013 9866
7052 9468
3512 9007
5920 2933
9023 9789
6572 9809
2298 4413
4788 5078
6665 6804
4552 5113
6391 3404
190 6146
4760 7793
1892 8979
7598 4668
1459 9295
1048 1515
4202 1670
1993 2378
7224 6583
563 1903
8651 8878
5413 9040
6699 3344
5863 3900
7674 6004
537 5497
4345 2800
5705 924
5610 3924
3441 5663
7341 8345
3466 4881
2156 786
8800 9814
4172 9101
3156 5552
9250 547
6570 4362
6531 2135
5208 779
575 1622
7446 9792
9633 8822
570 3505
8706 8430
7730 914
3531 1687
6870 7980
8058 4418
8961 9299
3404 8479
3836 6322
9225 391
368 1492
5341 9378
6831 4112
427 5148
1764 6906
3723 3313
7630 6452
1069 2822
7437 1422
6985 9210
7923 149
3538 2833
5240 5318
3195 5229
8395 2186
3248 7874
7429 6155
7550 1668
8614 2183
1376 4013
6471 9959
5269 544
604 3055
2829 9960
4952 3289
1914 8820
7290 9436
780 5167
7055 5066
1007 4670
3834 7183
5424 2772
3269 6925
3736 1831
1232 4091
3127 3664
3798 7463
9237 3534
6440 4032
573 117
5338 7134
737 4499
138 2936
4728 8401
7443 8430
9100 5719
1233 9727
7232 9752
6747 2317
2777 6860
8601 2040
2906 5506
673 3231
7765 4618
9454 373
41 4194
2625 2818
2113 1791
9225 2628
4652 1882
9848 8298
6379 9250
8729 5747
4348 524
2538 9877
3121 5429
971 9557
3846 4714
5024 2530
9240 9798
5089 2418
1599 1704
8386 2722
1196 7880
3640 1965
2552 8745
4674 5918
8137 92
5808 4035
9702 8834
4464 2877
9245 5989
7756 5642
4334 209
5505 8271
59 9923
9177 3713
8520 3924
5204 8732
1562 8405
8104 6138
3771 2181
4003 327
2349 3644
4494 6214
6465 3607
1334 3981
4006 4349
8251 7256
5825 456
4752 6092
6390 1520
8044 3502
9472 1278
8215 6097
5790 5038
729 5762
5658 6504
3389 7568
1089 3511
6750 7671
9876 8467
8943 5039
5397 1615
9 8191
5137 1581
8121 2524
1440 9232
4460 3715
995 7364
1328 4429
2001 7260
9487 611
4963 283
7207 2815
5577 9972
9336 660
6727 7788
752 4771
1056 2264
3753 6350
5335 818
3674 6418
2660 9261
4979 9882
9990 4999
6869 9605
7660 9743
2591 6983
7187 4172
8275 8484
4381 5476
136 8017
6974 7432
3822 9358
4732 5021
9875 8657
4592 6190
6386 7959
7226 6745
7622 9083
3181 7670
2657 4355
383 3452
7618 4632
1646 7817
2728 9171
1081 9633
7312 5250
1698 8931
6371 2306
1596 6211
7375 8645
353 9921
1772 6261
825 9956
3131 5550
5956 7465
1748 2995
3593 5753
5571 9750
8955 3666
2205 383
5824 4130
258 3920
5305 5880
5742 6014
9661 9912
4450 350
3936 1906
6910 3522
4489 8401
4785 5299
3226 3408
5656 7737
3114 5149
8666 5192
6203 4857
9707 3604
8803 7056
4413 947
7444 3566
3831 5608
4312 7766
5299 4865
6106 9258
1672 2518
7633 9134
6436 1606
921 551
8050 7115
0 7857
9928 8875
4390 3533
7214 4284
7577 8414
9474 1142
3994 9515
7259 2847
5265 5028
6680 1518
9972 2646
1105 1109
9170 7367
6515 7483
932 6991
9857 9521
1085 3957
9027 8277
2375 5125
8304 5748
1181 6820
4205 4919
7331 5696
2399 2389
2857 775
1229 7783
6911 8418
846 304
4686 78
8896 9860
6507 8910
5437 307
8131 3562
1411 8093
5848 1952
1543 9102
5497 3666
3557 7648
8163 2418
7975 5145
2217 1056
2717 1769
9291 1040
5232 4935
1004 5423
6175 6517
3695 6319
7106 130
2693 4220
8822 1427
1694 8048
8766 2024
1802 5516
8456 2086
2373 715
4948 2161
7925 4343
9647 808
5744 3387
6686 7793
1117 9349
2510 1019
9777 9253
4957 2219
8033 6019
6726 8176
5605 10000
5429 1693
9798 6355
4566 8957
4399 6640
9598 6450
1482 2322
9041 6279
540 2616
9960 9213
1743 6696
6198 3220
9138 8858
6216 1769
2167 1563
2169 5402
5861 5586
5109 2600
2839 2479
8808 896
3967 964
5698 9568
9155 4381
3129 8247
9145 1359
6363 7275
1815 7208
1877 6169
6526 8869
6785 8666
2108 9147
9217 2056
627 912
3940 7372
1122 9245
8106 3617
4397 5205
2181 7373
9341 6587
8926 8867
4902 8741
3451 482
5381 3095
4978 4034
2144 9536
7776 3133
7480 8170
7572 2526
9812 1280
3139 1205
973 6995
3227 7209
9860 7830
1197 6392
9756 7295
307 8457
928 9490
5452 7046
1280 539
8134 8113
6656 2892
2573 2959
9912 2248
4337 2554
6136 996
4683 2561
2437 775
4946 5287
6228 1614
6447 3565
1123 2917
2787 1392
7816 8821
5821 9557
5926 9434
3786 3315
4119 1129
7765 8763
6516 1076
3995 8848
8378 9334
3525 8747
5952 7225
462 9473
5985 893
2975 9200
6058 8425
6895 7021
8428 9748
4910 9465
7275 7291
9276 4892
5429 6749
2350 6232
5318 8540
8675 4100
5717 2570
3741 5980
7959 284
860 1758
9382 761
1941 1033
5342 9124
7313 1532
913 2379
4526 8857
688 9273
2428 4798
3942 6060
6197 2800
3173 8097
7440 9265
2339 5792
3065 3504
651 8442
3873 9654
5974 2973
5326 9494
5286 840
7370 12
1375 3223
6033 4352
8469 5250
8565 4420
5411 3160
475 8582
1613 919
5660 2056
3970 7845
5083 3918
6069 8334
1509 8886
4113 5410
9729 4152
8327 2873
887 3814
2169 1232
8368 6729
3658 6923
1932 6002
7406 2920
5166 2907
3815 6836
9346 210
909 4723
1757 8268
4218 8497
3783 7141
7984 1829
5192 7365
2617 4454
8393 6129
6399 4030
8174 3210
7465 5690
9095 5820
3247 1497
3205 2462
5082 9267
22 1376
3293 7154
3808 9983
9773 8791
3102 4182
1961 891
9818 4030
3720 6844
8030 1762
3433 6040
9937 6400
9970 7675
9942 8867
975 8833
3699 4480
405 2654
4944 9560
783 8349
7096 4451
209 390
9318 8294
6090 3839
9083 6035
6315 5702
1416 806
7841 1446
7698 6185
1937 8379
3713 6978
578 7756
1622 8926
3021 3604
2915 8330
4377 4835
5993 7085
5659 1275
6948 2748
9801 9322
7399 1990
8473 6431
8426 9955
8019 1041
2075 6611
9203 7086
8433 5919
6210 9994
5627 1791
814 2441
8178 7300
7495 5023
6486 528
2334 8586
2516 7352
9116 2949
7982 6807
307 884
5576 2877
1220 7772
5868 1303
9923 8187
6015 6030
7392 8984
6743 886
5783 9687
8740 4900
5638 2622
7290 6885
2050 1858
9602 4961
1716 2046
1001 2906
3145 8893
9072 7793
8010 234
1713 9985
6968 1109
7869 6103
133 7059
8883 1136
9109 4481
470 7526
9813 4691
5201 3501
2788 9209
1827 8179
1036 5835
2764 2065
5459 7981
4671 3858
4571 8024
4354 3161
70 9867
9199 9036
1895 3694
9994 5757
7636 3343
607 8559
3475 4117
7447 5084
2249 5453
4787 2814
5457 337
1059 2331
1566 5565
9666 6911
683 2805
5523 2656
3117 8051
5270 2128
9660 4761
2709 4370
4006 4779
7767 5529
32 3987
3013 1133
2413 2946
6047 6996
9003 173
6800 6376
5958 7029
5487 952
55 1144
1494 5059
3009 1474
1709 4778
8472 8813
9513 4776
5525 2924
3500 6814
2727 3775
5941 7850
2066 825
5439 2829
4023 4333
9045 4713
1065 4699
4265 5309
1970 4583
8170 3949
8622 6033
4352 705
636 1548
1436 6518
1697 6926
3193 4208
6107 9813
7427 4905
4761 8215
5365 3171
