800 53 400 4 988
3 31 20 26 58 34 5 19 10 12 31 19 27 48 40 6 4 10 13 3 4 11 7 24 14 11 7 9 4 29 15 7 2 11 4 1 4 20 30 6 1 10 2 15 3 4 15 2 1 12 40 25 31
9924 10000 4151 5007
4864 5029 8152 8317
1513 2054 8925 9466
7885 7991 8164 8270
6861 7224 4359 4722
476 1394 4334 5252
1183 1647 6825 7289
7167 7322 1754 1909
6631 7598 1612 2579
1702 2188 3728 4214
8756 9411 4395 5050
3442 3541 7775 7874
5097 6078 4012 4993
6798 7776 1357 2335
9882 10000 6684 7155
7064 7876 1664 2476
1421 2124 4237 4940
7005 7876 7021 7892
6318 6614 9278 9574
9564 9580 2426 2442
7543 7626 6621 6704
332 516 5311 5495
2181 2761 1490 2070
8260 8503 2894 3137
6295 7020 1638 2363
2124 2436 98 410
2571 3341 7772 8542
3554 4131 6970 7547
3495 3546 5896 5947
663 1030 4903 5270
4906 4980 3117 3191
7 271 2250 2514
557 1451 7131 8025
1834 2652 918 1736
9741 10000 4083 4471
6522 7285 3759 4522
561 634 4688 4761
3822 4556 1671 2405
9228 9348 6787 6907
5011 5176 3998 4163
2903 3874 5194 6165
3512 4117 2470 3075
8657 9637 7047 8027
3385 3422 9343 9380
7885 8446 9585 10000
7135 8050 4603 5518
0 178 3515 4146
4157 5089 5191 6123
4661 5549 4728 5616
8287 8620 4947 5280
8414 9007 5321 5914
5474 6081 3177 3784
5999 6968 4119 5088
8790 9088 6188 6486
5102 5524 7850 8272
2186 3174 2675 3663
302 956 2432 3086
9242 9671 2810 3239
0 91 7652 7932
6635 7043 2596 3004
3905 4290 2755 3140
6939 7112 2258 2431
6694 6816 7116 7238
2650 3474 5744 6568
3916 4635 364 1083
8803 9755 3479 4431
2857 3349 9765 10000
0 317 5133 5630
6868 6869 9229 9230
6328 6517 4395 4584
3424 3993 736 1305
5730 5735 7027 7032
470 863 4120 4513
3529 3545 1107 1123
6725 6780 5400 5455
9722 10000 693 1093
815 1614 793 1592
3774 4383 7362 7971
6457 7274 8277 9094
8688 9563 5469 6344
1774 2531 1787 2544
3965 4241 9563 9839
463 771 896 1204
6478 7314 1362 2198
8608 9386 6290 7068
8689 9263 4822 5396
5799 5844 3585 3630
6450 7377 7075 8002
824 1130 1996 2302
6862 7189 1019 1346
3435 4307 3600 4472
9081 9145 6274 6338
2243 2613 753 1123
6123 6270 1992 2139
7986 8169 9048 9231
3918 3990 5041 5113
9637 10000 3162 3591
6497 6661 5055 5219
62 430 2525 2893
6044 6531 6048 6535
9942 10000 5385 5510
3087 3615 1771 2299
2831 2892 908 969
0 491 1259 1805
0 531 5713 6391
4779 5276 9232 9729
4616 5442 10 836
9264 9776 1958 2470
850 1587 6719 7456
0 165 181 840
2268 3004 333 1069
3437 3594 2442 2599
165 1030 7007 7872
7262 7862 5791 6391
6106 6207 9715 9816
9340 9441 4499 4600
2113 2500 3695 4082
7244 7304 9524 9584
3661 3689 2880 2908
5029 5784 3426 4181
6465 6680 574 789
7017 7019 6646 6648
6986 7370 7845 8229
6311 7107 8968 9764
4846 4989 6653 6796
7578 8527 1760 2709
2687 2909 1176 1398
6395 6602 0 169
3454 4191 3064 3801
1321 1938 4530 5147
9092 9204 9854 9966
1071 1327 6683 6939
5435 5981 8337 8883
7013 7703 2653 3343
7168 7788 9795 10000
7485 7897 4624 5036
9338 9754 2583 2999
1581 2403 2761 3583
1369 2108 6118 6857
9113 9547 9133 9567
2448 3378 4863 5793
1979 2677 0 259
5796 6634 645 1483
8538 9160 1119 1741
5090 5160 5383 5453
3899 4656 5265 6022
7958 8167 5725 5934
96 922 2311 3137
6479 6648 1378 1547
2570 3538 5463 6431
9754 9964 541 751
8962 9121 5395 5554
6302 6964 8769 9431
6147 6811 9396 10000
8690 8781 7129 7220
2308 3021 589 1302
4674 5217 7616 8159
3149 3648 749 1248
4855 5419 5989 6553
7544 7808 2067 2331
5839 6095 820 1076
1657 2213 8698 9254
8372 8799 5433 5860
3420 3662 41 283
5210 5952 6666 7408
727 732 4834 4839
6993 7915 5196 6118
5936 6350 1838 2252
8526 8632 832 938
3326 3823 9301 9798
2207 2260 8843 8896
5856 6834 9129 10000
434 672 1597 1835
6415 7001 166 752
2558 2888 2374 2704
1800 2446 7230 7876
8829 9213 6959 7343
2831 3193 8996 9358
8072 8754 5300 5982
9023 9614 6092 6683
7460 7600 2246 2386
8900 9213 978 1291
35 528 1648 2141
2034 2182 4281 4429
4733 4851 3780 3898
7464 7752 1751 2039
6390 6800 6062 6472
2824 3481 2352 3009
1489 1557 1776 1844
1297 2089 6025 6817
3136 3296 5077 5237
3874 4053 6448 6627
4196 4652 8534 8990
3300 3468 4688 4856
8772 9199 7402 7829
7327 7426 5390 5489
4358 5015 7695 8352
3621 4444 6093 6916
3273 3624 4107 4458
6836 7104 4201 4469
3542 3564 6309 6331
9321 9758 6556 6993
7935 8568 8483 9116
4621 5120 9130 9629
3334 4233 1741 2640
4798 5441 9189 9832
2993 3210 2273 2490
1854 2462 8780 9388
6413 6532 6026 6145
1750 2542 5046 5838
2428 2560 6226 6358
8012 8322 3885 4195
5351 6163 882 1694
1941 2920 0 541
3930 4752 231 1053
6664 7599 601 1536
0 702 35 949
5582 5728 1047 1193
1361 1746 1731 2116
3180 4040 7227 8087
4976 5656 5289 5969
4899 5774 9449 10000
3348 4177 2032 2861
8642 8779 5761 5898
6496 6632 8302 8438
9540 10000 5644 6493
3366 3861 8763 9258
1838 2164 5822 6148
4323 4579 3974 4230
820 869 2498 2547
3715 4287 2275 2847
8728 9531 4529 5332
50 477 2985 3412
4672 5597 6211 7136
4001 4602 1927 2528
6221 6614 5274 5667
7302 8205 1058 1961
3541 3581 1064 1104
3627 4440 1618 2431
4202 4430 5662 5890
0 636 1241 2154
9011 9774 1178 1941
7627 7983 3832 4188
92 594 5054 5556
7711 8456 344 1089
642 1595 7344 8297
4708 4951 3148 3391
1565 1728 6461 6624
7615 7645 1491 1521
4038 4734 3187 3883
412 527 8385 8500
3883 4718 7320 8155
3612 4151 7188 7727
8328 9190 3785 4647
4697 5636 8986 9925
474 1435 7486 8447
8798 9022 1570 1794
4259 4577 7274 7592
740 995 8845 9100
1630 1667 8743 8780
9478 10000 1424 2255
7329 7589 8680 8940
7195 7741 1151 1697
3987 4378 9627 10000
5996 6404 3959 4367
8684 9498 262 1076
8926 9491 131 696
8754 8795 3186 3227
461 600 1375 1514
0 297 8269 8905
5972 6783 2653 3464
8 168 2691 2851
3199 3901 2490 3192
9354 9734 5247 5627
4148 4219 3394 3465
5342 6079 9645 10000
4058 4840 3568 4350
9201 9848 1744 2391
9792 10000 1326 1669
1658 2509 6544 7395
7672 8064 635 1027
3610 3703 5993 6086
8840 9547 3200 3907
1940 2860 8785 9705
4398 4840 4268 4710
6945 7390 1558 2003
6681 6737 69 125
4959 5387 9803 10000
3312 3326 9912 9926
6988 7007 9656 9675
4730 5644 4529 5443
5321 5758 7700 8137
5588 5984 2327 2723
4120 4850 2037 2767
9245 9953 9516 10000
3820 4580 0 636
2608 3101 5398 5891
3968 4403 1476 1911
6824 7113 1145 1434
1944 2764 8427 9247
2722 3520 8771 9569
3326 3356 9426 9456
7476 8335 7949 8808
251 1161 9040 9950
5395 5599 3475 3679
7506 8421 5269 6184
81 192 959 1070
9230 9469 9229 9468
5509 5689 8387 8567
1138 1998 7748 8608
8064 8541 3355 3832
9135 9189 3165 3219
1397 2317 1558 2478
6929 7193 8107 8371
7797 7842 7935 7980
6678 7477 0 591
4730 5456 4610 5336
6141 6317 7672 7848
6369 6614 4343 4588
4759 5526 4514 5281
5153 5240 9922 10000
8776 9255 6157 6636
5135 6093 6249 7207
8423 9204 9182 9963
2661 2785 2975 3099
5198 5747 6726 7275
9120 9412 2940 3232
4215 4271 6281 6337
1126 1716 1444 2034
1645 2509 5214 6078
2195 2997 7715 8517
6207 6274 4624 4691
5000 5302 8488 8790
0 618 1102 1864
2365 2487 90 212
4909 5040 1535 1666
7585 8037 9780 10000
2754 3267 7963 8476
4793 5163 1376 1746
7677 8439 7579 8341
270 1058 2299 3087
5433 5999 9104 9670
3593 3994 2544 2945
9767 10000 6360 6789
2335 2562 1522 1749
7339 8027 8482 9170
7461 8133 6261 6933
9776 9998 8617 8839
5323 5655 929 1261
5188 5345 5985 6142
103 695 1112 1704
4933 5313 2350 2730
6449 7357 7763 8671
2493 3382 5227 6116
979 1104 890 1015
8605 8761 6441 6597
1167 1276 4491 4600
8191 8581 3832 4222
0 440 6700 7385
5770 6054 4476 4760
8389 8497 517 625
3405 3491 7482 7568
5224 5227 7946 7949
436 441 1059 1064
5691 5981 8614 8904
6503 6761 9165 9423
487 1001 9372 9886
4915 5493 7267 7845
9453 9910 7026 7483
8280 8816 8695 9231
2883 3419 4495 5031
8976 9401 7423 7848
8145 8466 4316 4637
7925 8384 2692 3151
2721 3595 3830 4704
8517 9019 3412 3914
4993 5377 7648 8032
2271 2564 4908 5201
2835 2897 2758 2820
4393 5361 189 1157
3654 4568 6509 7423
5472 5854 8311 8693
1592 2389 5620 6417
4200 4445 9526 9771
4555 4688 7916 8049
1983 2568 7753 8338
1693 2144 9875 10000
4000 4553 2873 3426
2576 3132 2103 2659
7556 8056 5147 5647
6360 6595 8663 8898
9341 10000 5561 6485
6680 6881 4274 4475
7884 8542 6050 6708
2295 2649 3927 4281
4572 5107 4868 5403
8788 9510 8732 9454
6602 6614 1355 1367
8019 8446 0 285
8265 8851 2630 3216
5812 6332 7668 8188
9434 9755 10 331
0 660 6884 7623
5342 6123 4116 4897
5777 6147 9072 9442
7079 7996 3582 4499
2695 3681 9244 10000
9067 9152 4595 4680
4277 4839 1562 2124
2443 2493 3466 3516
3934 4542 9167 9775
5617 6386 9130 9899
5829 6119 3982 4272
9101 9375 6886 7160
1954 2403 329 778
8747 9117 3215 3585
7054 7432 2770 3148
7577 8504 4061 4988
849 1177 7728 8056
8989 9017 6767 6795
497 1018 3796 4317
1113 1580 4593 5060
5760 5928 8302 8470
2923 3673 9315 10000
3541 4491 126 1076
2950 3821 1055 1926
1891 2211 3713 4033
623 1308 6541 7226
8335 8730 1257 1652
1630 1938 6115 6423
1809 2551 4909 5651
1640 2303 7423 8086
4575 5210 3922 4557
9514 9639 679 804
3364 3737 3948 4321
60 404 9319 9663
0 108 0 708
5418 5549 3687 3818
298 700 9630 10000
616 636 4025 4045
4010 4538 6265 6793
1897 2827 8972 9902
3119 3158 1658 1697
0 949 5420 6400
5403 5672 6997 7266
5535 6420 8037 8922
6354 6375 783 804
7725 8196 9248 9719
6704 7184 8308 8788
0 672 0 421
6749 7236 7046 7533
9427 10000 526 1466
5644 6141 8678 9175
3534 3806 7708 7980
6168 6898 272 1002
1945 2823 4308 5186
8446 9320 3901 4775
7423 8355 3463 4395
5676 6284 6632 7240
9472 10000 905 1860
6371 6457 878 964
917 1682 5806 6571
7218 7899 4892 5573
5618 6283 388 1053
2408 2944 1319 1855
6505 6987 757 1239
8034 8392 5396 5754
8596 8685 6537 6626
2452 2830 4722 5100
7827 8611 2603 3387
852 921 4605 4674
4578 5224 1810 2456
460 1209 5212 5961
1359 2051 453 1145
1640 2497 6823 7680
0 685 2340 3249
48 158 6792 6902
8565 9441 7650 8526
3237 3799 596 1158
355 1095 0 458
1326 1910 4310 4894
104 309 5123 5328
3850 4132 6104 6386
4534 5468 2582 3516
9799 9844 9796 9841
2625 2691 8801 8867
3745 3952 2824 3031
3193 3545 4822 5174
7695 8612 4782 5699
610 1253 6966 7609
2857 3068 1104 1315
0 531 1490 2053
0 218 8795 9592
1225 1842 8136 8753
6972 7761 4876 5665
1534 1891 2126 2483
4927 5088 8803 8964
9605 9879 4224 4498
9175 9251 9739 9815
429 907 6857 7335
1491 1898 3999 4406
534 1230 2139 2835
6318 7278 7312 8272
2362 2763 350 751
2274 3195 3583 4504
3872 4859 1964 2951
5262 6178 3317 4233
4405 4671 1333 1599
2800 3189 469 858
2361 2453 8509 8601
1665 2027 1136 1498
5748 5964 1024 1240
8410 9269 5677 6536
0 58 3226 3438
3474 3692 944 1162
3523 3662 5223 5362
3865 4156 8918 9209
5527 6307 918 1698
3131 3301 8780 8950
2888 3496 5847 6455
7413 8193 835 1615
4283 5215 5791 6723
7353 7628 0 264
3165 4037 104 976
6177 7100 6674 7597
3077 3810 5301 6034
464 1079 3109 3724
9510 9843 7741 8074
6133 6699 5697 6263
178 397 7543 7762
9177 9495 2172 2490
7519 7799 6114 6394
1753 2405 5139 5791
3126 4038 6259 7171
2660 2998 6888 7226
1440 1896 1819 2275
9487 9906 2934 3353
2800 3260 7521 7981
3269 3622 2778 3131
6541 7525 7030 8014
8826 9454 4890 5518
2611 3401 5940 6730
7107 7449 8977 9319
8777 9092 6429 6744
824 1192 9542 9910
4339 5130 1136 1927
667 953 9542 9828
3696 4635 2203 3142
2932 3909 7128 8105
1440 1798 9593 9951
576 1456 1253 2133
8327 8681 1072 1426
8375 9260 2436 3321
6275 6311 4508 4544
7799 8219 8968 9388
250 722 2392 2864
7065 7285 5995 6215
8033 8414 3505 3886
146 375 2972 3201
4815 5658 5744 6587
8422 9204 7727 8509
1512 2079 1020 1587
4444 5306 3649 4511
1075 1626 7427 7978
568 1430 2724 3586
9098 9807 6627 7336
2542 3162 2025 2645
8716 8878 79 241
1038 1213 6285 6460
751 966 8548 8763
5800 6418 9344 9962
3043 3604 703 1264
2319 2632 4760 5073
5494 5652 2879 3037
389 1298 2513 3422
2472 2525 1859 1912
8854 8926 6949 7021
4867 5338 3982 4453
7989 8267 94 372
322 634 269 581
526 1068 3137 3679
9527 9570 7137 7180
5272 5630 3088 3446
1865 2826 925 1886
9483 10000 223 1065
8569 9284 3234 3949
1521 1839 4777 5095
5245 5882 855 1492
5200 5936 1590 2326
5573 6450 7232 8109
8234 8792 3010 3568
9619 10000 5347 6083
3392 4163 5152 5923
9702 10000 3414 3940
2834 3260 3532 3958
2314 2448 849 983
566 1000 1630 2064
5221 5534 2948 3261
5483 6364 150 1031
1887 2715 3484 4312
6294 6400 1346 1452
1180 1358 997 1175
5042 5627 3068 3653
5656 5995 3954 4293
5406 6090 1595 2279
292 624 9807 10000
5001 5683 2853 3535
4249 5085 81 917
6787 7014 2769 2996
9489 10000 1424 2403
4496 4637 8103 8244
6364 7307 838 1781
6494 6793 5511 5810
51 687 3581 4217
9587 10000 7389 8296
8429 8690 6356 6617
2492 3359 4742 5609
4718 4926 6358 6566
1598 2253 6112 6767
7965 8797 3147 3979
990 1063 5143 5216
7800 8187 5475 5862
4244 4619 1731 2106
7425 8055 7654 8284
2878 3743 0 801
5134 5827 74 767
921 1900 2397 3376
4136 4762 1065 1691
8475 8517 8160 8202
8816 9218 3176 3578
4168 4783 5143 5758
8782 9093 6206 6517
5531 6269 7618 8356
137 159 7573 7595
553 773 1788 2008
3970 4370 0 338
1615 2325 4949 5659
1505 1777 8239 8511
2473 2776 219 522
5980 6319 7407 7746
5472 5726 3413 3667
2589 2887 993 1291
3913 3988 2970 3045
7938 7967 3319 3348
1893 2765 4197 5069
413 968 380 935
5671 6468 6032 6829
6986 7830 3428 4272
9764 10000 8213 9049
4216 4409 5741 5934
7156 7350 3216 3410
8317 8571 6484 6738
2489 3216 6465 7192
4174 5061 4361 5248
4909 4966 6521 6578
6945 7869 4120 5044
1765 2249 5862 6346
3911 4261 131 481
6995 7011 9473 9489
3574 4357 2925 3708
5201 5846 9309 9954
4960 5116 592 748
5144 6004 7331 8191
0 390 4543 5253
7520 8222 8553 9255
2083 2701 4937 5555
4575 5087 9318 9830
4610 5148 2769 3307
1210 1973 4626 5389
147 547 5760 6160
4874 5129 4270 4525
7328 7482 4055 4209
746 1132 2043 2429
2829 3549 2832 3552
165 253 442 530
4430 4848 7346 7764
8589 8654 1731 1796
9337 9541 8931 9135
2331 2951 1678 2298
3063 3105 4679 4721
0 503 5459 6436
430 468 5397 5435
6318 6737 3376 3795
875 1558 6125 6808
4623 4939 1735 2051
4296 4592 9176 9472
2167 2401 7925 8159
2635 3453 0 244
8906 9714 4842 5650
8929 9290 6405 6766
5592 5667 497 572
3355 3929 7480 8054
1803 2447 1738 2382
7649 7804 5905 6060
3349 3431 8924 9006
6050 6410 3760 4120
8042 8710 415 1083
4344 4460 3921 4037
0 570 3000 3726
8706 9104 9080 9478
1366 1490 9689 9813
0 634 8414 9198
7275 8017 5352 6094
8157 9001 7248 8092
935 1634 8393 9092
4237 4749 3877 4389
8973 9162 6682 6871
8157 8413 9622 9878
3416 3918 250 752
2898 3421 267 790
1546 2524 2905 3883
8299 8714 54 469
9573 10000 2831 3570
2149 2820 7422 8093
4692 5649 5266 6223
9824 9949 1346 1471
7790 8618 9573 10000
0 401 6056 6551
9492 9568 696 772
487 1379 1533 2425
6786 7139 1144 1497
4507 5432 1132 2057
1845 2479 1663 2297
2439 3254 5224 6039
4474 5414 7702 8642
5822 6251 176 605
5208 5259 7625 7676
6593 7202 6636 7245
8607 8984 1295 1672
2082 2746 7623 8287
7500 7838 4180 4518
6909 7618 6079 6788
8953 9643 9061 9751
7794 8139 2814 3159
7971 8240 1251 1520
4031 4094 284 347
6101 6779 541 1219
843 1006 6085 6248
1616 1911 6286 6581
7480 8345 633 1498
8346 8736 3343 3733
5461 5731 5723 5993
9145 9435 0 243
7345 8013 8860 9528
2492 3312 2273 3093
6220 7096 4841 5717
6681 7241 3751 4311
7346 7886 3589 4129
4085 5019 4413 5347
3232 3468 805 1041
9385 9468 8883 8966
8761 9686 2637 3562
1859 2545 1559 2245
6377 6794 6946 7363
1119 1562 3570 4013
9207 9955 6734 7482
2181 3058 6666 7543
3428 3445 4380 4397
879 1537 1611 2269
2028 2128 2111 2211
3154 3194 7757 7797
2527 3116 3548 4137
4581 5109 7369 7897
7516 8436 1028 1948
2760 3449 1387 2076
7719 8394 81 756
5366 5628 5386 5648
432 877 2479 2924
7501 7986 3121 3606
1532 2397 8625 9490
3477 4352 3998 4873
6330 7239 3667 4576
8742 9228 3254 3740
792 1294 7080 7582
9391 9785 1902 2296
6732 7301 4440 5009
737 1472 9355 10000
8607 9417 5469 6279
3531 4434 1454 2357
4783 5214 1072 1503
6902 7366 2543 3007
4598 5146 7064 7612
1667 2222 6167 6722
1083 2065 4814 5796
9594 10000 8873 9726
9109 9922 2281 3094
3588 4070 0 276
8289 8297 5350 5358
9362 9561 9422 9621
3786 4166 6872 7252
5917 6127 2311 2521
4262 4525 1431 1694
7191 8068 1930 2807
0 178 8457 8651
2796 3165 7888 8257
3764 3790 5328 5354
6750 7661 7260 8171
2846 3261 5108 5523
888 1153 5719 5984
8724 9004 2635 2915
9994 4539
4988 8206
1812 9276
7927 8232
6956 4518
1367 5240
1219 6930
7286 1794
6846 2533
2166 4130
9227 4893
3444 7866
5571 4912
7555 1487
9985 6698
7400 1895
1996 4649
7544 7636
6329 9311
9570 2436
7618 6621
357 5330
2446 1648
8343 2929
6778 1789
2392 143
2781 8031
3777 7256
3508 5897
802 5090
4945 3124
17 2474
882 7769
2455 1170
9969 4195
6766 3982
632 4739
4260 2098
9336 6844
5015 4058
3676 5608
3523 2998
9027 7359
3389 9351
7965 9637
7297 4961
46 3782
4548 5500
5100 5551
8516 5225
8723 5403
6020 3308
6410 4340
8827 6282
5121 8036
2908 2908
588 2747
9493 2877
85 7704
6713 2725
4134 3028
7027 2306
6712 7207
2672 6260
3968 759
9633 3754
2864 9865
116 5362
6869 9230
6459 4582
3477 1243
5730 7028
640 4342
3537 1121
6768 5418
9864 927
1506 863
4383 7861
7228 8800
9068 5521
1988 1909
4153 9625
534 956
6736 1575
9181 6456
9098 5000
5812 3613
6943 7141
828 2244
7028 1022
4182 4268
9103 6308
2577 1047
6150 2120
8144 9107
3946 5046
9757 3571
6632 5066
147 2692
6446 6315
9984 5458
3256 1944
2838 950
175 1744
500 6243
4993 9612
4962 720
9672 2329
1020 7410
41 243
2530 1038
3465 2562
550 7338
7691 6083
6135 9749
9358 4545
2319 3714
7250 9533
3672 2908
5196 4152
6552 679
7017 6646
7316 8103
6623 9271
4872 6760
8033 2482
2819 1223
6520 11
3701 3448
1837 4964
9189 9937
1072 6858
5867 8823
7463 2682
7531 9944
7880 4991
9722 2802
2141 2971
1520 6616
9311 9315
3132 5746
2105 172
6474 1192
8549 1376
5111 5387
4586 5969
8067 5874
912 2390
6484 1452
3135 6285
9786 616
9056 5504
6880 8994
6642 9792
8765 7149
2942 1220
4895 7940
3605 754
4892 6073
7572 2082
6032 990
1864 8974
8578 5598
3507 141
5933 7035
729 4834
7251 5809
6054 2213
8604 839
3341 9751
2252 8889
6272 9357
514 1626
6597 690
2604 2529
1930 7274
8999 7249
3127 9222
8195 5373
9334 6107
7587 2300
9006 1009
377 1960
2074 4392
4847 3854
7524 1878
6446 6130
3324 2358
1494 1800
1383 6568
3154 5121
3955 6598
4272 8924
3409 4801
9094 7695
7346 5466
4643 8275
4195 6356
3442 4445
7046 4232
3558 6314
9403 6722
8003 9079
4879 9569
3637 2006
5055 9473
3061 2341
2337 8865
6455 6126
2240 5539
2538 6291
8304 4012
5484 1435
2600 44
4107 542
7217 1522
410 91
5628 1163
1513 2059
3920 7287
5274 5895
5705 9647
3422 2410
8666 5825
6581 8387
9588 6455
3462 9005
2045 5987
4558 4037
864 2518
4177 2275
9247 5210
416 3106
5446 6760
4021 2273
6429 5469
8154 1930
3558 1071
4086 1715
4338 5719
413 2010
9751 1328
7945 4050
463 5352
8357 942
961 7699
4780 3327
1617 6569
7640 1506
4160 3627
497 8496
4248 7941
3749 7441
8505 3951
5070 9428
1102 8131
8833 1586
4287 7306
780 9085
1645 8771
9938 2196
7346 8929
7379 1563
4090 9746
6260 4307
9221 933
9077 566
8772 3227
571 1482
155 8380
6420 2871
60 2728
3355 2980
9361 5267
4202 3451
5471 9647
4498 3657
9751 1768
9882 1488
1962 6903
7771 668
3668 6043
9477 3880
2040 8979
4545 4419
7001 1995
6682 76
4987 9903
3322 9926
6992 9658
5517 4639
5508 7838
5880 2581
4271 2585
9597 9800
4504 371
2794 5756
4386 1833
7033 1170
2639 8639
3218 8907
3351 9448
8327 8515
786 9117
5437 3673
8389 5881
134 1001
9274 9240
5532 8541
1574 8072
8540 3747
9159 3174
1672 1933
7111 8150
7805 7962
6910 211
5045 4704
6163 7777
6509 4442
5322 4766
5178 9995
8980 6525
5157 6701
9005 9408
2722 3068
5539 6858
9302 2942
4267 6336
1176 1883
2455 5238
2627 7863
6214 4637
5031 8762
596 1554
2487 106
4977 1591
7646 9822
2868 8326
4844 1387
7867 7636
675 2760
5777 9260
3731 2659
9989 6506
2514 1560
7838 9134
7971 6681
9946 8728
5390 1209
5343 6018
542 1442
5309 2620
7259 8097
2665 5436
1046 984
8658 6561
1255 4596
8254 4011
293 7303
5902 4667
8464 625
3407 7532
5225 7948
438 1064
5883 8653
6647 9261
785 9759
5132 7576
9815 7201
8317 8912
3179 4611
9175 7689
8442 4441
8219 3027
2977 3896
8918 3612
5035 7752
2449 5055
2866 2776
5010 236
3826 6912
5543 8588
2007 5910
4442 9587
4647 7957
2330 7860
2144 9977
4202 2992
3050 2434
7677 5498
6585 8819
9595 6466
6841 4328
7913 6666
2337 3979
4870 5071
9369 9050
6611 1361
8330 231
8819 2679
6312 7860
9674 17
446 7609
5772 4895
5879 9428
7105 4456
3259 9727
9136 4597
4643 2052
2443 3475
4398 9529
6135 9608
6109 4097
9119 7034
2229 725
9007 3477
7058 2896
7609 4586
1157 7846
9011 6795
1012 3821
1526 4677
5878 8365
3673 9769
3718 133
2987 1853
2021 3748
690 6695
8603 1490
1738 6403
2511 5488
1878 7658
5026 4311
9615 779
3522 4292
371 9611
43 301
5427 3716
538 9713
630 4035
4374 6613
2172 9383
3131 1678
633 5707
5629 7205
5807 8315
6360 799
7732 9663
6921 8328
589 132
7086 7352
9527 1446
5718 9129
3556 7817
6559 821
2206 4682
8840 4461
8185 3594
5748 6662
9701 1135
6456 953
1000 6486
7327 5241
6005 474
2581 1353
6930 969
8307 5501
8629 6593
2620 5047
7968 3170
918 4658
4615 1868
497 5681
1620 844
1968 7493
114 3141
157 6793
8945 8247
3489 811
412 4
1518 4531
185 5311
3954 6148
4534 2971
9828 9835
2658 8859
3934 2976
3374 4989
8282 5021
1250 7111
2866 1150
390 1669
171 9487
1321 8369
7649 4975
1728 2480
5019 8845
9749 4327
9182 9753
833 6899
1670 4346
774 2328
6396 8202
2559 670
2715 3901
4790 2209
5282 3591
4469 1443
3078 809
2438 8514
1910 1407
5916 1070
8424 5851
58 3254
3527 954
3636 5237
3924 9033
6306 1629
3181 8872
3339 6257
7599 1031
4441 6135
7498 50
3810 402
7071 6677
3732 5634
919 3541
9560 7862
6253 5788
211 7543
9460 2462
7724 6127
1862 5635
3430 6316
2833 7162
1731 2026
9563 3349
3016 7875
3368 2873
7107 7673
8829 5321
2989 6637
7293 9075
8880 6660
975 9818
4780 1638
757 9618
4196 2279
3303 7373
1609 9666
751 1395
8649 1404
8721 2748
6294 4519
7979 9345
325 2469
7223 6037
8409 3798
310 3141
5481 6317
9097 7965
1796 1228
4639 4485
1386 7497
587 3082
9583 6954
2891 2118
8788 223
1081 6315
829 8594
6006 9797
3473 1128
2348 4825
5584 2974
1205 3326
2512 1872
8883 6969
4928 4235
8096 135
353 429
634 3190
9542 7175
5337 3208
2416 1322
9746 267
8866 3535
1827 4957
5613 1094
5399 2040
6154 7394
8493 3478
9736 5418
4144 5609
9754 3602
2969 3738
2422 949
922 1729
5418 3049
6049 641
1934 3878
6349 1417
1345 998
5077 3287
5839 4034
6085 2139
355 9937
5209 2950
4256 902
6991 2841
9670 2214
4619 8163
6686 1743
6661 5698
571 4167
9783 7472
8438 6536
2736 5136
4725 6550
1741 6700
8398 3889
1048 5200
8089 5683
4311 1744
7958 8073
3609 534
5283 583
1840 3098
4349 1671
8507 8179
8860 3329
4351 5602
8797 6286
5995 8129
151 7574
714 1859
4073 310
2169 5394
1545 8303
2720 409
6289 7640
5539 3460
2781 1141
3950 3032
7961 3333
2661 4201
946 446
6273 6825
7560 3595
9988 8744
4307 5913
7264 3291
8393 6594
2934 7018
4964 4403
4929 6552
7857 4202
2044 6218
3926 379
6999 9484
3769 3425
5245 9608
5020 665
5274 8098
91 4994
8038 8708
2391 5538
4826 9630
5035 2959
1896 4983
404 6143
4892 4303
7424 4089
972 2107
3225 3154
233 530
4780 7719
8589 1782
9398 9063
2624 1977
3099 4683
492 5910
435 5425
6606 3558
1368 6748
4801 1748
4324 9384
2379 8070
2770 163
9121 5219
9160 6761
5632 566
3673 7720
2007 1955
7680 5937
3403 9006
6137 3971
8526 808
4382 3954
187 3626
8770 9471
1444 9706
409 9048
7943 5916
8633 7547
1235 8653
4737 4112
8976 6780
8305 9820
3644 530
3127 684
1667 3670
8369 72
9702 3282
2728 7633
5607 5967
9901 1453
8292 9652
32 6265
9495 732
1355 1986
6865 1391
4565 2002
2297 2147
2480 5269
5024 7757
6177 487
5231 7640
6966 6813
8638 1512
2376 8138
7638 4304
7245 6510
9478 9067
7949 2825
8021 1276
4089 311
6306 1121
982 6150
1823 6382
8113 1344
8549 3693
5702 5849
9251 49
7397 8991
2666 2980
6845 5325
6911 4182
7821 4038
4851 5307
3302 826
9396 8895
9414 2840
1863 1832
6451 7242
1234 3894
9522 6995
2867 7464
3431 4393
944 1656
2079 2118
3174 7787
2696 3794
4702 7510
7683 1096
2901 1999
7929 89
5484 5569
527 2511
7537 3265
1645 8680
3960 4202
6487 4532
8812 3735
1048 7230
9687 2208
6844 4977
1091 9534
9314 6149
4155 1539
5190 1354
7340 2781
4790 7375
1800 6706
1222 5565
9727 9726
9357 2905
3690 98
8289 5356
9536 9427
3922 6882
5996 2469
4448 1656
7977 2634
146 8486
2806 8045
3783 5351
6930 7828
2860 5128
893 5896
8983 2648
