800 140 400 15 1534
3 5 8 2 12 7 3 4 2 6 4 4 12 13 8 2 6 7 2 3 2 4 9 1 3 11 1 2 4 2 3 2 4 17 4 3 8 1 2 1 6 13 9 2 3 3 2 11 12 4 1 4 7 1 7 11 5 3 11 8 3 4 1 1 3 4 1 10 4 5 11 4 2 3 16 2 8 1 1 7 7 12 5 2 19 3 3 1 16 5 1 2 3 1 16 1 1 4 3 1 1 2 15 8 10 4 3 4 7 1 16 28 1 3 4 11 1 8 14 14 14 1 10 4 7 17 4 4 14 1 7 3 1 2 9 10 3 2 7 8
5089 6100 4432 5443
1064 1759 9287 9982
3755 4686 5965 6896
5419 6527 4398 5506
286 400 8602 8716
4424 5497 2120 3193
9086 10000 7304 8381
981 2501 9337 10000
1476 1476 1370 1370
3392 3960 4389 4957
1712 3021 1725 3034
250 627 2543 2920
8032 9315 2278 3561
6733 7240 7672 8179
595 1807 6330 7542
9809 10000 9758 10000
4487 5614 4317 5444
2963 3455 5481 5973
3497 3506 47 56
5431 6843 594 2006
2815 3289 9430 9904
3486 4340 4609 5463
160 1347 6351 7538
279 872 5299 5892
482 1645 0 981
4522 5066 6801 7345
3682 4929 6259 7506
8869 10000 854 2332
6917 7803 5080 5966
1890 2196 2496 2802
7183 8345 7123 8285
528 1560 7991 9023
2741 3445 6500 7204
8207 9243 4778 5814
4936 6314 5128 6506
6176 6315 2890 3029
1302 2264 8150 9112
0 519 4952 6277
4687 5873 4388 5574
0 1039 2579 3736
427 1577 1571 2721
5868 6681 4261 5074
3481 3754 9035 9308
9585 10000 7364 8761
8639 9943 6481 7785
5347 5868 6965 7486
1678 2939 3558 4819
4214 5145 0 338
114 575 3908 4369
2348 3711 9031 10000
8566 8839 3388 3661
53 467 5138 5552
8374 9083 8496 9205
2320 2700 3987 4367
9158 10000 4967 6480
4583 5047 3060 3524
6756 7259 4746 5249
2736 2780 5402 5446
7848 8861 4362 5375
6373 6673 264 564
8376 9380 8401 9405
3012 3334 3714 4036
8047 8251 2378 2582
9350 9404 7806 7860
2735 3587 8255 9107
9338 9611 5596 5869
4755 5692 5038 5975
7234 7713 4467 4946
7519 8603 9481 10000
3552 3989 6945 7382
9372 9590 9048 9266
4583 4590 9490 9497
203 691 7473 7961
1869 3214 5485 6830
4638 5708 2825 3895
6269 7600 8227 9558
3670 4692 7490 8512
1078 1117 1138 1177
4597 5857 35 1295
1711 2067 2021 2377
8376 8991 1752 2367
4451 5606 3859 5014
3470 3725 6270 6525
4407 4585 3079 3257
6574 7900 5709 7035
4088 5083 5184 6179
3519 3545 6960 6986
2111 3542 5335 6766
1668 2759 3034 4125
8140 9510 3157 4527
5059 5222 9219 9382
3459 4713 0 135
3762 4315 7581 8134
4989 5788 9325 10000
5149 5391 5272 5514
1150 1366 4467 4683
6721 7411 0 570
7695 8594 4672 5571
1332 1990 9211 9869
3845 4046 2067 2268
1427 1736 7091 7400
2555 3094 3450 3989
7893 9312 5165 6584
3573 4940 5139 6506
3724 3849 5589 5714
3544 4735 749 1940
1754 2219 8408 8873
9574 10000 6362 6796
1668 2521 139 992
584 1965 7568 8949
7383 8066 7017 7700
7893 9337 2708 4152
8494 8546 3501 3553
1050 1789 7926 8665
5492 6272 3337 4117
2305 2486 4585 4766
4346 5008 2834 3496
4553 5939 6205 7591
6442 6868 1336 1762
4468 5407 5350 6289
9307 10000 7200 8574
6353 7367 1537 2551
1875 2375 1948 2448
6890 8082 1770 2962
8292 9041 3569 4318
1376 1559 6542 6725
1747 2999 2504 3756
1209 1270 1216 1277
3851 4852 7632 8633
3895 4465 9500 10000
2977 4284 609 1916
9529 9976 5075 5522
8287 8473 2486 2672
6809 7704 8839 9734
3894 4792 1830 2728
3504 4149 0 632
5144 5950 1212 2018
2993 4258 1177 2442
7429 7951 4619 5141
8938 9390 8425 8877
7655 7809 6408 6562
7012 7432 6494 6914
2485 2750 7454 7719
2188 2717 9056 9585
5169 5411 736 978
7111 7879 929 1697
6738 8226 4318 5806
6911 7915 1700 2704
5584 6107 8735 9258
4807 6198 6572 7963
9370 9668 6765 7063
6509 7581 7273 8345
1339 1993 404 1058
6363 7686 1443 2766
6009 6381 9522 9894
1235 2151 4282 5198
9508 10000 3319 4132
7885 8496 3451 4062
8117 8309 7749 7941
2327 2351 4284 4308
399 957 3992 4550
1666 2359 8851 9544
9602 9822 0 113
7529 7883 7090 7444
144 1261 7652 8769
3114 4123 4609 5618
1195 2662 7845 9312
5327 5582 3812 4067
5118 6210 9125 10000
8061 9399 5883 7221
9783 9982 3229 3428
9225 9907 178 860
8252 9137 6779 7664
1773 2841 3014 4082
7046 7919 7710 8583
6975 7800 3055 3880
6030 6249 912 1131
6268 6470 5619 5821
5445 6753 3000 4308
2137 2334 2570 2767
177 504 4456 4783
8575 9449 3222 4096
7446 7655 7446 7655
7864 8182 3090 3408
5723 6979 5117 6373
8892 9672 772 1552
3684 4214 5574 6104
6280 6558 6906 7184
419 1346 6979 7906
7691 9087 2411 3807
5996 7058 0 1019
2289 3127 5066 5904
1072 2514 461 1903
6891 7038 2263 2410
1236 2245 4567 5576
870 2180 1601 2911
1862 2011 4086 4235
7181 8206 7968 8993
5184 6374 4207 5397
6008 6538 4372 4902
3287 4545 394 1652
4060 5079 6238 7257
3672 4579 4961 5868
9156 9581 1499 1924
9823 10000 3930 4626
84 1023 3278 4217
3011 4203 1452 2644
8704 9008 9421 9725
4512 5231 6313 7032
409 1033 7471 8095
65 687 0 142
7581 7672 2480 2571
4501 4744 7895 8138
2376 2400 8458 8482
8356 8709 4344 4697
2159 2510 4978 5329
9874 9919 9469 9514
6651 6899 5027 5275
9737 9898 4574 4735
8375 9512 4243 5380
6641 6916 4990 5265
9563 10000 7674 8408
1558 2071 2912 3425
5211 5692 7247 7728
1395 1449 4291 4345
2936 3223 5043 5330
12 474 1592 2054
6493 7744 188 1439
9474 9482 2966 2974
5056 5399 5459 5802
8458 8533 4756 4831
7011 8037 3349 4375
7952 9340 5164 6552
4302 4469 7025 7192
6594 7951 4367 5724
3936 5217 8029 9310
8975 10000 4439 5495
7931 8173 706 948
6034 6047 7969 7982
7209 7676 5276 5743
6074 6258 4375 4559
5010 5733 8478 9201
7046 8447 8334 9735
8269 9797 6913 8441
1074 1408 213 547
1445 2838 2391 3784
9362 10000 6006 6958
7620 8942 5872 7194
0 1031 184 1343
0 564 8564 9485
1151 2487 5434 6770
2862 3299 1195 1632
0 114 5558 7091
2800 3402 4526 5128
2763 3038 4323 4598
2373 2816 530 973
5547 6006 5763 6222
4061 5476 9235 10000
1136 1529 8577 8970
3742 4004 8435 8697
817 1841 3416 4440
2565 3729 9449 10000
496 905 1261 1670
5962 6519 5347 5904
0 307 739 1678
4611 6073 8091 9553
7339 8045 4928 5634
6691 7251 8345 8905
8138 9443 8 1313
8292 9231 2710 3649
6485 6723 5342 5580
3822 3892 2733 2803
2335 2728 4163 4556
8036 8959 5812 6735
3973 4592 372 991
7371 8802 0 821
6646 7829 9532 10000
6655 6683 8292 8320
6442 7261 1465 2284
3129 3194 484 549
1446 2241 2882 3677
1734 2488 6833 7587
4220 4579 1092 1451
0 993 9034 10000
1652 2920 8690 9958
4810 6239 0 1403
2851 3300 4998 5447
991 1308 7145 7462
2276 3478 5048 6250
3022 3210 297 485
4523 5502 8199 9178
9582 10000 6671 7946
651 1201 4784 5334
5055 5741 3577 4263
2125 2307 7959 8141
73 653 8703 9283
7199 7638 9201 9640
7106 8163 9493 10000
9156 10000 8402 9639
5942 6615 2454 3127
4930 5206 5755 6031
8175 9529 9221 10000
7307 8327 7946 8966
7555 7814 5536 5795
2386 3581 4197 5392
3515 4466 7030 7981
3852 4946 7118 8212
5135 6407 820 2092
1216 1910 1520 2214
4761 6143 4748 6130
655 662 6352 6359
7337 7906 5904 6473
131 1133 5127 6129
7785 8046 3682 3943
992 1127 6462 6597
0 304 5311 5859
8142 9222 4598 5678
706 1459 6266 7019
6962 8392 7760 9190
4005 4353 5898 6246
2633 2653 4931 4951
6597 7014 7084 7501
2836 4073 904 2141
4062 5414 8589 9941
9755 10000 2883 3661
1713 3181 8419 9887
8804 9766 5731 6693
9564 10000 9577 10000
8711 9843 3674 4806
9455 10000 3037 3937
2425 2803 8445 8823
1001 1107 9484 9590
1030 1516 1343 1829
8787 9353 579 1145
1449 2793 775 2119
1712 2161 9673 10000
3359 3731 6540 6912
2745 3029 3059 3343
4752 5707 4200 5155
3997 4987 2586 3576
3864 4621 8919 9676
3477 4455 5868 6846
3409 4059 4895 5545
8883 9057 5696 5870
6098 6856 0 577
0 270 4753 6073
2984 3071 1803 1890
14 927 4109 5022
1916 2477 3413 3974
5622 6934 9376 10000
7817 9141 4106 5430
0 1114 393 1808
8997 10000 1522 2865
5941 6926 1896 2881
196 1556 4279 5639
9188 9962 1931 2705
9792 9959 7732 7899
8149 8489 1808 2148
7651 7773 7814 7936
2712 4218 538 2044
7667 8661 6075 7069
0 225 663 1008
2615 2953 1469 1807
2952 4093 6337 7478
9123 9407 6749 7033
784 2149 3917 5282
1336 2812 6848 8324
6997 7622 7942 8567
1285 1632 7766 8113
5922 6538 6468 7084
0 1068 9340 10000
6293 6602 1851 2160
4784 5042 4552 4810
3429 4050 4019 4640
3581 4690 5488 6597
0 113 4855 5107
8521 9202 1945 2626
792 2208 3278 4694
3330 3520 3759 3949
2964 3534 5148 5718
7436 7514 4096 4174
5871 5980 5151 5260
9 1039 6821 7851
6779 7875 18 1114
4103 5400 8130 9427
1310 2732 2970 4392
4348 4352 4978 4982
9317 9667 7182 7532
1642 3054 7564 8976
3242 4048 283 1089
2453 3166 8888 9601
3576 4471 6898 7793
3187 4525 5350 6688
1072 2374 632 1934
4480 4643 5621 5784
5376 5436 3322 3382
9594 10000 593 1265
2654 3682 8040 9068
2037 3550 8078 9591
8360 8710 3764 4114
4642 4875 1553 1786
571 1582 1105 2116
9642 10000 2450 2902
4860 6095 590 1825
4983 5671 6994 7682
6041 6939 5358 6256
6048 6997 5599 6548
820 846 7475 7501
8858 9146 5741 6029
2530 3678 2673 3821
4622 4976 6671 7025
8254 9024 668 1438
3361 3855 7815 8309
5428 6672 6711 7955
7602 7941 3224 3563
4574 5984 386 1796
8751 8960 5346 5555
8603 9373 8545 9315
8495 9287 1506 2298
2100 2176 3533 3609
0 1324 6907 8387
2891 3360 6373 6842
8120 9010 2071 2961
5872 7234 0 1107
2453 3302 378 1227
7518 7806 7593 7881
6847 7092 8284 8529
1227 1656 6467 6896
2855 4212 0 1141
8115 8735 7066 7686
7121 7993 2297 3169
3597 4845 3934 5182
1580 1670 3607 3697
3901 4049 4278 4426
7369 8602 0 1049
3370 3601 7117 7348
5893 7382 3567 5056
182 260 7838 7916
955 2238 1344 2627
1318 1543 1482 1707
7869 9282 4895 6308
344 522 4301 4479
1102 1670 62 630
1418 2434 2274 3290
8 1203 891 2086
4044 4315 4173 4444
3999 4306 3818 4125
5014 6293 9077 10000
1905 2865 7855 8815
5846 6423 5396 5973
1736 2620 3282 4166
0 931 6969 8419
6363 7756 4184 5577
2343 2868 9478 10000
6715 6807 5308 5400
0 1231 6302 7613
6567 7814 147 1394
4664 4685 615 636
2540 3066 2968 3494
480 620 3769 3909
5049 5968 6762 7681
9241 9537 2740 3036
9013 9190 1704 1881
7057 7606 5594 6143
6487 6995 3059 3567
7325 8384 9282 10000
4756 5776 0 1003
9357 9861 4032 4536
671 1665 8529 9523
8821 9439 3592 4210
1875 2513 6651 7289
9445 9687 610 852
2926 4313 2517 3904
4817 5420 1421 2024
2089 3501 6052 7464
7954 7997 8167 8210
3617 3717 2279 2379
7728 8586 6165 7023
6099 6733 5935 6569
2561 3062 0 269
6024 7120 5413 6509
3730 4406 2305 2981
774 1349 4892 5467
2796 3304 4008 4516
3429 3831 6914 7316
5858 6435 3631 4208
5450 6786 3662 4998
4535 5943 3124 4532
2004 3162 875 2033
743 1005 380 642
2829 2974 1458 1603
6920 7099 6479 6658
4678 5027 0 306
4045 4683 4788 5426
8113 8726 6465 7078
2771 4216 9042 10000
0 321 7214 8386
6370 7779 1938 3347
8912 10000 90 1222
278 511 573 806
6090 7500 3770 5180
4961 5670 7517 8226
7408 7909 2487 2988
2685 3041 1776 2132
0 386 6274 6772
738 2014 5201 6477
8669 9887 5487 6705
9191 10000 3684 4704
584 1603 5440 6459
1229 2586 1034 2391
612 1296 865 1549
6381 7130 73 822
4350 5663 7567 8880
1207 1250 1289 1332
221 831 3970 4580
755 911 9120 9276
7979 8405 6991 7417
7616 8699 1686 2769
9583 10000 3805 5250
6011 7355 4685 6029
7072 7584 4992 5504
8638 9896 8091 9349
8361 8982 9239 9860
1537 1580 1745 1788
1229 1286 3128 3185
7637 8201 7995 8559
3209 4522 2051 3364
2005 3528 257 1780
2203 2566 5117 5480
6011 7244 7071 8304
9099 9751 8924 9576
263 1172 0 895
5800 7070 9189 10000
3634 4496 4922 5784
2633 3366 6651 7384
9708 10000 1591 2089
9339 10000 8946 10000
2276 2669 4392 4785
7378 8489 5056 6167
2104 2681 8621 9198
4082 4743 8985 9646
0 571 7545 8530
1303 1572 2995 3264
789 790 4769 4770
5133 5618 6748 7233
8067 8650 1268 1851
3418 3970 5732 6284
5219 6185 6044 7010
3965 5025 4618 5678
215 1346 4350 5481
6823 7554 2824 3555
4968 5026 629 687
4002 4121 6551 6670
1541 2852 3497 4808
1821 1826 6588 6593
8780 10000 197 1540
2418 2615 1160 1357
2009 3002 5046 6039
7635 8184 7831 8380
8146 9113 6923 7890
4926 5848 9362 10000
4106 4267 7194 7355
5047 5095 2574 2622
4497 5733 172 1408
5999 6221 2128 2350
9134 9414 8462 8742
5636 5716 1669 1749
3726 5149 4932 6355
8805 8924 352 471
8198 9711 8879 10000
1700 2109 6353 6762
8394 9577 138 1321
5316 6246 0 710
128 1606 3014 4492
323 1185 1662 2524
5369 6346 7350 8327
7332 8701 7817 9186
1781 3271 8476 9966
7847 8296 5926 6375
5019 6186 2201 3368
6043 7441 787 2185
2895 4398 8680 10000
4016 4556 1066 1606
4874 5241 8658 9025
4482 5934 6365 7817
3720 5097 1783 3160
8898 10000 7956 9217
5159 5609 6020 6470
931 2119 3769 4957
6286 7098 3780 4592
7024 7800 8834 9610
7797 8585 9098 9886
7446 7778 6867 7199
1796 3188 540 1932
9566 9611 4434 4479
2346 2557 1298 1509
574 707 3025 3158
2248 3099 2686 3537
400 577 1093 1270
8776 8864 1836 1924
1320 2832 4948 6460
7506 7972 1766 2232
2424 2803 1227 1606
9513 9806 4754 5047
6205 6757 8079 8631
3614 3976 8158 8520
173 1246 5563 6636
5178 6097 6980 7899
515 913 2231 2629
1894 2785 559 1450
1259 2368 5055 6164
5297 5640 6655 6998
1875 2202 6112 6439
4891 5214 973 1296
8991 9540 2071 2620
8931 9574 3401 4044
9202 9738 4332 4868
8027 8986 9292 10000
9662 9925 1321 1584
2472 3564 2831 3923
8768 10000 5336 6728
3893 5391 1180 2678
4182 4898 2749 3465
6503 7672 930 2099
9282 9639 7300 7657
2296 3380 509 1593
6610 7657 5525 6572
1465 2885 2049 3469
2871 3788 7219 8136
5590 6452 4859 5721
1439 2812 1239 2612
4774 6188 2745 4159
8642 10000 6196 7564
2128 2665 8600 9137
2148 3161 0 682
9300 10000 3928 4633
0 398 7931 8336
2235 2647 5219 5631
2867 3931 1398 2462
2392 3449 3185 4242
5260 5799 4918 5457
636 1545 8183 9092
7428 7734 9169 9475
5106 5137 3269 3300
7625 8415 5147 5937
6080 6573 3680 4173
7224 7274 4553 4603
2101 2544 9281 9724
3648 5061 8940 10000
3234 4650 2509 3925
240 1668 3247 4675
7042 7167 1816 1941
648 2018 8418 9788
2088 3490 4960 6362
6508 7712 8080 9284
7309 7349 4388 4428
5449 5627 2872 3050
3208 4472 0 889
7355 8534 1526 2705
5741 6101 9515 9875
2114 3030 3988 4904
7522 7907 8348 8733
9223 10000 4753 5767
3774 4350 7053 7629
8260 9196 5821 6757
8977 10000 2333 3768
5945 6977 1021 2053
2691 4082 9054 10000
194 659 4303 4768
7943 9000 1737 2794
5248 5932 1285 1969
3728 5032 3685 4989
4856 5893 5596 6633
2477 3833 592 1948
487 1842 5217 6572
7850 8375 6839 7364
7053 7396 5651 5994
5288 5789 6528 7029
4721 5701 509 1489
6382 7893 3394 4905
2228 2804 6313 6889
8224 9298 4174 5248
5962 7069 5119 6226
9141 9348 2563 2770
4987 6240 7024 8277
9594 10000 3827 4271
5998 6483 2377 2862
6024 6276 9363 9615
9417 10000 3246 4381
7636 9085 1365 2814
2996 4453 4622 6079
2059 3264 1200 2405
0 639 5174 6641
2709 2845 1271 1407
1536 2745 6813 8022
5701 6754 6299 7352
8417 9705 4889 6177
5942 6288 5538 5884
4992 5445 4909 5362
1362 2773 1571 2982
8137 9419 6873 8155
9652 9775 8744 8867
0 194 9015 10000
4295 5324 7563 8592
3333 4000 1186 1853
2233 2996 5147 5910
1668 2151 0 28
0 275 6012 6663
5790 6445 7530 8185
5075 5569 9246 9740
5532 5825 2616 2909
3035 3878 952 1795
8403 8849 4347 4793
2866 3362 877 1373
2760 3182 8134 8556
797 1458 8609 9270
3430 4120 4153 4843
8763 9097 2102 2436
4097 5609 1582 3094
3625 4967 9632 10000
7227 7639 4144 4556
6151 6434 2444 2727
8399 8757 7795 8153
283 297 1826 1840
8078 8700 746 1368
190 239 5744 5793
7778 8595 3929 4746
0 1272 4309 5689
117 314 9404 9601
546 2005 0 313
6381 6714 7872 8205
2595 3677 2388 3470
7365 8892 7969 9496
2768 3341 7989 8562
4658 4726 8487 8555
4725 6225 6395 7895
8065 8616 1360 1911
4841 5522 1967 2648
3407 4171 1591 2355
3883 4058 9236 9411
2141 3088 2730 3677
4355 5494 5632 6771
3280 3542 621 883
6292 6932 7643 8283
901 2029 5602 6730
3726 4462 7816 8552
922 1980 7617 8675
3153 4305 956 2108
2475 3286 5732 6543
3931 4509 6305 6883
4405 5649 3923 5167
2021 2921 581 1481
8583 9503 3954 4874
395 502 945 1052
871 1720 1297 2146
2780 3114 590 924
0 222 1466 1721
8623 10000 2747 4210
7302 8614 6601 7913
0 187 3242 3776
773 1758 993 1978
5657 6366 5510 6219
2501 2869 6430 6798
662 1554 8457 9349
2232 2521 4119 4408
3759 4673 3982 4896
9419 9628 454 663
1304 2352 0 1033
2321 3438 482 1599
4546 4819 6265 6538
1513 1664 9123 9274
4965 5392 4430 4857
916 2028 5682 6794
5775 6201 7528 7954
2523 3949 76 1502
1084 1718 1833 2467
1180 1831 1111 1762
6806 7601 3880 4675
4609 6089 6994 8474
2838 3434 3956 4552
1514 2821 6793 8100
5093 5762 5393 6062
2554 3935 7757 9138
0 684 1076 2607
0 920 1280 2225
0 576 1373 2085
6099 7197 3824 4922
9443 9807 8241 8605
7370 8358 8043 9031
7014 7582 1824 2392
6827 7271 2832 3276
7484 7862 3143 3521
1707 1853 8073 8219
5944 6468 1890 2414
5404 6041 8702 9339
2401 2733 4298 4630
8332 9861 9570 10000
385 908 585 1108
4410 4836 5915 6341
3683 3970 1259 1546
5746 4709
1105 9425
4428 6482
5879 5201
354 8642
5230 2492
9720 8278
2464 9452
1476 1370
3511 4783
2996 2509
454 2827
8241 3547
7051 8109
909 6820
9949 9887
4898 4670
3261 5947
3500 48
6442 1231
3171 9519
3678 5058
685 6730
734 5613
500 85
5025 6867
4351 7128
9171 1527
7588 5198
2024 2713
7519 7687
1152 8660
2783 7142
8668 4824
5468 5566
6294 2972
1569 8714
206 6240
5619 5509
521 3215
1524 2097
6260 4855
3619 9162
9793 8273
8700 7103
5747 7024
1786 4122
4865 69
440 3973
2753 9263
8780 3575
276 5480
8916 8838
2675 4182
9816 6469
4742 3145
7177 5087
2755 5438
8333 4796
6597 547
9145 8827
3041 3748
8228 2428
9359 7811
3089 8302
9387 5852
5040 5411
7373 4630
8120 9796
3696 7206
9404 9171
4584 9491
667 7474
1933 6009
4701 2825
6631 8969
4078 7741
1113 1157
5313 1285
1864 2157
8720 2213
5294 4016
3596 6286
4524 3204
7322 6660
4309 5938
3535 6981
2119 5408
1824 3244
8528 3873
5149 9304
4429 50
4026 7755
5204 9328
5165 5428
1282 4487
6786 168
8196 5288
1659 9606
4013 2229
1599 7228
2727 3968
9294 5166
4588 6239
3832 5634
4052 1560
2119 8803
9909 6647
2354 203
1200 7927
7793 7113
8219 3193
8542 3544
1779 8314
5726 3666
2471 4674
5003 2962
4944 6954
6707 1507
5334 5627
9521 7298
7315 2537
2200 2236
7723 2584
8500 4011
1553 6718
2438 3371
1231 1245
3972 8199
4284 9526
3058 1245
9585 5428
8439 2614
6989 9631
4549 2688
4067 474
5437 1857
3514 1317
7496 4917
9132 8870
7696 6446
7158 6776
2667 7590
2525 9522
5197 809
7413 1427
6928 4739
7488 2396
5743 9180
5272 7766
9411 6852
6573 7543
1343 630
7433 1986
6101 9824
1449 4987
9857 3827
7908 3936
8199 7808
2331 4301
591 3997
2059 9243
9779 14
7581 7194
712 7815
4059 4958
1424 8657
5519 4015
5732 9905
8091 6739
9857 3237
9478 349
8588 6878
2798 3896
7085 7752
7475 3487
6161 944
6395 5629
5558 3000
2153 2645
320 4629
9004 3577
7521 7573
8130 3198
6772 6051
9145 1036
4207 5591
6312 6951
1221 7607
8996 3554
6021 97
3031 5600
2255 1565
6994 2396
1338 4885
1134 2122
1993 4139
7621 8144
6257 5192
6438 4503
3502 1417
4177 6763
4452 5700
9326 1675
9936 4137
108 3801
3173 1943
8705 9460
5011 6749
542 7796
225 88
7651 2537
4529 8114
2394 8464
8679 4652
2178 5289
9908 9494
6859 5073
9863 4628
9489 5355
6889 5013
9787 7809
1853 3028
5330 7444
1448 4317
3128 5046
415 1781
7582 689
9477 2967
5370 5582
8530 4788
8022 3876
8810 6505
4435 7138
6873 5172
4097 8661
9018 4684
7947 792
6045 7978
7282 5464
6084 4396
5236 8735
8320 9434
8638 7903
1213 275
1864 2668
9730 6217
7812 6124
322 765
14 8661
1461 6427
3215 1203
68 7072
2813 4603
2868 4449
2727 884
5864 5857
4346 9417
1369 8944
3953 8571
977 3999
2754 9982
557 1386
6449 5510
209 1139
5702 8319
7737 5427
6783 8381
9180 685
8958 3542
6664 5573
3891 2774
2363 4376
8269 5867
4545 924
8484 382
7765 9821
6671 8294
7166 1527
3156 543
1787 3483
2153 6956
4435 1388
168 9758
2311 9025
5794 926
3082 5061
1222 7265
3033 5381
3075 323
5243 8409
9765 7682
853 5215
5354 4224
2191 8117
406 8850
7293 9482
7732 9646
9554 9608
5985 2673
5033 5841
9439 9827
8223 8153
7663 5626
2490 5189
4161 7336
4287 7691
5169 1406
1870 1632
5686 4794
655 6355
7650 6465
475 5461
7837 3704
1125 6525
292 5678
8975 5299
959 6824
7656 9129
4055 6126
2648 4951
6669 7448
3185 1032
4581 9365
9901 3527
1726 8826
9429 6233
9884 9914
9042 4147
9889 3484
2803 8491
1072 9589
1143 1654
9000 1066
2359 782
2005 9908
3409 6781
2812 3060
5656 4568
4884 2672
3887 9168
4034 6103
3417 5407
9006 5820
6251 388
43 5842
3012 1827
546 4238
2274 3708
6501 9432
8764 4376
463 1189
9118 2599
6789 2167
1311 5035
9492 2360
9910 7876
8337 1821
7744 7912
3554 620
7856 6847
32 738
2825 1556
3601 6580
9333 6905
2060 4817
1769 7031
7017 8047
1286 8028
6416 6531
1034 9519
6522 1988
4896 4720
3620 4069
4274 5602
43 4924
8577 2172
1504 3696
3513 3772
3053 5165
7450 4157
5949 5236
282 6879
7502 627
4715 9357
2463 3804
4350 4982
9415 7186
1690 8681
3436 373
2882 9204
3897 7230
4201 6494
1775 845
4484 5626
5398 3347
9733 917
2666 8397
3068 9456
8394 4079
4670 1672
689 1908
9825 2681
5098 721
5283 7107
6896 5875
6126 5617
828 7476
9140 5813
2807 3313
4808 6841
8716 1314
3730 7851
6458 7251
7792 3458
4618 1065
8912 5505
8749 9150
8558 1889
2163 3567
1236 7682
3242 6702
8345 2915
6705 623
3298 1194
7771 7775
6915 8431
1504 6542
2914 952
8620 7676
7416 3160
3949 4984
1612 3680
3961 4285
8298 388
3464 7244
7368 4767
205 7871
2232 2206
1328 1567
8134 5070
357 4386
1375 402
2148 2667
516 2027
4201 4272
4045 3853
5815 9824
2579 8084
6247 5737
2397 4158
756 6974
7272 4775
2761 9537
6734 5341
795 6497
6698 248
4675 629
2997 3160
591 3772
5409 7680
9303 2992
9183 1800
7606 6131
6976 3302
8129 9935
4793 607
9713 4392
1391 9368
9049 4192
2388 7186
9515 642
3844 3615
5334 1927
2415 6422
7972 8208
3632 2354
8235 6642
6466 6287
2623 126
6798 5500
4048 2376
1185 4953
3247 4249
3800 6959
6133 3817
5839 4497
5705 3609
2555 1349
752 501
2852 1463
6937 6543
4996 243
4098 4884
8421 6869
2800 9433
4 8098
7619 2613
9818 433
470 584
7087 4097
5298 7816
7755 2867
2793 1887
284 6403
1952 6074
9675 5804
9485 4596
1345 5761
1999 1549
1165 1448
6611 570
5072 8754
1247 1304
514 4104
841 9238
8111 7276
8498 2382
9866 5158
6375 5422
7330 5165
9179 8125
8799 9568
1566 1776
1279 3164
8021 8097
4014 3358
3385 907
2303 5121
6088 7367
9734 9512
621 132
6164 9278
3792 5625
3321 6728
9984 2061
9904 9204
2429 4402
7604 5284
2313 8644
4632 9493
0 7754
1514 3230
789 4769
5230 6756
8390 1768
3907 6024
5955 6166
4559 5136
367 5317
7437 2904
5018 657
4050 6612
2123 4431
1823 6589
9430 1291
2510 1217
2260 5668
7717 8048
8386 6934
4943 9689
4188 7308
5085 2586
4802 617
6125 2221
9271 8640
5699 1689
4362 5493
8895 373
9038 9831
1971 6638
9117 1247
5370 338
1114 3962
340 2186
6264 8304
7539 8707
2093 9344
7984 6247
5596 2233
6607 1976
3449 9864
4274 1486
5031 8704
4834 6544
4029 3070
9575 8379
5374 6136
1195 3898
6525 3874
7295 9321
8423 9692
7542 6905
2001 1833
9608 4477
2391 1435
696 3037
2524 2939
519 1205
8851 1883
2581 5738
7582 2082
2469 1580
9599 4825
6251 8599
3688 8392
292 6439
6025 7882
643 2258
2212 1195
2113 5151
5571 6962
2196 6154
5004 1274
9191 2553
9177 3632
9693 4550
8311 9827
9897 1552
2509 3504
8786 5694
5280 1439
4441 3188
7529 1949
9548 7652
2999 737
6892 6475
2254 2665
3184 7605
6126 5085
2803 2430
6159 3913
9060 6471
2154 9064
2963 151
9490 4172
276 8160
2583 5317
3064 1400
2396 3442
5614 5346
815 8610
7542 9463
5126 3279
8016 5866
6355 3893
7258 4555
2469 9479
4220 9709
4059 3059
479 4592
7165 1910
997 8664
2692 6231
7226 8176
7346 4412
5498 2898
4204 406
8311 1989
5770 9717
2702 4607
7548 8686
9316 5407
4055 7231
8815 6004
9382 3432
5949 1394
3381 9128
390 4564
8012 2779
5597 1288
4101 3715
5061 5871
3567 1262
1829 6135
8174 7243
7298 5842
5354 6592
4956 551
7655 4571
2545 6682
8476 5146
6345 5587
9237 2699
6020 7082
9601 4231
6028 2562
6074 9503
9903 4001
7811 2307
3362 4967
2981 1720
46 5250
2801 1363
2475 7929
6109 6486
8993 5793
6283 5573
5269 5162
2546 1929
8836 7604
9678 8856
114 9556
4419 8246
3390 1452
2926 5208
2150 2
40 6254
6192 8062
5504 9432
5616 2863
3844 1279
8750 4601
3253 946
2825 8238
1403 9186
4078 4442
8835 2243
4706 1845
3964 9771
7504 4511
6339 2617
8582 7912
288 1837
8385 764
221 5753
8592 4107
611 5317
128 9519
1043 194
6537 8073
2745 2636
8138 8957
3038 8028
4715 8507
4998 6718
8128 1558
4901 2040
4116 2283
3901 9331
2979 3356
4665 5672
3515 696
6838 8066
1562 6168
4006 8306
1807 7936
3878 1929
2920 6020
3975 6675
4863 4105
2391 1165
8814 3971
493 997
1519 1449
2888 595
188 1534
9848 3655
7701 7215
123 3552
1126 1104
6269 5749
2501 6592
814 8726
2274 4352
3770 4273
9552 480
1384 758
3176 1206
4811 6314
1619 9169
5204 4647
1329 5956
6029 7921
2769 924
1202 2207
1246 1269
7103 4169
5226 8144
3392 4386
2108 7158
5482 5713
3489 8053
366 1157
45 1357
495 1872
6480 3907
9767 8530
7854 8202
7355 1889
6909 3216
7769 3339
1825 8162
6250 2336
5981 8874
2418 4431
8961 9584
430 1076
4453 5919
3708 1450
