800 82 400 9 2027
3 7 4 12 25 17 5 7 28 5 16 4 5 2 34 10 1 39 3 18 2 4 1 22 10 19 4 5 2 6 6 2 34 18 5 11 4 12 7 8 2 7 1 11 2 2 23 1 4 21 17 10 23 6 6 2 3 1 13 15 4 5 13 28 5 11 5 26 7 8 3 1 2 7 8 7 6 5 18 8 18 8
0 1613 6889 8712
2822 4039 5199 6416
8179 8623 5205 5649
723 2630 196 2103
5770 6033 8402 8665
5677 5793 3026 3142
6558 8363 1846 3651
8507 8918 9723 10000
3417 5194 1538 3315
7694 8285 3352 3943
6984 8127 5178 6321
6321 7161 7583 8423
6433 8132 7873 9572
9246 9639 7923 8316
7959 8880 292 1213
484 2195 6190 7901
223 461 7849 8087
4651 5535 7466 8350
7309 9193 5799 7683
9241 10000 9066 9980
3727 5160 4266 5699
5303 6269 1209 2175
5749 6696 4285 5232
3834 5083 6569 7818
9814 10000 4656 6086
4764 5472 2856 3564
5505 7463 2833 4791
2039 2210 6887 7058
23 1675 9007 10000
5994 6120 8580 8706
0 99 661 2597
8421 9863 2822 4264
517 1462 2233 3178
6753 7916 6785 7948
4473 5700 5182 6409
7596 8852 7469 8725
4325 6348 1463 3486
9214 10000 7789 9327
600 1899 1208 2507
5855 6366 5990 6501
4283 6239 0 1538
0 1491 3607 5596
3661 5203 5003 6545
1464 1676 293 505
6366 7849 1498 2981
5891 7531 6662 8302
1906 3879 4505 6478
8187 9183 4709 5705
4193 5771 0 989
4403 5841 4573 6011
0 161 4750 4930
6141 7328 2097 3284
7012 7396 5402 5786
32 1853 7645 9466
2725 4695 3509 5479
2468 3710 4181 5423
4746 4886 6376 6516
5227 5521 6981 7275
320 1730 950 2360
6442 7804 267 1629
1030 2114 4509 5593
3031 3977 1812 2758
3089 4680 8250 9841
9346 9773 4185 4612
5049 6407 390 1748
2825 3386 3909 4470
8822 10000 893 2458
5170 5998 7439 8267
1490 2091 6986 7587
0 766 2680 3607
5882 7699 3949 5766
1508 2017 7205 7714
2889 3511 2629 3251
7322 7572 6230 6480
5813 7085 6252 7524
7262 7559 6354 6651
2784 4189 7095 8500
1094 2337 329 1572
2086 4011 1213 3138
6794 6930 6110 6246
3182 3569 4271 4658
38 423 3049 3434
9685 10000 5513 5854
5183 7078 4701 6596
9059 9190 6734 6865
1468 3319 3034 4885
8159 10000 0 1911
3769 4673 3267 4171
4629 5673 362 1406
474 1052 3702 4280
1248 1560 5306 5618
5507 7509 2088 4090
7108 8043 6154 7089
6360 7897 1229 2766
4397 4909 7336 7848
159 1449 0 1080
4989 5542 0 361
7910 7913 5108 5111
3816 4805 461 1450
18 1797 5397 7176
6488 7187 5924 6623
440 1912 5942 7414
3424 3822 3417 3815
7785 8627 1349 2191
3379 3903 7940 8464
3929 4682 6694 7447
9404 10000 1104 2491
1985 2914 3131 4060
9634 10000 6025 7583
4135 4811 0 644
4678 6091 1837 3250
2414 3402 4717 5705
0 582 0 1307
0 825 7151 8895
8942 10000 6963 8376
8330 10000 3635 5514
3337 3937 8597 9197
3637 4935 6594 7892
6188 6491 6282 6585
4723 5400 1194 1871
8313 8616 7552 7855
1735 2944 5040 6249
4778 6770 2211 4203
4561 5216 28 683
1550 1667 9308 9425
6603 7666 574 1637
7808 8055 9185 9432
4054 5642 583 2171
2645 3032 1538 1925
0 441 3605 4788
9528 10000 797 1649
7733 8429 6163 6859
6074 7427 7652 9005
4066 4413 4067 4414
4795 5064 4836 5105
8311 9327 235 1251
7462 9210 1534 3282
6214 7704 5052 6542
6543 7632 0 694
6091 6314 6210 6433
9367 10000 2115 3779
5377 5796 4394 4813
3791 4579 7879 8667
3395 4743 0 1211
7583 8236 7504 8157
0 610 2825 3894
672 2651 3316 5295
9138 10000 3723 4585
6815 7219 877 1281
6746 7188 6436 6878
7455 8267 3446 4258
4100 4112 110 122
1250 2965 7589 9304
9051 10000 7081 8091
5618 6140 7906 8428
0 1825 8565 10000
4 2021 4682 6699
3198 3578 4613 4993
8457 8590 5966 6099
7369 9106 8055 9792
9686 10000 4173 5629
4650 5801 2129 3280
1347 2444 1048 2145
0 299 9416 10000
127 1551 5572 6996
8953 10000 2882 3944
0 1046 7467 8795
8879 10000 8221 9530
5091 5988 4073 4970
3160 3539 772 1151
9330 10000 5708 6741
7916 8421 5169 5674
2760 3751 5179 6170
6638 6733 8055 8150
1083 2286 9390 10000
7245 8483 2881 4119
4215 4280 2793 2858
3620 4529 9452 10000
743 1149 2860 3266
607 961 6351 6705
5514 6222 3616 4324
2455 4091 7962 9598
2002 2284 3974 4256
7066 8844 6769 8547
8218 8355 5730 5867
7845 8166 5182 5503
3568 3997 4113 4542
0 358 3859 4771
8211 9524 0 953
3711 4595 4132 5016
5730 6848 6706 7824
5859 7350 1954 3445
4235 5546 859 2170
5905 7802 2848 4745
196 1400 3325 4529
378 1163 1125 1910
7041 8478 7020 8457
9173 9428 4737 4992
3648 3899 5148 5399
3202 3269 1029 1096
4753 5988 1003 2238
6123 6195 3461 3533
0 985 6158 7184
2543 2631 2176 2264
1046 1378 3207 3539
5610 7539 1261 3190
6226 7468 2620 3862
6805 8528 744 2467
7926 8668 908 1650
1028 2527 7071 8570
2811 4430 1011 2630
5216 6182 8062 9028
9972 10000 1585 1690
4462 4889 7314 7741
3363 4797 3899 5333
2104 2388 2804 3088
2211 3457 7176 8422
2710 2797 8115 8202
9016 9806 4896 5686
7453 8018 199 764
7877 8087 2531 2741
2665 3724 876 1935
8182 9879 0 1502
0 510 2560 4001
465 1029 3963 4527
0 679 4061 5502
9519 9869 4732 5082
4104 5016 2052 2964
1120 1838 7046 7764
4749 6365 5545 7161
6728 7040 8828 9140
2819 3191 6127 6499
8591 10000 2682 4662
6828 6837 67 76
1219 2345 0 585
6538 7552 3040 4054
5504 7141 8612 10000
2569 3135 8265 8831
9169 9370 9680 9881
335 804 546 1015
4957 6666 7255 8964
2893 4327 1748 3182
8473 8712 7685 7924
6219 7066 2624 3471
3918 5039 0 558
0 573 9337 10000
7567 7580 9255 9268
4817 6828 6947 8958
7323 8612 2068 3357
3030 4183 4249 5402
5131 5778 9690 10000
0 269 6401 7122
451 1071 8380 9000
2298 3177 3151 4030
1360 2968 6994 8602
6160 6323 3318 3481
6188 7576 4887 6275
5901 7366 1818 3283
8354 9207 9038 9891
859 1971 9132 10000
4798 6290 3944 5436
2940 3460 6108 6628
1574 1741 7782 7949
2572 2579 3367 3374
6725 7158 7411 7844
7078 7667 5794 6383
351 964 5429 6042
3596 5569 4892 6865
4889 6009 611 1731
1553 2491 1292 2230
2859 3581 2336 3058
7341 9156 1585 3400
567 1407 5567 6407
3475 4010 7593 8128
5184 6331 3905 5052
580 1393 5315 6128
9266 10000 2451 3467
636 1301 8118 8783
915 1635 325 1045
3452 5019 6263 7830
3758 5480 759 2481
1826 2502 9952 10000
4378 6190 5443 7255
6043 7902 1776 3635
8863 9732 4361 5230
2732 4700 1088 3056
8041 9883 998 2840
2370 3778 7505 8913
6266 6982 2135 2851
3347 5197 3869 5719
6360 7565 5290 6495
8520 9748 1190 2418
6127 6868 8988 9729
4386 6213 4931 6758
7049 9029 7915 9895
398 830 7239 7671
3892 4026 795 929
8609 10000 5112 6526
8714 9755 8508 9549
609 2620 9596 10000
9749 10000 2850 3301
1235 3222 3331 5318
8733 9312 4824 5403
7953 8172 1761 1980
8769 9396 1853 2480
5293 6722 0 1033
4187 5453 878 2144
6967 8155 8560 9748
0 1089 6872 8674
4257 5154 7278 8175
5249 7156 280 2187
7286 9159 64 1937
0 481 6753 7467
6197 7129 2879 3811
26 792 4494 5260
4728 5764 1197 2233
1243 2221 8499 9477
7835 9316 3274 4755
4852 6475 6986 8609
863 2170 2382 3689
3532 5207 6628 8303
2309 3671 7093 8455
3760 5466 7769 9475
3031 3137 7803 7909
7541 7919 8265 8643
8269 8820 397 948
2183 2300 9103 9220
597 2241 5878 7522
2330 3608 2985 4263
8526 9942 8814 10000
7947 8651 4322 5026
6665 8516 6832 8683
959 1920 7812 8773
1401 2757 221 1577
5000 6941 3934 5875
794 1257 1 464
906 1837 2619 3550
5980 6455 3166 3641
0 914 6045 7337
5425 6505 491 1571
8574 9160 2283 2869
3373 3957 7722 8306
8397 9727 6072 7402
5576 7292 3177 4893
8079 8187 3940 4048
1239 2883 8624 10000
0 1139 4309 6003
8069 8115 4904 4950
0 1394 8448 10000
5111 7094 1975 3958
2922 3111 3227 3416
6401 7001 7372 7972
8742 9302 286 846
3577 4042 8314 8779
3486 4310 8612 9436
1155 3002 8255 10000
1752 1845 3762 3855
2721 4195 0 556
7767 9309 4486 6028
1267 2772 9258 10000
72 2061 2907 4896
2580 3012 7421 7853
5787 6730 1187 2130
3589 4410 6024 6845
0 1368 3424 4814
7608 7838 5523 5753
8016 8802 6556 7342
6139 7451 2546 3858
8546 9306 5971 6731
4945 6479 959 2493
395 529 9692 9826
9091 9608 3464 3981
4340 6161 3824 5645
0 578 9227 10000
1713 3635 7956 9878
7645 8685 1448 2488
4505 4828 4657 4980
256 1099 6723 7566
4366 5120 4482 5236
1019 1348 4995 5324
3644 3784 562 702
7121 8009 1010 1898
655 1787 8937 10000
8824 10000 4536 6232
3315 5018 7048 8751
9603 9855 9012 9264
4120 6030 4083 5993
1131 2090 8613 9572
3024 3490 5369 5835
3914 4461 6160 6707
4198 5524 8339 9665
6874 6984 2371 2481
4672 4952 371 651
4722 5850 6258 7386
2669 3561 5037 5929
7414 8378 4300 5264
1217 2867 3805 5455
3547 5409 7695 9557
5836 7741 5608 7513
0 200 823 1767
5015 6300 8802 10000
165 368 1990 2193
6883 7162 8191 8470
74 274 326 526
3094 3172 1784 1862
7349 8973 338 1962
154 1997 6695 8538
5746 6817 1585 2656
7399 8260 4484 5345
8142 10000 3986 5868
777 1254 3613 4090
9339 10000 3887 5291
779 1813 4736 5770
474 2253 7874 9653
2824 3878 5729 6783
3118 4409 320 1611
7398 7535 6257 6394
7639 7890 1999 2250
8408 9491 8831 9914
1878 2850 6932 7904
7255 8490 1808 3043
5573 5992 2170 2589
5634 6163 1961 2490
4970 6333 8817 10000
6557 7101 5153 5697
6141 6440 761 1060
6833 7466 3083 3716
93 261 4199 4367
5437 7363 0 931
8909 9153 8739 8983
7227 8228 4610 5611
2574 3897 3817 5140
4608 5103 6267 6762
2965 4838 3389 5262
5318 5783 208 673
4509 4572 948 1011
7138 8913 8342 10000
6366 6521 7552 7707
6448 7451 3944 4947
5313 5685 849 1221
6529 7222 1669 2362
1145 1433 1754 2042
9868 9931 7258 7321
1222 2345 8955 10000
1331 1493 7466 7628
702 2576 487 2361
1565 1915 9295 9645
0 978 3048 4161
3309 4801 2124 3616
5058 6198 6890 8030
124 585 1709 2170
6653 6714 6508 6569
3309 4966 2234 3891
1453 2145 1249 1941
3501 4362 8595 9456
1696 3471 6939 8714
677 2172 6776 8271
3518 4023 6180 6685
4393 5986 0 1549
1600 1929 4067 4396
6292 8093 229 2030
9097 10000 9358 10000
3745 5733 3247 5235
1172 1405 327 560
7004 7148 9416 9560
3959 4218 5787 6046
0 1078 1758 3676
2752 4117 2441 3806
8633 9492 8293 9152
3218 5034 5582 7398
3537 5110 6107 7680
768 1524 3147 3903
4333 6029 0 1099
0 76 6477 6833
1232 2597 869 2234
1606 2849 948 2191
978 2573 6663 8258
8866 10000 3443 5085
3690 4808 8429 9547
6568 8471 7783 9686
7411 8323 1706 2618
9037 9970 331 1264
0 635 0 988
4306 6333 8084 10000
4643 5525 6722 7604
9749 10000 2778 3384
1542 1978 5417 5853
4950 6374 3018 4442
3223 5122 542 2441
1746 2086 360 700
3161 3688 1727 2254
8665 9824 2707 3866
6178 7953 4977 6752
9551 9757 3735 3941
812 2500 1321 3009
5247 6617 6859 8229
0 262 4249 5586
875 1257 6120 6502
7662 9521 741 2600
5218 6658 982 2422
27 282 9834 10000
853 1376 3290 3813
1260 2657 537 1934
2331 3235 7855 8759
8890 9803 9082 9995
8429 9566 2299 3436
6246 7724 7448 8926
3991 4589 9063 9661
7997 9398 1305 2706
8346 9501 3450 4605
0 1514 1084 2702
5352 6540 6145 7333
7163 8410 3198 4445
5732 5881 8237 8386
6354 7601 1278 2525
3313 3859 6216 6762
1188 2737 1727 3276
8527 9176 1314 1963
7905 8907 2846 3848
8364 8668 3624 3928
8552 9738 4167 5353
9486 10000 571 1134
1004 2549 9788 10000
690 1669 5402 6381
7273 7369 3411 3507
2716 3337 1488 2109
8010 9254 4765 6009
7316 8850 3983 5517
1748 1957 3871 4080
1076 2035 6593 7552
0 349 9325 9774
5700 7429 13 1742
4043 5341 7593 8891
1758 3702 3766 5710
1003 1291 3084 3372
36 989 6143 7096
4366 5718 2734 4086
4794 5934 4394 5534
3980 5166 1447 2633
6 1463 6526 7983
2731 3477 8573 9319
9270 10000 0 543
3276 3491 845 1060
618 2199 0 543
3483 5446 6997 8960
9465 9514 3672 3721
1088 2873 4250 6035
4089 4219 3211 3341
2747 3216 7842 8311
0 1012 2151 3563
3060 3855 9241 10000
4332 5272 8955 9895
7860 8387 4727 5254
6128 7883 3321 5076
4281 4891 8498 9108
2286 3300 7689 8703
7981 8005 6355 6379
3596 4707 6929 8040
99 879 6620 7400
7078 7908 4451 5281
5847 6159 4196 4508
7211 7694 3062 3545
3500 4170 6028 6698
8013 9181 2791 3959
5131 6405 1818 3092
6023 7686 6040 7703
3943 5922 559 2538
3369 4402 8737 9770
3367 4779 3768 5180
3241 4099 3354 4212
1645 1758 2845 2958
6512 8074 5146 6708
6855 7626 6718 7489
6785 6885 2775 2875
5749 7339 3335 4925
8649 10000 8201 9683
8112 8426 7770 8084
2359 3700 4070 5411
1879 2950 4370 5441
6661 7924 4846 6109
2938 4945 688 2695
8867 9373 8370 8876
6936 7968 5000 6032
7589 8701 2540 3652
5182 6897 0 1232
3065 4158 4962 6055
5585 6748 6282 7445
1341 2869 4027 5555
1112 1780 6590 7258
5124 5495 1384 1755
6414 6480 3567 3633
604 2606 5619 7621
6552 8071 6810 8329
0 542 1689 3094
8032 8248 9711 9927
4021 4900 1072 1951
0 501 4674 6241
1196 1702 8616 9122
8866 10000 2260 4255
4629 4692 6422 6485
5907 7807 5990 7890
5828 7251 1556 2979
3502 4576 7617 8691
832 1088 4383 4639
1869 3471 385 1987
325 1868 0 1170
3602 5162 4748 6308
2569 4155 9611 10000
3466 5142 6835 8511
7810 9521 5378 7089
49 212 9538 9701
5906 6238 8896 9228
7223 8319 4190 5286
6780 7114 4925 5259
3182 4311 8138 9267
459 1190 3137 3868
7057 7243 4917 5103
5090 6815 1191 2916
4046 4604 1146 1704
8979 10000 7228 8546
217 1691 0 803
8317 8853 8017 8553
8759 9369 8677 9287
1241 2953 6608 8320
2779 4066 606 1893
2641 4033 3226 4618
9008 9014 5455 5461
7496 7584 1397 1485
6850 7955 9544 10000
4954 6566 839 2451
8538 9163 7289 7914
3058 3440 7772 8154
6836 7663 8395 9222
1681 3003 7732 9054
6669 7329 4133 4793
1097 1232 2264 2399
3304 4668 4946 6310
4615 4777 5200 5362
5047 6046 3241 4240
8922 9954 3104 4136
6477 8073 5072 6668
939 1199 6274 6534
8252 9930 407 2085
9099 9839 6309 7049
8236 8349 1965 2078
1963 3542 9244 10000
344 670 3535 3861
67 194 7057 7184
647 914 329 596
4891 5124 8336 8569
0 1301 1257 2601
5561 6525 4609 5573
405 824 2111 2530
3432 4538 0 356
7615 9096 0 1376
7489 7930 4419 4860
8490 9964 3450 4924
7003 8113 5820 6930
3718 3979 5141 5402
844 2041 7923 9120
1001 1479 6408 6886
5818 6565 380 1127
2250 3273 3047 4070
4692 5387 1289 1984
6757 8344 4653 6240
8544 8863 1711 2030
2685 3965 7498 8778
3085 4133 2954 4002
2800 3470 2996 3666
8049 9250 6275 7476
833 1809 7618 8594
0 1085 6529 8292
2906 3996 8202 9292
1416 1951 7010 7545
0 1090 5373 7107
0 874 8941 10000
3037 3040 3307 3310
8753 9149 6797 7193
1197 1751 4809 5363
3551 4433 2462 3344
5553 6074 6692 7213
7449 8114 8711 9376
3278 4817 15 1554
4510 6534 4288 6312
6793 8565 1028 2800
7465 8432 5273 6240
2977 4331 8964 10000
6097 7225 2818 3946
1484 3039 441 1996
6656 7569 8149 9062
4234 5196 688 1650
1727 2433 2565 3271
3622 4227 4680 5285
5942 7221 4503 5782
6475 7706 3420 4651
5645 5937 5332 5624
2392 2714 7533 7855
8329 9001 3488 4160
0 1358 8873 10000
6728 8683 8293 10000
7568 8254 8839 9525
3091 4628 3100 4637
5073 6890 0 1764
6648 7752 1541 2645
0 1260 7184 8543
5670 7279 3339 4948
5808 7288 9104 10000
5793 7467 8327 10000
2777 4317 789 2329
2766 3213 2080 2527
8156 10000 6820 8836
3543 3693 142 292
0 1122 8441 9854
7031 8012 5807 6788
9424 9779 8949 9304
9790 10000 565 1211
3322 4604 1858 3140
7736 8193 4328 4785
8444 10000 7612 9177
2948 3673 1335 2060
0 1151 7144 8638
3454 3632 6504 6682
6187 8071 7761 9645
2425 3181 1345 2101
5210 5566 4833 5189
5201 6273 5561 6633
6502 6893 7944 8335
2108 2284 6598 6774
3564 5374 1877 3687
0 831 4126 5119
3160 4650 5714 7204
3075 4803 5950 7678
7644 7785 9953 10000
2315 3992 5172 6849
2598 4055 1821 3278
5175 6691 2797 4313
2951 3716 4113 4878
8108 9480 6891 8263
5610 6988 7463 8841
0 1285 4492 6138
4972 5144 9831 10000
4393 6089 3482 5178
2278 4289 2927 4938
4242 5908 0 1087
3549 4588 8703 9742
193 858 631 1296
8046 9584 3722 5260
465 2273 3721 5529
2876 4204 2500 3828
6494 8092 878 2476
9659 9924 1204 1469
1513 3088 6972 8547
6618 8152 182 1716
4231 5061 989 1819
1979 2298 1922 2241
5670 7457 5568 7355
7706 9058 6462 7814
8407 9230 7921 8744
7809 8468 4004 4663
1087 2158 1534 2605
8272 9320 406 1454
7522 9468 9620 10000
8331 9556 7580 8805
649 2527 2399 4277
1716 2999 3992 5275
8593 9989 637 2033
4921 6782 909 2770
4843 5861 3517 4535
6988 7402 5332 5746
6339 6558 1256 1475
2149 2482 788 1121
8259 8517 7168 7426
5257 7053 948 2744
8385 9416 201 1232
4342 4816 6605 7079
3777 5088 8052 9363
3875 4434 9170 9729
607 1512 3009 3914
2764 3716 2703 3655
2864 4636 182 1954
1053 2375 2371 3693
8347 10000 5715 7451
4015 5938 0 1891
5247 6386 2506 3645
5204 6132 107 1035
4842 5772 4653 5583
8568 9855 5873 7160
642 2264 8389 10000
6929 7014 2243 2328
514 591 9263 9340
3545 3992 3139 3586
0 1541 6673 8424
8411 8898 2153 2640
2718 4104 2557 3943
7740 9429 4007 5696
3999 5074 7289 8364
390 1805 4426 5841
6017 7144 3997 5124
5200 6321 1721 2842
6719 8714 8019 10000
994 7863
3211 5800
8435 5239
1978 908
5787 8661
5699 3079
7125 3218
8548 9839
3887 3148
8037 3563
7151 6238
6344 7958
6438 9017
9446 8097
8875 596
2065 6201
343 7978
4657 7881
7897 7286
9501 9769
4608 4501
5566 2055
5965 4482
4093 6767
9843 6072
5134 3082
6439 4609
2100 6973
1314 9072
6032 8586
74 1553
9007 4235
1243 2787
7734 7445
5267 5865
8176 7908
6068 2895
9933 8624
1210 2348
6319 6076
5743 442
827 5232
4042 6007
1631 409
7765 2488
6500 7075
2114 5871
8966 5645
5047 56
5615 5560
129 4752
6915 3229
7172 5475
223 8501
4024 4329
2730 4606
4772 6409
5329 7213
523 1308
7481 1076
1791 5108
3352 2706
3751 9350
9453 4413
5834 566
3200 3969
8887 991
5633 7831
1993 7169
333 2750
6655 4815
1631 7490
3365 2828
7519 6423
7050 7464
7515 6629
3314 8087
1738 872
3141 1532
6926 6187
3516 4302
403 3140
9947 5607
5248 6590
9102 6829
2095 4613
9672 171
4435 3474
5191 470
873 3973
1435 5593
7092 3538
7436 6826
7106 2032
4573 7727
594 230
4999 80
7911 5110
4302 1103
312 5784
6749 6269
1352 6938
3557 3524
8512 1491
3867 7978
4102 7282
9976 1640
2078 3965
9802 7497
4302 373
5012 1838
3047 4950
10 61
276 8884
9071 7918
8509 4232
3360 8967
3724 7077
6383 6562
4752 1753
8401 7727
2729 5564
4816 2771
4846 552
1627 9378
7045 579
8042 9199
5520 1920
3030 1762
437 3978
9974 1134
7998 6669
6587 8893
4188 4100
5024 5042
8630 696
8444 2373
7588 5360
7330 135
6199 6352
9378 3195
5431 4678
3811 8257
3850 202
7697 7934
326 3609
1540 4510
9752 4006
6822 942
7184 6786
7741 3573
4104 120
1700 8558
9334 7944
5701 8385
468 8702
127 5503
3209 4905
8561 6075
8152 8313
9992 4893
5688 2282
1988 1093
140 9561
502 5627
9004 3891
604 8124
9023 8711
5843 4672
3425 774
9341 5953
8238 5197
2995 5981
6714 8116
1277 9912
8440 3414
4273 2802
3936 9517
879 2894
726 6603
5674 4211
2644 8565
2091 4010
8597 7555
8322 5832
8082 5482
3909 4539
250 4670
9421 865
4199 4974
6448 7637
6604 2341
5469 1782
7613 2863
1002 3609
642 1296
7866 7812
9292 4876
3702 5248
3206 1084
4822 1803
6131 3473
905 6253
2582 2220
1335 3299
5751 2510
7452 3638
8250 1858
8643 1252
1855 8510
4063 2049
5277 8195
9972 1663
4520 7351
4778 4481
2337 3088
3219 8305
2711 8125
9767 5400
7791 213
8073 2532
2724 1268
8440 1174
284 3182
773 4041
312 4962
9547 4936
4278 2213
1763 7075
5822 6596
6903 9025
2931 6221
9544 3013
6832 69
2201 187
7454 3962
6411 8895
2964 8481
9289 9780
350 914
6187 8910
3896 2344
8511 7892
6602 3086
4303 438
14 9630
7576 9257
5400 7890
7788 2511
4002 5360
5518 9792
247 6996
923 8901
3016 3952
2285 8004
6261 3385
7048 5684
7334 2374
8417 9314
974 9796
6206 4010
3309 6601
1649 7901
2575 3370
7096 7682
7372 6221
351 5492
3698 5173
5392 726
1620 2187
3563 2615
8643 2006
1015 6039
3864 7887
5600 4905
1290 6090
9495 2691
918 8195
1327 383
3873 7232
5346 1476
1970 9978
4464 6705
6604 2273
9615 4555
2744 1422
9544 2566
3087 7925
6306 2529
5067 4740
7307 6420
9473 2361
6292 9509
6076 6698
8470 8043
745 7335
4005 907
9492 5964
9693 9446
1263 10000
9859 2876
2226 4410
9068 5009
7959 1808
9303 1909
5339 219
5055 1780
7315 9139
828 8034
4779 8086
5881 935
8270 95
220 7411
6551 3168
360 4914
5022 1300
1998 9168
8520 4527
6416 7915
1984 2773
4673 7191
3424 7361
4740 9128
3090 7894
7561 8381
8549 421
2266 9166
915 5942
2961 3880
8771 9144
8332 4582
7928 7686
1669 7860
2366 736
6011 4135
846 176
1695 3357
6156 3557
231 6962
5594 1006
8947 2624
3876 8250
8590 7054
6785 4177
8108 3982
1244 9969
417 5323
8085 4932
120 8988
5504 3373
3069 3318
6631 7971
9192 553
3690 8633
4267 8957
2847 8480
1772 3801
3018 393
7807 4539
1784 9631
1313 3298
2742 7775
6333 1481
4410 6078
950 4698
7682 5664
8371 7215
7246 3500
9120 6659
5357 1639
401 9702
9399 3935
5977 5106
354 9488
2004 8634
8290 1625
4564 4754
439 7554
4477 5091
1267 5215
3722 677
7234 1891
757 9109
9849 5428
4859 7327
9795 9106
4981 4145
1544 8796
3276 5747
4432 6332
4293 9458
6917 2391
4873 421
5271 6396
3249 5410
7537 4954
2799 4543
4403 8062
7536 6133
107 927
5779 9257
302 2099
6954 8191
130 460
3094 1811
8668 1249
1934 7873
6391 2104
8188 5110
8740 5848
947 4053
9739 4649
1269 4970
477 9045
3815 6414
3705 408
7402 6314
7663 2089
9147 9262
2451 7645
8017 2322
5949 2245
5644 2401
5906 9551
7072 5275
6385 1029
7048 3666
186 4312
6662 81
8986 8852
7996 4786
3000 4865
4789 6385
3549 5145
5777 425
4552 991
8027 8792
6419 7643
7065 4189
5585 1187
6564 1914
1244 1864
9882 7309
2294 9263
1412 7491
732 674
1794 9573
634 4068
4597 3284
5643 7593
273 1809
6682 6547
3835 2875
1710 1780
3534 9075
1896 8323
2150 7681
3800 6194
4890 761
1702 4371
7380 792
9599 9864
5373 4180
1247 350
7032 9456
4174 5959
264 2204
3152 2825
9442 8897
4235 5771
4633 6870
1065 3246
5609 873
47 6760
2293 1067
2165 1906
1858 8150
9412 4102
4749 8673
7605 8170
7493 2416
9088 856
427 918
4354 8769
5447 7234
9996 2832
1875 5731
5420 3280
3411 812
2019 588
3256 1799
9430 2986
7561 5254
9595 3929
2180 1698
6478 7018
158 4550
933 6374
7749 2293
5297 1276
123 9902
902 3587
1950 1091
2606 8311
9079 9295
9176 2684
6742 8582
4115 9074
9091 1866
8835 4485
1040 1158
5888 6557
7588 3253
5800 8354
7330 1860
3715 6343
1527 3194
8947 1898
8649 3615
8483 3881
9481 4514
9557 919
1265 9899
1307 6071
7334 3452
3096 1558
9126 5110
8834 4668
1873 3959
1254 6984
308 9381
7409 578
4506 7778
2413 5532
1240 3292
468 6398
5502 3139
5679 5077
5131 2264
926 6552
3120 8721
9426 21
3401 1009
1882 250
3738 8802
9506 3676
1851 4823
4171 3253
3146 7967
601 2686
3237 9275
4916 9493
8087 4994
7400 4210
4566 8945
2658 8553
7986 6357
3684 7203
680 6851
7885 4586
6022 4373
7616 3265
3522 6230
8210 3215
5958 2358
6890 6592
4954 1741
3377 9318
4144 4364
3496 4181
1751 2904
7824 5917
7040 7138
6883 2863
6297 3518
9501 8931
8361 8077
3241 5153
2264 5194
6906 4879
3420 2508
9230 8442
7213 5317
8090 3127
6006 1171
3958 5557
5980 6379
1883 4994
1143 7245
5305 1646
6427 3622
1422 6661
7565 6947
457 1947
8093 9715
4734 1447
220 5897
1349 8734
9695 2767
4671 6477
6935 7161
7032 2492
3559 8649
1021 4610
2322 627
698 1094
4136 5542
3028 9821
4352 8049
8273 6560
69 9592
6059 9108
7296 4518
6809 5126
4040 9098
639 3483
7126 5013
6125 1843
4328 1665
9272 8177
973 76
8633 8161
9025 9254
2452 7784
3194 772
3481 3336
9010 5455
7521 1448
7703 9832
6459 2119
8752 7703
3408 7992
6901 8800
1943 8674
7083 4738
1212 2368
4663 5589
4652 5265
5217 3870
9262 3973
6738 5690
1164 6332
8472 1465
9809 7027
8349 2039
2127 9611
510 3762
162 7096
706 588
5111 8471
805 1600
6180 4610
693 2176
3866 176
7723 1255
7696 4663
9784 3720
7791 6114
3911 5295
1278 8716
1031 6812
6254 605
2427 3297
4859 1345
8303 5787
8651 1791
3015 8654
3899 3071
3241 3024
8359 7324
1714 8288
535 6956
3092 8421
1632 7306
836 6908
799 9464
3038 3309
8837 7026
1616 5269
3943 3231
6001 6949
8099 8792
4469 242
5977 5102
7957 2525
8139 5433
2980 9919
7171 2915
2889 1658
6682 8390
4748 1512
2302 3026
4175 4861
6201 4922
6816 3923
5881 5518
2411 7737
8615 3826
917 9435
7898 8556
7590 9246
4001 3185
5292 956
7104 2483
814 7473
6566 4182
6294 9550
7223 9669
3320 2238
2961 2101
8999 7181
3652 188
361 9280
7136 6533
9689 9212
9795 1131
4355 3067
7802 4328
9589 8848
3366 1544
403 7202
3552 6526
6653 7970
3031 1899
5465 4932
5893 6057
6804 8090
2113 6773
3603 2520
603 4378
4250 6146
4493 6525
7711 10000
2793 5537
2837 2667
6588 3053
3077 4406
8671 7126
5801 8264
1017 4812
5099 9980
4497 3926
4240 3310
5281 581
3554 9220
766 1034
9139 3811
1019 4711
3252 3079
6673 1677
9833 1207
1553 7475
8140 505
4399 1167
2159 1975
6304 5644
8060 6874
8685 8021
8159 4527
1157 1948
8375 726
7756 9691
9096 7816
1552 2414
2873 5220
9510 1362
5911 1822
5036 3719
6998 5636
6547 1346
2399 835
8509 7207
6481 1948
8427 894
4531 7036
4840 8165
4019 9173
744 3688
3304 2889
4145 904
1078 3459
9998 6841
5095 78
5930 2947
5503 430
5673 5277
8998 6931
1572 8893
6960 2304
537 9267
3688 3498
1103 8304
8469 2334
3745 3071
8714 4247
4720 8178
735 5744
6317 4890
6231 1833
7683 8487
