800 193 400 14 2431
1 1 5 1 4 9 5 6 1 1 7 2 1 1 2 3 14 6 5 2 1 1 4 3 7 4 1 13 2 2 4 6 1 6 2 8 3 18 2 3 4 1 2 1 2 3 1 3 5 7 2 7 7 1 1 4 2 8 13 3 1 2 5 2 4 1 2 1 6 6 1 3 16 9 2 7 1 4 6 2 3 3 2 5 1 4 4 2 5 3 1 8 4 3 4 1 3 2 6 4 5 2 8 12 3 4 4 8 3 1 2 4 2 8 12 1 12 5 1 3 1 6 3 3 1 9 8 3 4 1 2 1 1 1 1 2 10 6 4 7 1 5 4 3 2 4 2 1 2 11 14 1 2 11 3 1 2 4 2 1 2 1 4 9 1 1 2 21 6 5 4 9 3 2 11 5 8 4 2 2 4 6 1 8 3 3 4 1 1 10 7 4 2
2504 2962 6959 7417
1551 2976 3313 4738
381 770 0 126
5524 7161 4460 6097
9702 10000 136 535
3703 5817 3854 5968
1893 3591 3209 4907
360 2269 2954 4863
3182 4399 1 1218
7605 9691 9143 10000
3701 5040 3047 4386
6911 9210 4433 6732
107 2531 3882 6306
2477 4857 5754 8134
7500 8546 295 1341
7471 8213 1042 1784
5241 5578 8704 9041
5286 5576 8874 9164
775 1869 0 1093
9936 9967 5380 5411
7365 7790 1631 2056
4634 6322 5468 7156
9764 9948 2269 2453
8798 9548 339 1089
1542 2039 9219 9716
190 1494 7224 8528
8006 9196 0 439
5734 6958 210 1434
3967 4770 0 763
0 1531 2739 5041
2817 4441 3068 4692
6113 7767 7136 8790
5857 6832 3888 4863
9029 10000 384 2677
2324 3323 282 1281
0 776 3148 5165
2856 3418 1366 1928
7036 7269 3525 3758
4938 6362 4164 5588
6955 8280 3204 4529
1108 1301 3107 3300
1943 2568 8982 9607
2238 4642 0 1813
0 1741 7970 9785
6907 8484 4781 6358
6771 7741 8116 9086
3407 4473 6888 7954
8594 8943 4855 5204
6252 7751 7514 9013
909 1490 6913 7494
8922 10000 4723 6432
9090 9343 7101 7354
8380 9017 1796 2433
276 2482 423 2629
1449 1987 5754 6292
6397 8202 1885 3690
8586 9615 7959 8988
8573 9629 1862 2918
3360 5239 0 1417
5759 6940 5581 6762
9091 10000 6623 7722
7347 7437 545 635
6189 7790 1193 2794
3598 3973 146 521
6755 8206 0 881
4141 6299 7549 9707
867 1353 9846 10000
8316 10000 6832 8593
3866 4880 20 1034
674 2123 4557 6006
4287 6603 3183 5499
4207 4416 5289 5498
9476 9489 6995 7008
4994 5049 4116 4171
6691 7329 9831 10000
3876 4321 1853 2298
1 2077 2819 4895
1586 1671 2274 2359
7729 8700 3340 4311
6996 7305 7097 7406
3851 4647 5471 6267
0 408 8335 9997
3859 4180 0 321
2740 3554 9328 10000
6489 7197 1540 2248
8015 8552 481 1018
4523 5975 8813 10000
7327 8205 6252 7130
3259 5219 9294 10000
5307 5965 9534 10000
3192 5417 3493 5718
226 389 3972 4135
6185 6387 5910 6112
5561 6579 5464 6482
7433 9497 4409 6473
6413 8720 597 2904
8961 9876 8021 8936
3031 4819 6663 8451
3797 5826 0 742
9617 10000 9027 10000
1750 3972 7235 9457
1264 3058 4426 6220
6330 6873 3740 4283
3995 4015 3307 3327
8850 9049 3237 3436
6048 7835 6631 8418
1747 1824 1847 1924
3851 5021 804 1974
7029 8764 2584 4319
757 2849 4541 6633
4621 4734 9626 9739
0 928 6011 7011
3326 5333 5181 7188
5714 6257 958 1501
5963 6639 5409 6085
4221 4501 857 1137
0 310 4352 5388
3825 5043 6816 8034
5013 6683 883 2553
8543 10000 8352 10000
6255 6612 7909 8266
7655 9104 489 1938
5514 6229 2285 3000
0 394 2215 2613
7730 9622 7503 9395
7288 9369 1758 3839
2898 3986 0 395
8943 10000 9257 10000
7300 7420 6352 6472
3241 4982 0 40
5410 5771 7833 8194
2575 3813 7685 8923
548 2552 0 1929
4051 5916 417 2282
4954 6372 5257 6675
0 1043 3044 5083
6869 7042 902 1075
8639 9345 7332 8038
1948 3656 8486 10000
5460 5863 3957 4360
4632 5470 7045 7883
6720 8366 9394 10000
0 1096 3755 5750
144 524 1080 1460
1992 4193 6854 9055
4512 4809 193 490
6916 7461 5547 6092
9217 9285 9241 9309
3113 3292 566 745
7004 7288 3501 3785
5553 5804 6222 6473
1787 2888 2848 3949
2798 4820 2207 4229
9241 9819 839 1417
6536 7180 1342 1986
1752 2442 3758 4448
3676 5593 3067 4984
1765 3621 8374 10000
0 575 3345 4123
7955 8881 5864 6790
5748 8140 4443 6835
1965 3371 3795 5201
5563 6421 5679 6537
9792 10000 1365 2900
5083 5977 7091 7985
7363 9182 3302 5121
3509 5702 5475 7668
1778 2455 6484 7161
735 2567 3289 5121
6218 6814 343 939
1781 3850 5066 7135
0 1744 8947 10000
5651 7104 9852 10000
113 1707 4517 6111
5807 7414 628 2235
2093 4206 1973 4086
1801 2663 567 1429
2033 2371 3403 3741
9528 9554 5703 5729
0 1171 885 2824
7183 9492 0 1661
8468 8700 1221 1453
3071 4353 2122 3404
8923 9133 982 1192
8112 8278 7115 7281
7975 9993 7527 9545
1631 3596 2394 4359
4821 5997 7947 9123
6569 7687 4326 5444
4869 6165 6847 8143
2835 3908 3054 4127
398 783 6589 6974
4063 4679 6888 7504
4128 5763 1414 3049
6028 7105 8653 9730
166 1463 328 1625
4886 6451 0 796
3975 6378 5857 8260
233 2336 5243 7346
7676 9558 4681 6563
7425 8861 3295 4731
5389 7050 4195 5856
3213 3346 4737 4870
5640 7906 5741 8007
4780 5234 7007 7461
7813 8455 5912 6554
6939 9273 9034 10000
4433 6038 3872 5477
1104 3314 2407 4617
9390 9673 4499 4782
852 3210 8168 10000
3352 4160 0 666
6811 8472 9245 10000
3702 3757 754 809
8824 10000 1766 3977
413 2184 6883 8654
767 1732 9207 10000
9230 9989 6415 7174
8551 9826 8198 9473
7708 8986 4884 6162
1730 3565 541 2376
9430 9469 51 90
0 1079 6649 7975
6261 6371 4310 4420
7956 9167 4877 6088
0 1065 4690 6073
4668 7084 4854 7270
2744 3643 9159 10000
1517 3898 0 663
2200 4620 2479 4899
1086 2740 7718 9372
6905 7475 3337 3907
1432 3511 6632 8711
7182 9286 124 2228
875 3151 7322 9598
4297 6462 5650 7815
0 560 6632 7849
5658 7667 9296 10000
60 1986 7256 9182
7873 8311 518 956
7889 8363 486 960
3647 4153 1154 1660
4425 5825 8353 9753
4535 6528 869 2862
5000 5071 8966 9037
1878 3567 6108 7797
7608 8487 7285 8164
8634 9140 8917 9423
953 1653 1427 2127
1146 2890 8984 10000
7568 9999 4782 7213
2396 4360 7605 9569
4663 4947 7088 7372
3550 3654 7155 7259
2005 3454 6504 7953
6693 7017 4606 4930
551 830 3630 3909
8266 8644 1041 1419
702 2442 6305 8045
3346 4606 9836 10000
7161 7350 3474 3663
1425 3413 3273 5261
8773 9715 4958 5900
391 690 0 192
802 1488 1375 2061
3145 3926 5047 5828
3939 4259 9166 9486
8684 9162 8363 8841
6918 9050 7878 10000
717 1690 533 1506
2411 4615 5623 7827
719 3057 968 3306
9332 9942 2854 3464
77 157 9201 9281
1459 2153 4915 5609
1752 4051 916 3215
7588 8437 6423 7272
4018 5496 136 1614
8391 8541 1457 1607
2573 4461 2072 3960
3058 3391 639 972
1544 1943 1327 1726
8176 8498 9284 9606
3361 4938 2725 4302
4734 5949 6943 8158
541 2646 2906 5011
3198 5517 3263 5582
4025 6387 5791 8153
7755 9338 2823 4406
3335 3889 4908 5462
5235 7447 1361 3573
2904 3874 978 1948
4531 4759 9197 9425
1530 3814 1043 3327
5799 7257 1217 2675
290 731 3792 4233
3065 5005 3311 5251
4570 5458 6516 7404
2390 3936 4132 5678
8130 8805 2533 3208
0 1416 4986 6863
9228 10000 2868 4163
9208 10000 2755 3923
7030 8373 3615 4958
3966 6152 5618 7804
209 2524 700 3015
434 2568 3426 5560
5171 6794 5493 7116
7514 9256 6 1748
4121 6468 5293 7640
7704 9831 6907 9034
0 983 9503 10000
3272 3401 8251 8380
4695 5668 6538 7511
2330 4750 0 1672
8693 9958 7517 8782
6565 8519 1812 3766
887 1002 5066 5181
1513 1846 4593 4926
6502 7076 2227 2801
7995 9262 2798 4065
0 758 8084 9086
3836 4743 4397 5304
8224 8881 4676 5333
3174 4734 2638 4198
8373 8777 1015 1419
6505 7996 1920 3411
1349 1638 7125 7414
3422 5622 2301 4501
4 305 7925 8226
1612 1615 9016 9019
7435 9568 9220 10000
6435 7147 0 384
1330 2834 3083 4587
6449 7103 4229 4883
354 1890 1251 2787
2504 4351 8687 10000
2291 3723 7888 9320
4786 6645 5599 7458
2484 4783 5535 7834
8831 8917 5350 5436
6129 7227 2479 3577
5627 7043 530 1946
3843 3978 5706 5841
2152 2603 5830 6281
7619 7705 4674 4760
8093 10000 148 2072
2861 4786 1651 3576
1580 3299 462 2181
7021 7572 2010 2561
9421 9858 4567 5004
5125 5329 3393 3597
2160 2546 490 876
5021 7222 2459 4660
6329 7568 282 1521
2838 4840 8224 10000
5680 6541 5521 6382
2027 2151 823 947
9453 10000 6437 7910
5870 7712 4562 6404
9215 9385 3340 3510
1985 2931 7981 8927
9238 10000 1719 3062
2515 3316 4078 4879
6210 7657 7476 8923
2095 3176 4331 5412
4362 4649 6317 6604
3983 5203 930 2150
8309 10000 2203 4266
6296 6800 7374 7878
5001 5735 8712 9446
1704 3472 790 2558
683 2496 7741 9554
7662 7811 368 517
6691 8105 2905 4319
7992 8744 4116 4868
0 1941 8535 10000
7709 9273 8622 10000
2865 4099 7701 8935
5970 7426 6414 7870
2959 4605 0 658
7406 8057 5786 6437
5404 6535 8220 9351
384 1955 486 2057
1584 3662 4573 6651
1036 1516 5308 5788
6717 8140 436 1859
1302 2510 7006 8214
6973 8278 4526 5831
8226 8391 6565 6730
1468 2411 3879 4822
809 2368 3265 4824
3269 4997 255 1983
7286 9655 8051 10000
0 596 6389 7993
5730 6587 2457 3314
7816 9222 3284 4690
5552 6195 5147 5790
8842 10000 5727 7572
7431 8229 2383 3181
0 564 2244 3315
1461 2582 5109 6230
7150 9435 3689 5974
0 936 1808 3426
546 1881 557 1892
7936 8073 5023 5160
4822 4996 6411 6585
5176 5788 1429 2041
2056 2669 7263 7876
2937 3821 5679 6563
1403 2518 8484 9599
7649 7652 3767 3770
7201 9369 0 1741
6791 9017 3066 5292
6020 6286 9466 9732
8096 8520 2188 2612
496 1656 0 870
585 691 6782 6888
8789 9247 5693 6151
2290 3238 6632 7580
264 2605 0 2074
68 139 4593 4664
3077 4109 8395 9427
26 655 8967 9596
8207 10000 5219 7374
8965 10000 26 1977
5271 7352 3019 5100
0 2165 0 2289
8996 9760 9228 9992
5643 6913 4354 5624
2086 3976 5791 7681
1061 2705 236 1880
8622 9166 6552 7096
3191 5074 0 1664
6226 7713 5006 6493
1688 3661 2987 4960
834 3082 4434 6682
8203 8736 847 1380
7640 9686 3686 5732
0 558 9028 10000
8263 8899 1820 2456
4602 4687 6764 6849
6731 8193 6272 7734
3978 4453 3917 4392
0 313 6923 7287
5773 5975 3500 3702
1993 2594 3203 3804
6127 6706 3015 3594
726 1077 6144 6495
2813 3721 5789 6697
1446 3706 409 2669
6410 7710 6620 7920
9347 9490 3084 3227
1675 2319 5401 6045
7307 8381 4061 5135
5772 7596 3120 4944
5780 6495 4035 4750
2386 3131 8414 9159
6677 8460 6709 8492
2110 2773 1887 2550
6564 7550 4250 5236
7491 8529 159 1197
890 1066 7582 7758
6168 8265 5376 7473
4022 5072 1821 2871
4545 6235 6410 8100
4693 5544 7061 7912
5019 5868 7080 7929
0 1904 0 1925
7744 8498 9043 9797
6564 7115 5849 6400
489 2198 4639 6348
0 2294 5158 7548
639 2036 1222 2619
2201 3404 2406 3609
8381 10000 2719 4997
4095 5319 0 1055
2630 4561 4573 6504
446 1447 0 627
4084 5927 7486 9329
886 2571 6233 7918
4327 5713 3244 4630
3156 4636 2541 4021
3270 5543 0 1023
5039 5728 8789 9478
3563 4417 8999 9853
8903 10000 0 2009
8331 9941 7673 9283
7145 9363 6179 8397
8296 10000 8098 10000
0 1120 0 1849
7587 7870 6246 6529
6227 6715 7384 7872
0 1625 4902 6912
9789 10000 9648 9979
2635 3481 615 1461
3571 4748 7650 8827
555 1860 939 2244
3808 4043 1473 1708
7848 8220 3891 4263
9515 10000 9343 10000
0 1376 2766 4233
2305 3669 0 656
6989 8963 795 2769
4704 5132 9256 9684
3061 4604 4634 6177
1147 2932 8595 10000
2295 3301 7228 8234
7247 8065 5689 6507
8393 9102 7462 8171
2478 3939 1498 2959
6937 7568 6811 7442
6137 6433 7487 7783
2995 3019 4661 4685
3772 5703 0 1116
684 3038 7413 9767
948 2788 5218 7058
7808 8897 1190 2279
2522 2663 207 348
5346 7077 4173 5904
8639 10000 3997 6316
8412 10000 4224 6113
0 1405 0 2414
2646 3582 8449 9385
41 2334 6254 8547
6488 7356 7951 8819
7569 9914 7044 9389
1716 1736 4461 4481
8085 9608 6526 8049
1146 2199 2439 3492
7254 9588 3571 5905
3969 5867 8575 10000
125 762 7560 8197
6672 7130 1315 1773
3510 5387 2708 4585
4164 6382 0 2102
0 1510 1141 2789
953 3219 558 2824
5674 7278 5529 7133
5306 6540 6800 8034
2945 4262 4237 5554
1703 3438 7269 9004
8059 9803 7436 9180
1215 2074 617 1476
3788 4775 8125 9112
950 1168 3401 3619
4119 5088 5894 6863
244 1124 166 1046
9008 10000 7339 8617
8422 9938 0 1159
9353 10000 967 2176
6105 6639 7660 8194
405 571 3807 3973
1779 2767 5561 6549
5670 7786 1388 3504
6449 7631 4771 5953
5666 7465 2178 3977
3897 5160 5409 6672
7801 8587 1283 2069
2556 3536 611 1591
5928 7501 4610 6183
1381 3152 3997 5768
8040 10000 4715 6870
544 2201 0 407
3387 3952 3095 3660
1395 2001 2588 3194
5092 6405 0 394
6831 7853 4248 5270
0 746 2211 3794
1131 3286 0 1921
3609 5104 7448 8943
4093 6081 2385 4373
3101 3612 4712 5223
8550 9801 9235 10000
7830 10000 6791 9170
9825 10000 1894 2605
1800 2084 4006 4290
2582 4825 608 2851
3744 5267 5664 7187
2726 4435 434 2143
2921 5138 27 2244
1123 3045 4444 6366
526 2781 4058 6313
778 1251 6283 6756
3169 5343 2980 5154
7622 8423 3131 3932
3173 5600 0 1983
3834 4800 8201 9167
5066 5088 5058 5080
7956 9368 573 1985
2428 3633 8732 9937
1033 3326 6727 9020
3010 4830 4654 6474
4512 6411 2677 4576
8730 9263 7967 8500
2090 2841 4945 5696
5224 7143 5901 7820
841 1703 7059 7921
4141 4998 8886 9743
1957 2344 7079 7466
3850 5910 4950 7010
4824 5138 7869 8183
8492 10000 1275 3335
7409 7486 3936 4013
3727 4451 2686 3410
7974 10000 6871 8998
9239 9676 889 1326
1464 3808 4946 7290
2503 2888 1311 1696
7850 9711 5632 7493
7664 8478 643 1457
7094 9510 7687 10000
3693 4440 0 502
6438 8802 6646 9010
7858 8677 430 1249
6313 6393 4991 5071
9333 10000 4086 4980
6747 7083 4447 4783
4023 6154 1711 3842
5865 6756 795 1686
9175 10000 4315 6251
2071 3374 1868 3171
75 244 7164 7333
18 2418 4910 7310
1039 3229 3054 5244
3505 3696 7246 7437
6077 8428 800 3151
1882 3574 3562 5254
7243 7282 4058 4097
3449 5258 6147 7956
7145 9003 3618 5476
5541 7937 3139 5535
8041 10000 8690 10000
6286 8664 1551 3929
5311 5513 3518 3720
922 1163 5818 6059
8450 9136 194 880
6249 8570 8409 10000
973 3228 1203 3458
1982 3748 5902 7668
2922 4576 6536 8190
237 1783 7967 9513
1382 2985 0 1284
8002 9767 773 2538
2557 4362 3046 4851
8148 8534 9201 9587
7869 10000 9843 10000
5790 6147 8896 9253
4158 4797 6492 7131
5881 6478 1460 2057
815 2146 5341 6672
6001 7594 7945 9538
1967 3379 1009 2421
2030 4239 6924 9133
2000 3094 111 1205
2202 4510 7358 9666
0 808 3430 4748
3525 5635 3088 5198
7647 8123 4696 5172
5985 6565 2810 3390
8550 9038 6228 6716
5862 7787 8909 10000
6418 8768 6742 9092
8872 10000 6574 8480
1565 3867 0 583
5355 6433 1744 2822
0 1824 3493 5922
2620 2887 6438 6705
6659 6677 868 886
8879 8880 176 177
1227 2487 5341 6601
6073 8482 431 2840
6411 6722 9830 10000
3494 4991 9208 10000
6887 8769 7121 9003
461 1870 7036 8445
7690 9493 2435 4238
1786 4099 2132 4445
6864 7601 1558 2295
6807 8547 5312 7052
5244 6028 1213 1997
8262 9119 5574 6431
3892 4199 2929 3236
1539 2155 8985 9601
4769 4936 9934 10000
8273 8593 6767 7087
9030 9735 2276 2981
7110 8496 9642 10000
5360 6407 4338 5385
7964 8339 1495 1870
9192 10000 211 1173
6473 6482 3731 3740
4779 7033 3818 6072
148 1742 1375 2969
25 1450 6300 7725
301 2161 7480 9340
4609 6794 1882 4067
8322 8890 6911 7479
437 2573 4331 6467
8495 8860 7344 7709
7784 8181 1372 1769
7470 7630 6615 6775
6443 7252 5776 6585
3488 5706 7163 9381
3499 4253 8801 9555
3522 5040 2483 4001
0 1232 7312 8804
1909 2919 7510 8520
1920 2172 5369 5621
0 379 2375 3040
6613 7707 1672 2766
3338 5570 0 2220
8060 8237 345 522
7889 9807 0 1204
6447 8148 386 2087
9302 9527 6314 6539
3073 4671 7205 8803
0 851 7531 8671
8647 9675 4609 5637
0 890 8996 9968
5446 7589 0 1253
3872 4691 1298 2117
5275 6744 3961 5430
7818 9581 1184 2947
0 928 591 2218
1930 3890 7579 9539
756 2397 1677 3318
230 1101 4382 5253
5250 6543 1258 2551
3358 5441 7430 9513
0 443 6644 8752
6417 8709 3461 5753
1349 1542 3808 4001
4780 5854 1242 2316
1227 2858 6222 7853
7818 8420 59 661
3597 4158 4105 4666
6137 7614 8357 9834
3968 5533 519 2084
5024 6865 3352 5193
7344 8548 5243 6447
4679 6639 1950 3910
5950 6927 882 1859
5826 6101 5031 5306
8450 10000 3617 5365
7369 9354 8111 10000
769 2292 9386 10000
6979 7403 0 305
4488 5685 1453 2650
17 1181 1646 2810
8439 10000 7514 9649
864 3028 3092 5256
689 1342 0 540
619 1711 7305 8397
7804 9093 5121 6410
1862 4267 5754 8159
5838 7577 7720 9459
6253 7708 2804 4259
4595 4846 7694 7945
1945 1966 4717 4738
8487 8515 9447 9475
6130 6507 3902 4279
4025 4212 244 431
5940 7975 2211 4246
6009 7306 4043 5340
6794 8005 0 1105
1124 1546 2689 3111
9641 10000 5093 6695
6656 7743 7370 8457
1584 2824 4496 5736
777 807 6653 6683
7580 7748 5266 5434
647 2486 7780 9619
1855 3849 841 2835
8356 8907 0 385
0 562 3254 5302
7260 8165 4504 5409
2072 3301 2220 3449
2671 4022 1469 2820
3492 4557 1675 2740
3757 6077 4315 6635
3402 5568 6155 8321
2948 3938 7999 8989
6175 8196 0 1870
1190 2598 1614 3022
5652 6887 2641 3876
2956 5363 6675 9082
3408 4997 2818 4407
5214 7216 2255 4257
2807 3307 6996 7496
2811 3813 6530 7532
6538 6882 7677 8021
4132 5760 0 917
7779 9366 6282 7869
2297 3538 4530 5771
0 884 6013 6950
8237 10000 996 2805
7468 9767 0 1359
9682 10000 8858 9450
7155 8739 6775 8359
2872 7206
1958 4337
690 119
5778 4672
9798 221
5268 4671
3520 4112
2022 4033
4052 498
8292 9327
4751 3738
7925 6512
759 4227
3869 7834
8104 663
8208 1492
5296 8876
5473 8942
1430 677
9952 5404
7587 1706
6174 5640
9801 2418
9169 472
1799 9551
410 7719
8266 283
5806 1154
4111 359
987 3816
4268 4541
7649 7367
6662 4668
9531 1450
3108 327
711 4317
3116 1382
7254 3672
5148 4414
8160 4213
1293 3295
2421 9198
3325 1237
1321 8557
7727 5219
6884 8272
3728 7516
8774 5097
6520 8049
933 7347
9094 5962
9144 7346
8877 2152
1529 669
1705 5815
8074 2632
9130 8498
9201 2826
4528 1039
5869 6010
9238 6782
7418 630
6726 1748
3746 274
7804 255
5320 8164
1278 9854
8623 8370
4483 655
1990 4743
5762 3329
4408 5457
9485 6997
4996 4116
6944 9887
4004 2213
805 4408
1644 2295
8331 4264
7115 7392
4310 6066
354 8597
3975 14
3374 9958
6797 1985
8087 803
4576 8852
8180 6317
3985 9625
5317 9560
4250 4446
315 4102
6330 5959
5852 5900
7580 4656
7273 640
9049 8528
3845 7111
5700 469
9762 9039
1992 7805
1539 4763
6725 3902
4004 3316
9042 3254
7423 8073
1772 1878
4357 1260
7420 4183
1238 5605
4691 9696
644 6445
3880 6704
6169 1159
6094 5951
4404 1032
209 5152
4584 7604
6373 1176
9694 9397
6549 8115
7692 1194
5549 2443
112 2601
9155 8198
7648 2440
3162 372
9239 9734
7413 6440
4402 38
5557 8194
2642 8290
2166 113
4992 869
6018 5591
138 3272
6920 991
9111 7375
2469 8640
5794 4299
5001 7743
8126 9612
834 5283
481 1291
3382 8221
4546 485
6960 5569
9277 9296
3267 676
7227 3631
5568 6473
2288 3002
4432 2977
9395 1041
7143 1742
1919 4005
5050 3678
3413 9708
55 3443
8003 6325
7180 5217
3090 4516
6314 6386
9899 2752
5602 7285
7917 5070
4488 5935
2274 7004
1277 3408
6598 901
3212 6304
1314 9383
5870 9868
645 5564
6425 1275
3290 3597
2284 1227
2297 3554
9543 5706
365 1143
9300 860
8494 1320
4301 3126
8936 1129
8136 7269
9560 8015
3191 3497
5559 8241
7629 4750
4896 8097
3301 3305
606 6974
4063 7312
5621 1839
6706 8855
229 1370
5594 559
4943 6982
420 7180
7812 6406
8763 4562
6091 4841
3310 4841
6656 7970
4829 7170
8212 6052
8470 9855
5441 4126
1157 2932
9657 4506
1811 8618
3745 495
7339 9340
3738 789
9781 2210
1672 7128
815 9529
9672 6888
9718 9078
8120 4975
3016 1760
9453 84
951 6727
6290 4310
9054 5528
1044 5678
5857 5342
3194 9517
2188 303
2562 3237
1794 9233
7181 3630
1458 8549
8655 552
1152 8994
5405 7158
480 6910
6647 9403
95 7938
7934 906
8057 706
3687 1386
5277 9160
4962 942
5055 8972
3327 6574
7968 7321
9066 9211
1163 2097
2303 9299
8014 6287
3490 8437
4941 7333
3592 7231
2875 6635
6915 4787
742 3802
8421 1387
1150 7625
4007 9859
7264 3579
2690 4410
9419 5004
419 56
833 1838
3665 5424
4157 9479
8899 8754
8167 8013
1311 845
3195 7472
2217 2395
9617 3099
148 9250
1825 5369
3461 1370
7902 7215
5043 736
8452 1570
3031 3320
3357 720
1768 1390
8490 9333
3803 3671
4861 7562
2411 4569
5431 3809
4292 8067
7871 3169
3621 5001
5389 2014
3452 1080
4621 9205
1904 1335
6847 1879
300 4149
4817 4871
5229 7276
2439 4587
8459 2651
419 6641
9951 3314
9579 3314
7371 4707
4151 7116
343 1120
1172 4772
6508 6397
7756 1659
5624 7402
9674 7393
462 9985
3396 8276
4935 6763
3165 1134
9194 7934
6855 1852
923 5104
1550 4634
6566 2583
8562 3854
459 8736
3892 4765
8237 4725
4490 2836
8603 1369
7229 3108
1371 7312
4007 4088
193 7958
1614 9019
8572 9526
6981 356
2362 3146
6556 4346
1366 2461
3919 9662
3475 8131
5979 6862
3607 6334
8913 5411
6900 2997
5779 1934
3939 5750
2591 6235
7664 4724
8700 1290
3766 3042
2741 1838
7034 2135
9789 4692
5246 3430
2209 754
5835 3242
6334 1192
2877 8685
6324 6225
2132 914
9929 6948
7291 4985
9323 3441
2120 8833
9550 2781
3197 4143
7120 8487
2412 5168
4474 6328
4039 1208
8758 3272
6702 7525
5726 8938
3350 1473
2056 8492
7795 510
7151 2963
8336 4406
550 9742
9070 9980
3322 8413
6692 7120
3823 374
7879 6153
5963 8705
630 1766
3437 6092
1389 5546
6857 1461
1839 8175
8017 4629
8381 6620
1866 4289
812 4673
4399 1057
8575 8941
383 6400
6542 2965
9220 3393
6043 5504
9466 7495
7654 2946
30 2408
1595 5669
8497 5945
137 3058
1249 926
7942 5128
4982 6513
5394 1849
2556 7393
3624 6102
1920 9104
7651 3769
8816 281
8798 4750
6121 9496
8141 2453
1016 629
615 6854
9177 5893
2809 7091
2587 784
87 4654
3386 8870
345 9093
9894 6853
9230 463
7259 3489
1181 1285
9749 9721
6305 5460
3859 6504
1635 1001
8663 7020
4613 1030
6436 5018
2390 3643
913 5120
8508 1137
8252 4048
392 9413
8506 2390
4620 6815
7218 6442
4445 4070
241 6971
5805 3504
2109 3717
6520 3503
866 6420
3060 6682
3485 2003
6626 7897
9395 3126
1685 5403
8223 4460
6160 3357
6083 4132
2552 8589
7075 7571
2230 2197
6946 4393
7636 1027
945 7699
7294 6559
4975 2385
5390 6980
5328 7696
5768 7190
1858 229
8354 9197
6915 5947
834 5412
129 6493
722 1303
2257 2740
9104 3690
4160 947
3041 5106
925 253
5753 9187
2420 6987
5559 4406
3419 2721
4990 737
5347 9150
3723 9529
9325 567
9608 7792
8078 6603
8442 9530
490 1358
7595 6279
6499 7447
763 6824
9938 9964
3194 641
4079 7922
1771 1866
4024 1570
8090 4159
9743 9586
660 4167
2782 599
8017 2600
5126 9539
3452 6169
2162 9876
2999 7952
7651 5817
8957 7604
3624 2455
7457 7414
6255 7748
3013 4678
5488 183
1848 9409
2269 5445
8320 2185
2536 247
5389 5631
9866 5327
9127 4407
1248 1432
2848 9313
727 6582
7262 8730
9393 7541
1734 4461
8733 7380
1428 2676
8934 5837
4378 8675
519 7933
6965 1731
3650 3832
5670 864
352 2364
1869 2177
6762 6917
5912 7171
4232 5521
3230 8038
8076 7913
1950 968
3986 8188
1156 3463
4299 6594
700 487
9137 7630
8780 253
9885 1778
6390 8177
442 3958
2315 6379
6753 3329
6805 4942
6330 2503
4666 6326
8346 1876
3327 907
6439 5023
2225 4815
9280 5057
1971 92
3509 3168
1960 2866
6078 311
7618 4619
604 3436
2776 1483
4029 8461
4312 4217
3154 5090
8669 9295
9406 8347
9971 2395
1994 4109
3547 1742
3942 6733
4368 1447
4560 586
2647 6005
699 6182
1014 6411
4267 4192
7951 3550
4132 1923
4635 8407
5068 5075
9055 1016
2636 9711
1860 7220
4712 5065
5250 4460
8973 8384
2612 5088
5735 6862
1393 7809
4265 9062
2087 7303
4185 6279
4955 8134
9532 3037
7463 3965
4267 3099
9692 8246
9367 1307
2178 6157
2713 1493
9503 7421
7768 1198
7721 9833
4077 489
7260 8940
8053 1006
6356 5038
9378 4658
7076 4563
4202 3457
5996 1178
9664 5479
3298 2435
136 7176
1874 5106
2627 4560
3667 7432
6766 3047
2089 4293
7263 4060
3644 7067
7475 3800
5770 5455
9632 8976
8150 1973
5363 3704
1000 6027
8781 652
7818 8918
1487 2340
3450 7654
3316 7657
949 7995
1945 825
9759 1426
3200 4106
8463 9561
8780 9904
6127 8921
4795 7069
6364 2041
1315 5440
7006 9349
2464 1485
3842 7668
2562 534
3865 7564
332 4653
4074 4562
7670 4710
6469 3001
8599 6571
7629 9947
8768 8801
9885 7291
2059 340
6110 2564
1535 4433
2830 6442
6668 883
8880 176
1993 6439
6351 690
6534 9900
4021 9685
8085 8564
981 7726
8643 3491
3485 3009
7459 1563
8081 7024
5595 1332
8927 5978
4138 3092
1581 8994
4899 9958
8289 7082
9227 2818
7112 9828
6119 5218
8225 1648
9939 401
6480 3734
6928 4278
588 1573
1141 6438
2061 8099
5143 3786
8336 7371
2183 4550
8576 7481
8080 1681
7603 6656
7116 6257
5003 7568
4238 9122
4660 2887
1206 7619
2710 8078
2128 5606
178 2821
6760 2595
3847 1387
8105 500
8689 815
6536 1065
9432 6324
3649 7741
791 8573
8931 5021
671 9403
5589 919
4316 2115
5871 5255
8684 1947
715 1886
2398 9356
1746 2838
946 4926
5272 2146
5361 9043
47 8030
8381 3862
1513 3903
4918 1566
2487 7756
7960 555
3688 4600
7159 8731
5331 1728
6652 4637
8515 6386
6448 2533
6733 1564
6035 5151
8728 3704
9199 9231
1038 9531
7054 254
5520 1657
286 1677
9405 9481
935 3840
1007 20
731 7674
8362 5593
2357 6492
6910 8079
7134 3146
4682 7930
1950 4730
8503 9454
6461 3955
4091 310
6166 2923
6334 4066
7553 944
1230 2756
9789 5993
6916 8201
2476 5264
806 6667
7678 5376
2341 8659
2701 1067
8368 91
60 4633
7526 5278
2563 2617
3726 1631
4316 2721
5133 6024
4309 6518
3171 8846
7709 1070
2207 2245
5991 2867
4182 6791
3607 3596
6755 3980
2879 7112
3058 7447
6859 7717
5294 93
8818 7406
3360 4677
563 6571
8532 1190
7662 34
9773 9060
7490 8168
