800 233 400 10 2438
5 5 1 1 3 4 9 2 5 3 21 6 3 12 2 4 2 2 4 2 1 2 3 1 4 2 5 4 3 1 1 2 4 6 1 11 7 4 2 7 7 6 1 3 2 3 13 1 2 2 6 12 6 11 8 1 7 2 4 2 1 1 1 5 1 3 2 2 3 2 4 4 1 4 3 1 3 5 4 1 2 2 3 9 1 1 2 2 1 3 1 1 3 1 4 2 1 8 3 7 2 8 1 1 10 4 1 2 1 1 1 1 6 2 3 3 3 2 4 1 3 4 1 4 1 2 1 2 6 2 2 1 3 1 4 2 2 1 1 1 1 4 6 1 2 1 1 1 3 8 14 1 2 1 3 6 10 8 7 5 1 5 1 1 5 2 5 6 11 5 2 5 3 1 2 9 1 3 2 1 3 1 1 5 1 1 4 1 6 2 3 8 1 1 1 8 2 3 4 3 3 3 2 2 4 1 5 1 2 1 2 9 2 2 1 4 1 2 7 2 5 6 1 7 2 7 1 4 10 2 6 2 1
3311 3850 1041 1580
8717 10000 4138 6562
0 891 6013 7218
2136 4158 6971 8993
1655 3214 3960 5519
2273 4516 1426 3669
5471 6127 1343 1999
497 2612 935 3050
9049 10000 3820 4812
1418 2497 7350 8429
5087 6733 6439 8085
4551 5230 7769 8448
3582 4574 980 1972
234 1230 8082 9078
8933 9893 6838 7798
4646 6242 7990 9586
7553 9106 2537 4090
2625 4464 4939 6778
2498 3912 3272 4686
9089 10000 4190 6167
4815 5629 1837 2651
6184 7965 0 1766
2528 4874 7153 9499
2554 4700 169 2315
8407 10000 7680 9571
5602 6899 5211 6508
2773 4625 2859 4711
4357 6636 3568 5847
2188 4451 7456 9719
1438 3735 889 3186
7021 8577 6774 8330
4383 5925 6037 7579
2182 2337 4146 4301
6087 8195 9826 10000
0 918 4601 5582
8839 8880 0 9
0 2147 812 3216
7538 9020 1222 2704
8147 10000 2810 5211
6917 7397 3184 3664
3748 5073 1858 3183
2016 2774 4084 4842
6285 7315 5160 6190
7578 9367 845 2634
0 340 4638 6216
4014 5948 0 1406
4915 4947 3345 3377
5155 5983 2890 3718
5652 6330 7840 8518
4994 5811 3696 4513
7665 9459 330 2124
0 1370 644 2091
7172 7700 627 1155
3620 3873 3393 3646
4110 4301 1250 1441
318 2753 4486 6921
6302 8336 6494 8528
5339 5691 6485 6837
9601 10000 4992 5693
4368 5090 3361 4083
6690 7571 3516 4397
6883 7605 2271 2993
7443 9604 3432 5593
2964 3174 9820 10000
0 1928 8266 10000
2660 3538 2774 3652
1057 1516 6660 7119
5568 6482 8690 9604
9207 9707 7746 8246
7257 9690 8472 10000
1750 2583 1412 2245
4287 6537 9541 10000
8280 10000 0 1130
7122 7652 181 711
3731 4254 4710 5233
5189 6832 3135 4778
912 2373 8554 10000
0 738 1758 3546
7179 8699 0 1482
4370 5088 6435 7153
7990 8826 1227 2063
0 945 6792 8066
4692 7015 0 578
2151 4482 198 2529
1166 2807 3923 5564
590 1697 951 2058
7959 9962 570 2573
7349 8657 404 1712
667 2891 4176 6400
7 2046 6110 8149
8456 9891 3943 5378
0 1618 3037 4795
43 1306 3614 4877
1397 3560 1657 3820
7531 9964 5359 7792
6104 7650 2058 3604
7406 9452 581 2627
4813 5763 6711 7661
8808 10000 2161 4321
4339 6392 5350 7403
361 667 3944 4250
190 304 6946 7060
6250 7954 5121 6825
4548 6009 1379 2840
6894 7128 8714 8948
3482 4538 3960 5016
7096 8776 6737 8417
1968 2456 3645 4133
7942 8265 4120 4443
6758 9163 0 2012
3503 3678 8160 8335
7910 10000 8737 10000
1559 1683 4934 5058
3398 4228 4284 5114
444 1900 7278 8734
3400 4430 2327 3357
164 1680 8331 9847
899 2319 6941 8361
3502 4672 2631 3801
4271 5551 7176 8456
6238 7832 0 1044
3078 4559 927 2408
7475 9148 600 2273
2490 4037 0 881
3331 4576 2175 3420
3175 5169 1395 3389
5417 7062 6687 8332
0 1503 6116 7696
1774 2154 6955 7335
1139 1979 6123 6963
7487 8603 6263 7379
8856 9342 9127 9613
71 2321 0 1251
0 403 6219 7607
6610 7591 6991 7972
7631 9737 0 2075
5169 5848 3530 4209
2852 3580 4569 5297
97 342 7046 7291
9493 10000 0 1777
4585 6926 5545 7886
3774 4282 2729 3237
3069 3377 6160 6468
5668 6348 2570 3250
3997 4821 8878 9702
0 202 4110 4395
8556 10000 4807 6891
0 1434 9021 10000
3534 3730 3374 3570
7076 8344 0 512
6935 8734 3410 5209
9452 10000 4017 5151
0 1186 7289 9192
1082 1436 2326 2680
6434 7256 432 1254
5839 7072 9258 10000
9054 10000 4060 5215
0 707 8524 10000
7562 9957 7763 10000
5088 7229 7310 9451
5255 5658 7279 7682
5298 7031 2792 4525
6172 7667 7454 8949
3013 3150 2655 2792
2881 3022 647 788
7159 7258 3337 3436
4944 5168 5952 6176
3999 5880 2196 4077
9465 10000 6476 7358
9007 9117 9272 9382
1541 1582 2879 2920
1563 1958 7265 7660
7796 8859 7035 8098
1665 1826 736 897
4126 5608 330 1812
9393 9880 8554 9041
5113 6929 9161 10000
3347 5629 6895 9177
232 2599 2336 4703
5501 6951 7035 8485
7691 8752 7648 8709
1247 1799 4871 5423
2688 3570 6609 7491
8131 9088 253 1210
6175 6250 429 504
4318 6555 185 2422
7335 7476 3473 3614
6400 7867 5077 6544
5052 6311 6998 8257
856 1332 7276 7752
2003 3215 671 1883
5870 6757 2933 3820
1181 2666 1982 3467
5189 7091 9354 10000
8250 10000 1623 3781
1505 3025 4099 5619
4144 5591 2437 3884
1533 3083 5759 7309
2791 4732 4797 6738
1628 3440 8412 10000
7602 9680 0 1041
8761 10000 4210 5500
5175 6632 7024 8481
8963 9879 3415 4331
3891 5294 6536 7939
649 1204 404 959
4136 5245 7416 8525
2885 2911 9004 9030
6652 9010 1943 4301
9457 9975 4817 5335
0 1741 2421 4247
0 1904 2657 5029
1114 1485 8258 8629
8137 10000 4225 6180
2800 3666 5891 6757
6880 8605 4854 6579
4869 7054 6362 8547
3927 5452 3175 4700
4616 5111 5424 5919
3033 5055 7631 9653
2923 4436 6204 7717
0 255 0 280
2435 2649 8047 8261
4130 4928 4518 5316
7008 8389 5071 6452
2295 3914 8654 10000
5941 6125 6558 6742
2989 4769 3521 5301
6781 7617 9619 10000
974 1712 6139 6877
2328 4645 5518 7835
4963 6277 8422 9736
6858 7200 4902 5244
1383 1878 4305 4800
5756 6974 0 1185
2184 2667 4445 4928
5427 6782 8648 10000
0 1061 5934 7836
0 328 9492 9868
5271 7418 3956 6103
342 816 8605 9079
7646 9399 2156 3909
3432 4491 8406 9465
1128 2538 3163 4573
1290 3336 2680 4726
43 1830 1680 3467
8649 9985 5478 6814
7835 8975 6906 8046
197 2179 0 1024
862 1452 6068 6658
8687 10000 2255 4467
2861 3140 6628 6907
7635 8670 6585 7620
2190 2584 1535 1929
1196 1440 6452 6696
511 2822 719 3030
5157 5720 8726 9289
4981 6562 4633 6214
3401 4895 2534 4028
7877 8457 43 623
5592 6967 5873 7248
8642 9266 2712 3336
4572 6496 228 2152
9173 9614 5619 6060
6285 7063 5569 6347
6777 8053 1930 3206
8005 10000 2417 4487
1950 3756 2508 4314
13 479 3925 4391
8003 10000 1239 3475
0 927 4434 5421
5951 6685 5008 5742
4104 5719 32 1647
2568 3172 195 799
8965 9207 2155 2397
3560 3926 2805 3171
2743 4831 2927 5015
2466 4074 5615 7223
7491 7789 8199 8497
1573 3089 7874 9390
9690 9918 825 1053
4649 6645 0 1964
3953 4194 4018 4259
7641 8546 3803 4708
8643 9473 3422 4252
7321 7532 8662 8873
9093 9309 8352 8568
9246 10000 8885 10000
5545 5929 377 761
3409 3770 2212 2573
7254 8216 8183 9145
3536 4518 2960 3942
4888 5276 4174 4562
4433 5767 2118 3452
7006 7760 5976 6730
4997 5649 7722 8374
7369 9351 617 2599
2812 2948 2988 3124
7214 8481 7902 9169
0 303 8860 10000
1598 1866 522 790
5300 5925 6421 7046
621 2836 7127 9342
5788 6688 6447 7347
6981 7533 6654 7206
3812 5834 0 1579
9147 10000 7612 9249
0 1657 7795 10000
815 1544 5209 5938
4109 6372 35 2298
9059 10000 5437 6562
9758 10000 3623 6047
667 1251 5621 6205
9144 10000 9100 10000
1444 2171 59 786
0 1023 3256 4568
0 1662 0 1052
7387 8427 2629 3669
5835 7618 3052 4835
7791 8540 2175 2924
2199 4339 9616 10000
1825 1942 7814 7931
6916 7543 3429 4056
7621 8898 1125 2402
4413 6582 6606 8775
4581 6213 6427 8059
6876 8613 2311 4048
0 321 9680 10000
5589 6052 2507 2970
1164 1849 1664 2349
4025 5164 7342 8481
3626 5119 814 2307
7150 9416 439 2705
5463 7597 0 1000
9108 10000 2240 3600
4905 6929 7771 9795
5874 6544 8195 8865
472 2522 7065 9115
3565 5024 7633 9092
5580 6571 0 480
1519 2250 8551 9282
6003 7693 5265 6955
8118 8702 2113 2697
7205 7995 7253 8043
8670 9397 1856 2583
6969 9378 4552 6961
1963 4140 1608 3785
4807 5149 1870 2212
8961 10000 722 1862
6579 7042 4773 5236
1444 1569 7078 7203
4148 5061 9146 10000
7682 10000 3641 6075
5570 6929 3352 4711
3016 3393 5716 6093
165 1753 2341 3929
5058 6092 2910 3944
2858 2960 2481 2583
2473 2738 278 543
761 763 9472 9474
7116 8158 3986 5028
8158 8241 4155 4238
5398 6824 8660 10000
6119 8312 3957 6150
1858 3061 1716 2919
910 1000 8367 8457
8328 9757 2689 4118
8602 8890 8839 9127
2745 3792 4599 5646
5074 5701 5259 5886
0 2122 4426 6629
4525 6881 2913 5269
7021 8597 1453 3029
1302 1370 7181 7249
0 886 4071 5155
5008 5711 7240 7943
0 937 6742 7831
1097 2719 0 1287
7923 9764 5027 6868
6885 7372 2546 3033
5755 7097 6950 8292
2349 4362 2594 4607
2987 4647 2562 4222
5864 5966 8759 8861
6697 7909 3004 4216
3678 5159 1109 2590
6582 8928 1735 4081
3906 4966 3572 4632
352 1255 6322 7225
735 2435 950 2650
8308 10000 839 2816
7878 9625 7199 8946
3336 5175 7772 9611
574 687 5343 5456
8138 10000 6274 8327
6569 6705 4087 4223
7630 8226 9443 10000
1358 3002 4993 6637
5790 7394 0 1517
6634 7590 4056 5012
854 3241 2593 4980
5223 5571 9323 9671
6636 8871 6882 9117
2127 3481 4554 5908
0 1206 1929 4040
7151 7894 3477 4220
7225 7414 7633 7822
7356 8289 6985 7918
6874 8983 5198 7307
402 1202 6571 7371
9515 10000 8601 9474
369 736 9312 9679
4011 4067 7734 7790
2550 4424 1704 3578
6084 8057 4731 6704
4913 6474 8604 10000
3665 4063 374 772
408 1074 5861 6527
6840 8498 0 1239
8629 10000 197 1853
799 2956 7076 9233
3222 3340 3275 3393
8023 9828 1956 3761
0 1044 1345 3226
1178 3228 0 1044
3649 4773 9086 10000
6358 8661 7030 9333
1986 4282 706 3002
3253 3472 7893 8112
0 1872 2285 4312
2904 3283 252 631
7893 8684 4695 5486
959 3230 6706 8977
4314 4641 8012 8339
584 586 5582 5584
1345 2934 2188 3777
6556 7946 8870 10000
8483 8644 7328 7489
0 304 7684 8697
722 2165 9739 10000
5002 5964 8095 9057
2899 3902 9343 10000
3208 5101 5527 7420
5143 6387 9082 10000
0 1692 944 2841
4691 6782 232 2323
1733 3828 2145 4240
7707 8470 2560 3323
9445 10000 3240 4931
8891 8945 7548 7602
775 2322 1367 2914
3758 5140 8601 9983
1316 3389 2979 5052
7534 9583 527 2576
6741 8652 7294 9205
5538 6006 1064 1532
7347 8813 8909 10000
4653 5903 6247 7497
5106 7036 4303 6233
1278 3320 5265 7307
8814 8848 4683 4717
1812 3215 2652 4055
6797 7984 7299 8486
2444 2759 1814 2129
7273 8563 4455 5745
35 1956 4076 5997
5290 6133 4435 5278
3227 4300 4393 5466
3015 3172 6841 6998
2783 4874 2147 4238
1619 3932 7961 10000
794 1745 6457 7408
3513 4584 3024 4095
694 2528 5646 7480
4222 4999 7129 7906
3158 4529 4236 5607
7914 8285 7939 8310
6971 7769 1873 2671
0 1612 0 1751
1641 2342 1438 2139
201 1616 6099 7514
940 3034 831 2925
1244 3312 4110 6178
363 1958 2516 4111
9086 10000 8303 9505
5740 6662 8881 9803
7363 7918 8213 8768
7769 9236 5628 7095
3397 5075 0 1293
8832 9528 9481 10000
6891 8353 8316 9778
7344 8668 2193 3517
9192 9250 8435 8493
6084 6378 8763 9057
631 2840 5898 8107
2714 4252 747 2285
3092 4410 3260 4578
850 1139 4935 5224
9596 10000 6221 7507
2525 4023 4584 6082
7399 9356 6938 8895
2477 3982 7746 9251
5907 6760 8942 9795
7082 7893 1067 1878
4333 6026 4278 5971
6889 8222 1428 2761
2550 3706 8574 9730
5751 6975 9751 10000
9464 10000 5894 6765
6558 7244 1749 2435
3439 4256 7353 8170
488 1442 4576 5530
0 1121 5139 7048
4815 6298 2767 4250
8068 8814 7170 7916
9318 9984 6818 7484
4829 6774 2008 3953
9013 9353 4525 4865
2829 4862 9125 10000
2120 3132 842 1854
800 2988 3863 6051
2113 3099 6776 7762
0 221 8919 9221
7228 8665 1819 3256
7334 9422 1096 3184
609 1804 3311 4506
3323 5530 8714 10000
2741 3928 8051 9238
8739 8810 3106 3177
8245 8422 6513 6690
7009 8899 4881 6771
56 414 7714 8072
9840 9938 1806 1904
4948 7375 3857 6284
64 639 100 675
3397 3489 8464 8556
4584 5251 1894 2561
7076 9060 0 570
7524 9781 0 388
3361 4250 1278 2167
8065 10000 5372 7403
4716 5693 3167 4144
5557 7590 8580 10000
6077 7374 0 881
1122 2707 774 2359
8220 8300 5106 5186
3669 4230 9239 9800
2843 3761 9213 10000
4654 5858 8623 9827
6582 7661 4812 5891
0 305 5301 6074
9105 9176 5246 5317
2934 5244 554 2864
8170 9565 534 1929
5657 6190 7017 7550
1548 2746 3582 4780
759 2363 2008 3612
5108 5268 3540 3700
148 2026 2213 4091
7071 8258 9651 10000
1366 2732 3799 5165
8991 10000 0 1867
0 2147 1290 3667
842 2488 245 1891
6460 8629 8799 10000
444 1335 0 880
1804 3562 5879 7637
0 915 1689 3531
8360 9917 7670 9227
2325 4312 1403 3390
1643 2826 3815 4998
8529 8637 718 826
4704 5999 9383 10000
8472 9753 4547 5828
5750 5855 4735 4840
8089 9384 2230 3525
0 1039 3165 5383
6073 8003 0 1107
8423 10000 8776 10000
8025 8567 7632 8174
408 2641 3269 5502
3096 5437 3557 5898
8578 8761 61 244
3696 5968 6639 8911
5535 6891 8889 10000
1790 2303 2578 3091
9409 10000 6285 6943
3925 4455 1049 1579
8726 10000 8609 10000
150 1891 0 1030
9320 10000 7677 9190
1703 3602 2527 4426
5346 6076 9718 10000
4712 4963 9915 10000
3114 3184 9795 9865
5302 6442 8743 9883
463 1997 7600 9134
4339 5321 6794 7776
3702 4591 6158 7047
1316 1474 7683 7841
3681 3978 7281 7578
0 1278 7475 8783
1337 2601 2368 3632
2997 4808 3948 5759
914 2481 7032 8599
0 433 8396 8981
4499 6238 4262 6001
3507 5907 6657 9057
1454 2657 7047 8250
955 2861 1771 3677
7893 8485 3349 3941
6360 7210 8936 9786
3861 4071 8175 8385
1422 1753 4093 4424
851 1933 0 643
8023 8617 5239 5833
5429 5570 2144 2285
1306 3367 5105 7166
746 2000 8781 10000
7736 7869 2674 2807
3263 4999 886 2622
1194 2977 8299 10000
7025 8310 2694 3979
4923 6307 3700 5084
3379 5134 4008 5763
4477 6516 7859 9898
1007 2443 2636 4072
8412 8912 38 538
824 1266 5278 5720
7034 9042 1487 3495
6297 7311 6566 7580
4508 4938 8703 9133
0 432 1498 2033
5021 5958 115 1052
8056 9915 6873 8732
2816 4505 2751 4440
6978 8041 3671 4734
6728 7927 3837 5036
0 162 4459 6457
0 632 5108 6027
0 1400 4574 6264
8225 10000 4156 6049
1650 3485 8782 10000
6786 8342 0 1522
2857 4102 0 696
811 2214 3455 4858
7222 7586 7734 8098
7571 7647 5326 5402
6217 7736 6979 8498
0 1589 8314 10000
3457 4047 6781 7371
7769 9599 7005 8835
1736 3631 6249 8144
8594 10000 4951 7304
8317 8431 2302 2416
3729 5270 4679 6220
8956 9681 7264 7989
1662 3156 9132 10000
7432 9358 6570 8496
4505 6439 7933 9867
2375 3012 3904 4541
5997 7193 2794 3990
1040 3286 6240 8486
1373 2331 155 1113
7422 9225 3850 5653
3633 4864 552 1783
3118 4733 840 2455
5563 7737 2546 4720
0 1197 5960 8283
2352 4380 0 32
2452 4883 2844 5275
8476 8601 5195 5320
860 2844 0 536
8021 10000 8649 10000
3631 5178 6395 7942
1347 2694 7547 8894
5408 6509 9483 10000
9169 10000 4930 6001
1344 1689 9412 9757
6675 7704 3391 4420
0 597 4836 5774
5403 6061 6150 6808
3016 3339 2021 2344
7937 8085 1763 1911
7506 8181 7433 8108
5981 6297 3924 4240
7730 7839 9352 9461
4978 6264 7594 8880
8135 10000 6059 8424
0 1082 2149 3411
5130 6913 1841 3624
2956 5263 0 937
9266 9270 1804 1808
2998 4696 6182 7880
3645 5023 2581 3959
7085 7309 6777 7001
4724 4979 2261 2516
7900 8312 8959 9371
1294 2114 1123 1943
2238 2843 4407 5012
420 1868 7382 8830
930 2900 9079 10000
5547 6958 3268 4679
4267 6520 510 2763
8350 9146 2851 3647
5240 7284 8316 10000
9589 9964 3654 4029
4776 7042 4312 6578
3195 4890 3259 4954
3114 4670 3381 4937
6958 8555 705 2302
3572 5432 8021 9881
1496 1661 6347 6512
2608 3943 501 1836
6272 7006 5893 6627
1937 3927 6184 8174
8341 9201 3692 4552
7559 9448 2100 3989
4469 6175 964 2670
1997 2456 2166 2625
2269 4642 0 2096
5409 6980 5853 7424
5500 7354 2594 4448
6172 7132 5862 6822
4560 6409 7060 8909
2268 3357 4950 6039
5233 7316 7795 9878
8739 9879 9588 10000
8057 8262 1786 1991
3878 4138 4007 4267
3887 5856 0 1902
3295 4623 679 2007
12 1126 6245 7359
963 2498 5978 7513
8623 8818 3222 3417
657 1544 797 1684
9436 10000 1562 2251
2746 4559 7557 9370
7316 8210 5267 6161
2858 3929 5514 6585
8163 9066 4367 5270
1023 1897 991 1865
6191 6331 4067 4207
5964 6143 32 211
5762 7222 6446 7906
6777 8903 0 1872
6748 8686 2352 4290
979 2399 5730 7150
2655 4669 5320 7334
2679 4647 5490 7458
2486 2528 4520 4562
4448 6863 5083 7498
535 2528 1395 3388
166 1994 61 1889
7798 9367 4473 6042
3406 3563 7734 7891
4355 5083 7519 8247
0 1861 2429 4783
7214 8694 1260 2740
2417 4393 5941 7917
5875 8075 3454 5654
6546 8491 6829 8774
7003 8207 9432 10000
3430 3494 7816 7880
0 328 5793 6463
2210 3238 4882 5910
6669 7464 3532 4327
5305 6633 4329 5657
1261 2384 5556 6679
7441 8524 2562 3645
0 1146 3875 6027
3432 3886 1223 1677
5305 6272 1292 2259
4434 6731 6111 8408
6825 8715 7108 8998
0 697 1016 2270
5747 6920 9173 10000
6993 9073 5968 8048
8578 10000 6782 8737
293 2117 6144 7968
4884 7015 1966 4097
1341 1717 4575 4951
4836 5914 8851 9929
9556 10000 6124 6928
2443 4055 5634 7246
7289 8655 8063 9429
8640 8704 8877 8941
9878 9963 6131 6216
6756 7813 2824 3881
1976 3599 6651 8274
6877 8165 7419 8707
9271 9674 2461 2864
537 639 8504 8606
9523 10000 6779 9190
4665 6479 831 2645
6796 8648 4287 6139
8689 9273 1672 2256
5736 7975 6920 9159
3557 4608 7435 8486
3968 4248 8760 9040
3396 1364
9694 5372
4 6622
3550 8693
2688 4203
2842 2811
5496 1518
2016 1197
9186 4148
1553 7580
6178 7052
4962 7934
4334 1556
985 8108
9400 7525
4776 9487
7672 3659
3943 5803
2787 3662
9445 4375
5111 2305
7341 1363
4317 8994
3616 1478
8445 8752
5955 5747
4430 3864
5005 5684
3310 7848
2970 1469
7512 8186
5816 6282
2283 4252
7602 9997
825 4620
8867 2
1521 1519
7590 2669
8521 5070
6973 3576
4241 3178
2539 4237
7277 5878
8606 1313
176 5095
5287 1361
4940 3362
5673 3193
6268 7970
5159 3751
7872 1722
280 1368
7277 847
3783 3440
4146 1426
1807 5100
6769 7196
5655 6622
9981 5123
4588 3837
7108 4295
6901 2277
7971 4118
3138 9981
191 8357
3075 3179
1073 6748
6258 9410
9321 8233
9670 9439
2173 2056
6522 9600
9633 910
7140 382
3962 4760
6542 3721
1696 8873
517 3023
7528 1017
4535 6719
8733 1988
48 7860
6469 465
3669 765
2093 4997
1095 1822
9145 1583
8049 715
976 4365
1876 6551
9391 5219
1310 3476
705 4443
1453 1767
7746 7302
7523 2068
8012 1381
5626 6760
9367 3519
6306 5752
639 4166
217 7025
7806 6427
5966 1780
6898 8926
3774 5004
7742 7462
2230 4065
7946 4300
7927 1081
3657 8214
9257 9427
1617 5018
4059 4329
771 8461
4267 3082
1067 9300
1911 7034
4403 3582
4621 8190
6333 993
3515 1276
8179 1065
2490 556
3583 2219
3697 2523
6844 7047
1388 7018
1792 7221
1359 6339
8003 6539
9108 9549
1101 900
298 6644
6803 7145
8328 1649
5256 3713
3485 5191
255 7099
9495 1723
6455 7711
4018 3005
3244 6220
5977 2872
4420 8954
14 4215
9702 6506
1098 9318
3623 3562
7443 212
6954 4431
9784 4282
891 8309
1226 2628
7240 456
6081 9261
9537 4972
33 9297
8566 8700
6992 8589
5290 7581
6288 3639
7002 8736
3135 2679
2998 677
7252 3369
5095 6110
5348 3552
9871 6537
9055 9327
1542 2907
1870 7601
8434 8075
1721 822
4644 619
9721 8883
5204 9493
5549 8606
403 3115
5949 7802
8450 7809
1251 5281
3487 7203
8910 622
6213 440
6166 973
7390 3508
7467 6536
5437 7757
948 7602
2400 1662
6407 3318
1731 3278
6538 9753
8973 1726
2327 4263
4918 2921
2331 5825
3071 5698
2417 9886
9555 132
9098 5149
5225 8010
9438 3421
4281 7560
906 774
4973 8461
2908 9026
8884 2433
9537 5156
445 3102
554 3780
1351 8469
8284 4448
3297 6638
7261 6412
6539 7353
4677 3288
4626 5652
4277 9215
3827 7256
213 9
2543 8128
4269 5203
7955 5792
3566 8995
6109 6572
4250 3873
7035 9713
1181 6874
3102 6015
6251 9533
6917 4914
1773 4767
6935 460
2524 4872
5931 9693
959 6951
219 9767
6648 4141
748 8723
7738 3172
4320 9317
2168 3205
3054 3728
160 3323
9087 6197
8484 7978
786 735
1068 6358
9882 4260
3000 6887
8196 7241
2446 1771
1436 6689
1958 2904
5221 8947
6470 6184
3687 3686
7878 599
5618 6388
9037 3336
5863 766
9496 5686
6825 5954
7695 2071
8160 4194
3492 3346
144 4386
9429 1666
33 4779
6252 5231
4684 467
3058 440
9007 2306
3659 3114
2746 3715
3691 6574
7536 8404
2777 9231
9720 885
5322 740
4022 4177
8256 4398
9322 3735
7384 8743
9214 8419
9926 9913
5845 672
3621 2422
7792 8274
3689 3368
5058 4454
4959 2197
7264 6132
5426 7784
8539 2122
2927 3031
7998 8558
171 9160
1836 698
5507 6435
2115 7899
6542 7246
7087 6894
3916 674
9654 9167
415 8911
1129 5822
4574 1120
9939 5555
9844 5599
1009 5845
9435 9903
1967 64
181 4064
1073 1014
8251 3392
6359 4585
7974 2797
3628 9945
1896 7870
7070 3552
8469 1660
6509 7969
5781 6856
7830 3779
209 9757
5629 2507
1817 1750
4684 8098
4180 1964
7162 2655
7026 888
9994 3385
6742 8338
6442 8711
477 8782
4067 8779
5691 84
1547 8875
7250 6210
8562 2325
7737 7394
8727 2140
9253 6292
2886 3690
4877 1961
9273 1763
6830 4975
1509 7188
5033 9720
8713 4420
6456 3986
3306 5871
928 2567
5165 3600
2951 2502
2508 441
761 9473
7645 5001
8201 4159
6584 9073
8106 5610
2326 2423
975 8367
9625 3366
8861 9018
3025 4816
5586 5301
1945 5378
6536 4148
7270 1747
1334 7215
371 4848
5352 7321
527 7130
1984 219
9594 6649
7308 2558
7047 7178
4089 2610
3741 3609
5922 8819
6827 3907
4109 2519
7249 3270
4472 3912
900 7107
1996 1858
8927 2467
8623 8244
4521 9547
658 5414
8872 6503
6629 4171
8192 9675
2037 5569
6170 847
7419 4831
1253 3079
5487 9499
8041 7851
2556 5834
822 2360
7218 3991
7383 7733
7730 7710
8595 6258
725 7162
9705 9370
608 9653
4011 7742
2616 2681
6110 5844
5418 8724
3923 693
1045 5968
7083 928
9598 407
1452 8143
3229 3340
8522 2940
340 2758
1200 930
3779 9291
8625 8580
3807 1752
3328 7968
641 3057
3256 413
8419 5186
2972 7326
4450 8239
584 5582
2873 3235
7902 9383
8494 7367
272 8063
1779 9788
5500 8716
3892 9563
3530 6145
6132 9569
1105 1049
6725 415
1855 3450
8056 3274
9545 4510
8926 7560
2312 2803
3926 8843
1563 3021
9401 1032
8641 8076
5839 1232
8650 8971
5217 6836
5134 5518
1962 7029
8842 4691
1830 3470
6907 8484
2575 1886
8032 5058
1092 5718
5428 4762
4290 5299
3102 6940
4557 3059
1822 8689
1453 6490
4535 3244
2188 7248
4389 7443
3908 4676
8212 8199
7304 2420
1109 999
1709 1442
1250 6699
2145 1390
2754 5914
1711 2866
9156 8567
6566 9061
7491 8409
9234 6643
4884 141
9228 9577
7910 9288
7358 2639
9240 8452
6189 8788
2355 7601
2879 1506
3174 3896
1073 4940
9862 7136
2542 6007
8129 7542
2619 8948
6333 9538
7556 1599
5193 5501
7983 2132
3236 9167
6039 9794
9758 6288
6894 2104
4142 7869
568 4577
1043 5816
5912 2814
8324 7198
9624 7322
5127 3426
9182 4837
4317 9367
2136 1799
1425 5199
2595 7368
95 9118
8092 2922
7908 1629
894 4468
5362 9166
3387 8795
8809 3113
8279 6515
7489 6571
375 7788
9857 1837
5034 4108
257 324
3445 8506
4984 2512
8064 150
8560 256
3437 2052
9041 6292
5003 3372
6633 9688
6599 810
2570 998
8232 5117
3991 9440
3431 9386
5810 9375
7079 4943
76 6055
9126 5290
3265 2406
9426 1173
5754 7200
1916 3897
819 2707
5136 3686
1541 3298
7208 9941
1583 5003
9350 1210
1056 3620
1475 284
7060 8835
466 748
2198 6961
806 2050
8368 7675
3221 1545
2017 4209
8588 720
5962 9699
8749 5818
5848 4787
8636 3414
304 3521
6696 606
8898 9730
8501 7734
1465 4473
4517 4780
8584 174
5223 8280
6081 9981
2107 2666
9461 6928
4224 1393
9680 9554
461 776
9417 8973
3477 3583
6005 9749
4872 9945
3155 9816
6244 8783
1762 7787
5164 6895
4219 6869
1425 7690
3740 7325
460 7958
1704 2638
4635 5055
1424 8534
352 8785
5412 4841
3682 7856
1755 8042
1208 2715
7948 3503
6419 9402
3967 8241
1552 4213
1887 508
8529 5667
5473 2277
1401 6387
762 9895
7819 2688
4470 1727
1292 9509
8097 3351
5801 4848
3395 5158
4567 8264
1584 3442
8856 465
1163 5473
7520 2529
6819 6664
4657 9101
344 1761
5112 242
8512 7037
3752 3378
7845 4611
7450 4166
39 6264
557 5833
371 4901
8837 5579
2471 8942
7076 485
3180 138
1629 4108
7396 7780
7636 5351
7633 7831
1515 8351
3543 6795
9227 7891
2393 7035
9963 7056
8348 2336
3926 4956
9290 7971
2585 9478
7529 7414
5499 8080
2855 4446
6000 3643
1953 6360
1616 510
8802 4434
3989 1058
3269 1661
6527 2807
457 5987
3902 15
4156 4638
8528 5263
2370 414
9117 9765
5004 6530
1755 7911
5531 9524
9964 5824
1672 9733
6968 4414
426 5208
5889 6782
3199 2297
7970 1769
7579 7507
6064 3970
7731 9359
5353 7740
9173 7858
117 2392
6499 1906
3097 353
9269 1804
3312 6985
4483 3825
7183 6996
4957 2457
8001 9327
2046 1461
2791 4834
623 8607
2018 9378
5945 4596
6368 1035
8504 3406
6268 8923
9788 3941
5594 5126
4038 4172
4395 4192
8482 1570
5079 8607
1497 6401
2892 1569
6799 6251
3542 6677
9039 3947
8407 2524
4751 1641
2070 2217
3246 922
6336 6418
6002 4370
6650 6017
4841 7687
2343 5421
6252 8167
9293 9604
8119 1787
4100 4165
4617 1598
4305 759
1103 6638
1901 7224
8678 3289
714 888
9889 1901
2798 8027
8072 5891
3042 6423
8474 4963
1377 1448
6253 4200
5996 150
6550 6568
8785 1211
7611 3243
1133 6419
3005 5596
3808 7021
2504 4556
6330 5898
958 1685
1772 1418
7863 5468
3490 7778
4507 7850
1723 3214
7604 2071
3558 7842
6300 3783
8263 7992
7694 9795
3485 7875
72 6364
2252 5034
7306 4278
6463 4618
1427 5994
8020 3341
185 4488
3739 1347
5747 1406
6027 7010
8025 7615
59 1853
6448 9805
8179 7393
9902 8055
726 6825
5314 3787
1541 4945
5076 8942
9772 6481
3245 6076
8265 9357
8703 8882
9954 6166
7289 3466
2073 7080
7520 7881
9453 2664
570 8569
9604 7265
6432 1223
7844 4391
9178 2081
7495 9113
3732 8214
4154 8832
