800 122 400 8 579
1 1 3 3 2 1 2 9 1 2 10 9 16 8 4 6 4 5 1 7 1 9 1 10 2 11 7 10 12 3 9 2 5 25 11 3 6 12 2 10 1 2 5 3 4 17 35 1 16 7 2 3 4 3 2 4 14 4 1 3 4 8 5 2 3 14 5 8 1 2 21 2 13 1 30 4 1 3 3 26 1 4 3 1 1 3 8 15 5 6 3 6 40 1 7 5 4 2 4 6 4 15 6 5 2 2 11 6 8 2 8 7 3 7 6 4 2 1 5 27 8 3
9148 9448 442 742
687 947 1980 2240
4692 5034 4556 4898
1502 1629 9715 9842
5083 5448 682 1047
6466 6993 8593 9120
5938 6308 3292 3662
7133 7505 6569 6941
8351 8765 1664 2078
6891 7234 1961 2304
9557 10000 8046 8562
299 790 3628 4119
6875 7012 4146 4283
3978 4379 1389 1790
683 715 9928 9960
14 454 8 448
5330 5549 3375 3594
6956 7189 5278 5511
6831 7153 6944 7266
7592 7954 6758 7120
1235 1708 7189 7662
8279 8709 2213 2643
9874 10000 6443 6778
2993 3114 4756 4877
3545 3787 1315 1557
8389 8921 3420 3952
2408 2702 6380 6674
8787 8930 8199 8342
8729 9231 3358 3860
2197 2706 9019 9528
431 433 1917 1919
8746 9220 5948 6422
3923 4185 5277 5539
8514 8529 2507 2522
3794 3857 7865 7928
2085 2623 7640 8178
9182 9502 3467 3787
7691 8229 5198 5736
6644 6690 1465 1511
9342 9810 1594 2062
7596 7760 927 1091
4026 4328 8037 8339
156 554 6292 6690
3500 3835 5262 5597
642 1111 4244 4713
5847 6304 6204 6661
2926 3346 2283 2703
8376 8378 5133 5135
2973 3367 8002 8396
9091 9430 5349 5688
7746 7887 8287 8428
8197 8223 1084 1110
5682 5752 8278 8348
1573 1851 3109 3387
6056 6435 1869 2248
4677 5108 596 1027
9490 9875 7498 7883
911 1473 7263 7825
87 172 1325 1410
2664 2844 3620 3800
531 682 8876 9027
2261 2518 6389 6646
4299 4593 310 604
2797 3285 5692 6180
8343 8608 7135 7400
612 1076 8396 8860
9167 9616 4340 4789
4735 5245 2374 2884
4508 4725 6233 6450
7283 7849 7488 8054
158 654 5346 5842
1493 1753 2712 2972
2030 2196 4844 5010
2736 2828 5913 6005
0 33 0 351
7363 7804 0 227
7002 7072 7030 7100
4473 4822 5276 5625
8862 9238 6436 6812
8052 8089 5769 5806
2043 2273 6622 6852
5335 5718 8465 8848
6605 6981 380 756
4766 5004 810 1048
1669 2179 2793 3303
5035 5211 8544 8720
6037 6605 1745 2313
2416 2645 379 608
5814 6089 3745 4020
2469 2487 630 648
7627 7870 9234 9477
9399 9558 3102 3261
754 1121 5139 5506
3533 4042 327 836
6890 7289 6262 6661
6961 7178 8001 8218
40 598 7772 8330
306 431 4802 4927
6791 7088 763 1060
8524 8958 1720 2154
874 921 5121 5168
6479 6629 2392 2542
4111 4239 3469 3597
4401 4917 6748 7264
1765 2003 5667 5905
8983 9083 1336 1436
493 1060 3035 3602
9763 9882 9449 9568
5860 6021 7467 7628
2836 2938 8713 8815
4380 4847 692 1159
4128 4649 9488 10000
5659 5900 9101 9342
5220 5660 9815 10000
5125 5340 2178 2393
788 887 3183 3282
262 776 5873 6387
8933 9096 4599 4762
424 812 4072 4460
3394 3498 2956 3060
4241 4381 5519 5659
621 1039 7102 7520
1440 1839 1575 1974
5964 6294 2793 3123
8265 8359 4786 4880
1067 1119 9510 9562
3708 3990 6308 6590
777 1114 661 998
7259 7478 185 404
9471 9793 3374 3696
4168 4701 1878 2411
9457 9931 8949 9423
7420 7738 2696 3014
2895 3193 5315 5613
2948 3000 8023 8075
9547 9763 6596 6812
9014 9260 1585 1831
8125 8361 8342 8578
5154 5303 324 473
8898 9272 9039 9413
4911 4989 9517 9595
3503 3692 2609 2798
3817 4138 9751 10000
6352 6763 6992 7403
5744 5958 7660 7874
7864 7876 5301 5313
8065 8416 7241 7592
7261 7356 5596 5691
3323 3782 4374 4833
5415 5963 3520 4068
5240 5309 2037 2106
4075 4266 7843 8034
2340 2612 4398 4670
8037 8610 3905 4478
5255 5713 4145 4603
3161 3178 2245 2262
4545 4923 5262 5640
3771 4107 6594 6930
3580 3971 4933 5324
3723 4051 3257 3585
7513 7822 2626 2935
748 981 1424 1657
3060 3591 9735 10000
8053 8595 6021 6563
5393 5435 605 647
1248 1728 9541 10000
7590 7623 6609 6642
5727 6084 8283 8640
2686 2880 6233 6427
7426 7431 9410 9415
8493 8992 7367 7866
5573 5931 4688 5046
2646 3190 368 912
1940 2494 5454 6008
6964 7057 3414 3507
8160 8171 5683 5694
4847 4940 3353 3446
923 993 5938 6008
9201 9652 6205 6656
2773 2990 7602 7819
6308 6821 6923 7436
7888 8252 1290 1654
2057 2110 2592 2645
7591 7880 5805 6094
7952 8023 2767 2838
1336 1411 9514 9589
7077 7320 4253 4496
2432 2608 7383 7559
1265 1391 9443 9569
555 727 6155 6327
5544 5700 229 385
772 849 6561 6638
3021 3537 5274 5790
5387 5610 2109 2332
6993 7335 4395 4737
8441 8660 1454 1673
1083 1449 1554 1920
5039 5325 2517 2803
6658 6718 5175 5235
7319 7590 4029 4300
8930 9434 604 1108
9797 9948 5634 5785
6346 6800 7022 7476
8890 9139 8471 8720
4727 4735 1687 1695
2769 3071 9268 9570
8553 8809 4912 5168
3462 3502 3839 3879
0 466 0 394
8565 8578 6127 6140
8365 8693 9335 9663
6990 7100 6530 6640
5541 5858 8399 8716
1386 1666 8841 9121
9607 9665 6220 6278
6528 6927 9570 9969
2767 3046 2315 2594
9215 9463 9804 10000
9272 9384 583 695
1297 1531 3315 3549
3825 3978 7318 7471
4119 4332 9265 9478
2622 2955 3745 4078
3912 4215 2347 2650
3549 4020 208 679
7682 7894 3470 3682
7765 8247 6304 6786
6096 6408 4253 4565
2760 2953 596 789
496 879 178 561
9632 9724 713 805
7201 7298 408 505
9588 9779 2717 2908
2341 2774 2243 2676
1533 1923 4202 4592
2814 3382 3559 4127
181 576 2458 2853
6320 6724 4002 4406
2786 3302 7334 7850
6839 6987 6404 6552
3166 3445 6717 6996
6743 6911 6117 6285
4172 4213 3815 3856
1639 2118 7538 8017
9792 9969 2154 2331
495 786 5706 5997
8932 9064 5850 5982
3304 3477 4713 4886
6517 6889 1954 2326
6854 6901 5255 5302
9073 9467 4048 4442
1056 1473 5669 6086
6021 6576 9686 10000
8904 9423 9434 9953
9411 9563 628 780
1403 1629 0 114
8520 9020 8994 9494
5860 6350 4377 4867
9120 9547 9640 10000
2567 2873 5799 6105
1292 1465 4246 4419
4688 5202 479 993
1421 1877 6329 6785
7734 8102 7569 7937
2580 2926 6762 7108
9484 9490 2567 2573
5606 6081 8684 9159
9486 9732 3999 4245
4540 4982 383 825
6454 6607 2040 2193
4720 4878 7221 7379
9054 9577 8949 9472
8689 9245 7284 7840
6851 7003 9177 9329
4447 5022 5903 6478
1415 1638 4077 4300
3883 4172 4516 4805
2527 2712 133 318
5216 5290 9696 9770
5715 6291 2746 3322
5649 5963 6863 7177
1634 2133 1503 2002
4848 4985 9628 9765
4003 4494 8888 9379
4301 4474 3885 4058
3470 3836 7690 8056
8606 9005 5301 5700
4 107 376 479
816 1205 6742 7131
8543 8904 2265 2626
2191 2437 2645 2891
3915 4354 5636 6075
3169 3242 1262 1335
1016 1018 7587 7589
3743 3883 2249 2389
6544 6752 4532 4740
117 496 6005 6384
6788 6882 1692 1786
1420 1643 970 1193
7764 8322 551 1109
1221 1565 4482 4826
8075 8193 3865 3983
8211 8596 3085 3470
976 1400 1695 2119
9774 9816 4044 4086
8766 8803 5975 6012
7167 7646 3770 4249
2253 2663 9694 10000
8478 9020 4963 5505
4097 4367 8821 9091
8115 8316 117 318
1363 1495 681 813
846 1352 7399 7905
257 613 3283 3639
4230 4430 9262 9462
4520 4673 4655 4808
5123 5160 4893 4930
7452 7819 8584 8951
2514 2692 539 717
4056 4431 7154 7529
3525 4003 4305 4783
5258 5592 4529 4863
6400 6794 2992 3386
7980 8197 8647 8864
4971 5279 9372 9680
8317 8445 7464 7592
3615 3694 5231 5310
1280 1640 6699 7059
7977 8220 501 744
4707 5225 7566 8084
2145 2302 2405 2562
261 707 4451 4897
2845 3359 9632 10000
1285 1291 8358 8364
3645 4081 4363 4799
6776 7000 9303 9527
5466 5943 8206 8683
6446 6628 4067 4249
6524 6645 7262 7383
8483 8585 3341 3443
3778 3878 5431 5531
8175 8252 5795 5872
7711 7755 820 864
5077 5115 6948 6986
8909 9377 1460 1928
549 965 7731 8147
7707 8133 8944 9370
5578 6038 5539 5999
3888 4253 5331 5696
7344 7373 1484 1513
1124 1658 8850 9384
101 213 2683 2795
2766 2846 7027 7107
5135 5614 5573 6052
2294 2682 5833 6221
0 217 7743 8114
6267 6497 8363 8593
8292 8849 7599 8156
5580 5648 5826 5894
910 1038 8045 8173
9168 9338 7384 7554
3245 3420 1206 1381
8070 8138 6779 6847
2750 2907 1037 1194
4376 4926 7344 7894
6710 7146 4589 5025
8131 8438 3032 3339
5165 5316 1760 1911
4769 5079 2236 2546
3252 3360 9230 9338
6780 7350 8946 9516
8143 8207 3220 3284
9376 9620 7471 7715
6728 6877 4879 5028
490 751 9036 9297
7188 7205 3073 3090
790 948 8272 8430
5392 5739 7034 7381
5159 5193 3850 3884
5897 6273 7556 7932
2255 2713 6885 7343
6793 7259 2042 2508
3071 3332 6192 6453
3586 3688 7246 7348
816 1156 1057 1397
2071 2555 2847 3331
2824 3141 5418 5735
6497 6610 7591 7704
3943 4263 742 1062
8816 9101 2708 2993
1157 1558 8884 9285
6859 7275 3881 4297
7786 7866 5055 5135
8778 8891 8983 9096
7167 7179 138 150
203 570 0 169
2373 2935 8828 9390
1346 1499 446 599
7067 7498 7644 8075
414 579 5467 5632
8850 9356 7986 8492
7327 7534 2944 3151
4677 5019 9517 9859
2509 2523 1069 1083
6903 7299 4144 4540
442 548 4639 4745
2832 3093 2016 2277
8763 8872 8002 8111
3550 3594 5926 5970
7279 7299 5054 5074
9886 10000 3088 3288
2110 2111 4426 4427
6380 6890 9161 9671
5452 5564 830 942
6991 7023 864 896
2249 2653 6740 7144
6575 7011 3883 4319
6058 6205 6283 6430
2841 3186 9378 9723
8048 8266 6146 6364
5704 5820 8129 8245
7613 8070 2753 3210
6757 7098 9064 9405
3037 3309 6958 7230
2505 2948 7970 8413
6261 6666 3098 3503
6783 6994 3393 3604
1952 2328 3483 3859
2651 2697 9760 9806
3244 3457 3791 4004
8214 8398 1200 1384
2301 2645 1702 2046
3750 4226 263 739
6723 7203 4046 4526
5166 5413 7807 8054
6523 6678 5290 5445
5700 6235 4467 5002
4138 4251 2057 2170
0 342 5871 6448
6441 6642 3764 3965
4352 4433 3525 3606
961 1163 5936 6138
3444 3538 3778 3872
5893 6410 4395 4912
5429 5950 7858 8379
9454 9725 9007 9278
4064 4489 9021 9446
3397 3730 2091 2424
9363 9785 0 325
5488 5932 7390 7834
2113 2621 8879 9387
7728 8290 2700 3262
518 781 1176 1439
1959 2245 1431 1717
1268 1724 2048 2504
4946 4975 3027 3056
96 637 0 237
9302 9310 5340 5348
9033 9397 3544 3908
5319 5323 9490 9494
9089 9428 0 167
2143 2290 9422 9569
6163 6567 1802 2206
9109 9538 7692 8121
6737 7178 1347 1788
7533 7985 5031 5483
8191 8766 2162 2737
1595 2064 8412 8881
4131 4439 0 158
4147 4180 7467 7500
5016 5372 4336 4692
562 728 6510 6676
116 588 6256 6728
9625 9813 320 508
0 431 3613 4158
8356 8674 2772 3090
159 168 2209 2218
603 616 3924 3937
2485 2928 1070 1513
6820 7310 3640 4130
2363 2675 6129 6441
3860 3964 1460 1564
8990 9103 7051 7164
132 439 1247 1554
152 615 2386 2849
3708 4073 4667 5032
4287 4584 8362 8659
9032 9440 680 1088
9356 9409 8678 8731
206 546 5566 5906
7009 7413 2833 3237
2170 2486 7977 8293
5368 5799 8752 9183
779 1053 4933 5207
1570 1779 231 440
6042 6282 9190 9430
8372 8757 4883 5268
7803 7920 1204 1321
3856 3918 9681 9743
9203 9381 5913 6091
6379 6857 2209 2687
3473 3822 9264 9613
7520 7857 396 733
3387 3940 3245 3798
6306 6672 7091 7457
1340 1908 7219 7787
7368 7941 8928 9501
2728 3284 2294 2850
6565 7060 1757 2252
22 423 1694 2095
3959 4336 7350 7727
7140 7511 8154 8525
7853 8327 3366 3840
5638 6132 2238 2732
5625 5923 3803 4101
340 509 6835 7004
4716 5235 7148 7667
1223 1599 2673 3049
1175 1213 8303 8341
2672 2959 3337 3624
780 973 8866 9059
4701 5255 3460 4014
457 931 8761 9235
9764 9937 247 420
22 295 5035 5308
5909 6099 4300 4490
8737 9311 7444 8018
6831 6915 2284 2368
6875 7361 4086 4572
541 978 8215 8652
2312 2746 6962 7396
3379 3438 4440 4499
321 515 1866 2060
3663 4018 9680 10000
6302 6372 6156 6226
6181 6455 4678 4952
4685 5176 3840 4331
1170 1726 3616 4172
8020 8289 434 703
9648 10000 8993 9537
3401 3542 1194 1335
991 1046 6978 7033
4280 4806 8730 9256
7649 8061 1556 1968
990 1287 4266 4563
7035 7201 5969 6135
4778 5076 3916 4214
8765 8787 4877 4899
2002 2187 3076 3261
2836 3312 1528 2004
5462 5671 3726 3935
3243 3764 901 1422
1022 1554 249 781
8140 8212 6289 6361
6688 7005 6282 6599
721 1081 8840 9200
1484 1626 3135 3277
5637 5773 1404 1540
8567 8632 4777 4842
3138 3606 8647 9115
1471 1574 9047 9150
8267 8365 5210 5308
8081 8568 4833 5320
7525 7730 2428 2633
7584 7872 1590 1878
1367 1680 5820 6133
4868 5207 5011 5350
124 195 6662 6733
4258 4338 1309 1389
6094 6568 3274 3748
7217 7563 3653 3999
8608 8974 1767 2133
2505 2701 1149 1345
354 931 1506 2083
4938 4987 7444 7493
5919 6439 6111 6631
6746 7053 1953 2260
7089 7166 6478 6555
2493 2871 9703 10000
5642 6125 9177 9660
4083 4537 9285 9739
5075 5603 5535 6063
9645 10000 7196 7658
0 466 5919 6422
2534 2944 7127 7537
4801 5218 8213 8630
4726 5018 2853 3145
4402 4422 7152 7172
449 782 1791 2124
6829 6894 8912 8977
2986 3279 3941 4234
3331 3335 7759 7763
868 1160 1407 1699
2104 2433 9446 9775
3670 4220 5488 6038
3415 3662 6833 7080
23 143 7503 7623
4486 4883 3356 3753
4212 4464 6466 6718
4133 4626 2117 2610
1689 1950 1649 1910
686 1059 8851 9224
6029 6235 3972 4178
270 732 8798 9260
5513 5943 9296 9726
7669 8134 8945 9410
6061 6403 2497 2839
5065 5173 6842 6950
1624 2048 8018 8442
1455 1954 1938 2437
6883 7156 9146 9419
8482 8575 3589 3682
3320 3742 3232 3654
8828 9216 2115 2503
760 777 6381 6398
8257 8414 6487 6644
6941 6997 185 241
3696 3775 9006 9085
2580 2764 5700 5884
1145 1713 7045 7613
7350 7812 6624 7086
9384 9671 2821 3108
4489 4998 5238 5747
1325 1558 3963 4196
8832 8910 8911 8989
1083 1233 4523 4673
1247 1502 4871 5126
5386 5523 5737 5874
1386 1655 4635 4904
74 494 8649 9069
3427 3783 4050 4406
3827 3898 7234 7305
1684 1949 3578 3843
3501 3983 1950 2432
3921 3968 2193 2240
7761 7997 8360 8596
2908 2979 5463 5534
8669 8869 9456 9656
6460 6628 2260 2428
6347 6836 87 576
2931 3105 2596 2770
523 608 4789 4874
1135 1419 2162 2446
1833 2197 438 802
3352 3851 4412 4911
2236 2410 4306 4480
3947 3978 6695 6726
7394 7655 2354 2615
3263 3672 1038 1447
1828 2170 6265 6607
6274 6622 5962 6310
3546 3811 6738 7003
2989 3169 3109 3289
2990 3041 1611 1662
2808 2869 1685 1746
5536 5760 8744 8968
3040 3176 7051 7187
8122 8434 2598 2910
9837 10000 6748 7200
1699 2163 4153 4617
4860 5316 2301 2757
2195 2437 3781 4023
874 1452 2365 2943
585 785 5967 6167
6382 6608 2895 3121
2244 2348 1447 1551
19 153 4117 4251
8509 8769 4427 4687
608 804 754 950
7143 7635 1885 2377
4295 4841 735 1281
9109 9251 242 384
4306 4862 2264 2820
4679 5118 3858 4297
6889 6922 441 474
1664 1691 7087 7114
9432 9964 4461 4993
49 165 6400 6516
2595 3164 6310 6879
1471 1909 6292 6730
3805 3906 7101 7202
7953 8093 1505 1645
6956 7041 9510 9595
3351 3584 3918 4151
2124 2186 9182 9244
9237 9455 4904 5122
6038 6042 9598 9602
463 912 6600 7049
9867 10000 9605 9969
1586 1986 7934 8334
4975 5203 7305 7533
2888 3247 9441 9800
4389 4618 7684 7913
9319 9857 5239 5777
9373 9653 2609 2889
2242 2548 8131 8437
123 442 5452 5771
596 794 8423 8621
6932 7341 5634 6043
6422 6718 9623 9919
5443 5887 1513 1957
7399 7636 6886 7123
4027 4383 3512 3868
8556 9100 1961 2505
1336 1623 2256 2543
7219 7343 2389 2513
4226 4501 7603 7878
8678 9254 8790 9366
377 660 2304 2587
3562 3918 4987 5343
1156 1644 3653 4141
3232 3763 7491 8022
2633 3186 8473 9026
181 670 678 1167
2931 3287 9259 9615
9656 9816 7936 8096
4889 5234 7259 7604
4332 4504 6236 6408
8977 9177 6201 6401
841 955 465 579
7024 7145 9003 9124
5047 5050 9956 9959
4261 4500 6293 6532
1575 1804 2435 2664
8316 8826 2164 2674
4444 4847 6286 6689
76 414 0 323
2922 3329 8222 8629
9168 9734 3309 3875
405 568 7629 7792
9668 9820 3420 3572
145 464 5159 5478
9666 9931 8896 9161
2117 2694 2574 3151
1881 1951 8054 8124
2967 3409 4724 5166
5240 5518 4366 4644
8713 9083 2547 2917
8879 8884 7639 7644
6677 6683 4068 4074
5645 5911 9807 10000
3355 3402 7347 7394
711 916 5641 5846
1441 1666 4497 4722
714 950 9751 9987
3992 4411 2520 2939
3402 3903 5673 6174
7857 8311 6696 7150
4625 5079 7828 8282
8740 9062 6796 7118
7973 8377 9355 9759
5960 6321 3958 4319
3733 4224 2917 3408
5596 5646 3429 3479
4442 4683 5686 5927
337 880 8666 9209
9089 9509 6803 7223
2056 2245 1395 1584
5654 5990 1623 1959
3383 3598 4981 5196
3793 3857 6278 6342
509 1057 1658 2206
6190 6666 116 592
9382 9413 7453 7484
0 345 7713 8226
8501 8672 7832 8003
3632 4052 5284 5704
3115 3303 5075 5263
7889 8116 3539 3766
8935 9183 6124 6372
3551 3551 7847 7847
6320 6692 1629 2001
8373 8712 7328 7667
2285 2432 8173 8320
4131 4635 5847 6351
8056 8451 5993 6388
3617 3895 9529 9807
2750 3259 2736 3245
4331 4713 2160 2542
7584 7934 2275 2625
8573 8916 8131 8474
7372 7693 2909 3230
6626 7041 3159 3574
8057 8394 9438 9775
0 183 4928 5475
5788 6211 5831 6254
7334 7348 6600 6614
7698 8104 5463 5869
8600 8899 4293 4592
9472 9524 4176 4228
7602 7821 5459 5678
643 1156 3738 4251
6792 6921 3852 3981
1054 1373 2223 2542
8881 9441 8525 9085
8573 8849 8912 9188
7158 7607 7852 8301
4854 5177 7962 8285
3458 3645 9225 9412
3019 3276 110 367
9235 530
837 2224
4815 4778
1563 9838
5104 988
6984 8741
5990 3575
7161 6820
8736 2020
7138 2069
9576 8379
503 3911
6950 4236
4216 1604
696 9939
386 357
5475 3525
7042 5302
7039 7026
7775 7004
1374 7642
8306 2614
9994 6546
3026 4820
3749 1466
8921 3738
2516 6400
8834 8305
9043 3653
2463 9149
433 1917
9034 6043
4134 5478
8518 2519
3794 7911
2285 7706
9220 3630
8196 5198
6666 1487
9575 1957
7653 994
4158 8284
383 6446
3525 5325
954 4389
6198 6624
2984 2626
8378 5135
3036 8385
9141 5608
7749 8317
8208 1104
5710 8315
1847 3242
6066 2050
4801 659
9599 7737
1196 7510
142 1407
2809 3648
577 8941
2335 6477
4350 564
3065 5754
8527 7169
934 8733
9506 4493
5136 2374
4549 6420
7647 7941
414 5625
1581 2769
2094 4959
2746 5953
18 290
7540 197
7054 7075
4475 5510
9009 6667
8076 5776
2065 6664
5712 8744
6967 696
5000 816
2179 2893
5176 8637
6337 2065
2492 581
5844 3846
2469 634
7751 9463
9484 3132
1096 5363
3784 642
7145 6622
7171 8141
149 7803
429 4819
7047 986
8881 1977
914 5121
6542 2400
4237 3584
4555 6980
1841 5720
9042 1389
712 3306
9859 9504
5884 7600
2846 8812
4547 937
4225 9877
5662 9332
5523 9908
5175 2188
804 3278
446 5972
9067 4627
458 4436
3479 2963
4377 5519
798 7420
1481 1961
6106 2811
8316 4866
1067 9532
3883 6567
984 966
7345 306
9764 3389
4327 2071
9597 9296
7611 3006
2900 5574
2967 8052
9692 6629
9208 1790
8157 8395
5175 337
9008 9295
4939 9549
3613 2610
3867 9850
6510 7077
5854 7769
7864 5303
8319 7465
7302 5627
3744 4492
5847 3580
5293 2076
4086 7926
2594 4625
8344 4328
5602 4352
3167 2258
4608 5603
3901 6923
3677 5008
3913 3376
7533 2720
937 1642
3093 9839
8400 6089
5417 611
1396 9763
7618 6637
5739 8406
2688 6410
7428 9411
8579 7515
5897 4968
3146 575
2460 5851
6972 3445
8166 5687
4909 3356
977 6004
9310 6586
2947 7690
6643 6928
8067 1532
2066 2593
7747 6050
7978 2836
1403 9528
7109 4482
2462 7454
1359 9472
594 6234
5698 334
780 6630
3286 5492
5474 2298
7148 4529
8634 1583
1393 1634
5323 2531
6699 5227
7450 4218
9129 932
9890 5674
6437 7053
8914 8616
4733 1688
2979 9310
8605 5131
3501 3877
267 208
8573 6140
8411 9535
7068 6585
5615 8461
1522 9072
9622 6273
6620 9939
3013 2490
9389 9970
9379 600
1315 3423
3923 7452
4144 9288
2624 3810
4125 2414
3886 307
7725 3672
8169 6629
6371 4333
2921 678
774 425
9635 727
7238 456
9655 2788
2594 2579
1768 4439
3186 4092
406 2662
6611 4185
3183 7636
6844 6410
3439 6909
6815 6224
4204 3819
2013 7900
9910 2266
760 5723
9029 5875
3329 4816
6791 2166
6897 5286
9420 4123
1199 5698
6428 9960
8959 9813
9486 754
1583 55
8611 9236
6188 4457
9430 9658
2744 5988
1362 4365
4933 708
1777 6573
8073 7698
2604 6907
9488 2570
5663 8794
9558 4229
4978 462
6466 2070
4822 7319
9515 9058
9242 7711
6910 9226
5022 6177
1571 4266
4106 4741
2534 241
5289 9731
6157 2854
5735 7133
1966 1764
4905 9666
4053 9317
4301 3966
3576 7972
8672 5642
71 378
1078 7111
8586 2517
2234 2689
4093 6052
3202 1307
1016 7589
3848 2359
6556 4717
221 6225
6882 1725
1469 1142
8199 988
1234 4530
8102 3958
8484 3429
1050 2064
9784 4057
8773 5979
7236 4052
2543 9763
8866 5463
4282 8856
8277 198
1464 809
1154 7651
572 3309
4336 9270
4614 4701
5145 4918
7633 8765
2549 569
4318 7463
3565 4484
5509 4664
6583 3274
8065 8654
5001 9431
8406 7465
3663 5294
1408 6927
8001 659
5153 7826
2190 2484
517 4561
3352 9872
1290 8359
3876 4436
6884 9475
5588 8418
6557 4245
6546 7362
8534 3405
3845 5528
8236 5841
7723 861
5094 6986
9358 1785
658 8146
7962 9269
5690 5948
3902 5568
7356 1505
1594 8891
128 2760
2823 7098
5333 5977
2314 5987
177 8032
6408 8382
8366 7838
5646 5829
931 8102
9260 7389
3301 1352
8103 6798
2773 1053
4552 7659
7133 4860
8356 3200
5309 1898
4877 2249
3338 9294
7238 9424
8145 3254
9563 7471
6750 5018
650 9286
7203 3077
801 8282
5495 7176
5191 3881
6085 7909
2490 6966
6857 2079
3123 6396
3635 7277
1036 1397
2212 3018
3037 5418
6497 7634
4243 1019
8825 2768
1378 9195
6957 3996
7807 5118
8854 9021
7177 138
232 113
2636 8986
1426 536
7321 7662
515 5536
9339 8000
7503 2989
4993 9582
2513 1078
7183 4335
475 4690
3091 2223
8810 8060
3594 5967
7286 5057
9928 3248
2111 4426
6488 9580
5536 878
7004 880
2639 7015
6931 3952
6187 6312
2902 9506
8217 6188
5806 8239
7724 2766
6980 9388
3037 7189
2659 8331
6588 3463
6924 3583
2169 3573
2676 9762
3428 3979
8345 1338
2407 2021
4187 612
7175 4412
5380 7826
6622 5301
5700 4799
4153 2091
45 5929
6458 3882
4415 3551
1027 6012
3531 3863
5987 4593
5535 8137
9553 9070
4357 9204
3544 2119
9641 279
5720 7450
2381 9236
8262 3109
659 1212
2132 1676
1513 2488
4946 3030
637 55
9305 5341
9353 3879
5321 9494
9360 101
2166 9539
6484 2025
9275 7964
7130 1450
7935 5390
8706 2203
1767 8590
4155 102
4173 7498
5073 4473
577 6648
339 6270
9644 424
146 4111
8422 2961
160 2214
614 3935
2826 1116
7139 3804
2423 6250
3915 1522
8990 7162
193 1500
350 2574
4060 4962
4371 8610
9425 708
9400 8708
526 5657
7262 3165
2287 8151
5524 9153
1032 5027
1653 361
6267 9320
8660 5168
7845 1321
3909 9693
9349 5983
6620 2592
3814 9550
7618 606
3630 3760
6346 7176
1704 7429
7784 9472
2749 2311
7048 1999
159 2052
4164 7386
7498 8492
8140 3728
5952 2705
5919 4068
343 6904
4846 7210
1347 3027
1177 8322
2715 3559
866 9018
4856 3582
491 9185
9935 354
141 5134
6051 4438
9292 7660
6864 2303
7348 4280
918 8276
2708 7191
3393 4464
448 1931
3677 9766
6354 6222
6256 4747
4948 3888
1663 4170
8152 549
9711 9244
3424 1241
1022 7012
4355 8855
7682 1581
1218 4397
7164 5994
4995 4205
8777 4880
2027 3142
3021 1961
5486 3814
3353 991
1242 258
8171 6314
6868 6363
892 9183
1612 3139
5742 1485
8632 4820
3152 8855
1547 9146
8284 5260
8234 5290
7578 2520
7839 1808
1480 5960
4916 5066
158 6685
4279 1379
6326 3434
7559 3950
8939 2075
2561 1163
800 1598
4958 7479
6274 6359
6759 1981
7100 6546
2595 9917
5989 9642
4200 9644
5545 5700
9689 7521
6 6268
2626 7187
4816 8468
4984 3003
4419 7169
703 2024
6860 8942
3268 4069
3332 7760
1030 1552
2293 9676
4142 5589
3552 7039
68 7522
4524 3418
4378 6660
4249 2325
1756 1783
924 8859
6107 4096
449 9100
5684 9328
7989 9407
6065 2608
5090 6866
2044 8218
1700 2070
6884 9291
8528 3664
3357 3543
9199 2334
775 6381
8271 6620
6948 188
3711 9008
2737 5830
1323 7503
7529 6714
9579 3056
4677 5716
1539 4095
8835 8950
1179 4624
1256 5033
5493 5861
1396 4847
245 8727
3728 4278
3848 7299
1864 3749
3976 1958
3931 2202
7827 8530
2929 5469
8862 9458
6460 2427
6435 574
3094 2725
567 4831
1162 2236
1859 751
3528 4585
2393 4412
3967 6699
7476 2355
3596 1390
1952 6534
6483 6222
3561 6764
3068 3271
2992 1632
2839 1708
5697 8836
3054 7154
8182 2749
9980 7003
1960 4336
5114 2637
2317 3897
902 2470
628 6105
6491 3035
2252 1504
75 4204
8685 4462
614 845
7190 2273
4676 1039
9150 378
4621 2756
5116 4184
6906 447
1689 7102
9619 4887
107 6469
2630 6681
1489 6576
3837 7105
8030 1593
7036 9594
3507 4018
2139 9199
9430 5076
6040 9602
777 6772
9950 9658
1740 8013
5131 7449
2935 9510
4602 7837
9545 5585
9442 2736
2358 8151
338 5595
643 8430
7145 5799
6502 9654
5844 1742
7579 7011
4310 3673
8860 2187
1350 2532
7275 2476
4402 7783
8686 8862
520 2522
3848 5168
1632 3864
3353 7713
3044 8894
362 872
2959 9384
9682 8051
5020 7342
4404 6361
8981 6309
877 566
7025 9066
5049 9957
4459 6321
1576 2613
8349 2664
4486 6482
293 66
3004 8284
9678 3525
413 7741
9796 3556
244 5292
9790 9145
2148 2738
1896 8101
3355 4892
5289 4625
8885 2565
8881 7642
6679 4069
5648 9828
3394 7370
882 5698
1649 4574
770 9900
4143 2709
3836 5746
8114 6862
4693 8119
8902 6976
8376 9661
6171 4083
3916 3300
5599 3459
4521 5864
396 8957
9120 7142
2239 1422
5801 1666
3509 5169
3819 6335
992 2139
6245 308
9386 7479
212 7760
8534 7897
4006 5660
3123 5185
7967 3669
8986 6206
3551 7847
6626 1987
8549 7482
2426 8186
4529 5882
8098 6038
3837 9700
2955 3243
4644 2524
7597 2322
8908 8262
7629 3168
7034 3177
8355 9612
100 5138
6006 5849
7335 6611
7940 5649
8613 4423
9476 4189
7648 5545
1123 4130
6862 3886
1178 2295
9279 9081
8757 9043
7388 8172
4955 7985
3522 9289
3146 115
