800 99 400 10 2473
7 8 1 15 5 19 6 7 1 4 13 4 2 9 2 2 9 6 9 6 6 10 2 17 6 16 26 1 5 6 10 2 15 5 7 1 2 5 7 17 1 6 18 9 7 4 3 6 26 9 7 13 2 14 4 3 1 5 14 13 7 10 23 4 12 4 2 1 18 10 10 2 5 5 6 1 26 7 6 6 13 1 7 4 5 8 25 2 14 3 4 9 9 17 3 7 14 2 22
437 2350 2542 4455
5503 7538 56 2091
8682 10000 8330 10000
7717 9713 796 2792
3973 4047 822 896
5627 7292 0 834
7231 8787 5493 7049
7023 8334 711 2022
6305 7931 9793 10000
8873 9765 1826 2718
0 711 1304 2259
6004 8102 8889 10000
7839 9627 4146 5934
897 1362 7549 8014
1493 3640 5864 8011
4599 4608 2151 2160
7722 9820 2656 4754
2070 2669 1625 2224
7875 8852 3795 4772
6635 7304 7832 8501
5656 5809 250 403
7377 9147 4665 6435
8852 10000 4475 5713
1314 3095 4128 5909
8163 8987 54 878
4394 6109 5786 7501
9256 10000 160 919
4305 5761 2015 3471
1441 3023 3723 5305
9263 10000 0 534
6457 7823 7596 8962
6986 9062 7396 9472
7951 10000 526 2743
9584 10000 4105 5607
1805 4211 3709 6115
1588 3355 8639 10000
5962 8132 5128 7298
8449 9287 975 1813
8985 9765 7841 8621
6481 6729 8584 8832
9907 10000 6799 9262
209 1728 8360 9879
7255 8515 2453 3713
1896 4128 2767 4999
5995 8390 6051 8446
6937 8447 1 1511
3878 6348 1833 4303
3935 6251 6402 8718
1083 3301 6584 8802
0 431 2941 4749
1557 2228 4384 5055
4069 6468 6647 9046
5901 8100 3843 6042
7043 8891 6515 8363
433 950 6724 7241
0 1383 4653 6246
0 1096 1235 2898
405 544 6098 6237
0 1889 1135 3405
3850 5878 5511 7539
4564 5006 2971 3413
641 1721 5377 6457
9288 10000 1416 3044
6455 8171 8033 9749
0 1385 6272 7981
8409 10000 8764 10000
7849 8948 0 211
4561 6264 0 278
5398 6563 1413 2578
2072 2314 1714 1956
2940 5379 6479 8918
2551 3925 8234 9608
5528 7128 2276 3876
5440 7617 6200 8377
0 2164 2533 4793
1644 3878 8367 10000
4060 4958 1950 2848
6852 8074 4874 6096
1998 4018 4849 6869
5588 6241 7075 7728
7184 8719 1213 2748
5744 6150 4958 5364
0 1417 7103 8919
5390 7626 3806 6042
1640 4023 1801 4184
6431 7508 2433 3510
5554 5825 7912 8183
3008 3028 7838 7858
379 1941 3208 4770
1837 3447 7523 9133
1760 1875 7249 7364
6571 6627 6202 6258
5765 6938 0 609
9271 10000 5658 7854
4275 6429 0 2005
270 1337 8337 9404
1186 2220 807 1841
1960 2043 4875 4958
2334 3289 1941 2896
834 1787 3668 4621
9102 9185 6688 6771
1925 2040 4786 4901
3653 4703 7816 8866
3066 3345 5935 6214
5607 5817 1530 1740
2038 4348 0 2171
9250 10000 507 1871
5288 7024 1526 3262
5689 6272 7416 7999
2725 4928 4421 6624
7973 8445 2343 2815
5164 6230 3291 4357
4020 4225 5446 5651
174 2629 8621 10000
4117 6188 5841 7912
5212 5946 8566 9300
804 1634 7019 7849
1902 3981 279 2358
6700 8872 6400 8572
4649 4738 1970 2059
4847 5911 4954 6018
2580 2583 3302 3305
2565 4224 4546 6205
2095 4460 4567 6932
2595 4043 518 1966
931 2137 7905 9111
7452 8992 1310 2850
2919 4583 3599 5263
924 3229 5858 8163
2856 3422 3608 4174
95 280 7999 8184
1963 2705 678 1420
9783 10000 8991 9270
6081 7821 4490 6230
2463 2678 2628 2843
4742 6023 8617 9898
0 1417 3472 5351
9749 10000 1163 2174
297 925 7623 8251
4665 5322 5464 6121
1174 3593 1130 3549
7148 9242 3963 6057
49 1161 9423 10000
0 742 2026 3531
9290 9417 4246 4373
1520 3136 5402 7018
9636 9938 6438 6740
3457 5863 7438 9844
6578 7692 3435 4549
2963 4116 5413 6566
359 464 9086 9191
7802 8432 7153 7783
3900 5664 2249 4013
7385 8820 749 2184
9453 9851 1885 2283
563 1641 9139 10000
6969 8363 9316 10000
632 1572 8201 9141
3362 3460 7573 7671
5698 5763 5204 5269
6860 7532 7331 8003
0 1471 6453 8129
7327 9183 2537 4393
5007 5318 5357 5668
3535 6003 8363 10000
2217 4111 3752 5646
5267 7156 7975 9864
4946 5443 6006 6503
6449 6641 218 410
6664 6943 8308 8587
7850 7950 2889 2989
7328 7518 9130 9320
5506 6357 2251 3102
4730 5893 7930 9093
5062 5099 8594 8631
9139 9253 6793 6907
3372 5117 8746 10000
2842 2855 2357 2370
3960 4121 5216 5377
5961 6932 659 1630
5183 5202 338 357
7808 9625 5899 7716
1876 3547 2341 4012
4628 6159 4674 6205
285 2622 7203 9540
9274 9683 8188 8597
4274 5605 2156 3487
4032 5477 7285 8730
5061 5074 5668 5681
2099 2837 620 1358
4507 5404 8104 9001
3644 4272 1521 2149
2980 3289 1582 1891
6494 8426 0 1607
127 674 3630 4177
803 2262 0 1188
508 1208 1005 1705
3744 3936 8614 8806
7548 7941 7473 7866
198 972 0 723
7611 10000 4101 6574
8770 8930 6684 6844
6651 6876 5948 6173
7294 8611 9027 10000
9118 10000 5879 7722
7885 9697 5603 7415
9958 10000 8791 8975
6217 6330 1939 2052
1146 3318 3813 5985
7341 7603 156 418
508 763 4739 4994
7449 8965 5070 6586
4954 6652 8824 10000
1103 2335 7980 9212
2948 4692 7244 8988
5505 7637 8086 10000
0 689 5309 6137
2925 3201 6005 6281
2280 2521 4230 4471
3925 5634 6718 8427
4396 5814 8669 10000
0 1147 6594 8361
776 1172 6689 7085
8060 9795 1960 3695
8597 9227 7483 8113
7620 9803 7147 9330
8915 9255 4479 4819
0 732 4663 6532
3864 5440 5301 6877
7691 8909 8877 10000
0 1105 1096 3008
8973 10000 7185 8558
5144 6330 8029 9215
5557 5744 7676 7863
3311 5416 666 2771
7097 7454 9 366
2591 5056 4027 6492
2658 4359 4551 6252
5468 6576 8985 10000
4269 5671 8329 9731
8828 9581 7596 8349
0 1687 3353 5568
7400 7878 1903 2381
2459 2682 2152 2375
9131 9148 5335 5352
8923 9790 864 1731
8702 9646 9597 10000
1933 3267 8500 9834
6507 7190 3046 3729
6309 8546 7051 9288
6063 7494 1417 2848
8005 8893 9009 9897
4964 5309 626 971
9705 10000 2117 2514
4971 6807 5266 7102
0 246 0 387
2534 3052 8495 9013
6640 7571 3948 4879
1075 2288 8545 9758
5102 6836 1754 3488
3942 5795 8300 10000
0 1277 8173 10000
1415 2150 8876 9611
7152 7881 2799 3528
6798 8070 1189 2461
337 663 1372 1698
8003 10000 8781 10000
5065 6869 4748 6552
3768 4308 0 389
4730 6743 798 2811
0 1140 7373 8810
6497 8126 7402 9031
7781 8021 905 1145
7002 8490 7558 9046
7770 9475 4596 6301
5658 6296 7965 8603
4129 5840 7888 9599
4222 5111 2329 3218
1838 2229 978 1369
292 535 6022 6265
1989 3934 4937 6882
1021 2573 2527 4079
2550 3110 6124 6684
3112 3499 3944 4331
1787 3461 4965 6639
8441 9334 4554 5447
2122 3960 0 1160
5689 6040 4477 4828
1657 1865 965 1173
5013 6297 3057 4341
0 368 8266 10000
1400 2315 178 1093
2502 3446 5030 5974
771 2696 8901 10000
6946 7598 8586 9238
4500 4949 5218 5667
4707 4873 4319 4485
133 2254 4357 6478
3414 3471 874 931
7155 8252 4073 5170
4448 4765 6965 7282
8375 8414 6519 6558
768 2976 4580 6788
4511 5390 7041 7920
8197 9823 5135 6761
2937 3959 9038 10000
0 2212 6394 8689
7567 8005 6618 7056
7990 8965 916 1891
0 417 3999 5195
0 1330 5653 7985
6841 7783 0 314
9348 10000 6339 7940
2224 2663 9229 9668
2551 4719 6762 8930
7879 7961 2109 2191
1981 2493 4788 5300
4820 5278 4536 4994
4605 5357 0 564
6158 6240 7836 7918
648 2792 8744 10000
9961 9987 2097 2123
5319 7266 901 2848
216 1535 4481 5800
4483 6806 3132 5455
1194 1421 6162 6389
6138 6968 4733 5563
8260 9539 2206 3485
8844 9124 5479 5759
5481 5957 540 1016
3309 3379 7544 7614
7737 8194 3444 3901
1462 2805 4183 5526
0 1932 0 827
7817 9156 5595 6934
8530 8690 4441 4601
4928 5157 429 658
3946 4212 9599 9865
1136 2173 9512 10000
995 2651 3856 5512
2731 3550 9656 10000
6039 6386 3493 3840
4122 4523 1382 1783
0 1049 6964 8015
7481 9113 7120 8752
8768 8789 3808 3829
9082 10000 0 649
3107 5064 753 2710
2107 3819 2684 4396
8003 8812 3766 4575
7138 9015 8338 10000
6120 8299 0 2103
0 815 4874 6419
6570 7222 9159 9811
2581 4670 6703 8792
7333 7759 0 359
8849 10000 3197 4562
8437 8783 6385 6731
1172 2693 2705 4226
7376 7434 2498 2556
6516 8429 5148 7061
6482 8435 1325 3278
3237 4265 5808 6836
3575 3935 6010 6370
3546 5249 3615 5318
6331 8356 5718 7743
1662 1712 9716 9766
1366 2076 8672 9382
3627 5218 1542 3133
3058 3590 1228 1760
5729 7568 5334 7173
3594 5708 3199 5313
1665 2952 8210 9497
4692 5247 9072 9627
9559 10000 1645 3415
2741 4870 5101 7230
3501 3538 7846 7883
2336 3325 353 1342
433 2420 6914 8901
2554 4546 1289 3281
1455 2292 6254 7091
6052 7397 1662 3007
2924 3228 1634 1938
2004 3065 7386 8447
8387 9979 6288 7880
866 3199 5528 7861
5471 5579 1115 1223
1050 1625 0 303
7207 7292 9697 9782
3891 5868 7596 9573
3807 4362 828 1383
2335 3413 2989 4067
6495 7061 2724 3290
2814 5000 2886 5072
6236 8395 9793 10000
8245 9276 5106 6137
3208 4555 664 2011
9031 9446 6430 6845
2272 4259 7381 9368
7690 10000 1604 4069
561 2994 5544 7977
1273 1944 7903 8574
2154 4441 9688 10000
342 508 2152 2318
3117 4271 0 628
0 1418 3486 5273
7817 10000 2619 4809
8734 10000 2627 4470
5089 5852 2378 3141
6808 7142 2600 2934
8863 9797 0 675
9444 9942 5924 6422
5458 7228 1549 3319
5679 7256 3542 5119
8933 9484 1151 1702
738 2202 4798 6262
578 1958 478 1858
4774 5982 2707 3915
8852 8874 765 787
9354 10000 1380 3667
9124 9223 1404 1503
6497 8401 5113 7017
5285 7325 3617 5657
5827 6572 1995 2740
5486 5794 4641 4949
4223 4689 3699 4165
3252 4447 8291 9486
4075 5597 691 2213
0 1046 3527 4901
6411 7605 3069 4263
8451 8638 1754 1941
4543 6964 1353 3774
1211 2757 8410 9956
0 106 2403 2638
4358 6718 5757 8117
3442 3798 2906 3262
7130 7570 6988 7428
2079 2267 2873 3061
7546 9432 8741 10000
8479 8552 2445 2518
414 632 3965 4183
3842 6279 1221 3658
197 2203 4465 6471
2609 4859 273 2523
9427 9444 7698 7715
1626 2717 5585 6676
3082 3156 1911 1985
6309 8283 3944 5918
4985 6811 2782 4608
2110 4139 7286 9315
1906 2274 7427 7795
5973 6626 3422 4075
0 2018 0 22
2213 2644 2251 2682
5769 6977 4560 5768
2212 2363 7254 7405
5568 7463 4712 6607
21 1040 7291 8310
3812 5793 2557 4538
6385 8127 9535 10000
8819 9033 4622 4836
3927 5587 5243 6903
5457 7149 2173 3865
5069 5951 3680 4562
9078 9825 3287 4034
4545 5345 105 905
7180 9393 5538 7751
3104 4071 7512 8479
4131 6036 9745 10000
0 1393 5474 7825
4843 5420 5709 6286
0 1355 6330 7996
7532 9774 0 1258
754 1624 35 905
3637 4388 7046 7797
272 1178 5524 6430
794 2004 5541 6751
0 1074 1370 3541
5258 6188 5610 6540
2865 4769 6492 8396
9009 10000 7396 9056
9364 9474 3261 3371
6211 7664 8982 10000
6262 7357 3979 5074
7674 9065 7222 8613
1622 3842 5132 7352
4334 6122 2607 4395
892 1554 1080 1742
3633 4914 1739 3020
6727 9039 6019 8331
3117 5524 5233 7640
6482 7569 1236 2323
5362 7079 0 867
7098 8617 3804 5323
2093 3435 4370 5712
1564 3857 0 1739
6430 8433 5756 7759
6662 7011 1397 1746
9604 10000 3664 4065
5819 5956 3984 4121
2737 2960 7511 7734
5403 6172 2664 3433
7745 9512 0 1102
7256 8361 1410 2515
1261 3704 3723 6166
2908 4169 3624 4885
904 2025 4585 5706
2261 3025 3547 4311
9731 9894 9828 9991
5356 6427 7759 8830
4803 6292 6812 8301
3419 4953 0 1275
0 2044 2560 4744
826 3133 1344 3651
5185 5642 892 1349
8066 10000 5035 7497
3778 5642 5832 7696
3600 3905 8480 8785
9309 9947 2348 2986
3106 3870 4283 5047
4737 6889 5506 7658
1980 2052 9039 9111
6562 8066 2562 4066
7415 9383 6197 8165
7677 7923 5207 5453
4308 6237 1234 3163
862 2234 7830 9202
633 1132 1447 1946
7484 8541 1250 2307
4965 5290 3506 3831
8474 10000 3659 5298
2166 3206 7826 8866
6541 8146 2584 4189
2838 3305 1229 1696
1024 1321 2716 3013
1506 2274 5650 6418
0 689 920 1969
6114 6957 6461 7304
58 98 9889 9929
9692 9769 4634 4711
2198 3591 8251 9644
9127 9653 1345 1871
4570 6339 0 388
8498 8907 4122 4531
7222 8598 727 2103
4803 4910 5918 6025
2405 4770 2748 5113
1583 2994 8203 9614
0 1395 3491 5407
643 1386 1079 1822
8811 10000 928 2478
8963 10000 1138 2391
5915 6929 9052 10000
5835 6110 244 519
5100 6693 1522 3115
4592 6981 8301 10000
3534 5768 3206 5440
946 2008 3520 4582
9586 9785 2491 2690
7936 8646 1057 1767
939 2491 7763 9315
0 1161 4445 6610
6143 7108 4748 5713
624 2498 0 62
2874 4042 5664 6832
663 2549 7007 8893
0 2061 2640 4766
9150 9835 6934 7619
7148 9271 4890 7013
2673 3927 58 1312
8772 10000 6072 8081
4051 4158 6168 6275
3134 4263 6267 7396
7152 7889 5045 5782
654 937 3048 3331
8617 9481 4318 5182
8780 9694 0 560
4846 5878 5991 7023
6712 6730 354 372
7798 9312 467 1981
0 445 5084 6535
7470 8669 6872 8071
3624 4775 7315 8466
7144 9087 1988 3931
9192 10000 3947 5840
0 965 5956 7034
1498 2153 4713 5368
4520 6962 0 2128
6971 8990 6282 8301
4618 5329 7350 8061
1231 2636 2665 4070
8900 10000 3487 4861
4687 7128 3664 6105
9086 10000 4011 5005
7650 10000 6035 8404
4102 6551 788 3237
2406 4845 7135 9574
649 2304 0 1577
1019 2919 2332 4232
4156 6284 9145 10000
4437 5259 1383 2205
5647 6181 551 1085
7638 7677 604 643
7352 8021 1422 2091
3846 5529 836 2519
3650 4425 2163 2938
0 573 8036 8984
2594 4822 5784 8012
2070 4276 4377 6583
7897 7951 2849 2903
2635 3309 4357 5031
8357 10000 0 1136
3845 4100 7027 7282
8908 9999 2781 3872
7581 9596 0 1958
0 379 982 1488
2378 3693 0 348
2240 4068 2916 4744
5834 7866 8599 10000
2203 4303 2258 4358
6287 8301 2282 4296
8481 9503 2642 3664
6627 8548 9054 10000
564 2773 1732 3941
2011 4099 641 2729
7896 9273 595 1972
2521 4654 220 2353
1814 2337 5 528
2190 2875 1602 2287
3648 4152 3200 3704
1561 3885 7517 9841
308 1821 4885 6398
4868 5735 5902 6769
189 2482 0 1313
1570 3871 7552 9853
0 1565 8208 10000
8566 8708 7660 7802
34 1611 2238 3815
6876 7948 6258 7330
2782 5123 3752 6093
7777 9605 4661 6489
928 1213 1969 2254
6417 8269 6209 8061
8523 9196 1354 2027
2155 2778 5964 6587
3584 3753 4194 4363
2440 4841 3737 6138
3477 5228 6986 8737
3113 4374 1897 3158
7865 9763 0 969
4163 5643 5889 7369
6024 8057 751 2784
3406 4701 2703 3998
2627 4416 0 1645
5320 5900 9752 10000
4755 6614 7942 9801
4820 6545 4330 6055
4044 6130 7700 9786
3952 4020 6391 6459
7005 8732 6000 7727
6532 8399 8850 10000
0 2091 339 2766
6795 7552 9264 10000
8665 9803 8770 9908
4420 4992 5994 6566
1531 1922 1425 1816
6964 8180 2665 3881
2530 4601 591 2662
5258 6184 4308 5234
3865 5907 137 2179
1673 2744 6594 7665
6063 7580 2972 4489
6811 7198 5851 6238
2883 3730 7100 7947
7100 9389 5863 8152
3039 4320 0 756
1517 2122 0 580
3704 5185 6443 7924
7004 8499 860 2355
8543 10000 1096 3569
4316 4494 1847 2025
3175 3674 9315 9814
317 2602 4336 6621
387 1693 9205 10000
9971 10000 5543 5849
1932 4126 1987 4181
7960 10000 630 2761
3169 4323 754 1908
3683 5209 5147 6673
4021 4196 8529 8704
869 2313 6951 8395
1237 1834 4113 4710
7652 8679 5938 6965
4019 5685 2400 4066
179 341 1988 2150
5634 7607 411 2384
6553 8743 451 2641
4957 6477 141 1661
4422 6516 2743 4837
8780 9445 1587 2252
4463 4938 960 1435
6634 7069 8059 8494
7628 8211 6197 6780
387 1930 6625 8168
6190 7509 7266 8585
2297 2357 6475 6535
4004 4277 899 1172
6458 6946 8607 9095
7440 9386 6607 8553
4838 5290 2146 2598
551 2209 2843 4501
7 1708 6076 7777
2467 2726 9383 9642
1445 2416 8851 9822
3708 5629 134 2055
3485 5664 1895 4074
6728 9006 4865 7143
7825 8371 4641 5187
4005 5033 1123 2151
8445 9418 1055 2028
5116 6644 3561 5089
1494 2806 3914 5226
0 1301 3036 4717
1331 1440 4914 5023
6987 8515 1796 3324
0 260 8388 9854
1361 3050 831 2520
6625 6669 1442 1486
2467 2514 3693 3740
0 272 9090 9977
8617 8673 2339 2395
8957 9508 5231 5782
6906 8571 5171 6836
5757 7359 433 2035
0 861 2718 4625
6127 6931 4390 5194
4260 6147 4330 6217
4375 4526 6552 6703
2832 4851 4888 6907
3287 4073 6266 7052
7881 8236 3297 3652
9087 10000 0 856
4650 6086 6991 8427
6544 8976 0 1960
2799 3673 9779 10000
2070 2198 4447 4575
8265 9956 0 610
3855 4473 2115 2733
5476 5984 1113 1621
1159 2389 5815 7045
2178 3145 4205 5172
7447 9546 8719 10000
5848 6501 6469 7122
8796 10000 1888 4136
7600 7901 2055 2356
5516 7386 1632 3502
982 2936 7530 9484
6615 8242 1997 3624
6629 8318 3253 4942
6730 9112 2051 4433
2081 4284 8476 10000
0 992 7187 8223
904 2645 7023 8764
4719 6492 4497 6270
5285 6457 5480 6652
1131 3305 3077 5251
776 1052 6708 6984
5317 6336 8212 9231
8425 8435 4561 4571
6370 7709 6130 7469
9688 10000 8826 9524
3491 4485 9213 10000
7989 9806 8851 10000
1558 2195 1122 1759
6187 6448 143 404
6510 7939 2411 3840
2607 3852 5520 6765
2677 5093 7334 9750
3968 5218 9640 10000
2365 3566 9664 10000
0 1636 1159 3590
3487 4083 7511 8107
4827 4832 2030 2035
5377 6144 388 1155
8459 10000 756 2396
6930 8938 0 1700
8804 9752 5617 6565
7403 9642 2191 4430
7778 9299 2113 3634
9155 10000 281 1365
8612 8612 1164 1164
1747 2843 4983 6079
3260 4546 6244 7530
7450 7796 6046 6392
3445 5285 8029 9869
2796 4435 3211 4850
6560 8494 347 2281
9757 10000 9258 9781
9020 10000 9234 10000
6881 8631 0 1683
2343 3807
5519 1902
8844 9512
8786 916
4019 883
6651 438
7671 6236
8122 1730
7920 9860
8894 2295
155 2069
6669 9488
9624 4302
1272 7933
3469 6644
4601 2153
8361 3180
2286 1964
8776 4685
7010 8319
5774 358
9051 5317
9851 5188
2903 4409
8587 248
4569 7347
9567 180
4543 3268
2603 3765
9873 189
7086 7849
8780 9106
8028 1789
9901 4344
4128 4960
2511 9939
7119 7258
8686 1195
9437 8311
6570 8803
9932 7571
1603 8440
7298 2779
2996 4776
6997 6846
8395 292
6197 2466
4247 7655
3041 8078
251 3188
1725 4882
4610 8131
7210 4533
8008 8356
644 6977
350 5598
393 2168
484 6183
438 2132
5477 7473
4596 2993
990 6346
9598 1884
7599 9684
949 6788
9029 8908
8282 206
5071 197
5696 1975
2181 1776
4874 7968
3787 8893
6769 3695
5687 7948
1927 2698
2504 8772
4821 2218
7858 5387
3198 5219
5658 7485
7954 2242
5771 5357
1335 7381
7540 5154
3068 3618
6831 2726
5672 8118
3014 7847
773 3799
2089 8980
1856 7336
6608 6255
6353 304
9826 5825
5270 1066
1333 8651
1735 1083
1994 4956
2617 2575
1173 4162
9143 6724
2013 4807
4432 8059
3233 6170
5660 1705
4131 184
9995 1345
6425 2086
5704 7947
4750 4480
8238 2588
5861 3572
4188 5521
289 9371
4611 6859
5560 8700
1552 7653
2248 2336
7565 7706
4707 2028
5163 5990
2581 3304
2960 5000
3633 6318
3381 784
1005 9026
8216 2253
3880 4821
2619 7880
2926 3682
204 8016
2061 1192
9854 9185
6341 4651
2515 2752
5736 9759
367 4768
9963 1686
866 7825
5166 5470
2475 3527
7766 5223
329 9896
331 2869
9377 4368
1865 6433
9811 6545
4653 8968
7257 3982
2992 6472
393 9103
7862 7159
4373 3182
7687 1610
9746 2248
883 9530
7895 9644
1262 8505
3394 7610
5737 5244
7020 7708
1030 6518
8562 2982
5167 5518
3917 9760
4097 4923
6521 8216
5070 6225
6531 357
6926 8323
7908 2974
7458 9226
5842 2433
4895 8704
5086 8628
9142 6800
3771 9997
2855 2364
3997 5356
6006 1164
5198 352
8150 6603
2331 2886
5417 5336
1256 8814
9416 8345
5152 2865
5181 8500
5070 5674
2255 1280
5306 8922
3850 1923
3260 1647
8057 188
628 3874
938 463
971 1027
3803 8716
7712 7740
761 32
8211 4346
8793 6762
6662 6145
7919 9276
9638 6343
8409 6710
9978 8926
6313 2032
2749 4165
7582 332
528 4798
8789 6423
6152 9694
2280 8759
4270 8239
6643 9710
233 5555
3059 6173
2314 4251
5355 7839
4635 9461
852 8232
1129 7014
8898 3405
8726 7791
7924 7234
9240 4549
697 6053
4373 5302
8055 9734
321 2166
9257 8040
6160 8882
5623 7836
4102 1245
7370 280
4337 5011
3253 6232
5673 9752
5253 9028
9378 8002
736 4253
7608 2000
2607 2187
9133 5335
9221 1476
9550 9714
3165 9702
6747 3212
7710 7350
6776 1478
8360 9009
5084 632
9903 2286
4973 6234
165 214
2866 8756
6903 4431
1351 8825
6232 2335
4031 9605
55 8173
1476 9489
7699 3265
7568 2078
506 1558
8211 9084
5225 5115
4204 21
5932 2759
683 8808
7233 7979
7913 931
8049 9030
8131 5263
5664 8366
5734 9577
4757 2878
2115 1202
443 6043
2779 5031
2443 3052
2998 6174
3416 4121
3089 6435
8467 5233
3615 954
5766 4782
1829 1100
6288 3213
366 9993
1874 794
2940 5702
1943 9013
7149 8902
4796 5619
4830 4430
346 4452
3437 875
8154 5020
4512 7011
8389 6546
1219 5889
4965 7637
8354 5558
3146 9287
182 7254
7894 6921
8573 1768
98 4093
992 6512
7145 219
9937 6477
2579 9634
4502 7512
7883 2124
2439 5217
5259 4816
4827 377
6230 7910
1945 9543
9971 2103
5388 2347
560 5782
5800 4325
1259 6250
6922 5021
8819 3321
9092 5537
5756 617
3322 7591
8073 3655
2591 4869
1453 420
8582 6289
8537 4471
5011 489
4085 9630
1858 9947
2421 4421
3047 9969
6384 3775
4335 1474
100 7751
8316 8477
8788 3812
9314 457
4981 2138
3395 3583
8383 4443
8683 9929
6415 1486
165 6113
6781 9196
3605 8113
7553 78
9641 3613
8709 6707
1517 2735
7425 2510
7965 6759
8274 2756
3907 6164
3668 6064
4350 4912
7152 6877
1688 9750
1373 9068
4339 2660
3488 1591
6775 5471
5423 3273
2808 8256
4858 9510
9962 2114
4462 5149
3515 7875
2881 686
593 8169
2883 1996
1520 6938
6114 2465
2948 1813
2875 8184
9022 6423
2793 5907
5564 1135
1578 268
7232 9735
4746 8461
4194 1041
3243 3315
7027 2853
4861 4688
7076 9967
8864 5543
4050 1696
9045 6458
2924 8081
8527 2963
963 6328
1806 8129
3990 9810
397 2167
3488 312
165 5085
9922 3140
9541 2940
5745 2426
6814 2860
8921 232
9831 6305
6639 2985
6940 3879
9389 1324
1592 5037
1856 1181
5314 3028
8856 781
9953 2369
9144 1437
6867 5183
5593 5254
5946 2276
5513 4731
4600 4085
3945 8593
4188 1082
759 4079
7507 4005
8617 1766
6769 2672
2634 9750
34 2615
4495 6035
3499 3070
7230 7403
2174 2945
7957 8963
8518 2481
426 4027
5217 2886
1555 4819
4095 1366
9431 7700
1698 6061
3124 1968
6742 4315
5015 4567
4008 7803
2211 7465
6513 4063
473 7
2382 2464
6757 4583
2257 7346
5933 5444
376 7772
4489 2986
6757 9828
9006 4741
4917 5608
5705 2372
5340 3971
9638 3568
4837 654
7352 5978
3315 7938
5422 9971
986 6900
5344 5939
626 7239
9762 187
971 214
3768 7548
665 6302
960 5592
224 2215
5586 5936
3460 8382
9327 8514
9396 3311
7528 9075
6690 5037
7937 7537
3486 7087
5409 3418
1051 1341
4835 2069
7157 6220
3627 5325
6613 1285
6320 90
7555 5250
3023 5319
1701 942
7425 6535
6969 1510
9690 3861
5916 4097
2960 7713
6066 2980
8547 795
7328 1513
2402 4827
3582 4688
1889 4757
2545 3672
9824 9842
5581 8087
5139 7141
4257 43
542 3132
1351 2507
5585 970
9735 6889
5520 7183
3850 8623
9878 2805
3611 4676
6181 6890
2006 9076
7367 3473
8100 6551
7751 5332
4562 3102
895 8747
692 1913
8497 2079
5007 3573
8887 3726
2555 8753
7901 3950
3053 1277
1074 2926
2121 6335
35 1897
6674 7115
83 9915
9718 4651
2608 8871
9387 1683
5560 187
8585 4289
7708 2092
4836 5947
4754 4142
1720 8270
1188 5153
892 1475
9243 1859
9329 2362
6871 9297
5912 360
5584 2073
6015 8772
4459 5292
2006 3551
9626 2662
8463 1728
2454 7852
70 4925
7026 5433
1191 58
3966 6700
2253 7506
677 3288
9637 7058
8006 6374
3832 1199
9075 7761
4134 6270
3593 6285
7466 5340
676 3124
8949 4707
8973 282
5711 6545
6729 356
8017 1220
57 5365
7603 7374
4644 7862
8517 2607
9280 4352
166 6723
2150 4899
5645 446
7643 8170
5254 7853
1277 2901
9267 3631
4792 4954
9256 4638
8287 6111
6496 1699
4090 9133
1709 907
1531 3642
5204 9880
4769 1391
6179 689
7658 625
7755 1530
5145 1528
4399 2503
355 8086
2873 6356
2946 6349
7940 2862
3039 4878
8421 493
3855 7083
9947 3788
9115 679
25 1150
2450 282
4034 3330
6841 8665
3696 3976
7965 3632
9461 2990
8132 9624
746 2849
2600 1962
8413 787
3978 1668
1832 167
2833 1656
3830 3544
1977 8880
585 6295
5437 6740
607 1207
2357 8993
1059 8508
8695 7695
1067 3237
7069 6517
4043 5515
8277 5260
975 2054
6529 6582
8635 1490
2777 6579
3639 4348
2738 4330
4372 8333
4130 3048
9114 539
4304 5956
6850 1357
3775 3151
3402 383
5413 9930
5691 8471
6315 5042
5681 8407
3970 6451
8617 7458
7896 9689
707 2249
7445 9976
9589 9657
4511 6366
1735 1793
7633 2857
2848 2419
5912 4363
5836 2148
1694 7078
7162 3045
6821 6077
3251 7677
9330 7592
3897 679
1666 242
3732 7654
7109 1961
8554 2103
4348 1953
3530 9416
444 4770
1506 9840
9993 5763
2532 3310
9409 1044
3539 1561
4305 5539
4090 8633
1028 8076
1411 4649
8595 6652
4765 3808
300 2000
5727 569
8360 1336
5398 1583
5385 3335
9095 2132
4929 1426
6998 8265
8085 6328
468 7623
6871 8456
2322 6476
4222 1081
6671 8774
8698 6932
4845 2347
759 3473
982 6223
2481 9516
2085 9136
3840 1219
4121 3646
7452 5495
8146 5103
4443 1449
8979 1418
5881 4541
2480 5118
491 4159
1437 4988
7240 1981
186 8397
2582 2463
6643 1472
2472 3728
234 9612
8669 2346
9224 5330
8105 6633
6957 1348
258 2979
6328 4716
5387 5492
4442 6586
3231 5504
3959 6916
7889 3406
9601 643
5594 7013
7759 884
3364 9853
2183 4478
8595 46
4027 2165
5497 1476
1380 5845
2294 4774
7580 9731
6236 6965
9898 1916
7890 2086
6532 3273
2353 9319
7245 2708
7932 4698
8578 4159
3885 8664
699 8186
1282 7764
5466 4952
5861 6525
2691 3373
922 6964
6315 8539
8431 4569
6780 6393
9731 8907
3743 9452
9206 9191
1849 1463
6277 347
7829 2852
3643 5717
3830 9177
4474 9693
2742 9900
18 1259
3759 8064
4832 2031
6032 523
9919 1096
7091 400
8940 6041
9319 2292
8466 3487
9558 1341
8612 1164
1889 5504
3676 6931
7586 6338
5093 9053
3237 3610
6738 567
9860 9497
9674 9668
8215 193
