800 2 400 9 2375
445 355
8507 8581 2220 2294
7414 8756 4737 6079
8929 10000 6613 8943
7853 8528 833 1508
717 1238 7829 8350
1569 2643 5209 6283
7576 9349 486 2259
1288 1718 5422 5852
331 611 7614 7894
624 2227 1312 2915
4427 6087 6183 7843
9249 10000 2953 3849
3504 5077 4404 5977
1658 2626 7091 8059
4910 7283 0 1224
7538 8480 6420 7362
3995 4730 8967 9702
5799 7007 5305 6513
7754 9500 2955 4701
6518 8385 367 2234
9103 9597 3575 4069
0 1036 8673 10000
6737 8662 7102 9027
2334 4287 1815 3768
746 2521 735 2510
697 2601 6382 8286
6879 9081 7509 9711
2334 4657 0 2070
1949 3616 457 2124
4937 6784 2688 4535
1495 1778 1486 1769
6833 8697 1066 2930
6917 7119 5923 6125
6167 6801 8595 9229
6034 6935 2782 3683
9277 10000 7682 9652
2091 2184 9806 9899
2074 3695 4926 6547
9457 10000 406 1097
8363 10000 4953 6933
81 1979 8159 10000
1631 3890 8659 10000
5229 7163 8830 10000
74 1351 7178 8455
5008 5516 3000 3508
6587 8638 842 2893
8837 10000 0 2181
0 1427 7077 8807
6413 7674 43 1304
4224 5676 2087 3539
2831 3509 2587 3265
6513 8513 2359 4359
8246 8626 4314 4694
9039 10000 0 2110
2066 3220 1337 2491
4799 7042 4057 6300
6587 8209 0 1337
4001 5295 2953 4247
8499 9012 3915 4428
7829 8784 4262 5217
4058 5143 5759 6844
2899 4254 0 1329
1133 1963 2031 2861
5827 6101 131 405
2646 4873 3445 5672
4751 6136 9065 10000
3286 4144 1986 2844
0 1489 2347 4010
2877 4071 8681 9875
69 1991 6139 8061
753 1249 1261 1757
6381 7544 7852 9015
5145 6275 5997 7127
3870 4353 1274 1757
3320 4072 2429 3181
2613 4004 7029 8420
6925 8380 311 1766
167 1893 3741 5467
6497 7960 1330 2793
3495 3567 1234 1306
9445 10000 6226 6969
2662 4824 4976 7138
1079 2125 274 1320
2203 3619 1698 3114
3230 3279 3862 3911
4162 4464 6344 6646
8038 9121 1611 2694
1219 2596 6505 7882
2665 3710 387 1432
7354 7583 5595 5824
9823 10000 1080 2435
2355 2888 3687 4220
3072 4636 0 1266
8550 8895 1621 1966
5188 6070 0 849
4953 7037 2642 4726
9323 10000 2900 4677
5529 7095 5827 7393
2610 2727 7952 8069
3390 4830 4286 5726
7724 9939 3987 6202
6224 6310 8161 8247
6337 7432 3605 4700
8119 9966 3358 5205
2463 3622 8081 9240
1491 1646 1620 1775
8517 10000 7996 10000
469 1852 5384 6767
0 811 7233 8446
6347 7741 5356 6750
6341 7786 1919 3364
8426 9056 4594 5224
5650 7253 3685 5288
8783 10000 8934 10000
8731 10000 5168 7225
2241 2923 466 1148
8494 10000 0 1863
2428 4724 7011 9307
5361 5670 4668 4977
4188 5654 9517 10000
3274 3620 1334 1680
5734 6432 8602 9300
1834 2485 8333 8984
1050 2184 1049 2183
6915 8657 0 674
8264 9924 1435 3095
1520 2158 5471 6109
2834 3862 320 1348
8769 8994 8273 8498
3511 5334 5416 7239
8121 8776 1098 1753
1248 2913 940 2605
889 2709 3237 5057
0 2017 8365 10000
3754 5339 7810 9395
8315 8624 1662 1971
4165 4504 2899 3238
8513 9750 1698 2935
9463 10000 6560 8333
5191 7361 4829 6999
2619 4296 6594 8271
2874 3624 5318 6068
5152 7433 4081 6362
7070 8356 5564 6850
119 1330 9398 10000
1189 1778 6185 6774
5066 5515 3299 3748
205 519 6923 7237
1830 2042 2747 2959
523 2409 9044 10000
9578 10000 4617 6693
5052 7329 0 1987
6683 8632 0 1153
4371 5336 2633 3598
1992 2240 3410 3658
8917 10000 5237 7395
1917 2085 2832 3000
4909 5610 4981 5682
384 2185 9531 10000
2099 2858 1132 1891
5572 7761 6007 8196
9850 9920 6281 6351
7504 8458 5534 6488
3256 4729 7866 9339
3476 4337 8175 9036
8110 10000 5088 7184
0 1351 1373 3469
7038 8165 3537 4664
3054 3701 1883 2530
7073 7838 3211 3976
8551 9610 2294 3353
4267 5756 512 2001
8370 9636 7596 8862
585 1091 5641 6147
4847 5218 4907 5278
7195 9176 5206 7187
6854 8418 4972 6536
5264 7379 0 1543
1106 1369 3682 3945
0 1767 5058 6928
1509 1702 9763 9956
5577 6409 3880 4712
1363 2637 5431 6705
820 2999 3431 5610
8771 10000 5421 7373
7959 9682 4163 5886
6134 8504 732 3102
7488 9660 4036 6208
8576 9463 454 1341
8801 9623 3100 3922
1966 2681 3902 4617
3163 4022 5357 6216
2785 4503 6189 7907
376 1009 5169 5802
9459 9722 9740 10000
4324 4406 9520 9602
6281 7007 7808 8534
4411 5516 7867 8972
802 2869 81 2148
6358 7398 1414 2454
5558 5834 7926 8202
5595 6467 5319 6191
5655 5711 9123 9179
5083 7150 2696 4763
5885 7547 0 1622
469 1219 7759 8509
1448 3187 0 362
6239 7294 8136 9191
5742 7941 6331 8530
4885 6713 4672 6500
6086 6994 5795 6703
7852 9241 229 1618
7830 9318 7029 8517
0 1109 0 1065
6933 8419 9505 10000
3568 5442 1696 3570
6725 7828 5155 6258
794 894 9892 9992
7756 9825 2088 4157
4728 6279 5420 6971
1956 3987 5175 7206
8286 8372 8693 8779
8342 9875 8419 9952
1305 1407 9649 9751
7810 9748 8069 10000
1638 2555 0 490
9406 9778 7220 7592
8280 10000 555 2309
5445 6951 2635 4141
4322 4643 1906 2227
1256 3569 2401 4714
6862 8636 9367 10000
6058 6668 1179 1789
0 675 913 2129
2027 2823 7268 8064
0 786 7686 9234
3827 6041 3369 5583
6365 7875 6506 8016
0 1697 4271 6471
2497 3548 172 1223
7626 8520 8238 9132
3648 5361 2205 3918
7639 8948 498 1807
0 1526 4056 5599
9227 10000 431 1683
6425 8660 8253 10000
5224 5809 5083 5668
0 1234 4975 6231
3124 3295 1758 1929
8583 10000 4751 6376
4167 4845 8921 9599
780 2096 5223 6539
2693 4706 7396 9409
108 1942 6731 8565
1507 2862 4165 5520
1278 2614 166 1502
9458 10000 7133 8272
4863 6566 5150 6853
6227 6787 7135 7695
0 630 0 1941
7509 9311 7714 9516
8705 9897 5666 6858
2103 4206 7106 9209
550 1620 8826 9896
553 2872 0 2015
2969 4709 6447 8187
1398 1769 9174 9545
1387 3145 4467 6225
4348 5500 0 1034
8181 8730 7108 7657
2669 3055 1108 1494
4020 4600 9344 9924
8099 9879 4080 5860
2402 4600 0 446
6558 7464 1478 2384
2624 3140 0 400
2109 4452 0 1365
0 125 6290 6712
7238 9361 6693 8816
5236 6900 0 1303
0 1206 0 1231
3472 4711 5001 6240
2645 4444 5060 6859
508 2309 8836 10000
6965 8835 7212 9082
103 304 9280 9481
5126 5264 7303 7441
3045 4877 9481 10000
23 1364 0 706
6976 9222 5206 7452
9356 9606 939 1189
3288 5183 6207 8102
4056 6336 5511 7791
4887 5377 2626 3116
5231 6367 4076 5212
6594 7323 5792 6521
2181 2733 4613 5165
4537 5524 7402 8389
9140 10000 0 2202
1496 2681 1908 3093
8963 8974 736 747
1641 3279 4192 5830
1411 2815 5555 6959
719 2938 5358 7577
378 1743 5298 6663
6880 7844 287 1251
5879 6632 2430 3183
5914 7395 1038 2519
5856 8032 4429 6605
5206 6406 3895 5095
8561 10000 2572 4449
3964 5781 7581 9398
7589 8575 967 1953
7482 8917 5352 6787
9555 9626 7873 7944
3157 5027 1764 3634
8036 10000 0 1126
2420 2590 8606 8776
7383 8773 7008 8398
4313 5895 5650 7232
4118 6135 6244 8261
5628 5986 0 259
1058 2965 5512 7419
6152 6705 2531 3084
697 2437 7150 8890
3673 4733 3220 4280
2452 3002 9450 10000
5656 5684 4992 5020
3274 4875 8403 10000
5272 7196 7384 9308
8318 10000 9224 10000
6847 7128 326 607
1449 2284 7516 8351
2615 3869 5607 6861
0 1727 5956 7762
5832 6704 4722 5594
2433 4097 4576 6240
7124 8229 4875 5980
4076 5983 85 1992
7010 7591 8206 8787
6426 7429 0 604
6673 8344 2802 4473
5042 7094 0 2039
2898 4850 4241 6193
7496 8710 2045 3259
4257 4367 9147 9257
9111 10000 0 833
4964 6207 6427 7670
4920 5519 9496 10000
9794 10000 7422 9265
5405 5982 5859 6436
0 389 6883 8576
7792 9626 0 1119
1228 2321 7381 8474
8310 9631 6451 7772
7181 8722 1018 2559
2270 4403 0 2114
7236 7414 4211 4389
3070 5012 1777 3719
9059 9597 5930 6468
5105 5895 2143 2933
4410 6459 0 1370
7973 9327 6621 7975
268 1285 9329 10000
8826 10000 3230 4953
3037 4840 6535 8338
4848 6962 1891 4005
6236 7205 3520 4489
1787 2863 6091 7167
3506 3850 9857 10000
0 1822 6213 8241
2744 4531 1863 3650
1253 1997 1372 2116
4096 5309 6821 8034
427 1567 7796 8936
3454 4287 1805 2638
1616 3147 6285 7816
5862 7253 0 1194
375 1496 2937 4058
817 969 7265 7417
7199 8512 6453 7766
1292 2335 1287 2330
3891 5905 220 2234
4774 6554 5315 7095
7831 8340 2140 2649
3584 3774 5534 5724
6589 6652 3289 3352
9486 9980 7570 8064
710 849 1930 2069
8061 9243 1108 2290
5443 6269 3297 4123
4106 4850 1872 2616
5408 7228 9323 10000
8641 10000 0 1438
5673 6236 5261 5824
5150 7258 8411 10000
2581 4573 7495 9487
5297 5820 7943 8466
62 1073 0 368
96 374 3120 3398
1685 3508 0 1361
0 789 8161 9157
2866 3078 3554 3766
5098 6155 7412 8469
7710 9898 5103 7291
1389 1659 2461 2731
2734 4847 1824 3937
9827 10000 7558 7935
73 665 3623 4215
3588 3726 791 929
8129 8923 0 125
1183 1752 1100 1669
5382 6071 6506 7195
6657 7914 602 1859
2549 4202 6274 7927
2726 4121 725 2120
3633 4798 6797 7962
4518 5405 8551 9438
238 2125 5576 7463
2640 3440 1134 1934
31 1495 6326 7790
8561 8611 7588 7638
2127 2439 213 525
2643 3896 1857 3110
3908 3909 7187 7188
6514 8287 7312 9085
3431 5276 2400 4245
1689 3428 9582 10000
9665 9769 5281 5385
5118 5838 7559 8279
7835 8669 9685 10000
739 1245 4246 4752
1925 2643 1610 2328
8299 8403 7181 7285
1733 4027 7949 10000
4550 5626 5370 6446
2533 2737 679 883
0 2153 569 2815
528 2325 7832 9629
9799 9946 6245 6392
7430 8468 5283 6321
0 2089 3039 5381
1379 2873 0 276
7613 9443 6727 8557
4347 5047 858 1558
7382 9367 1969 3954
5199 5767 8823 9391
6767 7606 3744 4583
4955 6685 3217 4947
149 2461 0 1793
8814 10000 4700 6760
5849 6708 3597 4456
9591 10000 2190 2752
730 2091 8256 9617
5095 7406 7798 10000
4727 5749 3353 4375
4310 5320 3631 4641
3810 4831 7885 8906
7358 8310 7160 8112
5624 7892 1439 3707
92 1067 8756 9731
8151 8607 3646 4102
399 2570 1675 3846
5753 8110 2943 5300
1778 3149 2234 3605
647 2051 489 1893
2972 4956 0 1330
1897 2583 4442 5128
3661 5176 6234 7749
4279 6424 3388 5533
9097 9308 8097 8308
7993 9455 7454 8916
1822 2912 1055 2145
1749 3004 6233 7488
3784 5254 0 1302
6927 8152 8080 9305
7728 9933 7717 9922
200 2391 7104 9295
3047 5287 859 3099
7746 8132 8575 8961
9373 10000 7939 9472
8971 9151 6710 6890
3986 6044 4724 6782
6816 8667 2286 4137
4933 6178 4552 5797
1922 4067 8121 10000
5929 6203 1013 1287
5483 7556 1303 3376
2492 4114 5555 7177
5417 7568 4157 6308
272 1691 3254 4673
1607 2422 906 1721
3099 3349 3838 4088
2563 2846 9235 9518
2334 2760 3252 3678
8852 8992 1175 1315
4919 6182 6717 7980
2234 2618 6758 7142
6676 7237 7830 8391
3472 4723 3352 4603
6978 8026 570 1618
1805 3702 1178 3075
8472 9669 5446 6643
0 326 7449 7945
645 2675 3267 5297
4636 5609 8261 9234
4898 6337 4886 6325
2057 3469 5780 7192
3792 3897 3099 3204
3981 4743 4926 5688
0 1455 4082 5640
6404 7142 3561 4299
0 841 7374 8560
9454 10000 5865 7443
7573 7679 379 485
8730 9915 8949 10000
4261 5577 290 1606
0 1041 706 2421
2491 2808 5791 6108
1570 2750 27 1207
6451 7140 7277 7966
8071 9413 4353 5695
2172 4318 1149 3295
7260 8927 7206 8873
3239 5395 790 2946
3788 5802 9032 10000
3206 4612 2078 3484
1924 3773 3314 5163
6163 6370 2284 2491
0 951 4592 5771
7351 9375 150 2174
4592 6927 3625 5960
5592 7343 692 2443
9308 9848 5029 5569
6314 7602 7002 8290
5096 6005 4375 5284
861 2898 3618 5655
7661 9748 2330 4417
2252 4443 4038 6229
1435 2878 0 1029
8125 10000 4517 6790
2325 3727 1697 3099
0 1560 6736 8727
9927 10000 7557 7652
4481 5759 6359 7637
1843 2381 826 1364
3501 4336 216 1051
1327 2005 621 1299
2059 3816 5322 7079
9737 10000 2616 3283
8971 10000 3289 5433
6422 6703 5631 5912
1851 3300 1572 3021
7899 9944 0 1888
5921 8230 1024 3333
125 1705 4420 6000
4441 6627 3967 6153
7389 9741 948 3300
3791 5654 4124 5987
7653 8645 665 1657
200 1925 87 1812
3498 4221 8984 9707
1371 3213 7503 9345
2417 3311 4046 4940
6028 7607 3249 4828
3426 4584 8887 10000
4502 4583 7683 7764
3113 5218 2396 4501
139 2356 5819 8036
6266 7315 423 1472
5861 8105 0 1450
391 851 2064 2524
0 1946 1739 3779
1604 1749 2469 2614
2515 4048 1726 3259
4331 6306 903 2878
4202 4229 500 527
4821 5331 7932 8442
3328 3564 2101 2337
9073 10000 3588 5278
1606 3276 7143 8813
3724 4095 8589 8960
3859 4683 480 1304
869 902 1716 1749
5960 6090 9721 9851
389 1773 5220 6604
6486 7306 6807 7627
8419 9593 3760 4934
2732 5074 2418 4760
4501 4706 8740 8945
7932 10000 4590 6939
8715 9637 1889 2811
7981 9325 8855 10000
1125 1874 0 728
7652 8838 2715 3901
8424 8908 453 937
495 563 3274 3342
8193 8559 9724 10000
6430 8561 2792 4923
6670 7894 0 899
8901 9843 6899 7841
5339 6861 8060 9582
9119 10000 5234 6160
6574 8807 2263 4496
8507 8783 4997 5273
4409 5367 4882 5840
2366 4287 4065 5986
7508 9832 5895 8219
4499 6330 47 1878
9170 9410 4088 4328
7615 7979 1971 2335
1110 2689 8388 9967
5349 5634 2953 3238
5575 6154 9375 9954
7045 9369 8285 10000
9340 9573 1784 2017
3446 3775 8608 8937
0 816 0 1120
1279 2528 8031 9280
6360 8198 6199 8037
8831 9317 5285 5771
8709 9686 8624 9601
8889 9365 2647 3123
9291 9404 8151 8264
8790 9768 5073 6051
5233 7138 4391 6296
2264 4614 1113 3463
7348 8289 538 1479
1393 2074 2251 2932
2662 4536 7417 9291
0 592 671 2183
7352 9630 0 1261
915 2234 998 2317
8302 8475 6137 6310
2454 3012 2467 3025
4210 5531 2832 4153
4452 4547 1496 1591
3798 6114 2772 5088
5107 7091 6082 8066
4641 6894 8847 10000
1469 2518 3375 4424
4939 5352 7092 7505
3738 6084 4774 7120
6296 7828 8084 9616
6737 7373 9107 9743
1502 2346 2418 3262
2404 2868 4192 4656
4424 6101 2083 3760
4683 5494 7351 8162
1384 2845 5037 6498
5699 6220 7013 7534
1872 4159 7045 9332
6854 7544 6175 6865
1238 2417 8624 9803
4162 4502 3970 4310
3811 5845 1813 3847
7101 9105 5164 7168
5623 7127 942 2446
596 2913 0 2027
7194 8617 9061 10000
2502 2736 1149 1383
0 1280 771 2523
3534 4841 0 1247
8044 9720 8294 9970
7956 9354 3102 4500
6358 7473 807 1922
8469 10000 6404 8627
6194 6807 6341 6954
5379 6390 5701 6712
4220 5797 3891 5468
8361 10000 6573 8912
8749 10000 1965 3523
8116 9154 4481 5519
8430 9557 5714 6841
6588 7855 2459 3726
108 1080 621 1593
44 1731 1212 2899
5897 7961 1865 3929
8317 9110 3034 3827
325 1324 964 1963
4117 6379 4804 7066
7134 7802 608 1276
7048 7787 7975 8714
2210 2748 2374 2912
8877 9598 2618 3339
0 1393 8882 10000
7398 8623 520 1745
4142 4167 7815 7840
4293 4846 2523 3076
0 360 6988 9167
1444 2447 2037 3040
6051 8354 4345 6648
4114 5831 3069 4786
8001 9407 6691 8097
1528 3300 3061 4833
0 827 3522 5862
3824 5418 6622 8216
218 2301 959 3042
8658 9853 2815 4010
1719 2293 2188 2762
1987 2861 892 1766
7860 8253 6057 6450
0 1132 2755 4188
7459 8262 3596 4399
6863 8257 5669 7063
5226 7180 1379 3333
9231 9922 0 493
842 2806 4215 6179
1265 1894 2182 2811
7343 8180 6499 7336
3349 4324 184 1159
5077 5523 500 946
6295 7931 0 585
5321 7594 0 980
4538 5289 3990 4741
7162 7355 7903 8096
3534 4819 6768 8053
9402 9760 8204 8562
4441 4963 1904 2426
7148 7855 4321 5028
4118 6039 7147 9068
9729 10000 2572 4059
4626 5688 9385 10000
5631 5714 1320 1403
842 2170 725 2053
3208 3914 4661 5367
5700 7688 577 2565
953 2069 4827 5943
1087 1183 6787 6883
1403 3468 9458 10000
2771 3422 7715 8366
1949 2881 7724 8656
4318 4404 1763 1849
2209 3410 6199 7400
3176 5476 0 628
5356 6482 3338 4464
3844 5402 9096 10000
8715 9266 6335 6886
7124 8133 7594 8603
828 3014 1991 4177
59 2400 301 2642
8280 10000 2282 4142
8333 8561 5070 5298
2065 3790 6532 8257
202 1891 8599 10000
8312 9895 8081 9664
2726 3743 2976 3993
7929 9791 1684 3546
5367 6900 9460 10000
4888 6329 8756 10000
4523 6716 2355 4548
7315 9126 6888 8699
6166 7718 3135 4687
2133 3716 2968 4551
5698 6546 0 651
528 2113 3426 5011
4627 4664 5105 5142
6938 7933 268 1263
3329 3825 5569 6065
318 975 4603 5260
0 1550 3083 4724
3734 5727 0 1402
6421 7692 8722 9993
824 1956 7243 8375
971 1936 5304 6269
7565 9112 8156 9703
0 1773 4666 6618
9451 9916 5204 5669
3235 3715 1893 2373
0 1597 3661 5325
0 1162 7248 9477
2427 3537 1476 2586
1727 3817 3071 5161
7792 8382 5832 6422
1232 3509 602 2879
1522 3075 2084 3637
2139 4174 4121 6156
0 630 5735 6829
57 299 6842 7084
2676 4083 4400 5807
1147 2544 1729 3126
1195 2608 4768 6181
1586 2432 2026 2872
5123 6079 7512 8468
7583 8892 2756 4065
9788 9813 7965 7990
6724 7183 8399 8858
3225 5009 1766 3550
4747 5700 8192 9145
5203 5373 8476 8646
4098 4708 2455 3065
5523 7039 9227 10000
351 916 5096 5661
6126 7679 3749 5302
8713 9421 7961 8669
8518 9637 3710 4829
8359 9671 8227 9539
6882 8255 0 1228
0 618 6576 8685
1495 1849 5763 6117
8578 2257
8580 5951
9259 6952
7949 1266
865 8197
2113 5286
8801 2230
1538 5803
379 7866
1153 2243
5507 7784
9921 3731
5035 5788
2431 7403
6471 466
8074 7272
4685 9658
5999 5390
9023 3659
7829 1703
9140 3612
766 9080
6753 8375
3614 3131
2170 937
1000 8078
6881 7773
4113 1883
3537 812
6322 2926
1766 1740
8572 2756
7051 6004
6188 9052
6492 3094
9939 7880
2113 9835
2349 6440
9622 482
9647 5013
1643 9988
2151 9719
5328 9942
1186 8430
5377 3300
6646 2635
9822 1202
248 8551
6686 520
4231 2512
3439 3043
6729 2498
8281 4561
9796 1441
2737 2054
5600 5957
6952 405
4844 4179
8560 4075
8165 4717
5075 6734
3118 177
1318 2293
6032 139
4173 5292
6135 9634
4071 2446
57 3640
3088 9506
1769 6925
1148 1693
6638 8697
5194 6131
4007 1356
3535 2793
3574 7422
8240 407
1572 5196
7313 2685
3524 1274
9627 6674
2965 6123
1156 655
2899 2210
3243 3881
4434 6371
8842 2397
2374 7098
3449 523
7577 5652
9986 2341
2751 3755
4545 496
8658 1782
5530 148
6526 4189
9994 3390
5607 6992
2663 7963
3927 4985
7854 5974
6236 8247
6997 4199
8609 3635
2570 8249
1529 1669
9436 9351
1408 6149
461 7810
7612 6623
6700 2601
8433 4910
7066 4834
9447 8982
9199 5854
2584 772
9967 812
3186 7534
5377 4688
4616 9782
3527 1528
5895 9057
1873 8960
1994 1744
7513 481
8516 2333
1530 5695
3822 1286
8966 8464
4426 6830
8141 1650
2312 2155
1213 4986
858 8814
4277 9363
8360 1761
4499 3128
9672 2014
9959 6564
6823 5491
2994 7687
3415 5397
6921 5001
7988 5628
1121 9916
1301 6588
5222 3399
351 6995
1944 2749
1442 9919
9682 5173
6850 1686
6830 493
4973 3138
2098 3570
9056 6777
1943 2989
5289 5210
1617 9983
2766 1198
6851 8179
9920 6341
8002 5989
3847 8925
3771 8581
8872 5984
58 3417
8072 4263
3634 2048
7818 3236
9483 2433
5353 1515
8887 8208
694 5968
5145 5254
7303 5285
7792 5274
6236 932
1169 3686
1194 6195
1648 9849
6277 4212
2087 6561
1544 4749
9122 6390
8721 4458
6648 2241
9371 4548
9082 831
9253 3372
2434 4370
3602 6192
2849 6724
840 5356
9583 9747
4365 9561
6473 8158
5075 8839
854 1728
7309 2263
5642 8040
5646 5978
5665 9157
6747 3404
7316 1572
1194 7808
1784 77
7203 8786
6715 7491
5931 4952
6255 6188
9043 993
8934 8323
707 1015
7984 9891
3735 2543
6915 5191
893 9959
8763 2972
6020 5520
2533 5203
8290 8749
8913 9753
1320 9691
8205 9324
2456 400
9529 7257
9160 1031
6203 3525
4417 2146
2408 3285
8301 9830
6102 1208
53 1110
2449 7485
399 7898
4459 3740
7124 7477
1252 4375
2999 648
8263 8989
3817 2672
8907 1574
349 4101
9990 1566
7906 9545
5560 5176
1180 5728
3291 1830
9995 5050
4600 9129
1380 5719
3349 8874
1013 8131
2759 5339
2463 941
9702 8037
6407 6419
6391 7436
172 404
8172 9196
9485 6547
4138 8952
1206 9892
1106 1418
3071 6964
1642 9346
2077 6059
5252 426
8434 7582
2953 1239
4535 9467
9849 4921
4011 382
7297 2308
2650 64
2636 1135
118 6524
8106 8137
6718 508
138 344
3599 5124
3838 6673
896 9318
8338 8367
181 9439
5239 7376
3363 9484
1327 452
7148 6132
9387 1147
4180 7231
5136 7791
5075 3054
5906 4977
7094 5864
2415 5067
5218 8114
9505 1645
2035 2310
8972 741
2889 4659
1471 5912
1553 7404
586 6427
7540 332
6154 2566
6584 1373
6030 5058
5650 4425
9962 3741
4015 8331
7723 1022
7773 5694
9621 7940
3299 3120
8372 681
2434 8630
8049 7762
5050 6494
6076 7200
5963 7
1254 5583
6400 2676
2170 7595
3789 3371
2696 9759
5674 5014
4067 8905
6387 7668
9695 9909
7102 412
1523 7759
3364 6416
1297 7398
6458 5401
3348 5828
8085 4927
5175 1559
7012 8584
7341 476
8108 3291
5169 1264
3535 5026
8088 2210
4264 9160
9843 12
5260 7188
5061 9838
9879 8020
5804 6435
79 7680
8150 741
2184 7720
8712 7038
8636 1321
3713 1496
7395 4342
3557 2760
9438 6403
5831 2804
4439 987
9262 6834
999 9620
9785 4858
3998 7674
5218 2646
6309 4369
1965 6748
3610 9895
1018 7068
3469 3052
1574 1379
4515 7040
1097 8667
3817 1950
1907 6701
6808 97
447 3025
889 7405
7381 6693
2075 2164
4652 1465
6146 5351
8184 2163
3721 5708
6602 3314
9673 7803
832 2019
8664 1840
6092 3915
4704 2519
6296 9679
8876 418
6091 5315
7165 8621
3706 8988
5556 7966
946 162
367 3380
3066 438
656 8641
3073 3683
5192 7754
8409 5203
1499 2519
3274 2536
9894 7920
81 3805
3688 812
8732 13
1218 1289
5608 6577
6773 1812
2811 6506
4113 1005
4767 7594
5040 9204
2070 7057
3342 1788
953 6445
8601 7608
2412 400
3341 2994
3908 7187
8022 8943
3949 4135
2028 9851
9714 5382
5151 8239
8275 9895
1136 4325
1953 2190
8377 7209
2956 9301
4969 5962
2639 849
1678 1304
1087 7952
9872 6354
7694 6303
1618 3208
2502 149
8553 8325
4741 1410
8591 3849
5322 8882
7240 4364
6462 4087
587 570
9548 4916
6089 3981
9638 2701
1124 8911
6018 9920
5555 3376
4907 3727
4257 8142
8080 8026
7846 2301
639 9045
8210 3967
1238 3043
6633 3036
2715 2605
1826 1043
4360 100
1946 4939
4847 7585
5024 4263
9158 8200
9203 8489
2462 1755
2395 6415
4622 1248
7633 8467
9832 9703
1884 8490
4748 2700
7813 8607
9540 8955
8987 6751
6029 5000
7490 3736
5759 5294
3477 8293
5956 1243
5921 1496
3960 7087
5431 5670
631 4411
1725 1303
3222 3920
2755 9485
2742 3311
8902 1179
5306 7334
2309 7090
7070 8147
4296 3989
7327 1591
2591 1499
9176 6477
297 7623
1312 4569
5494 8858
6120 5479
2480 6406
3887 3187
4316 5568
673 4472
6775 3800
459 7704
9543 5868
7635 458
9086 9249
5357 1374
394 1440
2742 6040
2084 631
6887 7685
9381 5591
2379 2592
8368 8113
3365 928
3951 9961
3745 2157
1946 5097
6287 2400
871 4885
8057 427
5277 4020
5867 893
9722 5184
6446 7262
5899 5078
1470 4856
7915 3554
3206 5187
2535 533
9729 5440
2394 2773
200 8101
9956 7567
5636 7225
2236 877
3526 917
1531 782
2426 6469
9847 3210
9325 5082
6570 5744
2837 2916
9766 1474
8001 3179
338 5250
4602 4762
8796 3269
4778 5200
7826 854
1791 1636
3807 9598
2585 8006
3228 4408
6826 4783
3607 9569
4533 7686
3370 2585
1073 7215
6651 1364
6174 1001
417 2197
1078 3570
1606 2561
2673 2853
5756 2827
4227 501
5077 8211
3499 2141
9445 4101
1885 7628
3736 8953
4357 789
869 1733
5969 9828
426 5333
7199 7551
8464 3853
4897 4043
4691 8764
8306 6732
8717 2158
8276 9981
1298 260
8560 3485
8568 902
518 3317
8455 9808
8383 4163
6822 455
9285 7287
5375 8507
9947 5606
7611 2321
8748 5200
4848 5323
2891 4789
7813 6817
4738 1861
9393 4285
7813 2322
1263 9295
5461 3226
6058 9601
9155 8422
9386 1915
3539 8693
538 961
1776 9183
6882 7039
8973 5551
9450 9066
8939 2899
9364 8167
9693 5873
5426 6130
2807 1456
7491 1136
1729 2276
3937 9276
144 1369
9343 870
1584 1694
8475 6182
2686 2535
5156 3623
4518 1537
5398 3844
5283 7131
5835 9420
2317 4236
5013 7454
4481 5056
7056 8749
6939 9299
2166 2737
2498 4227
4733 2904
5393 7632
2426 5958
5954 7300
3716 8025
7498 6230
1393 9721
4456 3989
4042 3442
7997 5263
5725 2092
2492 262
8349 9783
2535 1256
592 1326
3620 30
8406 9435
8378 4074
7395 1463
9845 8220
6227 6494
6335 5847
5283 5170
9111 7368
8815 2727
8250 5282
9370 5789
7565 3317
322 806
1678 2577
7909 2289
8478 3782
426 1295
4394 6020
7754 1234
7507 8604
2373 2852
9589 2727
1331 9718
8606 771
4156 7839
4783 2586
227 7579
2125 2977
7429 4726
5295 4062
9005 7235
2129 3319
197 4121
4340 6797
1984 2223
9347 3548
1979 2634
2147 1672
8081 6382
818 3306
7889 4364
7996 6681
7009 2664
9415 63
2778 4282
1389 2387
8041 6821
3432 197
5279 632
7692 187
6679 34
5208 4032
7327 8096
4479 7438
9528 8314
4579 2126
7710 4349
4650 7339
9931 3840
5120 9738
5686 1351
879 1087
3627 4849
6185 2029
1628 5788
1153 6830
1945 9878
2935 7717
2581 8188
4349 1784
3247 6448
3571 544
5948 4407
4947 9707
9110 6607
7510 8252
2895 3483
774 1414
9826 2830
8384 5275
2172 7930
1540 8850
9694 9190
2894 3809
9704 2181
5780 9744
5906 8899
5464 2541
7901 7142
7515 4347
3300 3830
6482 265
2051 5009
4655 5111
7233 647
3644 5615
794 4864
1064 3768
5356 1330
7632 9028
1754 8236
1181 5904
7661 9697
468 6509
9796 5215
3288 2078
968 4308
262 7820
2909 2546
2727 3584
7906 6055
2974 1632
2832 2480
2255 5884
335 6813
98 6921
4068 4495
1989 2791
2199 5376
1959 2335
5577 7827
8603 3614
9795 7972
6939 8570
4235 3039
4877 8464
5221 8576
4274 2907
6045 9609
567 5536
7498 4594
9230 8528
9516 3936
8666 9102
8085 100
455 6932
1522 6108
