800 134 400 5 1016
6 1 3 3 4 6 7 9 2 2 24 4 15 5 2 2 3 4 3 3 2 3 18 8 7 2 2 12 3 2 9 12 1 13 6 4 7 18 4 5 1 3 18 1 1 3 7 1 4 1 12 15 9 17 7 13 7 26 8 3 4 3 14 5 1 1 5 7 2 2 13 8 4 2 13 1 13 16 1 2 7 2 9 4 3 9 2 3 5 3 4 4 4 4 5 1 11 4 4 6 10 13 9 11 4 2 6 1 2 1 2 12 4 5 1 3 3 24 3 5 6 1 14 5 8 1 7 11 4 1 1 3 2 1
0 416 9391 9928
1444 1994 5200 5750
9725 10000 2179 2937
7074 7318 327 571
1835 2751 1247 2163
3064 3162 8417 8515
3918 3932 9825 9839
1743 2561 7609 8427
8425 9106 8213 8894
564 724 7187 7347
6996 7663 1347 2014
7732 8537 983 1788
2208 3132 7145 8069
8975 9761 4743 5529
8046 8991 5078 6023
5138 5596 7361 7819
1163 2140 5561 6538
0 134 8237 8523
6297 6835 1545 2083
3519 3625 6026 6132
0 467 7586 8533
7840 8085 5980 6225
5306 5875 0 255
3314 3888 2745 3319
6556 6880 4027 4351
7439 7755 6297 6613
3732 4096 9779 10000
6091 6889 6046 6844
8418 8567 5396 5545
6556 7519 5296 6259
4434 4529 6448 6543
9464 9690 634 860
0 440 1400 2135
8009 8903 7195 8089
3891 4689 3853 4651
2463 3039 8958 9534
107 540 5039 5472
474 1201 1449 2176
7794 8477 1158 1841
0 538 5322 6241
2309 2658 2479 2828
1057 1831 3120 3894
7704 8634 401 1331
8311 8707 1399 1795
243 955 2798 3510
6718 6917 1539 1738
5220 5385 1371 1536
2046 2697 4649 5300
1966 2088 7592 7714
5540 5900 1876 2236
8960 9157 7846 8043
1172 1316 7534 7678
5569 5912 4024 4367
7311 7856 2305 2850
4313 4504 729 920
1158 1742 8495 9079
936 1587 6005 6656
8772 9442 5585 6255
6668 6997 4866 5195
5020 5100 141 221
8261 8832 5556 6127
2953 3339 6952 7338
6905 7132 5449 5676
4143 4902 3839 4598
5381 5981 2771 3371
4233 5202 3758 4727
5246 5357 1883 1994
3382 3950 671 1239
3497 4405 8096 9004
1188 1975 4785 5572
9157 9940 0 540
7810 8209 712 1111
3473 3599 8106 8232
3604 4179 7344 7919
689 1664 2406 3381
5336 5428 3252 3344
5521 5921 3287 3687
5719 6315 7428 8024
3624 3814 1623 1813
2225 2376 5619 5770
1052 1123 5246 5317
3422 3461 7540 7579
6138 6850 3614 4326
2344 2742 6877 7275
6898 7338 8147 8587
5219 5543 8580 8904
9081 9754 5411 6084
4131 4367 6198 6434
1321 1689 8086 8454
5480 6086 3880 4486
4666 5159 2083 2576
887 1211 9803 10000
1788 2050 6006 6268
5771 5952 9333 9514
2948 3616 452 1120
7926 8451 4319 4844
5225 5418 5806 5999
6424 7223 6752 7551
8793 9095 7534 7836
8955 9508 6157 6710
222 231 4942 4951
7416 7457 7414 7455
5484 5927 4009 4452
1800 1968 606 774
4397 4596 7805 8004
7402 7816 7393 7807
7832 8543 4979 5690
988 1363 3142 3517
6434 7313 4380 5259
1402 1618 8234 8450
3643 4547 7569 8473
2733 2809 2007 2083
314 479 8406 8571
9488 9576 4406 4494
104 700 1008 1604
5098 5545 6614 7061
7693 7951 4921 5179
7409 8305 8366 9262
7988 8071 9566 9649
6196 6471 9361 9636
1829 2464 7896 8531
9051 10000 6815 7796
588 1141 1382 1935
7545 8503 2033 2991
811 926 8616 8731
6449 6493 7219 7263
1838 2571 3175 3908
2366 2509 1065 1208
3265 3336 2788 2859
8879 9257 7235 7613
3031 3866 4390 5225
8920 9490 8103 8673
8651 9557 4165 5071
2975 3862 1283 2170
7580 7827 2340 2587
5558 5717 4185 4344
8819 8892 8720 8793
9894 9926 1133 1165
4706 4707 9356 9357
9880 10000 9502 9791
5263 5542 0 181
4531 5404 1881 2754
4898 5709 1520 2331
3489 3987 8800 9298
7922 8482 7416 7976
5794 6740 2969 3915
5999 6819 0 808
2506 3494 8790 9778
2791 3631 2166 3006
2580 3171 3938 4529
9054 9861 8429 9236
5539 5941 4939 5341
2870 3011 2753 2894
4078 4807 6183 6912
4125 4332 0 86
6849 7507 9576 10000
1543 2079 8007 8543
6366 7265 9098 9997
4044 4325 8744 9025
3931 4143 5784 5996
5700 6020 9224 9544
8778 9653 4457 5332
960 1900 1433 2373
4928 5091 3538 3701
2864 3205 9210 9551
3934 4023 2030 2119
3574 4009 3267 3702
6457 6510 8084 8137
3395 4298 8808 9711
9515 9870 3149 3504
6629 6936 5772 6079
2197 2291 7009 7103
614 833 3553 3772
2697 3307 2614 3224
1756 1887 7860 7991
8125 8882 8256 9013
5096 5648 5612 6164
8581 9074 5951 6444
2158 3046 6539 7427
286 607 9518 9839
1527 1755 4482 4710
9376 10000 287 1126
4302 5170 3308 4176
6270 7058 5708 6496
545 710 2861 3026
9221 9889 5154 5822
495 1375 846 1726
8170 8884 5239 5953
5114 6046 5316 6248
7567 7786 7906 8125
3705 4460 1532 2287
6959 7831 7473 8345
6703 7507 3797 4601
9667 10000 7579 8308
1301 1317 3204 3220
7744 7953 6609 6818
8058 8811 7709 8462
3962 4518 7979 8535
9446 9678 2651 2883
9438 9649 5344 5555
5362 5502 9271 9411
1259 1479 9282 9502
725 780 2396 2451
1392 2182 9613 10000
6662 6877 0 206
2348 3196 0 799
2565 2901 6191 6527
64 522 59 517
4695 5488 1251 2044
4229 4876 534 1181
7861 7943 7646 7728
133 599 0 403
5520 6002 3678 4160
751 1681 2672 3602
1551 1669 6262 6380
4369 4472 8378 8481
9729 10000 3310 4098
1083 1988 8370 9275
7185 7759 6625 7199
6152 7165 3660 4673
5796 6066 6232 6502
4872 5561 9156 9845
5467 5677 47 257
3605 3735 3657 3787
5467 5643 9240 9416
2630 3465 5669 6504
2095 2961 7728 8594
4201 4977 8773 9549
4328 4418 2528 2618
5217 5455 6323 6561
939 1157 1928 2146
8559 9067 548 1056
7295 7796 6117 6618
7190 7745 9624 10000
5455 6012 6657 7214
124 834 0 687
3162 3483 7402 7723
4309 5183 542 1416
3165 3552 4897 5284
3904 4031 3900 4027
1910 2531 8837 9458
3030 3757 7974 8701
4565 4888 8999 9322
6267 6938 8618 9289
3992 4655 0 327
5513 5835 0 131
2622 3586 2221 3185
1156 1721 9129 9694
7511 8115 8818 9422
7339 8326 4215 5202
2792 3449 1803 2460
2138 2191 5839 5892
7825 8635 2250 3060
7285 7341 9509 9565
7761 8332 9285 9856
207 570 8483 8846
1673 2534 3805 4666
9488 10000 1384 1931
9127 9929 5984 6786
1605 2432 8158 8985
7338 7995 6352 7009
3961 4976 6642 7657
8467 9194 5129 5856
0 216 1056 1933
9460 9654 1867 2061
1328 1475 3836 3983
4960 5375 6985 7400
36 1002 9059 10000
9878 9993 4197 4312
2039 2290 3848 4099
6148 7097 860 1809
3186 3324 9879 10000
4598 4760 142 304
3060 3476 6397 6813
3757 4357 3814 4414
1363 2113 0 478
5257 5588 0 163
5701 5707 5261 5267
5461 6130 1668 2337
8280 8639 7463 7822
6183 7149 8661 9627
1484 1858 2812 3186
1662 2103 5518 5959
3557 3986 6454 6883
9119 9548 4938 5367
2230 2700 3772 4242
5662 6597 3503 4438
964 1217 8978 9231
3379 3935 6469 7025
8291 8655 8792 9156
8787 9672 2378 3263
9259 9779 2453 2973
4264 4636 6916 7288
7985 8634 992 1641
6750 7709 5029 5988
6504 7451 539 1486
5977 6480 3018 3521
525 544 4039 4058
7505 7650 4209 4354
950 1916 3497 4463
633 767 5491 5625
1737 2074 8077 8414
2398 2719 398 719
907 1496 3478 4067
1637 1827 9938 10000
7204 7777 412 985
4886 5301 32 447
3498 4499 3764 4765
3898 4437 4619 5158
5557 6501 2816 3760
48 1045 5139 6136
8680 9086 4050 4456
5759 6720 6659 7620
6301 6714 3966 4379
2658 3557 9119 10000
2619 3013 7333 7727
4626 5302 2709 3385
532 1187 534 1189
5651 6220 1409 1978
3746 4653 9759 10000
1325 1544 5210 5429
2503 3493 432 1422
2878 3237 2917 3276
2773 3133 2349 2709
8361 8435 9578 9652
4595 5603 1435 2443
8640 8763 5892 6015
3905 4802 3362 4259
3446 4016 1073 1643
406 1292 1099 1985
8703 9192 9539 10000
5788 6613 2598 3423
144 943 6170 6969
1176 2003 2951 3778
4961 5859 319 1217
3644 4041 2404 2801
1958 2429 9235 9706
4127 4931 718 1522
2393 3121 4137 4865
578 1283 5685 6390
817 1639 7090 7912
7214 7240 8804 8830
3701 4017 837 1153
2213 3166 4489 5442
4259 4331 2523 2595
1529 1534 5781 5786
8004 8961 5304 6261
9207 9279 3344 3416
6362 6408 4483 4529
4918 5594 5404 6080
8242 9200 0 558
691 1184 6261 6754
6163 6965 9939 10000
5148 5208 2365 2425
5095 5158 1082 1145
9115 9287 5851 6023
6565 7375 7789 8599
4902 5194 2932 3224
3280 3418 482 620
379 1317 6705 7643
0 361 2871 3467
8841 9857 238 1254
4780 5300 2144 2664
2436 2512 5113 5189
4930 5223 1753 2046
4239 4750 7493 8004
752 1196 6599 7043
0 216 8567 9085
4477 4601 48 172
2897 3261 98 462
6490 6491 2163 2164
7098 7277 134 313
6729 7005 2500 2776
3842 3990 2949 3097
4295 4389 7751 7845
8894 8964 3758 3828
7317 8216 1369 2268
3750 3780 3045 3075
0 119 9129 9923
7482 8252 7906 8676
0 758 113 1116
5705 5745 6631 6671
2518 3444 6208 7134
7793 7848 2477 2532
8813 9711 7211 8109
4102 4223 8193 8314
9604 9662 4151 4209
9594 9729 8208 8343
0 314 3645 4154
7545 7825 6457 6737
6833 7424 2535 3126
4078 4554 7404 7880
1338 2218 8203 9083
4559 5300 2749 3490
8451 8646 3491 3686
7765 8295 9691 10000
9564 9815 3199 3450
1554 2001 6651 7098
6270 6736 2518 2984
6832 7431 6468 7067
9635 9742 0 101
957 1105 7295 7443
5118 5727 8222 8831
8849 9151 4830 5132
9760 10000 5263 5566
8306 9302 3506 4502
6358 7169 7952 8763
4537 5308 4262 5033
9466 9522 4979 5035
9555 10000 3297 3755
866 1468 0 341
8451 8853 5958 6360
574 1384 214 1024
1711 1910 6512 6711
4431 4602 3044 3215
6138 6296 2477 2635
5342 6345 3919 4922
8869 9786 3105 4022
4768 5253 9038 9523
3255 3403 7815 7963
9255 10000 3164 3978
4117 4268 187 338
4516 5033 1380 1897
7150 7441 1401 1692
4694 4828 777 911
6353 6514 2441 2602
749 1104 5706 6061
4610 5545 4173 5108
5477 6292 3214 4029
3252 3522 1669 1939
7714 8246 9507 10000
9360 10000 3232 4005
1989 2405 7786 8202
3316 4283 7516 8483
1704 2224 5804 6324
9368 9603 2866 3101
6678 7193 998 1513
2731 2927 7879 8075
4114 4134 8844 8864
1718 2370 3670 4322
7460 7675 4376 4591
8321 9102 3394 4175
6033 6310 9071 9348
8240 8595 9708 10000
5892 6849 416 1373
2880 3804 4387 5311
0 356 196 828
6330 6841 2673 3184
5021 5716 3804 4499
8893 9782 6008 6897
8702 9198 6783 7279
549 1341 1024 1816
2333 2448 6425 6540
8573 8896 5828 6151
2938 3587 9540 10000
1669 1696 2011 2038
4249 4735 3372 3858
1056 1166 3654 3764
5066 5856 2065 2855
3843 4625 7580 8362
0 518 317 862
5927 6500 1389 1962
8793 9327 5171 5705
3866 4161 1660 1955
4100 4595 0 148
1431 2201 8023 8793
7522 7765 6517 6760
6323 7086 1380 2143
8482 8831 5196 5545
7718 8282 9412 9976
7559 8300 2666 3407
8362 9248 8048 8934
5055 6002 1101 2048
6324 7013 4415 5104
2324 3103 5486 6265
304 394 5296 5386
3302 4009 1180 1887
6188 6701 4088 4601
4177 4961 5883 6667
2832 3764 4881 5813
1187 1624 4271 4708
8442 8767 5160 5485
2071 2336 8940 9205
5736 6452 8726 9442
7397 7527 3085 3215
3803 4094 2011 2302
8296 8685 6450 6839
2633 2868 3754 3989
3864 4672 950 1758
2961 3125 8909 9073
5165 6074 5970 6879
1573 1878 2148 2453
3397 3870 4068 4541
2879 3479 3892 4492
3489 4420 8108 9039
556 724 8574 8742
8362 9106 4628 5372
7498 8039 8241 8782
4373 4811 4829 5267
0 654 4271 4964
0 755 0 675
5207 5843 4250 4886
8785 9052 1045 1312
3581 3651 4575 4645
6763 7041 3010 3288
5205 5806 5118 5719
5358 5908 2248 2798
6829 7304 8605 9080
7138 7731 2368 2961
4155 5093 776 1714
1351 1949 1900 2498
9153 10000 4099 4967
5018 5874 991 1847
6538 7223 5945 6630
3299 3466 5651 5818
9328 9895 7286 7853
9786 10000 9587 10000
3544 4211 1119 1786
2187 2839 3589 4241
8128 8464 6891 7227
5066 5491 7969 8394
1545 1594 4702 4751
7378 8195 660 1477
2125 2998 2022 2895
1127 1374 9752 9999
4225 4729 2355 2859
1242 1390 981 1129
6269 6352 4863 4946
7006 7102 9687 9783
9271 10000 3763 4527
7596 8197 9454 10000
1727 2465 3427 4165
6208 7163 3589 4544
8129 8149 6237 6257
2434 2949 6811 7326
632 722 3545 3635
7769 8316 2623 3170
2947 3136 9622 9811
8446 9337 1233 2124
1120 1782 8427 9089
2747 3544 5005 5802
4363 5317 9 963
6075 6864 8282 9071
4638 5230 6686 7278
5829 6525 7187 7883
596 1249 2171 2824
309 862 9470 10000
2488 3476 107 1095
6572 6808 2173 2409
8601 9007 8403 8809
5235 5692 6160 6617
1365 1696 2138 2469
1528 1537 6424 6433
9424 10000 636 1478
8306 8512 5417 5623
9375 9886 0 484
475 1360 697 1582
4932 5096 2691 2855
2540 2622 6620 6702
5614 5766 514 666
8975 9736 3822 4583
5947 6846 4535 5434
6013 6484 8680 9151
5429 5459 4729 4759
181 540 2311 2670
4806 5764 8945 9903
5701 6496 4023 4818
3928 3970 8049 8091
5466 6022 7419 7975
0 782 9127 10000
4550 5332 1501 2283
9920 10000 4605 4737
2516 2743 8677 8904
9411 9622 7143 7354
6837 7820 5416 6399
4377 5148 3399 4170
7514 8058 3562 4106
2973 3980 8142 9149
3710 4192 1164 1646
7571 8137 242 808
9509 10000 8541 9433
8893 9142 2931 3180
2470 3029 6901 7460
9774 10000 3589 4151
4324 4991 9778 10000
7140 7581 3096 3537
8149 8535 1063 1449
4410 4532 3962 4084
8251 9019 5648 6416
2810 3431 2192 2813
8543 8910 0 75
4431 5076 5257 5902
7359 7544 6379 6564
7544 8556 887 1899
6547 6794 8302 8549
3644 4505 2583 3444
272 852 1458 2038
3913 4513 9418 10000
5008 5918 9836 10000
1127 1271 6350 6494
6256 6401 8018 8163
4635 5186 1088 1639
9251 10000 6391 7310
1349 1549 3957 4157
3696 3916 5115 5335
1616 1632 393 409
8398 8701 8750 9053
304 622 164 482
5184 5738 1532 2086
1374 1639 591 856
3531 3719 7294 7482
5993 6543 4749 5299
7077 7616 3986 4525
0 481 9279 10000
8115 8832 4241 4958
7018 7049 2323 2354
4612 4845 9618 9851
4803 5233 1533 1963
1726 2171 3285 3730
8466 9241 8818 9593
377 704 5901 6228
594 1030 7458 7894
0 705 0 809
8552 8557 4033 4038
9654 10000 4980 5741
9306 9642 1320 1656
840 1022 5678 5860
6713 7699 3442 4428
1387 1862 5200 5675
1424 2279 761 1616
290 1008 661 1379
9780 9944 2441 2605
2322 3160 3695 4533
7281 8155 3883 4757
4661 5286 776 1401
3787 4291 6745 7249
3884 4346 355 817
7394 8178 322 1106
6368 6783 6583 6998
2559 2637 4581 4659
6630 7552 5757 6679
9738 10000 9806 10000
2877 3009 7716 7848
8409 9038 6289 6918
5612 6152 8765 9305
3011 3450 2903 3342
1336 1899 336 899
1973 2185 237 449
590 851 6738 6999
4185 4353 9541 9709
7592 8008 8249 8665
8407 9061 6348 7002
5266 6074 5229 6037
5064 5268 1791 1995
5801 6386 6256 6841
2370 3235 0 259
5981 6637 9505 10000
1687 2289 8225 8827
9607 9846 5187 5426
5249 5274 1915 1940
9057 9308 5755 6006
609 873 6980 7244
6840 6936 3189 3285
8502 9161 0 254
6329 6985 6855 7511
7972 8117 593 738
9097 10000 6611 7590
6483 6928 1294 1739
7843 8179 9465 9801
1983 2567 1389 1973
5038 5825 7511 8298
5179 5556 6464 6841
8829 9723 2215 3109
7288 7516 4261 4489
2807 3760 2284 3237
3999 4520 9625 10000
1194 1634 5684 6124
1498 1603 9833 9938
7394 8369 4568 5543
788 1567 4460 5239
3479 3999 0 517
1052 1641 3053 3642
1675 2668 5509 6502
1340 1522 9080 9262
230 286 6007 6063
2814 3717 7600 8503
383 446 393 456
74 942 3417 4285
8413 9135 6276 6998
5275 6143 4442 5310
3108 3806 0 238
2647 2777 7892 8022
1131 1751 2518 3138
259 1100 9774 10000
1586 2165 0 284
1487 1982 2402 2897
4240 4695 1714 2169
5116 5716 27 627
8127 8748 2960 3581
7732 8041 5573 5882
429 1338 9861 10000
4649 5590 4404 5345
5306 6164 5338 6196
291 1067 6125 6901
320 1336 5708 6724
6335 7235 3990 4890
218 468 9266 9516
4760 5775 5706 6721
3765 4653 1621 2509
6806 7412 4492 5098
8128 8443 5954 6269
4775 5473 1681 2379
4082 4800 5906 6624
4270 4427 4978 5135
5840 6135 6785 7080
8687 8770 5542 5625
6884 7177 5284 5577
6262 6339 3477 3554
3938 4877 1202 2141
5473 5682 9751 9960
5422 5749 8571 8898
0 945 6888 7863
6200 6671 9222 9693
7768 8480 3371 4083
3413 4253 3508 4348
1403 2404 5138 6139
4630 5282 2265 2917
3906 3963 4344 4401
4494 4820 363 689
4681 4853 4112 4284
6494 6737 916 1159
1499 1763 549 813
9356 10000 7886 8743
726 1285 3239 3798
8021 8990 9732 10000
3779 4042 1550 1813
4882 5249 4645 5012
7184 7679 956 1451
2507 2589 760 842
6823 7648 1304 2129
3476 3870 7757 8151
5324 6173 5733 6582
2340 2437 6927 7024
7722 7877 8277 8432
346 835 957 1446
1656 1730 9452 9526
4718 5045 338 665
2958 3524 352 918
2925 3118 6745 6938
3228 3602 4125 4499
6135 6316 1009 1190
3335 4060 6493 7218
7775 8340 4072 4637
7262 8038 6031 6807
4827 5820 3868 4861
27 636 6224 6833
6910 7832 3467 4389
1894 2703 2490 3299
4722 4907 5249 5434
5668 6582 5915 6829
1383 2041 481 1139
9209 9681 5146 5618
5515 6016 5184 5685
1624 1755 2087 2218
5703 6131 2957 3385
7205 8052 955 1802
8658 8711 5915 5968
3272 3914 9761 10000
2206 2234 4267 4295
7205 7516 7355 7666
9228 9639 9558 9969
1586 2189 7756 8359
5985 6540 3793 4348
0 908 9088 10000
8420 8640 2065 2285
1297 1507 5014 5224
8237 8412 1364 1539
2972 3162 8374 8564
1825 2639 8458 9272
1429 2018 855 1444
797 993 29 225
7891 8309 642 1060
9777 9853 2019 2095
7542 7737 4094 4289
616 1549 925 1858
2277 3272 2924 3919
3750 4660 1852 2762
6138 7127 1798 2787
2908 3179 7848 8119
9183 9211 814 842
2755 3147 6977 7369
933 1585 9053 9705
3491 4463 509 1481
8511 8671 8917 9077
9445 9793 9857 10000
3461 3550 6828 6917
7671 8311 5258 5898
4985 5646 7297 7958
6253 6678 9554 9979
9085 9676 5837 6428
267 9551
1555 5471
9776 2798
7132 397
2306 1957
3124 8428
3926 9827
2327 8150
8761 8859
631 7222
7487 1876
8253 1533
2234 7922
9301 4787
8148 5373
5424 7473
1617 6174
125 8516
6433 1953
3577 6127
257 8034
7870 6119
5563 182
3451 3164
6560 4321
7598 6421
3796 9793
6814 6234
8511 5422
6822 5810
4503 6469
9677 816
113 2014
8716 7254
4596 4516
2573 9030
230 5436
841 1532
8108 1412
353 5568
2560 2729
1145 3576
7786 1175
8364 1666
900 3043
6839 1547
5315 1487
2437 4671
2006 7615
5785 2129
9093 7955
1208 7555
5629 4320
7560 2431
4421 766
1164 8661
1121 6553
9247 5990
6934 4885
5085 210
8481 5671
3049 6952
7051 5551
4173 4096
5466 2833
4355 3934
5345 1904
3724 882
3982 8985
1300 5373
9848 504
7968 926
3534 8135
3755 7602
1097 2707
5391 3339
5714 3608
6206 7936
3811 1810
2353 5758
1070 5289
3434 7554
6451 4196
2503 7206
7330 8544
5264 8783
9695 5756
4363 6203
1615 8131
5747 3946
5029 2254
906 9803
1966 6074
5873 9425
3483 958
8375 4531
5364 5978
6515 7110
8931 7635
8999 6634
228 4944
7451 7434
5489 4063
1946 747
4422 7839
7651 7582
8340 5462
1040 3435
7132 4714
1609 8254
3937 7965
2801 2048
350 8470
9501 4435
176 1010
5239 6634
7767 5105
8247 9161
8058 9621
6467 9446
1972 8090
9192 7578
901 1649
7590 2341
831 8725
6449 7239
2345 3825
2367 1131
3286 2817
9129 7431
3346 4799
8922 8434
9272 4626
3508 1527
7670 2341
5568 4219
8869 8760
9922 1149
4707 9357
9892 9550
5395 30
4909 2673
5108 2223
3721 9262
7962 7715
5996 3510
6082 365
3205 9226
2938 2749
2694 4377
9587 8649
5644 5318
2981 2818
4473 6364
4177 47
7068 9677
1987 8132
6600 9130
4270 8939
4124 5987
5846 9327
9086 5295
1588 1509
4929 3545
2988 9528
3949 2071
3702 3634
6480 8097
3595 9579
9636 3379
6716 5851
2216 7078
659 3621
3065 2759
1799 7932
8219 8742
5623 5926
8709 6246
3009 6945
384 9788
1700 4571
9783 797
4973 4070
6474 5976
697 2864
9743 5330
1172 1065
8804 5935
5563 5533
7665 8015
4035 1758
7826 8249
7422 4080
9789 7907
1317 3212
7839 6751
8179 7911
4304 8421
9521 2714
9449 5533
5472 9371
1313 9369
747 2441
1567 9802
6732 58
2554 184
2866 6273
126 101
5220 1959
4598 642
7883 7670
171 216
5988 3761
1448 3371
1644 6316
4449 8472
9828 3634
1705 8485
7444 7139
6602 4054
6016 6326
4940 9163
5594 228
3722 3726
5588 9288
3144 6146
2900 7919
4599 9004
4386 2587
5363 6488
1040 2062
9029 551
7371 6442
7663 9921
5915 6669
296 404
3329 7461
4753 1138
3214 5049
3963 3997
2404 9216
3649 8422
4831 9310
6315 8885
4639 66
5826 98
3274 2396
1631 9370
7943 9319
8167 4984
3144 2055
2165 5874
8298 2666
7300 9529
7838 9473
271 8839
1869 4375
9768 1530
9604 6025
1743 8319
7905 6442
4836 6915
8972 5170
44 1482
9624 2001
1396 3847
5102 7400
926 9966
9900 4261
2087 3932
6609 1122
3220 9925
4617 198
3340 6599
4156 3941
1500 83
5517 63
5706 5266
5581 2299
8432 7561
6305 9225
1508 2902
1814 5662
3738 6771
9202 5019
2693 4108
6152 3867
1001 9087
3430 6737
8586 9027
9309 2568
9573 2854
4530 7280
8420 1379
7069 5620
7198 1465
6302 3505
532 4039
7609 4301
1374 3972
676 5528
2057 8151
2417 613
1417 3755
1816 9967
7622 952
5236 151
4039 4575
3960 4884
6183 3725
115 5400
8714 4352
6242 7534
6371 4021
3492 9795
2968 7529
4698 3141
999 896
5779 1927
3965 9776
1514 5332
2860 914
3110 2972
3087 2602
8392 9591
4703 1534
8695 5929
4182 4059
3720 1162
723 1191
9187 9916
6099 2862
802 6617
1521 2992
5673 740
3894 2717
1993 9447
4394 892
3084 4508
988 5801
883 7532
7237 8815
3767 967
3035 4582
4271 2527
1529 5785
8886 5846
9224 3381
6408 4498
5554 5436
8488 509
846 6474
6662 9982
5179 2370
5118 1112
9215 5934
6773 8017
5034 3117
3368 577
432 6919
303 3444
9687 864
4964 2595
2451 5114
5182 1948
4582 7737
1022 6862
91 8718
4483 171
3142 397
6491 2163
7184 162
6802 2673
3962 3070
4384 7791
8944 3782
8120 1642
3775 3049
5 9585
8214 7970
199 823
5711 6636
2665 6416
7802 2485
8862 7498
4139 8232
9649 4183
9605 8246
40 3821
7825 6552
7248 2964
4381 7461
1789 9067
5295 3078
8513 3659
8019 9812
9797 3428
1676 6700
6623 2839
7206 6551
9697 67
1040 7297
5136 8778
9037 5109
9827 5313
8604 3820
6749 8383
5253 4512
9515 4985
9583 3405
1259 80
8725 5971
838 675
1788 6687
4503 3132
6240 2585
6289 4013
9519 3330
5059 9288
3331 7939
9358 3392
4163 299
4742 1625
7200 1423
4728 869
6443 2597
956 6025
5070 4833
6112 3416
3255 1924
8034 9980
9612 3857
2246 7943
4261 7899
1886 5991
9416 3026
6854 1253
2766 7972
4121 8862
2282 3769
7550 4527
8534 3822
6165 9250
8495 9999
6647 935
3721 5086
138 711
6680 3122
5251 4476
9133 6263
9082 6847
1062 1258
2381 6426
8732 6099
3075 9928
1679 2012
4722 3398
1153 3659
5264 2495
3885 8255
305 511
6259 1870
9115 5466
4028 1912
4351 124
2050 8589
7645 6541
6671 1869
8776 5477
7776 9918
7613 3280
8899 8149
5142 1590
6417 4590
2984 5656
311 5337
3482 1562
6444 4547
4235 6120
3460 5628
1620 4688
8526 5206
2166 9095
6338 8748
7425 3149
4034 2256
8387 6456
2749 3779
4049 1746
3066 9039
5810 6437
1661 2268
3792 4342
3410 3986
3519 8461
624 8716
8872 4647
7685 8386
4442 4950
197 4386
98 406
5673 4630
8929 1254
3584 4633
6963 3117
5495 5645
5803 2703
7287 8837
7577 2603
4246 1354
1876 2489
9711 4697
5447 1158
6736 6151
3441 5815
9689 7296
9897 9654
3573 1761
2563 3786
8374 7023
5364 8246
1581 4726
8130 1196
2603 2745
1357 9762
4332 2566
1271 1019
6287 4891
7028 9740
9658 4199
7951 9707
2110 4142
6476 4041
8145 6252
2481 6918
644 3616
8113 2968
3056 9642
8950 1966
1518 8663
3292 5458
5090 399
6554 8755
4692 6749
6242 7373
616 2376
691 9838
2669 632
6668 2320
8614 8511
5629 6577
1490 2459
1531 6426
9981 1322
8404 5506
9586 481
908 1498
5058 2839
2602 6691
5667 652
8989 3826
6707 4904
6432 8995
5446 4742
195 2380
5116 8948
5738 4607
3952 8080
5653 7423
428 9976
4816 1741
9923 4719
2695 8841
9515 7173
7757 5615
4761 4141
7523 4103
3237 9117
4009 1469
8010 680
9678 8891
9093 3166
3011 7380
9857 3762
4500 9860
7514 3503
8461 1066
4454 4073
8567 6270
3191 2777
8871 8
5002 5498
7434 6555
7925 1484
6709 8334
4383 2663
574 1466
4051 9548
5904 9986
1267 6474
6350 8145
4757 1133
9395 6584
1400 3991
3780 5276
1631 395
8650 8891
560 435
5408 1729
1571 741
3628 7341
6403 5072
7256 4522
300 9407
8249 4426
7040 2338
4645 9749
4969 1589
2120 3521
9215 8856
625 5937
787 7566
222 633
8556 4037
9875 5382
9527 1432
848 5810
7180 3809
1691 5418
2034 1397
314 1261
9870 2477
3141 4077
7724 4712
4914 1202
4157 6785
4037 762
7915 955
6593 6821
2565 4601
7548 6486
9819 9811
2967 7829
8710 6390
6043 9227
3119 2919
1813 798
2168 426
652 6975
4327 9632
7710 8389
8883 6787
5596 5634
5211 1959
6288 6586
2433 84
6359 9596
2157 8313
9708 5246
5249 1931
9306 5816
667 7165
6885 3196
8993 180
6740 7087
8074 663
9828 7148
6676 1675
7907 9629
2009 1773
5520 8252
5374 6546
9416 2646
7391 4287
3265 3194
4154 9721
1293 6051
1578 9839
7704 5065
1125 5162
3573 80
1291 3551
2440 5552
1406 9240
272 6063
3527 8149
383 410
325 4026
8423 6469
5682 4989
3702 162
2674 7980
1532 3106
491 9795
1663 164
1883 2705
4385 2097
5333 243
8268 3217
7956 5823
520 9892
5112 4649
5342 5345
940 6151
1247 6079
7104 4385
419 9473
5232 6505
3834 1892
7299 5059
8271 5983
5471 1976
4160 6018
4298 5120
5941 7007
8737 5574
7159 5431
6299 3542
4809 1294
5602 9873
5725 8752
264 7582
6572 9248
8377 3466
3889 4247
1553 5166
4930 2716
3914 4388
4587 643
4808 4134
6502 921
1750 741
9466 8071
899 3339
8421 9974
3800 1738
5155 4852
7643 1275
2515 804
7432 1807
3770 8124
5501 5781
2426 6948
7774 8321
449 1423
1675 9521
4799 475
3329 661
3013 6849
3396 4149
6223 1110
3686 7179
7983 4285
7363 6696
5264 4652
107 6771
7259 4296
2523 2982
4898 5303
6525 6413
2022 605
9573 5274
5945 5581
1711 2168
5708 3251
8013 1368
8686 5945
3604 9992
2206 4280
7220 7515
9499 9951
2166 7822
6174 3887
734 9113
8604 2159
1364 5210
8368 1530
3135 8515
2280 9031
1824 1350
965 71
8221 865
9786 2075
7572 4242
792 1406
2819 3571
4228 2677
6995 2134
3170 7942
9198 829
2964 7022
1253 9226
3719 1279
8627 8939
9621 9894
3507 6855
7804 5528
5592 7662
6473 9718
9197 6255
