800 21 400 9 1609
10 25 4 28 4 24 90 14 18 62 19 17 10 47 40 65 3 136 57 93 34
5877 6732 5457 6312
9616 10000 2347 2784
374 1859 4857 6342
476 485 7918 7927
1859 2003 3724 3868
4394 4962 8778 9346
8021 9555 1434 2968
2861 3629 5874 6642
4795 5556 5817 6578
1296 1711 1906 2321
3577 4373 4637 5433
6342 7621 2105 3384
5977 6241 791 1055
7879 8280 5410 5811
588 1877 933 2222
8408 9054 1716 2362
2246 3247 9036 10000
0 884 6641 7668
3625 4729 7004 8108
1717 2874 5200 6357
8976 9183 5027 5234
9083 10000 4802 5871
6546 6561 555 570
8892 9590 5891 6589
460 492 5856 5888
1695 2173 945 1423
4608 6183 3941 5516
8573 9042 0 257
3789 5360 5300 6871
780 2355 7560 9135
0 935 580 1828
9580 10000 5288 6140
4239 5273 6633 7667
3788 4030 2420 2662
4663 4983 7368 7688
0 739 4446 5377
725 914 9144 9333
6828 6918 9419 9509
0 145 7697 7846
8189 8969 231 1011
9498 9667 7020 7189
0 745 6062 7265
652 1176 1987 2511
6076 7314 5748 6986
6928 8335 7954 9361
3153 3440 9606 9893
4853 6075 3816 5038
3468 3859 2586 2977
6488 7288 9594 10000
0 1049 7623 8926
0 729 2505 3815
4750 5897 7684 8831
6863 7016 1584 1737
6667 7974 0 488
21 1239 3936 5154
4885 6123 0 451
2219 2291 4908 4980
8151 9439 0 957
7075 8436 1321 2682
447 1298 4656 5507
693 1458 6642 7407
7772 9128 0 1199
2886 2931 4465 4510
7170 8103 7029 7962
0 932 0 174
9710 9721 3308 3319
6770 7007 7155 7392
1797 2334 5582 6119
197 856 380 1039
6640 7431 2171 2962
9639 9754 302 417
7622 9156 838 2372
5569 6348 4033 4812
9433 9484 549 600
4010 5455 986 2431
3666 5032 752 2118
1480 1772 6340 6632
6774 7173 1607 2006
7440 8601 1892 3053
5247 6464 1277 2494
7108 8699 2179 3770
5738 6881 7841 8984
4107 5087 3630 4610
2512 3673 6528 7689
4390 5167 9408 10000
4720 5766 5024 6070
642 1944 2101 3403
5990 7153 756 1919
1281 2779 8113 9611
2503 3377 4545 5419
2620 3025 6556 6961
5524 6928 297 1701
3004 4431 1996 3423
3649 3759 915 1025
5531 6219 2323 3011
2432 2528 1529 1625
7698 8201 459 962
2396 3012 2924 3540
9243 9798 2036 2591
8647 9285 7168 7806
435 951 0 366
2697 3123 4495 4921
2428 3926 7992 9490
7034 7254 5484 5704
0 475 3453 4939
3223 4041 2554 3372
6850 7883 3615 4648
4197 4678 616 1097
3228 4259 3866 4897
6405 7250 6341 7186
9583 9667 3952 4036
0 294 4034 5216
532 955 6817 7240
3408 3978 1532 2102
6086 6622 0 511
4627 6033 8370 9776
2294 2813 8983 9502
7926 8866 4899 5839
4518 5603 3251 4336
693 1342 5397 6046
4131 5191 6897 7957
1254 2368 4792 5906
7635 8584 5209 6158
0 295 6371 6773
7500 8880 4307 5687
7801 8465 544 1208
7309 8764 5135 6590
7402 8359 4803 5760
6593 8104 1652 3163
1129 2330 7470 8671
4016 4584 6862 7430
6329 7848 8869 10000
6842 7830 8217 9205
3988 5265 2126 3403
1320 1384 4518 4582
7728 9116 2815 4203
1625 2652 120 1147
631 792 5048 5209
8834 10000 9131 10000
138 1225 395 1482
1763 3292 3257 4786
4855 5485 5448 6078
1784 2418 1417 2051
8659 10000 4106 5477
8380 9612 3925 5157
3279 4652 3617 4990
272 582 6926 7236
2720 4123 4044 5447
1499 2173 893 1567
1231 1828 2290 2887
1865 3456 0 600
2874 2996 8539 8661
8614 8645 9001 9032
514 556 1416 1458
610 2074 7363 8827
3415 4381 4535 5501
7471 7951 6406 6886
1819 2567 2396 3144
6656 7401 1520 2265
2692 3921 4901 6130
1816 2030 7630 7844
5898 7373 2669 4144
3440 4467 1797 2824
9656 9874 1113 1331
8335 8430 5585 5680
8761 9919 271 1429
7611 8112 5445 5946
6810 7135 8813 9138
6917 8518 5279 6880
4779 6041 7482 8744
4336 5266 211 1141
2613 3139 371 897
6134 7031 3976 4873
2404 2528 8878 9002
7524 8639 1326 2441
8593 9594 7644 8645
3210 3538 1420 1748
6612 6782 3397 3567
1870 3002 7125 8257
3273 3374 3455 3556
3637 3672 5408 5443
5861 7166 0 611
5063 5340 7257 7534
7720 9003 682 1965
516 1109 4026 4619
5988 6381 0 289
7865 9231 9447 10000
1730 1875 1292 1437
121 868 1945 2692
5969 7504 222 1757
2787 3955 4649 5817
3034 3126 7330 7422
5792 7186 279 1673
4849 6437 5706 7294
8890 9782 9536 10000
5 321 3454 3770
3113 3336 2 225
3255 4233 4723 5701
3641 4538 1795 2692
7281 7671 9593 9983
89 163 1520 1594
7716 9199 7775 9258
613 1608 3850 4845
3423 5000 949 2526
8199 9073 8290 9164
1460 2115 456 1111
5535 6623 3328 4416
8896 10000 7943 9090
1681 2558 7112 7989
2598 3386 9211 9999
5232 6369 9577 10000
5080 6113 802 1835
657 1769 4433 5545
1831 2253 7036 7458
3804 5081 0 1277
93 1113 1498 2518
0 266 5467 6601
6772 8378 0 1405
7302 8730 0 871
5622 6930 3604 4912
7964 9333 4089 5458
2784 2839 4564 4619
2220 2256 1456 1492
5624 6540 6116 7032
3446 3487 868 909
373 882 2248 2757
4431 4597 8760 8926
9299 10000 6269 7041
2461 3966 3628 5133
6174 7113 3158 4097
4586 4991 4112 4517
4906 6229 8269 9592
8732 9353 9755 10000
1258 1783 4479 5004
4771 5488 655 1372
5689 6268 1810 2389
4182 5779 4396 5993
158 279 9753 9874
2689 2733 8443 8487
7447 8681 7278 8512
1216 1306 7386 7476
0 235 9816 10000
3321 4488 7262 8429
6934 8433 8348 9847
4692 4711 5021 5040
1178 2135 1936 2893
8842 10000 8077 9240
2194 2977 6461 7244
8940 8995 3650 3705
6835 7938 256 1359
1413 2582 6984 8153
3604 5009 7312 8717
239 458 3405 3624
4237 5098 2542 3403
2163 3279 9687 10000
3914 5180 1858 3124
0 167 1441 2667
326 1555 2039 3268
5108 5118 3816 3826
8267 8438 6859 7030
6012 7202 3718 4908
3971 4523 7388 7940
8571 9766 5071 6266
7549 8896 4126 5473
6613 7256 3736 4379
5684 6271 4021 4608
3357 3898 4126 4667
902 1352 8948 9398
2311 2454 7469 7612
6093 6145 349 401
376 693 8431 8748
9211 10000 6226 7229
7527 8781 2698 3952
7557 8505 2198 3146
2184 3649 7891 9356
8481 8933 3167 3619
6899 7066 5199 5366
8733 9655 7004 7926
3177 4056 3870 4749
3781 4776 9581 10000
6220 7109 6969 7858
7424 7982 2255 2813
6726 6883 2938 3095
2074 2610 3661 4197
1477 2122 9095 9740
8350 8428 6447 6525
30 724 3990 4684
6855 7307 2466 2918
433 1675 5018 6260
827 2042 0 1194
0 1007 2785 4078
8992 9376 7957 8341
517 1945 35 1463
328 941 2712 3325
8221 9624 8147 9550
8909 9316 7669 8076
6972 7821 9435 10000
4791 5878 4381 5468
8488 9732 0 752
1520 2427 848 1755
2649 3327 2478 3156
5464 5605 1835 1976
1457 1993 8702 9238
8600 9572 8690 9662
3415 4816 3037 4438
2436 3015 5305 5884
3927 4362 6463 6898
6135 6983 4564 5412
0 1104 6154 7432
5760 6285 8406 8931
8590 9598 1956 2964
5551 6826 779 2054
6707 8144 1912 3349
2730 3033 5578 5881
978 1520 2622 3164
1353 1667 1731 2045
0 824 6382 7707
6999 8315 4781 6097
8962 9588 8907 9533
9152 9604 2745 3197
3275 4472 0 990
3510 3740 7954 8184
0 417 1558 2110
2249 3140 2752 3643
6447 6660 337 550
6270 6366 8077 8173
1653 3062 1600 3009
2717 3475 1686 2444
912 1724 5968 6780
9581 10000 6419 7173
5264 6428 3181 4345
5700 6839 7276 8415
2932 3357 2644 3069
2528 3956 5009 6437
4448 5984 6114 7650
246 851 2924 3529
4706 6055 6201 7550
7043 7571 8920 9448
4852 5384 6242 6774
4476 5978 6040 7542
1304 1572 5903 6171
7611 8194 9275 9858
0 597 4571 5367
6235 6563 4580 4908
1413 1728 7162 7477
5275 6838 5656 7219
312 1212 3775 4675
461 1707 2655 3901
3513 3918 8326 8731
6573 7732 1500 2659
0 26 5336 5480
7547 8033 4842 5328
8886 9075 8025 8214
5112 5577 3741 4206
1515 2891 2916 4292
2008 3390 325 1707
8364 8552 8304 8492
1253 1340 7887 7974
4723 5990 1685 2952
8498 9941 2541 3984
2836 3805 4254 5223
1927 2991 2898 3962
936 2064 9325 10000
6875 7702 4081 4908
9318 9640 981 1303
3665 5260 0 1533
4796 6131 2297 3632
7268 7858 5931 6521
7514 8497 7786 8769
2979 3781 3243 4045
440 775 3913 4248
3109 4685 5134 6710
3902 4240 4278 4616
0 410 3903 5221
294 946 3521 4173
7512 7662 1485 1635
1281 2034 4187 4940
4474 5288 5192 6006
0 599 5965 6586
3147 3866 7564 8283
5306 5392 8716 8802
6701 7814 7561 8674
3758 4269 6741 7252
4120 5679 5854 7413
3881 5135 2181 3435
2309 3772 4109 5572
7759 9268 7807 9316
2626 3732 5114 6220
3108 3932 2479 3303
613 959 4727 5073
1277 2575 956 2254
1845 2852 1505 2512
7585 9111 5155 6681
1176 2180 8782 9786
0 713 3662 5230
2909 3035 5741 5867
7206 7742 6440 6976
7343 7433 7054 7144
0 66 8315 8897
0 28 7645 8241
7656 7997 9 350
7279 8028 5898 6647
536 794 4924 5182
5109 5893 1419 2203
9425 10000 7133 8498
1296 2827 8240 9771
5046 5699 7589 8242
5223 6677 9712 10000
6126 7242 3222 4338
2946 4337 2790 4181
6320 6956 0 558
9517 9560 6090 6133
4879 5119 1076 1316
0 438 2311 3235
4438 5716 354 1632
6929 7582 0 347
3097 4555 3132 4590
0 693 2250 3244
4451 5829 1882 3260
9338 10000 7225 8219
2613 2667 1781 1835
6286 7200 2438 3352
4898 5876 0 585
7343 8835 5561 7053
3197 3318 6273 6394
0 1481 7731 9254
0 1276 4952 6536
3720 3914 5362 5556
2367 3352 945 1930
1762 2468 4316 5022
2655 3425 657 1427
8408 8447 8279 8318
988 1533 9490 10000
0 621 2880 4427
2076 2884 9221 10000
6652 7743 7538 8629
7179 7426 5756 6003
9162 9616 3669 4123
8677 8887 671 881
3924 5196 3476 4748
7287 8330 3008 4051
6413 6773 1149 1509
6066 6548 9174 9656
1849 2727 6007 6885
5932 7214 2258 3540
1994 2871 6650 7527
4123 4296 2130 2303
4601 5365 4255 5019
8113 9033 4745 5665
9444 9515 5887 5958
2673 3453 8267 9047
3609 4754 996 2141
6686 6814 7531 7659
9530 9554 1670 1694
1512 2751 3540 4779
5251 6559 6879 8187
2006 2880 5124 5998
7055 7600 9567 10000
4274 4281 974 981
5237 5774 3225 3762
3756 5065 0 786
9168 9682 4219 4733
7026 8541 294 1809
6190 6283 8443 8536
4763 4844 1256 1337
3353 4651 4303 5601
4575 5325 3391 4141
7992 8066 873 947
0 212 4912 5132
2191 3317 894 2020
0 1537 0 350
3303 3551 8491 8739
5529 5690 6678 6839
6299 6378 1154 1233
1633 1839 7144 7350
3506 4490 9635 10000
9270 9978 1874 2582
8517 8906 6797 7186
3039 3172 1323 1456
796 2225 364 1793
1193 2783 4151 5741
5136 6123 5779 6766
7738 9025 7155 8442
2047 2151 6345 6449
7839 8077 3657 3895
9127 9917 2130 2920
8647 9098 905 1356
954 1427 5416 5889
305 909 7571 8175
9455 10000 139 890
6432 7171 1901 2640
5600 6816 715 1931
4246 4615 4396 4765
2768 4174 1005 2411
6489 7757 3283 4551
4642 6229 8211 9798
1270 2539 1035 2304
7684 8384 8133 8833
4962 5955 5971 6964
1080 1341 8084 8345
9740 10000 4709 5302
6438 6882 8335 8779
1445 2218 5205 5978
1853 1873 6298 6318
1689 1895 1851 2057
9466 9547 4776 4857
5927 6374 4736 5183
7980 8665 7656 8341
8375 8375 6982 6982
2479 4086 8294 9901
0 1151 814 2121
0 264 6904 7863
1781 2320 5694 6233
9147 9457 2496 2806
1593 2153 6004 6564
5051 6401 1386 2736
179 1750 0 1111
8562 9577 7933 8948
3722 4229 1906 2413
5993 7164 2961 4132
3032 3270 1325 1563
6526 7316 6601 7391
970 2327 5978 7335
2991 3857 1776 2642
6819 8268 5743 7192
3526 3819 3930 4223
2692 4234 6001 7543
1437 1757 2330 2650
484 886 3958 4360
1414 2328 2506 3420
7364 8113 2768 3517
6199 7581 3743 5125
129 1239 226 1336
3437 4068 5193 5824
7828 8827 2756 3755
5531 5818 6733 7020
8937 9778 7229 8070
7510 9020 7905 9415
1435 2121 4039 4725
2723 2902 4017 4196
6035 6259 7169 7393
3417 3762 2767 3112
6249 7641 3968 5360
4184 5714 4818 6348
7402 7522 4920 5040
2289 3876 6394 7981
5672 6060 966 1354
8868 9560 7856 8548
1137 1268 8881 9012
1357 1524 8005 8172
1077 2457 5828 7208
3379 4495 2362 3478
6561 7097 4065 4601
3020 4209 0 766
4800 5122 6480 6802
1984 2089 4271 4376
7844 8490 5101 5747
2020 3275 0 612
8312 8748 677 1113
2642 3072 7814 8244
2365 2621 8721 8977
7629 8845 6129 7345
7580 9145 1279 2844
1779 2495 1742 2458
2534 4022 6388 7876
3454 4410 8731 9687
0 265 0 1206
1321 1441 139 259
2699 3104 4043 4448
2957 4512 4113 5668
8967 9288 3267 3588
6015 6253 6204 6442
2215 2308 1062 1155
7852 7973 2913 3034
7308 8555 3919 5166
8183 9726 7446 8989
615 1602 8400 9387
8408 8871 7831 8294
8503 9640 8920 10000
2604 2679 5795 5870
7532 7868 4133 4469
6659 7670 1651 2662
8668 9686 4293 5311
5365 6105 5393 6133
0 603 5283 6188
227 238 7073 7084
1493 2784 4951 6242
5399 6088 1252 1941
2448 3595 1970 3117
5861 6966 6438 7543
8417 8772 4546 4901
2256 2913 2339 2996
1652 1975 278 601
2290 3206 5850 6766
2715 3235 7404 7924
1374 2885 2757 4268
6338 6644 8805 9111
9956 10000 3824 3889
3444 4753 2361 3670
1298 1457 7081 7240
1958 2486 6147 6675
7827 9388 0 1203
3050 3095 7014 7059
3297 4326 1590 2619
5952 6371 5579 5998
8877 9697 897 1717
5215 6469 5967 7221
8604 8614 9056 9066
5781 6644 1554 2417
1186 2014 5370 6198
8864 10000 967 2168
7548 8935 6912 8299
8680 9606 1202 2128
3308 4867 4818 6377
2697 4223 1963 3489
4735 5671 8650 9586
8878 10000 7665 8983
1144 1891 3138 3885
4198 4728 6191 6721
6235 6528 416 709
2988 3715 4006 4733
9351 9789 9229 9667
0 569 6552 7265
5860 6337 9172 9649
9917 10000 0 249
3070 3906 6311 7147
8446 9022 7391 7967
7317 8862 6879 8424
4603 5557 4850 5804
7804 8795 4796 5787
3759 4595 18 854
8515 9370 259 1114
5450 5752 8964 9266
7132 7653 1145 1666
3026 3841 2735 3550
5580 5784 1063 1267
8038 8795 1317 2074
7619 8586 8263 9230
2146 3645 5027 6526
3294 3344 8229 8279
2913 3440 6904 7431
4160 5054 0 167
6709 6785 5488 5564
6647 7738 8801 9892
5413 6479 6420 7486
8251 9665 4985 6399
5394 6985 7797 9388
2752 3797 3171 4216
249 393 7390 7534
3828 5236 1173 2581
3999 4983 4953 5937
7842 8426 1327 1911
5320 6595 1836 3111
4454 4741 5274 5561
9428 9973 1443 1988
1463 1721 5376 5634
5568 6961 1210 2603
9461 9518 269 326
6311 6688 767 1144
4192 4333 4106 4247
3634 3640 8380 8386
756 1837 9020 10000
2091 3390 9294 10000
1312 2621 6191 7500
3848 4183 1743 2078
6711 7962 3086 4337
7677 8371 7807 8501
4022 4677 5140 5795
0 402 9003 9427
815 1275 399 859
2409 3543 4211 5345
1818 2347 9109 9638
3705 3869 4249 4413
2656 3826 8271 9441
638 2015 3149 4526
5047 5336 7673 7962
3945 4726 8599 9380
3690 3772 7578 7660
2168 3343 1170 2345
553 1454 400 1301
2354 3398 1155 2199
402 1687 1966 3251
6774 8085 2461 3772
7973 8794 9152 9973
0 615 9932 10000
5110 6477 9651 10000
1856 2486 6822 7452
0 696 1888 2601
9489 10000 6274 7714
843 1502 9239 9898
5674 6157 2247 2730
3823 5362 2075 3614
4433 5924 2997 4488
7020 7831 6988 7799
5341 6739 5899 7297
0 1494 0 867
2179 3490 2542 3853
7897 8795 130 1028
4130 5085 2387 3342
9572 9775 3216 3419
3646 3941 9431 9726
934 2334 7129 8529
8869 9374 820 1325
3707 5077 3232 4602
8162 8732 3733 4303
463 1205 1772 2514
90 679 6755 7344
5517 7010 0 636
2382 2999 6087 6704
4575 6134 1655 3214
1682 2721 4686 5725
3407 4112 9143 9848
3460 4697 1925 3162
6475 7806 8097 9428
6472 7019 3592 4139
2147 3273 3895 5021
4963 6450 6773 8260
1476 2635 3338 4497
9911 10000 1765 2005
2667 4121 0 752
6598 7263 5849 6514
0 234 2993 3237
8444 9153 3085 3794
2411 3166 5346 6101
8263 9615 1082 2434
4316 4462 1405 1551
6386 7282 2312 3208
6592 7586 6677 7671
9764 10000 8428 8912
2662 4191 1888 3417
1054 1946 8930 9822
1706 2582 3057 3933
6333 6816 9371 9854
9838 10000 3080 3671
9145 9496 7068 7419
5320 5875 8115 8670
4109 5120 3722 4733
2192 2616 5416 5840
5344 6621 2131 3408
6975 7337 6887 7249
8361 9425 2631 3695
2598 2662 8698 8762
814 1317 4360 4863
769 2077 6105 7413
5804 5880 5566 5642
0 154 8692 8918
2442 2949 3275 3782
3273 4240 8659 9626
9094 9969 7470 8345
3855 4683 766 1594
9050 10000 1980 3567
7571 8116 9040 9585
1202 1864 4512 5174
5286 6651 7029 8394
1368 2511 8012 9155
6856 8465 8082 9691
7738 8381 8746 9389
7905 7971 5685 5751
773 1865 5348 6440
7936 9396 3466 4926
2483 2789 9398 9704
339 678 1077 1416
1066 2465 2962 4361
7929 9400 7438 8909
4800 4895 8188 8283
3827 4616 7550 8339
8882 10000 4107 5513
8971 9809 1905 2743
2475 2607 384 516
8998 9944 7285 8231
2652 2698 9630 9676
9701 10000 4167 4475
913 2362 5694 7143
9475 10000 6161 7139
1892 2298 7088 7494
95 441 9466 9812
8207 9134 2089 3016
6073 7061 7923 8911
5315 5949 2587 3221
0 1251 0 831
6803 7564 2673 3434
4346 4726 6807 7187
8182 9122 7498 8438
7781 8985 7847 9051
859 1644 9353 10000
7421 7457 3512 3548
0 749 6944 8520
843 1343 1731 2231
400 1956 3943 5499
1605 2070 8403 8868
7397 7709 1827 2139
7913 9483 5404 6974
2871 3107 5425 5661
6214 7644 6156 7586
6402 7645 4848 6091
9246 9837 21 612
4968 6307 130 1469
3966 5311 5274 6619
5691 6678 3107 4094
5091 5248 9246 9403
6074 5466
9820 2505
855 5036
479 7921
1924 3752
4435 9180
8678 1610
3038 6387
5550 6374
1688 2024
4061 5167
7266 2770
6071 799
8020 5426
1619 989
8767 1865
2843 9230
272 6866
4243 8014
2355 6278
8996 5062
9556 4957
6558 557
9021 6293
488 5873
2039 981
5372 4838
8645 88
5038 6509
1011 8516
340 1288
9977 5516
4518 7464
3923 2441
4952 7669
311 5017
897 9154
6864 9427
133 7769
8904 531
9504 7064
61 6136
975 2385
6549 6636
8283 8414
3425 9882
4923 4532
3570 2859
7237 9660
797 8401
190 2979
5267 7918
6970 1713
7030 449
92 4978
4976 446
2235 4938
8574 869
7948 2305
1297 5122
723 6874
8144 319
2900 4498
7954 7345
216 99
9714 3314
6828 7198
1828 5808
521 536
7281 2334
9688 369
7628 1348
6050 4173
9480 554
4623 1356
4345 1017
1604 6607
7130 1948
8116 2191
6271 1788
8261 3460
5837 8418
4300 4571
2738 6864
4549 9707
4797 5859
1427 2598
6517 1607
1896 9124
3051 5315
2754 6661
6378 1028
3164 2236
3707 932
5536 2813
2513 1572
8067 727
2959 3534
9428 2095
8822 7389
820 252
2831 4672
3776 8820
7254 5601
469 3747
4017 3113
7728 3800
4677 728
3645 4692
7009 6815
9599 3982
32 4618
683 7182
3642 2044
6319 56
5960 9212
2686 9454
8646 5203
5363 3452
797 5993
4802 7004
1521 5112
8456 5490
81 6474
8496 5165
8116 590
7953 6253
8248 5455
6937 2237
2232 7699
4473 7395
6469 8936
7638 8754
5099 2433
1334 4546
8496 3837
2468 352
748 5049
9151 9392
1047 427
2752 4110
5249 5652
2157 1646
9407 4656
8984 4348
3995 4898
389 7059
3234 4383
1567 1352
1379 2504
3085 294
2908 8622
8645 9014
546 1448
1017 8692
3758 4714
7833 6655
1981 3006
6832 1774
3001 5535
1992 7675
6486 3259
3605 1813
9708 1145
8341 5680
9255 1419
8056 5579
6892 9047
7430 6013
5566 8249
4993 592
2629 852
6627 4702
2525 8895
7638 2334
8793 7663
3480 1482
6662 3494
2756 7740
3348 3469
3661 5414
6794 8
5194 7527
8781 1679
717 4112
6130 249
8647 9773
1763 1419
484 2051
7103 1275
3593 5754
3075 7368
6797 1245
6159 6266
9773 9786
83 3668
3227 115
3480 5232
4171 2662
7489 9956
126 1591
8674 8384
1069 4080
4237 2397
9057 8651
1936 808
6329 3713
9182 8151
2079 7603
2638 9469
6140 9890
5484 1041
960 4617
2040 7230
4993 99
1054 1847
196 5801
8184 1287
8597 839
6500 3930
8871 4247
2814 4618
2238 1462
5988 6726
3448 871
399 2460
4446 8888
9856 6969
2718 4322
6177 3458
4605 4149
5388 8701
8956 9970
1432 4638
4856 732
6197 1922
5642 5509
223 9764
2712 8478
8202 7469
1300 7386
138 9982
4159 7377
7406 9067
4700 5032
2112 2626
9747 9087
2406 6552
8946 3650
7630 1327
2482 7768
3919 7717
344 3572
4391 2709
2956 9939
4949 2761
39 1504
458 3099
5114 3826
8332 7020
6608 4782
3998 7832
8819 6071
8176 4219
6897 4147
6200 4594
3481 4590
924 9284
2399 7540
6142 373
652 8663
9596 6369
7837 3743
7916 2516
3247 8515
8631 3603
7000 5302
9162 7484
3915 3920
4058 9840
6722 7767
7668 2590
6789 3075
2249 4148
2076 9436
8419 6448
142 4156
7159 2786
582 5437
848 454
41 3298
9122 8046
1169 1021
674 2977
9295 9546
9300 7884
7058 9445
5637 4493
9461 539
1980 906
2960 3071
5589 1917
1753 9142
9043 8833
4306 3570
2702 5741
4064 6857
6971 4711
224 7251
5865 8714
9559 2796
6238 1977
7145 3113
2891 5591
1256 3036
1397 1822
204 7258
7856 5168
9457 9154
9560 2796
4385 676
3519 7968
53 1862
2888 2900
6523 410
6290 8120
2909 1814
3389 2203
1089 6687
9672 6646
6139 3559
6586 7817
3172 2950
3303 6321
4743 6297
521 3037
5915 6638
7533 8924
5345 6496
5464 7084
1567 6022
8015 9338
545 5031
6495 4766
1537 7391
5883 6256
444 4161
993 3073
3884 8387
7228 1731
26 5475
7954 4948
9011 8029
5526 3857
2219 3758
2222 1570
8497 8416
1335 7922
5705 2582
9425 2834
3697 5049
2085 3241
1454 9733
7221 4390
9480 1207
5010 1106
5232 2714
7424 6215
7531 7942
3630 3303
684 4149
3325 5264
3945 4397
327 4157
839 3536
7634 1531
1951 4451
4710 5747
521 5974
3183 7625
5370 8720
7469 8639
4254 6881
5425 6800
4417 2360
2830 5512
8521 9009
2718 5389
3272 2497
618 4996
2326 1439
2038 2084
8212 6344
1735 9539
119 4997
2930 5828
7220 6773
7426 7075
38 8592
9 8015
7785 282
7935 6501
709 5145
5746 1704
9516 7578
2181 8449
5440 8196
6138 9989
6907 3812
4335 3552
6718 419
9525 6093
4968 1139
113 2561
4500 722
7455 162
3699 4155
191 2717
4515 1954
9408 8196
2629 1786
6955 3312
5320 75
8267 6734
3197 6274
997 8600
188 6275
3847 5545
2692 1090
2355 4817
3076 1062
8420 8293
1411 9589
210 4241
2138 9991
6901 7631
7274 5928
9303 3946
8809 695
4215 4646
7709 3654
6764 1317
6440 9429
1911 6091
5979 2782
2560 7177
4263 2151
4691 4387
8696 5052
9479 5951
3144 8710
3915 2004
6745 7631
9552 1672
1657 4317
6307 7743
2152 5376
7530 9779
4281 977
5624 3511
4281 421
9255 4588
8462 662
6232 8534
4827 1272
3795 5411
4782 3397
7998 930
41 5030
2999 1076
302 172
3537 8640
5532 6801
6354 1155
1638 7299
3799 9818
9789 2460
8829 7027
3064 1360
1374 1377
1754 5534
5690 6663
8330 8323
2062 6405
7979 3786
9393 2325
8910 955
1023 5831
503 7774
9597 863
6593 2593
6266 1014
4547 4691
4154 1454
6562 3807
5574 9421
1372 1144
7964 8464
5465 6116
1274 8276
9816 5092
6491 8602
1882 5939
1863 6302
1819 1878
9506 4792
5967 5001
8430 7941
8375 6982
2612 9081
432 1075
28 7120
1863 5697
9260 2783
2104 6045
5653 1984
322 1098
9339 8387
4209 2161
6843 3596
3067 1488
7281 7285
1025 6090
3695 2513
8040 6558
3629 4217
2881 7297
1486 2509
723 4258
1587 2995
7892 2803
7176 4525
245 507
3972 5482
7912 3273
5599 6984
9277 7902
8366 7989
1900 4212
2830 4140
6123 7371
3745 2941
6816 5197
5304 5688
7515 4989
3813 7055
5883 1005
9383 7880
1229 8912
1437 8044
2393 7030
3982 2961
6889 4394
3078 586
4849 6557
1991 4328
8449 5277
3221 551
8480 885
2856 8169
2592 8882
7741 6627
7898 2171
2129 2150
3394 6708
4066 9031
244 1032
1435 208
2735 4438
3787 4830
9162 3339
6175 6375
2291 1141
7953 2995
8439 4755
9352 8532
745 9379
8494 8291
9231 9376
2631 5852
7625 4149
7251 2495
9299 5043
5414 5824
389 6061
238 7078
1513 5963
5875 1305
3288 2910
6495 7178
8646 4735
2430 2486
1852 466
2609 6308
3174 7916
2433 4172
6486 8844
9986 3829
3822 3270
1364 7236
2236 6585
9116 568
3062 7029
3338 2448
6345 5684
9268 1343
6422 7056
8608 9066
6440 1760
1394 5608
8878 1124
8890 7614
8957 1326
3764 5376
4188 3007
5589 9394
9636 8348
1316 3753
4628 6618
6356 424
3510 4483
9723 9309
518 6866
5958 9335
9920 174
3160 6775
8518 7702
8160 8252
4866 5502
8645 5727
4137 326
8824 657
5454 8971
7593 1652
3424 3106
5755 1161
8246 1386
8407 8525
3547 5325
3340 8259
2979 7303
4546 62
6752 5554
7019 9250
6209 6530
8589 6252
6743 7821
3527 3800
360 7402
4543 1951
4160 5059
7880 1847
5430 1895
4576 5410
9459 1898
1666 5599
6651 1727
9504 275
6519 1025
4215 4193
3634 8382
1444 9048
2843 9495
1757 6268
3883 1966
6718 4037
7844 8187
4614 5333
345 9308
1268 515
3202 4795
2170 9609
3790 4290
3724 9231
2004 4475
5070 7863
4615 9136
3725 7632
2950 1379
1289 709
2564 1565
1120 2307
6922 2565
8724 9564
190 9963
5819 9926
1990 6944
571 2053
9980 7141
1303 9598
6150 2496
4821 3178
5132 3570
7388 7661
5421 5997
633 758
2327 3006
8486 552
4584 3268
9641 3244
3858 9532
1920 7894
9314 917
3780 4493
8670 4036
817 1867
396 7018
6234 33
2881 6237
4900 1753
1984 5690
3913 9503
3762 3033
7332 9089
6603 3923
2889 4260
5452 7685
1506 3548
9964 2001
3707 649
6791 6419
132 3126
8535 3690
2519 5809
8997 1536
4445 1459
6576 2806
7168 7222
9841 8610
4068 2057
1855 9379
2505 3311
6369 9439
9840 3189
9187 7400
5685 8579
4344 3785
2524 5568
6397 2994
7281 6901
9068 3000
2615 8742
1268 4742
1297 7308
5836 5588
82 8878
2545 3495
3438 9300
9242 7799
4241 995
9783 2187
7898 9266
1605 4895
6267 8209
1681 8174
7202 9490
8108 8752
7969 5709
1792 5913
8626 4049
2758 9410
490 1292
2066 3134
8320 7510
4837 8269
4264 8115
9946 4937
9709 2188
2501 511
9401 8059
2652 9659
9963 4201
1096 6859
9591 6566
2090 7375
104 9743
8935 2250
6298 8623
5676 3147
791 54
7293 2794
4442 6984
8262 8247
7888 8665
900 9820
7444 3515
26 8475
1069 1769
1213 5207
1680 8521
7474 1974
9074 6707
3019 5615
7255 7078
6619 4869
9524 434
6159 157
4306 6027
6375 3846
5174 9249
