800 110 400 10 1658
2 4 3 1 20 6 15 6 16 1 4 2 3 4 4 3 5 4 2 5 8 1 26 7 2 22 3 5 13 13 6 32 6 3 15 1 14 5 2 6 1 7 12 1 19 5 4 2 1 6 11 12 7 3 3 4 12 14 3 22 7 4 12 5 1 4 6 2 8 8 1 1 10 8 8 3 12 2 2 7 19 24 11 2 1 4 10 1 2 5 10 7 8 25 5 5 17 8 12 4 7 5 1 9 3 12 10 9 3 1
2252 2464 5363 5575
1359 3010 2356 4007
2740 3823 4672 5755
274 1732 8060 9518
6218 7086 463 1331
1965 2809 1287 2131
1193 2590 2206 3603
6409 7365 5510 6466
6121 6947 2561 3387
3584 4519 0 168
4533 5356 7779 8602
0 611 5451 6497
1103 2720 2443 4060
8969 9078 8422 8531
1583 2819 1081 2317
1110 1648 3950 4488
4267 5837 4049 5619
1492 2282 3383 4173
6541 7432 6634 7525
8315 8369 9913 9967
492 600 4946 5054
678 2260 8386 9968
8348 8448 8079 8179
1770 3007 8233 9470
301 971 3436 4106
7028 7955 714 1641
2278 3582 7791 9095
1275 1889 7848 8462
6420 7348 3814 4742
5140 6238 8581 9679
1689 2353 98 762
4563 4941 1973 2351
0 93 4974 5627
2189 2336 8704 8851
416 1699 4184 5467
189 726 9557 10000
2910 3109 4538 4737
4751 5485 7282 8016
3797 3845 3617 3665
2183 3784 6347 7948
9521 9799 9889 10000
6381 7724 6934 8277
476 1322 3030 3876
8181 8680 7702 8201
458 2103 1216 2861
4464 6085 4540 6161
2962 4269 4073 5380
6426 7876 6905 8355
2372 3672 1228 2528
3003 4320 2267 3584
9067 9958 1420 2311
6462 7827 0 1227
3001 4278 6863 8140
4140 4379 7852 8091
7744 9294 7116 8666
1476 2942 4618 6084
9228 9669 3950 4391
3954 4620 2180 2846
3171 3937 7462 8228
7937 8748 0 762
0 828 0 916
1392 1810 4488 4906
6289 7690 4909 6310
5578 6471 8797 9690
6963 7226 3672 3935
7182 7897 5722 6437
1941 2295 5022 5376
63 616 7028 7581
7158 7328 3732 3902
4082 5054 4205 5177
9239 10000 1289 2733
6142 7539 676 2073
648 1069 4356 4777
46 599 8073 8626
1956 2406 5835 6285
929 1057 9134 9262
0 139 3841 5137
2467 3500 1112 2145
883 2141 6679 7937
7983 8874 1405 2296
6092 6498 8993 9399
8713 9430 8764 9481
2000 3564 6464 8028
190 1459 0 178
2274 3791 2247 3764
2252 3600 4803 6151
2511 3215 3019 3723
4387 5842 6261 7716
3172 3601 0 323
9445 9556 7144 7255
1873 2237 3725 4089
4715 5681 6655 7621
8389 9093 8391 9095
3921 4428 0 494
6880 6975 1493 1588
6974 7044 8905 8975
8577 8768 6900 7091
8802 9635 206 1039
2787 3713 8307 9233
8554 9203 453 1102
0 545 7775 8338
4994 5342 4142 4490
8315 9931 3801 5417
8715 8879 8219 8383
6042 6268 5740 5966
7624 8065 780 1221
6712 7585 8286 9159
7226 7761 8617 9152
2430 2986 3669 4225
4725 5721 7305 8301
6279 7931 374 2026
5329 5477 942 1090
5934 7321 275 1662
7181 7250 5297 5366
6551 6594 2502 2545
5558 5810 7820 8072
5551 6739 3341 4529
8974 9026 4052 4104
6222 6994 4457 5229
4707 5642 5349 6284
2971 3621 7858 8508
651 1292 243 884
1769 1882 3728 3841
5870 7509 2546 4185
8630 8900 1700 1970
6953 7177 6304 6528
7563 9063 2318 3818
9633 9784 7017 7168
1761 1825 4139 4203
1167 1515 5112 5460
8655 9150 1500 1995
91 1077 1094 2080
8066 8416 6807 7157
3594 4449 3524 4379
2628 4210 4111 5693
3667 3817 2629 2779
7437 7863 1701 2127
4662 5263 4629 5230
5382 5643 3200 3461
730 938 3518 3726
2798 3369 8752 9323
6194 6864 3079 3749
8132 8172 6082 6122
6201 6994 5572 6365
4345 4827 5463 5945
6439 6738 3881 4180
0 199 5768 6093
0 984 8629 9679
8084 9386 6399 7701
6738 7382 1926 2570
368 456 5079 5167
1658 1795 3037 3174
6784 7789 0 967
9193 9642 4715 5164
6714 7306 3240 3832
2306 3677 2357 3728
3451 4057 6381 6987
9312 9637 9583 9908
8076 8924 7791 8639
115 499 4496 4880
6843 7869 1261 2287
4353 4966 3121 3734
7145 7150 4479 4484
0 658 5287 6730
3946 5050 3697 4801
656 1205 5147 5696
7803 8648 1181 2026
1042 1253 9123 9334
2445 2986 8465 9006
2914 4240 6657 7983
4792 5615 7568 8391
1494 1982 1135 1623
7029 8351 745 2067
4595 5637 6364 7406
7192 8741 4375 5924
5702 6854 6418 7570
7775 8385 7786 8396
8693 9052 8012 8371
4549 5401 5727 6579
5979 7327 6611 7959
411 1046 4892 5527
2054 3459 3789 5194
4205 5002 7980 8777
6611 7795 3450 4634
9682 10000 7014 7678
904 2547 3273 4916
5115 6043 7458 8386
4157 5334 0 810
6583 7409 7176 8002
4004 5444 413 1853
5264 6588 4737 6061
2016 2672 840 1496
2516 3838 4136 5458
2610 2700 6506 6596
63 401 7463 7801
1283 2010 6889 7616
6470 6841 9719 10000
4904 6370 5616 7082
9170 9502 7837 8169
2482 3144 2911 3573
0 231 8639 9229
6886 7511 1245 1870
0 117 629 989
2572 3388 6022 6838
1576 1658 1026 1108
8742 10000 1845 3398
3734 5186 1796 3248
2837 3723 1409 2295
433 869 842 1278
7159 7173 786 800
2026 3212 3199 4385
216 407 8933 9124
5328 6273 6594 7539
2791 3301 1039 1549
5993 6061 3840 3908
6184 6240 2200 2256
8914 9715 7960 8761
8705 9517 1322 2134
3327 4069 0 503
1484 2493 2126 3135
6659 7048 6716 7105
6275 7727 0 919
5952 7138 0 972
2722 3092 932 1302
8199 9646 7812 9259
5590 6163 2258 2831
9848 10000 791 1704
7302 7834 7389 7921
457 1703 2070 3316
2236 2612 4066 4442
8388 9525 996 2133
3174 3447 6435 6708
9138 10000 13 999
2013 3269 7833 9089
5563 6084 6477 6998
7781 9189 3114 4522
4675 5987 5142 6454
0 358 412 1680
3782 4900 6675 7793
7785 8795 4133 5143
7083 8155 9209 10000
9792 10000 3883 4671
2177 2730 1793 2346
3737 4189 5417 5869
8112 8208 2860 2956
5277 6184 0 560
2072 3523 414 1865
3984 5539 3943 5498
6299 7298 154 1153
6921 7437 7313 7829
8634 8898 9539 9803
1598 1887 8773 9062
4674 5429 4111 4866
4228 4910 8178 8860
7823 8288 4808 5273
8671 9752 3037 4118
4445 5543 2431 3529
8052 9622 4235 5805
7921 8802 6421 7302
3202 3226 895 919
1768 2655 3876 4763
7694 8391 2844 3541
8 1148 5991 7131
2116 2646 976 1506
7644 8097 1263 1716
3408 3983 0 461
2461 2766 8266 8571
788 1993 7200 8405
6013 6711 7748 8446
4739 6095 1862 3218
1459 2459 4636 5636
9579 10000 2202 3790
1529 2721 4234 5426
1781 2474 844 1537
971 2549 6678 8256
7444 8517 4751 5824
1943 3375 6660 8092
1425 1776 247 598
268 1280 4054 5066
2554 3664 4854 5964
3299 3821 746 1268
2965 3563 540 1138
4570 4614 6842 6886
5949 6646 4906 5603
2412 3659 2357 3604
7774 8921 1533 2680
5948 7467 7485 9004
7297 7833 0 257
1716 2070 8709 9063
4216 5294 1623 2701
6722 7566 7546 8390
2553 2565 8666 8678
4503 5094 3898 4489
7454 8210 8505 9261
5959 6788 3142 3971
6807 7022 2769 2984
8209 8777 1622 2190
4534 6090 5982 7538
1511 1764 8757 9010
2093 2152 3565 3624
1386 2815 5255 6684
8273 8849 2161 2737
3525 4416 7317 8208
1606 1807 1092 1293
2783 3451 4847 5515
5313 5618 7383 7688
7091 8582 3267 4758
6491 6694 8959 9162
3976 4575 3655 4254
2660 3833 4970 6143
2113 3054 6198 7139
3556 4814 0 1041
1397 2899 1267 2769
7915 8267 2021 2373
7288 8516 1566 2794
6035 6574 3417 3956
9516 9882 8470 8836
3020 3479 1713 2172
1755 2839 9839 10000
7987 9437 2879 4329
0 377 7996 9493
2651 3510 3938 4797
9475 9500 957 982
148 1769 5838 7459
5596 6222 3601 4227
5404 5936 7130 7662
5996 7572 5230 6806
7981 9605 2170 3794
2302 3305 8810 9813
4082 4238 9060 9216
5581 6657 5775 6851
4784 5686 6531 7433
3295 3821 3905 4431
2611 2900 770 1059
1550 2128 4192 4770
4210 5758 2217 3765
6190 7516 1465 2791
175 1660 277 1762
0 1073 1768 3117
7307 7978 2342 3013
3903 4564 5504 6165
8845 9884 1424 2463
8858 9964 8599 9705
5355 5519 2905 3069
1176 2232 6352 7408
4515 5025 7873 8383
9035 9905 50 920
3072 3655 7513 8096
7174 7199 7722 7747
5975 7463 0 634
6424 7296 1983 2855
7769 9162 7614 9007
3722 5365 6239 7882
5574 6145 6921 7492
4774 6003 1677 2906
7325 8943 8622 10000
181 1043 4632 5494
7866 9133 3380 4647
5600 7086 749 2235
7678 9073 93 1488
5450 6958 2413 3921
3640 4703 1722 2785
5363 5422 9768 9827
412 1743 6409 7740
6042 6159 8450 8567
7507 7702 9634 9829
3040 3760 1055 1775
1653 2084 3272 3703
8247 8637 4889 5279
3328 3904 5655 6231
3194 3683 5099 5588
240 1648 1773 3181
5106 5439 0 127
4780 6351 3377 4948
3475 3499 5716 5740
6960 7487 2682 3209
5482 5790 7345 7653
2576 4234 2684 4342
2795 4409 6048 7662
5995 7187 3752 4944
896 1674 9149 9927
7745 8573 3687 4515
5748 6080 4884 5216
6309 6526 3003 3220
8450 9092 463 1105
4940 6566 8607 10000
6957 7538 2435 3016
6411 8011 7687 9287
5582 7111 6029 7558
7001 8186 0 822
5513 5680 6801 6968
903 2558 0 975
5459 6161 3854 4556
3221 3635 5084 5498
5207 6224 5526 6543
4207 5532 7569 8894
5023 5398 5713 6088
1157 2565 6537 7945
4705 5605 9202 10000
6463 8023 1333 2893
1796 2018 2721 2943
2118 3724 126 1732
5241 6377 615 1751
7273 7718 4724 5169
9555 10000 5496 6117
7218 7524 3851 4157
5655 7081 8395 9821
6538 8143 5301 6906
0 818 1653 2798
8023 9251 0 635
8635 9765 3760 4890
4077 4143 6083 6149
5290 5771 9576 10000
3856 4551 7449 8144
295 844 0 508
7157 8172 0 524
2250 3082 1062 1894
5153 5333 17 197
8253 9457 0 1149
265 1113 4347 5195
0 1325 4703 6225
1016 1629 8410 9023
5720 7344 7329 8953
6700 7568 5012 5880
9036 10000 6309 7407
5123 5873 3895 4645
947 1324 702 1079
6533 6604 7458 7529
9270 9479 7087 7296
7615 8941 1034 2360
7278 7618 7511 7851
8590 8909 6410 6729
5135 5191 7587 7643
6829 7778 6315 7264
4027 5551 6722 8246
792 1881 5231 6320
7626 9190 2870 4434
5472 5528 5699 5755
813 831 8295 8313
271 1130 7273 8132
37 1419 5454 6836
5500 5705 2036 2241
1010 1554 8865 9409
5828 7266 5510 6948
6230 7878 8953 10000
115 889 2143 2917
356 489 8207 8340
7139 7960 3142 3963
7533 8851 6421 7739
9294 10000 1435 2454
0 971 1208 2441
4797 5115 8880 9198
5766 6053 5032 5319
1292 2525 5543 6776
5153 6343 8142 9332
2375 3557 8671 9853
8686 9220 267 801
0 1154 4997 6527
618 1375 9191 9948
4811 6235 4227 5651
6359 7760 9098 10000
444 1758 8402 9716
6967 8069 8615 9717
1262 1548 4530 4816
2099 2125 2702 2728
5554 5750 4415 4611
1664 2788 8797 9921
7528 8803 6324 7599
1984 2558 6200 6774
1873 2305 3755 4187
0 527 8525 9402
5225 5368 8268 8411
845 1463 8090 8708
4665 5183 9876 10000
4165 5039 2608 3482
2685 3304 1274 1893
8115 8727 8006 8618
3589 5071 4487 5969
940 2498 496 2054
6273 7472 9633 10000
8082 9729 3272 4919
3128 4693 9667 10000
8743 9692 3886 4835
5694 6333 2289 2928
9310 9332 597 619
3839 3943 1567 1671
6943 8470 6135 7662
7196 7948 1120 1872
3658 4900 1636 2878
6247 6782 1051 1586
6017 7063 1014 2060
1357 1916 7662 8221
2190 2837 9375 10000
3520 4025 8294 8799
7446 8510 2151 3215
4009 4927 6721 7639
4037 5667 6911 8541
1632 2337 1779 2484
5570 6268 2620 3318
3223 3535 3233 3545
6310 6877 5258 5825
859 1968 1676 2785
189 1564 2314 3689
9401 10000 9362 10000
0 529 2156 3150
0 1081 2893 4240
479 1927 0 1269
6912 8486 4250 5824
2807 3661 5627 6481
5033 5278 3176 3421
7082 8052 6228 7198
2440 3449 6846 7855
8915 9406 578 1069
8483 9040 1951 2508
6366 6531 185 350
6938 8423 8435 9920
5547 7069 842 2364
3355 3687 4297 4629
5659 6381 8956 9678
4910 5703 5670 6463
0 824 4875 5720
7478 8437 0 703
7812 9031 886 2105
9204 10000 6978 7871
8832 9924 1516 2608
5044 5997 0 952
5226 6057 4777 5608
832 2255 9496 10000
9092 9145 5969 6022
8169 8470 6194 6495
305 561 1816 2072
8230 8542 5735 6047
6344 7811 0 862
8023 8404 4347 4728
1724 3317 3218 4811
3508 4357 4529 5378
2149 3652 3691 5194
2364 3591 4754 5981
1212 2247 6034 7069
0 377 4743 5644
2216 3113 6021 6918
5256 5396 7313 7453
8154 8655 4881 5382
2102 2222 2798 2918
7604 8405 9176 9977
1751 2671 2952 3872
4787 5105 9787 10000
4444 4634 2206 2396
1780 2679 0 503
1789 2249 8280 8740
914 2153 4094 5333
0 1142 8345 9664
4037 4395 121 479
1867 3368 4857 6358
1726 3342 574 2190
263 1318 9205 10000
1278 1664 1129 1515
6345 7886 2108 3649
8769 9098 3995 4324
5522 5593 3247 3318
7912 8322 8405 8815
6082 6866 3 787
6988 7367 8013 8392
8739 10000 8972 10000
0 682 3595 4774
502 712 6328 6538
5451 6353 3918 4820
5236 6273 7671 8708
7914 8252 4789 5127
2689 3412 3796 4519
4866 6282 0 721
8864 9039 2756 2931
8285 9175 9743 10000
2871 4207 7763 9099
6843 8445 7073 8675
3572 4630 8705 9763
9574 10000 534 1489
3556 4748 2323 3515
6392 7539 3351 4498
9118 10000 2655 3619
3644 5093 9115 10000
1987 2358 2374 2745
871 910 3137 3176
6043 7192 6636 7785
2660 3604 3375 4319
7553 9203 3123 4773
4599 5516 4184 5101
5783 6841 7158 8216
3142 3501 1337 1696
5232 6154 465 1387
3075 3836 2379 3140
3079 3266 4001 4188
7538 8591 1453 2506
3909 4169 4009 4269
3247 3358 9864 9975
4205 5341 9588 10000
3807 4915 6226 7334
1768 2771 4600 5603
9270 9473 4789 4992
1995 3012 6034 7051
2078 2556 4897 5375
4532 5550 0 831
0 627 7040 8607
6520 6852 604 936
8455 8574 8442 8561
8248 8757 4364 4873
0 505 2591 3138
1185 1801 1768 2384
5674 6101 1296 1723
7545 8407 2070 2932
635 2175 1654 3194
7203 7712 8372 8881
8299 9015 8068 8784
9345 10000 7186 7998
8806 10000 4225 5627
4285 5446 2324 3485
2193 2871 0 598
3589 3979 5763 6153
857 1162 5897 6202
5050 6270 8528 9748
2335 2632 9245 9542
71 723 0 396
421 941 5447 5967
9776 10000 4781 5649
2772 3664 1774 2666
0 894 5145 6671
842 1914 0 946
1504 1977 3440 3913
9284 9355 4628 4699
2126 3651 1524 3049
9499 10000 1982 2920
3297 4549 3603 4855
3439 3691 9721 9973
7362 8536 819 1993
29 502 6098 6571
3737 3981 8113 8357
3925 5455 9149 10000
8083 9525 2930 4372
3044 3822 467 1245
7003 7438 6522 6957
1837 2695 4579 5437
4289 5679 6836 8226
7523 7835 4046 4358
7013 7439 1955 2381
7849 9244 3993 5388
4541 5370 7922 8751
751 2195 8976 10000
5436 6540 1751 2855
8930 9956 5466 6492
6642 8076 4915 6349
3671 4652 8466 9447
5718 5780 7517 7579
38 453 8361 8776
7279 8182 1875 2778
4431 5746 6327 7642
3879 5219 4976 6316
2824 3537 398 1111
7656 8153 9240 9737
854 1229 5437 5812
2975 3194 9091 9310
4611 6254 786 2429
3672 4927 6352 7607
1137 1540 7205 7608
3080 3255 8019 8194
3974 5625 0 348
2097 3746 790 2439
8421 8672 4160 4411
6388 7099 6386 7097
9703 10000 6247 6641
173 649 6098 6574
6034 6418 2271 2655
4776 5571 1658 2453
6405 7239 5241 6075
7248 7854 1117 1723
4999 6177 4110 5288
1852 2578 7812 8538
3100 3899 5539 6338
6475 7069 8412 9006
379 1304 2972 3897
9557 10000 6072 7597
0 238 1490 1912
138 945 2304 3111
7320 7417 5047 5144
755 783 5664 5692
1959 2538 0 273
0 612 4274 5326
6507 7688 6114 7295
3160 3910 64 814
904 1843 3911 4850
8002 8452 4776 5226
2316 3922 0 1411
3477 4887 5043 6453
2260 3418 5320 6478
6091 6225 5587 5721
7123 8219 4102 5198
8288 9675 732 2119
5985 7514 4789 6318
7765 8876 8735 9846
5077 5380 2257 2560
7339 7537 5773 5971
2280 2785 5563 6068
7489 7682 6700 6893
8740 9375 5169 5804
6711 7316 4491 5096
3020 3319 6614 6913
8648 9605 4488 5445
805 2344 8916 10000
1666 2098 6481 6913
6607 7107 4803 5303
5503 6214 8210 8921
4928 5512 2758 3342
3322 3767 4004 4449
6193 7635 5691 7133
8490 9411 4047 4968
4832 5359 4473 5000
4541 5527 0 559
302 774 2751 3223
762 2395 3136 4769
233 1110 3726 4603
580 1214 8684 9318
6691 7266 5454 6029
0 1243 9670 10000
113 432 5080 5399
3208 4533 3250 4575
8546 8913 5964 6331
0 1337 1659 3197
1028 2327 7666 8965
8018 8462 9195 9639
3419 4918 8445 9944
1176 2508 7805 9137
1884 2123 9619 9858
7887 9296 0 1044
3781 4141 8191 8551
8582 9880 0 744
5564 6692 9480 10000
2562 2671 8209 8318
8256 8544 8629 8917
9375 9667 4492 4784
7075 7460 2975 3360
7415 8946 4792 6323
4549 5796 6849 8096
4220 4257 2753 2790
3375 4971 1976 3572
942 1690 7031 7779
989 2521 3252 4784
3053 3219 3242 3408
8146 9579 6041 7474
6467 7141 6337 7011
7217 7525 1865 2173
2562 2781 1813 2032
5292 6742 3775 5225
906 1768 9360 10000
4483 4841 4976 5334
4310 4995 6428 7113
7712 8859 5412 6559
1394 2072 9914 10000
6567 7410 3975 4818
1008 1385 1484 1861
674 1325 2737 3388
346 996 1494 2144
8366 9186 3448 4268
4638 5163 2561 3086
5055 5623 170 738
6294 7425 4363 5494
0 218 6501 7066
4697 4900 2779 2982
0 396 8265 8900
4139 4575 5887 6323
624 2113 2435 3924
9739 10000 674 1146
5941 6008 5013 5080
5134 5413 7086 7365
7581 7747 5074 5240
329 360 1818 1849
5494 6962 2954 4422
3730 4074 3653 3997
1144 1585 3328 3769
4959 5549 3743 4333
1783 3386 0 1079
6001 6312 67 378
6661 6730 7104 7173
150 402 3437 3689
1878 2397 6168 6687
7499 8378 8256 9135
2952 3861 1625 2534
1568 3096 7018 8546
679 2269 2672 4262
1993 2325 6452 6784
4461 5818 7886 9243
1946 2146 3688 3888
2330 3456 570 1696
8994 9909 0 850
7345 7943 8766 9364
6876 7810 7482 8416
9717 10000 6714 7291
5226 5649 7541 7964
8469 8911 9352 9794
7004 7596 5094 5686
15 254 6825 7064
7919 7980 2353 2414
2273 5408
2435 3377
3441 4949
711 9040
6883 1267
2746 1390
2258 2367
7203 5543
6708 2702
3836 13
5119 8340
201 6431
2090 3445
8975 8531
2206 2000
1218 4339
4271 4512
1901 3546
6814 6741
8369 9942
494 5017
1758 8703
8373 8172
2025 9447
860 3862
7121 955
3446 8175
1318 8154
7252 4040
6116 9540
2203 461
4839 2079
13 5487
2300 8779
777 4674
661 9989
3057 4737
5265 7733
3825 3651
3153 7260
9529 9916
7412 7194
874 3114
8318 8180
1351 2070
5195 5803
4041 4464
6644 6973
3370 2252
3916 3294
9096 2269
7087 438
3735 7916
4217 7879
8772 8076
2802 5550
9319 4359
4579 2332
3802 8107
7975 364
158 206
1686 4788
6609 6135
5634 9634
7082 3895
7716 6076
2023 5132
615 7301
7204 3821
4702 4297
9337 2706
7165 1489
935 4615
460 8274
2141 5876
1000 9246
71 4618
3460 1318
1816 6909
8415 1608
6495 9312
9186 9082
3452 7726
1354 142
3022 3393
2367 5917
3179 3500
5796 7429
3178 182
9473 7255
1875 3865
5353 6834
8828 8743
4046 422
6963 1520
6989 8936
8685 7077
9248 848
3646 8620
9148 731
448 8168
5208 4240
9282 4906
8748 8330
6193 5827
7850 1116
7218 8310
7438 8649
2482 4051
5037 8037
6678 780
5425 948
6535 1566
7247 5355
6571 2511
5626 7847
5666 4320
9016 4079
6313 5123
4899 5369
3279 7969
979 537
1814 3742
7015 2755
8868 1839
7162 6338
8972 2541
9726 7049
1794 4184
1409 5428
8811 1622
829 1364
8094 6863
3880 3560
3153 5606
3722 2679
7546 1750
4999 4980
5480 3254
740 3604
2836 9198
6739 3317
8136 6099
6423 5825
4570 5715
6638 4086
82 5832
97 8848
8313 7479
7108 2393
371 5123
1734 3044
6808 531
9412 4784
6815 3684
3213 2375
3657 6738
9403 9877
8677 8169
389 4761
7669 1637
4584 3687
7145 4484
313 5385
3968 4481
1044 5667
8349 1696
1186 9147
2600 8793
4227 7366
5158 7684
1833 1409
7579 1112
4922 7264
7237 5003
6667 7261
8047 8169
8735 8228
4810 6261
6462 6750
759 5383
2853 3999
4382 8671
7597 3622
9834 7126
2062 4875
5875 8120
5225 160
6679 7802
4466 1116
6568 5925
2658 1041
3666 5121
2668 6517
344 7575
1617 7281
6593 9747
5802 5616
9464 7973
2788 3432
17 9228
7330 1529
33 804
2794 6652
1605 1048
9066 1919
3763 3226
3181 1534
848 1116
7170 791
3027 3394
407 8935
5809 6938
3192 1263
6005 3889
6211 2214
9419 8742
8793 1581
4044 438
2385 2764
6853 6849
7442 641
7105 609
2840 1134
9389 8274
5652 2773
9937 827
7669 7537
1409 3041
2545 4080
9400 1403
3219 6699
9921 716
2521 8703
5659 6646
8501 3735
5808 5316
329 1551
3852 7273
8424 4848
7892 9215
9893 3949
2597 2174
3829 5432
8153 2865
5924 207
2574 1805
4127 4237
6769 1068
7377 7809
8813 9648
1802 8848
5365 4298
4885 8798
7823 4918
9546 3330
4513 3287
9167 5586
8465 7284
3203 895
2615 4176
8136 3119
950 6843
2291 1034
7742 1512
3878 361
2584 8534
1015 7377
6435 8281
4882 2588
2288 5497
9727 3652
1886 4765
2014 1465
2138 7075
8070 5002
2822 7937
1704 383
1254 4555
3543 5137
3636 1210
3492 917
4586 6873
6416 5486
3040 2497
8687 1572
6809 7974
7792 80
1765 8914
4581 1989
7144 7840
2554 8678
4697 3901
7553 8568
6577 3380
6883 2787
8659 1665
5854 6929
1656 8865
2141 3581
1517 5732
8630 2279
3885 7864
1703 1095
2795 4969
5612 7573
7706 3735
6651 9096
4046 3802
3303 5315
2957 6990
4181 960
2400 2105
8174 2071
7537 2106
6244 3492
9614 8483
3170 1874
1974 9987
9119 4217
112 9439
3341 4196
9498 960
1719 6606
5883 3627
5782 7644
7520 6373
8249 2215
3226 9748
4121 9099
6213 5966
5078 6939
3555 4140
2674 880
1851 4573
4603 3587
6400 2225
906 1060
150 2048
7363 2576
4438 5581
9640 1638
8900 9317
5436 2930
1479 6749
4757 7918
9609 378
3296 7558
7177 7735
6117 384
6712 2349
8860 8541
3984 7078
5937 7099
5746 2897
8419 8819
952 5240
7881 4136
6525 1633
8626 407
6349 3872
4242 2056
5391 9784
1105 7194
6065 8546
7591 9692
3287 1115
1722 3655
8499 5004
3562 5990
3381 5440
966 2922
5205 49
4893 4844
3479 5735
7280 2933
5631 7650
3151 4074
3836 6581
6352 4580
1150 9310
7865 4020
5988 5139
6461 3139
8911 1087
5580 9788
7525 2668
7414 8575
7024 6674
7064 62
5561 6962
1993 26
5671 4411
3574 5483
5681 5839
4750 8839
5090 5803
1223 7577
4795 9248
7915 1434
2007 2926
2177 201
5974 615
7381 4847
9776 5840
7453 3978
6249 8472
7169 6608
234 2092
9011 544
9159 4793
4110 6129
5587 9770
4214 7550
515 134
7356 398
2847 1534
5175 86
8711 57
293 4363
1220 5392
1132 8697
6929 8208
7088 5648
9497 6908
5753 3910
1016 822
6540 7528
9469 7257
8622 2232
7602 7637
8632 6650
5168 7637
7505 6543
4948 6981
1532 6207
7924 2982
5499 5708
823 8298
477 7961
1108 6804
5534 2070
1270 9130
7032 6205
7838 9157
672 2718
412 8333
7678 3825
8844 6687
9965 2396
202 1414
4820 9172
6022 5201
2525 5713
6013 9193
2539 8882
9003 542
661 6133
1037 9907
5074 4278
7710 9952
1043 9557
7336 9270
1528 4806
2111 2718
5618 4575
2450 9728
8069 7114
2545 6666
2275 3815
128 8765
5249 8295
1082 8169
5154 9890
4845 3186
3038 1344
8614 8248
4781 5577
1673 710
6815 9906
8615 4616
4676 9884
8881 4347
6150 2624
9312 597
3886 1624
8346 7609
7839 1685
4566 2609
6750 1500
6260 1671
1757 7817
2784 9878
3913 8642
8450 2834
4318 7031
4223 7294
2218 2237
6117 3240
3529 3406
6874 5266
1457 2219
1338 2719
9808 9530
355 2847
330 3672
1437 874
7916 4483
3012 5740
5108 3406
7814 6560
2918 7703
8991 705
8936 2504
6449 251
7264 9043
6645 2306
3622 4577
6105 9582
5278 6169
440 5148
7746 543
8440 1377
9817 7465
9232 2497
5182 240
5992 5347
893 9955
9107 6020
8386 6436
549 1854
8437 5957
6433 45
8227 4490
3034 4597
3818 5057
2823 4319
3367 4856
1818 6568
52 5376
2295 6627
5265 7349
8259 5314
2179 2863
7636 9668
2259 3701
4818 9789
4505 2209
2559 117
1819 8610
2146 4935
651 9130
4212 265
3337 5699
2623 1793
606 9222
1409 1275
6813 3086
8946 4324
5563 3270
7928 8727
6084 71
7182 8241
8886 9504
438 3956
659 6343
5689 4668
5482 7675
8210 4955
3355 4157
5488 675
8932 2858
8646 9887
3933 8360
7863 7409
3905 8831
9989 978
4500 3272
7295 3504
9564 3611
4968 9323
2008 2406
898 3141
6228 6992
3241 3791
9122 4009
4825 4235
6332 7968
3476 1476
5993 1250
3320 2839
3231 4036
8489 1459
3991 4072
3278 9887
4425 9711
4493 6246
2037 5557
9432 4885
2267 6636
2182 5210
5190 26
373 7266
6723 890
8482 8535
8567 4426
333 2741
1793 1820
5886 1363
7801 2338
706 2048
7459 8403
8502 8287
9970 7840
9536 4362
4886 2390
2198 257
3783 6032
928 5946
5493 9686
2585 9248
502 315
762 5599
9828 5020
3366 1840
77 5526
1586 737
1534 3735
9354 4671
2401 2133
9876 2705
3322 4024
3600 9930
7676 860
484 6256
3769 8185
4606 9918
9382 3801
3635 1078
7343 6720
2224 5225
5614 7909
7799 4180
7023 2328
8046 5335
4671 7987
1899 9203
6186 2761
9285 5593
7456 6201
4429 9442
5742 7518
416 8571
8139 2173
4636 6811
5171 5355
2948 750
7958 9404
887 5751
3016 9279
4640 2010
4800 7490
1214 7577
3219 8143
4085 347
2433 1911
8630 4275
6567 6489
9798 6534
457 6341
6379 2602
5081 2296
6799 5690
7853 1207
5792 5161
2413 8347
3230 5941
6930 8896
1064 3426
9874 7307
158 1502
823 2427
7356 5106
758 5676
2031 132
584 5204
7455 6771
3358 593
969 4634
8159 5031
2657 154
3482 6059
2278 6394
6119 5673
7877 4888
9301 1733
6271 5210
8758 9131
5142 2411
7354 5946
2771 6063
7601 6807
8929 5796
7007 4799
3289 6624
8916 4564
1251 9293
1672 6702
6854 5039
6055 8248
5468 2905
3327 4183
7424 6716
9158 4174
5218 4485
5108 355
575 2948
936 3190
1101 4279
945 8770
7053 6021
539 9892
292 5264
4054 3584
8595 6273
995 3139
1037 8728
8058 9476
4795 8958
1496 8208
2005 9712
8955 736
3926 8344
8929 727
6177 9905
2573 8269
8519 8887
9552 4645
7112 3283
8306 6297
5085 6939
4230 2759
3739 2132
1088 7748
1228 3963
3134 3260
8538 6548
6928 6695
7305 2094
2678 1823
6359 5012
1579 9682
4714 5228
4755 6976
7719 6254
1689 9986
7234 4516
1124 1624
1178 3291
611 2140
9095 3754
5031 2601
5150 724
6843 4811
152 6531
4874 2787
231 8487
4550 6129
1426 3646
9779 737
5950 5048
5214 7354
7607 5225
354 1824
6768 4048
3853 3768
1471 3500
5118 3793
3035 849
6104 116
6704 7135
334 3630
2155 6214
7890 8569
3760 1664
2765 7712
739 3081
2087 6579
4490 7902
2038 3860
3303 650
9357 434
7863 8873
7749 7867
9741 6759
5237 7812
8810 9698
7378 5248
36 7044
7939 2402
