800 263 400 3 601
1 3 1 11 4 6 9 2 2 1 2 2 9 1 2 12 1 2 3 4 1 4 2 1 6 2 6 1 5 1 4 5 2 9 1 3 4 1 1 4 1 2 1 6 2 4 2 6 6 2 4 2 3 4 2 2 4 2 2 2 2 1 5 1 10 1 2 1 7 1 7 2 3 2 6 3 1 1 4 1 6 2 2 5 4 2 6 6 1 1 2 2 2 2 6 2 1 2 1 3 6 5 1 2 2 3 11 4 3 2 3 1 2 1 2 1 2 2 2 3 10 1 8 4 1 1 1 1 3 3 4 1 1 4 2 6 6 1 3 2 1 4 1 6 10 6 2 4 6 3 2 1 2 1 8 3 10 1 1 2 6 2 3 5 1 1 1 2 6 1 4 1 2 2 1 1 11 3 9 1 4 1 1 3 1 1 3 4 7 1 5 2 5 7 8 3 2 2 3 2 3 4 1 2 2 1 1 2 2 1 1 1 7 1 1 3 3 1 3 1 2 4 1 4 3 3 1 9 1 3 1 1 2 1 3 3 4 4 1 5 2 1 3 1 3 2 5 6 1 7 1 2 6 1 1 2 2 2 2 5 3 2 1
4283 4633 2610 2960
1071 1420 1683 2032
7927 8085 3927 4085
1063 1267 1768 1972
6957 7371 2029 2443
7666 7963 7739 8036
4381 4675 2126 2420
405 826 8602 9023
743 995 6524 6776
7589 7919 2613 2943
4973 5527 7499 8053
6150 6181 9272 9303
7471 7581 7848 7958
6701 7264 255 818
2131 2486 5263 5618
7087 7420 4404 4737
227 366 2189 2328
634 651 5774 5791
1155 1709 6489 7043
2607 3025 7605 8023
6288 6683 4373 4768
2550 2562 7174 7186
8453 8829 2083 2459
668 949 943 1224
3263 3754 5244 5735
8230 8506 3360 3636
15 58 2729 2772
5501 5520 8590 8609
1685 1705 2208 2228
6875 7378 3111 3614
4510 4592 5362 5444
4132 4345 3847 4060
8605 8802 655 852
3894 4203 7075 7384
7631 7676 9906 9951
2903 3090 1032 1219
9124 9600 4862 5338
3829 3834 3540 3545
2628 3159 9173 9704
3825 4307 1032 1514
2375 2677 7309 7611
250 660 4701 5111
7170 7280 741 851
1734 2242 5184 5692
6459 6773 4734 5048
9745 9885 6048 6188
5773 6186 4743 5156
1664 2167 6244 6747
5416 5537 8556 8677
81 335 6380 6634
2521 3104 3013 3596
2910 3141 5178 5409
227 239 682 694
6860 7120 9572 9832
6846 7188 6427 6769
8740 9255 500 1015
1343 1655 8167 8479
4361 4454 1166 1259
6852 7023 2576 2747
7898 8423 8628 9153
4378 4633 2571 2826
0 375 6431 6834
8882 9404 3753 4275
5128 5358 7997 8227
6728 7105 3119 3496
1770 1805 9750 9785
3997 4209 6477 6689
376 636 4605 4865
6361 6566 9250 9455
5112 5281 6804 6973
4944 5145 6293 6494
2856 3075 5592 5811
3119 3434 6346 6661
8275 8543 5452 5720
3051 3374 1166 1489
120 157 2679 2716
7917 8449 8329 8861
1703 1717 2747 2761
9237 9503 3923 4189
8306 8781 6921 7396
2164 2605 2266 2707
5385 5726 5562 5903
694 736 3491 3533
4366 4793 6379 6806
4948 5112 2419 2583
6195 6683 5292 5780
2204 2392 5281 5469
3313 3436 634 757
3310 3401 7392 7483
627 798 9803 9974
2321 2752 8098 8529
7593 8048 8629 9084
3480 3537 3241 3298
7774 7978 9755 9959
3529 3729 6926 7126
2220 2424 870 1074
3152 3409 3017 3274
2526 2993 6704 7171
6405 6418 8060 8073
5900 6137 1217 1454
3765 4050 5106 5391
1910 2500 7643 8233
5775 6272 1569 2066
1434 1971 9233 9770
8186 8776 5131 5721
2375 2682 0 8
7405 7524 5796 5915
7943 8396 5580 6033
1722 2093 6749 7120
1253 1368 7467 7582
1090 1644 4164 4718
3087 3409 7666 7988
6902 6998 4306 4402
5207 5382 1044 1219
9197 9493 1311 1607
3023 3343 949 1269
0 233 4983 5226
7338 7529 8772 8963
6018 6456 9200 9638
8879 9310 1583 2014
9567 9756 8846 9035
3633 3854 6680 6901
6377 6711 5919 6253
2816 2976 7806 7966
3056 3589 8919 9452
4194 4206 8089 8101
6182 6716 1073 1607
4766 5195 0 324
7986 8412 377 803
3681 4120 7433 7872
6773 7306 4332 4865
2084 2503 4167 4586
2485 2713 5369 5597
1114 1518 5720 6124
4339 4529 1438 1628
6100 6619 3058 3577
5253 5577 3097 3421
191 646 9071 9526
5446 5904 8333 8791
3773 4043 1648 1918
5257 5606 5465 5814
9118 9248 1616 1746
9287 9390 6729 6832
845 1317 1575 2047
1034 1396 9730 10000
1869 2073 7243 7447
5241 5524 148 431
3354 3646 2535 2827
5693 5878 6924 7109
7883 8475 2056 2648
8475 8493 9826 9844
954 1368 369 783
6116 6626 6292 6802
8778 8910 3752 3884
9460 9835 3112 3487
6494 6925 7982 8413
1431 1496 0 38
6154 6698 6062 6606
673 993 5473 5793
6391 6405 3011 3025
4812 4861 7594 7643
7409 7425 9353 9369
7497 8030 1857 2390
1114 1258 4909 5053
7492 7592 2672 2772
9779 10000 4531 5103
8609 9195 2591 3177
7655 8186 943 1474
2215 2325 653 763
1104 1651 480 1027
9073 9228 3065 3220
6582 6905 8677 9000
3790 4026 8303 8539
9802 9909 3702 3809
5453 5755 2194 2496
3673 4006 317 650
1724 2069 2372 2717
2886 2983 1550 1647
2751 2775 1452 1476
655 1118 4145 4608
6554 7132 2566 3144
7365 7645 2400 2680
1099 1348 8871 9120
9933 10000 9882 9960
1814 2115 8123 8424
3690 3908 1311 1529
5788 6095 8474 8781
4527 4843 4715 5031
449 625 5609 5785
1705 1916 4034 4245
6600 7200 8822 9422
2656 2883 6572 6799
2862 3122 3489 3749
9621 9936 2778 3093
7069 7460 3351 3742
6906 7162 1299 1555
852 1097 3578 3823
8710 8931 6892 7113
643 1091 5517 5965
1669 1899 9093 9323
7067 7563 483 979
6776 7177 950 1351
2800 3081 4253 4534
6642 7204 8811 9373
819 994 6148 6323
4656 5097 6938 7379
6629 7049 194 614
6751 6935 8195 8379
4643 4982 1291 1630
3915 3945 5368 5398
3910 4344 4355 4789
7934 8395 6523 6984
975 1235 1721 1981
116 269 6531 6684
1419 2008 136 725
4836 5271 35 470
8906 9192 4360 4646
6164 6632 7899 8367
8771 9196 7379 7804
6657 6700 9291 9334
4768 5265 6715 7212
494 981 8033 8520
9094 9621 6805 7332
6730 7306 8828 9404
7997 8118 9618 9739
5860 6265 5556 5961
4888 5486 6612 7210
9949 10000 7776 8041
0 128 7729 7942
2599 3200 3136 3737
748 1214 2072 2538
6204 6368 6333 6497
1839 2021 2327 2509
2958 3118 6875 7035
5796 5981 768 953
2952 3043 844 935
4750 5046 6916 7212
3902 4260 5526 5884
3824 3967 9640 9783
5656 6189 7847 8380
7051 7275 8829 9053
6756 6782 615 641
4754 4791 7121 7158
8067 8067 1212 1212
6849 7082 2129 2362
8992 9009 7981 7998
2352 2889 8708 9245
9553 10000 0 290
6420 6719 6679 6978
2621 3126 1338 1843
1818 2388 5278 5848
6239 6583 6905 7249
5386 5490 9862 9966
4763 4841 7776 7854
8396 8569 2702 2875
8112 8219 7531 7638
9859 9930 1748 1819
5547 5913 562 928
8882 9221 1579 1918
5020 5454 2794 3228
4982 5087 3939 4044
205 370 9402 9567
1783 2369 6126 6712
6338 6443 5008 5113
8245 8455 3982 4192
5105 5381 408 684
2542 3118 4891 5467
3463 3829 7388 7754
2816 3012 5779 5975
6954 7379 4947 5372
4963 5535 6552 7124
3044 3057 5246 5259
6679 7160 99 580
7695 7959 3405 3669
8711 9064 2269 2622
5155 5272 6262 6379
3699 4261 1523 2085
841 1368 6143 6670
8791 8982 9180 9371
3386 3424 7048 7086
7947 8547 2550 3150
7801 8055 2661 2915
9436 9527 5342 5433
776 1014 5609 5847
6091 6685 3352 3946
5734 5998 4336 4600
6446 6759 5158 5471
6237 6515 3043 3321
3972 4177 1004 1209
1188 1580 7242 7634
4106 4157 667 718
3380 3631 4775 5026
1240 1290 1025 1075
2881 3351 5223 5693
5393 5797 6424 6828
999 1229 6139 6369
8875 9279 4397 4801
5550 5852 7620 7922
89 566 6711 7188
414 806 2865 3257
108 302 743 937
9424 9768 7900 8244
1959 2250 962 1253
8413 8715 8698 9000
9594 9802 5481 5689
9559 9800 3775 4016
4593 4952 5047 5406
7540 8093 1211 1764
2854 3449 734 1329
7088 7513 4292 4717
150 326 7054 7230
8428 8510 6641 6723
4863 5464 5484 6085
4228 4405 7779 7956
4607 4876 1424 1693
563 563 9315 9315
6058 6240 5638 5820
14 578 0 476
384 594 9756 9966
6061 6217 8632 8788
2638 3025 4177 4564
6636 7015 300 679
7740 8011 8237 8508
0 492 3706 4284
126 349 5533 5756
9623 9730 228 335
5408 5989 2524 3105
9634 10000 3940 4447
8338 8612 8894 9168
2756 2999 1392 1635
2636 3037 5567 5968
8542 9108 8813 9379
5566 5820 1025 1279
3096 3443 6509 6856
525 1027 0 450
1749 2321 557 1129
7447 7692 5908 6153
2212 2581 2657 3026
8047 8568 6431 6952
8721 9209 6315 6803
175 524 4829 5178
7824 8131 5999 6306
8202 8437 4908 5143
1386 1435 8092 8141
3489 4081 5280 5872
3301 3437 1306 1442
780 874 6404 6498
1266 1629 7015 7378
6303 6708 7620 8025
4597 5106 4170 4679
2596 2680 9099 9183
2194 2236 4845 4887
9394 9408 6649 6663
7182 7479 2431 2728
7432 7963 6105 6636
9452 9879 4790 5217
797 1328 4254 4785
6029 6543 5979 6493
2513 2793 8803 9083
1733 1997 9413 9677
4234 4266 4452 4484
2815 3302 7979 8466
3912 3933 8454 8475
1683 1950 4022 4289
6967 7083 7137 7253
2328 2432 1155 1259
9686 10000 7727 8242
9219 9572 5220 5573
485 718 7425 7658
2349 2818 2637 3106
6416 6967 8871 9422
6251 6630 1892 2271
7377 7900 9478 10000
0 526 1978 2520
4042 4556 517 1031
3099 3487 6436 6824
3612 3740 8401 8529
4932 5120 5904 6092
5374 5772 1923 2321
4735 4822 7636 7723
8416 8552 264 400
6522 6685 9099 9262
6766 6952 5708 5894
4891 5402 2195 2706
9701 9962 4024 4285
3888 4277 2324 2713
4953 5095 720 862
475 728 7988 8241
651 1143 647 1139
2656 2860 8298 8502
6279 6372 60 153
4528 4872 9482 9826
4855 5454 8232 8831
5352 5943 3473 4064
9021 9447 7758 8184
6142 6599 4853 5310
1961 2485 1880 2404
3350 3843 4472 4965
1067 1585 407 925
6116 6643 4371 4898
9741 10000 3074 3465
471 746 7905 8180
8095 8401 5670 5976
9442 9678 3379 3615
3829 3974 6124 6269
265 376 3513 3624
5423 5968 1792 2337
984 1394 2818 3228
7111 7617 7361 7867
2228 2572 5189 5533
6056 6174 6889 7007
3918 4175 8482 8739
331 728 8645 9042
7459 8005 7195 7741
8486 9066 8756 9336
3223 3768 2007 2552
5693 6259 2664 3230
9405 9860 864 1319
8740 8790 3201 3251
8707 8793 7802 7888
6864 7022 1759 1917
2260 2665 8099 8504
3300 3785 556 1041
5190 5199 3129 3138
6104 6291 6385 6572
8807 9275 3451 3919
10 447 9386 9823
9610 10000 5348 5821
1470 1785 1696 2011
1164 1669 3714 4219
4827 4939 4464 4576
1755 2245 469 959
2242 2388 2170 2316
8758 8919 8373 8534
3157 3524 3296 3663
1280 1356 1146 1222
631 669 2114 2152
0 485 1533 2029
4518 4618 9061 9161
6968 7411 1944 2387
8285 8587 2107 2409
3805 4392 3898 4485
7820 8407 6640 7227
8772 8957 8809 8994
5581 5951 22 392
2034 2191 8878 9035
9636 9937 1938 2239
5501 5585 1706 1790
7252 7712 247 707
2941 3540 2423 3022
4140 4519 1682 2061
8357 8566 3158 3367
6023 6116 6123 6216
1192 1302 8458 8568
3592 3732 600 740
3402 3604 6705 6907
254 747 3399 3892
6645 6737 6260 6352
4636 5121 324 809
7611 7761 8399 8549
1580 1940 3820 4180
8718 9089 8764 9135
4890 5394 2385 2889
3971 4130 9592 9751
8785 9133 7684 8032
7867 8046 459 638
9751 9988 8877 9114
6358 6767 645 1054
673 1259 1541 2127
4917 5243 3001 3327
5782 5999 5250 5467
580 1069 525 1014
7348 7547 6612 6811
6670 7207 3497 4034
6447 6758 0 260
2113 2424 8190 8501
72 571 5244 5743
163 241 1497 1575
5993 6196 1454 1657
2811 2913 1 103
1409 1514 379 484
1637 1698 3881 3942
6756 6803 455 502
4267 4583 1187 1503
8608 9136 6731 7259
7927 8255 5735 6063
285 340 4308 4363
6047 6518 4063 4534
982 1165 4576 4759
6981 7444 3137 3600
4554 4850 7592 7888
7759 8235 8901 9377
5201 5771 0 517
7354 7910 843 1399
4278 4845 7790 8357
5096 5299 4418 4621
4064 4222 7776 7934
1489 1548 9855 9914
6307 6775 8524 8992
3604 3992 6725 7113
2391 2905 2715 3229
1549 1824 6085 6360
7543 7717 816 990
2805 3113 6349 6657
3706 3949 0 214
8833 9020 1860 2047
9585 9837 8021 8273
3087 3126 1628 1667
9059 9282 6726 6949
6717 7079 6557 6919
9707 9832 7933 8058
3396 3535 9508 9647
7838 7897 5488 5547
4256 4392 3631 3767
1986 2301 3087 3402
9732 9989 836 1093
3727 4278 2916 3467
38 229 9227 9418
1797 1892 5412 5507
2431 2853 1189 1611
512 1050 527 1065
213 259 1884 1930
4436 4648 8109 8321
8328 8775 2130 2577
0 185 6389 6958
5932 6066 265 399
6517 6961 9467 9911
1432 1498 7852 7918
1892 2163 2587 2858
1000 1078 8300 8378
2162 2511 1903 2252
8739 9081 9391 9733
7464 7673 2279 2488
9730 10000 7512 7984
1382 1426 5272 5316
8098 8516 2283 2701
928 1181 5876 6129
1314 1483 6371 6540
0 117 1400 1736
874 1334 1744 2204
8402 8771 9037 9406
9785 9943 9618 9776
7577 7765 3302 3490
3714 3782 5667 5735
3974 4513 412 951
6837 7138 6572 6873
8639 9083 6047 6491
9256 9800 2333 2877
59 399 751 1091
2002 2221 8274 8493
2757 3155 4623 5021
5588 6126 2786 3324
5928 6144 5789 6005
1977 2539 2170 2732
4795 4893 8246 8344
418 677 2164 2423
7636 8045 6118 6527
7517 7964 772 1219
3472 3723 8405 8656
8768 9318 2372 2922
9491 10000 6394 6987
767 773 2191 2197
8343 8377 1445 1479
3919 4493 9043 9617
6025 6079 9921 9975
7456 8024 8463 9031
9508 9731 8674 8897
1026 1601 2173 2748
8848 9002 5524 5678
5213 5594 5943 6324
8782 9111 8123 8452
8351 8880 9504 10000
4864 5297 9119 9552
9066 9272 7150 7356
1509 1889 2403 2783
8908 9183 992 1267
1539 1640 8765 8866
7779 7980 5147 5348
7596 8084 3297 3785
3914 4227 658 971
1413 1509 9842 9938
7965 7975 6245 6255
5077 5266 8150 8339
279 484 7464 7669
8591 8851 935 1195
8835 9291 226 682
1408 1902 8897 9391
1591 2138 467 1014
6918 7206 2828 3116
5914 6505 3220 3811
6849 7032 6513 6696
3243 3619 313 689
5899 6344 8931 9376
749 1149 3825 4225
875 1011 4441 4577
7928 8021 6506 6599
4729 4880 3848 3999
0 394 990 1488
6755 7316 8201 8762
2452 2872 9383 9803
5297 5422 3325 3450
5200 5424 7297 7521
9479 9650 3870 4041
3387 3771 2308 2692
9619 9905 9188 9474
2016 2228 1675 1887
5960 6473 1197 1710
8462 8718 8001 8257
5555 5753 3733 3931
5182 5542 4596 4956
8846 9251 1892 2297
7543 7982 3690 4129
6657 6696 7399 7438
8552 9121 4214 4783
4563 4835 3672 3944
202 646 6456 6900
6683 6802 202 321
6355 6662 7137 7444
1740 2171 570 1001
1909 2081 200 372
8728 8752 6013 6037
9011 9514 3667 4170
7891 8409 7504 8022
5814 6276 6713 7175
7695 8269 6899 7473
3560 3630 9475 9545
3305 3820 6781 7296
3426 3988 177 739
2136 2554 3822 4240
5408 5628 2671 2891
4478 4775 7150 7447
510 565 3665 3720
1490 1953 5408 5871
4369 4866 0 375
2678 3195 3481 3998
5506 5905 2729 3128
4167 4610 9146 9589
6735 6769 9083 9117
2267 2469 335 537
9196 9288 4926 5018
8308 8677 7434 7803
7603 8076 6060 6533
1049 1121 5328 5400
5828 6215 8855 9242
5703 5755 2259 2311
1052 1218 7558 7724
3619 4163 2617 3161
2082 2653 6176 6747
1572 1834 1391 1653
5549 5916 3170 3537
2546 3044 3892 4390
8847 9134 5096 5383
5115 5268 5270 5423
1583 2000 9029 9446
8530 8985 2898 3353
3373 3587 8549 8763
8382 8936 5334 5888
8663 8845 5263 5445
5200 5588 5409 5797
5379 5796 3480 3897
8579 8635 8835 8891
0 43 136 212
5585 6036 5132 5583
9586 9991 6257 6662
422 428 578 584
5824 5881 5020 5077
6590 7064 5473 5947
8754 9057 2851 3154
4503 4702 2823 3022
4541 5063 6498 7020
5517 6068 500 1051
3245 3737 5721 6213
7944 8389 3207 3652
3088 3602 5681 6195
8783 9253 891 1361
7477 8074 7942 8539
9804 9939 2722 2857
3225 3795 3999 4569
5331 5624 0 86
8339 8928 1146 1735
9722 10000 1924 2350
4730 4866 3936 4072
9716 9875 6494 6653
8385 8435 6146 6196
2086 2613 9471 9998
4232 4810 7735 8313
4397 4921 5048 5572
7800 7980 4222 4402
9466 9910 3186 3630
7645 7885 6717 6957
8248 8612 4691 5055
2296 2511 1128 1343
6702 7065 3545 3908
3226 3569 7115 7458
7386 7519 7764 7897
551 872 1622 1943
1936 2057 1735 1856
6133 6186 6423 6476
8977 9373 0 360
2095 2219 4891 5015
7507 8039 5927 6459
5664 5807 3748 3891
4435 4626 6248 6439
6262 6839 5563 6140
121 372 8333 8584
8353 8417 1873 1937
5870 6294 735 1159
8128 8584 2344 2800
5975 6093 8817 8935
7013 7558 7948 8493
3893 4168 8102 8377
7282 7805 884 1407
6117 6535 7641 8059
4879 5375 1132 1628
1399 1954 456 1011
3910 4274 7267 7631
9910 10000 2697 2969
5800 5896 9184 9280
0 394 1968 2408
3548 3730 3148 3330
369 696 966 1293
7615 8172 8634 9191
4530 4810 9448 9728
0 329 1258 1780
9380 9663 5624 5907
4061 4623 7362 7924
6049 6135 3686 3772
2286 2401 1330 1445
1497 1801 4795 5099
7204 7518 2015 2329
3218 3741 6006 6529
1131 1148 6820 6837
3638 4017 720 1099
7058 7511 6540 6993
2760 2949 3936 4125
4807 5146 3285 3624
7809 7897 5902 5990
3457 3840 6164 6547
1939 2000 3910 3971
1487 1875 7800 8188
7526 7874 8376 8724
3074 3499 7677 8102
7275 7464 7801 7990
1319 1492 5749 5922
3413 3874 4454 4915
3363 3891 5893 6421
5398 5732 3155 3489
3415 3967 9581 10000
7156 7196 7221 7261
5660 5888 1509 1737
2687 2955 9548 9816
1165 1467 579 881
235 264 5159 5188
2351 2850 7507 8006
8067 8325 2242 2500
8740 8800 290 350
9039 9336 4862 5159
9126 9646 102 622
8472 9036 6737 7301
9678 10000 2637 3045
8728 9199 5552 6023
5607 5982 7792 8167
8562 8662 5892 5992
3443 3792 493 842
6886 6924 5576 5614
1949 2459 2462 2972
5081 5312 1276 1507
2932 3129 5806 6003
3953 4445 7437 7929
2418 3013 224 819
4680 5165 8484 8969
5615 6216 3272 3873
4398 4879 3340 3821
3057 3350 2429 2722
8085 8598 8270 8783
2296 2715 6071 6490
4981 5440 8703 9162
5085 5547 950 1412
9602 10000 8379 8853
9062 9159 7877 7974
6899 7455 4616 5172
0 529 4955 5521
6536 6984 7939 8387
3289 3765 38 514
1463 1756 1708 2001
9441 9522 7987 8068
8090 8640 7580 8130
861 1214 1788 2141
1155 1711 8939 9495
7000 7297 3158 3455
7365 7624 8747 9006
3950 4369 5426 5845
5868 5902 6115 6149
1846 1966 6285 6405
4062 4193 2301 2432
0 350 7722 8157
7602 8122 5229 5749
439 439 3940 3940
6843 7281 0 408
6144 6198 6133 6187
4285 2881
1163 1932
8016 3928
1163 1783
7221 2328
7685 7784
4503 2221
742 8846
823 6700
7814 2668
5447 7529
6166 9300
7564 7858
7197 577
2400 5264
7273 4532
233 2262
650 5787
1273 6922
2797 7961
6678 4454
2561 7182
8514 2163
862 1093
3667 5678
8495 3446
33 2742
5514 8598
1694 2213
7074 3311
4526 5372
4255 4052
8672 743
4176 7138
7636 9950
3000 1115
9494 5206
3831 3543
2738 9678
3869 1494
2411 7544
506 5085
7229 826
2048 5405
6470 4903
9763 6185
5815 4769
2101 6578
5497 8635
99 6465
3024 3338
3112 5229
239 684
6949 9644
6882 6461
8945 989
1455 8321
4448 1187
6933 2740
8241 8929
4421 2600
257 6766
8990 4136
5177 8016
6862 3339
1776 9774
4142 6575
437 4830
6413 9289
5199 6945
5106 6301
3039 5803
3131 6466
8298 5467
3286 1361
134 2712
8308 8780
1717 2760
9312 4052
8421 7203
2213 2602
5575 5671
726 3495
4719 6729
5108 2461
6478 5695
2333 5305
3373 703
3357 7405
690 9948
2347 8507
7906 8976
3490 3247
7857 9799
3719 7069
2407 1069
3245 3075
2780 6897
6417 8062
5992 1378
3901 5131
2137 7961
5980 1971
1485 9362
8208 5290
2532 7
7507 5849
8374 5805
1757 7049
1255 7502
1626 4278
3229 7899
6953 4336
5288 1184
9392 1322
3311 958
154 5008
7377 8874
6021 9471
8922 1974
9601 8881
3685 6842
6467 6143
2849 7854
3474 9225
4205 8099
6557 1319
4773 116
8050 518
3848 7692
7192 4809
2296 4176
2558 5465
1162 5935
4471 1476
6427 3112
5436 3253
601 9256
5633 8779
3860 1827
5380 5490
9237 1686
9330 6756
1281 1897
1115 9806
2025 7291
5306 379
3579 2614
5732 6938
8352 2486
8481 9842
1308 433
6122 6525
8861 3802
9732 3215
6579 8126
1495 6
6623 6522
945 5619
6395 3025
4836 7627
7415 9361
7686 1926
1140 4948
7524 2755
9997 4862
8953 2714
7735 1284
2261 723
1218 734
9195 3140
6829 8873
3981 8531
9822 3726
5554 2234
3869 613
1804 2662
2895 1600
2763 1468
763 4400
6635 2676
7472 2558
1156 8962
9966 9893
1841 8186
3795 1412
5915 8672
4615 4978
604 5657
1821 4036
6960 9299
2686 6674
3103 3711
9765 3028
7144 3604
6907 1422
918 3636
8764 6965
885 5731
1723 9165
7471 585
6892 1106
3070 4496
6651 9303
970 6161
4691 7042
6824 517
6783 8321
4662 1349
3935 5391
4001 4432
8194 6758
1193 1785
186 6549
1932 283
4923 272
8949 4571
6379 7923
8991 7651
6680 9302
4886 7192
854 8069
9096 7117
7263 9138
8113 9733
6095 5656
5292 6695
9966 7914
106 7874
2823 3551
1149 2403
6347 6478
1954 2420
3019 6881
5828 885
3041 875
4841 7159
3935 5697
3907 9654
5866 8175
7210 8992
6778 628
4778 7135
8067 1212
6855 2134
9001 7985
2738 8758
9819 275
6562 6723
2806 1810
2108 5297
6248 7214
5410 9903
4833 7813
8521 2821
8178 7563
9909 1759
5670 742
9216 1799
5364 3005
4992 3949
358 9481
2179 6265
6428 5111
8296 4155
5377 579
2829 5427
3475 7697
2878 5865
6963 5173
5166 6796
3050 5255
6852 217
7840 3470
8831 2465
5196 6367
3812 1943
873 6435
8941 9335
3410 7048
8410 3083
7868 2706
9451 5360
870 5806
6469 3923
5938 4491
6753 5288
6441 3215
4170 1185
1344 7438
4141 716
3434 4977
1258 1055
3349 5599
5715 6790
1004 6282
9138 4535
5839 7678
344 6803
555 3162
250 832
9607 8060
2229 1024
8696 8764
9666 5612
9629 3846
4647 5218
7985 1271
3425 759
7156 4498
181 7153
8450 6646
5397 6075
4341 7829
4645 1577
563 9315
6084 5775
537 359
566 9911
6145 8673
2782 4551
6812 338
7803 8371
220 3917
325 5600
9639 303
5534 2626
9881 4200
8444 9007
2798 1548
2700 5755
8623 9190
5771 1115
3200 6523
840 299
2091 652
7518 5943
2448 2927
8387 6858
8928 6652
432 5071
7991 6293
8409 4960
1421 8093
3800 5610
3429 1437
798 6445
1385 7223
6583 7699
4738 4554
2656 9166
2226 4880
9405 6652
7251 2590
7753 6116
9455 5178
907 4595
6462 6365
2613 8861
1988 9571
4245 4464
3177 8322
3930 8465
1843 4164
7058 7231
2341 1234
9868 8172
9318 5342
681 7594
2386 2957
6705 9400
6290 2005
7818 9792
301 1979
4516 992
3441 6513
3658 8411
4944 5985
5538 2150
4791 7704
8537 289
6563 9237
6794 5838
5032 2422
9719 4251
4016 2611
5007 724
711 8039
1007 672
2765 8323
6316 111
4556 9709
5168 8376
5893 3644
9030 8067
6308 5089
2281 2218
3436 4553
1481 882
6638 4476
9750 3446
711 8133
8132 5857
9490 3593
3966 6186
372 3602
5578 2206
1170 2927
7512 7524
2249 5514
6063 6987
3926 8678
641 8796
7866 7400
8977 8995
3520 2540
5993 2827
9812 1043
8784 3251
8726 7865
7005 1842
2281 8359
3749 727
5194 3132
6131 6480
9147 3748
183 9747
9818 5658
1754 1966
1554 3984
4934 4513
1769 695
2373 2244
8810 8484
3254 3549
1319 1168
649 2132
19 1589
4584 9131
7125 2341
8437 2134
4358 4404
8356 6903
8938 8958
5735 301
2065 8962
9851 1996
5560 1738
7396 469
3123 2812
4417 1684
8384 3181
6097 6137
1276 8551
3633 664
3412 6793
631 3753
6671 6306
4672 733
7630 8466
1588 4062
8838 8983
5052 2656
3991 9682
9125 7887
8006 518
9808 8964
6590 1024
1194 1637
5158 3261
5904 5375
770 666
7412 6631
6722 3666
6716 231
2150 8389
394 5652
171 1549
6061 1617
2850 47
1479 392
1694 3908
6777 483
4393 1206
8886 6752
8170 5987
293 4342
6067 4344
1073 4576
7170 3446
4733 7780
7936 8941
5258 312
7879 1141
4343 8120
5171 4444
4177 7899
1545 9903
6591 8670
3938 6824
2426 2772
1821 6220
7677 987
2932 6416
3824 51
8997 2030
9604 8272
3103 1644
9249 6876
6854 6837
9805 7947
3397 9565
7881 5516
4283 3724
2128 3315
9831 1081
4243 3462
155 9415
1828 5432
2557 1473
689 957
232 1900
4452 8235
8633 2186
80 6571
6042 361
6935 9685
1463 7865
2051 2641
1053 8348
2275 2049
8971 9402
7591 2308
9759 7826
1411 5315
8445 2558
951 5958
1336 6497
92 1407
1098 1880
8569 9105
9854 9764
7664 3363
3779 5706
4315 478
6973 6615
8666 6239
9608 2794
76 917
2017 8283
2936 4805
6047 3141
6078 5863
2439 2397
4835 8278
558 2197
7997 6166
7524 906
3504 8615
8955 2613
9799 6733
770 2192
8351 1464
4390 9062
6052 9950
7497 8839
9664 8894
1345 2633
8851 5586
5254 6076
8831 8299
8596 9711
5101 9459
9209 7185
1541 2708
9083 1235
1602 8863
7932 5252
8059 3307
3969 761
1498 9885
7970 6252
5178 8189
346 7508
8723 1135
9017 397
1777 8974
2039 614
7021 3083
6264 3559
6857 6647
3443 475
6065 9315
982 3829
919 4487
7994 6571
4824 3893
297 1412
6874 8464
2670 9666
5390 3423
5287 7323
9602 4033
3415 2623
9759 9274
2227 1846
6018 1197
8535 8170
5674 3824
5295 4613
8952 1937
7594 4079
6678 7404
8584 4585
4826 3875
391 6586
6786 225
6562 7187
2146 786
2058 318
8731 6015
9192 3694
8405 7819
5837 7054
8067 7240
3570 9478
3604 7092
3554 306
2300 4074
5540 2776
4759 7239
520 3674
1943 5845
4597 81
2846 3806
5678 3005
4601 9369
6751 9110
2455 442
9261 4933
8499 7566
7633 6500
1092 5384
6160 8859
5718 2305
1078 7698
4129 3093
2161 6631
1678 1592
5766 3498
2834 3959
9087 5203
5237 5282
1605 9290
8604 2905
3390 8684
8900 5614
8713 5383
5542 5558
5431 3673
8593 8868
29 153
5852 5175
9942 6325
423 582
5832 5047
6875 5884
8838 3041
4558 2947
4645 6533
5782 537
3485 6001
8261 3461
3512 6162
9078 1133
7544 8142
9853 2731
3557 4448
5376 16
8688 1352
9818 2304
4857 3983
9760 6532
8402 6157
2108 9928
4611 8077
4476 5231
7868 4378
9673 3330
7806 6773
8286 5030
2493 1269
6967 3702
3336 7277
7476 7846
738 1860
2048 1829
6137 6425
9170 130
2122 4968
7581 6193
5718 3755
4624 6413
6481 5961
238 8548
8365 1898
5929 788
8417 2549
6087 8895
7067 8189
4035 8152
7293 1124
6442 8025
5077 1367
1815 686
3974 7474
9954 2807
5891 9189
293 2349
3715 3184
658 1185
7674 8984
4730 9610
222 1738
9393 5628
4483 7825
6088 3695
2304 1381
1659 4948
7375 2113
3254 6189
1144 6836
4011 750
7408 6948
2887 4029
4913 3621
7835 5969
3656 6519
1946 3950
1489 8000
7578 8560
3101 7828
7327 7981
1379 5906
3442 4717
3650 6276
5718 3323
3833 9985
7189 7225
5789 1722
2929 9570
1293 848
263 5185
2806 7554
8249 2257
8790 300
9138 5136
9199 277
8958 7198
9968 3012
9150 5808
5630 7902
8595 5976
3685 589
6915 5606
2393 2579
5256 1325
3057 5958
4326 7812
2997 728
5055 8829
5617 3419
4611 3513
3074 2697
8296 8779
2597 6457
5175 8894
5436 1271
9614 8418
9143 7968
7367 4802
86 5515
6687 8199
3688 488
1625 1844
9486 8016
8479 8117
866 1907
1375 9045
7162 3344
7614 8861
4244 5725
5890 6118
1949 6327
4074 2422
320 7839
7825 5364
439 3940
7086 19
6144 6158
