800 167 400 5 2104
4 1 2 17 5 14 5 2 5 3 5 4 1 4 9 15 2 2 1 2 1 14 1 4 5 3 1 2 3 15 4 8 7 4 1 7 12 2 4 3 1 3 7 4 2 4 2 3 1 2 2 7 2 3 2 2 16 1 7 4 4 3 3 3 11 1 7 4 3 10 2 1 6 13 2 5 3 1 2 2 9 9 5 4 2 1 4 11 2 6 11 4 3 9 3 1 2 1 12 2 8 5 5 1 6 8 2 2 15 6 2 2 8 2 3 1 4 3 9 4 2 1 3 7 4 8 6 4 3 16 7 1 6 3 5 3 8 12 1 5 3 13 1 2 5 4 3 1 6 1 4 9 9 1 8 2 12 1 2 3 14 3 2 2 14 2 6
8863 9538 7409 8084
1100 2057 4249 5206
6754 7213 8522 8981
5863 7421 3306 4864
4105 4179 8202 8276
8136 8798 2336 2998
4324 6003 2869 4548
2295 3081 1088 1874
2042 3190 1625 2773
6934 7850 936 1852
7569 8120 0 512
7935 7949 877 891
2884 3637 8654 9407
6833 8652 7134 8953
0 1587 2653 4682
791 2080 5788 7077
4675 5072 7295 7692
7211 7789 5292 5870
8231 9531 4036 5336
9521 9918 6033 6430
4043 4326 0 278
8189 9957 1327 3095
4694 5137 2670 3113
5714 5878 4948 5112
526 833 1880 2187
220 363 4660 4803
4926 6750 3473 5297
0 476 3852 4561
6689 8053 4917 6281
9611 10000 268 1321
7372 9432 6269 8329
2068 2820 1947 2699
423 873 844 1294
0 1572 6651 8552
51 213 4406 4568
3192 4947 1344 3099
7797 9605 3329 5137
2822 4761 2731 4670
6779 8798 1688 3707
3271 4942 4227 5898
4502 5434 9198 10000
5474 6677 697 1900
6240 8112 5148 7020
198 1663 8531 9996
0 1103 6627 7806
8658 9054 6185 6581
5383 6294 2190 3101
3744 5400 3264 4920
9049 9803 0 606
384 2314 1821 3751
0 1352 8369 9924
5930 6594 4486 5150
5828 6592 2985 3749
1849 1909 2912 2972
5877 6550 8864 9537
2033 2926 2586 3479
5247 7152 7181 9086
9163 10000 5508 7348
5015 5875 2667 3527
0 343 7909 8536
6453 8160 3924 5631
7102 8972 3709 5579
4001 4370 2460 2829
5224 5950 3765 4491
4527 4834 2350 2657
6538 7513 4532 5507
8111 9701 1496 3086
5398 5650 1943 2195
3527 4225 5691 6389
0 325 975 1706
216 1480 9199 10000
2916 2938 1912 1934
8794 9116 444 766
9386 10000 8621 9831
4943 6967 4138 6162
5084 5183 8322 8421
8505 8573 7065 7133
0 918 7837 9090
2685 2858 4829 5002
6570 6666 4909 5005
7334 8517 1536 2719
4130 4796 4512 5178
3437 5267 2637 4467
455 2037 7282 8864
4518 6477 6845 8804
8206 9935 7684 9413
5696 5993 4868 5165
4778 6824 3505 5551
8017 8102 3008 3093
8898 10000 6472 8007
8414 9399 7408 8393
0 1054 3435 4802
1716 2198 1295 1777
1981 2960 4720 5699
842 1703 6957 7818
6341 6551 7874 8084
7952 8922 3380 4350
3218 5119 5198 7099
0 419 7304 8322
7205 8598 3961 5354
6808 8624 2629 4445
824 2056 977 2209
6556 8149 2635 4228
7214 9183 7023 8992
7778 9490 6316 8028
9020 10000 70 1814
1604 2702 9176 10000
8250 8933 4824 5507
7389 8822 8058 9491
3840 4171 4164 4495
5838 7524 156 1842
7455 8992 7607 9144
1290 2350 3952 5012
7895 8571 1256 1932
3144 4545 6107 7508
3841 4285 5731 6175
8131 9855 6984 8708
4883 6287 4648 6052
1818 2230 7623 8035
8124 9498 7356 8730
619 2227 7771 9379
0 1309 2112 3510
0 642 1220 1904
0 1124 2871 4300
7498 7867 1021 1390
329 557 699 927
2274 4042 6293 8061
209 1589 3734 5114
6058 6594 1010 1546
0 1570 0 1575
5005 5180 7441 7616
9039 10000 748 2094
0 346 1322 1978
9236 10000 2228 3377
8143 9165 6137 7159
6349 6534 932 1117
3031 3659 6261 6889
7357 8763 4900 6306
6668 7383 4767 5482
2419 3437 4796 5814
3338 5383 2246 4291
8111 8934 2884 3707
4789 5320 7105 7636
468 959 6161 6652
8263 8812 1823 2372
7431 8591 1894 3054
7772 8504 388 1120
6963 7850 339 1226
8528 9868 3610 4950
4776 5960 4821 6005
190 1885 1139 2834
7030 7788 4780 5538
4908 5723 0 739
3878 5930 0 1132
2108 3058 8439 9389
6745 8096 3990 5341
6876 7080 265 469
0 236 5721 7092
2261 2319 4029 4087
585 1931 5277 6623
2630 3941 6411 7722
5938 6919 7520 8501
5621 6379 9346 10000
1807 3439 3729 5361
1703 2586 346 1229
736 1824 3352 4440
0 796 3835 4898
8286 8920 8316 8950
4850 6522 8898 10000
0 1563 7824 9714
6442 7501 8175 9234
5677 5779 3823 3925
9418 10000 8531 10000
4717 6410 6027 7720
0 1697 3498 5483
848 2548 706 2406
7654 8461 271 1078
3130 4494 2945 4309
3005 3368 2290 2653
6616 7558 1735 2677
2642 4128 3771 5257
1782 1869 8613 8700
11 1400 4249 5638
3931 4205 7719 7993
954 1707 2973 3726
627 850 7495 7718
6561 7778 0 1168
7971 8870 892 1791
0 270 6504 6955
9702 10000 4557 5262
70 1364 5911 7205
7046 8382 7210 8546
1832 2281 164 613
6685 7342 2466 3123
1980 2947 852 1819
3606 4201 1413 2008
9688 10000 4378 4809
2302 3479 2273 3450
6187 6597 9399 9809
0 1433 7278 8730
2701 4051 1625 2975
4789 6696 4098 6005
3232 3887 5230 5885
5298 6042 1519 2263
8341 9039 5301 5999
8615 9842 4849 6076
8816 10000 980 2310
2962 3133 2971 3142
8188 10000 4006 5853
72 507 7024 7459
4498 6246 2207 3955
6001 6059 202 260
7356 7549 7538 7731
0 475 1755 2471
7353 8284 502 1433
3736 4335 5679 6278
3102 3445 1563 1906
4167 5247 6216 7296
0 739 3789 5656
0 1375 5486 6868
1271 2502 7381 8612
5989 6849 3231 4091
6567 6608 3486 3527
903 2290 2119 3506
545 2383 5713 7551
3399 3574 0 170
0 561 2617 4128
2547 3376 5327 6156
8606 9772 4127 5293
8371 10000 3469 5420
7909 9897 4425 6413
0 1444 7506 9183
6828 7060 7544 7776
6144 6374 3605 3835
4175 6278 1606 3709
7371 9126 3565 5320
7370 9338 0 680
2703 4433 5100 6830
458 1987 1129 2658
8156 9732 2599 4175
3849 3922 7938 8011
0 968 7007 9091
6022 6316 8423 8717
4298 4971 1136 1809
1936 3212 1239 2515
488 1071 4176 4759
6398 7575 1514 2691
7229 8588 4052 5411
3559 4223 1257 1921
826 2930 0 1795
5383 6066 3091 3774
1961 3498 8927 10000
2281 3194 0 715
1041 1933 2124 3016
6920 7540 8960 9580
983 2761 5047 6825
2273 4200 6719 8646
8961 9620 1278 1937
1192 3293 0 1277
6057 7128 3858 4929
1510 2587 5682 6759
1810 1910 9013 9113
8385 9302 1040 1957
5248 7340 3652 5744
9021 10000 725 2350
6414 7258 2528 3372
8472 9674 5444 6646
7026 7561 0 379
8385 10000 8604 10000
9533 10000 6079 7970
4373 5134 5772 6533
9070 10000 5889 6955
8092 8184 3770 3862
0 1678 6356 8332
8730 9641 2894 3805
4210 5215 0 375
2512 4445 6349 8282
7799 7944 7475 7620
2300 3562 4144 5406
4149 5355 6568 7774
9086 9207 462 583
9407 9452 8017 8062
5182 6806 6906 8530
1097 2615 1373 2891
0 846 574 2097
3769 5393 6374 7998
4044 5826 5944 7726
0 447 819 2019
3813 5087 804 2078
4290 4695 5734 6139
3652 4167 1591 2106
0 1597 4180 6091
6062 8132 0 1988
548 1287 1053 1792
0 335 4967 5448
7419 7948 4301 4830
7681 7807 8693 8819
3417 4874 1042 2499
6800 7318 5850 6368
8238 10000 3152 5128
0 532 5623 6652
6095 6151 744 800
2331 4188 0 775
1743 2314 1705 2276
8962 9602 7413 8053
5580 5634 3277 3331
1121 3144 6955 8978
4326 5469 1775 2918
653 1915 6973 8235
0 558 6141 7756
5891 6654 7765 8528
2011 3578 4883 6450
901 1346 5161 5606
4236 5061 647 1472
3368 5167 1307 3106
3320 3883 3910 4473
8419 10000 3687 5642
235 2130 7433 9328
7918 8508 3725 4315
204 673 3381 3850
4048 5987 1031 2970
0 560 2328 3057
2299 3680 3335 4716
4491 5955 2683 4147
5109 5395 7806 8092
5914 7807 3070 4963
5727 6432 8115 8820
6152 7782 1811 3441
6448 7492 3981 5025
8687 8901 462 676
4490 4947 5036 5493
6998 7994 845 1841
3589 5628 5587 7626
3708 4808 4455 5555
4018 5508 2145 3635
1159 2766 3961 5568
8419 9201 508 1290
7586 7866 3923 4203
5522 6100 8752 9330
8247 8824 7069 7646
3718 5107 4042 5431
4931 5794 5210 6073
4212 5410 2288 3486
5796 6149 1064 1417
4628 5465 83 920
403 1066 9220 9883
6938 7238 1345 1645
0 290 219 1176
1729 3433 6439 8143
4589 5359 697 1467
99 1336 4103 5340
35 545 9690 10000
4540 4829 3467 3756
8660 9065 2320 2725
2106 3354 1172 2420
3361 5194 2218 4051
2539 3713 4293 5467
8186 9152 556 1522
5866 7425 5962 7521
7125 8181 1568 2624
2395 3726 1986 3317
6854 6991 5310 5447
7143 9118 0 1940
8576 8933 7982 8339
8467 10000 3472 5181
3355 3362 9985 9992
7573 8366 3670 4463
4039 5137 2376 3474
1310 2105 3965 4760
706 1815 5069 6178
2658 3093 4993 5428
6856 7741 9180 10000
9478 9833 3066 3421
4652 5532 4118 4998
8300 9121 8357 9178
4888 6120 8991 10000
1935 2089 3681 3835
0 1312 6725 8789
0 1740 7004 8814
9260 9972 1742 2454
3310 4958 2808 4456
5529 7118 2213 3802
9012 9979 4285 5252
4567 5981 4977 6391
4942 5677 6852 7587
1477 3393 2730 4646
6183 7486 2629 3932
5095 5414 1969 2288
6606 6708 408 510
2780 3578 2512 3310
3907 4681 4862 5636
3236 3459 1886 2109
1418 3519 5001 7102
0 632 9128 9945
4179 5397 8361 9579
2179 3377 987 2185
2562 4013 4867 6318
4609 4666 8592 8649
2433 3130 9215 9912
3231 3683 1936 2388
2663 3159 8159 8655
6634 6754 1081 1201
9100 9118 453 471
8026 9980 7689 9643
990 1593 1334 1937
6493 8378 240 2125
0 431 3149 4244
4251 6283 7795 9827
6812 8060 5962 7210
9824 10000 1480 2421
253 2292 3910 5949
8464 10000 3251 5090
0 987 5929 7046
5363 6871 235 1743
6017 8082 3239 5304
6049 6080 905 936
6585 8039 7605 9059
9435 9593 1197 1355
7711 8271 924 1484
5079 6276 3883 5080
1393 1554 8988 9149
5372 6341 7296 8265
1387 2560 971 2144
9356 9711 1719 2074
2456 2848 7512 7904
9630 10000 3666 4045
3039 3321 4605 4887
2349 3365 6478 7494
5900 5908 9071 9079
3854 4094 7050 7290
1527 2124 4230 4827
0 655 4962 5761
2595 3998 8443 9846
9089 10000 6512 8375
4442 4697 9351 9606
2326 2719 4450 4843
4078 4310 8705 8937
3743 5459 4828 6544
6127 6513 8235 8621
8352 9571 186 1405
0 694 1134 1867
9675 10000 7444 8180
4087 5944 4061 5918
3831 4920 8581 9670
9078 10000 8116 9391
0 813 851 1758
9855 10000 4249 4423
5115 5585 2735 3205
8309 8745 6018 6454
200 759 7403 7962
4473 6439 2817 4783
4019 5435 4914 6330
3554 4363 2088 2897
5862 7895 9346 10000
1768 3384 8976 10000
4619 5268 1124 1773
9876 10000 1731 2295
6945 7082 8500 8637
2868 3972 2055 3159
4098 5661 4304 5867
3079 3674 702 1297
8051 8145 7956 8050
3670 5371 4675 6376
3301 4471 4163 5333
4046 6022 1248 3224
1198 3004 5910 7716
1454 2109 7225 7880
7105 7467 5397 5759
0 762 0 1163
6866 8637 3009 4780
2013 2656 4253 4896
7735 8398 8305 8968
8275 9526 4350 5601
6910 8066 7372 8528
4355 5224 620 1489
3924 5970 5919 7965
4876 6213 4535 5872
2998 3747 7223 7972
1184 2691 2969 4476
1092 1923 7488 8319
5640 7216 166 1742
2451 3289 6623 7461
4292 6191 9012 10000
5160 7147 3893 5880
5060 5222 7710 7872
4194 5933 2845 4584
4691 6794 7546 9649
7 923 7088 8004
2816 2897 915 996
8705 9034 4635 4964
8502 10000 8026 10000
8889 9159 6492 6762
5865 6140 3343 3618
5747 6733 8677 9663
1108 1396 595 883
4343 4441 7624 7722
5128 5139 4121 4132
5447 7254 8269 10000
0 236 5052 5939
2520 3771 0 1246
6061 6428 9226 9593
6072 6929 4714 5571
6913 7106 1853 2046
2168 3277 8484 9593
619 1275 2231 2887
1365 2860 2427 3922
8954 9072 6510 6628
9236 10000 2425 3551
2570 3966 1821 3217
347 1267 4115 5035
7920 9846 3925 5851
7646 8350 6322 7026
3510 5299 4992 6781
6987 8997 395 2405
0 1814 4429 6475
5508 6226 1224 1942
2910 4507 8114 9711
8367 10000 5863 7818
7957 9860 4276 6179
2614 3428 7645 8459
637 2696 2698 4757
7183 8337 6593 7747
5520 5693 5950 6123
679 1010 2716 3047
113 417 263 567
5595 5652 1171 1228
1673 2631 2440 3398
6534 8368 4052 5886
227 1258 6048 7079
3301 4352 1228 2279
5295 7094 1973 3772
0 787 7614 9173
6858 7173 2581 2896
0 703 3486 4777
5130 5515 0 218
4158 4356 4969 5167
973 1413 7143 7583
2440 2679 5533 5772
2373 2526 8971 9124
6502 7160 8224 8882
5985 6614 3722 4351
4948 6339 1643 3034
1293 2886 9019 10000
4833 6711 1773 3651
2576 3026 865 1315
4280 5721 5168 6609
7611 8003 3108 3500
9785 10000 2751 2986
4812 4939 3367 3494
4932 5402 1462 1932
2482 2624 3510 3652
607 820 3465 3678
6313 7418 6323 7428
5654 7702 0 1488
5897 5982 7143 7228
8572 8605 366 399
1669 2927 573 1831
6380 6510 7280 7410
8718 10000 1389 3400
8262 8442 2357 2537
8639 9485 7139 7985
2463 3450 4622 5609
5800 6402 5793 6395
5173 5407 9184 9418
2946 3706 2083 2843
5612 6656 7562 8606
9694 10000 7029 7438
4274 5570 7471 8767
7526 8399 3948 4821
7654 8679 5632 6657
3228 4163 1095 2030
1155 3166 1221 3232
8127 8430 6786 7089
5122 6275 4356 5509
7610 9204 7157 8751
1952 2999 536 1583
500 2261 7853 9614
9233 10000 345 1264
7966 9161 0 1174
7045 8445 7554 8954
4876 5509 4057 4690
902 2560 3312 4970
8934 10000 3172 4357
2783 4799 7887 9903
5553 6316 2491 3254
2272 3538 3619 4885
5027 5738 7429 8140
7041 8380 1630 2969
0 1937 6430 8392
869 2846 0 1257
1972 3731 6562 8321
5890 6045 1390 1545
9206 10000 3942 4856
6315 6770 6611 7066
7635 9721 2379 4465
8457 10000 1779 3344
8840 9757 262 1179
8362 8879 2778 3295
7473 8673 6987 8187
0 1045 4483 5890
0 935 8635 9926
362 1099 2323 3060
637 1876 4295 5534
0 1428 1001 2669
2661 2980 1137 1456
6903 7454 1939 2490
8404 9609 8754 9959
1239 2474 6804 8039
9244 10000 6341 7544
7983 9606 5385 7008
1589 2885 4478 5774
5345 6044 9979 10000
9144 10000 3792 4832
5217 6573 0 1253
3784 5588 5698 7502
505 1452 521 1468
18 472 1432 1886
7679 9204 778 2303
1222 1598 3441 3817
3252 4544 313 1605
2200 2479 4207 4486
2924 3923 7907 8906
296 2005 2265 3974
1922 2778 1727 2583
220 2295 3384 5459
6967 8570 516 2119
4420 4927 7974 8481
3639 4409 2727 3497
2634 3581 183 1130
8392 10000 2414 4254
6129 8004 940 2815
7403 8756 1867 3220
1299 3045 5526 7272
4827 6293 3546 5012
8321 9671 2439 3789
3622 3714 1974 2066
0 688 6883 8499
2821 3914 5658 6751
9284 10000 8521 10000
0 956 1167 2457
7512 9560 6307 8355
8235 9390 3850 5005
3581 4959 286 1664
4945 5870 6818 7743
6473 6988 3215 3730
2041 2489 9005 9453
5752 6569 7962 8779
8006 8752 9882 10000
0 1125 226 1701
6474 8117 2820 4463
4477 6370 3249 5142
4154 6134 7784 9764
7517 7642 935 1060
7006 8954 0 1637
5851 7831 3057 5037
3165 5011 8600 10000
2253 2444 1888 2079
4558 5748 9495 10000
3312 5253 7810 9751
3871 4078 6813 7020
2707 4442 3278 5013
0 317 8879 9277
2827 4835 0 1130
6937 8756 1246 3065
7103 8191 8532 9620
4203 5797 3552 5146
6076 7014 2525 3463
2750 4061 0 1161
2151 3765 8208 9822
608 758 1302 1452
7858 9638 4102 5882
8659 9883 5006 6230
6096 6598 5006 5508
9346 10000 5798 7723
8291 8566 1386 1661
5370 5515 8777 8922
3707 4996 9592 10000
8947 9173 7416 7642
7040 7122 2130 2212
4096 4319 6625 6848
7867 8115 2512 2760
7270 7696 4883 5309
8484 10000 9652 10000
5231 5946 3664 4379
8766 9314 4150 4698
2569 4421 4883 6735
1511 2035 1983 2507
1658 2487 4752 5581
7497 7717 1726 1946
0 1137 6784 7991
8170 9061 894 1785
3186 5014 2040 3868
4651 5149 5456 5954
1218 1971 4776 5529
0 169 3904 4221
2226 3870 0 957
5626 5957 7627 7958
6679 8712 8846 10000
4299 4405 3365 3471
5806 6237 5670 6101
861 1935 602 1676
1562 1656 4397 4491
7981 9853 5237 7109
1414 2449 6422 7457
3941 5794 1243 3096
1291 3213 5445 7367
5616 6608 3050 4042
4383 4722 7599 7938
4438 4457 170 189
6812 7905 8854 9947
4850 6304 4068 5522
4112 4400 2354 2642
7857 9147 6898 8188
7403 7646 701 944
4033 5613 0 1399
667 1840 7608 8781
429 725 3534 3830
6493 6751 2364 2622
2291 3431 6739 7879
136 1136 4033 5033
8603 9772 5839 7008
3144 5193 7358 9407
7737 9427 9441 10000
6302 8050 8280 10000
0 372 5129 5693
7982 9860 6667 8545
2656 3601 4668 5613
5412 6732 3744 5064
8318 10000 8459 10000
5572 7402 8147 9977
6868 7473 2949 3554
3166 3980 495 1309
3137 4123 8131 9117
9807 10000 94 366
3330 4582 7766 9018
6561 8588 7588 9615
1488 2988 8812 10000
6744 7925 5533 6714
1863 2944 1426 2507
4298 5079 6008 6789
5276 7008 2208 3940
8325 10000 0 1387
3221 4874 1188 2841
9214 9447 78 311
6092 6681 0 534
8077 8325 6215 6463
0 749 8848 9640
5023 6701 4749 6427
2411 3923 0 1243
87 330 8502 8745
4987 5457 5289 5759
0 1218 1226 2518
7697 7784 6407 6494
214 1087 2948 3821
2132 3402 5931 7201
4480 5699 4131 5350
4361 5511 7537 8687
6316 7170 8548 9402
7673 7734 6410 6471
6964 8012 6744 7792
2188 2499 7091 7402
0 1474 1509 3602
7934 9349 2986 4401
4334 4783 8482 8931
7909 8814 8706 9611
6999 8891 4327 6219
6891 8385 6469 7963
2368 2642 5414 5688
184 1785 4628 6229
9529 9648 8916 9035
755 2131 6024 7400
2632 4184 7796 9348
6127 6362 3180 3415
4003 4912 8912 9821
3242 3765 4940 5463
8295 9282 8607 9594
2475 3968 4518 6011
0 199 4514 5169
3281 5385 4953 7057
6971 7697 4761 5487
6988 7725 6847 7584
3895 5556 7686 9347
6191 8000 7589 9398
3164 5235 7857 9928
6989 8146 1821 2978
6448 7671 2610 3833
9018 10000 6988 8995
4909 5432 635 1158
7732 8965 993 2226
9732 9809 2387 2464
3167 4602 886 2321
1942 2125 9756 9939
6382 6829 446 893
2580 3121 6190 6731
5186 6813 2027 3654
2669 2672 2799 2802
1850 3868 7447 9465
5836 6937 5274 6375
1131 2249 1657 2775
2517 3911 5779 7173
9164 7697
1730 4802
7061 8829
6991 3357
4116 8261
8635 2590
5543 2986
2341 1145
3010 1808
7803 1630
7582 235
7940 879
3553 8820
7386 8829
1376 3379
1854 7018
4709 7468
7506 5313
9263 4078
9661 6339
4131 113
8590 1942
4844 3057
5730 5042
831 2069
236 4746
5446 3986
472 4370
6726 6207
9827 312
7922 7740
2700 2671
715 1104
939 7554
141 4529
3506 1770
9270 3532
2880 4287
7468 3011
4453 4963
4542 9741
6458 922
7831 5608
1341 8775
1088 6697
8865 6384
5490 3061
4568 3817
9621 532
1565 1985
1015 9873
6118 5098
6221 3552
1907 2972
6231 9119
2508 3085
6946 9009
9286 5831
5269 2716
186 8446
7096 4731
8913 4290
4094 2628
5789 4171
4573 2444
6900 5384
9289 2515
5434 2064
4042 5947
282 1400
1003 9291
2922 1924
8937 722
9459 8792
6675 4948
5111 8343
8533 7102
403 9003
2788 4857
6600 4989
7469 1807
4304 5094
3742 4344
951 8864
5646 8118
9726 7719
5862 5102
5932 4391
8035 3040
9911 6705
9216 8239
1046 3479
1964 1514
2104 5050
1548 7535
6356 7989
8392 3526
4556 6550
338 7774
7959 4915
7468 4103
1370 991
6614 3798
9126 7461
8565 7518
9601 1628
2498 9181
8480 4882
8081 8613
4045 4295
6079 1643
7574 9069
2166 4286
8299 1349
4326 6346
4005 6099
9331 8578
5660 4963
1901 7917
8960 8619
1786 8114
868 2935
111 1596
109 3626
7611 1319
351 889
2812 7161
1414 4923
6451 1414
1069 370
5102 7565
9783 1754
219 1908
9748 2741
8639 7049
6372 1041
3629 6389
8196 5713
6744 5323
3290 5704
4523 2560
8299 3639
5315 7317
657 6408
8482 1845
7779 2012
7956 512
7177 676
8884 4676
4980 5513
1600 2404
7583 5459
5370 564
4712 229
2223 9060
7404 4538
7077 400
169 6608
2294 4057
892 6235
3550 7667
6150 7653
5653 9421
3034 4668
1988 1019
1766 4065
610 4767
8430 8462
6358 9871
1080 8492
7033 8863
5770 3879
9865 9919
6325 7374
1500 3626
2042 781
8217 458
4416 3645
3192 2385
6774 1940
3976 3933
1812 8646
1130 5438
4084 7966
1490 3648
781 7698
7681 1004
8771 1729
15 6753
9996 4756
1235 6335
7347 8059
2104 187
7053 2571
2045 1068
3651 1665
9811 4768
2780 2419
6294 9558
67 8170
3601 2785
6030 4908
3319 5840
5874 1896
8869 5989
9147 5765
9535 1987
2976 3090
8290 5201
225 7341
6233 3527
6048 248
7514 7559
394 2407
8010 1072
4191 6154
3351 1670
5150 6966
147 3866
1221 6153
2001 7414
6801 3670
6583 3494
1641 3370
729 6791
3430 118
353 3954
2632 5399
9377 4354
8453 3820
9597 4642
12 8185
6882 7577
6345 3809
4998 3379
7861 4750
8327 151
3023 5455
1895 2474
8628 4108
3885 7979
767 7674
6058 8633
4520 1352
2402 1876
753 4304
7092 1617
8489 5258
4023 1352
2740 28
5634 3236
2777 9108
2583 536
1257 2257
6955 9231
2152 6641
4119 6943
9438 1524
1427 535
6456 4494
1975 6377
1839 9071
8835 1626
5577 3738
9240 1840
6828 2704
9255 6610
7350 173
9282 9447
9724 7405
4753 6461
9094 6841
8151 3816
72 7869
9428 3646
4788 101
2688 7550
7863 7555
3214 4474
4539 7235
9159 521
9434 8019
5310 7196
2461 1820
667 1978
4805 7686
4629 6749
85 1085
4122 1982
4660 5917
3709 1790
225 5072
7453 1787
602 1405
209 5101
7851 4314
7701 8707
4229 1631
7307 6282
9211 3967
498 6254
6144 783
2477 570
1922 1857
8989 7615
5634 3298
1632 8748
4512 1999
1648 7025
252 6373
5970 8140
2825 6307
1213 5345
4612 753
4008 2970
3406 4306
9086 4695
1428 7873
7927 4297
568 3826
5718 2297
516 2712
3257 4025
5706 3140
5160 7889
7371 3108
6382 8513
6696 1865
7366 4659
8798 655
4509 5463
7492 986
4493 6371
3928 5361
5129 2691
2641 4034
9174 1030
7755 4076
5851 9045
8646 7371
4625 4429
5281 5447
4242 3247
6048 1224
5100 661
640 9618
7037 1371
147 354
1848 6783
5035 945
841 4863
192 9974
4585 3707
8698 2518
2318 1972
4647 3006
3279 4765
8447 1175
6868 7501
7125 2359
2863 2741
6920 5411
7351 1147
8617 8233
8992 4182
3358 9989
8063 3923
4374 2754
1505 4327
1577 5388
3093 5087
7573 9833
9788 3326
4796 4383
8735 8751
5461 9317
2040 3708
668 7073
87 8374
9623 2358
4083 3504
5549 3056
9366 4487
5503 6075
5497 7510
1800 4319
6731 3239
5390 2041
6675 452
2948 3089
4173 5349
3392 2107
1614 6265
228 9700
4810 9302
2763 2019
2670 5075
4612 8629
2853 9559
3296 2334
3029 8261
6674 1187
9111 453
8620 8568
1188 1773
6759 621
163 3754
6243 8655
8046 6402
9933 2243
1094 5473
9674 4983
316 6743
5724 349
7302 3812
6074 934
7249 8509
9592 1212
7837 1312
5656 4842
1554 9013
6058 7856
1409 1360
9465 1986
2615 7832
9730 3915
3275 4815
2928 6964
5902 9072
3974 7259
1735 4597
274 5291
3375 9543
9394 6693
4546 9423
2473 4718
4183 8781
5385 5301
6377 8562
8524 645
490 1446
9902 7890
4502 4975
4382 9369
9126 8133
99 1228
9944 4398
5445 3119
8441 6100
465 7492
4626 2945
5320 5677
4051 2336
7544 9874
2153 9443
4731 1153
9902 2021
7077 8633
2909 3073
4631 4361
3317 1111
8096 8049
4643 4974
4083 5117
4548 2388
2012 7333
2072 7488
7211 5563
231 55
6919 3243
2594 4494
8160 8589
8427 5008
7836 7765
4989 914
5833 7306
6009 4582
3056 7826
1226 3291
1247 7653
6183 817
2490 7413
5041 9645
7018 5169
5081 7864
4470 4459
4794 9143
386 7590
2874 942
8769 4915
9782 9209
9096 6729
5966 3554
6644 9305
1248 685
4411 7635
5139 4130
6182 9560
150 5366
3290 788
6359 9274
6160 4847
7013 1942
3188 8769
790 2838
1969 3189
9053 6593
9311 2567
3941 2554
834 4370
7964 4196
8179 6337
3698 6564
7774 1090
918 5654
6073 1824
4262 9528
8709 6479
8662 4839
2861 8217
2183 4722
8238 7632
5667 6108
848 2723
261 453
5637 1211
1691 3106
7566 5800
561 6792
3957 1241
5771 2298
387 7754
6934 2734
689 4682
5486 173
4245 5046
1107 7264
2496 5657
2515 9052
7119 8526
6035 3784
4949 1976
1853 9388
5121 3328
2713 1010
5484 5911
7807 3188
9787 2945
4828 3388
5152 1750
2593 3549
663 3580
7163 7385
6905 1261
5977 7213
8597 390
2566 969
6464 7361
9649 1961
8425 2459
8842 7329
2534 5603
6258 6009
5378 9339
3317 2702
6039 8090
9924 7425
5476 8337
8264 3983
8666 6306
3676 1186
1309 2922
8262 6876
6245 5258
8912 8248
2370 1376
1038 8510
9470 377
8023 867
7085 7746
5031 4422
1363 3640
8958 3845
3423 8607
5864 2914
2481 4152
5570 7951
7222 2480
394 7153
2004 467
2307 7175
5955 1393
9462 4714
6466 6913
8283 3248
8889 3283
9613 412
8467 2947
8073 7847
528 5748
367 8638
1045 2371
1702 5317
207 1031
2745 1373
7163 2446
8653 9151
1978 7471
9939 7156
8331 5780
2525 5322
5372 9999
9381 4529
5588 510
3905 5943
1131 768
95 1746
8517 921
1228 3512
4344 1552
2447 4235
3586 8141
1393 2548
2522 2058
756 3828
7784 1135
4679 8161
4216 3115
2844 624
9654 3831
7598 1619
7929 1970
1713 5539
5697 4208
9351 3733
3690 2040
181 7949
3318 6168
9486 9409
327 2111
7612 6937
8718 4047
4789 1033
5615 7635
6948 3289
2432 9029
6458 7972
8157 9972
251 1327
7086 2887
5567 4401
5406 7924
7566 1023
8741 1545
7270 4131
4251 8965
2289 2014
5081 9540
3467 8819
4068 6973
3429 3331
71 9257
4737 435
7284 2175
7403 9545
4416 4961
6482 3360
2760 1039
2772 8210
625 1326
8038 4576
9066 5464
6176 5273
9955 6534
8317 1578
5466 8850
4359 9868
9103 7560
7087 2205
4138 6675
8025 2520
7517 4963
9851 9749
5268 3674
8788 4239
3507 6558
1614 2297
1991 5185
7649 1740
883 6983
8673 1450
3952 3616
4958 5475
1633 4952
39 4114
3387 428
5792 7628
7123 9951
4353 3368
5853 5905
1269 1363
1574 4408
8947 6605
1893 6644
5122 3085
1772 7217
6171 3424
4476 7890
4452 186
7538 9281
5868 4811
4348 2581
8499 7848
7465 747
4112 274
768 7945
639 3685
6709 2391
3389 7070
297 4942
9503 6500
5032 8088
8026 9600
6864 8716
195 5542
9813 7340
2999 4972
5868 4515
9694 8491
6437 9328
6954 3417
3188 671
3226 8561
9984 356
4194 8568
7499 8920
1709 9320
6992 6485
2148 1823
4347 6096
5724 2382
9946 878
4508 2275
9412 295
6675 181
8263 6328
252 9081
6660 4910
3515 426
119 8568
5436 5699
726 1442
7714 6448
275 3212
2638 6897
5489 4498
5026 7804
6397 8967
7691 6437
7434 7154
2484 7139
1213 3132
8863 3345
4758 8812
8755 9192
8471 5314
7289 7826
2617 5535
1096 5907
9622 8955
809 6511
3287 8053
6346 3214
4153 9135
3699 5188
9149 9028
3397 4534
168 4725
3317 6321
7578 5388
7571 7151
4854 9045
7342 7713
3221 9726
7197 2538
6501 3063
9977 8796
5034 936
8285 1094
9797 2404
4202 1187
1995 9862
6589 893
2710 6533
6552 2654
2670 2799
3858 9178
6812 5419
1898 2080
3052 6773
