800 63 400 7 950
22 10 19 4 40 25 1 11 1 29 20 11 1 1 10 9 21 11 18 12 11 9 4 15 10 27 26 9 13 2 12 1 10 1 19 11 19 7 4 2 1 2 3 2 31 25 6 19 44 12 1 14 8 8 16 3 9 32 14 22 10 9 21
1824 2382 868 1426
1532 2322 9320 10000
9492 10000 7756 8419
1133 1987 0 610
8623 8707 640 724
6353 6488 7381 7516
7288 8166 221 1099
5643 6504 4839 5700
9329 10000 9412 10000
1465 1774 2639 2948
9590 9689 7265 7364
9155 9852 5815 6512
5446 6308 1422 2284
9114 9798 6005 6689
1424 1875 409 860
3041 3362 6340 6661
5071 5939 7559 8427
470 951 8588 9069
4855 5553 0 243
9549 10000 5506 6003
3322 3439 30 147
9778 10000 8089 8352
8762 9091 5002 5331
0 658 9217 10000
3715 3730 4678 4693
4181 4940 7346 8105
6640 6652 2479 2491
4121 4192 272 343
5177 5956 1685 2464
5230 5578 1008 1356
6978 7654 3307 3983
9083 9770 2375 3062
6703 7247 6407 6951
2058 2556 6392 6890
9062 9182 2346 2466
109 877 4125 4893
616 1279 8502 9165
3756 4365 3846 4455
2069 2143 8746 8820
132 1054 562 1484
6558 6814 9022 9278
3921 4053 3779 3911
9501 10000 4123 4948
7294 7747 7790 8243
5261 5600 9110 9449
3533 3548 5883 5898
8069 8519 5499 5949
4979 5538 2446 3005
3727 3920 1817 2010
1493 2288 6753 7548
1019 1102 994 1077
4774 4829 7612 7667
1148 1250 9865 9967
2495 3161 6887 7553
6357 6835 794 1272
3884 4095 3030 3241
7455 7461 3731 3737
7995 8922 2065 2992
6662 6801 4994 5133
2224 2750 2211 2737
4269 4663 2071 2465
5146 5810 9264 9928
3756 4079 1009 1332
6454 6774 5447 5767
6140 6703 6449 7012
4579 4681 2770 2872
8913 9074 1430 1591
8754 9637 3395 4278
3088 3700 3601 4213
2127 2535 7258 7666
1278 1783 2821 3326
5299 6138 6457 7296
1999 2826 4409 5236
7505 8033 3426 3954
8543 9483 345 1285
6766 7194 106 534
0 187 9877 10000
2029 2094 2497 2562
9 313 5486 5790
2870 3419 6725 7274
204 559 4458 4813
8039 8217 3939 4117
4913 5003 306 396
3053 3826 9000 9773
11 153 5774 5916
6230 6621 8045 8436
4162 4273 1268 1379
486 677 4757 4948
3555 4112 227 784
3198 3611 5040 5453
1229 1592 8031 8394
5471 5561 5888 5978
4587 5263 2977 3653
1990 2558 2112 2680
578 804 8133 8359
1340 1566 4163 4389
485 828 8308 8651
4096 4968 1707 2579
4059 4891 2719 3551
2199 2827 3616 4244
810 959 3158 3307
7977 8271 4054 4348
670 792 4260 4382
0 802 8920 9847
356 715 8113 8472
2600 2731 3709 3840
2649 2810 7931 8092
5325 6230 4185 5090
3546 3992 3798 4244
6226 6418 1487 1679
8864 9349 1566 2051
2244 2594 2004 2354
5340 5380 8903 8943
9777 9941 4368 4532
4551 5246 5502 6197
2665 2887 5638 5860
5570 6030 6411 6871
2066 2976 6194 7104
7446 8084 1503 2141
3644 4580 6311 7247
9124 9449 4603 4928
8458 8920 808 1270
8516 9312 8165 8961
912 1207 7663 7958
6384 6826 1371 1813
9895 10000 6279 6962
4196 4585 4896 5285
2829 2873 456 500
5254 5774 4151 4671
4150 4278 5252 5380
1260 1678 4194 4612
1401 2012 8537 9148
9004 9665 6694 7355
0 223 3082 3913
7574 8459 6275 7160
1670 2394 4824 5548
2862 3066 6875 7079
3591 4326 5834 6569
7456 8298 1343 2185
4065 4780 2245 2960
8371 8965 0 481
3120 3605 5393 5878
5805 6114 2716 3025
6959 7088 4633 4762
9123 9273 9808 9958
2937 3845 8680 9588
9682 9816 3154 3288
4581 5152 8204 8775
3702 4046 8122 8466
5940 6032 9181 9273
9080 9100 6488 6508
6773 7346 6658 7231
5428 6049 5893 6514
303 556 4148 4401
8482 8711 4486 4715
7733 8543 9370 10000
2371 2479 6102 6210
1925 2538 8054 8667
5103 5908 6232 7037
9791 10000 620 850
7305 8143 5174 6012
273 1223 931 1881
3016 3404 7218 7606
6773 7065 3740 4032
2198 3059 116 977
3147 3755 3480 4088
943 1757 1748 2562
8521 9131 3778 4388
9025 9944 604 1523
8642 9164 5262 5784
9239 9479 8826 9066
4125 4499 9318 9692
1057 1564 2179 2686
1402 1966 6051 6615
7801 8492 9797 10000
2885 3540 3938 4593
1240 2039 2073 2872
2922 3446 2859 3383
388 656 2254 2522
6172 6557 9786 10000
1747 2464 7889 8606
6239 6328 6190 6279
7058 7735 6980 7657
6865 7227 1205 1567
2824 3315 534 1025
5100 5458 5824 6182
0 137 7160 7561
1786 2070 7340 7624
3116 3674 9333 9891
6905 7712 4773 5580
1612 2063 4203 4654
4853 5060 4514 4721
3514 4406 5181 6073
454 859 2033 2438
9664 9948 3057 3341
902 1683 7321 8102
7261 7965 4537 5241
9691 9727 6115 6151
6820 6843 6524 6547
6282 6676 2925 3319
4296 4928 8575 9207
6226 7076 5334 6184
583 808 2829 3054
3807 4456 8561 9210
6213 6973 5402 6162
5078 5706 2806 3434
2393 3049 4826 5482
0 575 2971 3579
3377 4135 6336 7094
9242 9529 8435 8722
8952 9863 6554 7465
2157 3037 0 588
2501 2795 4315 4609
9601 9714 9899 10000
8576 9145 789 1358
1079 1974 1688 2583
5203 6099 7081 7977
7142 7663 4427 4948
140 381 2323 2564
5033 5791 1534 2292
7697 7974 7638 7915
1058 1405 6163 6510
0 356 804 1178
4560 5105 4444 4989
2305 2460 8576 8731
9747 9755 8046 8054
7427 7643 7243 7459
3034 3926 8892 9784
7415 7971 5281 5837
6083 6168 4488 4573
4066 4798 5100 5832
553 1393 3411 4251
3510 4339 0 696
2430 2648 6391 6609
4381 5071 5987 6677
3485 4314 1720 2549
3952 4467 6475 6990
8057 8122 3338 3403
2430 2901 1142 1613
3915 4422 7576 8083
7864 8677 5348 6161
6432 6634 6033 6235
8515 8707 5816 6008
7392 8128 2120 2856
5132 5608 748 1224
2436 2730 2956 3250
8908 9280 8052 8424
3114 3733 4573 5192
665 758 4300 4393
1480 2236 3853 4609
9051 9714 3589 4252
1054 1301 8768 9015
6490 6570 3128 3208
7247 7802 9037 9592
3642 3677 5719 5754
721 1532 260 1071
3244 4165 5675 6596
8372 8438 5209 5275
8595 9048 5368 5821
0 412 6132 6700
660 700 696 736
3118 4058 2045 2985
4870 5739 8565 9434
540 1461 6612 7533
3025 3327 1671 1973
5340 6111 1024 1795
3896 4455 9033 9592
6932 7217 697 982
1945 2485 9315 9855
9058 9660 2015 2617
0 470 1364 2065
1203 2004 4668 5469
5453 5472 572 591
0 381 4102 4661
495 1206 1125 1836
1565 1873 7329 7637
9125 9879 1702 2456
1378 1771 8508 8901
6825 7333 444 952
6581 6771 4238 4428
2038 2157 6472 6591
8097 8173 6799 6875
8256 8714 2892 3350
3966 4420 6600 7054
1474 2318 5912 6756
8851 9461 6483 7093
8079 8488 3429 3838
8839 9210 5798 6169
1857 2490 4394 5027
4341 4581 1275 1515
9227 9964 8216 8953
2005 2487 273 755
2211 2727 4188 4704
9167 10000 8829 9718
9779 10000 2150 2930
628 1541 0 792
7854 8185 5562 5893
5304 5950 6505 7151
6984 7410 4174 4600
5031 5093 3333 3395
1516 1805 7234 7523
5993 6691 5183 5881
0 542 5101 5658
6807 7211 4506 4910
2113 2776 7017 7680
1562 2207 9706 10000
2883 3568 5247 5932
6871 7411 7317 7857
7757 8624 8875 9742
6545 6592 3825 3872
7963 8499 5675 6211
2340 3059 5458 6177
9813 10000 2636 2885
7562 8245 3239 3922
2891 3011 7236 7356
7173 8006 109 942
475 657 2691 2873
9838 10000 7318 8129
563 960 112 509
3411 3614 1075 1278
924 1819 5803 6698
180 914 1447 2181
2805 3085 2325 2605
3130 3600 2393 2863
226 1093 536 1403
5732 5828 1598 1694
7703 7819 2276 2392
8882 9297 3406 3821
506 1153 7232 7879
9611 9697 7007 7093
4581 5525 6426 7370
1051 1485 2701 3135
5559 6502 6989 7932
7109 7337 2686 2914
7748 7939 3023 3214
7038 7381 3618 3961
7359 7542 2581 2764
1249 2097 3137 3985
0 399 7850 8400
4441 4719 6170 6448
5602 5695 3753 3846
6018 6961 6853 7796
1520 2071 2006 2557
2930 3776 58 904
0 520 0 581
8797 8869 8383 8455
1760 2277 2705 3222
8997 9095 2386 2484
5704 5779 3647 3722
2011 2786 4165 4940
2194 2533 5278 5617
4506 5284 2881 3659
6756 7193 906 1343
3215 3244 4605 4634
4847 5106 4684 4943
1940 2294 5129 5483
9184 9993 2615 3424
657 1547 1742 2632
284 714 9567 9997
3050 3411 9627 9988
1360 1407 5644 5691
3898 4521 3408 4031
6354 6461 2239 2346
5408 6062 4060 4714
5244 6140 0 705
8188 8567 5926 6305
6630 7515 1161 2046
7230 7622 8096 8488
3409 3672 3910 4173
6452 6786 5018 5352
4587 4774 4133 4320
444 1209 561 1326
8013 8839 1869 2695
4207 4475 4108 4376
3122 3923 314 1115
1746 2575 180 1009
7772 8074 216 518
6552 6556 3669 3673
8540 8771 5953 6184
9048 9500 5477 5929
1212 1796 3380 3964
249 314 1217 1282
7246 7940 266 960
8504 8842 8031 8369
2815 3629 1458 2272
100 621 866 1387
5950 6705 5485 6240
7446 8356 65 975
9256 9986 6209 6939
5646 6088 7943 8385
8601 9461 5652 6512
3093 3812 6219 6938
1268 1899 5986 6617
3250 4136 6427 7313
1579 1781 3557 3759
2685 2776 6749 6840
5357 5707 7468 7818
2839 2886 3986 4033
2443 2568 9607 9732
5192 5931 4737 5476
4196 4670 4397 4871
5867 6751 3832 4716
4368 4887 1455 1974
5117 5565 3442 3890
871 1603 8122 8854
2392 2812 6821 7241
88 412 304 628
5073 5231 712 870
7519 8271 8057 8809
2188 2882 3920 4614
2373 2547 8170 8344
8791 9622 8438 9269
6712 7401 8808 9497
1638 2528 3953 4843
5276 5606 8931 9261
5451 5506 5431 5486
8127 8655 1854 2382
9381 9887 7110 7616
3822 4078 8165 8421
2634 2993 8864 9223
1360 1922 1883 2445
7945 8786 3141 3982
5735 6471 6237 6973
1475 2368 5847 6740
2714 3380 708 1374
2510 3101 8816 9407
2215 2799 1229 1813
4583 4727 2662 2806
1598 2539 4495 5436
185 782 4542 5139
2644 2729 2907 2992
2300 2978 654 1332
3240 3904 0 254
641 1348 6104 6811
6123 6421 149 447
2410 2936 1707 2233
712 1028 777 1093
3278 3743 6967 7432
2618 3394 9489 10000
1104 1227 7398 7521
1696 1931 4841 5076
6763 7018 3448 3703
5112 5590 5742 6220
1171 1276 2165 2270
8034 8819 7228 8013
6538 6934 6144 6540
1591 2281 5754 6444
1965 2663 2571 3269
2553 3397 7363 8207
0 235 9500 9865
4765 5557 8581 9373
5930 6756 4822 5648
781 1326 3005 3550
6143 6383 6192 6432
9191 9228 8665 8702
2438 3085 3071 3718
3544 3712 2710 2878
5173 5886 1130 1843
1778 2668 2376 3266
679 1513 933 1767
2846 3297 9230 9681
8494 8799 4415 4720
3741 4470 697 1426
9042 9455 5509 5922
1092 1418 1830 2156
1949 2129 2380 2560
5124 5984 3677 4537
9124 9688 4710 5274
3859 4758 2405 3304
5716 6243 6055 6582
4675 5333 6461 7119
3890 4526 7655 8291
2927 3131 1285 1489
7547 8396 2318 3167
8640 8742 1112 1214
4655 5277 7607 8229
3258 3862 2647 3251
1866 1986 5567 5687
7697 8243 9378 9924
8616 9112 1371 1867
1070 1712 7609 8251
5481 6412 6554 7485
81 481 9730 10000
3520 3522 9694 9696
4629 4987 3401 3759
9366 10000 4406 5222
2059 2489 7854 8284
0 616 5237 5882
4483 5151 1039 1707
530 1055 9314 9839
5556 5941 8569 8954
3998 4532 2819 3353
5674 5691 6010 6027
532 1364 3333 4165
6078 6079 1964 1965
9673 10000 6867 7230
0 787 2264 3207
9311 9584 6941 7214
2939 3152 4526 4739
8848 9546 9015 9713
9172 9373 9117 9318
332 1015 6207 6890
4483 5393 5511 6421
9324 9796 3843 4315
3053 3230 9264 9441
7270 8196 6950 7876
7750 8663 1604 2517
2295 3145 63 913
3239 4005 5673 6439
5168 6020 1595 2447
6126 6872 606 1352
1336 2135 5178 5977
3433 3516 7605 7688
3252 3706 922 1376
8293 8648 3732 4087
8615 8913 5226 5524
2815 3674 3341 4200
4731 5060 5033 5362
5557 5768 0 190
2588 2611 350 373
236 718 2495 2977
3451 3936 5371 5856
7979 8699 6540 7260
5434 5983 6821 7370
3853 4051 8784 8982
5546 5942 5285 5681
3518 4104 9593 10000
2278 2618 9387 9727
0 273 5492 6055
4869 4997 8520 8648
2228 2990 1861 2623
833 1021 7961 8149
7358 7567 1538 1747
8372 9166 3272 4066
9346 9411 5278 5343
396 1290 5707 6601
8017 8734 7552 8269
2636 2985 3287 3636
1951 2658 5219 5926
8326 9237 8920 9831
8463 9037 9401 9975
2694 3124 347 777
368 541 8627 8800
4294 5063 8532 9301
3310 3554 3877 4121
9329 9350 757 778
6405 6598 2919 3112
4592 5051 0 182
4436 4909 0 307
3582 4417 7861 8696
7233 8017 5379 6163
9174 9798 2923 3547
7892 8817 7692 8617
3905 4048 6634 6777
4158 4398 1534 1774
9306 9578 6417 6689
6169 6653 7399 7883
1924 1996 6876 6948
7954 8391 8712 9149
6995 7659 2495 3159
0 333 3212 3566
5635 5749 9319 9433
5869 6469 8749 9349
7734 8651 2262 3179
8720 9335 5333 5948
122 205 6178 6261
442 799 4416 4773
7994 8045 4365 4416
4002 4628 1806 2432
6895 7537 5965 6607
7243 7617 9954 10000
7255 7614 5624 5983
101 337 7397 7633
3097 3847 4807 5557
1299 1406 7173 7280
4547 5480 4275 5208
6284 6376 5320 5412
3638 4588 4347 5297
1674 2135 2970 3431
2009 2900 0 873
4620 4948 8075 8403
378 1302 475 1399
1015 1598 5113 5696
7104 7799 2994 3689
2308 2320 9346 9358
2669 2929 5065 5325
8264 8988 9180 9904
3683 4093 8053 8463
1289 2105 4620 5436
105 511 6965 7371
1503 2137 9308 9942
5378 5823 8191 8636
2354 2465 1490 1601
9429 10000 2380 3263
7980 8746 4239 5005
773 1222 6930 7379
9003 9321 5695 6013
8848 9019 9467 9638
2570 2673 1987 2090
1104 1541 8704 9141
6197 6400 1645 1848
9238 9900 8825 9487
2225 2683 752 1210
5457 5874 7045 7462
6059 6611 1834 2386
7652 8399 1880 2627
1871 2652 4112 4893
1915 2234 6467 6786
3397 3814 6427 6844
5892 6050 945 1103
4147 4449 1704 2006
8526 9406 5818 6698
3394 4211 1186 2003
4991 5032 4369 4410
5654 6370 1260 1976
61 141 9190 9270
4250 4744 8921 9415
9355 9573 8952 9170
4900 5264 2493 2857
881 1621 3927 4667
1887 2497 155 765
8273 9167 1056 1950
1914 2455 4348 4889
6610 6800 368 558
4542 4592 1066 1116
7089 7387 6014 6312
5760 6173 3628 4041
5210 6015 8553 9358
6304 6795 8016 8507
6788 7613 4721 5546
5539 5746 4243 4450
2536 2621 4776 4861
7157 7786 6903 7532
108 230 210 332
5535 6121 6231 6817
790 1349 9500 10000
1340 2181 6093 6934
38 275 2533 2770
2414 3152 7515 8253
846 1634 1711 2499
7910 8056 7502 7648
7421 7840 4299 4718
2736 3509 5510 6283
5794 5838 9710 9754
9081 9513 2883 3315
3220 3753 3870 4403
6122 6770 4561 5209
5694 6173 6855 7334
5202 5619 7665 8082
5783 5834 3078 3129
1979 2467 831 1319
6294 7002 4938 5646
1727 2363 4913 5549
3504 4160 7833 8489
7649 7657 1443 1451
682 1441 1157 1916
2664 2957 3034 3327
0 298 3763 4102
7025 7213 2930 3118
8314 8626 1341 1653
8235 8836 4074 4675
8817 9533 2831 3547
6444 7274 5936 6766
9466 9913 5134 5581
2490 3294 979 1783
3355 3908 301 854
6556 7229 5708 6381
7527 8156 8230 8859
2826 3225 9403 9802
344 949 5913 6518
3273 3520 6497 6744
3675 4195 9396 9916
1381 2077 9007 9703
2618 2912 7856 8150
1047 1224 8155 8332
0 654 9455 10000
6259 6674 5856 6271
1129 1148 3328 3347
7890 7998 8343 8451
9553 10000 4935 5748
4468 4792 9930 10000
5308 5875 4405 4972
893 1832 2596 3535
9638 9778 9774 9914
168 929 7769 8530
830 977 3696 3843
5271 5472 5809 6010
0 486 610 1122
3983 4860 7888 8765
7475 7689 2257 2471
5540 5852 1101 1413
244 382 4670 4808
2377 2433 6937 6993
4290 4767 3273 3750
6268 6748 3982 4462
2039 2867 876 1704
3822 4608 9580 10000
4992 5323 2252 2583
1336 1983 803 1450
9553 10000 432 947
6510 6846 5169 5505
5283 5897 4399 5013
8515 8930 6636 7051
3728 4336 7482 8090
7829 8310 4584 5065
8253 8810 791 1348
9849 9864 795 810
739 1037 5034 5332
1678 2451 3723 4496
1903 2532 4159 4788
1430 1485 3181 3236
1988 2074 7338 7424
9503 9854 8579 8930
1959 2740 4948 5729
783 1164 1485 1866
8666 8714 2893 2941
3491 4217 3537 4263
7256 7467 8453 8664
7800 8725 3923 4848
8941 9769 2199 3027
5589 5715 3452 3578
6887 7100 3852 4065
7182 7782 6218 6818
6367 7038 2527 3198
8623 8810 4232 4419
1469 1479 3822 3832
3432 3462 3667 3697
8804 9182 1264 1642
3938 4503 3483 4048
4334 4591 7162 7419
4723 4935 4587 4799
709 1122 6364 6777
2043 2723 5746 6426
3838 4246 3337 3745
477 731 1612 1866
6167 6651 6842 7326
2499 3093 5399 5993
4907 4927 4304 4324
5698 6520 3086 3908
1145 1550 3604 4009
8995 9567 1520 2092
5205 5961 1417 2173
5457 6371 2952 3866
3071 3478 9506 9913
6112 6368 7942 8198
8716 9427 2539 3250
8896 9566 8584 9254
7336 7378 7785 7827
8154 9089 6114 7049
1005 1379 3625 3999
9173 9233 248 308
9773 10000 1931 2443
4362 5143 3956 4737
823 984 7774 7935
6859 7786 8349 9276
2410 3035 1257 1882
5663 5779 3488 3604
9217 9764 1400 1947
7300 7744 6055 6499
2678 3437 6250 7009
3810 4582 6048 6820
8634 8928 3331 3625
973 1637 2506 3170
7113 7737 801 1425
6511 6696 4740 4925
6231 6810 6707 7286
7730 7736 5706 5712
177 438 2035 2296
1962 2587 7405 8030
6228 6862 3370 4004
2530 2950 2138 2558
4761 5051 6808 7098
2328 3125 5730 6527
688 1180 8467 8959
2324 2836 5332 5844
2435 2784 1620 1969
7163 7536 3490 3863
4309 5110 1375 2176
1409 2294 3236 4121
4712 5112 4797 5197
6760 7377 5413 6030
5745 6317 1625 2197
8583 9026 6783 7226
457 502 160 205
8499 8706 2800 3007
1029 1428 8192 8591
7134 7702 752 1320
9648 10000 7688 8111
2785 3635 8657 9507
5943 6263 4932 5252
8717 8783 3823 3889
7215 7565 1757 2107
3797 4005 8954 9162
787 847 9050 9110
1869 2201 4798 5130
1421 2089 7408 8076
108 1014 3060 3966
3321 4066 5795 6540
8354 8421 9247 9314
546 661 536 651
2091 1373
2288 9841
9741 7810
1912 592
8703 671
6480 7453
7784 1084
6333 4889
9412 9774
1673 2857
9623 7287
9250 6121
5620 1530
9311 6518
1836 631
3053 6554
5360 8097
775 8724
4876 239
9785 5673
3335 117
9785 8170
8886 5080
475 9730
3724 4684
4710 7942
6643 2480
4149 322
5952 1909
5435 1011
7532 3429
9194 2766
6738 6571
2452 6829
9134 2453
479 4785
920 9077
4063 3874
2106 8795
1011 1388
6587 9066
4025 3861
9852 4158
7353 7847
5415 9414
3539 5895
8249 5730
5330 2683
3811 1873
1788 6785
1081 1015
4786 7656
1222 9924
2658 7482
6462 1257
3955 3200
7461 3734
8913 2173
6697 5075
2430 2366
4293 2251
5763 9552
3973 1014
6552 5485
6274 6490
4625 2811
8914 1496
9285 4109
3187 3619
2138 7491
1766 3257
5656 7056
2273 4934
7904 3901
8566 493
6862 475
108 9999
2062 2507
166 5786
3234 7246
340 4665
8196 4108
4942 383
3687 9382
31 5828
6360 8195
4197 1368
538 4847
3899 515
3540 5335
1259 8187
5548 5972
4697 3642
2329 2313
643 8212
1545 4214
674 8529
4817 2413
4799 3199
2747 4033
949 3210
8070 4251
715 4261
753 9375
597 8424
2708 3744
2774 7977
5999 4526
3614 4008
6330 1587
8988 1825
2535 2187
5343 8926
9908 4399
5092 6140
2695 5833
5687 6766
2397 6728
7858 1607
3974 6831
9245 4719
8804 1058
9274 8755
1071 7872
6473 1485
9923 6701
4350 5154
2858 493
5744 4174
4188 5328
1540 4473
1723 8799
9144 6781
72 3271
8305 6526
2353 5395
3056 6887
4275 6324
8294 2115
4332 2550
8798 100
3271 5524
6071 2845
7038 4672
9263 9892
2939 8928
9809 3241
5105 8440
3719 8136
6022 9210
9084 6505
7003 7117
5499 6512
554 4350
8577 4542
8471 9700
2431 6107
2057 8397
5311 6951
9965 808
7599 5546
422 1780
3360 7344
6827 3996
2305 942
3719 3487
1092 2195
9078 4228
9925 865
9156 5711
9349 9022
4127 9627
1542 2643
1769 6199
8077 9903
3196 4209
1297 2719
3304 3366
450 2466
6242 9998
2424 8311
6255 6255
7155 7026
6989 1283
2995 684
5218 5918
32 7522
1882 7569
3553 9789
7603 4972
1741 4647
5009 4719
3652 5534
788 2098
9676 3273
1248 7421
7609 5189
9724 6147
6829 6542
6646 3024
4415 8929
7029 5415
607 2864
4086 8601
6400 5630
5586 2945
2979 5402
108 3005
3936 6642
9357 8567
9758 6930
2895 255
2578 4540
9710 9930
9047 1287
1718 2543
5638 7453
7438 4753
179 2324
5775 1565
7947 7751
1262 6275
43 1138
5013 4549
2310 8688
9749 8053
7452 7411
3111 9088
7509 5405
6168 4500
4428 5779
611 4094
3511 23
2606 6601
4622 6014
3912 2477
3991 6636
8070 3366
2840 1250
4283 7621
8237 5369
6508 6087
8664 5924
7875 2240
5479 907
2561 3039
8955 8321
3480 5048
750 4341
2137 3880
9258 3735
1279 8925
6565 3161
7247 9397
3664 5737
868 337
3522 6113
8390 5235
8627 5375
292 6323
691 696
3303 2088
5485 8838
1309 6859
3147 1876
5667 1077
3917 9433
7125 858
2413 9820
9078 2588
455 1735
1866 5226
5461 580
259 4117
1200 1579
1642 7413
9566 1928
1543 8528
7267 580
6615 4301
2154 6475
8133 6809
8625 3258
4006 6645
1725 6195
8968 6671
8473 3530
9172 6075
2089 4850
4361 1316
9748 8259
2462 735
2451 4495
9175 9480
9793 2854
1017 706
8114 5838
5486 7130
7354 4251
5079 3350
1585 7277
6475 5617
152 5244
6954 4710
2156 7032
1794 9774
3546 5607
7368 7500
8521 9684
6556 3855
8089 5751
2861 5953
9825 2664
8071 3528
2908 7306
7222 842
510 2858
9929 7868
712 257
3459 1127
1484 6625
710 1624
3017 2393
3537 2639
763 992
5766 1636
7759 2372
9101 3587
995 7315
9621 7073
4947 7108
1408 2963
5637 7148
7240 2867
7861 3074
7184 3812
7541 2598
1577 3318
51 8128
4568 6339
5673 3821
6556 7120
1567 2135
3587 569
262 209
8830 8435
2177 3020
9063 2434
5745 3670
2416 4445
2462 5435
4910 3205
7138 1266
3227 4631
4968 4854
2150 5169
9833 3362
1448 2141
512 9966
3289 9774
1402 5671
4383 3913
6373 2265
5614 4509
6129 193
8539 6304
7421 1652
7416 8480
3635 4173
6554 5123
4773 4282
463 709
8684 2333
4433 4112
3177 335
2328 769
7819 362
6556 3670
8564 6053
9329 5800
1557 3424
282 1231
7686 696
8551 8223
3173 1460
170 1112
6616 5714
7542 823
9303 6294
5693 8329
9330 6047
3276 6876
1729 6515
3879 6827
1628 3561
2760 6773
5504 7611
2879 4014
2532 9608
5299 5430
4386 4655
6687 3870
4588 1846
5231 3576
1385 8391
2579 6902
182 414
5120 722
7581 8742
2804 4324
2398 8212
9478 8589
6886 9299
1646 4313
5564 9072
5474 5443
8257 2035
9722 7339
3833 8401
2794 9210
1840 2124
8027 3338
6137 6626
1490 6611
2822 809
2520 9204
2412 1571
4642 2733
2221 5223
410 5005
2691 2919
2349 1019
3598 60
819 6700
6134 318
2779 1943
941 802
3712 7131
3226 9764
1194 7515
1905 4862
6843 3611
5391 6029
1232 2210
8177 7493
6850 6171
2211 5907
2618 3155
2989 8035
77 9748
4902 8980
6088 5292
1098 3122
6265 6219
9221 8677
2919 3131
3690 2843
5641 1403
2425 3080
1245 1603
3270 9516
8752 4448
4061 1090
9323 5567
1409 1962
2106 2394
5348 3924
9386 4865
3896 2819
5740 6344
4779 7103
4154 7698
2929 1341
7625 2844
8711 1208
5074 8215
3637 3241
1941 5665
8203 9424
9059 1595
1283 8024
5662 6767
191 9991
3521 9696
4968 3673
9372 4517
2251 7870
467 5302
4528 1388
652 9737
5611 8843
4070 3241
5687 6019
910 4017
6078 1964
9987 7177
435 3001
9456 7190
3031 4642
9241 9642
9186 9205
981 6648
4871 5588
9426 3847
3125 9369
8006 7588
8595 2141
2827 110
3437 5888
5809 1692
6844 705
1411 5512
3483 7660
3374 1311
8454 3939
8770 5423
3465 3915
4932 5310
5662 180
2592 353
267 2670
3833 5763
8184 6978
5864 7111
4032 8958
5882 5423
3633 9960
2566 9673
96 5730
4901 8641
2770 1876
889 8049
7521 1651
8757 3440
9360 5281
1242 6409
8391 7619
2643 3441
2206 5643
9146 9026
8606 9461
2932 605
524 8645
4957 8710
3418 3992
9348 769
6545 3025
4828 46
4500 1
3893 8285
7815 5929
9392 3533
8246 7807
3923 6649
4262 1669
9313 6653
6633 7405
1926 6916
8017 9007
7426 2697
225 3318
5661 9360
5960 8758
8517 2781
9215 5620
200 6217
610 4657
7994 4368
4012 2093
7342 5992
7569 9973
7398 5751
234 7512
3823 5108
1402 7186
5275 4298
6362 5389
4307 5168
1696 3402
2436 562
4922 8120
673 609
1080 5167
7207 3626
2310 9356
2741 5232
8946 9588
3957 8094
1764 4734
394 7280
2107 9802
5677 8388
2400 1518
9654 2945
8283 4442
817 6949
9005 5999
8893 9517
2665 2002
1307 8812
6314 1702
9291 8930
2310 1003
5486 7459
6162 2330
8163 2315
2633 4604
2086 6755
3444 6437
5967 1082
4186 1754
8907 6437
3667 1974
5025 4390
6064 1929
100 9209
4406 9114
9395 9085
5101 2820
1613 3975
2179 691
8942 1308
2019 4611
6682 432
4581 1106
7330 6122
5917 3923
5827 9171
6560 8057
6952 5096
5733 4426
2587 4818
7405 7337
131 221
6027 6668
1260 9792
1918 6122
275 2651
2952 7864
1542 2279
7914 7619
7808 4637
2780 6229
5828 9727
9463 2954
3334 3916
6507 4793
5900 7223
5443 7669
5811 3090
2423 1063
6933 5322
2246 5160
3520 8206
7656 1451
1189 1572
2664 3060
274 3771
7142 3092
8317 1500
8444 4476
9523 3031
6452 6185
9695 5245
2589 1411
3797 484
6614 6309
8146 8781
3088 9562
587 5920
3327 6719
3764 9605
1938 9445
2859 7933
1049 8293
376 9620
6555 5911
1145 3341
7912 8407
9746 5381
4529 9969
5702 4521
1620 2706
9725 9853
234 8251
957 3728
5360 5853
133 868
4550 8263
7653 2309
5649 1293
267 4805
2428 6975
4722 3554
6510 4394
2236 1105
4032 9704
5260 2280
1820 1141
9573 593
6568 5362
5645 4495
8623 7003
4117 7681
8231 4875
8425 1040
9849 807
921 5194
2217 3907
1994 4667
1478 3235
2026 7359
9545 8643
2021 5110
1108 1768
8673 2902
4044 3876
7293 8557
7994 4070
8955 2487
5643 3459
6974 3981
7549 6420
6524 2897
8787 4394
1475 3827
3453 3678
8835 1306
4493 3761
4445 7182
4859 4636
750 6709
2175 5810
4077 3353
520 1738
6266 7156
2923 5731
4911 4321
6254 3211
1152 3660
9026 1782
5285 1686
6303 3787
3402 9883
6168 8116
8753 2713
8976 8736
7368 7811
8214 6288
1064 3715
9211 250
9779 1987
4769 4545
873 7839
7396 8979
2577 1762
5775 3524
9560 1750
7570 6493
2789 6953
4340 6795
8687 3609
1545 2899
7675 1133
6561 4810
6656 7122
7734 5708
328 2236
2442 7839
6630 3674
2831 2184
4970 7078
2904 6215
694 8716
2496 5804
2668 1933
7350 3704
4793 1686
1667 3658
4930 4923
6946 5759
5979 1862
8644 7149
476 172
8630 2864
1133 8579
7251 1089
9705 7978
3283 9507
6218 5190
8745 3838
7469 1809
3798 9129
842 9109
2069 5031
1951 7779
351 3182
3493 6285
8409 9257
644 637
