1000 2961 10
48 97 58 95 34 14 99 29 79 37 16 6 92 69 44 17 81 46 5 66 5 20 20 82 41 7 95 60 30 32 86 96 72 82 57 86 52 88 95 12 99 64 30 60 21 26 64 65 84 36 73 72 24 46 81 4 26 32 6 13 80 79 27 32 98 72 36 16 21 88 52 28 97 46 44 42 18 58 31 41 30 29 32 65 22 24 46 13 59 3 20 88 72 86 46 99 67 59 31 89 91 82 31 40 3 63 89 92 2 7 2 27 20 93 89 11 33 30 76 81 38 52 13 58 17 25 65 15 34 18 90 6 43 76 40 26 71 58 89 86 10 48 36 76 80 9 39 83 22 3 52 70 70 67 71 40 72 34 68 3 65 25 25 3 3 97 82 94 92 42 82 13 91 33 25 54 93 85 69 14 65 20 89 28 59 91 39 25 38 81 12 6 1 58 91 5 73 59 62 41 92 1 53 96 41 50 90 87 76 88 99 32 37 43 55 44 52 33 90 53 50 51 24 25 75 97 17 78 84 28 3 91 11 29 3 60 49 51 11 40 16 76 16 21 64 8 37 18 63 21 67 62 68 82 18 60 74 41 49 85 67 58 100 54 17 86 27 41 54 88 7 75 5 16 89 40 90 45 88 52 71 12 66 82 43 69 9 89 91 74 49 43 3 60 86 45 71 10 19 26 95 74 77 65 10 98 47 83 99 1 85 46 22 95 66 83 50 80 6 81 57 2 43 68 62 32 13 66 36 40 97 100 70 33 96 21 87 69 95 82 52 10 46 65 42 90 64 61 12 79 47 29 49 50 72 92 67 33 79 39 27 64 1 2 43 28 39 48 20 78 77 47 79 44 43 39 76 61 69 49 63 76 87 30 94 80 89 11 92 64 38 98 61 80 88 89 81 17 37 18 85 31 64 88 10 26 100 35 27 38 87 41 49 81 43 58 64 5 74 37 57 57 36 59 87 30 8 16 20 62 100 40 44 49 100 95 63 22 48 60 82 66 89 3 2 89 98 7 17 65 30 20 92 18 84 60 57 13 47 49 96 70 57 30 95 80 61 91 70 12 34 81 93 31 85 10 33 49 51 41 14 41 38 41 77 77 19 69 90 14 21 10 40 96 95 97 89 49 4 25 79 3 18 38 60 38 26 9 40 44 59 38 75 94 35 21 53 15 18 59 71 57 26 43 87 93 22 97 55 30 3 97 64 24 5 97 81 69 71 85 21 11 72 51 92 83 93 54 79 93 52 32 4 86 91 19 84 9 85 93 92 92 71 5 23 87 50 63 3 99 23 79 64 3 57 51 92 96 26 6 7 19 4 57 66 92 10 73 11 19 1 69 41 42 28 34 33 71 21 57 96 68 25 78 29 31 7 38 36 97 43 93 55 44 81 51 36 32 66 59 52 8 96 83 100 24 100 85 21 19 13 59 62 58 33 69 27 15 19 74 30 90 76 46 79 31 38 65 83 6 23 88 42 11 80 3 75 49 47 91 54 80 16 65 46 37 73 69 88 78 28 77 23 57 60 37 86 24 63 46 25 87 2 38 29 8 8 14 37 20 42 32 8 41 10 77 23 36 93 96 89 62 32 3 63 57 51 7 79 5 13 6 59 99 37 99 32 30 85 34 30 90 88 38 2 39 55 28 45 14 53 78 76 27 21 17 59 15 3 73 85 30 54 91 21 74 91 5 90 7 64 27 6 27 12 55 73 36 76 36 18 33 38 73 68 25 71 67 83 28 78 17 27 27 80 93 99 9 14 72 25 95 64 65 76 24 88 100 43 29 18 79 69 99 44 78 19 90 40 76 38 69 10 28 99 14 32 28 91 1 76 87 46 30 11 24 97 69 20 24 73 54 70 59 87 32 24 4 30 99 18 61 23 74 80 78 40 8 62 64 36 28 96 20 51 52 73 55 51 34 44 91 61 40 62 61 79 6 36 27 81 94 47 6 57 37 52 18 65 32 22 55 42 57 30 70 25 90 34 83 27 76 3 21 82 75 73 24 85 100 61 97 59 59 89 12 79 84 74 29 8 47 96 62 53 79 69 30 23 84 42 97 19 46 30 31 68 8 67 91 85 90 5 16 58 92 70 20 90 45 8 6 93 82 82 75 60 11 65 30 100 90 22 97 61 92 24 67 53 96 49 19 62 67 92 29 67 3 12 31 46 13 90 73 92 72 17 27 36 99 10 37 35 53 17 83 52 77 29 70 52 47 18 50 96 11 61 74 35 56 58 31 76 77 82 59 82 12 56 39
0 36
0 183
0 232
0 282
0 296
0 920
1 259
1 556
1 573
1 597
1 761
1 907
2 91
2 180
2 253
2 526
2 639
2 903
2 968
2 985
3 141
3 161
3 197
3 284
3 317
3 648
3 919
4 123
4 531
4 668
4 749
4 869
4 981
5 85
5 248
5 326
5 361
5 495
5 932
6 836
6 841
6 914
6 916
7 34
7 327
7 645
7 669
7 828
8 207
8 465
8 578
8 850
8 938
9 509
9 557
9 620
9 624
9 873
10 177
10 397
10 783
10 789
10 826
10 878
11 268
11 786
11 868
11 893
12 24
12 87
12 475
12 853
12 950
12 999
13 79
13 467
13 596
13 709
13 762
13 921
14 242
14 300
14 656
14 898
14 960
15 225
15 275
15 605
15 822
15 882
16 76
16 370
16 428
16 519
16 576
16 785
17 23
17 381
17 391
17 416
18 139
18 277
18 330
18 627
18 909
19 403
19 461
19 708
19 857
19 876
20 245
20 306
20 527
20 546
20 937
20 983
21 90
21 376
21 604
21 818
21 840
22 291
22 307
22 338
22 466
22 800
22 895
23 381
23 391
23 479
23 603
23 757
24 475
24 734
24 845
24 853
25 94
25 161
25 317
25 705
25 795
25 935
26 520
26 523
26 636
26 733
26 790
26 837
27 182
27 363
27 415
27 610
27 736
27 832
28 42
28 237
28 340
28 421
28 478
28 652
29 290
29 668
29 869
29 981
29 998
30 436
30 446
30 500
30 728
30 943
30 946
31 70
31 113
31 256
31 334
31 380
31 460
31 582
32 261
32 278
32 286
32 360
32 553
32 633
32 814
33 43
33 60
33 263
33 382
33 402
33 673
33 740
34 51
34 87
34 327
34 475
34 734
34 828
35 377
35 461
35 634
35 791
35 877
35 951
36 85
36 183
36 355
36 463
36 653
36 920
37 179
37 418
37 538
37 643
37 775
37 887
37 964
37 986
38 355
38 463
38 613
38 768
38 852
39 149
39 427
39 506
39 900
39 934
39 942
40 188
40 294
40 537
40 641
40 718
40 813
40 927
41 207
41 408
41 551
41 747
41 953
42 119
42 328
42 478
42 529
42 652
43 60
43 196
43 342
43 740
43 819
44 110
44 259
44 602
44 742
44 922
45 72
45 497
45 627
45 753
45 829
46 127
46 383
46 531
46 696
46 745
47 83
47 445
47 447
47 838
47 905
48 279
48 329
48 493
48 820
48 908
49 233
49 345
49 375
49 490
49 659
49 693
50 644
50 682
50 683
50 862
50 888
51 466
51 588
51 695
51 734
51 828
51 895
52 81
52 192
52 403
52 776
52 824
52 893
53 63
53 185
53 388
53 595
53 803
54 238
54 387
54 711
54 850
54 926
54 949
55 325
55 434
55 640
55 723
55 870
55 889
56 171
56 298
56 454
56 481
56 512
57 208
57 292
57 554
57 616
57 686
58 303
58 459
58 569
58 611
58 629
58 697
58 925
59 424
59 427
59 628
59 910
59 942
59 971
60 196
60 673
60 685
60 808
61 106
61 143
61 215
61 760
61 848
61 989
62 156
62 262
62 543
62 559
62 714
62 799
62 956
63 185
63 381
63 388
63 395
63 437
63 479
63 591
64 213
64 219
64 730
64 847
65 299
65 309
65 376
65 408
65 953
66 122
66 238
66 344
66 963
67 282
67 432
67 539
67 761
67 774
67 980
68 164
68 229
68 333
68 438
68 670
68 884
68 936
69 330
69 590
69 627
69 700
69 829
70 131
70 334
70 349
70 488
70 582
71 141
71 247
71 371
71 442
71 637
71 890
72 111
72 277
72 362
72 627
72 753
72 782
73 295
73 390
73 449
73 568
73 874
73 941
74 127
74 190
74 383
74 657
74 676
74 706
74 952
75 80
75 86
75 125
75 170
75 583
75 606
75 717
76 195
76 370
76 428
76 534
76 766
77 86
77 346
77 561
77 717
77 913
78 89
78 397
78 763
78 861
78 878
78 899
79 547
79 596
79 741
79 762
80 170
80 606
80 672
80 982
80 990
81 192
81 252
81 339
81 378
81 552
81 824
82 100
82 287
82 496
82 660
82 974
83 348
83 484
83 513
83 658
83 838
83 905
84 178
84 429
84 554
84 642
84 861
84 917
85 463
85 495
85 653
85 932
86 561
86 583
86 717
87 327
87 475
87 669
87 689
87 950
88 283
88 419
88 504
88 587
88 667
88 879
89 397
89 462
89 763
89 789
89 888
90 230
90 567
90 604
90 840
91 253
91 441
91 452
91 615
91 903
92 151
92 193
92 219
92 759
92 825
92 993
93 161
93 247
93 260
93 419
93 448
93 504
93 577
93 637
93 705
94 677
94 705
94 732
94 931
94 935
95 104
95 314
95 476
95 514
95 594
95 963
96 204
96 209
96 295
96 390
96 707
96 715
96 820
97 310
97 533
97 545
97 678
97 911
97 918
97 929
98 137
98 195
98 249
98 540
98 626
98 766
99 435
99 605
99 822
99 854
99 892
100 118
100 412
100 496
100 731
100 974
101 260
101 504
101 587
101 883
101 890
101 978
102 103
102 134
102 188
102 525
102 650
103 117
103 134
103 188
103 201
103 224
103 331
104 314
104 325
104 368
104 434
104 514
104 598
105 218
105 245
105 306
105 499
105 839
105 891
106 169
106 215
106 494
106 760
106 777
106 785
106 871
107 268
107 369
107 395
107 459
107 547
107 591
107 595
107 741
108 133
108 172
108 222
108 470
108 536
108 691
108 720
108 955
109 271
109 484
109 509
109 557
109 833
109 846
110 259
110 573
110 922
111 362
111 782
111 839
111 864
112 300
112 436
112 501
112 580
112 748
112 957
112 960
112 988
113 380
113 460
113 473
113 954
114 443
114 473
114 518
114 569
114 611
114 801
114 977
115 208
115 354
115 619
115 724
115 856
115 875
116 394
116 519
116 562
116 574
116 865
116 928
117 134
117 272
117 331
117 699
117 742
118 144
118 412
118 422
118 496
118 812
118 983
119 328
119 389
119 529
119 555
119 659
119 992
120 133
120 145
120 190
120 536
120 563
120 706
120 751
120 851
121 155
121 301
121 572
121 631
121 897
122 344
122 671
122 816
122 963
123 313
123 343
123 728
123 749
123 981
124 411
124 417
124 664
124 823
124 880
125 170
125 196
125 241
125 717
126 129
126 132
126 217
126 502
126 670
126 746
126 915
126 967
127 383
127 531
127 749
127 952
128 510
128 565
128 667
128 896
128 930
128 998
129 132
129 221
129 353
129 625
129 714
129 799
129 811
129 915
130 456
130 600
130 632
130 696
130 745
130 872
130 944
131 349
131 406
131 488
131 549
131 561
131 606
131 672
132 353
132 502
133 470
133 536
133 851
134 525
134 699
135 147
135 212
135 332
135 384
135 701
135 743
135 906
135 996
136 169
136 447
136 658
136 703
136 760
136 905
137 226
137 249
137 682
137 766
138 166
138 309
138 320
138 321
138 439
138 444
139 193
139 330
139 362
139 759
139 909
139 993
140 294
140 301
140 564
140 635
140 641
140 718
140 897
141 197
141 247
141 284
141 442
142 234
142 235
142 453
142 498
142 612
142 623
142 712
142 779
143 271
143 484
143 658
143 760
143 848
144 189
144 210
144 287
144 422
144 546
144 586
144 983
145 563
145 600
145 696
145 706
146 227
146 536
146 563
146 867
146 944
147 198
147 212
147 332
147 491
148 298
148 322
148 410
148 512
148 601
148 674
148 894
149 506
149 566
149 584
149 589
149 765
149 900
150 154
150 248
150 326
150 361
150 560
150 947
151 219
151 257
151 590
151 759
151 969
152 483
152 619
152 770
152 994
153 201
153 272
153 274
153 331
153 451
153 621
153 844
154 248
154 457
154 495
154 505
154 541
154 560
155 288
155 424
155 506
155 572
155 628
155 631
156 262
156 364
156 468
156 799
156 915
156 967
157 163
157 228
157 515
157 540
157 779
157 987
158 229
158 234
158 333
158 401
158 712
159 160
159 266
159 365
159 409
159 617
159 713
160 373
160 409
160 507
160 617
160 729
161 197
161 247
161 317
161 705
162 267
162 443
162 611
162 688
162 697
163 195
163 205
163 359
163 503
163 534
163 540
163 779
164 229
164 670
164 746
164 827
165 244
165 280
165 581
165 656
165 719
166 207
166 309
166 439
166 578
166 953
167 276
167 464
167 476
167 671
167 806
167 816
168 211
168 464
168 574
168 655
168 806
168 817
169 379
169 576
169 703
169 760
169 785
170 241
170 281
170 990
171 254
171 270
171 481
171 512
172 423
172 450
172 716
172 720
172 804
172 955
173 290
173 663
173 869
173 872
173 917
174 202
174 293
174 661
174 679
174 694
175 553
175 675
175 736
175 814
176 342
176 592
176 609
176 793
176 819
176 975
177 357
177 663
177 704
177 826
177 878
178 400
178 429
178 554
178 616
178 945
179 493
179 707
179 820
179 887
179 986
180 452
180 636
180 639
180 903
181 558
181 571
181 587
181 879
181 978
182 305
182 415
182 798
182 832
183 202
183 282
183 293
183 355
184 478
184 529
184 530
184 722
184 738
185 437
185 460
185 473
185 608
185 803
185 958
186 264
186 308
186 323
186 579
186 609
187 386
187 469
187 532
187 548
187 794
187 940
188 224
188 537
188 650
188 904
188 927
189 287
189 586
189 660
189 962
189 970
190 614
190 676
190 706
190 719
190 751
191 192
191 339
191 356
191 585
191 876
191 995
192 339
192 403
192 876
193 759
193 993
194 278
194 335
194 545
194 809
194 939
194 965
195 534
195 540
195 766
196 241
196 269
196 489
196 717
196 793
196 808
196 819
197 247
198 212
198 320
198 491
198 996
199 336
199 429
199 654
199 744
199 945
200 261
200 286
200 317
200 521
200 795
200 834
201 224
201 236
201 331
201 844
201 927
202 293
202 355
202 371
202 613
202 661
203 305
203 544
203 570
203 605
203 798
203 832
204 367
204 390
204 707
204 986
205 394
205 503
205 534
205 948
206 539
206 550
206 556
206 597
206 702
207 578
207 747
207 850
207 953
208 292
208 616
208 724
208 875
209 274
209 621
209 715
209 820
209 908
210 235
210 324
210 546
210 586
210 612
211 276
211 464
211 655
211 665
212 996
213 225
213 350
213 386
213 532
213 730
213 847
213 882
214 216
214 411
214 666
214 764
214 880
215 462
215 871
215 989
216 516
216 521
216 666
216 750
216 764
216 809
216 939
217 220
217 468
217 670
217 936
217 967
218 306
218 527
218 839
218 864
219 257
219 730
219 825
219 847
220 372
220 425
220 468
220 497
220 884
220 936
221 625
221 714
221 855
221 956
222 227
222 536
222 691
222 708
222 876
222 995
223 284
223 405
223 457
223 541
223 648
223 768
223 852
224 927
225 350
225 727
225 822
225 882
226 494
226 682
226 766
226 843
226 871
227 356
227 536
227 867
227 995
228 341
228 351
228 498
228 515
228 802
228 987
229 333
229 401
229 802
229 827
230 407
230 567
230 698
230 840
230 870
231 654
231 683
231 772
231 860
231 862
232 282
232 296
232 702
233 273
233 431
233 490
233 555
233 659
233 797
233 992
234 319
234 333
234 612
234 712
234 739
235 322
235 453
235 586
235 601
235 612
236 564
236 718
236 844
236 927
237 340
237 421
237 480
238 344
238 465
238 850
238 949
238 963
239 310
239 415
239 752
239 781
239 911
240 335
240 363
240 415
240 752
240 965
241 281
241 808
242 614
242 656
242 657
242 676
242 898
243 250
243 265
243 266
243 365
243 713
243 985
244 280
244 392
244 651
244 656
245 306
245 399
245 546
245 891
246 451
246 593
246 621
246 715
247 637
248 326
248 495
249 618
249 626
249 644
249 682
250 265
250 526
250 693
250 805
250 985
251 289
251 294
251 301
251 480
251 572
251 758
252 339
252 378
252 482
252 585
252 690
252 833
252 991
253 615
253 792
253 968
254 270
254 440
254 481
254 681
254 830
254 950
254 962
254 999
255 455
255 472
255 511
255 615
256 334
256 460
256 608
256 859
257 730
257 933
257 969
258 393
258 482
258 486
258 513
258 773
258 846
258 921
259 573
259 742
259 907
260 504
260 637
260 890
261 286
261 317
261 360
261 919
262 364
262 543
262 771
262 984
263 402
263 522
263 634
263 673
263 877
264 269
264 308
264 609
264 793
265 266
265 693
265 710
266 389
266 710
266 713
267 522
267 647
267 673
267 688
267 697
268 459
268 629
268 741
268 786
268 868
269 308
269 346
269 489
269 793
269 913
270 512
270 894
270 962
270 970
271 484
271 557
271 848
272 274
272 331
272 602
272 742
273 285
273 431
273 733
273 769
273 797
274 329
274 602
274 621
274 908
275 605
275 825
275 882
275 993
276 445
276 447
276 464
276 665
276 816
277 362
277 627
277 909
278 286
278 335
278 516
278 633
278 809
279 297
279 329
279 493
279 774
279 922
280 392
280 433
280 508
280 581
280 584
280 599
280 765
281 443
281 808
281 990
282 293
282 432
282 539
282 702
283 354
283 419
283 448
283 487
283 667
283 724
284 405
284 442
284 648
285 733
285 769
285 910
285 924
285 971
286 516
286 521
287 422
287 496
287 660
288 506
288 524
288 589
288 631
288 988
289 294
289 340
289 722
289 738
289 758
289 813
290 858
290 869
290 917
290 998
291 307
291 466
291 474
291 485
291 622
292 487
292 686
292 724
292 896
292 930
293 432
293 694
294 301
294 641
294 813
295 390
295 449
295 593
295 715
296 702
296 920
297 432
297 493
297 538
297 679
297 694
297 774
297 887
298 410
298 454
298 512
298 684
299 309
299 376
299 444
299 885
300 436
300 898
300 943
300 960
301 572
301 897
302 336
302 625
302 744
302 811
302 855
303 629
303 647
303 697
303 786
303 893
304 454
304 684
304 692
304 780
304 836
304 901
305 798
305 832
306 527
307 485
307 640
307 723
307 800
308 323
308 913
309 444
309 953
310 545
310 752
310 911
310 965
311 542
311 610
311 675
311 687
311 832
311 863
312 396
312 427
312 733
312 837
312 910
312 924
313 657
313 728
313 749
313 898
313 952
314 476
314 492
314 598
314 806
314 817
315 471
315 636
315 790
315 837
315 972
316 333
316 426
316 438
316 725
316 739
316 831
317 795
317 919
318 450
318 680
318 804
318 976
319 324
319 399
319 546
319 612
319 739
320 321
320 444
320 491
320 996
321 439
321 578
321 757
321 996
322 586
322 601
322 894
323 579
323 617
323 913
324 546
324 612
325 434
325 514
325 698
325 870
326 361
327 669
328 431
328 652
328 992
329 602
329 908
329 922
330 590
330 627
330 759
332 491
332 743
332 788
333 438
333 739
334 374
334 406
334 488
334 859
335 363
335 633
335 965
336 337
336 400
336 744
336 855
336 886
336 945
337 400
337 616
337 875
337 886
337 902
338 368
338 492
338 695
338 800
338 895
339 585
340 478
340 480
340 738
340 758
341 351
341 515
341 618
341 815
342 740
342 819
342 975
343 510
343 565
343 728
343 946
343 981
344 398
344 445
344 465
344 477
344 528
344 816
345 375
345 389
345 659
346 489
346 717
346 913
347 350
347 533
347 678
347 727
347 940
348 352
348 513
348 773
348 838
349 380
349 518
349 582
349 672
349 801
349 982
350 386
350 727
350 940
351 420
351 502
351 802
351 815
351 827
352 467
352 773
352 838
352 921
353 420
353 430
353 502
353 772
353 811
354 448
354 575
354 619
354 724
355 463
355 613
356 585
356 690
356 735
356 867
356 995
357 456
357 632
357 704
357 778
357 826
358 467
358 596
358 649
358 721
358 835
358 838
358 912
359 503
359 623
359 674
359 779
360 553
360 646
360 796
360 919
361 687
361 920
361 932
361 947
362 527
362 864
362 909
363 415
363 633
363 736
364 372
364 468
364 607
364 984
365 409
365 713
365 985
366 367
366 418
366 446
366 558
366 565
366 571
366 784
367 390
367 418
367 500
367 784
367 941
367 986
368 434
368 492
368 598
368 800
369 381
369 416
369 547
369 591
369 649
370 494
370 766
370 777
370 785
371 442
371 613
371 661
371 890
371 964
372 425
372 468
372 607
373 458
373 507
373 729
373 792
374 384
374 406
374 491
374 788
374 810
374 859
374 885
375 389
375 693
375 710
376 408
376 604
376 818
376 885
377 461
377 522
377 877
377 997
378 482
378 486
378 552
379 576
379 655
379 665
379 703
380 582
380 801
380 954
380 977
381 416
381 479
381 591
382 402
382 511
382 740
382 807
382 849
383 696
383 706
384 743
384 788
384 810
384 906
385 433
385 581
385 719
385 751
385 851
385 955
386 532
386 940
387 407
387 567
387 711
387 767
387 926
388 395
388 595
389 659
389 710
390 941
391 416
391 528
391 603
391 721
391 938
392 589
392 651
392 748
392 765
393 486
393 709
393 762
393 921
394 428
394 519
394 534
394 928
394 948
395 591
395 595
396 427
396 787
396 837
396 900
397 789
397 878
398 477
398 528
398 835
398 912
399 426
399 535
399 546
399 739
399 891
400 616
400 945
401 498
401 712
401 802
402 634
402 807
402 951
403 647
403 776
403 857
403 876
404 517
404 865
404 901
404 928
404 948
404 973
405 442
405 768
406 488
406 549
406 561
407 567
407 698
407 711
407 755
408 551
408 604
408 953
409 507
409 968
409 985
410 674
410 684
410 973
411 666
411 677
411 823
411 880
412 527
412 812
413 421
413 480
413 652
413 769
413 971
414 440
414 669
414 689
414 830
415 752
415 781
415 798
416 649
416 721
417 543
417 559
417 664
417 821
417 823
418 571
418 775
418 986
419 448
419 504
420 430
420 502
420 815
421 480
421 652
422 496
423 720
423 791
423 804
424 480
424 572
424 628
424 971
425 497
425 607
425 700
425 933
426 535
426 725
426 739
427 900
427 910
427 942
428 519
428 534
429 642
429 654
429 862
429 945
430 772
430 815
431 652
431 769
431 992
432 694
432 774
433 581
433 599
433 955
434 640
434 800
435 726
435 781
435 842
435 854
435 892
435 911
436 500
436 580
436 943
437 479
437 701
437 906
437 958
438 831
438 884
439 578
440 689
440 830
440 950
441 452
441 455
441 615
441 972
442 613
442 768
443 518
443 611
443 688
443 808
443 982
443 990
444 491
444 885
445 447
445 477
445 816
445 838
446 500
446 565
446 784
446 946
447 665
447 703
447 905
448 575
448 577
449 568
449 593
449 844
449 866
450 680
450 716
450 804
451 593
451 621
451 844
452 636
452 903
452 972
453 601
453 623
454 481
454 684
454 780
454 853
455 511
455 615
455 680
455 972
455 976
456 632
456 704
456 872
457 495
457 541
457 852
458 472
458 592
458 729
458 792
458 849
459 595
459 629
459 925
460 473
460 608
461 691
461 708
461 720
461 791
461 857
461 997
462 789
462 843
462 871
462 888
462 989
463 495
463 852
464 806
465 528
465 850
465 938
466 622
466 828
466 895
467 596
467 838
467 921
468 967
469 664
469 764
469 794
469 880
469 881
469 918
469 929
469 940
470 851
470 955
471 662
471 680
471 716
471 787
471 837
471 923
471 972
472 511
472 615
472 792
472 849
473 569
473 803
473 954
473 977
474 485
474 622
474 723
474 818
475 734
476 671
476 806
476 963
477 838
477 912
478 529
478 738
479 701
479 757
479 996
480 572
480 758
480 971
481 853
481 999
482 486
482 833
482 846
483 677
483 732
483 737
483 770
483 823
483 994
484 513
484 658
484 846
485 723
486 552
486 762
487 667
487 724
487 896
489 717
490 520
490 523
490 693
490 797
490 805
491 788
491 885
492 588
492 598
492 695
492 817
492 961
492 979
493 820
493 887
494 766
494 777
494 871
495 852
497 700
497 753
497 829
497 831
497 884
498 712
498 779
498 802
498 987
499 725
499 753
499 782
499 839
499 891
500 501
500 580
500 784
500 941
501 580
501 874
501 941
501 957
502 746
502 827
503 674
503 948
503 973
504 587
505 541
505 560
505 646
505 648
505 796
506 589
506 628
506 934
507 792
507 968
508 584
508 599
508 662
508 716
508 923
508 955
509 557
509 624
509 833
509 991
510 565
510 981
510 998
511 807
511 849
511 976
512 894
513 773
513 846
514 594
514 698
514 755
515 540
515 618
515 626
516 521
516 809
517 692
517 865
517 901
517 914
518 801
518 982
519 574
519 576
519 655
520 523
520 733
520 797
521 750
521 834
522 647
522 673
522 877
522 997
523 636
523 805
524 568
524 631
524 957
524 988
525 638
525 650
525 699
525 907
526 639
526 805
526 985
527 812
527 864
527 937
528 721
528 835
528 938
529 530
529 638
530 537
530 638
530 722
530 813
530 904
531 745
531 749
531 869
532 548
532 730
532 984
533 678
533 918
533 940
535 725
535 891
536 563
537 813
537 904
538 661
538 679
538 887
538 964
539 597
539 702
539 761
540 626
541 648
542 560
542 687
542 863
542 947
542 959
543 559
543 771
543 821
544 570
544 605
544 726
544 854
545 929
545 939
545 965
546 983
547 596
547 649
547 741
548 771
548 794
548 984
549 561
550 556
550 702
550 920
551 567
551 604
551 747
551 767
551 926
552 762
552 824
552 868
553 675
553 796
553 814
553 863
553 959
554 616
554 686
554 917
555 659
555 992
556 597
557 848
557 873
558 565
558 571
558 667
558 879
559 754
559 823
559 956
560 796
560 947
560 959
561 583
561 606
561 913
562 574
562 817
562 865
562 914
562 961
563 600
563 944
564 635
564 718
564 844
564 866
565 667
565 946
566 584
566 662
566 787
566 900
567 604
567 767
568 631
568 866
568 874
568 957
569 611
569 803
569 925
570 726
570 781
570 798
571 775
571 978
573 761
573 922
574 655
574 817
575 577
575 619
575 770
576 655
576 785
577 705
577 732
577 770
578 603
578 757
578 938
579 592
579 609
579 617
579 729
581 719
583 606
584 662
584 765
585 690
586 894
586 970
587 879
587 978
588 695
588 734
588 966
588 979
589 748
589 765
589 988
590 700
590 759
590 969
592 609
592 729
592 849
592 975
593 715
593 844
594 755
594 949
594 963
595 803
595 925
596 649
597 761
599 955
600 696
600 944
601 623
601 674
602 742
602 922
603 757
603 938
605 822
605 854
605 993
606 672
607 730
607 933
607 984
608 859
608 958
609 793
610 675
610 736
610 832
611 697
613 768
614 656
614 676
614 719
615 792
616 875
617 729
618 626
618 644
618 815
619 770
619 856
619 994
620 624
620 632
620 756
620 778
620 783
620 873
621 715
622 645
622 669
622 828
623 674
623 779
624 756
624 991
625 811
625 855
627 829
628 934
628 942
629 786
630 632
630 735
630 756
630 867
630 944
631 635
631 866
631 897
632 756
632 778
632 944
633 736
633 814
634 877
634 951
635 866
635 897
636 639
636 790
636 805
636 972
637 890
638 650
638 904
639 805
640 723
640 800
641 718
642 861
642 862
642 899
643 775
643 883
643 890
643 964
644 682
644 683
644 815
645 669
645 828
646 648
646 796
646 919
647 697
647 776
647 857
647 893
647 997
648 919
649 721
650 904
651 656
651 748
651 960
652 769
653 920
653 932
654 744
654 860
654 862
655 665
656 719
656 960
657 676
657 898
657 952
658 760
658 905
660 681
660 962
660 974
661 679
661 964
662 787
662 923
663 704
663 861
663 872
663 878
663 917
664 821
664 880
664 881
665 703
666 677
666 750
666 931
667 879
667 896
668 869
668 981
669 689
669 731
669 830
670 746
670 936
671 816
671 963
672 982
673 685
673 688
674 973
675 736
675 863
677 732
677 823
677 931
678 727
678 842
678 911
679 694
680 716
680 972
680 976
681 731
681 830
681 962
681 974
682 843
682 888
683 772
683 815
683 862
684 901
684 973
685 688
685 808
686 858
686 917
686 930
687 832
687 947
688 808
689 950
690 735
690 991
691 708
691 720
692 836
692 901
692 914
693 710
693 805
695 895
696 706
696 745
698 755
698 870
699 742
699 907
700 829
700 933
700 969
701 906
701 996
702 920
704 872
705 732
707 820
707 986
708 876
709 762
709 921
711 755
711 949
714 799
714 956
716 923
716 955
718 927
719 751
720 791
721 835
722 738
722 813
723 818
723 889
725 753
725 831
725 891
726 781
726 854
727 822
727 842
727 892
728 898
728 943
728 946
730 933
730 984
731 830
731 974
732 770
733 797
733 837
733 924
734 845
734 966
735 756
735 867
735 991
736 814
737 754
737 823
737 994
740 849
740 975
741 762
741 868
742 907
743 788
744 811
744 860
745 869
745 872
746 827
747 850
747 926
748 960
748 988
749 952
750 834
750 931
750 935
751 851
752 965
753 782
753 831
754 823
754 855
754 886
754 956
754 994
755 949
756 991
757 996
761 922
761 980
762 868
763 862
763 888
763 899
764 880
764 929
764 939
767 926
768 852
769 971
771 794
771 821
771 881
771 984
772 811
772 815
772 860
773 921
774 922
774 980
775 883
775 978
776 893
777 785
778 783
778 826
779 987
780 836
780 841
780 845
780 853
781 798
781 911
782 839
783 789
783 826
783 873
783 989
786 893
787 837
787 900
789 989
790 837
791 804
791 807
791 951
792 968
793 819
794 881
795 834
795 935
796 959
799 915
801 977
802 827
803 925
804 807
804 976
806 817
807 951
807 976
809 939
810 859
810 906
811 860
812 937
812 983
817 961
818 840
818 870
818 889
820 908
821 881
822 892
824 868
824 893
825 847
825 882
825 993
831 884
833 846
833 991
834 935
835 912
836 841
836 914
838 912
839 864
840 870
841 845
841 916
842 892
842 911
843 871
843 888
844 866
845 853
845 916
845 966
845 979
847 882
848 873
848 989
849 975
850 926
851 955
853 999
855 886
855 956
856 875
856 902
856 994
857 997
858 917
858 930
858 998
859 906
859 958
861 878
861 899
861 917
862 888
862 899
863 959
865 914
865 928
867 944
868 893
869 872
870 889
873 989
874 941
874 957
875 902
876 995
883 890
883 978
884 936
886 902
886 994
890 964
894 970
896 930
898 943
901 973
902 994
906 958
910 924
910 971
914 916
914 961
915 967
916 961
916 979
918 929
918 940
920 932
922 980
928 948
929 939
930 998
931 935
933 969
934 942
937 983
948 973
949 963
950 999
954 977
957 988
961 979
962 970
966 979
968 985
981 998
982 990
813 833
738 930
187 773
805 651
524 609
886 760
498 156
474 10
233 228
419 452
492 476
254 453
537 83
280 375
469 698
965 374
495 292
214 310
889 231
295 565
777 140
239 92
403 58
191 304
522 88
786 611
264 810
968 578
361 947
549 581
533 696
73 414
884 612
164 599
493 47
239 616
829 808
661 752
821 757
378 787
488 927
215 175
344 953
133 604
648 928
843 242
462 599
375 325
652 848
230 885
578 396
466 79
296 489
151 391
277 185
343 65
596 134
621 549
186 446
368 832
136 586
447 375
743 439
174 361
902 347
169 160
321 233
727 855
742 302
871 270
47 425
732 699
853 230
541 805
451 631
56 540
523 294
21 560
545 463
261 383
66 513
308 478
665 50
372 352
592 497
853 781
28 543
523 37
663 641
524 436
259 105
198 744
926 302
713 637
771 569
364 167
578 807
888 482
568 319
969 435
706 47
671 683
554 977
562 941
390 128
816 166
479 339
217 373
339 620
387 414
674 931
848 187
489 751
89 424
136 463
673 560
482 223
588 941
729 93
310 961
401 610
437 840
337 229
524 644
788 490
80 553
729 357
475 624
588 619
727 385
458 554
28 486
718 372
367 617
582 963
104 288
420 329
561 344
156 206
924 241
462 879
766 685
657 224
425 382
704 110
413 595
385 556
94 258
610 174
372 771
920 727
893 306
724 540
570 889
885 709
420 821
768 393
613 273
686 250
88 777
98 759
757 641
160 513
593 263
720 304
406 704
187 207
374 229
440 227
445 316
78 533
611 127
292 662
521 548
733 792
929 603
104 641
501 501
629 488
628 798
209 778
634 667
971 560
777 815
398 973
134 380
56 681
850 433
520 954
663 103
415 644
326 534
309 509
930 274
873 529
566 287
76 588
756 668
120 253
643 457
832 596
554 904
746 767
998 523
589 780
554 247
766 899
218 208
635 555
610 847
704 155
420 256
117 279
904 378
813 514
480 391
833 542
760 353
834 154
910 329
796 325
703 439
324 584
825 715
543 929
928 404
539 364
358 565
645 300
711 272
287 104
614 408
816 862
264 908
706 217
656 186
535 892
374 923
295 213
933 495
923 535
99 548
461 681
154 823
414 720
780 161
575 855
738 668
890 740
583 350
176 825
419 891
343 472
166 750
596 76
195 698
81 387
871 327
338 409
657 958
703 674
850 619
784 401
209 595
60 646
172 840
138 842
182 536
245 428
39 610
633 122
412 407
613 911
301 875
620 875
963 351
382 264
873 232
874 561
677 850
385 718
98 526
762 828
669 622
791 690
319 856
854 587
676 86
468 802
430 931
553 563
401 42
636 581
745 813
457 906
560 812
830 855
691 813
593 158
146 167
484 713
428 872
676 448
220 476
539 159
986 558
809 141
383 62
34 647
157 181
908 506
965 631
336 815
498 646
405 170
271 774
760 240
808 631
260 691
729 193
132 243
168 245
641 164
44 698
715 171
350 118
905 749
497 28
297 928
658 869
889 255
570 905
79 261
725 258
24 387
906 554
665 485
671 503
421 84
324 514
394 930
623 323
121 622
550 658
317 257
226 908
26 578
896 446
358 362
58 473
897 422
655 338
337 359
672 383
684 576
796 783
356 522
464 511
290 315
600 232
875 636
907 770
886 193
931 561
792 373
125 804
595 705
589 759
405 103
227 355
510 314
728 746
807 340
117 731
21 367
202 877
203 117
242 592
327 450
428 292
75 443
208 337
178 627
460 616
80 311
380 657
866 415
271 153
182 385
178 881
573 770
224 293
407 738
318 405
517 240
199 372
336 790
509 461
295 288
755 185
647 503
683 269
203 619
277 526
545 199
799 707
8 418
296 140
203 156
131 783
586 185
786 514
751 70
353 896
560 21
948 548
239 321
777 468
635 729
683 632
654 369
362 913
710 91
291 642
391 850
821 331
764 212
354 816
525 274
616 469
636 380
301 912
722 839
378 680
367 95
953 454
518 722
144 343
763 268
180 224
574 32
212 737
768 724
113 509
125 204
354 289
555 701
391 319
688 616
537 842
294 687
567 871
217 752
644 200
575 139
220 706
466 530
847 728
143 696
185 419
91 399
262 591
505 416
833 775
420 229
254 246
424 43
309 352
777 361
833 468
355 630
286 762
177 690
117 431
389 14
511 64
397 200
316 275
372 963
170 313
396 896
573 97
349 432
746 531
386 381
376 22
319 424
631 600
30 417
45 582
245 857
92 226
430 127
643 821
510 343
859 741
697 62
823 269
654 259
814 195
549 731
523 756
697 337
571 226
679 657
878 688
413 796
122 750
343 710
402 455
561 631
202 684
626 138
369 380
343 148
613 302
855 563
522 186
96 488
469 267
266 831
839 578
220 572
249 817
491 801
572 983
185 810
799 105
274 282
390 986
473 973
487 593
845 401
878 460
548 269
768 197
374 593
472 948
689 778
754 881
577 300
840 712
951 666
770 451
995 497
888 500
747 160
241 370
831 430
4 485
791 902
241 142
312 441
907 639
600 512
260 927
768 919
411 426
618 657
753 468
921 679
2 510
472 205
397 580
503 878
590 655
351 761
265 132
520 812
150 447
978 489
637 690
411 866
714 925
457 228
696 586
455 274
714 611
195 236
66 699
520 741
399 690
61 433
32 527
361 738
339 516
681 144
662 667
459 93
431 773
875 286
208 358
109 671
560 843
344 181
179 403
264 364
746 897
407 133
362 695
423 583
627 184
632 906
216 274
228 122
988 402
39 513
823 357
97 385
83 657
975 599
162 498
704 193
771 757
435 675
196 716
646 521
74 756
606 329
709 555
432 484
593 858
426 7
620 223
409 482
686 431
591 315
875 249
405 817
199 438
406 528
470 817
439 518
908 572
222 609
472 854
241 788
724 674
511 999
211 795
370 71
480 902
591 471
675 726
592 366
453 8
877 666
234 530
851 675
252 350
533 982
444 732
342 911
871 809
631 444
439 270
432 702
473 664
408 358
239 917
649 49
717 766
339 740
516 528
801 471
410 286
793 532
624 630
536 591
539 7
743 323
360 223
43 489
164 559
587 204
941 620
449 667
761 540
910 453
705 781
269 714
620 55
558 387
596 396
568 175
141 560
600 558
962 678
151 543
546 31
362 507
309 595
525 169
221 864
723 814
439 86
437 594
185 505
329 126
598 957
852 287
147 312
799 885
421 314
484 524
753 619
428 626
612 791
302 580
304 398
175 865
285 159
667 242
124 823
733 426
575 839
309 700
49 558
495 898
416 671
305 625
254 314
441 942
335 41
658 575
787 215
974 466
917 423
520 675
93 712
879 343
623 16
748 566
306 840
488 87
378 517
932 588
747 509
408 950
749 218
155 615
257 415
632 943
86 295
655 445
473 581
711 320
236 186
438 749
507 629
808 570
396 647
924 514
820 212
735 480
317 169
406 501
185 288
409 906
908 281
431 358
725 891
289 414
551 443
829 496
388 741
533 315
256 152
814 733
312 886
731 565
807 429
630 401
347 373
699 858
656 717
272 495
498 333
451 487
622 245
520 127
961 485
836 204
452 463
571 712
489 315
235 467
330 775
69 279
490 424
266 789
259 623
149 733
79 634
829 449
801 610
897 663
278 848
983 540
739 406
394 81
96 471
677 289
147 411
260 668
228 808
411 210
227 651
122 555
851 546
72 346
672 415
770 86
456 940
912 601
625 368
365 247
443 190
275 59
92 619
623 831
790 452
958 415
768 503
292 461
937 347
477 483
696 306
438 19
846 273
593 24
779 254
993 573
365 434
816 588
280 302
523 153
292 777
336 322
832 184
278 82
505 134
926 452
533 380
541 876
493 118
374 397
924 359
425 398
160 662
253 191
370 640
832 743
531 102
984 453
691 457
686 536
274 555
573 558
78 367
633 423
547 491
592 417
951 641
857 171
509 202
509 862
388 538
271 449
519 567
310 78
514 365
478 547
435 447
525 780
666 527
316 550
226 593
526 484
635 647
806 493
809 454
935 370
672 711
763 296
103 202
687 485
665 781
544 405
320 56
699 695
787 183
941 444
264 482
640 149
421 62
606 603
447 854
487 677
572 455
349 776
550 183
687 511
202 762
494 983
397 344
91 330
636 966
634 854
898 209
349 838
926 468
300 303
8 579
502 173
752 386
478 151
575 536
861 478
852 655
852 850
323 387
681 892
330 719
330 834
173 430
256 173
527 913
508 227
856 493
588 583
784 548
890 787
838 338
388 799
787 572
765 318
779 104
231 269
869 508
869 440
553 759
374 811
507 709
428 546
642 474
547 674
940 706
553 215
297 186
560 61
225 635
477 639
193 187
93 442
353 679
736 460
492 785
112 368
920 661
462 730
463 182
645 108
348 212
684 744
902 520
478 112
760 369
146 776
870 305
653 126
355 870
262 736
564 196
636 29
122 641
239 689
102 456
656 692
464 129
715 878
543 622
81 500
761 120
828 388
169 808
605 774
638 262
475 784
473 411
82 515
367 474
280 935
961 312
711 518
336 553
143 297
248 564
570 582
564 81
