1000 2964 10
58 5 21 10 33 92 36 51 10 15 74 65 72 28 85 14 43 95 23 27 45 62 58 65 13 86 34 60 32 51 91 24 32 18 31 13 6 31 55 50 88 70 18 93 74 74 14 30 88 82 66 27 88 63 13 67 34 49 40 59 7 34 2 49 21 1 87 74 95 42 87 76 43 5 66 82 80 4 77 61 84 86 85 52 17 51 30 4 93 57 48 76 23 35 86 59 30 55 46 79 8 50 16 64 38 7 51 42 66 28 15 75 41 83 60 62 6 55 51 29 74 1 4 34 6 65 6 17 88 21 50 78 86 51 100 75 88 89 13 22 1 62 18 51 18 59 45 54 75 59 47 6 80 39 66 39 2 62 60 53 43 60 83 56 54 44 69 70 73 86 78 18 37 94 97 3 68 63 25 71 11 93 78 65 75 45 11 57 26 31 70 2 100 63 96 14 71 28 58 17 37 53 96 43 33 19 37 94 87 93 91 49 67 50 43 68 36 47 74 36 83 100 24 75 29 90 53 40 5 26 75 49 24 42 44 41 70 18 66 27 24 77 40 64 77 56 51 6 85 96 72 70 63 39 8 93 56 83 36 42 44 91 96 8 81 50 46 64 88 62 32 28 41 1 74 65 25 74 44 72 13 100 26 34 53 32 50 34 83 7 38 10 61 34 26 9 6 75 14 26 83 18 8 22 5 75 75 23 16 43 12 61 58 92 60 90 96 60 20 99 56 73 20 87 2 39 88 21 78 58 86 65 85 60 46 73 61 46 61 22 79 54 50 91 73 70 17 97 34 78 89 46 82 79 68 58 25 31 97 23 72 100 51 7 85 81 27 46 8 21 78 71 77 22 55 98 9 99 77 72 56 95 10 49 75 65 28 90 76 46 80 81 72 50 29 52 96 5 53 97 97 99 24 17 47 86 62 64 46 82 55 45 37 73 74 13 34 63 22 93 84 95 22 44 27 75 50 24 7 25 78 99 61 88 42 89 47 95 13 25 32 88 88 17 17 30 29 25 84 30 16 88 96 80 25 70 41 53 26 59 56 24 90 32 14 68 15 33 48 7 32 49 2 72 14 22 81 14 94 86 75 12 8 21 91 89 61 8 86 21 13 73 85 14 44 18 55 90 6 34 91 52 40 85 36 39 14 13 79 58 87 7 5 42 75 93 97 84 29 33 19 79 62 95 83 65 87 33 64 45 21 23 79 37 65 40 14 4 55 44 15 46 1 41 24 73 56 81 75 29 99 62 5 16 91 88 69 72 56 5 6 17 69 10 29 22 21 83 14 95 4 8 10 21 13 62 6 73 45 88 48 85 73 57 2 54 18 46 85 71 53 25 9 25 48 28 9 4 42 17 71 74 65 72 98 71 18 38 99 64 40 56 42 51 88 72 58 52 79 33 25 10 68 63 45 98 42 60 93 88 85 1 59 78 91 49 3 12 62 96 87 4 51 65 7 37 94 38 20 57 95 50 50 99 52 97 99 94 100 37 35 57 34 69 60 60 25 69 78 90 11 99 34 31 79 73 43 58 73 74 24 27 41 85 77 36 90 49 20 38 95 52 32 25 69 86 10 86 54 36 10 21 25 92 38 60 79 85 19 72 80 17 5 72 39 76 55 15 48 8 91 99 18 20 51 32 44 5 49 76 29 33 3 72 46 61 37 31 27 72 10 13 30 46 43 13 71 69 92 18 99 82 18 62 4 69 7 73 91 8 85 36 72 52 97 52 89 21 2 34 1 97 54 93 92 4 36 4 6 96 79 46 5 80 53 11 24 61 45 43 14 46 15 51 42 41 1 30 78 77 73 19 33 66 74 85 85 70 81 70 84 58 24 97 51 26 71 69 59 66 62 58 70 30 68 9 42 9 39 88 30 80 48 49 5 32 1 5 5 24 87 33 2 16 86 31 44 53 29 98 63 87 54 71 45 34 38 69 38 51 17 89 3 4 47 79 4 93 84 6 7 93 32 57 90 35 75 49 19 84 28 60 13 72 55 88 1 62 50 65 42 33 14 2 67 5 30 23 71 52 15 83 17 31 64 50 37 20 5 40 82 66 45 43 85 41 42 40 63 67 55 3 76 44 5 10 41 70 52 24 94 23 34 73 25 98 92 79 90 14 100 90 18 1 20 18 33 16 29 10 21 88 59 59 89 49 34 89 49 83 51 67 34 7 38 40 74 30 45 27 50 10 15 95 28 57 7 89 12 41 58 9 26 4 6 53 27 28 85 5 99 35 64 38 15 96 71 98 22 51
0 579
0 612
0 631
0 767
0 870
1 448
1 555
1 759
1 854
1 981
1 999
2 46
2 442
2 718
2 876
2 918
2 945
2 982
3 311
3 627
3 697
3 728
3 826
3 939
3 964
4 348
4 437
4 439
4 480
4 517
4 911
5 248
5 345
5 714
5 860
5 908
6 41
6 596
6 703
6 751
6 783
6 800
7 436
7 554
7 738
7 786
7 805
7 823
7 831
8 24
8 87
8 95
8 243
8 349
8 380
8 589
8 998
9 46
9 387
9 442
9 587
9 904
9 920
10 111
10 204
10 267
10 271
10 335
10 688
10 729
11 32
11 36
11 120
11 381
11 451
11 527
11 801
11 998
12 55
12 152
12 472
12 521
12 646
12 891
13 21
13 459
13 866
13 975
13 997
14 511
14 763
14 785
14 813
14 898
14 930
14 937
15 185
15 198
15 445
15 635
15 735
15 871
15 886
15 952
15 967
16 22
16 97
16 392
16 646
16 976
17 265
17 328
17 361
17 466
17 783
18 177
18 197
18 531
18 830
19 114
19 257
19 280
19 322
19 586
19 625
20 293
20 317
20 803
20 915
20 926
21 129
21 188
21 459
21 670
21 975
22 97
22 152
22 542
22 646
23 126
23 213
23 250
23 391
23 450
23 585
23 677
24 47
24 64
24 87
24 144
24 222
24 589
25 88
25 312
25 325
25 429
25 917
26 75
26 502
26 726
26 730
26 857
26 909
27 154
27 331
27 344
27 464
27 832
28 168
28 473
28 692
28 749
28 869
28 948
29 141
29 235
29 303
29 704
29 855
29 913
30 261
30 373
30 474
30 586
30 733
30 802
30 816
30 877
31 89
31 183
31 468
31 654
31 731
31 774
31 822
32 120
32 218
32 285
32 801
32 856
32 932
33 131
33 379
33 525
33 551
33 922
34 195
34 211
34 401
34 411
34 647
34 924
35 171
35 355
35 630
35 892
36 120
36 381
36 661
36 974
37 282
37 553
37 696
37 829
37 857
38 84
38 251
38 573
38 596
38 708
38 800
38 981
39 54
39 56
39 453
39 754
39 836
40 124
40 311
40 451
40 527
40 736
40 900
40 939
41 448
41 596
41 703
41 981
42 200
42 537
42 564
42 936
43 103
43 311
43 500
43 654
43 989
44 79
44 227
44 336
44 899
45 283
45 615
45 716
45 738
45 878
45 992
46 82
46 387
46 442
46 918
47 64
47 87
47 600
47 790
47 874
47 946
48 320
48 340
48 457
48 528
48 746
48 833
49 182
49 263
49 465
49 707
49 815
49 958
50 362
50 485
50 862
50 902
50 955
51 71
51 211
51 323
51 590
51 642
51 745
51 927
51 942
52 347
52 559
52 592
52 824
52 938
53 59
53 106
53 208
53 278
53 376
53 670
53 677
53 962
54 136
54 453
54 639
54 836
54 923
55 355
55 382
55 388
55 472
55 891
56 453
56 575
56 607
56 725
56 754
57 142
57 165
57 343
57 542
57 883
58 65
58 490
58 581
58 618
58 682
59 106
59 314
59 324
59 376
59 841
60 116
60 138
60 288
60 750
61 72
61 81
61 253
61 325
61 377
61 863
61 948
62 296
62 631
62 646
62 767
62 791
62 976
63 172
63 655
63 678
63 683
63 709
63 846
64 144
64 946
65 468
65 618
65 682
65 774
66 404
66 405
66 536
66 593
66 656
66 705
66 806
67 380
67 588
67 627
67 635
67 638
67 728
67 886
68 149
68 668
68 722
68 779
68 794
69 102
69 122
69 157
69 314
69 406
69 566
69 935
70 246
70 257
70 322
70 975
70 997
71 180
71 186
71 196
71 295
71 323
71 590
72 325
72 377
72 429
72 686
73 170
73 269
73 538
73 622
73 787
73 809
73 949
74 260
74 337
74 493
74 839
74 960
75 668
75 730
75 794
75 909
76 274
76 360
76 432
76 769
76 864
76 979
77 83
77 98
77 455
77 893
77 949
78 340
78 457
78 617
78 624
78 793
78 986
79 227
79 412
79 477
79 853
79 885
79 899
80 182
80 244
80 460
80 603
80 879
80 963
80 996
81 253
81 325
81 648
81 694
81 917
82 357
82 387
82 496
82 918
83 237
83 687
83 893
83 949
83 980
84 251
84 573
84 701
85 313
85 427
85 452
85 536
85 785
85 930
86 249
86 299
86 615
86 814
86 837
86 992
87 380
87 483
87 588
87 600
87 988
88 312
88 648
88 917
88 982
89 164
89 183
89 714
89 731
89 908
90 307
90 399
90 413
90 481
90 710
90 812
91 202
91 231
91 245
91 671
91 717
91 880
91 889
92 112
92 192
92 469
92 491
92 502
92 522
92 972
93 277
93 526
93 679
93 868
94 147
94 176
94 228
94 523
94 901
94 941
95 381
95 589
95 934
95 998
96 104
96 338
96 745
96 861
96 903
97 165
97 392
97 542
97 634
97 741
98 254
98 295
98 455
98 787
98 949
99 287
99 290
99 298
99 386
99 532
99 621
99 776
99 968
100 202
100 389
100 514
100 651
100 742
100 775
101 137
101 206
101 326
101 792
102 122
102 209
102 498
102 546
102 566
102 896
103 169
103 311
103 500
103 937
104 254
104 310
104 338
104 538
104 903
105 149
105 493
105 504
105 732
105 914
105 960
106 278
106 372
106 619
106 841
106 844
107 149
107 241
107 370
107 732
107 794
107 914
108 135
108 296
108 443
108 631
108 884
108 955
109 123
109 161
109 162
109 178
109 358
109 799
109 859
110 115
110 199
110 237
110 552
110 560
110 567
110 687
111 204
111 467
111 489
111 548
111 688
111 931
112 192
112 365
112 416
112 491
112 503
113 609
113 696
113 726
113 727
113 857
114 232
114 257
114 512
114 625
115 433
115 552
115 560
115 849
116 138
116 288
116 619
116 844
116 850
117 140
117 276
117 419
117 499
117 533
117 603
118 305
118 422
118 478
118 563
118 699
118 789
119 198
119 483
119 498
119 546
119 887
119 895
119 988
120 284
120 436
120 831
120 932
120 974
121 293
121 317
121 565
121 592
121 935
121 938
122 157
122 209
122 565
122 843
123 358
123 385
123 617
123 676
123 799
124 349
124 527
124 697
124 939
124 998
125 158
125 168
125 557
125 749
125 765
126 208
126 213
126 383
126 677
126 962
127 205
127 275
127 318
127 342
127 374
127 579
127 580
127 943
128 212
128 258
128 389
128 535
128 547
128 651
129 188
129 354
129 608
129 637
129 670
130 249
130 290
130 461
130 530
130 587
130 847
130 904
131 379
131 525
131 562
131 598
131 667
132 315
132 348
132 377
132 686
132 819
133 270
133 299
133 597
133 599
133 657
133 716
134 320
134 394
134 772
134 773
134 966
135 333
135 612
135 631
135 884
136 226
136 230
136 453
136 582
136 639
136 797
137 326
137 414
137 472
137 630
137 646
137 767
137 791
137 792
138 155
138 372
138 513
138 518
138 619
138 750
139 260
139 368
139 369
139 629
139 873
139 925
140 460
140 533
140 603
140 676
140 996
141 524
141 855
141 913
141 946
142 165
142 231
142 343
142 634
142 671
143 160
143 205
143 221
143 515
143 764
143 956
144 222
144 240
144 946
145 256
145 418
145 597
145 657
145 786
145 823
145 970
146 286
146 501
146 564
146 700
146 757
147 224
147 432
147 529
147 901
147 941
148 267
148 271
148 384
148 561
148 688
148 752
149 353
149 504
149 722
149 794
149 914
150 223
150 512
150 751
150 866
150 954
150 997
151 476
151 488
151 490
151 570
151 572
151 640
152 521
152 542
152 646
152 664
152 883
153 252
153 329
153 694
153 718
153 929
153 982
154 297
154 331
154 344
154 505
154 828
155 430
155 474
155 513
155 558
155 750
155 760
155 953
156 449
156 509
156 551
156 691
156 842
156 848
156 984
157 565
157 935
158 557
158 693
158 695
158 765
159 339
159 455
159 748
159 827
159 893
160 221
160 365
160 515
160 628
160 770
161 162
161 263
161 358
161 465
161 808
162 163
162 178
162 711
162 808
163 239
163 463
163 711
163 808
164 333
164 420
164 690
164 731
164 884
164 908
165 542
165 634
166 229
166 276
166 357
166 387
166 496
166 602
166 879
167 195
167 211
167 519
167 756
167 927
168 242
168 439
168 517
168 595
168 749
168 760
168 765
168 869
169 500
169 511
169 658
169 763
169 937
170 199
170 269
170 300
170 567
170 622
171 215
171 355
171 665
171 892
171 973
172 485
172 506
172 626
172 678
172 709
172 902
173 418
173 424
173 645
173 740
173 836
173 970
174 464
174 477
174 508
174 663
174 875
175 217
175 259
175 270
175 673
175 702
175 852
176 395
176 523
176 545
176 901
177 197
177 409
177 514
177 531
177 742
178 711
178 859
178 951
179 238
179 399
179 413
179 578
179 947
180 186
180 196
180 748
180 890
181 242
181 261
181 373
181 437
181 439
182 244
182 308
182 460
182 465
182 778
182 958
183 191
183 714
183 818
183 822
184 386
184 407
184 435
184 977
185 248
185 345
185 635
185 739
185 952
186 295
186 748
187 772
187 773
187 851
187 986
188 608
188 975
189 591
189 621
189 649
189 940
189 968
190 404
190 433
190 510
190 656
190 705
190 849
191 248
191 714
191 818
191 826
192 469
192 503
192 761
193 225
193 280
193 398
193 487
193 894
194 378
194 426
194 522
194 665
194 865
194 892
195 211
195 519
195 584
195 647
195 809
196 323
196 890
196 910
197 409
197 516
197 713
197 830
198 214
198 483
198 498
198 871
198 886
199 300
199 560
199 567
199 698
200 444
200 462
200 564
200 576
200 755
200 936
200 961
201 341
201 495
201 685
201 782
201 853
201 899
202 514
202 531
202 775
202 880
202 889
203 464
203 486
203 832
203 965
203 995
204 335
204 505
204 548
205 275
205 342
205 723
205 764
205 916
205 956
206 326
206 792
206 916
206 956
207 335
207 405
207 562
207 577
207 623
207 667
207 729
208 383
208 459
208 670
208 962
209 395
209 445
209 498
209 843
209 967
210 235
210 289
210 431
210 544
210 850
210 855
210 907
210 953
211 927
212 389
212 535
212 653
212 959
213 383
213 450
213 759
213 999
214 483
214 588
214 886
215 355
215 382
215 388
215 660
215 973
216 361
216 400
216 636
216 650
216 659
216 700
216 897
216 919
217 259
217 268
217 673
217 674
217 795
218 285
218 363
218 410
218 456
218 766
218 820
218 856
219 245
219 454
219 655
219 681
219 717
220 300
220 507
220 584
220 622
220 809
220 882
220 928
221 228
221 540
221 764
221 770
222 240
222 359
222 589
222 804
222 934
223 225
223 232
223 512
223 751
224 365
224 503
224 529
224 540
224 770
224 941
225 232
225 280
225 487
225 625
226 230
226 339
226 453
226 827
226 994
227 336
227 477
227 508
228 523
228 540
228 764
228 941
229 364
229 387
229 530
229 587
229 602
230 279
230 543
230 777
230 797
230 994
231 375
231 634
231 671
231 681
231 717
232 512
232 625
233 350
233 510
233 598
233 656
233 881
234 328
234 361
234 537
234 659
235 704
235 850
235 855
236 272
236 313
236 321
236 371
236 427
237 272
237 371
237 552
237 687
237 980
238 382
238 578
238 891
238 947
239 421
239 463
239 492
239 673
239 702
239 711
239 743
240 524
240 684
240 804
240 946
241 370
241 732
241 872
242 261
242 439
242 474
242 760
243 349
243 380
243 697
244 958
244 963
245 454
245 717
245 830
245 880
246 322
246 608
246 816
246 975
247 255
247 330
247 425
247 605
247 610
247 685
248 345
248 714
248 739
248 826
249 283
249 530
249 837
249 847
249 992
250 391
250 585
250 604
250 824
251 332
251 701
251 708
251 866
252 253
252 694
252 788
252 863
252 929
253 694
253 863
254 295
254 338
254 538
254 787
255 330
255 341
255 495
255 556
255 685
256 284
256 285
256 424
256 823
256 970
257 322
257 512
257 997
258 306
258 535
258 547
258 753
258 780
259 268
259 270
260 337
260 369
260 839
260 925
261 373
261 474
262 346
262 492
262 549
262 746
262 747
263 465
263 808
263 815
264 266
264 408
264 516
264 713
264 781
265 328
265 466
265 576
265 936
266 408
266 454
266 516
266 655
266 683
267 271
267 688
268 270
268 299
268 364
268 571
268 795
268 814
269 567
269 687
269 949
270 299
270 599
270 852
271 384
271 479
271 729
272 313
272 371
272 396
272 552
273 304
273 321
273 427
273 766
273 820
273 834
274 360
274 432
274 553
274 696
274 727
275 294
275 601
275 723
275 943
276 357
276 499
276 603
276 879
277 403
277 526
277 610
277 758
277 782
277 868
277 885
278 319
278 372
278 637
278 670
278 950
279 543
279 614
279 994
280 586
280 625
280 894
281 366
281 458
281 693
281 695
281 977
282 462
282 553
282 569
282 829
282 961
283 532
283 776
283 847
283 878
283 992
284 285
284 823
284 831
284 932
285 424
285 456
285 932
286 400
286 402
286 520
286 644
286 700
286 757
286 768
287 298
287 386
287 407
287 684
287 804
287 838
288 544
288 750
288 850
289 366
289 431
289 435
289 907
290 461
290 591
290 776
290 847
290 968
291 343
291 534
291 753
291 780
292 350
292 507
292 525
292 598
292 620
292 662
292 928
293 317
293 592
293 803
294 601
294 723
294 735
294 737
294 952
294 978
295 338
295 455
295 590
295 642
295 748
296 392
296 443
296 631
296 741
296 976
297 379
297 505
297 623
297 828
297 848
298 532
298 838
298 878
299 615
299 716
299 814
300 507
300 622
300 698
300 825
301 317
301 395
301 545
301 565
301 843
302 476
302 485
302 490
302 506
302 581
303 415
303 704
303 913
304 363
304 427
304 820
304 856
304 898
305 422
305 434
305 475
305 478
306 446
306 535
306 753
306 959
307 413
307 446
307 481
307 744
307 835
308 385
308 460
308 676
308 778
309 422
309 468
309 500
309 658
309 682
309 699
310 519
310 538
310 689
310 756
310 809
310 861
310 903
311 736
311 937
311 939
311 964
311 989
312 440
312 876
312 982
313 396
313 427
313 452
314 316
314 324
314 406
314 616
314 841
314 933
314 935
315 348
315 377
315 821
315 911
316 406
316 704
316 844
316 933
317 545
317 565
317 901
317 926
318 374
318 690
318 860
318 870
318 943
319 354
319 518
319 637
319 802
319 950
320 394
320 746
320 833
320 966
321 371
321 427
321 834
322 586
322 816
323 807
323 910
323 942
324 347
324 376
324 616
324 938
325 429
325 917
326 579
326 580
326 767
326 916
327 492
327 549
327 743
327 969
328 361
328 537
328 936
329 718
329 845
329 921
329 929
330 425
330 556
331 464
331 505
331 548
331 875
332 708
332 751
332 866
332 954
333 612
333 690
333 870
333 884
334 348
334 390
334 480
334 819
334 858
335 505
335 623
335 729
336 486
336 495
336 508
336 899
336 965
337 493
337 925
338 642
338 745
339 453
339 827
339 893
339 980
339 991
340 428
340 457
340 793
340 833
341 495
341 685
342 580
342 916
343 482
343 534
343 671
343 780
343 883
344 606
344 828
344 832
344 995
345 601
345 860
345 952
346 492
346 528
346 746
347 376
347 559
347 677
347 938
347 983
348 480
348 819
348 911
349 697
349 998
350 507
350 598
350 825
350 881
351 563
351 699
351 763
351 784
352 367
352 477
352 489
352 663
352 885
353 504
353 629
353 712
353 722
353 873
354 608
354 637
354 802
355 388
355 472
355 630
356 415
356 762
356 790
356 874
356 887
356 895
357 496
357 499
357 918
358 385
358 465
358 778
359 633
359 804
359 934
359 993
360 553
360 768
360 864
361 659
361 783
361 897
362 375
362 666
362 862
362 902
362 944
363 820
363 856
364 530
364 571
364 602
364 814
364 837
365 416
365 503
365 628
365 770
366 431
366 435
366 595
366 693
366 977
367 489
367 679
367 868
367 885
367 931
368 369
368 378
368 417
368 611
368 629
368 632
368 840
369 417
369 839
369 960
370 794
370 798
370 872
371 541
371 721
371 834
371 980
372 518
372 619
372 950
373 437
373 480
373 733
374 579
374 870
375 634
375 681
375 811
375 902
375 944
376 677
377 686
377 821
377 948
378 522
378 629
378 712
378 840
378 865
378 972
379 551
379 623
379 667
379 848
380 588
380 697
380 728
381 661
381 934
381 998
382 388
382 660
382 891
382 947
383 459
383 701
383 999
384 475
384 478
384 479
384 752
384 789
385 676
385 778
386 407
386 458
386 621
386 977
387 496
387 587
389 651
389 653
389 742
390 487
390 819
390 858
391 559
391 677
391 824
391 983
392 741
392 976
393 450
393 539
393 555
393 585
393 644
393 985
394 746
394 772
394 777
394 797
395 523
395 545
395 568
395 817
395 843
395 967
396 433
396 452
396 552
397 458
397 621
397 695
397 810
397 921
398 480
398 487
398 733
398 858
398 894
399 413
399 796
399 812
399 947
399 957
400 636
400 644
400 700
401 411
401 669
401 715
401 924
402 520
402 734
402 768
402 864
403 423
403 526
403 574
403 605
403 610
404 656
404 705
405 577
405 593
405 656
405 729
406 415
406 566
406 704
406 762
406 896
407 435
407 684
407 907
408 423
408 574
408 683
408 781
408 846
409 425
409 470
409 713
409 742
410 456
410 575
410 607
410 675
410 766
411 647
411 715
411 867
412 758
412 853
412 885
413 446
413 578
414 441
414 628
414 630
414 792
415 704
415 762
415 790
415 913
416 426
416 441
416 491
416 628
416 892
417 550
417 632
417 960
418 645
418 657
418 970
419 440
419 499
419 533
419 680
420 581
420 618
420 731
420 884
420 955
421 463
421 673
421 707
421 990
422 434
422 682
422 699
423 497
423 526
423 574
423 678
423 706
423 846
424 456
424 754
424 836
424 970
425 470
425 556
425 605
425 713
425 781
426 491
426 522
426 892
427 898
427 930
428 724
428 793
428 833
428 966
429 686
429 819
430 431
430 595
430 760
430 953
431 595
431 953
432 529
432 727
432 901
432 926
432 979
433 452
433 552
433 705
433 849
434 475
434 640
434 682
435 907
435 977
436 805
436 831
436 974
437 439
437 480
438 611
438 660
438 672
438 957
438 973
439 517
440 533
440 676
440 680
440 876
440 918
440 945
441 628
441 630
441 892
442 718
442 845
442 920
443 666
443 741
443 862
443 955
444 576
444 798
444 872
444 961
445 498
445 871
445 967
446 578
446 652
446 744
446 753
446 888
446 959
447 720
447 842
447 924
447 971
447 984
447 987
448 539
448 555
448 650
448 703
448 981
449 509
449 828
449 848
450 555
450 585
450 759
451 527
451 641
451 801
451 900
452 536
452 705
453 725
453 991
454 516
454 655
454 830
455 748
455 893
456 575
456 754
457 528
457 624
457 912
457 951
458 621
458 695
458 977
459 670
459 701
459 866
460 676
460 996
461 591
461 904
462 501
462 569
462 755
462 961
463 707
463 808
464 508
464 832
464 875
464 965
465 778
466 576
466 732
466 872
467 489
467 548
467 663
467 875
468 500
468 654
468 682
468 774
469 502
469 719
469 761
470 556
470 742
471 561
471 570
471 572
471 643
471 679
471 906
471 931
472 630
472 646
473 484
473 557
473 749
473 788
473 948
474 558
474 760
474 877
475 478
475 488
475 640
475 752
475 906
476 490
476 506
476 570
476 626
477 508
477 663
477 885
478 789
479 593
479 729
479 789
479 806
480 733
480 858
481 710
481 771
481 835
482 547
482 671
482 775
482 780
482 889
483 588
483 988
484 557
484 695
484 788
484 921
484 929
485 506
485 581
485 902
485 955
486 495
486 720
486 965
486 971
486 987
486 995
487 858
488 572
488 640
488 906
489 663
489 931
490 581
490 640
490 682
491 522
492 528
492 549
492 711
492 743
493 504
493 925
493 960
494 571
494 602
494 795
494 879
494 963
495 556
495 742
495 899
497 570
497 626
497 643
497 678
497 706
498 546
498 871
499 680
499 918
500 654
500 658
501 564
501 569
501 755
501 757
502 613
502 719
502 726
502 730
502 972
503 529
503 761
503 905
504 873
504 925
505 548
505 623
506 626
507 825
507 928
508 965
509 606
509 828
509 842
510 560
510 656
510 849
510 881
511 763
511 937
512 997
513 518
513 558
513 877
514 531
514 742
515 628
515 792
515 956
516 713
516 830
517 692
517 821
517 869
517 911
518 802
518 877
518 950
519 756
519 809
520 644
520 734
520 985
521 578
521 664
521 891
522 972
523 568
523 764
523 978
524 684
524 855
524 946
525 598
525 620
525 922
526 643
526 679
526 706
527 998
528 711
528 746
528 951
529 727
529 905
530 587
530 837
531 830
531 880
532 776
532 878
533 676
534 664
534 753
534 883
535 959
536 563
536 705
536 784
536 785
536 806
537 564
537 659
537 700
537 936
538 787
538 809
539 555
539 636
539 644
539 650
540 770
540 941
541 607
541 675
541 721
541 725
541 980
541 991
542 883
543 614
543 772
543 777
543 890
543 910
544 750
544 850
544 953
545 901
546 895
546 896
547 651
547 775
547 780
548 875
549 582
549 639
549 747
549 969
550 632
550 672
550 771
550 960
551 691
551 848
551 922
553 569
553 696
553 768
554 583
554 738
554 805
554 993
555 759
556 742
557 695
557 749
558 877
559 824
559 983
560 698
560 849
560 881
561 688
561 752
561 906
561 931
562 577
562 598
562 656
562 667
563 699
563 784
563 789
563 806
564 700
564 755
565 843
565 935
566 896
567 687
568 737
568 817
568 978
569 757
569 768
570 572
570 626
570 643
571 602
571 795
572 906
573 701
573 854
573 981
574 605
574 781
575 607
575 754
576 872
576 936
577 656
578 664
578 888
578 891
579 580
579 767
579 870
580 916
581 618
581 955
582 639
582 747
582 797
583 738
583 838
583 878
583 993
584 647
584 809
584 882
585 594
585 604
585 734
585 985
586 733
586 816
586 894
587 904
588 886
589 934
590 642
591 904
591 940
591 968
592 604
592 769
592 803
592 824
592 938
593 729
593 806
594 604
594 734
594 769
594 864
595 693
595 760
595 765
596 800
596 981
597 657
597 716
597 786
598 656
599 645
599 657
599 702
599 852
600 874
600 887
600 988
601 860
601 943
601 952
602 879
603 879
603 996
604 769
604 824
605 610
605 781
606 828
606 842
606 987
606 995
607 675
607 725
608 802
608 816
608 975
609 719
609 726
609 727
609 761
609 905
610 685
610 782
611 632
611 665
611 672
611 840
611 973
612 631
612 870
613 712
613 722
613 730
613 779
613 972
614 827
614 890
614 994
615 716
615 992
616 935
616 938
617 624
617 799
617 912
617 986
618 731
618 774
619 844
620 662
620 669
620 715
620 867
620 922
621 649
621 810
621 968
622 809
623 667
624 912
626 678
627 638
627 728
627 826
628 792
629 712
629 873
630 892
631 767
632 672
633 804
633 838
633 993
634 666
634 741
634 944
635 638
635 739
635 886
636 644
636 650
637 670
638 739
638 826
639 923
639 969
640 682
641 801
641 813
641 856
641 900
642 745
643 679
643 706
644 985
645 657
645 702
645 740
645 743
646 791
646 976
647 867
647 882
648 694
648 917
648 982
649 810
649 845
649 921
649 940
650 703
650 919
651 775
652 653
652 744
652 959
653 744
653 835
653 959
654 822
654 989
655 681
655 683
655 709
658 699
658 763
659 700
660 947
660 957
660 973
661 805
661 934
661 974
662 867
662 882
662 928
663 875
664 753
664 883
664 888
665 840
665 865
665 892
665 973
666 741
666 862
666 944
668 730
668 779
668 794
669 691
669 715
669 922
669 924
669 984
671 889
672 771
672 796
672 957
673 674
673 702
673 990
674 795
674 958
674 990
675 721
675 766
677 962
677 983
678 846
679 868
679 931
680 918
681 709
681 717
681 811
683 846
684 804
684 855
684 907
685 782
686 819
687 949
688 931
689 756
689 861
689 927
690 860
690 870
690 908
691 922
691 984
692 821
692 869
692 948
693 695
693 765
694 982
695 921
696 727
696 857
697 728
697 939
698 825
698 881
699 763
701 854
701 866
701 999
702 743
702 852
703 783
703 919
704 844
704 850
707 808
707 815
707 958
707 990
708 751
708 800
709 811
709 902
710 771
710 812
711 951
712 722
712 972
713 781
714 908
715 867
716 738
716 786
718 845
718 982
719 726
719 761
720 971
720 987
721 766
721 834
722 779
723 764
723 978
724 773
724 793
724 966
724 986
725 991
726 857
727 905
730 779
731 774
732 872
732 914
733 894
734 864
734 985
735 737
735 817
735 952
735 967
736 813
736 900
736 937
737 817
737 978
738 786
738 878
739 826
740 743
740 836
740 923
740 969
743 969
744 835
745 861
745 927
746 747
746 797
747 797
748 827
748 890
750 953
751 800
751 954
752 906
753 780
753 888
754 836
756 927
757 768
758 782
758 853
758 885
759 999
761 905
762 895
762 896
763 784
763 785
764 978
766 820
766 834
767 791
768 864
769 803
769 864
769 915
769 979
771 796
771 812
771 835
771 960
772 773
772 777
772 851
772 910
773 966
773 986
775 889
776 847
777 797
782 853
783 897
783 919
784 785
785 930
786 823
787 949
788 863
788 929
788 948
789 806
790 874
790 913
790 946
792 956
793 986
794 798
794 909
795 958
795 963
796 812
796 957
798 829
798 872
798 909
798 961
799 859
799 912
801 856
802 816
802 877
803 915
804 838
805 934
805 974
805 993
807 851
807 910
807 942
808 815
810 921
811 902
813 856
813 898
813 900
813 937
814 837
817 967
818 822
818 826
818 964
818 989
821 911
821 948
822 989
823 831
825 881
826 964
827 890
827 994
828 848
829 857
829 909
829 961
830 880
832 995
833 966
835 960
836 923
838 878
838 993
839 960
840 865
841 844
841 933
842 984
842 987
844 850
844 933
845 920
845 921
845 940
851 910
851 942
851 986
853 899
854 981
854 999
855 907
856 898
857 909
859 912
859 951
860 908
860 943
861 903
861 927
862 955
863 948
866 954
866 997
867 882
868 885
873 925
874 887
876 945
876 982
879 963
882 928
884 955
887 895
887 988
890 910
893 980
895 896
897 919
898 930
901 926
904 920
904 940
912 951
913 946
915 926
915 979
916 956
918 945
920 940
921 929
923 969
924 971
924 984
926 979
934 993
935 938
942 986
947 957
958 963
958 990
964 989
975 997
980 991
987 995
491 711
901 537
655 82
465 510
827 240
482 608
989 574
477 303
523 434
621 137
176 614
453 400
520 821
897 428
341 486
571 569
457 781
933 745
288 888
925 346
728 603
865 425
463 802
845 532
553 414
779 89
747 774
97 643
765 215
661 396
858 330
395 615
409 371
107 524
10 457
582 802
464 383
777 739
963 514
325 268
435 456
960 575
882 726
400 541
103 751
518 243
626 99
591 437
277 122
436 87
373 733
106 193
765 539
795 464
326 253
542 836
315 299
429 836
365 657
756 477
742 384
772 145
475 748
307 767
580 413
365 625
228 528
520 519
759 823
678 505
904 374
127 223
800 135
139 365
740 925
763 794
766 667
192 330
272 64
123 741
499 70
753 112
600 82
204 342
947 501
285 481
510 204
566 471
731 67
430 613
547 958
364 873
677 778
204 734
657 646
505 410
74 300
441 796
154 311
613 242
339 954
559 742
639 522
388 521
102 305
798 888
770 431
834 838
422 700
365 64
195 395
168 653
664 754
745 734
952 359
218 437
743 406
540 46
291 561
605 501
455 360
727 557
681 537
334 31
466 449
745 251
838 496
531 669
399 949
848 405
572 192
126 521
842 173
460 234
227 140
446 695
304 228
540 765
760 377
708 899
515 24
648 387
414 830
593 700
585 393
429 272
862 685
690 658
224 615
781 870
955 418
309 673
487 825
697 116
104 618
769 322
72 553
696 527
724 257
195 275
615 711
381 78
370 99
387 115
422 637
431 815
565 96
39 374
776 255
345 533
153 392
593 832
336 741
385 256
119 684
441 177
653 629
259 901
344 85
540 913
154 218
834 290
464 69
425 590
652 294
526 583
142 229
189 135
866 407
636 202
211 471
456 572
685 751
930 280
653 821
56 410
152 201
271 868
578 534
165 413
863 745
134 798
344 912
51 656
160 625
565 690
560 720
165 554
834 466
638 558
680 342
17 380
436 986
862 502
558 510
575 841
920 668
465 156
372 367
334 826
105 416
611 696
559 374
982 389
674 690
946 295
256 250
109 733
646 663
548 152
252 203
384 828
968 354
163 481
915 718
684 382
278 409
210 370
539 887
389 145
598 364
851 827
788 279
507 456
477 83
326 862
885 370
179 834
493 591
542 201
801 566
954 484
726 150
744 133
127 315
153 839
415 290
932 368
430 934
464 177
716 912
828 312
311 168
417 78
271 833
917 762
281 821
207 617
489 170
162 374
465 203
214 602
251 415
321 400
759 681
551 644
546 73
195 764
809 417
227 217
930 299
686 264
809 729
543 232
442 337
403 333
856 654
596 291
722 375
674 320
595 215
434 878
123 474
734 586
555 612
132 278
446 736
126 592
581 278
483 215
142 425
682 586
341 695
656 418
348 412
287 598
444 940
522 965
446 26
337 581
76 345
417 503
715 57
276 443
729 482
834 194
695 442
702 597
505 650
819 391
257 152
292 400
908 356
139 189
749 505
774 113
539 722
353 188
914 744
685 157
187 865
124 645
959 456
451 672
894 221
166 602
84 744
751 908
106 290
251 296
270 97
136 813
548 692
423 854
82 630
502 606
320 154
769 512
855 200
489 449
141 467
303 532
160 708
740 853
836 391
566 815
620 459
581 66
383 37
564 347
782 679
938 726
382 749
362 399
533 154
654 727
700 287
177 712
679 885
693 911
820 800
282 384
786 397
855 286
509 666
370 778
766 497
814 151
690 831
118 570
515 478
484 385
553 866
871 479
244 593
410 17
634 260
593 121
562 833
376 981
910 217
802 537
439 761
882 585
249 166
641 592
250 440
674 234
905 267
566 932
879 652
21 491
841 643
217 802
225 499
194 549
670 469
635 305
260 805
239 888
334 344
51 455
149 756
540 939
586 772
641 445
622 764
660 932
403 262
564 19
403 673
421 133
316 597
259 760
379 288
212 865
639 789
309 443
244 107
795 98
748 306
711 315
722 658
234 450
304 610
664 307
471 341
844 267
615 880
804 266
643 24
608 774
639 126
410 719
838 767
603 552
480 951
26 576
920 567
78 583
863 541
425 419
268 472
285 282
313 831
177 281
363 314
295 94
671 254
877 450
486 35
597 188
832 721
400 123
95 658
411 54
898 795
151 671
363 589
691 765
211 881
246 689
538 802
739 197
817 330
270 631
315 700
132 721
265 588
225 578
876 239
549 988
395 889
569 492
711 194
348 723
26 646
919 230
282 657
172 675
343 680
658 777
350 167
766 907
508 118
122 827
585 93
279 729
619 531
579 47
348 558
840 701
720 782
681 733
767 888
142 616
318 716
133 452
97 721
57 586
191 467
354 505
953 376
800 355
312 933
597 720
273 848
810 229
807 371
62 379
843 626
497 853
665 793
637 629
625 363
105 501
235 747
458 420
319 133
695 692
555 176
298 912
573 264
537 12
456 865
443 966
258 516
896 714
119 334
896 594
645 688
295 345
455 825
225 197
718 349
668 612
627 503
391 929
145 648
340 197
640 948
85 545
233 424
793 695
514 315
897 576
194 884
728 230
799 339
783 537
195 434
237 649
149 526
282 540
864 708
696 555
667 489
177 382
615 615
809 697
286 707
516 136
286 672
939 514
242 812
334 307
878 784
174 541
505 898
510 709
529 708
384 680
309 204
526 302
80 422
850 579
893 322
595 147
551 491
532 400
96 235
612 196
773 580
218 552
810 618
746 284
971 554
462 258
144 508
437 217
586 461
527 616
532 134
524 54
793 590
209 823
54 601
308 315
867 374
730 737
185 801
635 883
468 706
731 810
217 229
498 218
735 519
304 41
380 652
758 419
81 481
639 222
124 398
143 584
286 58
940 338
305 724
499 519
609 746
713 874
579 787
456 722
643 929
567 330
398 786
524 544
906 637
830 410
501 538
322 238
316 640
407 423
86 256
243 712
875 621
401 227
489 773
53 438
734 93
653 200
932 623
378 963
481 969
480 992
396 565
310 803
202 502
434 240
334 546
915 701
575 867
491 369
100 457
144 685
472 869
642 837
399 756
145 552
769 810
51 503
836 435
396 852
624 934
441 152
460 129
315 349
457 2
805 505
293 743
206 717
602 25
340 796
343 631
291 794
625 341
162 819
825 137
190 368
204 637
51 344
467 651
65 524
795 206
707 272
737 109
697 241
759 718
480 476
170 431
311 552
879 675
904 501
410 192
961 609
675 423
244 500
251 738
424 113
981 492
330 779
572 972
356 110
709 833
253 849
458 602
61 474
482 246
346 838
674 123
711 761
18 595
310 368
746 835
577 650
224 111
287 313
737 757
729 716
498 495
204 577
744 800
406 633
863 842
889 293
828 627
577 584
405 471
596 619
513 270
506 559
378 228
420 764
224 916
377 196
502 974
77 272
283 161
303 189
160 251
747 236
732 357
996 455
251 637
465 902
344 291
848 714
51 360
823 688
161 774
885 532
770 295
704 742
644 460
328 523
593 663
739 270
329 367
497 730
811 669
770 613
640 708
606 968
222 165
204 131
379 616
358 923
576 246
230 178
420 36
744 818
420 893
245 829
170 789
986 617
295 518
300 501
471 276
143 335
741 174
253 574
609 419
491 752
579 749
244 84
798 808
478 122
598 937
265 190
821 784
332 52
986 557
409 406
826 376
747 595
588 347
502 329
244 543
150 163
396 93
85 385
662 217
348 783
582 959
395 454
508 188
420 93
872 350
618 597
442 552
862 165
344 390
810 200
412 576
453 308
786 565
151 444
473 550
206 245
80 602
790 765
300 876
458 332
63 646
260 120
306 387
528 997
364 266
532 180
573 308
724 925
659 863
737 467
46 575
667 569
729 432
662 151
286 774
573 231
91 572
209 455
700 379
174 148
434 197
144 776
911 515
652 367
382 412
764 748
899 238
332 75
498 628
52 322
395 725
751 161
805 638
662 839
914 433
76 466
189 733
786 225
489 673
587 548
872 799
734 870
603 458
131 674
693 55
816 347
529 269
521 82
337 892
175 466
92 441
450 840
418 685
157 736
533 527
600 479
488 900
379 879
172 204
519 854
617 789
206 314
914 289
628 481
644 487
967 647
355 436
106 767
419 450
692 623
355 756
73 316
605 170
706 722
251 656
656 331
468 617
779 776
170 188
822 212
317 66
640 412
817 873
749 619
548 708
760 89
624 77
959 630
631 149
682 196
79 517
347 241
7 545
751 891
713 610
32 351
116 460
701 162
325 470
200 668
426 345
725 454
530 378
713 527
886 743
369 504
744 539
451 465
624 176
664 665
133 162
518 635
387 767
654 40
596 406
556 904
773 177
175 352
804 388
311 90
537 599
722 330
955 437
398 702
576 712
591 904
467 105
460 964
720 942
819 746
820 479
508 92
438 535
78 724
233 124
610 578
616 219
356 228
401 281
9 569
710 816
612 859
485 355
888 401
461 764
662 275
592 636
748 639
245 328
927 547
703 101
793 521
51 540
859 605
208 95
32 610
581 478
424 546
437 131
264 316
522 224
539 319
232 234
44 634
505 40
928 392
492 419
890 512
