1000 2960 10
7 59 19 43 26 20 71 26 20 37 3 30 54 33 88 39 25 39 80 96 58 58 28 16 89 54 34 48 28 24 85 62 8 62 41 12 33 68 16 59 95 89 60 93 82 57 39 51 35 38 5 19 63 19 97 16 35 58 48 31 55 16 17 59 63 23 28 79 12 100 19 38 9 21 22 15 26 20 80 67 58 31 59 85 40 80 53 78 46 68 47 54 79 64 100 87 16 80 70 6 40 46 59 88 54 84 81 96 63 89 88 24 28 66 58 80 41 44 44 86 85 33 15 7 75 80 76 4 51 33 7 97 3 93 17 58 8 14 53 76 49 3 62 66 27 81 41 13 43 58 59 13 28 17 25 15 21 89 98 92 73 56 30 75 48 93 95 65 8 39 81 83 40 31 50 60 75 23 55 23 66 52 77 19 69 22 93 28 70 28 10 93 72 14 82 34 1 93 73 4 42 32 27 31 9 29 67 41 61 23 81 25 79 57 26 31 17 12 43 50 96 1 38 77 24 59 23 74 23 95 16 77 45 33 98 27 93 71 13 99 25 34 42 38 13 97 17 24 29 58 1 59 26 38 71 67 20 26 61 13 80 71 44 66 58 87 74 34 41 39 98 60 26 88 49 10 31 68 40 60 63 95 81 50 58 96 28 35 3 69 50 85 43 88 17 91 9 78 63 33 36 39 50 5 18 46 61 2 62 87 10 53 89 12 85 15 87 56 77 87 98 17 86 2 29 10 85 20 49 25 46 89 46 65 3 89 71 24 60 48 78 90 11 28 95 3 3 58 17 10 27 56 64 27 66 13 99 73 34 15 46 14 64 15 82 12 3 74 27 23 2 51 96 45 72 16 72 90 3 50 27 71 45 7 21 56 79 26 64 42 37 14 39 64 23 6 49 4 98 89 17 29 79 64 42 29 38 53 70 69 9 81 63 51 76 89 88 40 48 54 97 2 40 59 62 33 75 60 50 56 15 22 41 60 60 48 18 83 87 28 73 26 50 41 24 35 40 22 91 69 56 90 33 64 1 18 40 13 94 18 56 40 27 82 19 83 95 34 43 88 20 86 49 84 87 65 48 16 95 11 71 69 85 64 19 9 73 95 30 95 73 63 68 34 18 11 72 14 49 89 44 86 23 32 10 93 88 7 5 12 15 39 6 48 92 91 97 33 92 52 59 1 96 31 61 47 78 83 95 24 6 4 56 91 84 98 3 73 80 25 89 28 85 28 84 51 34 49 68 33 38 100 19 44 8 15 29 59 21 52 39 78 16 54 87 25 79 21 45 34 86 18 59 43 12 40 20 17 67 18 25 75 52 61 27 35 26 39 92 92 73 59 61 6 33 15 21 62 89 51 68 100 15 52 15 75 98 19 44 30 57 48 64 94 92 69 84 20 78 35 97 13 51 14 51 71 47 8 50 20 90 1 57 67 50 32 79 19 48 42 49 82 16 28 86 67 57 23 2 51 17 20 87 89 19 86 4 35 66 73 54 41 49 77 44 38 58 3 20 24 46 70 56 54 9 18 63 30 75 100 49 64 72 13 64 73 69 4 60 75 36 41 16 94 48 69 90 51 97 13 14 77 23 87 34 48 58 24 24 18 13 20 81 67 72 93 62 47 52 54 55 68 39 8 32 90 39 71 19 54 14 5 3 28 54 14 94 88 50 52 12 59 68 56 67 4 71 44 48 94 38 99 58 26 84 61 6 72 69 8 94 50 21 92 4 19 92 97 85 50 75 95 55 46 20 64 32 9 55 12 95 22 19 10 28 25 87 79 77 27 80 41 9 7 1 30 80 89 49 11 82 56 93 51 69 76 97 38 5 25 30 29 68 70 28 38 70 54 37 43 33 32 12 28 22 23 27 84 97 25 63 66 76 95 38 56 90 84 91 20 72 3 45 82 97 30 85 86 71 53 94 25 48 8 40 39 51 78 60 2 10 40 81 33 11 55 9 16 24 65 87 6 98 70 68 40 5 24 71 21 73 43 3 42 15 86 85 93 9 66 88 33 48 56 42 44 4 10 83 79 92 34 12 67 24 87 45 70 49 89 33 52 22 76 72 93 75 9 19 79 75 25 73 89 96 36 83 89 89 74 64 75 67 58 34 78 56 54 86 30 70 44 26 94 78 65 28 95 48 71 84 11 22 40 32 65 7 94 41 54 50 60 2 90 47 28 46 59 62 82 40 25 25 11 32 81 16 64 98 72 51 62 81 5 19 70 33 29 36 46 94 40 63 75 5 27 28 8 29 57
0 317
0 434
0 674
0 690
0 785
1 147
1 278
1 697
1 903
1 924
1 926
2 38
2 197
2 287
2 339
2 669
2 916
2 998
3 171
3 233
3 324
3 529
3 561
3 583
3 673
4 33
4 146
4 461
4 560
4 820
5 661
5 841
5 846
5 922
6 86
6 133
6 371
6 545
6 800
7 46
7 52
7 120
7 407
7 409
7 557
7 573
7 636
8 157
8 574
8 836
8 884
9 151
9 282
9 444
9 513
9 609
10 272
10 305
10 329
10 714
10 800
10 882
11 26
11 88
11 291
11 479
11 481
11 707
11 855
12 164
12 553
12 641
12 842
12 887
13 164
13 626
13 887
13 904
14 345
14 569
14 693
14 717
14 848
15 261
15 406
15 681
15 708
15 952
16 466
16 487
16 739
16 812
17 327
17 543
17 608
17 701
17 735
17 919
18 145
18 450
18 501
18 505
18 603
19 243
19 280
19 501
19 505
20 124
20 319
20 435
20 601
20 758
20 793
20 950
21 123
21 486
21 496
21 710
21 720
21 850
22 360
22 392
22 396
22 418
22 464
22 733
22 828
23 101
23 130
23 528
23 652
23 699
23 793
23 914
24 70
24 97
24 542
24 619
24 641
25 172
25 338
25 460
25 668
25 718
25 833
25 947
26 88
26 291
26 494
26 496
26 643
26 850
27 51
27 287
27 594
27 769
27 998
28 348
28 492
28 497
28 754
28 893
28 970
29 190
29 280
29 656
29 825
29 930
29 959
30 271
30 730
30 823
30 863
30 908
31 506
31 522
31 637
31 685
31 750
31 851
31 913
32 152
32 155
32 647
32 782
32 808
32 881
32 934
33 71
33 146
33 622
33 663
33 817
33 820
34 54
34 206
34 307
34 405
35 147
35 369
35 511
35 709
35 853
36 159
36 201
36 274
36 293
36 476
36 503
36 651
36 798
37 150
37 371
37 397
37 442
37 545
37 614
37 870
37 873
38 40
38 197
38 339
38 905
39 143
39 368
39 543
39 607
39 608
39 928
39 978
40 262
40 339
40 491
40 871
40 905
41 183
41 194
41 284
41 429
41 596
41 868
42 201
42 293
42 503
42 766
42 980
43 323
43 391
43 689
43 815
44 591
44 630
44 895
44 982
45 510
45 532
45 748
45 804
45 839
45 964
46 52
46 120
46 156
46 692
47 217
47 404
47 602
47 615
47 684
48 195
48 467
48 514
48 519
48 751
48 946
49 320
49 414
49 472
49 602
49 684
49 821
50 85
50 92
50 258
50 300
50 530
50 533
50 773
50 981
51 73
51 357
51 403
51 559
51 594
51 696
51 984
51 998
52 156
52 616
52 636
52 879
53 123
53 309
53 563
53 724
53 767
53 880
54 80
54 307
54 405
54 721
54 889
55 145
55 153
55 218
55 225
55 450
55 606
55 761
55 927
55 996
56 211
56 593
56 649
56 796
56 908
57 127
57 837
57 871
57 872
57 910
58 62
58 173
58 564
58 722
58 801
58 811
58 826
59 105
59 106
59 208
59 235
59 249
59 688
59 790
60 423
60 552
60 584
60 604
60 667
60 671
61 106
61 142
61 426
61 650
61 688
61 830
62 173
62 621
62 680
62 801
63 82
63 612
63 797
63 831
64 144
64 524
64 730
64 997
65 227
65 422
65 512
65 557
65 783
65 862
65 994
66 239
66 518
66 883
66 896
67 419
67 489
67 544
67 575
67 661
67 676
67 841
68 313
68 393
68 464
68 474
68 778
69 214
69 377
69 405
69 588
69 756
70 444
70 445
70 454
70 542
70 619
70 768
71 146
71 539
71 546
71 629
71 817
71 936
72 138
72 188
72 246
72 311
72 352
72 394
72 516
72 942
73 155
73 315
73 403
73 647
73 696
74 299
74 306
74 449
74 621
74 680
75 243
75 597
75 664
75 723
75 825
76 98
76 457
76 591
76 630
76 727
76 771
77 89
77 304
77 462
77 483
77 537
77 922
78 195
78 670
78 681
78 757
78 949
79 144
79 187
79 780
79 787
79 824
79 997
80 171
80 561
80 665
80 721
80 889
81 184
81 285
81 488
81 547
81 753
81 784
81 897
82 612
82 618
82 831
82 856
83 363
83 599
83 944
83 949
83 971
84 220
84 433
84 456
84 711
84 860
85 87
85 530
85 616
85 762
85 915
85 981
86 133
86 738
86 800
86 882
87 92
87 410
87 616
87 981
88 219
88 479
88 643
88 788
89 304
89 537
89 737
89 921
90 309
90 318
90 570
90 633
90 880
90 973
91 336
91 438
91 747
91 773
91 957
91 995
92 410
92 687
92 747
92 773
92 981
93 279
93 409
93 422
93 815
94 176
94 229
94 314
94 437
94 448
94 691
95 140
95 179
95 362
95 382
95 479
95 538
95 872
96 128
96 440
96 512
96 558
96 578
96 783
96 874
97 443
97 477
97 553
97 619
97 641
98 372
98 402
98 439
98 457
98 630
98 698
98 795
99 634
99 670
99 708
99 813
99 829
100 120
100 279
100 540
100 590
100 645
100 815
101 335
101 652
101 720
101 793
102 104
102 317
102 651
102 674
102 888
103 308
103 324
103 498
103 508
103 665
103 889
103 972
104 159
104 651
104 803
104 888
105 180
105 644
105 688
105 790
106 235
106 426
106 688
107 283
107 408
107 515
107 716
107 719
107 968
108 433
108 516
108 712
108 805
108 860
108 991
109 182
109 298
109 431
109 811
109 931
110 150
110 202
110 540
110 590
110 678
110 741
110 940
111 177
111 226
111 315
111 428
111 555
112 174
112 183
112 596
112 781
112 840
112 901
113 302
113 332
113 530
113 704
113 762
113 847
114 181
114 330
114 858
114 948
115 356
115 385
115 395
115 698
115 794
116 127
116 219
116 479
116 538
116 899
117 216
117 274
117 293
117 432
117 715
117 864
118 312
118 419
118 526
118 544
118 799
119 256
119 305
119 701
119 714
119 919
120 279
120 407
120 645
120 692
121 312
121 351
121 428
121 799
121 967
122 141
122 277
122 552
122 604
122 612
122 935
123 335
123 496
123 563
123 720
123 767
124 482
124 699
124 758
124 793
124 810
125 417
125 837
125 886
125 899
126 346
126 517
126 620
126 700
126 844
127 538
127 837
127 872
127 899
128 137
128 227
128 323
128 422
128 512
128 578
128 815
129 136
129 229
129 314
129 376
129 600
129 627
129 877
129 941
130 326
130 528
130 652
130 778
131 169
131 361
131 374
131 634
131 829
132 148
132 276
132 288
132 354
132 430
132 918
133 545
133 678
133 738
134 162
134 404
134 554
134 573
134 985
135 208
135 235
135 244
135 452
135 775
136 176
136 314
136 402
136 471
136 877
136 895
137 307
137 323
137 578
137 729
137 786
138 246
138 493
138 516
138 521
138 854
138 900
139 437
139 470
139 703
139 719
140 254
140 362
140 743
140 857
140 872
140 916
141 277
141 333
141 755
141 935
142 207
142 426
142 808
142 830
142 881
142 983
143 543
143 607
143 714
143 919
143 990
144 787
144 958
144 997
145 450
145 603
145 958
146 388
146 560
146 629
147 278
147 369
147 511
147 903
147 932
148 276
148 430
148 776
148 779
148 963
149 178
149 610
149 632
149 642
149 907
149 966
150 545
150 678
150 741
150 870
151 266
151 282
151 331
151 444
151 445
151 746
152 207
152 341
152 647
152 696
152 881
153 167
153 218
153 242
153 761
154 198
154 358
154 443
154 470
154 477
154 658
154 703
154 925
155 315
155 647
155 934
156 424
156 535
156 616
156 692
156 762
156 915
157 263
157 303
157 513
157 574
157 845
157 884
158 171
158 248
158 541
158 679
158 721
159 274
159 651
159 715
159 803
160 273
160 321
160 566
160 677
160 818
160 867
161 662
161 690
161 785
162 217
162 404
162 414
162 554
162 562
162 684
163 313
163 393
163 528
163 903
163 926
163 932
164 542
164 641
164 887
164 904
165 262
165 332
165 425
165 469
165 491
165 623
165 770
166 205
166 378
166 436
166 549
166 764
166 852
166 993
167 190
167 242
167 606
167 761
167 805
167 930
167 999
168 510
168 517
168 600
168 627
168 832
168 976
169 261
169 361
169 446
169 829
169 952
170 250
170 383
170 776
170 883
170 963
171 561
171 679
171 721
172 569
172 633
172 640
172 833
172 947
172 973
173 264
173 325
173 621
173 722
174 183
174 194
174 221
174 781
175 344
175 436
175 459
175 468
175 549
175 846
176 196
176 314
176 448
176 471
176 960
177 312
177 315
177 428
177 526
177 635
177 934
178 234
178 322
178 386
178 448
178 610
178 907
178 938
179 382
179 479
179 481
180 537
180 605
180 644
180 650
180 688
180 737
181 266
181 381
181 387
181 802
181 858
181 948
182 292
182 722
182 811
182 931
183 194
183 596
184 547
184 840
184 897
184 901
185 487
185 736
185 739
185 923
186 388
186 415
186 546
186 614
186 629
186 653
186 814
187 524
187 765
187 824
187 904
187 997
188 267
188 352
188 394
189 265
189 297
189 375
189 731
189 859
189 869
190 606
190 930
190 959
191 275
191 411
191 556
191 816
191 987
192 234
192 372
192 386
192 439
192 683
192 986
193 420
193 458
193 525
193 765
193 955
194 221
194 400
194 429
194 912
195 599
195 666
195 751
195 757
195 946
195 949
196 234
196 448
196 960
197 872
197 905
197 916
198 342
198 454
198 470
198 477
198 716
199 213
199 309
199 435
199 563
199 570
199 950
200 203
200 349
200 581
200 584
200 791
200 902
201 293
201 503
202 590
202 645
202 678
202 692
202 738
203 273
203 579
203 581
203 584
203 974
204 247
204 261
204 286
204 406
204 583
205 370
205 411
205 549
205 816
205 852
205 885
206 307
206 405
206 729
206 756
207 341
207 881
207 912
207 983
208 235
208 249
208 373
208 462
208 483
208 775
209 301
209 421
209 638
209 664
209 854
209 858
209 866
210 236
210 429
210 452
210 912
210 983
211 350
211 427
211 593
211 796
211 933
212 551
212 572
212 607
212 639
212 978
213 318
213 570
213 950
213 988
214 270
214 377
214 663
214 756
214 820
215 353
215 396
215 567
215 828
215 929
216 265
216 278
216 398
216 432
216 859
216 864
217 404
217 684
218 242
218 712
218 927
219 451
219 479
219 788
219 886
219 899
220 359
220 433
220 456
220 659
220 869
220 991
221 400
221 781
222 270
222 391
222 461
222 582
222 598
222 689
222 756
223 357
223 534
223 555
223 849
223 984
224 241
224 245
224 317
224 383
224 655
224 657
224 822
225 456
225 595
225 659
225 798
225 927
225 980
226 327
226 428
226 485
226 555
226 849
226 892
227 422
227 512
228 240
228 380
228 575
228 605
228 737
228 975
229 314
229 437
229 627
230 373
230 483
230 495
230 831
230 951
231 239
231 392
231 566
231 677
231 694
232 697
232 864
232 894
232 924
233 583
233 673
233 843
234 386
234 448
234 960
234 986
235 426
235 452
236 389
236 429
236 452
236 868
236 956
237 369
237 699
237 709
237 810
237 914
237 932
238 453
238 506
238 522
238 568
238 580
238 599
238 789
239 392
239 464
239 474
239 518
239 694
239 896
240 416
240 526
240 544
240 575
240 975
241 383
241 822
241 963
242 712
242 805
243 280
243 295
243 505
243 597
243 825
243 865
244 389
244 441
244 452
244 586
244 775
245 434
245 504
245 655
245 760
245 822
245 962
246 311
246 365
246 521
246 853
247 286
247 583
247 666
247 686
248 541
248 588
248 721
249 462
249 537
249 644
249 790
250 736
250 776
250 883
250 896
250 923
251 260
251 424
251 628
251 648
251 692
251 738
251 961
252 277
252 754
252 755
252 797
252 965
252 970
253 316
253 355
253 697
253 713
253 803
253 894
253 926
254 347
254 743
254 857
254 979
255 258
255 300
255 417
255 451
255 726
255 886
256 260
256 305
256 475
256 536
256 675
256 701
256 891
256 961
257 356
257 446
257 698
257 744
257 795
257 939
258 300
258 338
258 668
258 726
258 773
259 310
259 451
259 460
259 668
259 726
260 469
260 475
260 648
260 961
261 406
261 446
261 583
261 952
262 491
262 623
262 871
263 303
263 513
263 660
263 835
264 292
264 325
264 722
264 945
265 268
265 375
265 432
265 859
266 282
266 331
266 381
266 948
267 352
267 359
267 394
267 759
267 991
268 375
268 432
268 766
269 485
269 608
269 764
269 892
269 928
269 967
270 461
270 756
270 820
271 823
271 842
271 863
271 887
272 306
272 329
272 371
272 412
272 800
273 321
273 466
273 487
273 579
273 677
273 974
274 293
274 715
275 484
275 502
275 556
275 792
275 931
275 987
276 288
276 480
276 779
277 612
277 755
277 797
278 398
278 511
278 864
278 924
278 969
279 407
279 409
279 815
280 501
280 825
280 959
281 589
281 620
281 637
281 700
281 941
282 513
282 884
282 948
283 408
283 510
283 719
283 804
283 839
283 976
284 548
284 596
284 868
284 902
285 488
285 753
285 855
285 929
285 953
285 977
286 406
286 666
286 681
286 757
287 743
287 769
287 916
287 979
287 998
288 480
288 893
288 918
289 603
289 613
289 706
289 787
289 958
290 349
290 596
290 897
290 901
290 902
291 707
291 850
292 463
292 722
292 931
292 945
293 432
293 766
294 354
294 552
294 667
294 745
294 935
295 367
295 505
295 525
295 705
295 865
296 444
296 447
296 454
296 515
296 609
296 835
296 968
297 359
297 759
297 859
297 869
298 415
298 431
298 811
298 814
299 306
299 329
299 449
299 639
299 990
300 366
300 417
300 533
301 365
301 521
301 638
301 854
302 332
302 425
302 628
302 648
302 847
303 660
303 748
303 845
303 848
304 380
304 841
304 921
304 922
305 714
305 882
305 961
306 329
306 412
306 680
307 498
307 729
307 786
307 889
308 498
308 508
308 514
308 772
308 898
309 563
309 570
309 880
310 451
310 460
310 494
310 788
310 954
311 853
311 942
312 428
312 526
312 799
313 393
313 528
313 778
315 403
315 555
315 934
316 328
316 355
316 803
316 888
317 434
317 655
317 657
317 674
317 888
318 570
318 611
318 633
318 988
319 520
319 523
319 601
319 878
319 950
320 414
320 562
320 809
320 821
321 818
321 974
322 340
322 565
322 734
322 907
322 925
322 938
323 689
323 729
323 815
324 508
324 529
324 673
324 972
325 449
325 621
325 777
325 876
325 945
326 360
326 418
326 652
326 778
327 534
327 608
327 735
327 849
327 892
328 355
328 657
328 861
328 888
329 714
329 990
330 334
330 520
330 858
330 948
331 381
331 420
331 531
331 746
332 425
332 704
332 770
333 354
333 755
333 935
333 965
334 421
334 520
334 523
334 858
335 435
335 563
335 720
335 793
336 338
336 438
336 773
336 807
337 507
337 693
337 725
337 834
337 909
337 937
337 964
338 668
338 773
338 807
338 833
339 491
339 669
339 838
340 350
340 734
340 925
340 933
341 400
341 594
341 696
341 912
342 454
342 477
342 619
342 768
343 553
343 576
343 796
343 823
343 842
344 468
344 846
344 875
344 922
345 569
345 693
345 725
345 807
346 472
346 499
346 700
346 844
347 547
347 781
347 840
347 857
347 979
348 480
348 492
348 893
349 581
349 897
349 902
350 427
350 925
350 933
351 364
351 465
351 631
351 799
351 967
352 516
352 991
353 396
353 733
353 867
353 929
353 953
354 430
354 745
354 812
354 819
354 918
354 935
354 965
355 393
355 474
355 518
355 713
355 861
356 385
356 446
356 698
357 534
357 559
357 763
357 984
358 427
358 443
358 576
358 925
359 759
359 869
359 991
360 418
360 464
360 778
361 374
361 401
361 446
361 732
362 382
362 547
362 753
362 857
363 670
363 813
363 949
363 971
364 378
364 631
364 764
364 967
365 521
365 585
365 638
365 740
365 853
366 417
366 533
366 702
367 458
367 505
367 525
367 603
367 706
368 764
368 928
368 978
368 992
368 993
369 709
369 932
370 490
370 592
370 852
370 885
370 992
371 397
371 412
371 545
371 800
372 402
372 439
372 471
372 986
373 483
373 495
373 577
373 775
373 951
374 527
374 634
374 732
375 731
375 766
375 980
376 589
376 877
376 895
376 941
377 541
377 588
377 663
378 436
378 631
378 764
379 527
379 591
379 750
379 752
379 913
379 971
380 575
380 737
380 841
380 921
381 387
381 531
382 481
382 753
382 989
383 657
383 883
383 963
384 490
384 572
384 806
384 978
384 992
385 395
385 446
385 632
385 917
386 610
386 683
387 531
387 597
387 802
387 865
388 560
388 614
388 629
388 873
389 452
389 586
389 943
389 956
390 441
390 550
390 586
390 617
391 540
391 598
391 689
391 815
392 464
392 566
392 733
393 474
393 713
393 926
394 759
394 774
394 942
395 439
395 683
395 794
395 917
396 733
396 828
397 412
397 478
397 614
397 801
397 826
398 759
398 774
398 859
398 969
399 718
399 724
399 880
399 947
399 954
399 973
400 594
400 769
400 781
400 912
401 446
401 732
401 744
401 939
402 471
402 630
402 895
403 555
403 984
404 615
404 985
405 588
405 721
405 756
406 681
407 409
408 447
408 515
408 804
409 422
409 557
410 616
410 654
410 687
410 879
411 484
411 816
411 885
411 987
412 680
412 801
413 480
413 492
413 625
413 760
413 785
413 962
414 562
414 684
415 431
415 539
415 546
415 814
416 526
416 635
416 782
416 934
416 975
417 702
417 837
417 886
418 486
418 652
418 695
418 720
418 828
419 544
419 676
419 799
420 445
420 525
420 531
420 705
420 746
420 955
421 523
421 585
421 601
421 638
421 858
422 557
422 815
423 473
423 550
423 584
423 671
424 535
424 628
424 692
425 469
425 648
426 452
426 983
427 576
427 796
427 925
428 485
428 967
429 868
429 912
430 739
430 776
430 812
431 539
432 766
433 860
433 991
434 655
434 785
434 962
435 563
435 793
435 950
436 459
436 549
436 631
437 627
437 691
437 703
437 719
437 976
438 646
438 807
438 834
438 995
439 683
439 698
439 794
440 498
440 578
440 772
440 786
440 874
441 577
441 586
441 617
441 775
442 560
442 624
442 870
442 873
443 477
443 553
443 576
444 445
444 454
444 609
445 542
445 746
445 955
446 939
447 515
447 660
447 748
447 804
447 835
448 691
448 938
449 551
449 621
449 639
449 777
450 501
450 996
451 726
451 788
451 886
452 983
453 558
453 568
453 599
453 874
453 946
454 716
454 768
454 968
455 499
455 507
455 602
455 615
455 646
456 659
456 711
456 927
457 727
457 795
458 525
458 706
458 765
458 824
458 911
459 465
459 489
459 631
459 676
459 846
460 668
460 718
460 954
461 560
461 582
461 624
461 820
461 827
462 483
462 537
463 792
463 906
463 931
463 945
464 474
464 778
465 631
465 676
465 799
466 487
466 579
466 812
467 514
467 672
467 751
467 898
468 549
468 816
468 875
469 475
469 491
469 648
469 675
470 703
470 716
470 719
471 960
471 986
472 499
472 602
472 700
472 821
472 851
473 550
473 584
473 682
473 791
473 943
474 518
475 675
476 651
476 662
476 674
476 798
477 619
478 564
478 614
478 653
478 826
479 481
479 538
480 492
480 625
480 779
480 893
481 855
481 989
482 585
482 740
482 758
482 810
483 495
484 502
484 885
484 987
485 892
485 967
486 695
486 710
486 720
487 677
487 694
487 739
487 923
488 784
488 818
488 977
489 661
489 676
489 846
490 806
490 885
490 992
491 675
491 838
492 754
492 797
493 656
493 742
493 854
493 900
493 999
494 496
494 643
494 724
494 767
494 788
494 954
496 767
496 850
497 819
497 893
497 918
497 970
498 772
498 786
498 889
499 507
499 602
499 844
499 937
500 558
500 568
500 587
500 783
500 789
500 994
501 505
501 606
501 959
501 996
502 792
502 806
502 885
502 906
503 798
503 980
504 625
504 760
504 822
505 603
506 522
506 580
506 913
507 646
507 834
507 937
508 673
508 898
509 571
509 642
509 649
509 734
509 907
510 532
510 832
510 839
510 976
511 774
511 853
511 942
511 969
512 783
513 609
513 835
513 884
514 519
514 772
514 898
515 968
516 805
516 900
516 991
516 999
517 600
517 620
517 832
517 844
518 861
518 883
519 772
519 946
520 523
520 878
520 884
520 948
521 854
522 685
522 789
523 601
524 626
524 730
524 863
524 904
524 997
525 705
526 544
526 635
527 634
527 732
527 752
527 813
527 971
528 778
528 914
528 932
529 561
529 972
530 533
530 704
530 762
531 705
531 865
532 832
532 844
532 909
532 964
533 702
533 704
533 770
534 735
534 749
534 763
534 849
535 628
535 762
535 847
536 675
536 749
536 838
536 891
537 644
537 737
538 872
539 546
539 679
539 936
540 590
540 598
540 815
540 940
541 588
541 622
541 663
541 679
542 641
542 904
542 955
543 608
543 919
544 575
545 678
546 629
547 753
547 840
547 857
548 682
548 791
548 868
548 902
549 816
550 586
550 617
550 671
550 856
550 943
551 572
551 639
551 777
552 604
552 667
552 935
553 576
553 641
553 842
554 562
554 573
554 862
554 994
555 849
555 984
556 816
556 875
557 573
557 862
558 568
558 783
558 874
559 669
559 763
559 998
560 624
560 873
561 665
561 972
562 587
562 789
562 809
562 994
564 653
564 811
564 814
564 826
565 691
565 890
565 925
565 938
566 677
566 733
566 867
567 695
567 707
567 710
567 828
567 929
568 789
569 640
569 807
569 833
569 848
571 593
571 649
571 734
571 933
572 777
572 806
572 876
572 978
573 636
573 862
573 879
573 985
574 611
574 836
574 845
575 841
576 796
577 617
577 618
577 775
577 831
577 951
578 786
579 584
579 745
579 812
580 599
580 913
580 944
581 897
581 974
582 598
582 624
582 827
582 940
583 686
583 843
584 667
584 745
584 791
585 601
585 638
585 740
585 758
586 943
587 789
587 994
588 721
589 637
589 895
589 941
589 982
590 645
591 630
591 750
591 752
591 771
591 982
592 852
592 992
592 993
593 649
593 933
594 696
594 769
595 659
595 731
595 869
595 980
596 901
596 902
597 664
597 802
597 858
597 865
598 940
599 944
599 946
599 949
600 620
600 627
600 941
601 758
602 615
602 684
603 706
603 958
604 612
604 671
605 650
605 737
605 830
605 975
606 761
606 959
606 996
607 639
607 978
607 990
608 892
608 928
609 835
610 683
610 917
610 966
611 633
611 640
611 836
611 845
611 988
612 671
612 797
612 856
613 706
613 787
613 911
614 653
614 873
615 646
615 920
615 957
615 985
615 995
616 879
616 915
617 618
617 856
618 831
618 856
619 768
620 700
620 941
621 680
622 663
622 679
622 817
623 770
623 871
623 910
624 827
624 870
624 940
625 760
625 779
625 822
626 863
626 887
626 904
627 976
628 648
628 847
630 895
632 642
632 649
632 917
632 966
633 640
633 973
634 813
634 829
635 934
636 879
637 700
637 750
637 851
637 982
639 990
640 845
640 848
642 649
642 907
643 788
644 790
645 692
646 834
646 995
647 696
649 908
650 688
650 830
651 674
652 720
653 814
654 687
654 879
654 920
654 985
656 742
656 825
656 930
656 999
657 861
657 883
657 888
658 691
658 703
658 890
658 925
659 869
660 748
660 835
661 841
661 846
662 674
662 690
662 785
662 798
663 820
664 723
664 858
664 866
665 889
665 972
666 672
666 686
666 751
666 757
667 745
668 726
669 763
669 838
669 998
670 681
670 708
670 813
670 949
671 856
672 673
672 686
672 751
672 843
672 898
673 843
673 898
674 690
675 838
676 799
677 694
678 738
679 817
679 936
680 801
681 708
681 757
682 791
682 868
682 943
682 956
683 917
685 789
685 809
685 821
685 851
686 843
687 747
687 920
687 957
689 729
689 756
690 785
691 703
691 890
691 938
692 738
693 717
693 725
693 748
693 964
694 896
694 923
695 710
695 828
697 894
697 924
697 926
698 794
698 795
699 793
699 810
699 914
700 851
701 735
701 891
701 919
702 770
702 837
702 910
704 770
705 865
706 911
707 710
707 850
707 855
707 929
708 829
708 952
709 740
709 810
709 853
710 850
711 860
711 927
712 805
712 860
712 927
713 926
714 919
714 990
715 803
715 864
715 894
716 719
716 968
717 748
717 848
718 947
718 954
719 976
722 811
723 742
723 825
723 866
724 767
724 880
724 954
725 807
725 834
727 728
727 744
727 771
727 795
728 732
728 744
728 752
728 771
729 756
730 863
731 869
731 980
732 744
732 752
733 867
734 907
734 933
735 749
735 891
736 739
736 776
736 923
737 921
738 882
738 961
739 776
739 812
740 810
740 853
741 870
741 940
742 825
742 854
742 866
743 916
743 979
744 795
744 939
745 812
747 773
747 957
748 804
748 848
748 964
749 763
749 838
749 891
750 913
750 982
752 771
753 855
753 989
754 797
754 970
755 965
759 774
759 859
760 962
762 847
762 915
763 838
764 928
764 967
764 993
765 824
765 904
765 955
766 980
769 781
769 979
770 910
772 874
772 946
774 942
774 969
776 963
777 876
779 822
779 963
780 787
780 824
780 911
781 840
781 979
782 808
782 830
782 934
782 975
783 994
784 818
784 897
784 974
785 962
787 911
787 958
789 809
791 902
792 906
792 931
796 823
796 908
798 980
800 882
801 826
802 858
803 888
803 894
804 839
805 999
806 876
806 885
806 906
807 833
807 834
808 830
808 881
809 821
811 814
813 971
816 875
817 936
818 867
818 974
818 977
819 918
819 965
819 970
821 851
822 963
823 842
823 908
824 911
829 952
830 975
831 951
832 844
836 878
836 884
836 988
837 899
837 910
840 901
841 922
842 887
844 909
844 937
845 848
846 922
852 993
853 942
854 866
855 929
855 989
860 927
861 883
862 994
863 887
864 894
864 924
867 953
867 977
868 956
870 940
871 872
871 905
871 910
872 905
872 916
874 946
875 922
876 906
876 945
877 895
878 884
878 950
878 988
879 985
880 973
882 961
883 896
884 948
886 899
890 925
893 918
895 982
896 923
897 901
897 974
900 999
903 926
903 932
904 955
906 945
909 937
909 964
912 983
913 944
913 971
914 932
917 966
920 957
920 985
929 953
930 999
943 956
944 971
947 973
950 988
953 977
957 995
960 986
965 970
978 992
992 993
23 535
185 410
491 699
991 419
884 652
536 974
741 671
717 522
426 303
418 231
695 711
395 549
482 60
442 73
528 355
926 283
208 642
637 767
250 100
270 156
324 364
368 495
286 532
275 445
450 144
503 434
396 516
460 738
87 711
224 196
475 6
751 320
441 839
913 651
907 517
221 370
40 451
807 661
497 664
654 801
521 655
343 753
39 403
815 548
754 227
573 295
699 538
662 414
892 389
686 381
592 523
476 771
690 521
401 435
923 508
155 143
571 17
502 601
811 763
348 922
217 751
386 864
796 762
174 863
406 18
777 458
196 556
525 925
229 497
912 571
447 168
934 685
194 295
475 802
752 760
288 203
784 203
433 993
890 320
357 46
960 507
336 651
189 858
842 328
95 250
621 532
708 665
627 511
438 528
429 977
416 396
584 448
612 493
768 523
650 175
421 615
817 447
482 108
785 177
881 276
751 564
333 443
62 501
944 461
86 476
375 927
357 880
520 221
151 228
897 801
776 600
530 827
352 718
597 570
341 249
791 116
455 568
94 420
518 888
656 732
727 550
558 855
162 777
375 455
301 381
490 560
658 287
461 589
821 478
666 219
277 476
884 232
138 656
716 642
695 459
300 874
691 195
847 499
212 265
578 175
427 651
146 759
392 850
680 763
376 25
241 75
890 670
204 400
122 632
708 64
762 639
389 202
436 800
159 171
548 131
460 826
656 556
447 291
974 608
79 459
260 611
3 501
697 417
224 451
450 91
578 623
619 890
185 187
621 253
915 243
139 588
998 530
497 397
787 799
373 737
595 948
677 167
508 850
687 105
410 602
399 924
341 229
863 820
356 737
340 673
186 610
871 720
382 61
173 299
92 352
205 188
675 961
727 131
383 117
374 764
897 354
690 155
481 666
523 161
370 394
270 702
38 418
739 598
259 682
955 312
651 905
882 525
412 816
306 901
282 257
351 821
576 66
710 815
390 372
897 587
320 556
129 392
678 419
138 180
450 538
105 285
390 749
834 574
536 784
74 554
39 307
555 813
788 469
454 919
652 198
242 926
241 568
153 422
983 386
699 137
331 878
320 814
257 391
794 371
213 556
470 900
100 583
159 192
286 170
280 845
54 570
230 309
955 335
957 583
324 945
158 598
669 620
109 756
155 460
418 679
518 515
623 697
828 145
541 484
486 483
633 660
941 271
543 638
457 269
802 818
97 380
372 218
151 307
81 386
604 817
876 602
483 23
731 719
240 637
82 431
713 952
100 644
137 795
168 391
757 541
253 168
689 271
398 247
574 254
329 747
324 609
933 329
449 709
92 661
295 65
314 716
389 530
827 825
65 419
181 723
321 152
471 226
108 344
895 772
727 766
533 542
264 290
620 617
477 298
460 981
671 715
749 744
891 491
915 436
384 408
463 484
218 319
518 871
233 480
668 183
496 811
147 509
67 531
409 368
350 333
713 385
257 627
644 101
836 532
957 443
770 812
290 490
577 785
148 526
727 735
341 266
363 190
579 604
145 742
330 280
349 439
563 437
578 355
529 438
537 684
630 86
425 771
492 159
514 51
600 979
546 365
660 347
398 693
60 675
292 685
596 88
572 865
161 283
308 579
165 707
171 503
805 123
510 764
541 107
110 300
288 505
884 207
387 641
847 291
593 862
256 307
531 557
314 127
641 835
241 384
665 878
757 698
747 157
259 909
867 235
73 368
695 235
925 597
603 885
809 269
460 938
356 210
385 611
131 569
682 846
753 79
714 110
332 201
872 682
301 815
249 832
801 571
248 545
207 480
180 318
767 109
296 553
797 705
142 373
440 436
407 759
875 192
736 200
510 800
679 444
905 543
941 300
734 527
515 250
747 511
644 496
668 923
756 716
24 631
700 399
921 749
469 868
512 558
308 496
528 903
365 159
309 289
770 486
243 761
672 583
600 628
360 858
562 84
550 838
346 783
152 643
912 783
88 403
125 253
34 547
346 389
593 918
599 185
577 415
755 142
859 441
264 845
823 659
519 113
436 202
389 161
880 176
489 258
659 150
746 784
230 115
485 508
334 830
828 389
483 185
617 379
81 265
793 190
359 117
571 926
468 458
861 611
307 948
822 844
239 520
563 897
225 643
907 387
609 957
601 650
546 173
711 176
674 353
259 761
214 516
610 676
13 463
505 123
815 703
423 582
77 663
393 576
284 361
283 941
700 935
570 820
350 494
194 626
317 635
552 932
683 876
561 655
37 671
217 242
423 481
258 931
386 497
99 700
907 454
644 356
780 412
238 146
716 932
18 425
64 595
288 134
781 342
595 365
936 431
659 60
595 263
206 357
804 458
435 254
901 409
510 235
175 255
632 267
190 527
881 401
361 295
241 298
762 350
337 305
421 47
355 136
502 882
846 257
267 463
973 448
599 544
349 183
592 300
559 561
553 763
656 573
576 717
408 982
449 599
944 723
781 583
948 610
429 136
652 778
493 906
753 659
921 725
371 653
305 752
612 925
230 806
725 820
188 758
497 69
713 457
527 812
661 969
745 483
815 409
494 746
867 665
993 487
740 411
369 410
834 742
630 134
255 574
344 541
791 401
513 384
389 388
641 47
730 847
700 477
431 319
476 915
521 66
238 878
842 480
234 677
804 346
280 674
832 596
980 371
247 727
284 319
280 822
755 415
938 582
712 255
755 585
800 242
654 866
601 26
439 762
51 323
333 731
307 200
815 591
822 361
658 248
335 326
659 393
282 81
196 791
424 917
210 150
689 814
633 801
450 235
717 95
425 335
165 822
314 65
823 689
646 430
651 513
228 849
210 867
466 151
672 266
767 776
939 640
536 612
832 634
81 612
437 54
648 223
657 606
880 695
763 214
586 896
738 70
451 368
866 254
486 860
693 500
737 302
278 296
716 781
460 351
468 101
695 52
435 508
377 944
726 576
598 395
453 806
626 639
659 27
401 903
44 467
299 472
859 733
652 482
53 548
222 220
137 549
587 139
67 296
484 281
541 954
3 480
915 609
289 235
946 482
934 350
211 730
508 467
501 715
883 303
209 803
937 384
942 413
44 496
592 681
545 906
244 591
738 622
971 650
776 747
908 305
291 766
737 119
682 397
736 353
947 361
636 478
371 908
830 553
16 510
621 155
691 578
544 344
224 580
342 510
460 783
167 430
788 138
274 398
684 287
617 739
535 573
582 156
576 577
348 151
310 82
372 536
897 291
241 364
360 519
108 222
147 209
183 480
678 734
119 428
532 183
506 321
461 443
567 190
344 472
974 554
821 804
275 217
418 441
564 363
517 484
810 196
830 215
865 527
428 14
63 342
844 228
273 558
650 77
581 760
169 612
440 951
700 642
174 633
260 351
783 622
254 234
446 680
843 188
204 706
378 174
601 468
507 299
551 735
770 285
911 372
833 243
362 616
86 745
125 757
882 543
909 326
300 358
154 329
44 601
166 157
627 564
514 735
612 856
380 90
64 385
402 463
476 168
442 739
554 593
811 227
870 415
567 468
165 342
268 889
148 621
750 828
255 484
97 625
352 61
389 727
440 868
781 440
309 649
1 529
864 473
340 48
453 497
760 381
343 937
278 741
811 874
317 404
775 129
801 167
532 36
133 820
10 443
553 870
720 703
788 732
324 216
135 461
533 273
171 220
727 870
548 402
419 848
730 374
279 376
857 784
206 664
858 280
871 763
782 534
659 954
937 656
282 628
125 711
884 623
688 360
85 595
523 15
370 71
260 202
807 722
844 610
322 541
888 260
416 879
202 889
607 283
520 421
580 382
469 255
399 323
502 577
551 698
560 274
364 692
520 965
493 49
952 379
629 300
452 329
560 964
633 589
486 326
550 794
377 517
716 325
639 889
234 330
247 251
364 568
206 848
405 662
313 235
124 365
121 235
164 535
727 466
451 21
134 407
321 169
271 233
296 607
318 775
96 313
800 630
501 621
472 629
831 675
832 419
630 979
756 845
693 214
377 318
676 499
411 417
416 831
686 678
176 551
408 270
691 899
475 542
463 53
111 490
931 490
613 135
590 739
585 804
98 679
136 437
732 215
193 572
305 674
915 418
474 562
202 251
344 698
299 730
211 434
423 76
490 645
791 861
667 84
551 11
588 327
521 602
334 66
373 796
783 304
263 434
644 545
459 672
742 90
128 683
649 757
640 457
448 965
533 995
191 593
164 411
596 117
186 437
113 206
627 819
345 559
206 209
856 849
238 432
617 68
468 844
169 739
962 666
593 344
645 137
858 181
802 608
678 245
201 331
284 780
818 338
796 832
859 404
455 426
373 241
864 327
366 342
223 908
921 264
314 593
446 453
396 125
299 781
617 446
272 58
222 178
704 161
657 677
19 603
120 593
571 323
132 726
725 80
587 847
502 217
166 358
99 734
832 287
961 462
441 404
281 650
449 883
590 210
311 620
683 831
427 705
36 339
611 512
744 252
368 832
517 785
667 462
713 143
692 953
396 340
377 580
702 766
141 266
666 849
638 858
761 431
600 431
220 132
384 41
476 737
191 216
