1000 2961 10
66 28 76 25 46 30 86 92 56 96 6 29 43 19 81 84 60 91 84 60 9 63 13 35 35 16 55 40 23 42 38 36 29 52 26 54 9 92 12 24 64 70 28 47 56 8 75 36 93 27 25 91 55 83 32 45 72 85 57 3 57 92 79 8 71 60 64 20 18 13 62 29 85 18 56 8 82 4 4 63 72 45 99 3 4 55 66 92 40 3 62 93 81 44 40 52 59 86 1 39 26 44 55 74 97 71 68 79 41 24 32 97 90 28 34 14 33 17 91 76 20 31 55 94 86 47 92 84 66 18 97 7 75 48 53 12 73 97 11 40 54 12 87 64 32 36 53 28 71 60 77 75 97 21 68 100 54 11 23 6 55 15 31 69 6 2 57 91 59 39 91 30 87 9 32 39 39 24 1 40 64 92 74 46 92 69 37 59 68 51 77 26 47 11 40 44 3 6 64 18 16 24 45 20 89 73 55 34 31 41 85 89 41 53 12 25 15 34 60 53 59 84 93 87 92 32 49 13 57 25 61 12 43 22 9 41 44 44 7 59 10 45 36 6 2 56 99 44 18 80 32 62 66 11 6 94 77 97 35 15 19 89 3 44 58 31 51 2 22 31 73 19 85 11 2 42 76 65 77 98 81 44 23 25 18 44 11 20 67 64 12 44 19 11 18 49 61 74 16 63 89 2 67 78 95 87 21 10 27 11 96 97 99 76 80 88 21 23 67 70 53 7 19 93 85 20 83 93 50 56 33 92 39 66 17 48 30 15 31 71 29 31 75 75 93 34 66 84 26 72 82 9 100 45 74 65 96 70 68 78 67 42 58 87 9 32 76 5 47 79 99 27 82 92 16 4 66 19 55 34 38 76 29 83 75 14 68 88 55 13 22 18 45 44 36 12 36 6 18 49 27 51 24 45 80 50 85 6 5 3 28 66 83 41 11 84 40 81 90 76 13 15 86 92 63 93 32 63 36 45 44 12 67 73 52 80 96 20 43 77 53 77 9 47 75 41 87 32 65 86 52 87 26 11 80 10 63 84 93 20 92 47 43 3 40 6 7 19 74 14 56 94 65 65 67 66 35 44 80 79 36 31 84 54 26 29 2 50 30 46 77 95 16 40 86 95 91 3 93 98 52 78 100 58 62 48 95 47 90 77 48 25 52 2 64 95 12 54 84 58 70 98 81 33 56 6 53 43 33 20 64 5 33 53 95 77 44 42 5 92 67 91 31 48 67 36 30 30 100 8 39 92 32 16 44 80 59 10 79 79 91 86 97 45 31 32 88 43 43 22 18 48 36 5 77 10 39 50 45 17 87 32 16 43 29 45 51 41 67 53 14 82 44 42 31 1 22 26 27 80 68 14 21 32 43 23 51 68 11 49 90 90 6 68 46 89 66 3 79 37 52 26 38 39 26 82 10 59 2 58 88 10 36 83 65 83 23 40 7 74 71 16 55 61 15 100 23 70 31 57 89 96 30 62 7 3 26 82 62 97 3 4 23 61 7 68 49 26 51 91 95 57 16 35 73 21 6 60 90 74 6 93 80 38 45 54 91 15 68 1 67 43 82 91 23 61 56 76 48 64 45 55 58 36 63 98 62 32 76 93 99 27 27 39 74 7 40 99 20 29 66 17 72 6 7 5 82 44 99 44 94 90 42 60 94 41 26 89 11 75 22 79 99 54 54 19 29 66 6 85 16 42 95 90 100 48 46 18 5 53 50 90 10 95 42 91 59 9 17 4 5 59 70 61 91 88 56 100 20 9 10 62 37 16 99 47 37 8 60 39 91 36 81 74 78 11 12 56 13 12 36 33 51 69 90 82 40 39 8 21 65 72 85 63 83 84 55 83 5 3 25 43 24 100 94 62 24 65 3 22 40 70 16 18 6 64 40 50 81 34 32 20 4 47 31 23 99 35 94 33 38 19 18 19 61 39 9 29 59 81 98 95 85 45 68 53 4 68 32 90 30 37 43 49 3 7 99 33 60 64 82 97 37 3 82 79 42 58 87 25 72 73 24 25 71 74 76 74 17 93 96 49 61 9 95 23 76 30 42 55 74 31 97 21 57 65 49 81 29 93 65 64 67 66 39 86 96 45 31 98 4 17 35 92 19 50 85 65 60 6 70 65 72 40 97 57 74 87 24 14 94 14 96 45 87 80 69 30 32 15 91 31 3 95 72 77 7 97 39 99 68 86 58 24 78 71 24 69 42 83 41 26 15 95 12 8 49 61 7 90 35 33 53 66 36 20 64 82 61 58
0 78
0 701
0 722
0 814
0 883
0 984
1 448
1 457
1 484
1 653
1 739
1 957
2 105
2 150
2 188
2 496
2 543
2 570
2 848
3 55
3 80
3 157
3 184
3 334
3 396
3 700
3 948
4 107
4 343
4 386
4 603
4 763
4 884
4 941
5 24
5 203
5 504
5 621
5 633
5 641
5 873
6 45
6 390
6 766
6 835
6 922
6 998
7 14
7 191
7 283
7 385
7 755
8 300
8 465
8 717
8 842
9 94
9 402
9 521
9 666
9 679
9 894
10 33
10 98
10 348
10 508
10 632
10 757
10 926
11 60
11 114
11 345
11 430
11 599
11 892
12 82
12 145
12 347
12 464
12 586
12 814
12 932
13 164
13 518
13 587
13 626
13 631
14 314
14 385
14 528
14 583
14 755
15 93
15 128
15 357
15 459
15 716
15 789
16 418
16 433
16 444
16 562
16 682
16 694
17 90
17 260
17 269
17 290
17 341
17 502
17 860
18 279
18 567
18 738
18 946
19 110
19 397
19 544
19 645
19 807
20 28
20 190
20 753
20 937
20 971
21 224
21 326
21 542
21 609
21 708
21 837
22 67
22 616
22 836
22 910
23 258
23 356
23 412
23 734
23 759
23 893
23 911
24 230
24 504
24 592
24 621
24 690
24 988
25 178
25 445
25 658
25 667
25 720
25 885
25 966
26 354
26 553
26 616
26 791
26 969
27 454
27 798
27 872
27 885
27 972
27 985
28 190
28 435
28 927
28 945
28 971
29 57
29 366
29 525
29 613
29 731
29 775
30 241
30 351
30 477
30 703
30 773
30 839
31 39
31 126
31 166
31 252
31 446
32 165
32 303
32 492
32 537
33 348
33 632
33 778
34 271
34 340
34 383
34 482
34 865
35 83
35 468
35 529
35 580
35 817
36 149
36 178
36 440
36 556
36 658
36 720
36 788
37 117
37 295
37 480
37 744
37 774
37 796
37 887
38 299
38 517
38 691
38 850
38 862
39 126
39 166
39 369
39 481
39 530
39 550
39 895
40 143
40 156
40 221
40 239
40 480
40 651
40 796
41 179
41 532
41 609
41 867
41 987
42 193
42 434
42 478
42 575
42 724
42 728
42 844
42 989
43 95
43 101
43 574
43 681
43 841
44 153
44 259
44 438
44 456
44 489
44 534
44 649
44 802
44 919
45 329
45 427
45 766
45 825
45 835
46 219
46 306
46 349
46 401
46 535
46 769
46 811
47 130
47 288
47 389
47 519
47 718
47 784
48 114
48 185
48 572
48 608
48 699
48 763
48 892
49 82
49 750
49 866
49 869
49 950
49 960
50 135
50 213
50 242
50 593
50 800
51 92
51 263
51 264
51 615
51 627
51 723
52 121
52 204
52 292
52 605
52 647
52 652
52 733
53 409
53 549
53 579
53 604
53 819
54 61
54 242
54 332
54 774
54 824
55 157
55 159
55 396
55 804
55 901
56 110
56 163
56 246
56 428
56 544
56 656
56 736
57 229
57 366
57 372
57 516
57 582
57 613
57 803
58 217
58 604
58 614
58 819
58 940
59 78
59 197
59 213
59 421
59 586
59 748
59 814
60 106
60 107
60 158
60 430
60 599
61 242
61 295
61 593
61 741
61 774
61 849
62 186
62 313
62 461
62 695
62 698
62 940
63 121
63 258
63 412
63 652
63 781
63 911
64 102
64 229
64 372
64 398
64 443
64 512
64 582
65 137
65 240
65 336
65 635
65 795
66 167
66 450
66 744
66 861
66 993
67 381
67 616
67 759
67 836
68 139
68 169
68 257
68 503
68 595
68 715
68 908
69 315
69 910
69 969
70 72
70 155
70 406
70 607
70 612
70 654
70 973
71 108
71 191
71 283
71 353
71 559
71 777
72 155
72 406
72 506
73 238
73 573
73 611
73 615
73 617
73 710
73 723
73 902
74 148
74 173
74 640
74 648
74 664
75 233
75 638
75 670
75 728
75 844
75 914
76 147
76 247
76 539
76 598
76 668
76 829
77 222
77 308
77 337
77 383
77 913
78 421
78 814
78 984
79 302
79 304
79 664
79 753
79 952
80 125
80 157
80 273
80 674
80 700
81 138
81 189
81 351
81 655
82 464
82 586
82 748
82 750
82 950
83 140
83 214
83 468
83 529
83 764
83 976
83 992
84 433
84 538
84 659
84 752
84 761
85 113
85 137
85 185
85 301
85 699
85 795
85 830
86 99
86 175
86 233
86 670
87 195
87 365
87 414
87 485
87 689
87 692
87 806
88 179
88 338
88 600
88 660
88 709
88 977
88 987
89 242
89 515
89 800
89 824
89 996
90 260
90 270
90 675
90 860
91 285
91 444
91 498
91 567
91 629
91 661
92 202
92 264
92 615
92 900
93 128
93 211
93 350
93 727
93 789
93 877
93 968
94 132
94 679
94 881
94 894
95 373
95 475
95 479
95 574
95 681
95 697
95 809
96 323
96 328
96 418
96 467
96 475
96 565
96 694
96 768
97 98
97 281
97 410
97 499
97 856
98 348
98 425
98 499
98 742
98 757
98 856
98 931
99 175
99 233
99 429
100 182
100 491
100 584
100 730
100 826
101 565
101 574
101 841
101 982
102 104
102 228
102 229
102 261
102 339
102 512
102 642
103 275
103 533
103 596
103 925
103 995
104 261
104 512
104 579
104 782
104 797
105 188
105 316
105 496
105 882
105 980
106 107
106 158
106 167
106 851
106 993
107 167
107 599
107 884
107 941
108 146
108 193
108 283
108 559
109 353
109 552
109 559
109 920
109 975
109 997
110 164
110 483
110 544
110 645
110 736
111 129
111 145
111 289
111 359
111 473
111 556
111 788
112 284
112 311
112 369
112 423
112 429
112 481
112 672
113 198
113 220
113 795
113 830
113 917
113 939
114 599
114 763
114 884
114 892
115 356
115 381
115 735
115 785
115 836
116 167
116 450
116 497
116 603
116 662
116 941
117 150
117 796
117 861
117 887
118 349
118 401
118 483
118 631
118 645
119 265
119 267
119 318
119 406
119 476
119 607
119 619
119 890
120 180
120 751
120 828
120 872
120 985
120 991
121 388
121 412
121 647
121 652
122 427
122 535
122 794
122 811
122 835
123 310
123 392
123 399
123 678
123 687
123 739
123 947
124 220
124 320
124 336
124 531
124 591
124 795
125 273
125 589
125 700
125 808
125 859
125 868
126 250
126 446
126 550
126 711
127 198
127 435
127 490
127 572
127 576
127 590
127 918
127 939
127 945
128 459
128 701
128 877
129 417
129 473
129 558
129 788
129 979
130 389
130 522
130 547
130 718
130 752
130 888
131 286
131 347
131 519
131 718
131 871
132 299
132 428
132 862
132 881
132 953
133 228
133 339
133 387
133 643
133 729
134 174
134 180
134 275
134 462
134 737
134 754
135 213
135 421
135 800
135 833
136 373
136 501
136 671
136 697
136 816
136 916
137 301
137 635
137 795
138 189
138 255
138 650
138 655
138 786
139 358
139 447
139 536
139 595
139 715
140 413
140 492
140 529
140 764
140 978
141 235
141 620
141 726
141 853
141 854
142 453
142 555
142 680
142 869
142 876
142 930
142 967
143 221
143 570
143 618
143 651
143 685
143 843
144 389
144 578
144 738
144 846
144 928
145 280
145 289
145 347
145 473
145 932
146 193
146 283
146 623
146 724
146 755
146 989
147 247
147 346
147 405
147 539
147 765
147 921
147 942
148 302
148 648
148 664
148 713
149 178
149 507
149 558
149 788
149 798
150 496
150 651
150 685
150 796
150 848
150 861
151 157
151 484
151 646
151 653
151 674
152 304
152 436
152 640
152 664
152 721
152 934
153 309
153 456
153 710
153 802
153 880
153 938
154 160
154 243
154 272
154 440
154 701
154 877
155 506
155 537
155 612
155 637
156 239
156 332
156 420
156 480
156 805
157 646
157 674
157 901
158 430
158 725
158 851
158 863
158 870
159 396
159 445
159 541
159 636
159 684
159 804
160 211
160 440
160 658
160 877
161 293
161 607
161 704
161 898
161 955
161 973
162 187
162 249
162 263
162 298
162 624
162 745
162 929
163 428
163 736
163 852
163 935
163 953
164 483
164 518
164 631
164 736
165 314
165 492
165 537
165 583
165 756
165 983
166 207
166 252
166 530
166 914
167 450
167 941
167 993
168 234
168 423
168 577
168 643
168 775
169 257
169 400
169 499
169 595
170 181
170 360
170 669
170 790
170 971
171 310
171 448
171 488
171 732
171 739
171 998
172 278
172 671
172 809
172 904
173 227
173 640
173 648
173 693
174 253
174 275
174 362
174 737
174 925
174 970
174 994
175 369
175 429
175 530
175 670
175 895
176 251
176 588
176 627
176 792
176 878
176 965
177 324
177 364
177 439
177 623
177 755
178 720
178 798
178 885
179 201
179 609
179 660
179 987
180 462
180 751
180 754
180 991
181 226
181 548
181 669
181 838
181 937
181 971
182 224
182 326
182 491
182 584
182 634
182 673
182 864
183 269
183 290
183 296
183 391
183 394
183 523
184 334
184 447
184 503
184 589
184 715
184 908
184 948
185 301
185 699
185 892
186 217
186 461
186 471
186 940
187 249
187 370
187 624
187 676
187 743
187 896
188 374
188 441
188 543
188 980
188 986
189 351
189 355
189 477
189 650
190 569
190 676
190 743
190 753
190 927
190 952
191 283
191 285
191 385
191 661
191 777
192 453
192 527
192 680
192 924
192 930
192 949
193 363
193 559
193 564
193 575
193 724
194 256
194 392
194 399
194 639
194 709
194 954
195 231
195 414
195 663
195 689
196 235
196 325
196 487
196 666
196 944
197 213
197 308
197 442
197 551
197 593
197 748
197 950
198 917
198 918
198 939
199 223
199 487
199 566
199 707
199 726
199 779
199 854
199 915
200 211
200 658
200 727
200 966
201 326
201 609
201 660
201 864
202 264
202 276
202 571
202 878
202 900
203 382
203 466
203 633
203 827
203 873
203 923
204 292
204 605
204 714
204 822
204 857
205 365
205 414
205 554
205 596
205 644
206 215
206 422
206 437
206 449
206 524
206 540
207 252
207 364
207 623
207 858
207 914
208 315
208 333
208 377
208 431
208 705
208 735
209 319
209 330
209 614
209 696
209 797
209 802
209 940
210 329
210 425
210 526
210 742
210 825
211 658
211 727
211 877
212 262
212 291
212 367
212 479
212 563
212 610
212 904
213 421
213 593
214 288
214 468
214 758
214 903
214 992
215 344
215 380
215 437
215 449
216 219
216 390
216 411
216 597
216 811
216 835
217 255
217 471
217 604
217 940
218 342
218 346
218 572
218 576
218 608
218 688
219 411
219 769
219 811
220 531
220 795
220 917
221 239
221 594
221 837
221 843
222 271
222 383
222 470
222 509
222 662
222 913
223 327
223 402
223 487
223 566
224 326
224 673
224 708
225 236
225 316
225 733
225 875
225 974
225 980
226 302
226 713
226 838
226 937
227 241
227 585
227 640
227 693
227 721
227 839
228 229
228 339
228 366
228 387
229 366
229 582
230 455
230 621
230 690
231 362
231 414
231 554
231 663
231 740
231 897
232 375
232 376
232 416
232 532
232 628
232 867
232 958
232 987
233 423
233 429
233 638
233 670
234 366
234 643
234 775
235 325
235 487
235 620
235 854
236 431
236 733
236 785
236 875
237 548
237 648
237 693
237 838
238 245
238 307
238 611
238 617
238 873
238 899
238 929
239 420
239 673
239 708
239 837
240 336
240 635
240 714
240 799
240 857
241 721
241 773
241 839
241 934
242 593
242 800
242 824
243 272
243 359
243 440
244 303
244 335
244 612
244 637
244 978
244 990
245 611
245 641
245 873
245 874
246 248
246 266
246 375
246 544
246 656
247 322
247 668
247 942
248 299
248 375
248 656
248 850
248 958
249 263
249 370
249 588
249 627
250 265
250 267
250 446
250 711
251 276
251 355
251 505
251 878
251 965
252 267
252 364
252 439
252 446
252 506
252 537
253 422
253 437
253 737
253 812
253 970
254 354
254 553
254 566
254 630
254 705
254 912
255 471
255 549
255 604
255 655
255 786
256 392
256 826
256 954
256 963
257 400
257 432
257 771
257 908
258 412
258 911
259 330
259 534
259 802
260 341
260 675
260 918
260 936
261 642
261 782
262 278
262 367
262 393
262 610
262 806
263 617
263 627
263 723
263 745
264 627
264 878
265 267
265 472
265 476
265 711
266 375
266 397
266 544
266 810
267 406
267 446
267 506
268 293
268 419
268 557
268 601
268 823
268 831
268 973
268 988
269 290
269 394
269 502
270 361
270 561
270 675
270 860
271 340
271 383
271 470
271 827
271 829
271 879
272 359
272 701
272 883
273 368
273 674
273 808
274 361
274 548
274 561
274 693
274 855
275 462
275 533
275 828
275 925
275 991
276 355
276 571
276 650
276 878
277 776
277 793
277 866
277 930
277 967
278 367
278 393
278 671
278 816
278 904
278 916
279 285
279 385
279 528
279 567
279 946
280 289
280 359
280 932
281 294
281 410
281 432
281 771
281 856
281 868
282 320
282 321
282 391
282 834
282 907
283 755
284 481
284 550
284 665
284 672
284 711
284 801
285 385
285 567
285 661
286 347
286 403
286 464
286 871
286 962
287 538
287 761
287 783
287 956
287 999
288 519
288 758
288 784
288 871
288 903
289 359
290 296
290 352
290 860
291 323
291 328
291 479
291 563
291 622
291 768
291 772
292 652
292 857
293 514
293 955
293 973
293 988
294 526
294 568
294 742
294 856
294 868
294 931
295 450
295 741
295 744
295 774
295 906
296 352
296 523
296 855
297 467
297 596
297 622
297 995
297 999
298 307
298 322
298 424
298 624
298 929
298 942
299 428
299 656
299 850
299 862
300 465
300 564
300 717
300 815
301 345
301 635
301 892
302 664
302 713
302 753
302 937
303 492
303 537
303 637
303 978
304 379
304 436
304 664
304 952
305 393
305 663
305 689
305 692
305 806
305 916
306 371
306 401
306 535
306 762
306 778
307 322
307 899
307 929
308 337
308 442
308 551
308 913
308 960
309 456
309 770
309 780
309 880
310 399
310 488
310 597
310 739
311 423
311 577
311 672
311 801
312 415
312 447
312 474
312 905
312 948
313 696
313 698
313 940
313 961
314 528
314 583
314 983
315 377
315 553
315 705
315 910
315 969
316 384
316 605
316 733
316 882
316 980
317 411
317 500
317 600
317 639
317 709
317 807
317 847
318 476
318 516
318 619
319 330
319 398
319 512
319 534
319 797
320 531
320 591
320 781
320 834
320 907
321 391
321 523
321 893
321 907
322 668
322 899
322 942
323 328
323 467
323 622
324 439
324 583
324 755
324 756
325 416
325 620
325 628
325 944
326 609
326 864
327 402
327 566
327 630
327 845
327 894
328 768
329 425
329 427
329 508
329 825
329 926
330 534
330 802
331 350
331 541
331 727
331 901
331 966
332 480
332 515
332 774
332 805
332 824
333 431
333 705
333 875
333 912
334 589
334 700
335 419
335 612
335 654
335 823
335 990
336 591
336 795
336 799
337 383
337 793
337 866
337 960
338 375
338 810
338 977
338 987
339 642
339 729
340 482
340 827
340 923
341 502
341 531
341 917
341 936
342 346
342 435
342 569
342 576
342 921
342 927
343 386
343 405
343 763
343 787
344 380
344 437
344 513
344 737
344 754
345 430
345 635
345 892
346 688
346 765
346 921
347 464
347 473
347 547
347 718
348 587
348 762
348 778
349 401
349 645
349 769
350 727
350 901
350 957
350 968
351 477
351 585
351 655
351 839
352 361
352 855
352 860
353 552
353 559
353 777
354 553
354 630
354 791
354 845
355 477
355 505
355 650
355 703
356 381
356 388
356 412
356 759
356 785
357 457
357 678
357 716
357 789
357 947
358 447
358 536
358 546
359 440
359 556
359 814
359 883
359 932
360 590
360 790
360 918
360 971
361 561
361 855
361 860
362 554
362 560
362 677
362 740
362 970
362 994
363 559
363 564
363 717
363 975
364 439
364 623
365 378
365 414
365 485
365 644
366 387
366 643
366 775
367 904
368 493
368 495
368 568
368 674
368 808
369 429
369 481
369 895
370 379
370 588
370 602
370 896
371 401
371 587
371 626
371 631
371 762
372 443
372 582
372 619
372 625
372 803
372 919
373 408
373 501
373 681
373 697
373 943
374 543
374 891
374 915
374 986
375 810
375 958
375 987
376 416
376 542
376 594
376 620
376 853
376 867
377 735
377 836
377 910
378 485
378 563
378 644
378 772
379 436
379 602
379 896
379 952
380 415
380 449
380 513
380 546
380 840
381 759
381 836
382 466
382 873
383 776
383 793
383 865
384 460
384 605
384 749
384 882
385 528
386 603
386 787
386 832
387 643
388 412
388 647
388 785
389 578
389 784
389 846
389 888
390 488
390 597
390 835
390 998
391 394
391 523
391 834
392 399
392 687
392 963
393 806
393 916
394 502
394 531
394 834
395 454
395 636
395 667
395 751
395 818
395 821
395 985
396 636
396 905
396 948
397 544
397 807
397 810
397 847
398 443
398 512
398 534
399 500
399 597
399 639
400 432
400 499
401 631
402 487
402 666
402 894
403 464
403 750
403 869
403 876
403 962
404 451
404 452
404 522
404 752
404 761
404 783
405 539
405 688
405 763
405 765
405 787
406 506
406 607
407 552
407 629
407 777
407 841
407 982
408 465
408 501
408 767
408 943
409 549
409 579
409 782
410 432
410 499
411 500
411 597
411 769
411 807
413 764
413 978
413 990
414 554
415 447
415 474
415 546
415 840
416 620
416 628
417 452
417 473
417 522
417 547
417 979
418 444
418 498
418 565
418 694
419 601
419 823
419 990
420 584
420 673
420 805
420 964
421 833
421 984
422 437
422 540
422 812
423 429
423 577
423 643
424 624
424 921
424 933
424 942
425 508
425 742
425 757
426 451
426 533
426 783
426 820
426 872
426 972
427 794
427 835
427 926
428 656
428 953
430 635
430 863
431 735
431 785
431 875
432 499
432 771
433 538
433 562
433 659
433 682
433 888
433 928
434 478
434 575
434 815
435 576
435 927
435 945
436 602
436 792
436 934
436 965
437 737
438 456
438 458
438 649
438 951
439 537
439 756
440 556
440 658
441 469
441 974
441 980
441 986
442 509
442 593
442 849
442 913
443 534
443 919
444 498
444 562
444 567
444 738
444 928
445 541
445 667
445 684
445 966
447 546
447 715
447 948
448 484
448 732
448 739
448 922
449 524
449 546
449 747
450 497
450 744
450 906
451 452
451 507
451 783
451 972
452 507
452 522
452 979
453 680
453 930
454 667
454 885
454 985
455 557
455 621
455 686
455 690
455 924
456 458
456 780
457 678
457 739
457 789
457 957
458 514
458 780
458 951
458 955
459 701
459 716
459 722
459 886
459 981
460 605
460 714
460 725
460 749
460 822
460 863
461 471
461 571
461 650
461 695
461 786
462 991
463 494
463 510
463 524
463 540
463 581
463 595
463 746
463 747
464 750
465 501
465 767
465 815
465 842
466 598
466 668
466 827
466 873
466 899
467 622
467 682
467 694
467 999
468 758
468 817
469 707
469 875
469 915
469 974
469 986
470 603
470 662
470 879
471 786
472 476
472 665
472 711
472 719
472 731
473 547
474 486
474 818
474 821
474 840
474 905
475 479
475 565
475 574
475 768
476 516
476 731
477 703
478 712
478 728
478 815
479 768
479 809
479 904
480 774
480 796
481 550
482 520
482 865
482 923
483 631
483 645
484 495
484 653
484 674
484 922
485 563
485 610
485 806
486 513
486 751
486 754
486 818
486 840
487 666
487 854
488 597
488 998
489 625
489 649
489 704
489 919
490 572
490 699
490 830
490 939
491 634
491 826
491 954
492 529
492 978
492 983
493 495
493 568
493 766
493 825
493 922
494 536
494 595
494 747
495 674
495 922
496 851
496 861
496 870
496 882
497 662
497 906
498 565
498 629
498 982
499 595
500 597
500 639
501 815
501 916
502 531
503 715
503 908
504 592
504 641
505 702
505 703
505 965
506 537
507 558
507 798
507 972
507 979
508 757
508 926
509 662
509 741
509 849
509 906
509 913
510 540
510 560
510 746
510 812
511 515
511 730
511 805
511 909
511 964
512 797
513 754
513 840
514 592
514 780
514 955
514 988
515 805
515 824
515 909
515 996
516 613
516 619
516 731
516 803
517 521
517 628
517 679
517 691
517 850
517 944
517 958
518 587
518 736
518 852
518 935
519 718
519 871
520 527
520 706
520 865
520 923
520 949
521 666
521 679
521 944
522 547
522 752
524 540
524 747
525 577
525 719
525 731
525 775
526 568
526 742
526 825
527 621
527 633
527 923
527 924
527 949
528 580
528 946
528 983
529 580
529 983
530 670
530 895
530 914
531 834
531 917
532 867
532 987
533 783
533 820
533 828
533 956
533 995
534 919
535 778
535 794
535 811
535 959
536 546
536 595
536 747
537 637
537 756
538 682
538 761
538 999
539 787
539 829
539 832
540 812
541 804
541 901
541 966
542 594
542 609
542 837
542 867
543 570
543 618
543 891
545 606
545 764
545 813
545 976
546 747
547 718
548 561
548 669
548 693
548 838
549 604
549 643
549 782
550 711
551 950
551 960
552 777
552 841
552 920
553 705
553 969
554 596
554 677
555 606
555 680
555 876
555 962
555 992
556 788
557 601
557 686
557 690
557 831
558 788
558 979
559 975
560 740
560 746
560 812
560 897
560 970
561 669
561 675
561 790
562 928
563 610
563 772
564 575
564 717
564 815
565 574
565 982
566 630
566 779
566 912
567 738
568 808
568 825
568 868
569 676
569 921
569 927
569 933
570 618
570 685
570 848
571 650
571 695
571 900
572 576
572 608
572 699
573 615
573 710
573 938
573 961
575 815
577 719
577 775
577 801
578 683
578 738
578 758
578 784
578 817
579 782
579 797
579 819
580 817
580 946
580 983
581 663
581 746
581 897
583 755
583 756
584 673
584 730
584 964
585 655
585 839
586 748
586 814
587 626
587 762
588 602
588 627
588 792
589 700
589 859
589 908
590 918
590 945
590 971
591 781
591 799
592 641
592 770
592 780
592 988
593 849
594 837
594 843
594 853
594 889
596 622
596 644
596 677
596 925
596 995
598 668
598 827
598 829
599 884
600 709
600 847
600 977
601 686
601 813
601 990
602 792
603 662
603 832
603 879
603 941
604 819
605 733
605 822
606 680
606 686
606 813
606 976
606 992
607 890
607 898
607 973
608 688
608 763
609 867
610 806
611 874
611 902
612 637
612 654
613 731
614 797
614 819
614 940
615 698
615 723
615 900
615 961
616 734
616 759
616 791
616 910
616 969
617 723
617 745
617 929
618 843
618 891
619 625
619 803
619 890
620 853
621 633
621 924
622 644
622 772
623 755
623 858
623 989
624 676
624 933
625 704
625 890
625 898
625 919
626 631
627 878
628 944
628 958
629 661
629 777
629 982
630 845
632 778
632 926
632 959
633 923
634 660
634 864
634 954
635 714
635 863
636 667
636 684
636 821
636 905
638 712
638 728
639 709
640 664
640 721
641 770
641 873
641 874
642 643
642 729
642 782
643 729
643 782
644 772
645 769
645 807
646 653
646 901
647 733
647 785
648 693
648 713
648 838
649 704
649 951
650 786
651 685
651 796
652 781
652 799
652 857
653 901
653 957
654 823
654 973
657 722
657 730
657 800
657 833
657 886
657 909
657 984
658 720
658 966
659 752
659 888
660 709
660 864
660 954
661 777
662 906
663 689
663 897
665 711
665 719
665 801
666 944
667 684
667 885
668 899
669 790
670 914
671 697
671 809
671 816
672 801
673 708
675 790
675 918
676 743
676 933
677 925
677 994
678 739
678 947
679 691
679 881
680 686
680 924
681 841
681 920
681 943
682 694
682 999
683 738
683 817
683 946
685 848
686 813
686 924
687 760
687 947
687 963
688 763
688 765
689 692
690 831
690 988
691 862
691 881
692 806
693 855
695 698
695 900
696 802
696 940
696 961
697 809
698 900
698 961
699 830
701 722
701 877
701 883
702 703
702 773
702 934
702 965
703 773
704 898
704 951
704 955
705 912
706 776
706 865
706 930
706 949
707 779
707 875
707 912
707 915
708 837
709 954
710 880
710 902
710 938
712 728
712 815
713 838
714 822
714 857
714 863
716 760
716 947
716 981
717 842
717 975
717 997
719 731
719 801
721 934
722 886
722 984
724 989
725 749
725 863
725 870
726 853
726 854
726 889
726 891
726 915
727 966
728 844
730 826
730 886
730 909
730 964
732 922
732 998
733 785
734 759
734 893
735 785
735 836
736 852
737 754
738 928
738 946
740 897
741 849
741 906
742 931
743 896
743 952
744 861
744 887
745 929
746 897
748 950
749 870
749 882
750 869
751 754
751 818
751 985
752 761
752 888
753 937
753 952
758 784
758 817
760 826
760 886
760 947
760 963
760 981
761 783
762 778
763 884
764 813
764 976
764 990
766 825
766 922
767 842
767 943
767 997
769 807
770 780
770 874
770 880
771 859
771 868
771 908
773 934
776 793
776 865
776 930
778 959
779 912
781 799
781 907
781 911
783 956
787 832
789 957
789 968
790 918
791 845
791 894
792 965
793 866
794 926
794 959
797 819
798 885
798 972
799 857
800 833
800 909
800 996
802 938
802 961
804 901
805 964
807 847
808 868
809 904
810 847
810 977
811 835
812 970
813 990
814 883
814 932
815 916
816 916
817 946
818 821
820 828
820 872
821 905
823 973
826 886
826 954
826 963
827 829
827 923
828 872
828 991
829 832
829 879
830 939
831 988
832 879
833 984
836 910
841 920
841 982
842 997
843 889
843 891
844 858
844 914
844 989
845 894
846 888
846 928
847 977
850 958
851 861
851 870
851 993
852 935
853 889
856 931
858 914
858 989
859 868
859 908
861 887
861 993
862 881
866 869
866 960
866 967
869 876
869 967
870 882
871 903
871 962
872 972
872 985
873 899
874 880
874 902
875 912
875 974
876 962
880 902
886 981
888 928
889 891
890 898
891 915
893 907
893 911
896 952
901 957
903 962
903 992
905 948
907 911
909 996
910 969
915 986
917 918
917 936
918 936
920 943
920 997
921 933
921 942
922 998
925 994
926 959
930 949
930 967
934 965
935 953
937 971
938 961
943 997
945 971
950 960
951 955
956 995
956 999
957 968
962 992
974 980
975 997
976 992
978 990
995 999
445 625
392 792
211 472
484 876
348 358
560 332
332 833
831 535
970 591
39 622
275 941
282 354
527 587
152 851
809 517
400 718
746 661
217 157
749 566
195 765
379 156
249 611
25 397
58 308
600 329
526 741
6 495
605 745
360 179
855 228
489 32
877 386
751 449
250 919
484 396
717 511
534 698
309 478
85 704
899 358
261 537
217 649
934 482
882 644
671 231
325 866
225 833
656 576
310 292
506 512
396 544
529 152
158 356
723 77
353 525
488 821
149 760
801 233
683 101
452 579
294 378
362 500
623 105
116 321
759 198
209 296
326 430
33 373
505 969
26 436
734 359
871 566
771 379
550 215
394 56
970 416
443 308
441 450
447 595
402 116
444 873
539 21
523 543
685 491
691 665
253 268
974 376
820 840
237 691
358 557
238 139
789 600
562 146
432 730
40 684
880 685
796 688
389 983
334 970
968 356
319 640
856 653
778 159
697 780
751 114
198 450
293 406
334 379
880 553
905 596
177 788
553 646
947 316
248 234
307 333
67 378
368 404
294 470
198 823
794 334
621 792
122 338
285 843
343 735
194 240
448 889
876 354
323 206
439 697
576 664
644 605
611 569
73 752
818 151
644 831
400 571
929 703
226 293
578 29
545 942
697 452
132 575
563 453
234 525
702 595
547 612
908 504
420 278
383 75
578 704
262 466
426 818
436 73
614 218
479 672
758 394
309 550
455 829
246 386
505 797
479 689
697 304
481 194
126 794
159 817
763 471
885 400
338 405
896 214
516 996
312 143
352 789
905 733
394 28
691 847
950 363
505 120
846 470
544 728
236 653
631 805
325 120
286 630
170 154
490 911
283 291
643 76
437 169
190 471
537 43
396 160
828 559
560 404
927 527
299 717
794 862
96 614
456 539
283 211
108 552
484 727
254 643
553 124
523 327
173 354
762 807
651 919
886 429
75 435
689 137
332 918
473 715
857 762
417 548
680 509
626 889
275 804
677 86
366 253
252 808
222 226
249 553
430 437
66 571
272 606
148 443
357 99
435 19
804 168
792 180
604 352
765 864
168 639
989 399
883 196
115 590
121 415
337 62
532 243
273 561
189 306
460 43
375 530
497 656
728 409
560 273
141 723
446 285
122 707
478 160
855 344
521 97
837 414
672 878
60 490
668 33
314 698
467 971
88 309
679 196
243 155
767 113
878 795
506 189
538 138
837 316
170 722
815 369
661 349
185 167
253 110
465 384
482 650
407 878
280 79
682 803
553 96
523 448
913 749
768 556
528 623
397 959
132 218
852 542
908 307
799 568
585 555
693 715
662 541
541 631
190 138
828 739
161 326
659 320
369 946
349 467
186 122
735 745
454 235
98 722
979 574
247 296
383 107
741 425
422 110
856 848
224 868
486 251
446 481
622 244
332 759
919 275
539 868
619 147
779 499
42 440
177 437
238 738
800 284
711 169
153 230
111 195
471 270
795 718
817 465
122 624
266 630
34 549
812 718
316 919
691 180
467 778
324 536
86 461
481 895
708 384
187 278
476 455
203 691
800 152
479 369
225 179
375 240
359 331
627 874
255 334
392 264
588 588
231 920
213 818
447 752
518 20
207 112
869 584
21 504
527 72
76 353
388 729
569 943
510 642
312 163
247 89
723 858
930 554
861 442
803 810
852 187
887 776
390 865
925 349
453 153
201 864
768 226
929 662
176 506
170 704
188 599
62 419
812 789
434 127
600 890
54 369
515 312
486 417
198 407
801 551
394 345
831 165
109 354
674 597
307 813
150 188
324 713
866 830
179 182
577 802
503 827
194 732
744 191
305 756
441 988
209 839
44 582
572 514
667 695
394 304
771 350
855 614
958 650
741 73
412 977
276 779
90 338
696 437
778 836
566 878
158 619
600 654
779 669
685 386
302 590
434 587
660 899
926 240
435 232
324 942
636 747
304 867
100 749
965 340
255 364
101 414
426 971
694 649
970 512
349 200
442 96
649 885
672 260
837 447
515 674
163 473
414 493
737 205
765 624
515 754
865 369
541 923
375 798
624 924
354 437
634 712
624 680
576 427
585 783
613 367
653 248
400 757
657 271
412 684
197 377
614 67
650 808
690 961
557 548
972 613
492 305
737 710
697 517
132 479
420 406
644 50
858 285
582 635
561 856
837 695
815 285
513 40
974 492
866 715
311 499
922 333
498 376
182 803
409 817
819 806
604 846
76 585
325 796
709 252
289 246
307 654
722 450
363 859
643 970
387 849
251 445
374 426
806 629
426 993
291 766
958 682
206 178
501 934
581 310
512 71
787 387
604 695
301 932
399 454
706 916
337 597
749 168
609 861
648 293
338 569
808 270
95 676
132 835
626 568
528 387
58 638
642 665
150 154
644 936
870 249
346 911
544 366
779 531
703 478
934 383
201 212
203 660
671 760
704 195
264 851
582 974
785 438
703 676
426 315
676 924
482 785
220 598
194 508
166 751
644 435
583 927
611 613
315 85
717 51
900 328
472 516
867 602
47 476
749 829
604 480
532 676
646 369
581 688
895 562
719 877
279 111
743 632
827 779
952 548
822 646
68 537
775 590
362 894
399 211
213 504
577 93
323 250
589 189
861 670
956 525
341 231
895 248
704 572
738 96
737 510
753 927
785 212
789 484
312 620
506 6
506 565
183 885
485 137
457 923
324 176
171 258
605 314
405 511
208 582
542 997
748 791
298 780
466 322
305 357
240 721
661 390
461 128
391 390
700 79
181 384
631 443
734 320
343 278
238 635
841 796
548 233
727 384
818 243
701 127
568 169
15 379
518 204
215 526
770 276
156 599
582 366
777 745
891 466
432 198
732 273
176 866
509 143
118 645
812 599
45 530
174 841
277 907
548 346
289 659
238 331
534 813
744 410
991 438
286 725
414 40
576 292
791 116
871 165
778 787
196 791
444 804
126 356
350 48
691 257
571 65
260 500
143 318
421 799
719 361
544 2
118 736
375 605
510 713
679 653
252 677
812 579
394 425
814 886
401 76
876 286
74 617
553 779
478 288
306 125
953 399
916 719
924 292
287 593
432 855
271 129
425 183
720 835
382 748
55 669
594 422
900 640
724 680
719 560
528 786
245 495
611 406
342 720
366 275
825 866
619 353
73 682
840 845
295 46
744 677
606 99
640 167
909 695
601 143
282 268
465 886
436 644
491 65
504 53
705 290
65 464
526 405
104 516
266 587
264 716
595 220
863 320
992 466
370 83
207 358
519 937
386 701
944 580
630 590
873 269
527 712
433 40
414 634
534 183
919 486
225 388
151 548
472 742
973 447
810 136
337 630
843 271
358 804
140 395
45 296
79 400
138 805
653 861
737 576
365 761
746 875
376 470
339 954
423 160
330 458
494 202
735 920
638 951
492 557
217 403
547 535
603 816
665 660
392 139
623 832
839 486
798 458
293 948
684 538
34 338
356 679
683 694
213 883
347 321
664 443
398 279
345 859
950 619
826 711
236 800
611 261
430 947
788 775
486 49
345 506
872 215
519 419
840 590
254 897
89 523
639 270
142 284
760 87
673 709
674 560
102 375
608 50
404 319
549 680
413 735
293 136
3 524
479 110
500 450
284 870
206 271
276 492
715 139
584 720
167 281
384 566
903 292
653 182
783 246
490 798
320 570
846 821
224 756
396 895
886 723
188 708
265 832
676 896
638 420
460 615
993 544
933 720
714 539
577 827
718 92
649 761
558 834
186 363
702 367
354 542
343 890
331 663
467 349
650 777
446 352
266 253
634 346
409 351
402 594
167 196
302 828
41 390
250 585
343 81
487 16
590 875
871 627
946 599
207 543
938 451
15 536
690 606
210 727
221 491
389 486
111 692
279 418
123 815
175 584
116 567
279 54
368 972
175 319
911 439
442 925
222 122
300 447
69 708
227 364
274 656
506 403
499 476
198 636
404 924
541 482
246 420
613 548
621 751
529 293
574 247
114 470
584 498
460 697
523 118
422 372
601 234
47 698
206 421
461 631
333 360
567 742
370 656
308 463
684 623
181 570
749 285
184 537
280 318
57 276
13 574
935 365
429 145
746 891
731 299
489 277
577 137
459 792
568 232
629 516
879 753
540 846
374 453
113 262
471 947
354 591
22 421
92 280
76 491
431 472
923 411
151 527
955 700
235 214
276 183
721 220
910 614
416 230
360 831
515 357
581 383
700 816
294 910
366 195
720 617
499 218
546 433
355 958
530 604
415 215
455 71
107 802
248 174
373 141
603 198
281 226
671 123
349 389
439 250
932 633
104 635
332 193
744 551
363 715
523 864
544 399
488 517
685 275
407 141
98 789
301 673
678 294
688 740
416 765
130 663
271 888
473 489
607 179
614 515
340 678
322 599
482 93
492 750
537 462
428 746
13 445
691 869
340 167
604 726
709 344
146 465
919 574
642 454
221 706
716 435
602 672
176 461
387 686
851 631
755 498
414 606
603 784
161 493
201 675
632 330
910 469
684 402
644 792
633 483
300 426
704 838
699 762
354 573
928 608
331 810
717 719
