1000 2955 10
99 8 59 39 33 3 85 11 67 66 62 96 90 54 50 26 11 37 96 50 93 50 59 54 45 2 53 16 53 93 92 2 77 18 23 31 20 57 97 65 32 22 54 55 19 73 37 94 18 12 20 85 34 38 20 69 38 51 91 53 65 21 44 89 12 32 15 38 20 72 54 63 35 18 47 89 54 80 74 49 58 10 41 82 34 67 20 67 33 56 83 80 74 82 66 72 87 99 18 38 78 88 36 23 50 20 40 95 94 71 12 33 46 88 11 31 39 41 43 99 25 72 3 21 43 46 48 74 37 13 94 68 4 28 48 92 70 98 96 19 52 12 65 53 48 82 8 19 99 80 20 52 7 43 34 52 49 62 85 69 30 59 91 64 32 94 24 71 92 94 19 26 94 81 61 45 93 11 11 25 4 44 56 34 35 18 74 22 82 62 17 31 83 18 30 50 91 73 100 10 100 73 29 55 82 34 14 86 2 57 71 83 31 32 45 89 69 53 65 5 3 17 97 20 60 40 99 99 33 77 4 56 87 57 3 76 46 51 1 41 30 5 36 59 93 19 95 16 25 60 42 74 90 9 13 18 65 40 71 14 31 48 57 18 34 11 2 3 8 94 12 51 69 52 100 44 8 57 88 4 1 78 8 79 62 15 61 97 6 10 30 91 94 33 3 87 8 80 59 5 27 31 95 53 1 21 93 8 33 43 10 92 58 26 52 20 45 63 67 24 93 16 7 60 90 94 82 3 62 35 77 67 39 47 20 67 13 85 92 13 16 49 97 89 28 15 43 8 80 82 38 16 85 14 73 38 77 45 70 100 73 77 2 56 58 70 6 30 76 87 8 100 57 95 85 15 2 35 68 83 94 49 5 24 80 45 81 27 10 96 9 33 26 39 97 78 59 26 4 4 31 42 27 74 3 3 39 52 18 1 93 10 64 56 7 62 85 96 56 100 2 45 44 49 79 12 41 26 90 6 63 91 66 25 15 79 86 1 55 4 5 15 49 30 89 12 92 55 5 90 17 53 97 21 80 80 13 14 66 28 38 55 23 6 73 5 71 67 93 83 33 73 11 4 78 89 82 69 78 94 83 55 76 66 89 41 48 53 40 41 6 38 41 36 40 58 64 11 52 2 50 86 4 23 30 38 51 61 70 66 64 20 60 24 56 50 5 45 71 89 82 13 89 29 61 25 15 9 56 66 34 1 27 8 95 78 74 86 36 23 95 76 13 64 5 80 39 43 98 37 46 47 94 52 93 3 20 79 63 99 39 80 46 41 33 84 63 65 61 32 80 39 63 73 17 50 46 87 99 95 47 30 75 78 38 50 93 90 35 11 81 71 63 39 3 69 95 24 98 19 74 15 24 68 68 25 80 30 26 65 13 50 95 36 82 60 18 30 23 32 30 97 49 84 76 11 40 91 78 71 36 99 98 53 13 26 2 41 41 76 82 1 66 14 85 47 56 71 49 73 65 1 16 98 2 19 92 33 22 62 87 78 61 63 78 25 32 77 21 24 81 96 53 65 98 100 17 81 42 71 32 62 71 72 56 36 2 12 7 14 98 14 50 43 92 49 70 34 34 23 18 12 4 3 62 67 49 23 25 22 61 99 53 22 27 95 93 21 24 44 87 63 85 5 31 56 84 26 32 78 32 1 71 69 87 37 42 11 45 88 85 44 9 2 59 94 99 93 6 53 32 14 37 91 97 18 21 14 84 7 17 62 4 14 78 53 61 49 25 99 66 27 18 57 78 73 49 46 56 6 46 64 85 22 42 80 30 53 38 95 4 8 98 9 10 95 99 80 44 25 29 64 9 59 16 59 45 41 68 75 96 52 54 68 8 69 26 45 49 61 92 88 9 8 46 93 47 15 2 53 2 8 49 5 80 36 80 46 2 14 50 35 61 10 32 75 25 87 100 70 32 85 84 73 57 77 67 47 78 17 78 94 44 23 35 72 92 99 54 72 41 76 64 58 93 33 65 63 17 2 9 11 85 19 91 32 67 43 45 26 27 82 37 84 18 77 29 57 59 61 92 32 100 36 62 36 24 75 82 43 86 26 11 78 26 99 11 46 40 35 62 52 3 27 22 32 85 51 52 100 78 44 51 36 51 26 65 74 98 62 15 66 79 40 36 98 4 11 19 64 32 2 50 37 28 80 70 84 38 96 87 96 84 53 83 10 95 5 64 55 78 37 22 84 43 58 71 54 86 89 65 92 32 94 74 27 52 4 26 22 63 75 36 46 63 93 47 91 10 28
0 116
0 128
0 183
0 646
0 982
1 61
1 225
1 289
1 364
1 436
1 495
2 119
2 203
2 689
2 835
2 957
3 160
3 485
3 504
3 572
3 880
3 906
3 997
4 149
4 176
4 308
4 601
4 668
5 17
5 354
5 957
5 967
5 981
6 245
6 280
6 434
6 516
6 570
6 830
6 914
6 999
7 35
7 87
7 431
7 804
7 930
7 951
8 127
8 157
8 338
8 503
8 565
8 882
9 32
9 120
9 210
9 323
9 586
9 838
10 293
10 488
10 559
10 573
10 810
10 950
11 430
11 461
11 592
11 788
11 937
12 126
12 139
12 301
12 497
12 873
13 236
13 411
13 425
13 663
13 751
13 837
14 26
14 121
14 459
14 700
14 954
14 963
15 113
15 193
15 340
15 460
15 501
15 513
15 539
16 43
16 386
16 621
16 674
16 905
17 279
17 354
17 689
17 835
17 957
18 97
18 458
18 566
18 576
18 809
18 994
19 153
19 208
19 313
19 366
19 677
20 145
20 396
20 415
20 899
21 32
21 43
21 210
21 263
21 372
21 586
21 861
21 893
22 164
22 262
22 500
22 669
22 914
22 999
23 421
23 608
23 716
23 793
23 887
23 993
24 181
24 567
24 698
24 903
24 913
24 984
25 63
25 186
25 218
25 296
25 387
25 869
26 104
26 121
26 506
26 715
26 954
27 272
27 284
27 312
27 344
27 721
28 69
28 201
28 275
28 287
28 306
28 625
28 917
29 279
29 361
29 628
29 651
29 665
29 684
30 119
30 285
30 454
30 834
31 42
31 93
31 394
31 476
31 897
32 210
32 586
33 66
33 85
33 391
33 623
33 639
33 934
34 130
34 162
34 569
34 717
34 735
34 783
34 986
35 121
35 179
35 431
35 506
35 700
35 951
36 204
36 213
36 520
36 575
36 731
36 947
37 222
37 261
37 508
37 672
37 719
38 53
38 184
38 553
38 645
38 864
39 221
39 448
39 650
39 743
39 781
39 959
40 231
40 427
40 453
40 474
40 510
41 128
41 159
41 266
41 527
41 802
41 982
42 394
42 426
42 766
42 897
42 980
43 386
43 586
43 905
43 909
44 156
44 404
44 406
44 886
44 896
44 918
45 65
45 169
45 244
45 361
45 496
46 191
46 294
46 483
46 701
46 936
47 119
47 203
47 662
47 732
47 834
47 908
48 172
48 469
48 544
48 604
48 769
48 925
49 229
49 542
49 730
49 848
49 971
50 74
50 216
50 365
50 367
50 466
50 561
51 150
51 214
51 350
51 352
51 870
51 969
52 99
52 268
52 326
52 687
52 991
53 160
53 540
53 553
53 864
53 880
54 59
54 300
54 369
54 465
54 875
55 607
55 713
55 747
55 855
55 865
55 924
56 65
56 169
56 435
56 456
56 634
56 849
57 128
57 159
57 435
57 634
57 635
57 642
58 235
58 236
58 656
58 711
58 735
58 886
58 961
59 237
59 300
59 443
59 747
59 875
59 890
60 258
60 423
60 499
60 709
60 738
60 852
61 138
61 289
61 495
61 729
61 879
62 342
62 765
62 896
62 915
62 976
63 218
63 330
63 368
63 537
63 869
64 337
64 359
64 555
64 677
64 867
65 169
65 244
65 770
65 849
66 391
66 623
66 641
66 818
67 420
67 507
67 531
67 761
67 928
68 93
68 528
68 557
68 660
68 723
68 897
68 950
69 201
69 233
69 287
69 550
70 132
70 370
70 375
70 428
70 580
70 686
71 73
71 125
71 377
71 414
71 952
72 270
72 462
72 480
72 489
72 611
72 768
73 98
73 102
73 125
73 414
73 692
73 895
74 216
74 318
74 561
74 606
75 476
75 493
75 557
75 704
75 723
75 988
76 356
76 472
76 755
76 762
76 972
77 324
77 504
77 631
77 647
77 696
77 745
78 194
78 605
78 842
78 851
78 868
79 131
79 148
79 297
79 792
79 813
80 303
80 377
80 662
80 712
80 732
80 862
80 884
81 154
81 182
81 192
81 392
81 786
81 904
81 965
82 113
82 294
82 470
82 610
82 614
82 701
82 760
82 944
83 101
83 356
83 762
83 844
83 970
84 383
84 419
84 757
84 791
84 808
84 826
85 149
85 161
85 623
85 934
86 142
86 341
86 578
86 596
86 976
87 163
87 248
87 673
87 930
87 951
88 189
88 190
88 313
88 359
88 366
88 522
89 107
89 146
89 152
89 173
89 247
89 330
89 368
89 825
90 422
90 610
90 701
90 736
90 800
90 821
91 353
91 391
91 603
91 726
91 821
91 987
92 178
92 305
92 688
92 775
92 931
92 946
93 476
93 557
93 897
94 314
94 321
94 335
94 401
94 612
94 695
94 729
95 314
95 321
95 567
95 739
95 777
95 903
95 913
95 995
96 242
96 252
96 533
96 648
97 458
97 566
97 652
97 678
98 102
98 521
98 895
99 268
99 687
99 691
99 833
99 858
99 989
100 109
100 218
100 276
100 537
100 676
101 356
101 643
101 648
101 926
101 970
102 285
102 521
102 692
102 957
103 227
103 380
103 395
103 422
103 821
103 853
103 911
104 477
104 491
104 506
104 715
105 242
105 389
105 490
105 627
105 816
105 819
106 566
106 636
106 652
106 772
106 856
106 898
107 146
107 167
107 453
107 510
107 685
107 825
108 319
108 412
108 433
108 644
108 795
108 827
108 992
109 276
109 360
109 512
109 676
109 978
110 209
110 291
110 306
110 554
110 563
110 730
110 848
111 136
111 221
111 552
111 649
111 650
111 801
111 873
112 133
112 283
112 357
112 498
112 737
112 933
113 193
113 513
113 760
113 944
114 129
114 204
114 381
114 512
114 556
114 958
115 192
115 581
115 798
115 801
115 922
115 949
116 183
116 233
116 420
116 982
117 487
117 543
117 609
117 622
117 626
117 771
117 785
117 843
118 122
118 447
118 452
118 479
118 583
118 703
118 750
118 767
119 203
119 285
119 834
119 957
120 210
120 372
120 429
120 838
120 861
121 506
121 700
122 254
122 271
122 479
122 767
123 503
123 523
123 599
123 790
123 805
123 871
124 260
124 376
124 519
124 549
124 740
125 377
125 454
125 692
125 732
126 139
126 249
126 255
126 492
126 497
126 850
127 338
127 341
127 503
127 578
128 159
128 642
128 646
128 982
129 204
129 234
129 667
129 958
130 735
130 887
130 961
130 986
131 282
131 297
131 405
131 505
131 813
132 240
132 370
132 375
132 441
132 942
133 357
133 773
133 829
133 933
134 270
134 489
134 499
134 709
134 738
135 588
135 773
135 906
135 921
135 941
135 997
136 221
136 622
136 801
136 820
137 165
137 190
137 418
137 442
137 824
137 865
137 890
138 206
138 401
138 416
138 495
138 629
138 729
139 249
139 301
139 774
140 144
140 329
140 588
140 831
140 845
141 151
141 256
141 447
141 589
141 857
142 157
142 338
142 341
142 720
142 915
142 976
143 211
143 220
143 237
143 409
143 734
143 828
143 878
144 254
144 271
144 767
144 831
144 845
145 199
145 219
145 289
145 415
145 436
145 836
145 899
146 368
146 685
147 319
147 492
147 795
147 827
147 850
148 292
148 396
148 438
148 792
148 813
149 161
149 308
149 601
149 934
150 214
150 244
150 352
150 684
151 447
151 699
151 857
152 173
152 205
152 330
152 869
153 208
153 315
153 511
153 548
153 677
154 180
154 375
154 392
154 441
154 653
154 860
154 904
155 351
155 365
155 367
155 599
155 764
155 790
156 342
156 406
156 839
156 896
156 935
157 338
157 565
157 720
157 902
157 923
158 355
158 478
158 486
158 728
158 742
158 866
159 266
159 634
160 553
160 572
160 880
161 308
161 623
161 641
161 661
161 878
162 171
162 571
162 656
162 717
162 735
163 248
163 458
163 518
163 576
163 673
163 748
163 796
164 342
164 500
164 815
164 976
164 999
165 190
165 327
165 418
165 680
166 199
166 219
166 405
166 505
166 509
167 453
167 457
167 556
167 685
168 309
168 310
168 693
168 731
168 947
168 962
169 266
169 496
169 634
170 228
170 374
170 439
170 589
170 664
170 857
171 277
171 571
171 656
172 314
172 544
172 739
172 769
173 205
173 247
173 393
173 657
174 472
174 595
174 811
174 851
174 972
175 339
175 378
175 432
175 459
175 832
175 954
176 184
176 308
176 455
176 645
176 668
176 854
177 230
177 288
177 384
177 551
177 742
177 777
177 833
177 859
178 362
178 616
178 688
178 775
178 932
179 299
179 431
179 545
179 700
180 307
180 643
180 653
180 860
180 970
180 975
181 326
181 698
181 903
181 919
181 991
182 392
182 407
182 473
182 786
182 891
183 233
183 264
183 646
183 754
183 780
183 863
184 553
184 645
184 658
184 854
185 200
185 402
185 482
185 510
185 593
185 825
186 339
186 387
186 432
186 869
186 977
187 222
187 297
187 310
187 379
187 562
187 693
187 746
187 776
187 784
187 872
188 320
188 464
188 577
188 649
188 894
189 208
189 366
189 443
189 522
189 734
189 794
190 337
190 359
190 522
190 680
190 824
191 195
191 250
191 265
191 307
191 483
191 517
191 936
191 975
192 581
192 786
192 922
192 965
193 501
193 549
193 690
193 760
193 968
194 385
194 644
194 811
194 842
194 851
195 226
195 517
195 620
195 686
195 936
195 983
196 257
196 444
196 579
196 636
196 772
196 898
197 303
197 527
197 628
197 665
197 712
198 201
198 275
198 463
198 613
198 752
198 966
199 219
199 405
199 415
200 261
200 402
200 547
200 593
200 779
200 885
201 275
201 550
201 966
202 222
202 694
202 784
202 998
203 303
203 651
203 689
203 908
204 234
204 269
204 381
204 575
204 840
204 947
205 278
205 393
205 477
205 491
205 869
206 495
206 498
206 629
206 741
207 278
207 393
207 518
207 748
207 856
207 877
208 315
208 366
208 794
209 291
209 629
209 730
209 741
209 971
210 372
211 582
211 641
211 734
211 878
212 325
212 468
212 502
212 618
212 758
212 763
213 309
213 417
213 520
213 530
213 541
213 731
213 787
214 684
214 967
214 969
214 981
215 360
215 479
215 512
215 703
215 727
215 958
216 367
216 606
216 764
216 790
217 255
217 258
217 492
217 738
217 774
217 852
217 940
218 296
218 537
218 676
219 363
219 469
219 509
219 836
220 237
220 246
220 300
220 828
221 448
221 650
221 820
222 636
222 672
222 694
222 719
222 784
223 514
223 538
223 637
223 724
223 889
224 331
224 591
224 714
224 721
225 364
225 371
225 436
225 461
225 592
225 964
226 227
226 343
226 362
226 616
226 620
226 911
226 983
227 422
227 620
227 911
228 295
228 348
228 465
228 529
228 589
228 664
229 267
229 463
229 486
229 542
229 752
229 848
230 321
230 551
230 777
231 334
231 471
231 474
231 482
231 510
232 280
232 281
232 337
232 434
232 538
232 555
232 680
233 287
233 420
233 507
233 550
233 780
234 286
234 575
234 667
234 937
235 404
235 475
235 656
235 886
236 663
236 711
236 837
236 886
237 300
237 443
237 734
238 332
238 355
238 613
238 705
238 728
238 817
239 467
239 468
239 493
239 758
239 882
239 916
239 929
240 298
240 370
240 785
240 843
240 942
241 635
241 642
241 707
241 755
241 756
241 972
242 490
242 533
242 648
242 819
243 423
243 424
243 480
243 574
243 974
244 352
244 361
244 684
244 770
245 365
245 516
245 914
245 990
246 300
246 348
246 828
247 402
247 481
247 657
247 825
248 491
248 506
248 748
248 951
249 255
249 774
250 307
250 517
250 580
250 860
251 283
251 291
251 324
251 594
251 881
251 921
251 941
252 533
252 648
252 799
252 926
253 302
253 323
253 413
253 450
253 697
253 874
254 271
254 767
255 492
255 774
256 447
256 589
256 619
256 675
256 973
257 444
257 547
257 579
257 744
258 423
258 424
258 492
258 827
258 852
258 940
259 426
259 568
259 681
259 910
260 376
260 549
260 614
260 690
260 812
260 943
261 471
261 508
261 593
261 719
261 885
262 351
262 500
262 523
262 669
262 805
263 382
263 429
263 822
263 861
263 893
263 939
264 287
264 389
264 780
264 816
264 847
264 863
265 483
265 799
265 812
265 943
265 975
266 496
266 527
266 634
267 288
267 384
267 486
267 542
267 866
268 326
268 691
269 840
269 947
269 962
269 979
270 480
270 489
270 709
271 430
271 479
271 558
271 831
272 273
272 284
272 312
272 514
272 546
272 889
272 938
273 302
273 403
273 440
273 442
273 546
273 697
273 938
274 304
274 333
274 789
274 864
275 625
275 752
276 457
276 537
276 685
276 978
277 325
277 419
277 571
277 656
277 757
277 763
277 956
278 393
278 491
278 748
279 354
279 651
279 684
279 689
280 281
280 434
280 830
281 538
281 637
281 830
282 505
282 509
282 604
282 671
282 698
283 291
283 357
283 498
283 741
283 881
284 344
284 889
285 454
285 692
285 957
286 461
286 575
286 654
286 937
287 780
287 847
287 917
288 290
288 384
288 542
288 551
288 892
289 436
289 836
289 879
290 321
290 551
290 695
290 892
291 373
291 563
291 594
291 741
292 417
292 438
292 787
292 792
292 948
293 488
293 660
293 725
293 759
293 920
293 950
294 470
294 483
294 494
294 701
295 378
295 529
295 589
295 619
295 823
296 387
296 432
296 619
296 675
296 676
297 776
297 792
297 948
298 311
298 609
298 666
298 843
298 942
299 545
299 700
299 846
299 855
300 348
300 465
301 464
301 649
301 774
301 873
302 413
302 440
302 545
302 697
302 846
303 628
303 651
303 662
303 712
303 908
304 333
304 447
304 452
304 699
304 789
305 488
305 638
305 659
305 810
305 931
305 946
306 554
306 625
306 718
306 848
306 917
307 860
307 975
308 374
308 439
308 455
308 661
309 310
309 530
309 731
310 379
310 530
310 562
310 693
311 581
311 609
311 666
311 949
311 965
312 546
312 621
312 721
313 359
313 366
313 677
314 321
314 363
314 544
314 612
314 739
315 353
315 511
315 603
315 794
315 993
316 395
316 569
316 616
316 911
316 932
316 986
317 390
317 446
317 647
317 670
317 708
317 968
318 386
318 561
318 591
318 606
318 714
319 407
319 412
319 473
319 795
319 806
319 850
320 322
320 577
320 894
320 959
321 551
321 695
321 777
322 400
322 534
322 894
322 959
322 980
323 450
323 586
323 753
323 838
323 874
324 485
324 504
324 594
324 696
324 702
324 941
325 502
325 763
325 902
325 956
326 691
326 901
326 991
327 418
327 514
327 538
327 680
328 511
328 548
328 608
328 751
328 993
329 371
329 588
329 773
329 829
329 831
330 368
330 869
331 344
331 561
331 714
331 721
332 584
332 705
332 761
332 817
332 862
332 952
333 455
333 645
333 699
333 857
333 864
334 471
334 474
334 587
334 602
334 782
335 401
335 416
335 695
335 892
336 346
336 560
336 720
336 765
336 896
336 902
336 918
337 359
337 555
337 680
338 341
339 432
339 715
339 954
339 977
340 408
340 460
340 539
340 658
340 945
341 578
342 815
342 839
342 896
342 976
343 362
343 370
343 428
343 543
343 785
343 983
344 466
344 561
344 721
344 889
345 532
345 585
345 706
345 901
345 927
346 475
346 560
346 902
346 956
347 600
347 624
347 759
347 775
347 920
347 946
348 465
348 664
348 828
349 381
349 474
349 587
349 590
349 840
350 352
350 410
350 598
350 655
350 870
351 365
351 523
351 599
351 669
351 914
351 990
352 410
352 770
353 603
353 716
353 987
353 993
354 684
354 981
355 478
355 705
355 728
356 490
356 648
356 707
356 755
356 762
357 773
357 881
357 921
358 388
358 472
358 762
358 797
358 811
358 844
359 677
360 512
360 676
360 703
361 496
361 665
361 684
362 543
362 616
362 688
363 469
363 544
363 612
363 836
364 371
364 495
364 737
364 933
365 367
365 466
365 516
365 990
367 764
368 537
368 685
369 459
369 465
369 832
369 875
369 963
370 428
370 785
371 558
371 592
371 829
371 831
371 933
372 861
373 524
373 563
373 594
373 702
374 409
374 439
374 661
374 664
374 828
375 441
375 580
375 860
376 533
376 740
376 943
377 732
377 862
377 952
378 432
378 465
378 529
378 823
378 832
379 530
379 562
379 776
379 778
380 421
380 716
380 821
380 853
380 987
381 427
381 474
381 556
381 840
382 515
382 536
382 822
382 893
383 419
383 571
383 717
383 826
384 742
384 866
385 433
385 644
385 842
386 591
386 606
386 674
387 432
388 644
388 797
388 811
388 891
388 992
389 490
389 816
389 863
390 627
390 670
390 708
390 740
390 819
391 535
391 639
391 726
391 818
391 821
392 653
392 797
392 891
393 657
393 877
394 476
394 980
394 988
395 421
395 793
395 853
395 911
395 986
396 415
396 438
396 640
396 813
396 899
397 587
397 590
397 782
397 803
397 998
398 653
398 797
398 844
398 970
399 448
399 487
399 568
399 626
399 659
399 910
400 534
400 743
400 766
400 980
401 416
401 729
402 481
402 547
402 825
403 418
403 442
403 938
404 475
404 886
404 918
405 415
405 505
405 813
406 837
406 886
406 935
407 412
407 473
407 891
407 992
408 501
408 539
408 572
408 631
408 658
408 745
409 661
409 828
409 878
410 655
410 770
410 849
410 960
411 425
411 837
411 839
411 900
411 935
412 992
413 545
413 874
413 955
414 895
414 927
414 952
415 813
416 629
416 892
416 971
417 438
417 541
417 787
418 442
418 514
418 938
419 571
419 757
420 507
420 531
420 982
421 716
421 793
421 853
422 620
422 736
422 821
423 424
423 480
423 709
424 574
424 827
425 548
425 677
425 751
425 867
425 900
426 528
426 568
426 681
426 766
426 897
427 453
427 474
427 556
428 686
428 983
429 804
429 838
429 861
429 874
429 939
430 479
430 558
430 667
430 727
430 788
430 937
431 545
431 804
431 955
432 619
432 823
433 574
433 605
433 644
433 827
433 842
434 555
434 570
434 867
434 900
435 456
435 634
435 635
435 756
436 640
436 733
436 899
436 964
437 456
437 595
437 849
437 851
437 868
437 960
438 541
438 640
439 455
439 857
440 442
440 713
440 749
440 846
441 841
441 904
441 942
442 749
442 865
443 522
443 734
443 824
443 890
444 481
444 547
444 772
444 877
445 559
445 659
445 681
445 810
445 910
446 647
446 708
446 847
446 953
447 452
447 583
447 699
447 973
448 568
448 626
448 743
448 771
448 820
449 452
449 540
449 588
449 633
449 845
449 906
450 615
450 697
450 722
450 753
451 461
451 520
451 575
451 632
451 654
452 633
452 767
452 789
452 845
453 510
453 556
454 692
454 732
454 834
455 645
455 857
456 595
456 756
456 849
457 512
457 556
457 685
457 978
458 536
458 564
458 576
458 678
458 796
459 832
459 954
459 963
460 513
460 668
460 854
460 907
460 945
461 592
461 632
461 654
461 937
461 964
462 489
462 598
462 611
462 888
463 486
463 613
463 728
463 752
464 649
464 774
464 894
465 529
465 832
466 516
466 561
466 724
466 883
466 889
467 468
467 493
467 807
467 808
467 912
468 758
468 763
468 807
469 509
469 544
469 604
470 494
470 614
471 482
471 508
471 593
471 602
472 762
472 811
472 972
473 786
473 798
473 806
473 922
474 587
475 560
475 656
475 918
475 956
476 557
476 988
477 491
477 715
477 869
477 977
478 617
478 705
478 742
478 927
479 703
479 727
480 709
480 768
480 974
481 547
481 657
481 877
482 510
482 593
483 494
483 812
484 531
484 712
484 802
484 884
484 928
484 982
485 504
485 941
485 997
486 728
486 866
487 543
487 626
487 638
487 659
487 931
488 810
488 920
488 946
490 648
490 707
490 754
490 863
491 506
491 748
492 827
492 850
493 704
493 723
493 912
493 916
494 614
494 812
495 498
495 737
496 527
496 665
497 552
497 682
497 806
497 850
497 873
498 737
498 741
499 709
499 738
500 596
500 805
500 976
501 539
501 745
501 968
502 618
502 902
502 923
503 578
503 871
504 572
504 631
505 509
506 951
507 550
507 761
507 817
507 966
508 602
508 672
509 604
510 825
511 548
511 993
512 556
512 958
512 978
513 526
513 597
513 907
513 944
514 538
514 889
514 938
515 536
515 673
515 796
515 822
516 830
516 883
517 580
517 686
518 576
518 748
518 809
518 856
518 994
519 549
519 670
519 740
519 968
520 541
520 575
520 632
521 706
521 895
521 901
522 824
523 599
523 805
524 563
524 696
524 702
524 718
524 917
524 953
525 590
525 784
525 803
525 872
525 962
525 979
526 597
526 601
526 639
526 907
526 934
527 665
527 712
527 802
528 573
528 681
528 897
528 950
530 778
530 787
531 928
531 982
532 585
532 617
532 858
532 927
532 989
533 740
533 799
533 819
533 943
534 743
534 781
534 959
535 597
535 610
535 639
535 800
535 821
536 564
536 796
536 893
536 996
537 685
538 637
538 680
540 633
540 864
540 880
540 906
541 632
541 640
541 733
542 892
542 971
543 688
543 785
543 931
545 846
545 955
546 615
546 621
546 697
546 814
547 744
547 779
548 677
548 751
549 690
549 968
550 966
552 682
552 798
552 801
552 873
553 572
553 658
554 563
554 718
555 867
557 723
558 592
558 788
558 831
559 573
559 681
559 810
560 918
561 714
563 718
564 678
564 996
565 618
565 882
565 923
566 652
566 809
566 856
567 739
567 769
567 913
567 984
568 743
568 766
568 910
569 679
569 783
569 932
569 986
570 815
570 900
570 999
571 717
572 631
572 658
573 681
573 950
574 605
574 827
574 974
575 654
576 994
577 649
577 650
577 959
578 596
578 871
579 636
579 719
579 744
579 779
579 885
580 686
580 860
581 949
581 965
582 603
582 641
582 734
582 794
582 818
583 750
583 973
584 761
584 862
584 928
585 691
585 901
585 989
586 753
586 909
587 590
587 782
588 773
588 845
588 906
589 619
589 857
590 803
590 840
590 979
591 674
591 714
591 721
592 788
594 702
595 756
595 851
595 972
596 805
596 871
596 976
597 610
597 639
597 944
598 611
598 655
598 870
598 888
599 790
600 624
600 630
600 683
600 759
600 826
601 668
601 907
601 934
602 672
602 694
602 782
603 726
603 794
603 818
604 671
604 925
605 655
605 768
605 842
605 868
605 974
606 790
607 747
607 875
607 924
608 663
608 751
608 887
608 993
609 622
609 843
609 949
610 701
610 800
610 944
611 655
611 768
612 729
612 836
612 879
613 728
613 817
613 966
614 690
614 760
614 812
615 697
615 722
615 814
616 911
616 932
617 742
617 858
617 927
618 758
618 882
618 923
619 675
619 823
620 736
620 936
621 674
621 721
621 814
621 905
622 771
622 801
622 820
622 949
623 641
624 679
624 683
624 775
625 752
625 848
626 771
627 708
627 816
627 819
627 985
628 651
628 665
629 741
629 971
630 725
630 759
630 791
630 826
631 745
632 733
632 964
633 789
633 864
635 642
635 756
636 652
636 719
636 898
637 724
637 830
637 883
638 659
638 931
639 934
640 733
640 899
641 818
641 878
642 646
642 707
642 754
643 926
643 970
643 975
644 811
644 992
645 864
646 754
647 696
647 745
647 953
647 968
648 926
649 650
649 873
650 959
651 689
652 678
653 797
653 970
655 768
655 868
655 960
656 735
656 956
657 877
658 854
658 945
659 810
659 910
660 723
660 725
660 950
661 878
662 732
662 908
663 711
663 751
663 887
663 961
664 828
666 841
666 904
666 942
666 965
667 727
667 937
667 958
668 854
668 907
669 914
670 740
670 968
671 698
671 769
671 925
671 984
672 694
673 796
673 822
673 930
673 939
674 721
675 676
675 973
676 703
676 750
676 973
677 867
678 996
679 683
679 775
679 783
679 932
681 910
682 798
682 806
683 717
683 783
683 826
684 981
686 983
687 833
687 859
687 991
687 995
688 931
689 835
690 760
691 901
691 989
693 746
693 962
694 782
694 998
695 892
696 702
696 953
698 984
699 857
700 855
700 963
701 736
701 936
703 750
704 710
704 916
704 988
705 927
705 952
706 895
706 901
706 927
707 754
707 755
708 847
708 985
710 876
710 916
710 929
710 988
711 961
712 802
712 884
713 749
713 846
713 855
713 865
715 954
715 977
716 987
716 993
717 783
717 826
718 917
719 885
720 765
720 902
720 915
722 753
722 814
722 905
722 909
723 725
723 912
724 883
724 889
725 759
725 791
725 912
726 818
727 958
729 879
730 848
730 971
731 947
732 834
733 964
734 794
735 961
736 936
737 933
738 852
739 769
740 819
742 833
742 858
742 866
743 766
743 781
744 779
745 968
746 872
746 962
747 865
747 875
747 890
749 865
750 973
752 848
753 909
754 863
755 972
756 972
757 763
757 807
757 808
758 882
759 920
761 817
761 928
762 844
763 807
764 790
765 896
765 915
766 980
767 845
768 974
769 925
769 984
770 849
771 820
772 856
772 877
772 898
773 829
773 921
774 894
775 932
775 946
776 778
776 948
777 859
777 995
778 787
778 948
779 885
781 959
782 998
784 803
784 872
784 998
785 843
786 922
787 948
789 864
791 808
791 826
791 912
792 948
793 887
793 986
795 827
797 844
797 891
798 801
798 806
798 922
799 926
799 943
799 975
800 821
801 949
802 982
803 998
804 874
804 930
804 939
804 955
805 871
806 850
807 808
808 912
809 856
809 994
811 851
812 943
814 905
815 839
815 900
815 999
816 847
816 985
817 966
821 987
822 939
824 890
829 933
830 883
833 858
833 859
835 957
836 879
837 886
837 935
838 874
839 900
839 935
840 979
841 904
841 942
844 970
846 855
847 917
847 953
847 985
849 960
851 868
852 940
854 945
855 924
855 963
856 877
858 989
859 995
862 884
862 928
862 952
865 890
867 900
868 960
869 977
870 888
870 969
872 962
874 955
875 924
875 963
876 882
876 929
880 906
881 921
882 929
884 928
887 961
887 986
888 967
888 969
891 992
892 971
893 996
895 927
896 918
902 923
902 956
903 913
903 919
903 995
904 965
905 909
906 997
914 990
914 999
915 976
916 929
917 953
919 991
919 995
920 946
921 941
924 963
926 975
927 952
930 939
941 997
947 962
962 979
967 969
967 981
991 995
300 289
190 608
158 163
399 551
534 549
211 93
851 610
653 849
989 467
750 886
790 256
291 685
608 70
779 518
627 766
488 478
847 837
201 119
548 964
712 572
123 682
719 945
906 597
721 467
17 526
481 765
611 792
824 753
274 387
233 167
117 217
867 192
758 901
592 511
782 397
649 834
234 783
353 956
480 562
738 122
369 848
293 240
835 148
839 852
853 490
294 173
551 380
157 210
55 581
218 452
907 710
310 92
39 425
429 571
620 680
675 739
330 199
335 236
815 453
646 661
476 19
175 585
896 515
468 796
772 599
312 169
610 518
240 309
841 235
280 372
598 292
145 292
400 43
114 272
907 727
897 265
416 237
402 476
418 134
89 751
201 246
569 198
529 424
474 252
844 345
584 536
946 526
626 871
717 617
439 844
608 433
657 502
723 292
856 210
146 527
63 498
439 323
556 987
68 284
65 410
432 757
472 279
80 251
671 411
593 816
389 338
493 975
408 843
510 115
387 763
268 453
659 121
256 574
508 456
332 785
617 169
288 309
670 222
392 666
139 182
725 906
635 785
370 674
985 593
446 390
145 262
599 53
989 529
309 261
298 762
762 429
54 719
614 261
274 573
449 3
351 558
678 141
731 683
198 547
619 49
349 612
474 669
940 496
624 613
343 631
137 636
425 831
548 82
122 715
562 540
287 123
465 655
472 832
714 557
538 229
934 682
851 526
941 470
160 400
315 237
422 542
579 564
813 404
577 898
896 585
756 672
80 650
386 820
202 821
308 184
538 634
829 405
64 549
478 859
415 195
570 760
508 547
120 455
711 329
671 811
531 289
5 508
558 175
326 312
492 547
402 893
520 777
157 857
706 67
681 608
744 648
546 344
591 177
472 442
435 155
600 358
454 961
233 208
226 376
97 661
409 917
240 366
282 935
186 184
264 792
506 844
214 551
505 898
689 581
246 472
745 911
625 581
923 389
194 777
273 91
360 741
934 721
548 11
466 764
99 634
618 631
708 126
304 957
813 697
867 765
245 659
641 354
652 399
545 660
206 420
118 479
369 874
809 644
286 331
287 742
831 448
793 492
644 646
184 360
920 328
631 245
378 241
414 325
457 64
284 147
884 652
602 635
448 867
592 865
613 28
559 321
312 506
456 324
736 843
355 656
594 22
476 684
440 953
518 39
777 193
470 390
367 927
943 598
678 944
333 356
515 354
298 224
178 432
30 407
258 828
414 24
338 659
784 730
749 750
430 619
242 391
411 779
853 395
518 869
220 157
839 634
831 653
28 654
285 529
819 735
91 239
269 731
298 374
151 461
166 621
145 488
286 503
129 764
804 272
533 385
535 701
479 745
92 787
626 225
681 782
606 663
648 69
736 813
201 209
440 635
744 272
277 412
542 311
537 579
191 804
182 833
619 203
811 784
722 594
98 543
694 536
731 373
403 415
900 746
543 113
730 79
121 498
751 70
747 862
361 487
896 397
13 412
771 679
730 510
309 603
464 812
858 745
194 330
460 614
339 888
179 520
891 472
770 641
982 498
564 783
470 497
974 523
866 529
658 321
836 743
71 360
874 446
770 312
590 646
305 858
342 84
944 631
318 124
687 495
223 119
149 361
435 262
290 555
473 209
750 603
377 745
266 177
681 321
100 594
252 610
908 672
704 593
922 693
442 810
606 714
620 282
275 629
728 929
315 466
573 612
581 272
460 378
175 272
551 728
137 829
674 469
314 830
652 955
830 364
144 446
454 132
898 798
497 757
476 186
373 336
407 387
616 492
534 200
498 883
871 166
713 418
126 700
290 891
502 230
742 197
801 116
187 533
422 899
745 729
850 464
74 675
836 512
528 144
444 497
600 604
333 137
800 541
514 131
720 834
112 298
109 673
204 516
157 736
750 704
845 376
274 300
702 443
631 415
470 51
490 67
767 543
815 193
337 826
617 300
692 896
318 710
686 840
525 747
460 110
806 603
344 211
181 653
380 162
147 719
525 607
718 756
589 253
726 730
678 631
456 928
769 227
374 406
436 662
724 158
388 589
763 824
237 726
392 636
380 834
115 234
506 593
348 177
388 803
573 958
596 733
500 495
251 697
368 19
206 396
676 51
576 694
854 698
901 338
912 359
75 592
514 401
348 913
438 213
574 144
335 861
853 447
885 199
560 822
127 375
370 698
444 49
445 910
383 888
522 372
250 261
370 531
184 404
717 234
774 270
394 13
382 302
563 849
547 59
895 298
507 387
198 585
288 190
595 93
238 562
464 7
926 581
463 465
927 412
994 554
379 505
53 662
608 830
244 334
347 935
57 629
382 856
716 526
358 767
516 480
785 697
642 929
869 656
573 328
547 915
436 407
224 747
44 303
714 632
963 613
337 431
239 891
544 494
270 220
804 224
549 687
165 798
247 287
87 382
446 345
771 109
595 473
622 969
429 779
799 675
473 477
412 583
186 722
196 448
685 265
69 567
695 823
785 788
434 927
731 539
462 415
249 352
133 478
622 107
456 546
288 444
791 623
339 805
873 229
317 659
781 241
877 463
872 722
148 843
304 452
585 976
957 433
521 965
45 527
774 175
752 386
841 591
837 390
427 516
798 239
459 83
244 752
557 947
716 89
964 550
410 964
574 289
608 184
654 561
426 674
216 296
59 376
785 883
306 882
353 591
496 665
277 871
873 785
278 659
385 904
319 490
389 196
944 556
547 476
343 56
957 644
790 328
537 513
330 916
670 530
34 608
427 102
936 738
654 720
748 490
653 211
565 449
375 65
121 558
207 372
495 422
780 822
702 356
103 384
939 391
496 697
611 392
812 808
673 183
602 534
772 331
258 402
708 199
393 362
235 193
220 525
813 327
420 487
216 710
408 598
326 217
357 236
467 992
833 668
723 248
580 498
166 699
615 543
346 259
498 283
468 145
487 578
326 283
399 443
448 291
656 84
714 104
205 183
494 993
522 232
254 732
365 84
832 433
469 885
471 524
751 230
843 267
571 584
180 225
761 482
576 638
250 195
607 217
310 727
522 520
929 618
417 409
15 572
322 949
637 896
857 804
468 716
432 734
751 572
572 989
769 350
775 658
784 221
601 107
787 350
236 132
411 821
596 325
61 439
704 294
193 170
477 427
36 393
107 250
183 848
298 929
145 507
348 455
753 812
10 551
454 642
658 791
572 405
332 470
393 708
917 279
145 346
70 339
374 285
383 390
447 19
950 289
785 469
239 235
690 741
876 752
590 798
694 480
807 365
305 434
367 964
916 478
836 781
793 839
877 266
831 693
843 299
644 510
339 723
179 382
152 557
229 463
207 801
162 239
208 696
637 601
790 435
599 407
256 595
483 3
61 529
429 386
235 532
129 418
774 133
423 950
419 467
186 867
678 695
544 874
708 730
419 703
754 520
233 405
787 858
365 301
401 241
369 218
861 376
933 375
803 310
494 437
224 309
445 239
891 382
942 701
898 494
810 143
360 641
409 71
46 543
320 156
700 186
474 929
302 586
654 26
743 325
104 798
93 474
119 804
413 934
316 349
753 113
309 904
777 363
228 903
668 256
576 171
153 784
303 669
414 617
954 691
846 327
111 759
727 452
668 568
523 94
620 924
510 214
600 129
492 340
592 456
646 131
259 248
269 893
683 866
962 587
583 106
885 359
864 337
529 937
768 253
447 186
491 382
82 698
796 822
856 578
368 354
214 349
625 520
416 361
699 142
637 457
658 931
535 720
713 649
421 876
815 343
510 83
594 622
287 593
851 652
326 626
572 725
97 424
140 214
170 144
126 597
798 507
721 891
839 545
282 835
591 233
436 127
648 242
485 229
365 622
702 773
347 374
246 419
338 163
571 94
406 172
507 6
698 428
500 528
681 764
510 922
484 640
97 398
96 448
547 287
709 920
191 276
362 317
439 605
700 706
163 415
792 597
391 140
504 808
331 69
975 572
194 880
633 90
716 863
629 711
958 304
478 902
603 588
140 586
413 564
308 531
977 358
845 681
210 262
387 948
829 484
754 450
324 33
816 718
702 660
513 172
189 497
653 974
730 59
92 301
874 492
834 204
475 966
149 676
813 576
28 352
908 434
18 500
577 222
824 848
386 564
525 498
176 208
803 867
764 201
674 386
872 317
36 514
914 620
913 495
919 300
307 406
864 472
9 478
777 287
336 548
595 158
938 427
646 734
29 586
491 301
100 346
223 282
932 317
650 883
702 268
734 355
271 591
574 522
831 531
585 383
280 713
770 717
670 898
520 14
358 541
610 241
477 368
545 450
482 510
757 282
245 808
123 787
625 184
825 250
628 852
149 313
350 415
592 770
702 845
874 424
167 129
318 763
746 89
374 140
778 454
235 842
632 750
218 683
585 203
229 355
268 58
417 427
300 59
502 257
205 485
409 221
439 704
444 72
521 305
913 532
556 798
388 779
247 853
818 123
230 102
281 286
643 333
27 542
376 367
747 417
666 487
935 263
67 391
900 658
10 450
498 147
715 506
544 933
68 479
601 985
378 550
280 905
861 595
