1000 2954 10
47 56 8 49 60 96 34 85 43 38 41 87 39 14 45 54 81 85 89 76 34 81 27 91 57 2 90 7 99 76 76 50 3 67 47 19 13 48 59 39 80 99 4 41 79 2 88 52 93 93 50 92 98 42 86 14 53 49 66 74 99 86 68 12 53 44 39 57 37 88 38 15 15 63 40 90 38 79 12 23 52 80 81 87 7 26 58 42 58 93 94 89 16 93 29 35 18 28 93 89 76 93 83 40 99 59 14 53 82 2 29 55 44 93 43 84 96 16 72 42 3 45 39 35 32 25 30 5 37 99 45 76 3 91 71 81 81 21 40 71 12 80 4 12 74 84 16 2 10 16 80 84 72 24 7 21 24 41 34 97 45 34 66 36 18 76 7 55 61 17 49 46 95 76 71 94 23 23 87 84 69 43 44 89 100 56 49 80 31 34 22 15 16 21 92 2 61 82 17 98 59 8 25 76 78 94 5 72 22 83 86 11 52 8 99 97 9 29 48 54 65 53 34 16 96 57 52 79 3 15 89 78 27 8 46 82 81 13 86 11 98 90 93 59 54 62 72 37 46 56 78 58 25 38 61 17 3 2 55 37 65 10 16 75 76 46 52 88 89 97 66 71 100 29 81 90 25 35 70 74 16 24 11 27 83 51 49 18 18 78 69 5 21 6 76 40 30 95 43 12 58 11 3 62 62 84 35 77 73 49 97 10 64 25 80 41 43 35 60 25 99 50 49 4 45 87 41 80 63 61 58 24 77 98 43 88 50 79 8 99 14 70 88 94 42 9 47 78 27 29 52 79 23 46 70 51 15 80 44 96 36 48 89 80 76 71 19 52 82 5 10 20 15 68 37 12 30 46 28 98 44 22 56 65 87 67 31 17 98 31 69 22 98 17 50 97 26 92 56 100 93 33 51 18 14 20 85 27 82 45 11 16 39 17 35 96 13 88 20 100 1 2 44 66 60 83 98 69 65 73 39 73 49 65 93 83 26 60 6 14 26 65 98 76 64 69 88 34 86 92 94 38 65 14 68 19 39 71 75 21 43 17 51 79 14 84 18 22 97 24 95 13 36 5 55 34 12 32 18 96 84 5 32 69 12 69 99 6 91 68 25 56 76 18 95 88 98 22 54 59 54 91 63 13 16 66 16 39 56 19 5 82 39 79 48 4 1 7 60 78 69 18 13 38 72 47 34 56 10 52 59 100 15 11 35 11 35 56 14 77 6 16 83 58 3 12 81 52 98 79 48 79 31 30 7 48 17 55 95 16 69 9 42 64 54 73 5 97 97 83 25 94 24 96 40 31 93 13 51 10 11 72 44 28 93 48 93 53 20 51 59 19 90 89 42 24 63 19 37 49 44 21 25 39 92 72 42 100 78 6 32 87 85 40 49 7 38 84 36 59 76 66 37 35 24 42 20 89 25 65 46 43 64 23 65 66 13 95 18 50 55 14 18 53 58 27 51 18 95 20 43 51 79 31 11 32 20 20 23 12 16 55 3 83 41 27 67 94 12 11 97 18 76 23 37 97 8 77 16 40 27 51 74 65 97 53 80 22 45 47 92 72 58 85 70 67 60 40 5 97 74 39 83 23 71 68 89 99 9 5 57 33 87 91 3 1 73 87 46 23 22 25 34 100 24 1 27 49 83 86 21 76 31 51 19 45 25 13 97 66 24 35 23 71 77 79 46 3 83 19 45 64 47 97 29 14 24 1 7 66 88 54 81 87 71 30 5 94 13 76 5 3 45 34 20 69 51 44 35 16 62 26 42 4 57 63 65 2 6 26 96 2 10 42 1 65 59 78 1 33 52 22 33 34 90 79 94 11 43 2 53 68 100 20 47 43 86 71 90 62 37 20 20 40 57 25 31 23 56 75 100 87 9 33 68 11 39 92 58 15 53 61 8 39 2 74 64 40 98 41 82 22 46 5 57 66 24 55 5 60 89 12 75 47 2 6 23 56 57 16 99 73 2 39 71 13 95 43 71 25 95 58 90 54 14 66 79 23 59 90 52 35 87 15 91 100 40 85 2 28 23 4 28 4 81 12 7 61 81 92 40 8 3 70 37 66 67 28 95 94 35 60 43 41 30 46 32 26 87 32 79 70 13 97 48 73 23 65 27 4 22 22 84 46 33 61 67 57 15 19 92 79 32 24 21 76 73 80 49 66 6 86 54 49 64 75 81 43 68 6 56 50 31 76 80 81 68 20 21 52 100 40 57 57 39 67 8 16 71 34 38 11 15 52 4 51 74 96 94 81
0 84
0 145
0 200
0 848
0 914
1 437
1 521
1 607
1 613
1 745
2 279
2 459
2 668
2 851
2 991
3 74
3 242
3 600
3 907
3 929
4 191
4 364
4 785
4 843
4 927
5 105
5 130
5 270
5 409
5 855
6 153
6 202
6 529
6 628
6 866
6 940
7 437
7 469
7 481
7 810
7 842
8 189
8 251
8 307
8 475
8 590
8 876
8 894
9 39
9 540
9 675
9 805
9 908
10 192
10 253
10 406
10 492
10 604
10 955
10 972
11 177
11 289
11 316
11 340
11 524
11 873
11 887
12 32
12 79
12 599
12 657
12 941
12 953
13 128
13 290
13 321
13 533
13 665
13 688
14 52
14 387
14 557
14 694
14 706
14 809
14 882
15 66
15 80
15 156
15 299
15 484
15 655
16 135
16 169
16 196
16 314
16 393
16 710
17 74
17 166
17 178
17 315
17 851
17 991
18 300
18 417
18 594
18 603
18 753
18 782
18 951
18 965
19 105
19 130
19 716
19 823
20 158
20 183
20 185
20 216
20 820
20 886
20 910
21 293
21 308
21 373
21 408
21 552
21 964
22 229
22 287
22 708
22 754
22 813
22 860
23 110
23 437
23 521
23 620
23 842
24 122
24 219
24 407
24 510
24 560
24 631
24 648
25 152
25 370
25 471
25 859
25 902
25 976
25 987
26 79
26 112
26 379
26 431
26 657
26 674
26 722
26 811
27 134
27 312
27 313
27 490
27 796
27 801
28 101
28 111
28 331
28 673
28 889
29 81
29 534
29 735
29 835
29 865
30 162
30 307
30 412
30 425
30 574
30 876
31 434
31 436
31 556
31 744
31 904
31 950
32 173
32 476
32 558
32 561
32 657
32 941
32 983
33 397
33 401
33 508
33 567
33 716
33 739
33 819
33 921
34 188
34 405
34 496
34 728
34 776
34 942
35 86
35 121
35 233
35 898
35 965
36 155
36 421
36 500
36 575
36 609
36 721
37 221
37 317
37 654
37 770
37 793
37 853
38 97
38 129
38 248
38 522
38 998
39 540
39 571
39 707
39 805
39 837
39 861
40 164
40 257
40 330
40 339
40 491
40 577
41 96
41 145
41 205
41 206
41 364
41 572
41 587
41 645
41 848
42 152
42 159
42 403
42 836
42 902
43 169
43 276
43 314
43 498
43 636
43 971
44 269
44 272
44 515
44 523
44 644
44 868
45 304
45 367
45 478
45 509
45 698
46 312
46 334
46 589
46 712
46 736
46 797
46 845
47 140
47 250
47 487
47 727
47 792
47 883
48 325
48 788
48 865
48 911
49 70
49 148
49 363
49 377
49 617
49 927
50 314
50 393
50 419
50 644
50 928
50 960
51 175
51 204
51 629
51 694
51 809
51 874
52 418
52 453
52 557
52 706
52 821
53 157
53 516
53 592
53 743
53 849
54 194
54 249
54 285
54 559
54 713
54 755
54 934
55 286
55 447
55 718
55 880
55 916
56 380
56 487
56 630
56 858
56 920
56 984
57 343
57 529
57 620
57 708
57 842
57 860
58 245
58 425
58 513
58 535
59 102
59 233
59 656
59 804
59 896
59 945
60 94
60 142
60 166
60 171
60 555
60 760
61 243
61 438
61 777
61 783
61 999
62 181
62 580
62 697
62 789
62 919
62 926
63 426
63 524
63 538
63 752
63 873
64 136
64 140
64 146
64 255
64 727
64 816
65 429
65 595
65 612
65 822
65 986
66 156
66 291
66 452
66 474
66 484
67 210
67 404
67 544
67 621
67 652
67 676
67 875
68 225
68 328
68 346
68 442
68 711
69 94
69 348
69 464
69 555
69 686
69 970
70 125
70 351
70 363
70 617
70 766
71 209
71 230
71 493
71 519
71 601
72 213
72 247
72 359
72 512
72 522
72 867
73 323
73 586
73 637
73 695
73 924
74 166
74 242
74 315
74 610
74 907
75 163
75 223
75 461
75 688
75 790
75 823
76 113
76 404
76 606
76 676
76 912
76 994
77 240
77 262
77 485
77 563
77 576
77 598
77 723
78 91
78 238
78 780
78 838
78 922
79 599
79 657
79 722
80 156
80 217
80 465
80 655
80 925
81 530
81 534
81 758
81 788
81 854
81 865
82 98
82 239
82 806
82 882
82 897
83 702
83 794
83 847
83 941
83 953
83 980
84 157
84 187
84 200
84 440
84 537
84 572
84 680
84 830
84 848
85 127
85 453
85 515
85 557
85 694
85 868
86 121
86 233
86 376
86 656
87 202
87 347
87 635
87 765
87 900
87 940
88 123
88 170
88 579
88 667
88 680
88 839
89 141
89 207
89 360
89 638
89 840
89 841
89 888
90 300
90 438
90 550
90 553
90 782
90 898
90 999
91 95
91 238
91 244
91 780
91 890
92 241
92 437
92 481
92 622
92 745
92 803
93 201
93 237
93 507
93 566
93 636
93 971
93 981
94 166
94 348
94 555
94 610
95 244
95 718
95 742
95 834
95 844
95 890
96 145
96 179
96 219
96 407
96 587
97 129
97 168
97 297
97 332
97 562
97 998
98 387
98 664
98 806
98 882
99 306
99 341
99 700
99 761
99 781
100 134
100 190
100 490
100 684
100 757
100 997
101 331
101 449
101 710
101 889
101 928
102 117
102 656
102 945
102 961
103 473
103 827
103 832
103 973
104 195
104 390
104 416
104 430
104 520
104 917
104 937
105 130
105 163
105 394
105 422
105 439
105 823
105 855
106 182
106 208
106 324
106 347
106 900
107 121
107 376
107 603
107 649
107 951
108 402
108 428
108 439
108 450
108 719
109 232
109 322
109 778
109 786
110 521
110 544
110 620
110 652
110 715
111 331
111 673
111 963
111 988
112 378
112 379
112 431
112 808
112 909
113 253
113 886
113 912
113 994
114 132
114 661
114 697
114 789
115 466
115 710
115 740
115 903
115 939
115 996
116 207
116 389
116 391
116 627
117 361
117 376
117 656
117 961
118 309
118 320
118 357
118 420
118 517
118 616
119 175
119 480
119 629
119 689
119 751
120 344
120 526
120 653
120 872
120 958
121 376
121 951
121 965
122 385
122 456
122 560
122 631
122 684
123 170
123 537
123 611
123 680
123 869
124 158
124 335
124 494
124 534
124 714
124 946
125 354
125 363
125 583
125 766
126 235
126 294
126 338
126 634
126 693
127 199
127 269
127 392
127 453
127 658
127 868
128 223
128 567
128 665
128 688
128 716
129 248
129 297
129 392
129 525
130 270
130 368
130 508
130 716
131 283
131 441
131 772
131 847
131 913
131 980
132 226
132 661
132 697
132 795
133 149
133 194
133 432
133 643
133 696
133 713
133 737
134 312
134 490
134 757
134 815
135 169
135 196
135 430
135 520
136 255
136 738
136 816
136 933
136 962
137 748
137 772
137 774
138 338
138 358
138 372
138 634
138 831
138 835
139 298
139 467
139 632
139 739
139 817
140 250
140 255
140 535
140 727
141 360
141 374
141 646
141 888
141 944
142 214
142 543
142 555
142 760
142 938
143 211
143 226
143 787
143 919
144 252
144 362
144 433
144 548
144 734
145 407
145 848
145 914
146 180
146 727
146 816
146 932
147 176
147 232
147 279
147 851
148 363
148 377
148 436
148 556
148 645
149 194
149 527
149 588
149 591
149 737
150 161
150 186
150 443
150 477
150 704
150 828
150 832
151 224
151 285
151 481
151 573
151 803
151 810
151 905
152 370
152 403
152 902
153 400
153 529
153 605
153 628
153 860
154 164
154 320
154 365
154 491
154 505
154 545
154 616
154 686
154 970
155 489
155 500
155 575
155 630
155 681
156 452
156 465
156 705
157 187
157 205
157 516
157 572
157 849
158 216
158 494
158 820
158 946
158 968
159 160
159 273
159 288
159 403
159 700
159 836
160 273
160 625
160 700
161 186
161 222
161 827
161 832
162 245
162 307
162 311
162 375
162 425
162 615
163 439
163 719
163 790
163 823
164 257
164 491
164 505
165 282
165 729
165 753
165 763
166 171
166 178
166 610
167 201
167 416
167 640
167 678
167 981
168 277
168 512
168 562
168 651
168 955
168 972
168 998
169 314
169 520
169 636
170 410
170 579
170 589
170 611
170 797
171 178
171 322
171 638
171 760
171 841
171 993
172 234
172 236
172 609
172 762
172 764
172 949
173 238
173 558
173 779
173 838
173 890
173 983
174 201
174 566
174 685
174 777
174 783
175 204
175 497
175 629
175 689
176 177
176 203
176 232
176 279
176 778
177 203
177 279
177 289
177 459
177 752
177 873
178 232
178 851
178 993
179 219
179 434
179 587
179 692
179 824
179 915
180 306
180 625
180 700
180 932
181 580
181 724
181 885
181 926
181 956
182 208
182 324
182 463
183 301
183 747
183 820
183 886
183 912
184 228
184 490
184 705
184 791
184 801
185 216
185 277
185 651
185 666
185 910
185 936
185 975
186 211
186 222
186 704
186 787
187 265
187 516
187 830
187 839
188 296
188 330
188 398
188 728
188 784
188 942
189 220
189 261
189 413
189 475
189 590
189 642
190 560
190 684
190 757
190 775
190 815
191 205
191 364
191 647
191 671
191 679
191 785
192 253
192 277
192 886
192 910
192 955
193 266
193 421
193 528
193 623
193 633
194 229
194 451
194 559
194 588
194 713
195 390
195 852
195 917
195 996
196 430
196 710
196 903
197 411
197 455
197 486
197 699
197 906
198 337
198 366
198 467
198 518
198 567
198 817
199 392
199 547
199 658
200 440
200 510
200 624
200 914
201 566
201 678
201 685
201 981
202 446
202 628
202 900
202 940
203 571
203 751
203 752
203 778
203 881
204 497
204 682
204 767
204 874
205 364
205 572
205 647
205 849
206 364
206 377
206 645
206 843
207 389
207 415
207 627
207 840
207 888
208 264
208 347
208 463
208 530
208 690
208 854
209 230
209 308
209 337
209 366
209 452
209 601
210 301
210 404
210 606
210 866
210 875
211 284
211 704
211 787
211 919
212 215
212 263
212 379
212 395
212 909
212 913
213 333
213 359
213 522
213 879
214 357
214 360
214 479
214 543
214 639
214 938
215 263
215 381
215 486
215 499
215 906
215 913
216 329
216 931
216 936
216 946
217 465
217 871
217 925
217 995
218 434
218 901
218 915
218 957
219 407
219 648
219 692
220 475
220 582
220 642
220 870
221 484
221 565
221 654
221 853
222 787
222 795
222 827
222 973
223 688
223 716
223 823
224 285
224 451
224 559
224 720
224 810
225 267
225 328
225 346
225 391
225 472
226 697
226 787
226 795
226 919
227 282
227 292
227 333
227 594
227 662
227 763
227 979
228 551
228 670
228 705
228 796
228 801
229 287
229 451
229 588
229 813
230 291
230 452
230 493
231 445
231 471
231 506
231 871
231 872
232 322
232 778
232 851
232 993
233 641
233 656
233 804
234 609
234 619
234 721
234 949
235 294
235 536
235 693
235 749
235 961
236 609
236 623
236 764
236 864
236 916
237 507
237 566
237 783
238 780
238 838
238 890
239 316
239 340
239 578
239 806
239 897
240 502
240 576
240 598
240 709
240 857
241 303
241 622
241 803
241 901
241 957
242 315
242 319
242 929
243 685
243 777
243 898
243 999
244 532
244 546
244 834
245 311
245 365
245 425
245 513
245 923
246 359
246 423
246 569
246 614
246 769
246 867
247 488
247 512
247 769
247 867
247 975
248 392
248 522
248 547
248 879
249 353
249 755
249 862
249 934
250 425
250 535
250 883
251 307
251 309
251 375
251 482
251 894
252 362
252 548
252 583
252 586
252 637
252 744
252 904
253 492
253 886
253 994
254 812
254 826
254 836
254 902
254 987
255 504
255 513
255 535
255 962
256 260
256 607
256 717
256 857
256 901
257 365
257 505
257 577
257 818
257 923
258 345
258 435
258 532
258 681
259 327
259 419
259 515
259 644
259 874
260 385
260 502
260 631
260 648
260 692
260 857
260 901
260 915
261 413
261 642
261 703
261 920
261 984
262 485
262 723
262 771
263 396
263 486
263 564
263 808
263 909
264 325
264 530
264 690
264 788
265 516
265 724
265 743
265 839
265 846
265 885
266 374
266 528
266 633
266 639
266 891
267 389
267 391
267 472
267 585
267 707
268 323
268 433
268 539
268 695
268 862
269 523
269 658
269 868
269 985
270 368
270 399
270 409
270 418
270 706
271 280
271 549
271 626
271 640
271 917
271 937
272 468
272 523
272 644
272 960
273 625
273 836
274 328
274 388
274 472
274 618
274 669
274 674
274 687
274 725
275 278
275 371
275 413
275 590
275 825
276 383
276 498
276 507
276 948
276 971
277 651
277 910
277 955
278 371
278 495
278 574
278 590
278 876
279 459
279 851
280 626
280 698
280 699
280 814
280 852
280 917
281 367
281 640
281 678
281 685
282 292
282 569
282 614
282 729
282 763
283 395
283 599
283 722
283 847
283 913
284 382
284 554
284 704
284 756
284 919
284 986
285 559
285 755
285 905
286 346
286 442
286 750
286 880
286 916
287 318
287 588
287 754
287 978
288 341
288 370
288 398
288 403
288 700
288 942
288 943
289 459
289 668
289 887
289 977
290 531
290 533
290 665
290 691
290 856
291 452
291 474
291 493
291 565
292 333
292 569
293 373
293 531
293 597
293 856
293 964
294 424
294 536
294 570
294 634
294 892
295 394
295 402
295 406
295 422
295 428
296 330
296 339
296 728
296 746
297 332
297 525
298 310
298 467
298 602
298 632
298 887
298 977
298 992
299 356
299 484
299 654
299 655
300 553
300 782
300 965
301 606
301 635
301 747
301 866
301 912
301 940
302 348
302 464
302 610
302 770
302 907
303 470
303 744
303 803
303 950
303 957
304 509
304 698
304 699
304 906
304 952
305 336
305 337
305 601
305 850
305 930
305 992
306 700
306 761
306 932
307 375
307 876
308 366
308 408
308 452
308 552
308 705
309 375
309 420
309 482
309 596
309 616
310 340
310 632
310 660
310 887
311 365
311 545
311 615
312 313
312 797
312 815
312 845
313 551
313 736
313 796
313 845
314 393
314 468
314 498
314 663
314 960
315 319
315 668
315 991
316 340
316 524
316 578
317 386
317 654
317 793
318 400
318 605
318 754
318 884
318 978
319 336
319 602
319 668
319 929
320 517
320 555
320 616
320 686
321 461
321 533
321 688
321 771
322 786
322 840
322 841
322 993
323 695
323 755
323 862
323 905
323 924
324 446
324 463
324 542
324 659
324 900
325 432
325 690
325 701
325 788
325 911
326 350
326 591
326 659
326 807
326 884
327 331
327 419
327 449
327 682
327 767
327 874
328 472
328 711
328 725
329 372
329 424
329 503
329 931
329 946
330 339
330 577
330 784
330 966
331 449
331 454
331 767
331 988
332 409
332 525
332 562
332 759
332 855
333 359
333 569
333 662
333 879
333 899
334 344
334 443
334 477
334 589
334 712
335 534
335 714
335 758
336 602
336 850
336 929
336 930
337 366
337 467
337 601
337 992
338 352
338 634
338 693
338 831
338 896
339 491
339 746
339 893
340 660
340 806
340 887
341 398
341 700
341 781
342 361
342 423
342 488
342 536
342 892
343 529
343 620
343 866
343 875
344 443
344 526
344 650
344 712
344 958
345 435
345 532
345 546
345 619
345 762
345 949
346 391
346 442
346 750
347 765
347 854
347 900
348 464
348 610
349 438
349 507
349 550
349 948
350 527
350 591
350 884
350 978
351 617
351 671
351 766
351 785
352 641
352 741
352 804
352 831
352 896
353 539
353 643
353 696
353 862
353 934
354 362
354 583
354 734
354 766
355 385
355 456
355 457
355 514
355 608
355 731
356 654
356 655
356 728
356 746
356 776
357 420
357 479
357 517
357 543
358 735
358 741
358 799
358 831
358 835
359 569
359 867
360 638
360 639
360 938
360 944
361 376
361 423
361 536
361 614
361 729
361 961
362 583
362 734
363 556
363 583
363 904
364 843
365 505
365 545
365 923
366 518
366 552
367 478
367 549
367 640
367 685
368 399
368 508
368 664
369 429
369 444
369 471
369 683
369 822
369 976
370 403
370 859
370 943
371 487
371 495
371 825
372 503
372 534
372 634
372 835
372 946
373 384
373 408
373 597
373 732
374 633
374 639
374 646
374 944
375 596
375 615
376 649
376 656
376 729
377 645
377 843
377 927
378 414
378 431
378 541
378 618
378 675
378 808
379 395
379 722
379 909
380 630
380 984
381 441
381 499
381 913
382 554
382 895
382 986
383 498
383 662
383 948
383 979
384 457
384 597
384 732
384 829
384 935
385 456
385 502
385 608
385 631
385 982
386 654
386 746
386 793
386 893
386 918
387 399
387 664
387 706
387 882
388 472
388 687
388 707
388 837
389 391
389 415
389 585
390 430
390 903
390 996
391 627
391 750
392 453
392 525
392 547
393 710
393 928
394 406
394 422
394 562
394 759
394 855
394 972
395 722
395 913
396 460
396 483
396 541
396 564
396 808
396 963
396 988
397 401
397 660
397 806
397 921
398 781
398 784
398 942
399 664
399 706
400 446
400 605
400 628
400 884
401 632
401 660
401 739
402 422
402 428
402 439
404 606
404 676
405 496
405 776
405 969
406 428
406 604
406 972
407 510
407 914
408 705
408 732
408 791
409 418
409 525
409 821
409 855
410 473
410 477
410 579
410 589
410 832
411 455
411 486
411 740
411 939
412 425
412 574
412 792
412 883
413 590
413 825
413 858
413 920
414 460
414 541
414 675
414 908
414 967
415 585
415 778
415 786
415 840
416 520
416 640
416 937
416 981
417 448
417 594
417 782
418 706
418 821
419 449
419 644
419 928
420 479
420 482
420 582
421 528
421 575
421 609
421 623
421 954
422 439
423 488
423 614
423 769
424 503
424 570
424 634
424 931
424 936
425 535
425 883
426 480
426 524
426 538
426 578
426 798
427 592
427 647
427 679
427 849
427 989
428 450
428 568
428 604
428 621
429 595
429 683
429 822
429 958
430 520
430 903
431 618
431 674
432 542
432 591
432 690
432 696
432 737
433 539
433 548
433 695
433 734
434 436
434 824
434 915
434 950
434 957
435 500
435 619
435 681
436 556
436 645
436 824
437 481
437 521
437 745
437 842
438 507
438 550
438 783
438 999
439 719
440 537
440 624
440 869
441 499
441 772
441 773
441 774
441 913
442 581
442 711
442 880
443 477
443 828
443 958
444 822
444 976
444 987
445 471
445 496
445 506
445 677
445 859
446 628
446 659
446 884
446 900
447 718
447 764
447 844
447 916
448 550
448 594
448 782
448 948
448 979
449 928
450 563
450 621
450 719
450 723
450 790
450 974
451 559
451 720
451 813
452 705
453 525
453 557
453 821
454 460
454 497
454 767
454 967
454 988
455 699
455 814
455 852
455 939
456 684
456 731
457 514
457 731
457 829
457 935
457 997
458 540
458 571
458 689
458 751
458 967
459 668
460 541
460 967
460 988
461 688
461 723
461 771
461 790
462 726
462 812
462 826
462 895
463 542
463 690
464 770
464 793
464 918
464 970
465 670
465 705
465 995
466 564
466 673
466 710
466 740
466 889
466 963
467 817
467 992
468 523
468 663
468 877
468 960
469 708
469 720
469 810
469 842
470 573
470 586
470 744
470 803
470 924
471 683
471 859
471 872
471 976
472 707
473 579
473 667
473 832
473 846
473 973
474 484
474 565
475 582
475 894
476 561
476 657
476 669
476 711
476 725
477 589
477 832
478 549
478 626
478 698
479 582
479 639
479 863
479 891
480 538
480 629
480 751
480 798
481 803
481 810
482 582
482 894
483 564
483 963
484 565
484 654
485 576
485 771
485 947
486 564
486 740
486 906
487 495
487 792
487 825
487 858
488 666
488 769
488 892
488 975
489 575
489 630
489 703
489 984
490 732
490 791
490 801
490 935
490 997
491 893
491 970
492 568
492 604
492 994
493 511
493 519
493 565
494 635
494 714
494 765
494 968
495 574
495 792
496 506
496 677
496 942
496 969
497 689
497 767
497 967
498 662
498 663
499 773
499 906
500 619
500 681
500 721
501 558
501 672
501 702
501 748
501 768
501 922
502 576
502 857
502 982
503 634
504 513
504 818
504 878
504 923
504 962
504 966
506 584
506 871
506 925
506 969
507 783
507 948
507 971
508 664
508 716
508 921
509 773
509 774
509 952
510 560
510 624
510 914
511 519
511 565
511 600
511 929
512 522
512 651
512 975
512 998
513 535
513 923
514 608
514 829
514 959
515 644
515 694
515 868
515 874
516 743
517 543
517 555
518 552
518 567
518 665
518 964
519 601
519 929
519 930
520 636
520 981
521 613
521 715
522 879
522 998
523 877
523 985
524 578
524 873
525 821
526 650
526 653
526 833
527 588
527 591
527 978
528 642
528 870
528 891
528 954
529 860
529 866
530 788
530 854
531 597
531 691
531 829
531 856
532 546
532 630
532 681
533 691
533 771
533 947
533 959
534 758
534 835
534 946
536 892
536 961
537 680
537 869
538 751
538 752
539 734
539 862
540 571
540 908
540 967
541 808
542 591
542 659
542 690
542 807
543 555
544 621
544 652
544 715
544 974
545 596
545 615
545 616
546 762
546 834
547 658
547 733
547 879
548 637
548 695
549 626
549 640
550 782
550 948
551 650
551 670
551 736
551 796
551 833
552 964
553 898
553 965
554 726
554 756
554 895
555 686
556 904
557 694
558 672
558 768
558 838
558 922
558 941
560 624
560 684
560 775
561 581
561 711
561 802
561 983
562 759
562 972
563 598
563 715
563 723
563 974
564 740
564 963
565 600
565 853
566 783
567 665
567 716
567 817
567 819
568 604
568 621
568 676
568 994
569 614
570 892
570 936
571 751
571 800
571 861
571 881
572 848
573 803
573 905
573 924
574 792
574 876
575 703
575 954
576 608
576 947
576 959
576 982
577 818
577 966
578 798
578 897
579 667
580 593
580 661
580 724
580 789
581 711
581 802
581 880
582 863
582 870
582 894
583 904
584 655
584 776
584 925
584 969
585 707
585 778
585 800
585 861
586 637
586 744
586 924
587 645
587 824
588 978
589 797
590 876
591 737
591 807
592 743
592 849
592 989
593 661
593 724
593 846
593 973
594 753
594 763
594 979
595 828
595 958
595 986
596 615
596 616
597 829
598 709
598 715
599 722
599 847
599 953
600 853
600 907
600 929
601 930
602 668
602 850
602 977
602 992
603 649
603 729
603 753
603 951
605 754
605 860
606 912
607 613
607 709
607 717
607 745
607 857
608 959
608 982
609 623
609 721
610 907
611 624
611 775
611 797
611 815
611 869
612 822
612 826
612 895
612 986
612 987
613 709
613 715
614 729
617 785
617 927
618 674
618 675
618 687
619 721
619 949
620 652
620 842
620 875
621 676
621 974
622 717
622 745
622 901
623 633
623 864
624 775
624 869
625 700
626 698
627 646
627 750
627 888
629 798
629 809
630 681
630 984
631 648
632 660
632 739
633 646
633 864
635 747
635 765
635 940
635 968
636 971
636 981
637 695
638 760
638 841
638 938
639 891
639 944
640 678
640 937
641 701
641 741
641 799
641 804
642 703
642 870
642 954
643 696
643 713
643 934
644 960
645 824
646 750
646 864
646 888
647 679
647 849
648 692
649 729
650 712
650 736
650 833
651 975
652 875
653 670
653 833
653 871
653 872
653 995
654 746
655 776
655 925
657 669
657 811
658 733
658 877
658 985
659 807
659 884
660 806
661 789
661 795
661 973
662 663
662 899
662 979
663 877
663 899
664 806
664 921
665 856
665 964
666 892
666 936
666 975
667 839
667 846
668 977
668 991
669 674
669 725
669 811
670 705
670 833
670 995
671 679
671 766
671 785
672 702
672 794
672 941
673 889
673 963
674 811
675 687
675 805
675 908
676 994
677 859
677 942
677 943
678 685
679 989
680 830
680 839
682 767
682 874
683 872
683 958
684 731
684 997
685 777
686 970
687 805
687 837
689 751
689 967
691 829
691 959
692 915
693 749
693 896
694 809
694 874
697 789
697 919
698 699
699 814
699 906
701 735
701 799
701 911
701 990
702 748
702 794
702 980
703 954
703 984
704 828
704 986
705 791
707 837
707 861
708 720
708 813
708 842
708 860
709 715
709 857
710 889
710 903
710 928
711 725
712 736
713 934
714 758
714 765
715 974
716 823
717 745
717 901
718 742
718 802
718 844
718 880
719 790
720 810
720 813
723 771
723 790
724 846
724 885
726 756
726 812
726 895
726 919
728 746
728 776
729 753
730 738
730 761
730 781
730 878
730 962
731 997
732 791
732 935
733 877
733 879
733 899
734 766
735 799
735 835
735 865
735 911
735 990
736 845
738 761
738 932
738 933
738 962
739 817
739 819
740 939
741 799
741 831
742 779
742 802
742 890
743 885
743 926
743 956
743 989
744 904
744 950
746 893
747 820
747 968
748 772
748 922
748 980
749 896
749 945
749 961
750 864
750 916
751 752
752 873
753 763
754 860
755 862
755 905
756 919
757 815
758 765
758 854
759 855
760 938
761 781
761 932
762 764
762 834
762 844
762 949
764 844
764 916
765 854
768 922
769 867
770 793
770 853
770 907
771 947
772 774
772 980
773 774
773 906
773 952
775 815
776 969
777 783
778 786
778 800
778 881
779 802
779 890
779 983
781 784
781 878
781 966
784 966
785 927
786 840
787 795
788 865
792 883
793 918
794 941
795 973
796 801
797 815
798 809
798 897
800 861
800 881
802 880
802 983
804 896
805 837
806 921
808 909
809 882
809 897
812 826
812 836
814 852
816 932
816 933
817 819
818 923
818 966
820 968
822 987
825 858
826 895
826 987
827 832
827 973
828 958
828 986
829 959
830 839
834 844
836 902
838 922
839 846
840 841
843 927
846 973
847 953
847 980
850 992
851 991
852 917
852 939
852 996
853 907
856 964
858 920
859 943
863 870
863 891
864 916
865 911
866 875
866 940
870 891
871 872
871 925
871 995
872 958
877 899
877 985
878 962
878 966
879 899
882 897
884 978
885 956
886 910
886 912
887 977
892 936
893 918
893 970
895 986
896 945
898 965
898 999
901 915
901 957
902 987
903 996
905 924
906 952
908 967
911 990
917 937
918 970
920 984
926 956
926 989
929 930
931 936
932 933
935 997
939 996
941 953
942 943
945 961
947 959
948 979
950 957
951 965
955 972
963 988
976 987
393 844
282 663
642 457
668 540
306 898
383 423
161 558
211 679
910 504
648 278
288 450
571 430
731 149
434 588
458 379
656 662
445 163
686 469
245 161
418 482
203 436
522 640
142 648
245 636
394 769
736 807
683 186
530 732
507 224
64 388
926 580
246 801
770 192
477 492
753 728
126 187
917 378
695 598
316 346
654 294
803 644
345 860
789 839
372 159
417 290
545 7
539 790
976 626
19 425
278 860
436 235
488 340
423 363
405 937
119 708
816 290
988 450
195 618
918 621
117 253
743 483
295 65
507 999
575 396
944 699
671 871
642 652
250 554
764 284
765 535
238 890
599 601
264 316
182 779
696 511
403 543
241 519
355 619
858 154
719 161
635 704
61 431
494 420
738 120
425 867
426 322
138 197
126 520
502 875
755 414
263 104
895 207
237 721
372 90
734 512
850 249
345 813
318 396
473 419
846 764
487 732
485 216
139 247
550 896
458 93
385 480
67 522
181 179
354 531
698 391
254 611
537 216
650 184
246 480
533 977
502 141
756 351
155 250
835 531
556 329
640 791
154 182
410 734
494 845
123 423
226 875
135 324
385 323
455 553
341 370
430 461
674 79
550 963
59 688
504 738
441 136
922 705
687 37
100 353
527 521
959 674
788 413
769 475
603 964
157 835
370 843
947 718
659 416
289 840
76 656
597 875
182 711
759 814
150 579
822 591
947 380
614 687
395 898
169 434
815 822
832 822
590 893
907 579
383 530
820 615
229 220
717 485
408 57
297 405
416 146
517 843
730 447
876 333
822 182
346 52
527 323
659 399
598 414
694 454
328 788
893 798
482 976
46 530
191 473
559 696
221 410
605 908
432 902
784 707
925 474
467 751
326 942
257 440
854 391
106 670
482 90
459 142
570 92
517 557
366 325
415 836
371 46
125 535
651 378
511 299
365 908
324 869
763 372
53 500
576 607
212 548
623 932
640 122
283 308
794 468
617 104
165 405
649 729
285 764
352 794
902 455
674 610
577 924
430 528
159 697
747 289
565 978
269 233
571 724
130 661
606 617
679 771
691 406
99 215
899 344
141 300
855 344
344 85
860 188
518 421
333 637
258 741
656 512
263 69
912 232
895 621
232 288
242 320
323 329
119 748
957 631
898 525
203 828
260 463
751 870
923 682
318 693
848 643
946 309
463 277
334 702
947 455
375 609
616 130
12 478
463 937
855 419
731 311
131 787
398 293
407 417
477 54
416 260
854 845
722 257
960 500
333 151
252 408
948 544
646 429
520 59
416 19
236 235
681 107
648 932
157 723
798 294
119 635
799 789
594 456
456 612
625 628
259 248
495 629
157 330
340 476
770 681
350 384
553 511
679 650
229 119
197 514
706 547
236 756
559 21
586 548
862 768
914 545
552 625
866 531
546 468
883 601
526 761
550 751
408 186
653 496
536 421
714 607
125 601
627 516
820 538
416 590
718 418
159 754
53 544
2 461
56 594
480 266
744 262
141 398
807 683
509 240
353 403
282 266
567 828
109 431
607 532
564 583
105 312
786 653
532 447
827 766
184 289
194 591
610 811
923 301
783 308
82 511
727 528
307 109
81 613
246 908
87 314
77 756
192 871
429 695
701 661
834 506
68 343
270 287
779 442
169 270
195 852
256 854
332 889
869 614
545 607
456 7
441 435
687 835
766 797
979 520
112 381
507 651
807 416
895 551
167 216
302 862
639 226
667 160
981 425
634 68
677 917
318 193
485 672
380 700
737 612
458 395
697 275
741 349
478 108
760 334
367 352
449 185
350 446
659 123
585 192
497 472
815 732
433 415
125 584
513 490
354 503
781 804
245 534
735 723
316 474
365 817
532 662
384 405
538 858
536 113
955 583
960 478
614 260
728 359
427 69
267 154
405 396
451 237
863 502
895 396
370 486
209 285
150 371
928 608
554 377
371 963
302 508
665 843
460 126
668 202
38 683
129 821
290 782
940 327
281 821
238 675
299 91
369 517
450 835
648 50
784 276
611 854
705 849
695 769
101 567
837 285
284 149
466 231
336 553
141 678
604 659
391 361
546 270
533 97
426 718
460 691
600 318
621 444
585 251
397 571
715 922
22 525
746 563
617 717
511 174
546 549
383 241
195 667
212 758
697 794
715 290
535 889
642 632
908 470
750 203
576 858
497 11
847 471
551 346
222 690
878 506
567 190
661 634
385 633
586 102
994 502
211 323
958 410
518 718
790 626
276 471
617 606
142 455
972 545
730 744
547 293
343 177
612 53
940 355
806 120
353 673
130 375
879 674
845 622
693 750
333 107
462 474
579 9
412 806
631 581
273 346
905 641
436 680
449 295
422 921
825 519
505 601
616 582
426 106
262 638
294 329
394 265
561 411
366 377
620 790
83 638
878 416
170 587
58 454
469 637
945 281
425 611
99 416
942 638
156 299
463 851
569 371
108 798
638 308
613 215
25 573
789 492
281 581
861 568
923 276
337 318
160 807
483 19
268 120
576 739
529 613
233 99
678 939
777 523
260 824
434 344
800 156
140 696
431 773
791 237
326 419
340 595
558 163
645 607
352 68
485 542
276 505
246 256
167 349
651 331
385 882
196 741
955 558
933 404
380 656
840 662
537 402
520 883
500 975
783 251
874 479
219 850
692 721
716 334
202 798
317 816
96 649
543 837
933 498
38 621
399 965
506 931
265 187
656 866
872 551
485 650
336 615
701 131
646 583
590 584
582 511
219 182
295 471
140 607
216 519
304 675
396 679
877 358
709 521
495 817
699 884
286 639
225 268
887 571
839 552
271 903
676 227
919 324
215 600
294 526
270 717
864 369
447 812
880 817
517 31
782 367
128 569
529 342
981 395
370 717
533 493
836 395
120 355
152 511
403 117
175 796
753 441
813 451
443 30
53 300
912 435
66 731
438 262
305 834
813 386
354 947
361 764
192 199
575 774
252 380
238 583
636 762
696 628
687 682
131 231
722 184
365 298
56 569
513 468
533 957
323 216
365 234
458 433
473 607
199 350
506 897
623 494
724 204
600 732
305 953
782 118
525 205
694 210
645 251
260 521
739 765
407 38
351 968
461 869
956 328
498 289
666 825
459 735
366 22
783 562
674 257
429 567
563 314
11 509
445 636
336 770
126 303
467 344
145 797
50 707
541 990
536 25
544 65
843 791
25 357
763 97
938 429
625 899
580 686
422 399
691 299
196 639
320 628
489 179
764 245
561 787
100 699
120 454
293 618
454 498
281 706
842 270
370 539
170 673
912 357
682 141
363 595
487 945
746 233
706 947
957 691
754 682
212 211
865 718
449 711
507 682
340 300
154 855
50 380
560 770
58 672
898 733
514 513
532 130
59 327
833 242
432 958
219 795
269 690
751 634
173 482
701 43
132 286
813 339
582 341
592 395
236 195
139 627
152 740
664 957
492 748
96 442
346 428
752 467
879 737
882 302
253 199
862 322
106 464
207 905
523 274
819 131
226 315
704 562
400 596
680 54
601 35
666 30
454 784
734 694
321 44
687 377
814 217
878 185
834 731
254 135
323 71
816 714
295 920
714 380
580 939
45 439
515 979
374 554
540 681
977 579
712 590
765 114
565 943
548 736
517 798
534 358
45 338
676 350
555 721
813 249
224 737
79 265
660 265
490 454
43 580
623 183
499 367
185 692
708 197
752 924
152 664
529 81
506 769
932 722
517 541
855 663
499 526
172 452
392 377
695 861
415 521
295 808
977 497
724 903
574 897
630 869
448 659
438 880
89 336
568 883
593 765
906 261
74 376
809 880
680 274
841 171
473 894
733 388
739 412
228 643
307 877
873 284
542 766
508 912
709 103
382 865
381 944
587 533
661 444
504 80
677 595
79 451
365 430
479 621
334 664
977 474
738 781
160 612
678 320
123 767
866 456
828 350
48 416
197 560
251 302
416 307
481 835
883 447
663 753
666 790
580 411
471 298
222 579
932 548
355 266
863 703
323 304
802 270
663 361
485 396
973 610
98 592
462 970
216 467
566 463
789 384
507 194
846 220
868 441
177 334
775 623
896 493
700 912
104 283
505 392
239 80
344 249
101 531
293 739
762 849
476 134
241 823
182 748
582 69
681 550
632 269
636 169
232 427
23 403
214 489
650 79
396 828
306 759
835 316
482 73
749 595
615 976
964 462
473 462
835 134
880 635
190 761
669 728
437 994
288 892
458 214
622 542
600 560
156 392
909 750
915 731
97 736
484 696
181 360
453 56
765 451
520 110
154 528
749 135
759 760
761 776
801 433
125 268
129 408
401 635
304 146
901 328
247 785
198 158
586 30
722 126
918 417
273 423
447 981
264 761
645 825
424 652
424 247
153 274
905 692
550 203
503 616
208 125
849 692
593 291
158 462
719 726
766 573
348 136
297 436
545 919
310 570
242 359
712 815
584 469
100 615
303 195
722 71
398 75
377 677
799 219
966 423
382 284
666 896
721 862
556 237
399 983
29 375
646 479
568 544
711 435
265 486
641 747
493 113
481 711
301 347
270 90
