1000 2962 10
49 12 33 75 27 96 91 57 25 60 59 12 48 35 79 5 35 55 12 20 27 84 52 77 100 24 49 45 7 68 33 34 78 48 30 36 43 100 43 94 51 62 100 65 98 35 35 31 47 79 17 35 69 47 22 27 22 96 71 91 56 35 52 78 86 45 74 76 1 92 76 73 21 56 15 37 79 30 72 70 51 44 17 62 76 93 65 91 54 72 89 60 82 66 43 12 46 36 77 74 80 72 2 13 33 39 95 79 3 76 19 84 67 62 89 67 54 59 78 1 95 2 31 60 67 4 53 84 28 62 51 21 30 22 98 19 12 52 79 38 70 41 2 60 5 30 37 22 88 42 10 78 3 86 7 25 66 89 10 16 99 70 45 43 30 45 54 6 27 56 38 33 80 27 90 21 8 8 89 41 99 32 94 88 6 83 55 4 38 86 52 3 38 58 86 21 40 6 69 97 43 40 59 17 24 8 1 76 64 72 24 79 80 81 79 88 55 30 75 57 11 34 17 40 8 48 61 49 59 86 46 17 11 55 3 47 5 21 23 4 6 52 60 87 11 37 20 13 40 34 90 23 91 7 18 14 43 1 58 21 18 89 7 84 17 61 19 80 64 89 71 93 36 1 35 60 34 11 27 86 100 85 78 93 41 100 52 19 15 84 20 62 42 16 72 95 59 89 1 95 54 13 6 97 88 4 39 20 90 8 4 46 55 98 61 55 71 2 75 9 61 50 35 5 99 58 97 83 23 38 65 86 48 20 23 27 35 33 88 10 65 6 57 1 95 95 17 55 45 51 6 62 72 1 51 96 65 18 34 94 76 6 38 8 92 3 1 33 58 17 32 43 52 70 56 55 92 8 61 31 31 92 15 60 11 40 13 15 98 18 1 79 77 8 100 2 84 36 27 42 43 88 9 77 75 10 73 44 29 45 3 95 41 92 80 25 69 26 22 25 30 61 41 5 9 50 34 12 84 92 1 12 50 42 95 78 3 24 65 11 87 19 11 32 80 4 17 57 8 11 87 4 52 39 72 42 8 86 60 5 90 90 49 54 74 58 25 98 68 44 53 83 66 28 49 67 71 17 92 8 59 6 32 74 13 51 94 39 26 26 70 34 83 54 100 30 99 67 94 92 40 96 94 77 55 52 50 26 100 19 43 52 3 41 1 55 61 45 62 11 36 48 4 98 80 23 47 78 15 44 27 53 85 27 61 53 83 66 87 17 65 94 34 58 98 61 91 38 75 29 43 93 94 82 60 6 26 10 48 21 28 7 10 46 59 11 48 54 32 93 64 97 11 56 87 23 4 15 38 77 14 63 29 14 19 52 61 72 52 20 56 84 71 85 91 91 85 13 29 47 55 57 61 5 29 96 79 36 86 72 50 43 11 8 69 51 50 9 9 1 81 73 57 9 29 59 72 73 53 4 41 77 57 76 61 46 99 65 7 74 76 93 26 68 92 15 100 86 65 96 89 26 24 31 76 45 39 81 51 11 4 47 56 65 15 91 93 85 11 24 10 92 59 76 38 83 32 42 12 74 22 4 3 58 64 71 40 30 11 72 61 57 4 4 86 52 66 58 46 98 75 54 27 34 67 28 19 94 89 83 32 66 90 52 57 70 70 5 46 28 73 88 58 41 18 33 80 69 22 2 58 88 34 36 22 72 48 14 31 43 83 90 87 98 41 35 98 33 47 35 9 30 60 14 16 15 26 49 71 91 9 25 6 47 44 77 25 6 21 72 92 91 25 54 22 67 78 31 71 8 49 81 33 67 50 36 34 4 17 38 87 6 42 34 45 89 96 29 25 27 83 3 67 75 31 97 95 60 63 92 13 23 100 4 18 8 15 30 18 80 32 28 72 20 36 71 34 32 76 55 77 11 74 90 50 22 79 24 22 16 52 83 31 42 42 52 71 27 100 92 89 37 72 100 35 95 89 49 48 23 40 69 67 36 69 32 95 43 17 93 94 10 3 45 92 23 44 85 20 8 61 80 9 25 24 29 62 88 64 96 74 2 43 35 8 31 39 11 48 40 35 59 43 69 100 68 67 8 98 96 33 31 98 18 4 12 68 51 16 40 86 93 79 45 28 43 18 95 60 11 6 39 36 80 83 47 67 64 96 21 49 50 87 45 15 35 33 63 72 77 66 6 97 60 36 34 91 43 48 81 74 69 54 58 8 66 97 39 6 10 73 63 5 21 94 96 23 26 89 32 86 100 78 62 47 40 27 55 65 65 100 20 39 66 20 55 67 75 38 96
0 46
0 96
0 443
0 679
0 878
0 951
0 971
1 164
1 191
1 295
1 445
1 648
1 782
2 14
2 286
2 587
2 614
2 669
2 939
3 237
3 473
3 786
3 801
3 912
4 108
4 205
4 291
4 429
4 630
4 720
4 890
5 76
5 118
5 171
5 179
5 809
6 476
6 663
6 746
6 846
7 18
7 37
7 206
7 236
7 342
7 363
7 439
7 883
8 222
8 290
8 402
8 538
8 603
8 824
9 36
9 151
9 828
9 953
10 206
10 274
10 350
10 363
10 561
11 384
11 404
11 566
11 853
11 958
11 960
12 218
12 498
12 562
12 731
12 773
13 170
13 220
13 278
13 452
13 857
13 862
13 963
14 155
14 288
14 611
14 669
14 930
14 939
15 349
15 359
15 474
15 560
15 768
16 367
16 390
16 735
16 831
16 838
16 928
17 121
17 564
17 880
17 921
17 997
18 37
18 238
18 342
18 408
18 445
18 589
18 937
19 54
19 148
19 406
19 501
19 753
20 27
20 115
20 190
20 194
20 331
20 389
20 833
21 86
21 219
21 347
21 434
21 592
21 793
22 72
22 172
22 225
22 310
22 901
23 343
23 625
23 673
23 726
23 891
23 975
24 26
24 173
24 756
24 801
24 865
24 893
24 912
25 63
25 214
25 240
25 486
25 754
25 927
26 173
26 774
26 801
26 938
27 46
27 62
27 190
27 389
27 873
28 58
28 59
28 229
28 523
28 697
29 339
29 500
29 535
29 544
29 588
29 652
29 788
30 342
30 507
30 589
30 686
30 999
31 39
31 55
31 158
31 469
31 473
31 584
31 640
32 116
32 257
32 515
32 607
32 933
33 52
33 165
33 550
33 631
33 836
33 888
34 67
34 442
34 596
34 725
34 727
34 771
35 125
35 300
35 334
35 361
35 577
35 641
35 965
36 151
36 267
36 475
36 529
36 828
37 363
37 937
38 249
38 619
38 626
38 707
38 739
38 765
38 772
39 158
39 473
39 861
39 865
39 896
40 172
40 310
40 543
40 654
40 755
41 498
41 680
41 773
41 885
41 918
42 66
42 696
42 859
42 928
43 470
43 621
43 744
43 796
44 162
44 350
44 776
44 957
45 168
45 192
45 579
45 623
45 889
46 81
46 189
46 190
46 679
46 873
46 971
46 995
47 332
47 610
47 728
47 731
47 745
47 789
48 70
48 227
48 237
48 699
48 786
48 942
49 298
49 458
49 588
49 788
50 332
50 532
50 728
50 964
50 998
51 259
51 425
51 787
51 823
51 961
51 973
52 286
52 447
52 484
52 550
52 631
53 260
53 404
53 492
53 666
53 904
53 960
54 148
54 538
54 709
54 753
54 824
55 104
55 473
55 640
55 929
56 361
56 428
56 693
56 784
56 840
56 848
57 433
57 479
57 541
57 869
57 872
57 966
58 59
58 229
58 283
58 449
59 283
59 523
59 917
59 981
60 146
60 154
60 476
60 807
60 846
60 990
61 122
61 140
61 668
61 695
61 969
62 103
62 389
62 873
62 874
63 240
63 391
63 552
63 762
63 855
63 927
64 156
64 211
64 452
64 757
64 775
65 263
65 312
65 355
65 467
65 653
66 161
66 226
66 308
66 696
66 928
67 256
67 419
67 442
67 771
67 840
67 988
68 163
68 197
68 277
68 341
68 534
68 568
68 609
68 765
69 100
69 441
69 482
69 628
69 737
69 907
69 934
70 227
70 605
70 699
70 913
71 194
71 318
71 331
71 459
71 714
71 833
72 310
72 385
72 656
72 901
73 82
73 199
73 386
73 487
73 922
74 382
74 395
74 504
74 580
74 588
74 597
75 210
75 355
75 403
75 629
75 851
75 910
76 153
76 171
76 463
76 767
76 809
77 200
77 391
77 519
77 762
77 832
77 982
78 113
78 186
78 522
78 675
78 790
78 998
79 405
79 532
79 691
79 725
79 771
79 813
80 201
80 337
80 372
80 383
80 661
80 972
81 651
81 783
81 971
81 995
82 362
82 386
82 493
82 509
82 922
83 183
83 227
83 327
83 435
83 780
83 942
84 186
84 242
84 322
84 518
84 675
84 906
85 216
85 280
85 287
85 373
85 436
85 987
86 347
86 415
86 434
86 450
86 457
86 871
87 261
87 271
87 358
87 409
87 600
88 253
88 411
88 739
88 863
88 996
89 296
89 384
89 427
89 454
89 530
89 583
90 109
90 198
90 337
90 372
90 392
90 478
90 993
91 140
91 327
91 352
91 435
91 860
92 375
92 476
92 555
92 750
92 875
92 990
93 245
93 330
93 477
93 617
93 892
94 102
94 243
94 581
94 794
94 822
94 984
95 251
95 317
95 334
95 371
95 549
95 599
96 311
96 443
96 557
96 847
96 858
96 951
97 219
97 434
97 578
97 657
97 827
97 968
98 159
98 393
98 885
98 903
98 908
98 909
98 911
99 228
99 230
99 411
99 863
99 956
100 134
100 243
100 548
100 581
100 737
100 934
101 187
101 344
101 450
101 785
101 871
102 243
102 329
102 576
102 822
102 825
102 835
103 599
103 868
103 873
103 874
103 995
104 508
104 640
104 699
104 797
104 929
104 974
105 119
105 256
105 270
105 398
105 433
105 758
105 869
105 988
106 177
106 180
106 462
106 992
107 234
107 614
107 669
107 752
107 812
107 948
108 145
108 241
108 429
108 890
108 932
109 372
109 396
109 478
109 764
109 870
110 130
110 359
110 374
110 474
110 531
111 112
111 444
111 747
111 817
111 820
111 854
112 444
112 647
112 854
112 952
113 186
113 518
113 790
113 959
114 537
114 539
114 710
114 812
114 849
115 144
115 189
115 190
115 331
115 512
116 257
116 607
116 845
116 936
117 175
117 203
117 410
117 417
117 491
117 613
117 718
118 179
118 333
118 340
118 724
118 809
119 213
119 256
119 309
119 398
119 610
119 841
120 401
120 406
120 461
120 501
120 594
120 615
120 722
121 409
121 431
121 880
121 914
121 997
122 249
122 485
122 668
122 707
122 760
122 969
123 202
123 272
123 556
123 621
123 715
123 829
124 418
124 441
124 638
124 834
124 863
125 318
125 361
125 577
125 808
125 833
125 950
126 133
126 251
126 317
126 335
126 493
126 509
126 670
127 137
127 289
127 303
127 590
127 636
127 935
127 940
127 944
128 137
128 520
128 531
128 590
128 968
129 138
129 146
129 154
129 304
129 690
129 851
129 967
130 377
130 474
130 531
130 768
131 213
131 540
131 596
131 610
131 727
131 841
131 964
132 437
132 593
132 683
132 935
132 940
132 944
133 317
133 493
133 518
133 959
134 465
134 548
134 834
134 934
135 217
135 314
135 360
135 622
135 780
135 969
136 202
136 432
136 455
136 704
136 732
136 762
136 829
137 303
137 572
137 590
137 968
138 403
138 422
138 851
138 967
139 158
139 260
139 273
139 469
139 742
140 352
140 695
140 860
140 969
141 152
141 321
141 508
141 791
141 897
141 974
142 440
142 527
142 627
142 782
142 898
143 359
143 374
143 424
143 926
144 188
144 233
144 331
144 503
144 512
145 193
145 302
145 429
145 483
145 932
146 154
146 297
146 448
146 480
146 843
146 846
146 851
147 436
147 546
147 766
147 987
148 501
148 709
148 764
148 795
149 319
149 516
149 519
149 525
149 620
149 982
150 280
150 287
150 373
150 705
150 729
151 152
151 472
151 475
151 688
151 953
152 472
152 499
152 688
152 791
152 974
153 463
153 767
153 815
153 895
154 304
154 547
154 807
155 348
155 611
155 669
155 752
155 915
156 530
156 574
156 583
156 757
156 775
157 160
157 292
157 602
157 799
157 803
157 830
157 884
158 469
158 742
158 861
159 362
159 387
159 393
159 518
159 909
160 266
160 282
160 292
160 602
160 716
160 734
161 226
161 247
161 265
161 308
161 400
162 195
162 333
162 413
162 736
162 776
162 957
163 277
163 668
163 707
163 760
163 765
164 445
164 527
164 682
164 700
164 719
164 782
165 208
165 516
165 550
165 836
166 293
166 419
166 553
166 741
166 758
166 988
167 209
167 314
167 360
167 879
167 905
168 192
168 224
168 687
168 805
168 889
168 962
169 537
169 702
169 703
169 759
169 849
170 192
170 278
170 542
170 559
170 567
170 623
170 862
171 179
171 369
171 463
171 660
171 985
172 225
172 310
172 357
172 446
172 606
172 654
173 857
173 893
173 938
174 296
174 345
174 583
174 613
174 705
174 729
175 417
175 481
175 491
175 677
175 925
176 266
176 282
176 323
176 348
176 602
176 792
176 915
177 456
177 462
177 674
177 779
177 992
178 203
178 373
178 417
178 431
178 481
178 565
178 718
178 880
179 315
179 333
179 660
179 736
179 831
180 462
180 680
180 885
180 911
180 992
181 188
181 207
181 214
181 443
181 557
182 343
182 603
182 673
182 824
182 902
182 975
183 227
183 314
183 605
183 780
183 905
184 281
184 339
184 643
184 738
184 886
185 338
185 471
185 520
185 590
185 749
186 518
186 675
187 258
187 344
187 415
187 450
187 457
188 214
188 233
188 443
188 486
188 512
188 711
189 190
189 512
189 679
191 295
191 627
191 782
191 978
192 542
192 623
192 713
192 962
193 483
193 573
193 887
193 932
194 331
194 833
195 315
195 413
195 736
196 348
196 446
196 654
196 752
196 792
197 277
197 307
197 451
197 534
197 658
197 668
198 392
198 682
198 700
198 706
198 993
199 221
199 386
199 487
199 591
199 777
200 432
200 762
200 832
200 899
201 337
201 440
201 661
201 740
202 704
202 715
202 829
202 855
203 417
203 718
204 397
204 698
204 791
204 897
205 302
205 429
205 630
205 667
205 931
206 350
206 363
206 439
206 724
206 957
207 214
207 488
207 557
207 692
207 754
208 460
208 516
208 672
208 836
208 945
209 605
209 681
209 879
209 905
209 913
210 403
210 422
210 490
210 597
210 910
211 220
211 452
211 574
211 757
211 810
211 893
212 341
212 458
212 551
212 571
212 765
213 309
213 727
213 841
214 486
214 754
215 407
215 477
215 521
215 617
215 634
215 708
216 231
216 280
216 747
216 987
217 485
217 586
217 622
217 626
217 969
218 489
218 562
218 645
218 731
219 434
219 657
219 793
220 452
220 857
220 893
221 386
221 497
221 777
221 779
221 908
221 911
222 402
222 538
222 961
223 269
223 294
223 453
223 894
223 900
224 733
224 805
224 820
224 962
225 357
225 366
225 901
226 265
226 388
226 696
227 605
227 942
228 230
228 232
228 253
228 411
228 717
229 449
229 503
229 637
229 697
229 800
229 991
230 536
230 628
230 717
230 956
231 280
231 687
231 747
231 817
231 955
232 253
232 490
232 504
232 717
232 910
233 503
233 711
233 800
234 412
234 446
234 606
234 752
234 948
235 352
235 356
235 695
235 774
235 856
235 938
236 254
236 340
236 342
236 346
236 883
237 774
237 786
237 801
237 942
238 445
238 589
238 700
238 719
239 301
239 430
239 570
239 595
239 864
239 989
240 391
240 438
240 486
240 943
241 279
241 570
241 890
241 932
242 322
242 387
242 562
242 645
242 903
242 906
242 909
242 918
243 248
243 548
243 581
243 835
244 289
244 471
244 636
244 749
244 816
244 845
244 936
244 949
245 430
245 464
245 617
245 864
245 892
246 257
246 404
246 604
246 816
246 958
247 265
247 316
247 320
247 325
247 400
248 548
248 650
248 662
248 835
248 837
249 485
249 626
249 707
250 410
250 491
250 560
250 607
250 811
250 845
250 933
251 317
251 335
251 599
251 712
252 338
252 377
252 520
252 531
253 411
253 504
253 571
253 580
253 996
254 342
254 346
254 767
254 999
255 259
255 425
255 461
255 510
255 924
256 309
256 442
256 988
257 515
257 604
257 816
257 936
258 275
258 344
258 415
258 678
258 919
259 401
259 425
259 461
259 753
259 973
260 273
260 566
260 666
260 742
260 960
261 271
261 600
261 633
261 983
262 431
262 436
262 565
262 766
262 914
263 312
263 467
263 655
263 743
263 815
263 881
264 336
264 354
264 573
264 887
264 888
265 316
265 388
265 558
266 282
266 602
267 437
267 529
267 563
267 793
267 828
268 519
268 620
268 671
268 832
268 977
269 294
269 341
269 394
269 453
269 551
270 398
270 433
270 966
271 358
271 545
271 633
271 804
272 365
272 542
272 621
272 829
273 469
273 666
273 828
273 953
274 295
274 363
274 561
274 648
274 978
275 678
275 823
275 919
276 379
276 477
276 479
276 708
276 872
277 668
278 452
278 579
278 623
279 313
279 570
279 720
279 890
279 989
280 287
280 687
280 705
281 304
281 339
281 649
281 690
281 738
282 323
282 734
282 819
283 449
283 505
283 676
283 701
283 946
283 981
284 297
284 312
284 585
284 655
284 843
285 351
285 662
285 837
285 986
286 484
286 514
286 550
286 587
286 614
287 373
288 319
288 620
288 930
288 939
288 977
289 636
289 816
289 904
289 944
290 321
290 402
290 603
290 698
290 897
291 575
291 630
291 667
291 702
291 759
292 716
292 778
292 799
293 553
293 665
293 741
293 848
294 305
294 326
294 458
294 506
294 551
294 788
294 894
295 648
295 978
296 427
296 583
296 613
297 480
297 585
297 843
297 882
298 458
298 571
298 580
298 588
299 482
299 536
299 642
299 721
299 895
299 907
300 405
300 641
300 813
300 965
301 306
301 416
301 524
301 570
301 595
302 429
302 447
302 468
302 483
302 769
302 931
303 572
303 683
303 935
304 547
304 690
304 738
304 814
305 326
305 506
305 651
305 971
306 336
306 416
306 595
306 644
306 946
307 423
307 451
307 658
307 856
308 380
308 400
308 735
308 850
308 928
309 442
309 727
310 385
310 755
311 770
311 847
311 858
311 900
311 920
312 355
312 655
312 843
313 430
313 720
313 989
314 360
314 780
314 905
315 390
315 413
315 736
315 831
316 320
316 558
316 601
317 371
317 821
317 959
318 459
318 513
318 808
318 833
319 516
319 587
319 620
319 939
320 325
320 448
320 601
320 663
321 508
321 603
321 897
322 489
322 645
322 675
322 745
322 789
322 998
323 611
323 646
323 819
323 915
324 325
324 400
324 585
324 850
324 882
325 400
325 448
325 480
325 882
326 535
326 651
326 788
327 352
327 435
327 774
327 942
328 470
328 488
328 552
328 556
328 692
328 715
328 855
329 392
329 576
329 706
329 822
330 379
330 477
330 554
330 720
330 892
331 503
331 637
331 659
331 714
332 610
332 728
332 964
333 724
333 736
333 957
334 371
334 549
334 577
334 965
335 376
335 670
335 694
335 712
335 923
336 354
336 416
336 887
336 946
336 981
337 372
337 740
337 993
338 377
338 471
338 520
338 768
339 500
339 544
339 643
339 649
340 346
340 439
340 724
340 809
340 883
341 394
341 551
341 609
341 765
342 589
342 999
343 763
343 797
343 891
343 902
343 975
344 678
344 785
344 787
344 954
345 583
345 705
345 775
345 889
346 767
346 809
347 511
347 569
347 592
347 871
348 752
348 792
348 915
349 359
349 560
349 677
349 811
349 926
350 561
350 776
350 957
350 978
351 478
351 576
351 662
351 726
351 802
351 825
351 986
352 695
352 774
353 542
353 559
353 621
353 684
353 796
354 582
354 888
354 917
354 981
355 629
355 653
355 843
355 910
356 856
356 857
356 938
356 963
357 366
357 412
357 414
357 466
357 606
357 608
358 409
358 664
358 766
358 804
358 914
359 374
359 474
359 926
360 622
360 650
360 837
360 879
361 405
361 428
361 641
361 808
361 840
362 386
362 393
362 493
362 518
363 648
363 937
364 391
364 438
364 525
364 672
364 982
364 991
365 455
365 542
365 713
365 829
366 466
366 608
366 656
366 759
366 901
366 916
367 660
367 735
367 831
368 375
368 381
368 601
368 746
368 781
368 818
369 380
369 463
369 735
369 743
369 985
370 374
370 424
370 495
370 531
370 533
370 983
371 730
371 821
371 965
372 764
372 972
373 436
373 565
373 718
373 729
374 424
374 531
375 381
375 476
375 746
375 750
375 798
376 509
376 643
376 670
376 886
376 923
377 531
377 768
378 479
378 553
378 665
378 869
378 876
379 477
379 541
379 554
379 872
380 735
380 743
380 850
380 881
381 798
381 818
381 877
381 970
382 395
382 422
382 597
382 748
382 967
383 594
383 661
383 722
383 806
383 972
383 994
384 454
384 530
384 574
384 810
384 853
384 958
385 635
385 656
385 755
385 884
386 393
386 497
387 518
387 906
387 909
388 558
388 685
388 696
388 859
389 833
389 874
389 950
390 413
390 494
390 831
390 838
391 438
391 762
391 982
392 478
392 576
392 706
393 497
393 908
394 453
394 609
394 770
395 500
395 588
395 652
395 748
396 478
396 625
396 673
396 795
396 870
397 569
397 688
397 698
397 785
397 791
397 871
398 554
398 610
398 966
399 481
399 495
399 533
399 564
399 880
400 850
401 406
401 461
401 753
402 698
402 954
402 961
403 422
403 851
404 816
404 904
404 958
404 960
405 641
405 771
405 813
405 840
406 501
406 753
407 464
407 617
407 634
407 644
407 701
408 445
408 648
408 937
409 600
409 866
409 914
409 997
410 427
410 491
410 613
410 933
411 863
412 414
412 539
412 606
412 948
413 494
413 776
414 539
414 608
414 916
415 434
415 457
415 968
416 524
416 887
416 932
417 481
418 619
418 638
418 772
418 863
419 693
419 741
419 840
419 988
420 426
420 674
420 685
420 818
420 826
420 839
421 545
421 804
421 884
422 597
422 967
423 598
423 658
423 856
423 963
424 495
424 926
425 823
425 919
425 924
426 632
426 781
426 818
426 826
427 454
427 515
427 613
427 933
428 459
428 513
428 784
428 808
430 720
430 864
430 892
430 989
431 565
431 880
431 914
432 732
432 733
432 762
432 899
433 869
433 966
434 968
435 780
435 860
436 565
436 766
436 987
437 578
437 593
437 657
437 683
437 793
437 828
438 943
438 991
439 724
439 883
440 527
440 661
440 740
440 898
441 628
441 834
441 863
441 934
441 956
442 727
443 512
443 557
443 878
444 639
444 716
444 747
444 952
445 648
445 719
446 606
446 654
446 752
447 468
447 483
447 484
447 631
448 480
448 663
448 846
449 637
449 676
450 457
450 871
451 668
451 695
451 856
452 579
452 775
452 889
453 770
453 900
454 515
454 604
454 958
455 713
455 732
455 829
456 496
456 618
456 674
456 779
458 551
458 571
458 788
459 513
459 714
459 784
459 852
460 523
460 582
460 836
460 945
461 510
461 722
462 779
462 911
463 743
463 815
464 617
464 644
464 864
465 548
465 586
465 622
465 650
465 834
466 608
467 642
467 653
467 815
467 895
468 484
468 769
468 979
469 472
469 584
469 953
470 556
470 621
470 692
470 744
470 847
471 749
471 768
471 949
472 499
472 584
472 953
473 786
473 865
473 912
473 929
474 768
475 511
475 529
475 569
475 688
476 746
476 846
476 990
477 617
477 708
478 576
478 625
478 802
479 708
479 869
479 872
479 876
480 882
481 495
481 880
481 925
482 507
482 737
482 767
482 895
482 907
482 941
482 999
483 573
483 631
484 514
484 979
485 626
485 969
486 711
486 943
487 591
487 616
487 814
487 922
488 552
488 692
488 754
489 645
489 731
489 789
490 504
490 597
490 910
491 677
491 811
492 593
492 666
492 904
492 944
493 509
493 518
494 685
494 838
494 859
494 928
495 533
495 925
495 926
496 618
496 689
496 779
496 877
496 970
497 908
498 562
498 773
498 918
499 584
499 640
499 974
500 649
500 652
500 748
501 615
501 764
502 528
502 535
502 544
502 651
502 694
502 923
503 637
503 800
504 580
504 597
505 634
505 665
505 676
505 701
506 858
506 894
506 951
506 971
507 686
507 941
507 976
507 999
508 603
508 797
508 902
508 974
509 526
509 670
509 886
509 922
510 722
510 806
510 919
510 924
511 529
511 563
511 569
511 592
512 679
512 878
513 808
514 614
514 710
514 979
515 604
515 933
516 525
516 550
516 587
516 672
517 686
517 706
517 822
517 976
517 984
518 906
518 959
519 620
519 832
519 982
520 531
520 590
521 634
521 708
521 876
522 532
522 691
522 730
522 790
522 813
522 998
523 582
523 697
523 917
523 945
524 570
524 932
525 672
525 982
526 738
526 814
526 886
526 922
527 682
527 740
527 782
528 651
528 694
528 712
528 783
528 868
528 995
529 563
530 574
530 583
532 691
532 725
532 964
532 998
533 564
533 983
534 568
534 624
534 658
534 844
535 544
535 651
535 788
536 628
536 642
536 653
536 717
536 721
537 539
537 759
537 849
537 916
538 753
538 824
538 961
538 973
539 812
539 916
539 948
540 596
540 725
540 964
541 554
541 872
541 966
542 559
542 621
542 713
543 602
543 654
543 755
543 792
543 830
544 643
544 923
545 633
545 804
545 884
546 716
546 747
546 766
546 778
546 987
547 616
547 807
547 814
547 947
548 650
549 577
549 599
549 874
549 950
550 587
552 754
552 855
552 927
553 665
553 758
553 869
554 966
555 616
555 875
555 947
555 990
556 621
556 715
557 692
557 847
558 601
558 632
558 685
558 826
559 567
559 598
559 684
560 768
560 811
560 845
560 949
561 978
562 645
562 918
563 592
563 793
564 880
564 921
564 983
566 742
566 853
566 861
566 960
567 598
567 862
568 609
568 624
568 744
568 770
568 796
568 920
569 688
569 871
570 932
570 989
571 580
571 765
571 996
572 683
572 827
572 968
573 631
573 887
573 888
574 757
574 810
575 667
575 702
575 703
575 931
576 825
577 950
578 657
578 683
578 827
579 623
579 889
580 588
581 737
581 794
582 836
582 888
582 917
583 775
584 640
585 655
585 850
585 881
585 882
586 622
586 626
586 638
586 772
586 834
587 939
588 652
588 788
589 686
589 700
590 636
590 749
591 616
591 750
591 777
591 875
592 793
593 666
593 828
593 944
594 615
594 722
594 972
595 644
595 864
596 725
596 727
598 658
598 684
598 862
598 963
599 712
599 868
599 874
600 866
600 983
601 632
601 663
601 746
601 781
602 792
602 830
603 824
603 902
604 958
605 905
605 913
607 845
607 933
608 916
609 770
610 841
610 964
611 646
611 915
611 930
612 647
612 671
612 733
612 854
612 899
613 718
613 729
614 669
614 710
614 812
615 764
615 972
616 814
616 875
616 947
618 674
618 689
618 839
619 739
619 772
619 863
620 977
621 796
622 650
624 796
624 844
625 673
625 726
625 802
626 772
627 723
627 782
627 898
628 721
628 907
628 956
629 843
629 851
630 667
631 888
632 781
632 826
633 656
633 884
634 665
634 701
634 876
635 755
635 803
635 830
635 884
636 749
637 659
637 676
637 751
638 772
638 834
639 716
639 734
639 952
640 974
642 653
642 895
643 886
643 923
644 701
644 864
644 946
646 819
646 930
646 980
647 671
647 761
647 854
647 867
647 952
648 937
649 690
649 748
650 837
651 783
651 971
653 717
653 910
654 792
655 881
656 884
656 901
657 793
658 684
658 844
659 714
659 751
659 852
660 735
660 831
660 985
661 723
661 898
661 994
662 825
662 835
662 837
663 746
663 846
664 766
664 799
664 804
665 676
665 784
665 842
665 848
665 876
666 828
667 931
668 695
668 760
669 752
671 761
671 832
671 899
671 930
671 977
672 697
672 945
672 991
673 709
673 795
673 824
673 975
674 839
674 992
675 998
676 751
676 842
677 811
677 925
677 926
678 787
678 823
679 878
680 773
680 885
680 992
681 763
681 879
681 891
681 913
682 700
682 740
682 993
683 827
683 935
684 796
684 844
685 826
685 859
686 700
686 706
686 976
687 705
687 805
687 889
687 955
688 791
689 818
689 839
689 877
690 748
690 967
691 813
692 847
693 741
693 840
693 848
694 712
694 923
695 856
696 859
697 945
697 991
698 785
698 897
698 954
699 763
699 786
699 797
699 913
699 929
700 706
700 719
701 946
702 703
702 759
703 769
703 849
703 931
704 762
704 855
705 729
705 889
706 822
707 760
707 765
708 876
709 795
709 824
710 812
710 849
710 979
711 800
711 943
712 868
713 732
713 962
714 852
715 855
716 734
716 747
716 778
717 910
718 729
720 890
720 892
721 907
722 806
723 806
723 898
723 994
724 957
725 771
725 964
726 802
726 891
726 986
728 745
728 998
730 790
730 813
730 821
730 965
731 773
731 789
731 992
732 733
732 962
733 820
733 854
733 899
733 962
734 819
734 952
735 928
735 985
737 794
737 941
738 814
738 886
739 765
739 863
739 996
740 993
741 848
742 861
743 815
743 881
744 796
744 847
744 920
745 789
745 998
747 817
747 987
748 967
750 777
750 798
750 875
751 842
751 852
753 973
754 927
755 830
756 810
756 853
756 861
756 865
756 893
756 896
758 869
758 988
759 916
761 867
761 930
761 980
762 855
763 797
763 891
763 913
764 795
764 870
764 972
765 996
766 778
766 799
766 914
767 809
767 895
767 999
768 949
769 849
769 931
769 979
770 900
770 920
771 840
773 992
774 801
774 938
774 942
775 889
776 978
777 779
777 798
777 970
778 799
779 911
779 970
780 860
780 969
781 818
783 995
784 842
784 848
784 852
785 871
785 954
786 929
787 823
787 954
787 961
790 821
790 959
791 897
794 941
794 984
795 870
796 844
797 902
798 970
799 804
799 884
800 943
800 991
801 912
803 830
803 884
804 884
805 820
805 955
806 994
807 947
807 990
810 853
810 893
812 948
813 965
814 922
815 895
816 904
816 936
817 820
817 955
818 839
818 877
819 867
819 952
819 980
820 854
820 955
821 959
822 984
823 919
825 835
827 968
828 953
832 899
833 950
834 934
836 888
837 879
837 986
838 928
842 852
843 851
845 936
845 949
847 920
849 979
850 881
853 861
856 963
857 893
857 938
857 963
858 894
858 900
858 951
859 928
860 969
861 896
862 963
863 956
865 896
865 912
866 921
866 983
866 997
867 952
867 980
868 995
873 995
874 950
877 970
879 891
879 986
885 903
885 911
885 918
887 932
891 986
894 900
903 909
903 918
904 944
908 911
917 981
919 924
921 983
921 997
925 926
930 977
930 980
935 940
940 944
941 976
941 984
943 991
946 981
947 990
951 971
954 961
961 973
976 984
560 626
746 103
294 766
407 311
309 944
831 269
883 490
784 192
441 136
306 202
820 162
259 321
903 766
368 470
270 741
94 334
920 316
52 496
746 173
507 91
576 722
282 105
105 755
522 195
390 359
446 671
405 358
608 698
447 799
686 555
731 216
358 262
184 341
352 819
705 888
688 778
295 183
777 164
586 411
347 298
140 723
910 730
935 366
455 544
870 185
316 518
595 662
835 866
434 293
646 508
784 862
429 52
325 827
241 267
478 102
382 263
632 828
595 955
479 801
448 818
832 505
495 390
632 694
422 658
322 437
772 399
921 376
673 886
522 485
670 308
454 283
572 757
87 727
814 627
700 495
762 452
803 280
366 677
780 779
726 832
612 101
618 641
799 639
476 319
823 749
180 514
301 79
31 568
635 420
238 397
625 149
473 355
858 538
492 958
644 249
698 717
532 602
198 109
864 697
662 394
626 299
348 77
625 241
652 680
413 245
647 931
941 674
227 786
336 929
579 137
53 319
262 580
265 608
790 740
218 830
545 697
164 314
157 415
834 230
683 958
539 63
76 504
533 397
424 571
623 359
634 766
736 685
171 212
103 206
786 495
74 288
741 902
215 192
751 697
608 317
538 326
382 607
134 172
762 487
309 251
490 373
391 181
696 63
38 360
522 701
342 908
812 489
163 563
514 106
351 728
190 471
321 197
375 192
792 310
808 512
238 728
290 425
130 651
319 275
833 692
180 643
911 400
896 212
547 447
707 120
357 794
627 890
530 273
312 535
217 877
394 505
844 290
148 760
383 380
219 431
105 408
204 698
944 654
122 454
871 265
922 699
492 644
471 166
494 301
751 584
118 247
804 758
331 48
490 678
566 686
579 700
757 81
354 530
347 875
582 744
900 234
179 737
500 459
659 149
852 614
366 634
659 78
415 592
149 432
378 151
299 909
820 186
477 635
381 791
508 258
746 455
339 410
608 485
727 922
473 657
514 925
193 533
543 341
888 780
246 100
364 406
864 625
431 109
570 547
314 559
111 772
940 403
469 303
675 421
489 771
690 377
228 545
704 443
499 698
184 771
443 393
773 210
422 318
711 162
414 934
435 693
362 950
853 746
619 270
158 268
449 946
217 312
908 429
597 277
545 379
139 355
695 689
77 257
670 441
757 230
470 31
667 918
203 320
359 26
477 49
270 272
13 591
120 513
805 376
391 860
928 420
180 664
277 174
328 697
588 524
645 958
21 612
420 555
303 237
803 143
384 21
551 946
517 456
348 483
376 959
210 501
756 564
214 658
485 830
827 415
571 245
296 789
192 494
308 727
194 256
429 154
244 921
168 628
608 874
613 551
779 112
227 417
833 435
650 491
731 336
708 792
405 909
314 868
173 181
782 555
607 602
415 884
457 450
900 368
694 940
111 731
530 562
811 404
402 964
517 307
916 256
927 437
728 702
614 768
324 750
905 450
414 167
844 783
236 673
876 404
887 430
625 598
451 335
443 605
634 201
494 989
540 743
791 878
858 225
674 738
701 669
405 868
625 109
94 269
725 572
806 220
581 494
748 199
483 188
370 71
267 469
788 245
292 117
219 718
89 352
838 170
582 216
460 381
425 521
411 833
778 417
423 402
142 800
84 573
68 342
557 276
653 801
815 678
791 155
404 723
395 562
117 810
900 307
923 538
849 323
17 392
717 728
599 115
142 482
38 337
890 550
721 638
75 272
581 900
547 984
848 357
912 570
719 508
595 34
255 369
102 716
831 651
840 721
959 406
624 711
940 298
394 686
633 174
848 675
553 517
709 523
547 155
357 137
669 966
43 445
892 396
502 56
409 117
764 470
235 300
694 812
512 70
480 899
749 153
65 533
165 398
656 415
183 798
911 220
162 823
291 50
397 891
124 431
616 379
646 875
987 562
71 646
746 485
431 453
30 378
441 34
983 537
213 373
618 810
321 916
431 950
92 501
364 609
624 956
257 74
486 339
149 520
247 183
416 704
811 201
674 72
640 349
692 896
508 644
248 594
732 155
180 755
327 844
870 459
498 797
332 69
481 433
330 458
555 533
231 369
375 576
950 634
310 56
625 502
597 798
399 803
520 26
919 662
814 320
465 913
596 327
132 818
755 385
295 851
328 251
455 563
130 266
336 235
376 303
69 321
318 169
862 509
515 950
587 185
584 936
857 441
68 419
715 292
334 867
310 834
533 367
456 689
823 592
454 619
871 813
727 446
114 383
229 243
790 666
950 320
48 403
948 605
849 656
899 744
376 223
711 548
527 85
677 617
498 749
703 469
518 861
576 590
722 234
424 197
778 640
485 4
317 140
534 660
616 785
276 807
204 347
360 766
682 211
802 725
347 697
88 234
533 914
759 807
432 793
386 913
372 720
780 612
696 104
659 643
304 163
273 403
42 308
749 833
21 425
490 483
652 601
706 371
204 857
452 99
196 817
743 866
588 972
407 534
158 707
689 607
47 651
171 577
801 549
603 295
681 722
338 795
607 502
437 629
594 891
594 991
847 555
439 575
499 611
948 441
421 505
110 334
820 141
881 749
283 155
19 480
129 492
289 295
407 487
498 522
330 132
388 933
618 464
176 140
368 863
307 393
255 901
614 201
656 740
225 146
326 499
663 479
645 271
408 817
262 420
349 245
849 400
588 342
316 770
673 519
710 186
125 231
852 592
277 135
253 229
573 67
428 901
722 887
721 486
428 469
676 693
19 538
924 491
167 674
444 173
222 339
477 286
160 780
166 345
143 829
531 508
779 905
247 688
316 616
191 421
256 783
555 76
824 574
498 927
966 604
602 391
332 714
439 545
572 320
348 516
478 509
545 187
559 366
704 48
689 341
775 442
279 930
347 836
961 487
34 675
533 894
119 697
159 240
520 793
598 356
223 615
374 243
679 795
746 368
735 593
445 899
863 780
252 673
290 633
762 131
735 549
586 290
638 621
693 539
727 402
158 738
825 397
48 712
241 136
462 471
539 795
872 295
653 41
588 241
894 479
96 603
593 853
257 248
271 913
521 431
255 756
726 665
313 666
395 746
511 151
978 631
822 777
539 828
90 382
392 38
565 663
928 728
504 240
669 114
213 159
451 489
994 447
698 204
269 532
331 177
951 588
752 542
742 816
480 605
636 854
682 637
479 402
954 390
433 766
391 134
437 267
692 151
483 873
236 900
258 873
398 614
232 475
649 192
572 419
546 923
512 134
259 818
483 696
678 659
364 553
558 784
433 590
210 606
714 412
163 439
707 141
458 987
704 344
536 12
672 32
820 214
732 848
551 215
723 905
806 850
187 454
731 764
896 796
357 591
335 595
226 634
879 335
880 247
670 292
773 583
607 415
666 98
628 870
297 277
821 352
473 557
840 847
898 505
226 563
726 528
151 253
881 564
542 812
225 742
478 81
461 647
128 711
332 330
311 424
634 904
194 879
540 427
296 663
380 627
484 229
564 119
575 456
150 577
774 269
98 286
287 872
526 530
673 867
586 370
920 753
419 342
277 456
862 156
873 611
160 595
908 632
500 325
948 526
721 101
635 636
597 817
365 112
414 287
406 67
645 550
857 838
761 763
366 172
179 719
257 135
671 249
534 138
465 518
459 218
897 573
115 618
477 736
398 339
567 203
116 668
81 629
292 549
593 14
816 526
632 782
810 260
310 362
115 366
229 804
719 805
790 593
801 348
191 279
270 566
945 552
241 643
290 574
744 749
645 216
413 29
463 136
605 233
986 479
196 134
287 211
407 577
140 689
922 285
338 675
605 752
618 343
610 249
374 811
565 259
935 323
969 589
658 862
756 917
562 819
808 431
467 498
141 314
873 477
496 580
612 859
250 859
871 389
786 470
571 806
297 319
288 603
422 622
451 422
392 408
550 582
957 367
493 355
316 309
399 473
635 395
445 920
357 317
26 522
281 647
657 664
615 932
558 140
334 109
563 956
618 681
651 706
859 567
565 902
933 586
555 649
538 253
65 472
839 370
867 425
795 203
84 659
903 709
756 613
383 873
389 842
287 499
347 953
514 226
462 972
368 387
568 572
768 335
342 314
396 163
682 44
339 635
538 549
83 758
459 187
877 713
212 255
509 288
831 736
696 327
863 666
856 710
725 430
885 664
381 322
491 251
95 524
236 699
168 854
425 827
888 729
421 10
491 558
31 498
795 623
694 627
465 16
68 401
64 379
444 655
925 354
399 270
288 696
289 888
359 908
167 361
634 319
191 194
177 295
767 151
413 384
306 746
199 208
689 247
440 323
455 728
210 227
413 772
449 857
819 553
199 792
120 292
645 727
565 611
249 621
319 222
389 104
276 550
667 361
866 205
246 337
762 740
253 302
434 89
349 546
417 447
762 860
716 769
619 977
755 501
182 116
516 365
910 588
598 624
588 86
450 80
392 216
489 172
693 224
315 707
832 129
280 835
276 666
441 838
371 705
4 485
674 224
858 305
552 237
180 547
651 897
405 947
839 525
441 741
963 684
652 119
616 21
627 657
619 442
59 513
802 830
741 231
