1000 2962 10
64 26 17 50 54 11 73 56 73 57 13 85 19 67 45 74 56 63 88 96 30 62 96 80 40 88 46 30 89 11 65 64 72 7 95 61 11 3 12 24 59 2 37 17 7 3 24 43 19 48 87 66 67 36 74 27 12 9 52 47 33 67 79 13 84 62 88 69 56 83 47 45 47 51 35 59 100 55 76 89 89 56 54 1 10 8 75 14 60 93 72 65 96 16 40 16 45 50 99 11 39 14 71 55 78 90 98 37 14 97 62 3 11 42 87 77 24 75 43 69 57 4 18 92 67 71 87 74 7 38 87 26 17 56 67 13 60 35 64 13 69 82 19 57 9 13 36 31 21 2 48 60 51 12 63 57 88 92 19 30 83 28 12 12 83 25 8 34 68 69 11 95 3 2 80 87 5 22 60 15 55 37 78 61 28 44 21 23 1 2 95 18 14 1 90 11 89 99 31 97 51 99 60 90 83 13 100 27 35 98 86 25 72 45 48 54 70 43 79 43 18 49 37 89 28 83 67 41 96 11 62 40 59 36 37 50 6 85 93 92 29 84 91 21 32 15 77 95 16 92 93 67 85 42 55 70 66 94 96 13 22 56 93 47 11 93 31 90 62 15 35 49 74 97 2 76 75 80 56 48 4 81 72 19 41 43 16 3 25 45 44 97 52 40 57 1 1 75 3 41 16 91 51 29 10 96 24 90 98 53 97 20 59 16 53 99 99 82 93 44 85 81 32 31 9 9 11 35 94 37 55 71 48 31 5 27 60 66 62 46 99 45 51 3 80 7 12 51 34 20 56 1 52 51 76 58 31 77 14 86 97 4 56 80 67 54 40 28 12 83 44 23 94 45 80 44 100 37 82 11 97 80 17 7 37 83 2 21 80 47 12 30 92 23 11 78 1 48 53 48 80 37 96 23 31 67 98 94 63 20 85 38 65 27 94 25 47 84 54 27 82 51 52 64 70 45 32 12 99 5 50 24 22 92 37 31 67 60 100 87 72 12 78 51 93 13 48 56 18 22 73 5 98 52 31 60 70 3 36 2 20 91 99 83 13 46 59 91 73 74 15 64 43 65 59 98 44 20 26 12 51 79 6 29 60 9 95 88 55 10 9 81 59 9 19 93 91 89 28 7 63 9 62 10 42 87 78 61 16 99 77 69 48 24 60 96 88 64 40 33 6 71 26 3 74 69 65 50 7 45 12 89 63 91 72 26 34 45 41 95 53 62 90 26 94 17 56 56 81 93 76 46 9 2 7 76 59 63 16 64 37 39 19 52 65 33 84 35 16 6 83 43 54 23 39 79 21 21 34 22 100 43 51 7 30 48 45 75 89 51 42 22 4 58 32 78 53 60 69 59 52 51 6 69 93 30 20 92 92 79 15 91 79 34 16 84 56 63 79 65 69 85 93 2 38 20 20 14 46 54 81 68 26 6 32 55 28 11 51 87 29 18 90 44 67 63 5 57 88 54 95 50 20 40 34 93 65 64 53 81 24 79 13 66 88 22 61 73 83 42 100 77 18 26 59 12 74 96 27 63 47 81 40 33 47 98 32 69 59 65 24 12 71 34 53 61 98 88 11 60 24 2 42 41 61 88 53 94 11 52 41 41 17 2 94 82 3 57 71 73 22 44 30 38 84 32 40 100 13 70 10 9 85 19 16 43 58 65 88 4 73 21 77 45 88 90 52 2 4 98 67 86 10 20 90 18 36 67 55 4 86 47 19 16 3 54 42 68 21 79 97 36 31 30 13 50 64 31 54 60 50 36 3 62 46 55 81 63 68 68 96 46 95 57 66 76 31 50 89 15 18 18 26 20 80 84 11 36 24 63 29 32 43 77 41 16 29 14 65 93 82 51 83 56 83 10 50 73 46 60 26 76 55 99 99 68 8 78 21 84 58 28 79 31 57 34 40 38 19 5 51 3 77 72 59 72 79 57 36 60 92 90 71 3 88 79 100 77 94 75 59 47 86 20 99 22 43 99 69 38 34 5 34 51 63 98 41 37 21 70 32 46 81 20 73 62 74 84 12 66 89 11 37 26 67 65 74 15 4 28 35 84 37 39 96 18 39 75 33 98 96 86 88 80 43 16 11 13 17 36 81 90 92 49 43 90 55 64 8 92 6 74 21 17 77 56 99 4 41 76 85 33 90 70 46 1 59 29 3 82 51 1 39 19 48 21 99 16 14 64 22 6 96 3 32 10 66 17 30 49 40 56 80 63 88 89 9 27 74 16 89 18 65 66 20 49 85 59 11 72
0 118
0 327
0 557
0 643
0 690
0 889
0 942
1 21
1 63
1 159
1 480
1 484
1 597
1 755
1 993
2 49
2 251
2 697
2 774
2 799
2 945
2 960
3 11
3 201
3 224
3 582
3 584
3 875
4 56
4 147
4 221
4 247
4 359
4 636
5 36
5 141
5 252
5 304
5 649
5 872
6 112
6 191
6 437
6 547
6 588
6 721
6 893
7 66
7 529
7 697
7 799
7 976
8 58
8 75
8 437
8 438
8 699
8 893
9 277
9 282
9 423
9 853
9 894
9 940
10 150
10 252
10 649
10 667
10 841
10 899
10 961
10 998
11 224
11 792
11 829
11 875
11 970
12 322
12 341
12 345
12 386
12 441
12 780
13 103
13 403
13 524
13 571
13 677
13 783
13 803
13 944
14 65
14 82
14 105
14 319
14 511
14 783
14 975
15 225
15 309
15 503
15 580
15 585
16 440
16 663
16 711
16 837
16 978
17 34
17 278
17 504
17 753
17 856
17 905
17 922
18 117
18 606
18 673
18 784
18 831
18 859
19 58
19 262
19 699
19 704
19 765
20 57
20 200
20 266
20 448
20 652
20 912
21 48
21 63
21 190
21 260
21 597
21 607
22 91
22 204
22 369
22 413
22 576
22 666
22 714
22 738
23 66
23 165
23 350
23 447
23 654
23 707
23 857
23 976
24 157
24 473
24 556
24 694
24 701
24 746
24 820
24 871
24 937
25 153
25 330
25 561
25 724
25 854
25 919
25 966
26 137
26 290
26 388
26 456
26 470
26 510
26 619
26 723
27 87
27 128
27 267
27 628
27 673
28 169
28 174
28 188
28 547
28 712
29 131
29 203
29 477
29 525
29 684
29 910
30 34
30 313
30 794
30 887
30 905
30 996
31 65
31 82
31 143
31 542
31 591
32 52
32 222
32 428
32 492
32 577
32 911
32 986
33 285
33 485
33 610
33 661
33 830
34 504
34 905
34 996
35 124
35 602
35 631
35 810
35 886
35 935
36 252
36 279
36 304
36 316
36 317
36 445
36 483
36 562
36 998
37 296
37 587
37 590
37 632
37 749
37 791
38 173
38 502
38 521
38 627
38 648
38 670
38 808
39 273
39 368
39 430
39 469
39 691
39 917
40 184
40 318
40 343
40 408
40 554
40 560
40 639
41 182
41 214
41 249
41 316
41 445
41 446
41 641
41 841
41 997
42 88
42 129
42 394
42 530
42 800
43 44
43 137
43 510
43 538
43 640
43 685
43 896
44 54
44 123
44 514
44 640
44 685
45 297
45 515
45 652
45 693
45 804
45 980
46 68
46 120
46 297
46 434
46 583
46 804
47 218
47 381
47 454
47 758
48 183
48 190
48 260
48 498
49 62
49 69
49 160
49 251
49 960
50 291
50 370
50 552
50 595
50 934
50 973
50 995
51 138
51 377
51 723
51 798
51 901
51 994
52 288
52 383
52 428
52 836
52 911
53 189
53 401
53 474
53 487
53 767
53 863
53 978
54 123
54 364
54 390
54 395
54 462
54 514
55 250
55 315
55 359
55 636
55 851
55 874
56 147
56 195
56 221
56 308
56 352
56 621
56 676
57 115
57 200
57 269
57 427
57 431
57 652
58 263
58 438
58 699
58 704
59 63
59 299
59 360
59 550
59 770
59 862
59 891
60 85
60 113
60 208
60 302
60 432
60 488
61 270
61 406
61 450
61 454
61 754
61 835
62 69
62 160
62 201
62 324
62 459
63 260
63 360
63 484
63 770
64 127
64 299
64 404
64 462
64 550
64 868
65 82
65 89
65 511
65 542
65 886
66 447
66 774
66 799
66 976
67 97
67 100
67 303
67 759
67 907
68 94
68 424
68 515
68 583
68 620
68 742
68 804
68 967
69 202
69 251
69 459
69 757
70 161
70 163
70 198
70 295
70 332
70 678
70 946
71 230
71 412
71 752
71 887
71 948
72 110
72 197
72 546
72 762
72 807
73 340
73 347
73 361
73 602
73 635
73 729
74 261
74 592
74 747
74 756
74 932
74 950
75 188
75 234
75 437
75 438
76 173
76 256
76 350
76 648
76 740
77 226
77 257
77 541
77 606
77 819
77 859
77 876
77 956
78 114
78 347
78 698
78 785
78 900
78 984
79 106
79 107
79 172
79 862
79 891
79 896
79 954
80 204
80 369
80 458
80 499
80 612
80 738
80 791
81 100
81 429
81 570
81 739
81 759
81 789
82 143
82 783
82 803
82 944
83 103
83 139
83 467
83 489
83 490
83 716
84 258
84 593
84 617
84 926
85 142
85 194
85 208
85 426
85 449
85 488
86 493
86 532
86 565
86 684
86 715
86 838
87 267
87 418
87 673
87 845
88 129
88 288
88 428
88 800
88 836
89 119
89 542
89 631
89 886
90 176
90 392
90 730
90 822
90 877
91 204
91 413
91 587
91 634
91 749
92 257
92 361
92 541
92 545
92 731
93 274
93 287
93 376
93 692
94 424
94 508
94 620
94 763
94 795
95 145
95 227
95 306
95 357
95 499
95 612
96 409
96 414
96 624
96 820
96 846
96 860
97 100
97 144
97 278
97 303
97 334
97 794
98 228
98 233
98 241
98 429
98 570
98 646
99 199
99 261
99 338
99 592
99 888
99 965
99 991
100 334
100 429
100 435
100 672
100 759
101 281
101 455
101 632
101 688
101 749
101 943
102 287
102 329
102 333
102 573
102 608
102 692
102 903
103 489
103 490
103 524
103 677
104 336
104 382
104 393
104 410
104 436
104 762
104 811
105 319
105 403
105 783
105 848
106 107
106 172
106 323
106 426
107 426
107 449
107 891
107 962
107 993
108 152
108 561
108 698
108 705
108 729
108 854
109 244
109 339
109 527
109 822
110 197
110 546
110 650
110 908
111 159
111 192
111 264
111 365
111 480
111 782
112 457
112 588
112 817
112 893
113 302
113 432
113 521
113 648
113 904
113 951
114 245
114 785
114 801
114 984
115 200
115 431
115 703
115 748
116 130
116 149
116 166
116 717
116 899
116 923
117 516
117 628
117 673
117 778
117 819
117 859
118 349
118 601
118 690
118 889
118 989
119 509
119 542
119 631
119 876
120 162
120 434
120 583
120 709
120 719
121 209
121 502
121 615
121 808
121 938
122 348
122 396
122 579
122 873
122 933
123 462
123 550
123 640
124 265
124 452
124 602
124 810
124 990
125 403
125 496
125 517
125 571
126 167
126 362
126 478
126 548
126 563
126 838
127 299
127 404
127 770
128 240
128 241
128 267
128 549
128 628
128 646
128 696
129 387
129 394
129 613
129 836
130 149
130 175
130 237
130 255
130 356
130 734
130 899
131 217
131 477
131 525
131 824
131 827
132 353
132 495
132 647
132 656
132 842
133 203
133 493
133 578
133 793
133 932
134 215
134 263
134 423
134 680
134 787
134 812
135 239
135 279
135 292
135 562
135 856
135 922
136 271
136 407
136 700
136 779
136 947
136 953
137 388
137 510
137 538
138 160
138 324
138 377
138 828
138 994
139 355
139 390
139 395
139 467
139 668
139 716
140 398
140 411
140 506
140 642
140 892
140 977
141 146
141 551
141 649
141 726
141 872
141 961
142 192
142 208
142 449
142 661
143 591
143 600
143 818
143 944
144 278
144 292
144 334
144 656
144 753
145 227
145 306
145 586
145 659
146 482
146 551
146 557
146 961
147 247
147 416
147 621
147 931
148 298
148 669
148 728
148 756
148 897
148 898
149 356
149 537
149 923
150 166
150 667
150 899
150 906
151 313
151 555
151 887
151 920
152 491
152 507
152 724
152 729
152 854
153 315
153 330
153 368
153 469
153 561
154 286
154 298
154 710
154 728
154 833
154 972
155 266
155 312
155 425
155 644
155 718
155 814
156 217
156 491
156 501
156 625
156 885
156 966
157 219
157 487
157 746
157 863
157 937
158 284
158 421
158 465
158 689
158 884
159 192
159 449
159 480
159 993
160 324
160 529
160 828
160 960
161 163
161 295
161 773
161 957
162 583
162 585
162 719
162 735
163 181
163 358
163 410
163 678
163 773
164 255
164 638
164 690
164 942
165 363
165 615
165 707
165 857
165 858
166 717
166 899
166 906
167 528
167 548
167 715
167 743
167 838
167 864
167 924
168 283
168 566
168 855
168 885
169 174
169 220
169 616
169 706
169 712
169 821
170 246
170 399
170 623
170 823
171 172
171 194
171 320
171 323
171 488
171 736
171 766
171 916
172 323
172 916
172 954
173 350
173 627
173 648
174 220
174 296
174 547
174 590
174 963
175 237
175 482
175 604
175 899
176 244
176 512
176 513
176 730
176 771
176 822
177 212
177 461
177 706
177 712
178 199
178 564
178 669
178 888
178 929
179 481
179 555
179 691
179 785
179 900
179 987
180 267
180 331
180 418
180 472
180 549
180 713
180 974
181 410
181 544
181 773
182 446
182 665
182 842
182 997
183 260
183 498
183 512
183 771
184 196
184 343
184 408
184 513
184 786
184 877
185 193
185 254
185 270
185 479
185 754
185 825
186 312
186 407
186 609
186 779
186 912
187 229
187 391
187 490
187 677
187 737
187 913
188 234
188 437
188 547
188 712
189 401
189 556
189 863
189 871
189 985
190 400
190 475
190 498
190 607
191 357
191 547
191 721
191 963
192 365
192 449
192 610
192 661
193 351
193 406
193 463
193 754
193 825
194 323
194 426
194 488
195 198
195 352
195 621
195 662
195 695
196 231
196 343
196 658
196 786
197 553
197 762
197 811
197 908
198 332
198 662
198 678
198 695
199 520
199 888
199 929
199 965
200 448
200 703
200 741
200 852
201 324
201 459
201 584
201 875
202 251
202 720
202 757
203 236
203 477
203 493
203 565
203 578
203 598
203 684
204 369
204 587
204 791
205 256
205 320
205 451
205 529
205 535
205 766
205 806
206 399
206 626
206 633
206 823
206 869
207 254
207 276
207 450
207 733
207 835
208 432
208 485
208 661
209 243
209 637
209 727
209 745
209 808
209 825
209 938
210 236
210 344
210 559
210 578
210 598
210 747
210 972
211 545
211 594
211 768
211 778
211 789
211 819
212 219
212 461
212 487
212 614
212 706
212 711
212 781
212 978
213 242
213 268
213 881
213 955
214 249
214 667
214 841
214 850
215 282
215 423
215 473
215 746
215 812
216 362
216 563
216 589
216 815
216 849
216 884
217 501
217 525
217 827
217 885
218 381
218 417
218 454
218 596
218 611
218 686
218 847
219 487
219 746
219 781
219 812
220 296
220 632
220 821
221 308
221 636
221 851
222 380
222 428
222 577
223 394
223 494
223 660
223 709
223 936
223 959
224 228
224 233
224 476
224 582
224 792
225 309
225 318
225 373
225 560
225 580
225 971
226 361
226 602
226 876
226 956
227 305
227 499
227 557
227 643
227 659
227 726
228 233
228 429
228 476
228 672
229 677
229 818
229 913
229 944
230 412
230 645
230 768
230 801
230 948
231 307
231 328
231 343
231 639
231 658
231 675
232 272
232 506
232 526
232 708
232 815
232 839
233 241
233 696
233 792
233 970
234 379
234 438
234 712
234 832
235 307
235 328
235 342
235 915
235 949
236 578
236 598
237 255
237 482
237 557
237 942
238 346
238 424
238 467
238 489
238 742
238 867
239 306
239 325
239 562
239 586
239 655
239 856
240 456
240 470
240 549
240 696
240 952
241 646
241 696
242 508
242 760
242 795
242 881
242 955
243 637
243 745
243 941
244 260
244 339
244 512
244 822
245 785
245 801
245 948
245 987
246 338
246 399
246 419
246 420
246 623
246 869
247 277
247 359
247 894
247 931
248 397
248 595
248 777
248 995
249 641
249 686
249 850
250 315
250 330
250 367
250 851
250 919
250 921
251 354
251 596
251 720
251 945
252 649
252 998
253 409
253 546
253 650
253 860
254 270
254 479
254 523
254 733
254 805
254 835
254 941
255 638
255 734
255 942
256 350
256 535
256 654
256 740
256 806
257 541
257 545
257 594
257 819
258 366
258 593
258 617
258 622
258 700
258 953
259 572
259 585
259 620
259 760
259 796
260 280
260 339
260 512
260 770
261 338
261 592
261 626
261 869
261 950
262 326
262 374
262 699
262 765
262 817
262 988
263 438
263 680
263 704
263 812
263 832
264 400
264 480
264 607
264 761
264 782
265 452
265 501
265 843
265 990
266 312
266 652
266 814
266 912
267 418
267 549
268 372
268 486
268 866
268 881
268 955
269 427
269 652
269 980
270 754
270 835
271 407
271 573
271 769
271 903
271 953
272 468
272 506
272 642
272 708
273 294
273 314
273 430
273 765
273 917
274 287
274 301
274 376
274 522
274 914
275 280
275 339
275 527
275 744
275 790
275 879
276 450
276 671
276 733
276 847
277 414
277 518
277 853
277 894
277 931
278 753
278 794
278 905
279 292
279 483
279 562
279 878
280 339
280 404
280 770
280 879
281 440
281 455
281 567
281 943
282 414
282 423
282 473
282 624
282 853
283 525
283 855
283 885
283 910
284 421
284 605
284 725
284 884
285 432
285 485
285 531
285 830
285 904
286 329
286 608
286 710
286 728
286 732
287 301
287 333
287 692
288 428
288 836
289 521
289 531
289 670
289 904
290 377
290 619
290 723
290 829
290 875
290 901
291 453
291 660
291 973
291 995
292 656
292 753
292 878
292 922
293 443
293 621
293 662
293 802
293 992
294 374
294 765
294 788
294 917
295 411
295 468
295 651
295 750
295 946
295 957
296 590
296 632
297 434
297 772
297 804
297 936
297 980
298 728
298 756
298 833
299 550
299 770
300 442
300 666
300 714
300 889
300 925
301 310
301 333
301 464
301 522
301 679
302 488
302 951
303 412
303 794
303 907
304 317
304 872
305 327
305 337
305 499
305 643
305 738
306 325
306 357
306 586
306 721
307 328
307 675
307 949
308 676
308 683
308 851
309 342
309 503
309 560
310 329
310 333
310 464
310 682
310 775
311 402
311 500
311 505
311 717
311 923
312 644
312 779
312 848
312 912
313 326
313 887
313 920
313 996
314 378
314 430
314 765
314 930
314 979
315 330
315 368
315 405
315 874
316 445
316 841
316 998
317 562
317 586
317 659
317 872
318 373
318 408
318 554
318 560
318 813
319 779
319 848
319 947
319 975
320 384
320 529
320 736
320 766
320 861
321 422
321 433
321 465
321 689
321 864
322 441
322 471
322 497
322 722
322 780
322 982
323 426
324 377
324 875
325 588
325 655
325 721
326 374
326 504
326 920
326 988
326 996
327 337
327 643
327 889
328 342
328 560
328 639
329 333
329 608
329 682
329 728
329 897
330 919
331 418
331 713
331 737
332 398
332 695
332 873
332 946
334 435
334 630
334 647
334 656
335 421
335 605
335 651
335 708
335 839
335 928
336 393
336 436
336 553
336 802
336 992
337 576
337 714
337 738
337 889
338 419
338 540
338 869
338 965
339 527
340 347
340 361
340 731
340 984
341 386
341 558
341 780
341 929
341 982
342 503
342 560
342 915
343 639
344 559
344 710
344 926
344 964
344 972
345 386
345 419
345 420
345 441
345 540
346 425
346 496
346 524
346 718
346 742
346 867
347 698
347 705
347 729
347 984
348 532
348 533
348 579
348 657
348 855
348 933
348 977
349 601
349 603
349 690
350 627
350 654
350 707
350 858
351 463
351 575
351 681
351 825
352 396
352 676
352 695
352 873
353 584
353 647
353 757
353 842
353 844
354 596
354 847
354 939
354 945
355 372
355 390
355 668
355 881
356 537
356 734
356 927
357 612
357 721
357 895
357 963
358 382
358 393
358 410
358 678
358 969
359 371
359 636
359 874
359 894
360 484
360 891
360 962
361 541
361 602
361 731
361 956
362 422
362 548
362 563
362 589
363 615
363 745
363 857
363 938
364 391
364 395
364 514
364 713
364 716
364 974
365 610
365 782
365 830
366 593
366 622
366 797
366 810
366 935
366 999
367 534
367 683
367 840
367 851
367 921
368 405
368 430
368 469
369 738
370 552
370 813
370 909
370 971
370 973
371 874
371 880
371 894
372 390
372 866
372 868
372 881
372 968
373 813
373 971
374 765
374 788
374 920
375 415
375 439
375 444
375 519
375 679
375 776
376 389
376 692
376 741
376 852
376 883
376 914
377 875
377 901
378 680
378 704
378 765
378 787
378 930
379 461
379 712
379 781
379 832
380 428
380 577
380 629
380 800
380 918
381 667
381 686
381 758
381 850
381 906
382 393
382 410
383 387
383 397
383 777
383 836
383 911
383 934
384 529
384 828
384 861
385 441
385 536
385 722
385 776
385 834
385 911
385 986
386 520
386 540
386 929
387 613
387 777
387 836
388 538
388 702
388 723
388 954
389 444
389 519
389 883
389 914
389 981
390 395
390 462
390 868
391 490
391 713
391 716
391 737
392 527
392 658
392 786
392 822
392 877
393 969
393 992
394 494
394 530
394 613
394 959
395 716
396 579
396 676
396 826
396 873
397 595
397 777
397 934
398 411
398 873
398 892
398 946
399 823
399 869
400 475
400 607
400 761
401 767
401 985
402 500
402 575
402 681
402 717
402 890
402 906
403 517
403 571
403 783
403 848
404 539
404 770
404 868
404 879
405 430
405 874
405 979
406 454
406 463
406 681
406 754
406 890
407 573
407 609
407 779
408 552
408 554
408 813
408 909
409 546
409 574
409 694
409 846
409 860
410 762
410 764
410 807
410 816
411 468
411 642
411 946
412 768
412 794
412 887
412 907
413 567
413 634
413 666
414 518
414 624
414 853
414 860
414 908
415 444
415 618
415 776
416 443
416 621
416 674
416 931
417 446
417 466
417 611
417 641
417 686
418 737
418 845
418 913
419 420
419 540
420 441
420 623
421 544
421 605
421 928
421 957
422 548
422 589
422 689
422 864
423 787
423 940
424 467
424 742
424 763
425 496
425 517
425 644
425 718
426 449
427 431
427 530
427 629
427 772
427 800
427 980
428 800
429 570
429 672
430 979
431 629
431 748
432 485
432 904
433 465
433 633
433 864
433 902
433 924
434 709
434 936
435 630
435 672
436 553
436 811
437 547
437 893
438 832
439 464
439 471
439 497
439 558
439 679
439 776
440 474
440 567
440 663
440 767
440 837
440 943
441 623
441 722
441 902
442 601
442 603
442 889
442 925
442 989
443 518
443 553
443 621
443 674
443 802
443 908
444 519
444 618
444 981
445 483
445 997
446 466
446 641
446 665
447 774
447 805
447 857
447 983
448 741
448 912
449 993
450 454
450 835
450 847
451 488
451 535
451 766
451 951
452 501
452 797
452 810
452 827
453 660
453 709
453 719
453 809
453 973
454 758
454 847
454 890
455 567
455 634
455 688
456 470
456 619
456 696
456 970
457 504
457 588
457 655
457 817
457 988
458 590
458 612
458 791
458 895
459 584
459 757
460 492
460 577
460 618
460 834
460 883
460 918
460 981
461 712
461 781
462 550
462 868
463 681
464 558
464 564
464 679
464 775
465 689
465 902
466 596
466 611
466 665
466 720
467 489
467 668
467 763
468 642
468 651
468 708
469 561
469 691
469 698
469 900
470 510
470 952
471 497
471 558
471 982
472 514
472 549
472 685
472 974
473 624
473 746
473 820
474 767
474 837
474 978
475 498
475 761
475 882
476 582
476 630
476 672
476 844
477 598
477 824
477 865
478 526
478 563
478 687
478 815
478 838
479 727
479 825
479 941
480 597
480 607
481 555
481 691
481 788
481 917
482 557
482 604
482 961
483 495
483 656
483 878
483 997
484 755
484 962
485 661
486 543
486 866
486 870
486 915
486 955
487 863
487 978
488 766
488 951
489 524
489 867
490 677
490 716
491 501
491 507
491 724
491 843
491 966
492 536
492 577
492 834
492 986
493 565
493 715
493 793
494 530
494 772
494 936
495 656
495 842
495 997
496 517
496 524
496 571
497 722
497 776
498 771
498 882
499 612
499 738
500 505
500 575
501 827
501 843
502 615
502 627
502 808
502 858
503 572
503 585
503 915
504 655
504 856
504 988
504 996
505 537
505 575
505 923
506 526
506 533
506 642
506 977
507 581
507 729
507 843
508 668
508 763
508 795
508 881
509 542
509 568
509 606
509 876
510 549
510 685
510 952
511 886
511 935
511 975
511 999
512 771
513 730
513 771
513 877
513 882
514 685
514 974
515 599
515 693
515 742
515 804
516 570
516 628
516 646
516 778
517 644
517 848
518 674
518 908
518 931
519 522
519 679
519 914
520 540
520 929
520 965
521 648
521 670
521 904
522 679
522 914
523 671
523 733
523 805
523 983
524 571
524 867
525 885
525 910
526 533
526 687
526 815
527 658
527 664
527 744
527 822
528 626
528 743
528 793
528 924
528 950
529 697
529 806
529 828
529 960
529 976
530 772
530 800
531 670
531 808
531 904
532 533
532 657
532 684
532 687
532 838
533 687
533 977
534 625
534 840
534 919
534 921
534 966
535 740
535 951
536 834
536 986
537 575
537 923
537 927
538 653
538 896
538 954
539 790
539 866
539 868
539 870
539 879
539 968
540 965
541 956
542 568
542 591
543 744
543 870
543 915
543 949
543 958
544 773
544 957
545 594
545 645
545 731
545 768
545 984
546 574
546 650
546 807
547 963
548 864
549 685
549 952
550 640
550 862
551 557
551 726
552 909
552 934
553 802
553 811
553 908
555 752
555 788
555 887
555 920
555 987
556 569
556 694
556 764
556 871
556 985
557 643
557 726
557 942
558 564
558 929
558 982
559 593
559 598
559 865
559 926
560 639
561 698
561 854
562 586
563 815
564 669
564 775
564 929
565 684
566 579
566 625
566 826
566 855
566 885
567 634
567 666
567 925
568 591
568 606
568 831
569 574
569 694
569 764
569 816
570 646
570 778
570 789
572 585
572 760
572 915
572 955
573 609
573 692
573 903
574 694
574 807
574 816
575 681
576 714
576 738
577 918
578 747
578 932
579 826
579 855
580 585
580 735
580 809
580 971
581 635
581 729
581 843
581 990
582 584
582 844
583 585
583 967
584 757
584 844
585 620
585 735
585 967
586 659
587 749
587 791
588 655
588 721
589 689
589 884
590 791
590 895
590 963
591 600
591 831
592 756
592 898
592 991
593 797
593 865
593 926
594 819
595 934
595 995
596 611
596 720
596 847
597 607
598 865
599 693
599 718
599 742
599 814
600 784
600 818
600 831
600 845
600 913
601 603
601 989
602 631
602 635
602 876
602 990
603 638
603 690
603 925
603 927
604 899
604 961
605 725
605 839
606 831
606 859
606 876
608 732
608 903
609 692
609 912
610 661
610 830
612 895
613 777
613 959
614 616
614 663
614 706
614 711
615 858
615 938
616 663
616 706
616 821
616 943
617 769
617 926
617 953
617 964
618 776
618 834
618 981
619 829
619 970
620 795
620 796
620 967
621 662
622 700
622 999
623 823
623 902
624 820
625 826
625 840
625 885
625 966
626 633
626 869
626 924
626 950
627 858
628 646
628 673
629 748
629 800
629 918
630 647
630 672
630 844
631 876
631 886
632 749
632 821
632 943
633 823
633 902
633 924
634 688
634 749
635 729
635 990
636 851
637 727
637 941
638 690
638 734
638 927
640 862
640 896
641 686
644 848
645 768
645 801
645 984
647 656
647 844
648 740
648 951
649 961
650 860
650 908
651 708
651 750
651 928
652 693
652 814
652 980
653 896
653 954
654 806
654 976
655 856
656 878
657 684
657 855
657 910
658 664
658 675
658 786
659 726
659 872
660 709
660 777
660 959
660 995
662 678
662 751
662 992
663 711
663 943
664 675
664 744
664 958
665 720
665 757
665 842
666 714
666 925
667 841
667 850
667 906
668 763
668 881
669 775
669 888
669 897
669 898
669 991
670 808
671 733
671 847
671 939
671 945
671 983
673 784
673 845
674 931
675 949
675 958
676 683
676 826
676 840
677 944
678 751
678 969
680 704
680 787
681 890
682 775
682 897
683 840
683 851
684 910
686 850
687 838
688 749
689 884
690 942
691 900
691 917
692 741
692 912
693 814
694 701
694 846
695 873
696 970
697 799
697 960
698 705
698 900
699 817
699 893
700 947
700 953
700 999
701 820
701 846
702 723
702 736
702 798
702 954
702 994
703 748
703 852
703 883
704 765
705 729
706 712
707 858
708 839
709 719
709 936
710 732
710 769
710 964
710 972
711 978
713 737
713 974
714 889
715 743
715 793
715 838
717 906
717 923
718 742
718 814
719 735
719 809
720 757
722 776
723 798
723 901
724 854
724 966
725 839
725 849
725 884
726 872
727 825
727 941
728 897
730 877
731 984
732 769
732 903
734 927
735 809
736 861
736 916
736 954
736 994
737 913
739 759
739 789
739 907
740 951
741 852
741 912
743 793
744 790
744 870
744 958
745 805
745 857
745 938
745 941
746 812
747 756
747 833
747 932
747 972
748 883
748 918
750 928
750 957
751 969
751 992
752 887
752 948
752 987
753 922
755 962
755 993
756 833
756 898
757 842
758 890
758 906
759 907
760 795
760 796
760 955
761 782
761 830
762 807
762 811
764 767
764 816
764 985
767 985
768 789
768 907
769 903
769 953
769 964
771 882
772 936
772 980
773 957
774 799
774 945
774 983
775 897
776 834
777 959
777 995
778 789
778 819
779 848
779 947
780 982
781 812
781 832
782 830
783 803
784 831
784 845
785 900
785 987
786 877
787 930
787 940
788 917
788 920
789 907
790 870
790 879
792 970
793 932
793 950
794 887
794 905
795 796
797 810
797 827
797 865
798 994
801 948
801 984
802 992
803 944
805 857
805 941
805 983
806 976
807 816
809 971
809 973
810 935
812 832
813 909
813 971
815 839
815 849
817 893
817 988
818 913
818 944
819 859
820 846
821 943
823 902
824 827
824 865
826 840
827 865
828 861
828 994
829 875
829 970
833 972
837 978
839 849
841 998
842 997
843 990
845 913
847 939
849 884
852 883
855 910
856 922
860 908
861 994
862 891
862 896
863 871
863 937
864 924
866 870
866 968
868 968
871 937
873 892
873 933
874 880
874 979
880 894
880 930
880 979
883 918
883 981
886 935
888 991
889 989
890 906
891 962
892 933
892 977
894 930
894 940
895 963
896 954
898 991
899 961
911 986
915 949
915 955
916 954
919 921
919 966
926 964
928 957
930 940
930 979
932 950
933 977
935 999
939 945
945 983
947 975
947 999
948 987
949 958
962 993
969 992
971 973
975 999
347 920
884 550
693 772
616 673
181 441
443 820
303 707
725 772
261 653
179 543
491 875
622 633
407 30
629 361
562 353
838 265
109 726
407 672
561 475
276 617
620 222
924 521
277 862
771 793
84 604
320 435
679 582
604 516
227 714
335 299
399 625
560 398
643 60
954 681
394 655
485 366
463 798
232 806
846 784
311 525
921 267
538 801
702 126
722 535
737 497
679 216
735 235
591 882
930 505
666 737
829 169
698 640
673 49
72 664
733 463
244 455
183 407
649 178
259 638
824 518
860 689
636 912
646 720
869 514
816 472
548 377
725 801
472 616
728 293
643 749
123 339
417 575
32 485
430 444
364 164
243 668
812 759
498 461
387 489
798 585
299 833
510 594
583 383
700 389
439 284
863 673
275 222
624 496
693 90
519 387
968 423
244 854
458 482
547 162
752 334
336 796
102 550
462 629
563 594
386 112
497 631
189 823
513 191
659 376
28 400
580 344
803 601
836 580
356 440
929 427
71 494
932 603
334 690
875 718
398 506
624 167
485 938
543 504
334 932
511 412
753 228
841 850
224 322
754 484
444 381
630 328
234 180
834 476
614 542
727 111
437 939
347 317
533 724
334 205
176 605
416 715
521 268
698 573
691 679
736 402
175 294
426 847
895 651
590 414
462 681
366 793
420 870
165 441
430 161
462 992
500 899
380 599
364 409
307 463
443 199
632 269
325 357
110 635
171 124
905 599
693 705
97 299
775 249
63 335
380 954
781 830
489 916
262 173
282 324
203 731
327 60
799 653
791 611
821 774
235 760
435 912
958 450
168 698
423 95
367 540
672 488
58 285
552 787
941 490
967 336
695 941
566 265
650 420
242 684
59 640
958 531
293 731
927 623
675 948
830 652
154 375
947 337
46 473
134 363
402 88
611 177
638 695
630 766
337 229
269 836
790 711
287 91
676 878
902 685
796 901
389 226
494 548
143 694
789 379
526 834
158 599
189 179
337 338
601 862
125 634
212 758
200 411
641 81
735 155
585 627
862 259
477 443
375 842
564 621
629 409
439 555
930 336
181 238
588 593
220 665
877 330
375 236
417 907
693 333
396 734
631 559
588 572
782 363
769 902
937 450
401 532
344 62
175 483
816 131
544 839
262 425
656 791
459 827
71 528
700 901
390 942
796 743
484 497
471 293
793 305
908 492
347 115
302 625
222 624
948 580
421 381
634 242
633 511
802 387
664 185
682 918
507 235
182 260
307 548
530 145
883 437
671 862
167 506
434 656
442 739
870 456
142 830
147 550
305 321
127 189
944 727
461 202
528 164
698 66
899 759
667 627
804 175
450 695
109 420
309 583
113 286
226 785
725 197
428 180
820 501
268 924
503 145
845 704
457 607
430 807
335 861
354 752
896 338
215 395
855 276
487 149
521 960
581 279
384 619
260 568
289 474
499 807
414 792
892 241
562 327
753 676
220 108
489 15
814 633
656 691
352 737
353 638
334 891
908 312
485 177
299 437
653 466
150 338
504 165
494 673
130 224
55 418
313 890
370 82
904 439
422 462
449 45
862 306
950 320
413 232
381 33
662 319
407 459
241 286
340 960
804 783
674 966
191 367
552 704
660 815
755 403
442 991
317 770
59 357
205 467
839 534
452 456
209 172
782 849
705 457
962 623
475 319
255 406
303 507
288 844
853 193
219 492
782 406
867 227
316 607
523 75
562 157
669 657
236 581
195 663
642 102
559 875
42 382
786 95
730 695
528 3
404 55
750 102
707 592
557 115
760 430
668 430
955 401
58 392
725 136
729 442
214 346
809 115
174 309
320 78
958 547
50 656
553 945
596 337
843 458
271 500
625 941
534 249
904 208
73 546
22 363
159 300
448 584
236 868
126 500
532 62
151 447
579 829
638 470
366 55
348 36
98 218
207 145
184 575
717 338
642 292
830 631
667 167
665 80
534 619
295 528
641 165
902 701
237 101
746 200
518 651
32 428
262 677
229 649
491 66
108 796
365 20
292 947
114 442
544 74
492 785
564 807
735 814
604 208
885 620
636 895
807 705
414 350
791 193
613 886
158 838
646 584
347 680
278 803
626 714
599 82
182 672
780 466
623 958
488 116
204 98
597 818
714 367
152 274
329 515
661 566
482 51
691 492
137 594
68 703
996 516
571 635
366 287
224 218
710 943
924 563
342 567
426 888
491 747
855 537
937 694
830 365
105 662
821 678
675 360
659 403
371 390
608 64
317 216
720 157
518 740
645 318
503 28
971 504
319 827
536 969
381 359
850 827
833 307
364 668
523 981
196 269
383 407
763 362
525 424
683 556
511 337
945 464
992 453
716 481
693 247
572 537
612 314
137 483
524 110
402 70
874 758
522 130
704 853
660 353
322 325
226 241
905 399
287 162
732 715
699 145
922 768
263 242
222 264
277 390
812 720
593 37
490 996
725 576
831 424
382 62
474 476
548 411
868 373
67 269
462 518
53 518
261 732
235 158
648 525
781 502
408 857
866 164
72 446
910 239
374 581
50 615
388 879
463 91
407 266
891 285
339 450
424 746
212 196
446 100
314 237
266 332
203 892
547 435
25 564
523 578
634 343
817 320
511 216
33 522
553 996
300 876
621 79
365 215
240 328
830 252
398 411
589 685
760 265
609 698
807 286
397 772
253 834
343 718
193 163
250 789
573 418
375 141
425 300
482 513
835 139
629 822
919 548
373 251
669 260
591 449
319 954
467 406
347 976
442 897
127 206
535 461
942 546
483 197
548 237
962 648
601 841
316 788
742 122
148 729
806 845
176 758
450 267
557 54
652 601
766 298
148 405
491 299
328 44
125 559
281 373
309 126
833 792
585 525
652 132
527 665
501 399
213 793
267 101
202 862
422 422
207 438
744 928
397 967
929 294
764 511
563 825
172 278
348 871
601 288
445 532
582 553
529 697
843 754
445 841
81 509
124 253
642 225
741 579
763 760
368 717
497 706
284 284
945 378
396 808
780 158
933 672
115 395
133 743
902 378
589 771
249 915
516 863
745 376
439 133
911 782
691 842
534 635
584 493
137 456
905 360
210 377
645 393
76 360
504 116
222 590
599 971
471 156
236 402
304 259
707 508
554 851
243 236
188 842
188 140
360 959
337 539
562 196
676 240
53 572
162 362
620 570
709 768
367 471
284 635
502 286
89 578
730 624
611 158
231 606
372 450
161 715
794 797
143 239
761 186
442 222
129 723
195 698
681 463
291 899
284 206
691 408
505 934
661 282
781 233
611 779
321 733
511 7
702 607
339 402
160 191
395 846
727 938
445 184
392 434
983 437
440 479
470 220
689 860
422 965
807 248
754 637
649 448
311 860
495 586
825 742
584 188
697 304
289 177
885 391
767 868
135 610
376 189
632 143
203 830
111 261
88 393
399 561
440 680
672 933
861 555
391 170
616 746
571 900
494 601
792 332
986 573
24 462
740 354
14 616
281 591
796 681
46 689
470 559
478 234
868 492
967 470
699 175
73 290
710 810
475 137
525 45
787 113
528 524
548 280
460 27
183 651
959 602
593 358
578 463
385 528
967 369
206 579
335 583
507 572
854 420
267 817
603 617
311 176
431 613
767 327
777 310
428 332
713 625
711 784
676 122
418 526
82 428
597 375
711 240
739 851
773 739
21 504
877 826
835 224
457 359
28 447
170 623
874 212
651 247
206 211
17 541
317 670
613 410
508 503
104 571
195 759
943 421
290 67
371 312
697 956
247 347
381 339
715 688
649 619
978 611
562 453
209 649
412 191
572 41
681 897
740 83
86 717
257 208
163 215
263 381
508 827
549 744
391 391
567 690
620 466
85 559
662 849
578 311
175 189
532 852
231 423
578 156
161 528
339 424
273 305
395 717
749 832
816 805
521 473
95 519
731 677
780 539
88 648
246 144
395 290
810 401
675 341
800 446
334 101
861 395
66 625
413 811
204 334
239 486
650 660
505 428
977 403
475 732
858 435
217 509
779 391
995 492
582 124
169 142
307 341
501 365
411 595
404 105
309 909
569 916
820 551
191 311
303 678
198 505
295 782
758 555
455 160
407 143
459 898
358 524
682 636
283 53
500 205
895 736
415 650
515 916
476 583
87 485
881 197
314 306
659 43
593 220
633 439
538 122
843 336
769 620
322 551
636 120
286 414
363 615
270 410
419 692
503 977
267 134
249 932
423 264
424 991
101 241
417 67
218 535
158 478
346 187
214 309
855 152
485 331
735 175
81 623
805 886
671 827
200 547
725 913
376 936
180 777
603 392
693 821
152 323
527 297
411 551
878 347
314 158
832 713
654 551
480 261
751 600
800 350
480 461
88 260
888 369
747 137
682 739
442 861
845 555
281 746
435 240
385 83
323 384
758 285
807 423
74 385
626 602
852 226
405 208
836 195
689 477
527 322
747 762
214 284
108 690
251 515
676 196
580 98
465 44
708 828
423 486
36 634
632 35
385 551
344 659
316 929
420 398
397 128
86 411
871 570
713 659
805 154
378 651
504 758
479 819
505 310
