1000 2955 10
9 67 85 61 17 59 26 37 91 38 7 18 17 63 64 59 92 50 9 35 38 67 22 56 92 74 27 22 93 78 60 35 1 41 52 83 1 35 9 37 56 34 2 10 23 13 62 25 44 28 46 77 63 18 1 40 51 15 15 32 15 56 74 22 9 28 1 89 44 7 12 76 14 99 76 67 19 76 74 77 56 28 40 75 61 62 42 11 5 94 83 82 70 54 69 95 19 27 15 16 12 40 73 76 48 13 97 63 95 72 40 61 79 66 18 97 64 65 32 83 10 5 58 84 3 83 94 6 52 10 69 49 94 52 33 65 71 56 88 2 92 68 13 7 98 96 51 83 84 58 47 38 70 49 26 11 13 70 32 87 42 11 4 21 56 20 69 43 28 80 10 96 5 63 98 41 45 100 57 74 54 56 42 67 12 85 75 60 70 24 39 43 47 97 47 64 98 60 73 74 74 54 92 71 50 6 80 28 54 36 39 78 7 46 43 34 99 6 60 28 86 55 65 9 100 79 49 37 56 29 30 66 8 44 39 77 14 33 39 74 99 61 76 66 24 100 60 15 70 13 55 71 95 59 82 83 3 56 19 18 77 5 66 62 58 74 60 18 65 61 50 74 54 20 99 53 12 91 47 15 28 39 45 81 89 46 76 71 92 16 83 14 15 52 42 60 77 48 80 19 97 2 13 84 68 70 25 79 11 45 24 72 37 23 75 66 27 37 46 52 13 69 57 30 24 4 75 74 10 76 44 38 55 96 17 85 95 3 24 31 22 30 50 40 10 87 41 45 73 95 4 8 69 91 44 60 91 65 11 29 4 90 35 99 35 17 79 41 14 60 49 97 94 89 53 93 57 21 57 62 31 23 6 16 19 77 89 21 54 52 3 45 90 41 22 16 40 89 5 31 74 58 20 98 50 19 27 16 76 67 52 92 81 57 55 11 7 5 50 19 27 30 72 31 12 1 6 32 59 84 13 70 2 78 47 53 6 45 82 66 91 50 87 55 53 5 99 85 80 31 53 26 74 74 20 80 13 28 13 80 64 93 35 51 17 83 40 7 28 33 66 26 59 90 12 87 85 3 86 69 92 72 99 41 92 80 72 84 69 36 11 81 66 65 90 79 83 65 17 30 9 71 57 14 38 9 36 85 43 48 24 6 42 29 40 48 94 29 47 35 53 35 72 84 32 99 88 39 91 18 44 67 98 52 58 63 61 40 49 80 51 31 76 13 86 50 53 2 72 31 58 55 5 1 47 35 6 95 6 22 28 99 24 79 95 26 85 56 86 18 27 34 81 37 62 27 37 73 15 71 47 30 23 21 26 8 62 19 20 95 12 60 2 88 14 29 12 75 14 27 7 71 98 8 26 29 8 71 17 92 25 25 19 99 67 16 29 55 41 79 76 1 61 82 50 86 18 4 83 44 16 43 35 22 82 40 93 95 51 60 90 31 4 70 12 25 10 39 48 33 99 43 4 55 87 75 86 51 17 20 36 8 65 23 25 50 7 89 3 17 39 52 50 80 42 55 62 69 35 9 46 63 94 73 38 100 4 2 36 10 17 39 71 95 31 92 74 58 88 62 98 32 13 95 81 18 87 84 11 42 18 75 40 91 51 76 71 50 94 51 88 76 51 93 19 17 73 32 59 45 8 2 96 95 36 38 52 84 82 97 70 29 1 52 2 9 75 79 18 83 85 58 86 14 14 32 89 49 6 97 49 41 70 13 25 79 95 70 80 8 50 71 48 19 57 19 54 53 74 36 5 16 46 71 86 77 74 32 87 34 22 16 25 100 26 85 92 67 47 84 5 99 34 77 8 74 65 91 69 54 13 2 43 50 86 4 29 84 34 88 21 40 45 33 19 30 18 34 34 99 98 7 63 7 77 43 44 60 27 80 41 52 1 96 47 92 16 79 41 53 72 9 45 16 96 58 4 99 67 12 4 97 1 51 61 10 89 53 66 56 63 80 43 38 58 44 19 52 74 28 95 81 98 20 43 3 63 43 45 48 87 69 97 62 59 68 68 27 25 76 13 23 86 81 78 77 12 25 63 38 45 19 14 31 79 87 29 53 37 82 48 80 96 87 93 26 27 91 37 52 98 84 8 80 65 55 52 52 38 18 59 73 78 55 74 15 60 16 91 7 64 46 54 46 35 58 64 67 29 23 14 3 12 45 24 17 80 3 100 37 70 43 45 51 3 61 24 22 51 91 54 8 52 36 74 4 20 86 55 28 81 58 51 58 10 78 67 13 70 32
0 29
0 164
0 242
0 621
0 829
0 926
1 6
1 85
1 91
1 124
1 502
1 714
1 795
2 51
2 118
2 158
2 301
2 487
2 729
3 32
3 78
3 134
3 335
3 554
3 838
3 867
4 23
4 212
4 255
4 273
4 367
4 495
4 731
5 9
5 229
5 287
5 292
5 602
5 893
6 124
6 349
6 502
6 542
7 307
7 316
7 902
7 905
7 996
8 159
8 262
8 278
8 290
8 780
8 832
9 25
9 185
9 292
9 420
9 807
9 893
10 150
10 327
10 371
10 426
10 579
10 825
11 102
11 342
11 423
11 805
11 905
11 996
12 34
12 138
12 299
12 435
12 498
12 736
13 225
13 414
13 419
13 552
13 827
13 845
14 165
14 271
14 314
14 507
14 594
14 713
14 717
15 260
15 305
15 318
15 406
15 706
15 716
16 26
16 363
16 622
16 674
16 764
16 804
17 55
17 284
17 512
17 617
17 631
17 828
17 892
18 117
18 134
18 335
18 357
18 365
18 486
18 932
18 975
19 219
19 530
19 630
19 937
19 951
20 117
20 118
20 130
20 216
20 411
20 683
20 960
20 975
21 135
21 191
21 485
21 564
21 692
21 755
21 756
21 806
22 98
22 206
22 213
22 509
22 694
22 828
23 203
23 212
23 367
23 735
23 809
23 843
24 172
24 235
24 467
24 734
25 310
25 428
25 807
25 855
25 893
26 99
26 363
26 373
26 622
26 785
27 70
27 365
27 369
27 457
27 524
27 941
28 285
28 622
28 721
28 804
28 868
29 46
29 479
29 501
29 586
29 621
29 850
29 926
30 73
30 645
30 794
30 800
30 831
30 952
31 104
31 190
31 308
31 652
31 884
31 966
31 990
32 134
32 198
32 486
32 554
33 283
33 298
33 321
33 324
33 355
33 405
33 710
34 129
34 135
34 435
34 736
34 806
35 45
35 328
35 538
35 994
36 339
36 374
36 482
36 632
36 697
37 327
37 358
37 426
37 579
37 656
38 396
38 548
38 603
38 754
38 834
39 277
39 333
39 432
39 840
39 916
40 222
40 362
40 484
40 503
40 745
40 761
40 883
41 61
41 285
41 366
41 672
41 896
42 155
42 434
42 587
42 848
42 859
43 272
43 341
43 527
43 591
43 651
43 979
44 256
44 341
44 413
44 583
44 860
44 874
44 979
45 268
45 538
45 625
45 678
45 994
46 510
46 569
46 593
46 621
46 850
47 289
47 462
47 584
47 635
47 649
47 842
48 347
48 352
48 415
48 859
48 910
49 325
49 372
49 531
49 559
49 701
49 852
50 151
50 198
50 554
50 624
50 708
51 301
51 320
51 487
51 604
52 74
52 245
52 325
52 701
53 63
53 252
53 402
53 426
53 750
53 825
54 65
54 231
54 634
54 863
54 877
54 962
55 98
55 186
55 828
55 892
56 300
56 305
56 359
56 370
56 468
56 808
56 987
57 201
57 497
57 552
57 563
57 598
58 174
58 246
58 453
58 908
58 928
59 230
59 425
59 444
59 455
59 546
59 553
60 227
60 573
60 596
60 662
60 676
60 738
61 114
61 301
61 320
61 366
61 672
62 87
62 157
62 351
62 660
62 711
63 72
63 402
63 426
63 476
63 715
63 983
64 108
64 283
64 321
64 379
64 657
65 264
65 464
65 634
65 759
65 958
65 962
66 75
66 107
66 209
66 260
66 300
66 318
66 440
66 468
66 566
66 618
67 290
67 550
67 798
67 801
67 815
67 938
68 226
68 311
68 408
68 594
68 610
68 687
68 717
68 835
68 945
69 83
69 210
69 460
69 608
69 885
69 908
69 928
70 457
70 748
70 941
70 960
71 219
71 256
71 436
71 673
71 797
71 988
72 93
72 358
72 456
72 715
72 774
72 890
72 983
73 104
73 169
73 232
73 645
73 800
74 131
74 245
74 325
74 372
74 407
74 709
75 107
75 160
75 187
75 209
75 412
75 934
76 142
76 205
76 314
76 364
76 741
76 743
76 963
77 101
77 450
77 453
77 491
77 576
77 644
77 675
78 304
78 332
78 338
78 443
78 737
78 838
78 867
79 599
79 605
79 777
79 830
79 860
80 240
80 269
80 802
80 822
81 98
81 179
81 186
81 401
81 819
82 182
82 667
82 740
82 765
82 886
83 474
83 691
83 885
83 928
84 203
84 323
84 488
84 708
84 726
84 843
84 889
85 91
85 188
85 201
85 598
85 714
86 112
86 399
86 767
86 857
86 935
86 956
86 998
87 351
87 642
87 711
87 980
88 394
88 620
88 668
88 778
88 858
89 213
89 512
89 521
89 828
89 955
90 144
90 150
90 578
90 667
90 749
90 869
91 124
91 201
91 466
92 391
92 508
92 609
92 654
92 723
93 250
93 409
93 715
93 774
94 350
94 680
94 681
94 779
94 801
94 924
95 259
95 275
95 317
95 409
95 479
95 586
95 670
95 844
96 202
96 274
96 395
96 539
96 540
96 875
97 119
97 149
97 394
97 445
97 544
97 646
98 179
98 186
98 694
98 828
99 121
99 263
99 363
99 373
99 527
99 651
99 841
100 175
100 211
100 394
100 445
100 480
100 494
100 544
101 499
101 576
101 675
101 689
101 752
101 818
102 178
102 342
102 423
102 522
102 671
102 760
102 854
102 864
103 228
103 296
103 377
103 400
103 927
103 992
104 169
104 190
104 232
104 388
104 884
105 194
105 264
105 470
105 589
105 634
105 637
106 147
106 240
106 334
106 581
106 600
106 822
106 861
107 160
107 618
108 183
108 283
108 379
108 399
108 933
109 162
109 183
109 296
109 377
109 666
109 705
109 767
109 956
110 142
110 170
110 177
110 772
110 835
110 897
111 167
111 306
111 459
111 665
111 677
111 684
111 842
111 947
112 538
112 705
112 956
112 998
113 293
113 344
113 568
113 776
113 919
114 301
114 383
114 489
114 672
114 792
115 405
115 710
115 863
115 877
116 253
116 278
116 303
116 417
116 913
117 248
117 357
117 683
117 975
118 130
118 158
118 216
118 315
118 729
119 149
119 161
119 394
119 830
119 948
120 132
120 228
120 400
120 465
120 581
120 688
120 822
121 263
121 363
121 393
121 544
121 646
121 674
121 698
122 190
122 232
122 360
122 950
122 966
122 997
123 168
123 252
123 375
123 380
123 750
123 799
123 899
124 454
124 466
124 513
124 542
124 824
124 936
125 193
125 234
125 391
125 535
125 807
126 307
126 438
126 475
126 640
126 652
126 699
127 187
127 251
127 404
127 412
127 872
127 934
127 982
128 431
128 696
128 712
128 746
128 914
129 368
129 736
129 756
129 806
129 888
130 139
130 489
130 729
130 748
130 792
130 960
131 492
131 709
131 741
131 823
132 390
132 465
132 518
132 581
133 254
133 369
133 941
133 949
134 335
134 486
135 435
135 485
135 806
136 280
136 423
136 452
136 679
136 752
136 805
136 902
136 905
137 276
137 523
137 559
137 747
138 211
138 277
138 299
138 432
138 626
138 736
139 383
139 489
139 574
139 748
139 773
140 262
140 680
140 779
140 780
140 815
140 826
141 181
141 223
141 348
141 977
142 170
142 314
142 364
142 897
143 516
143 519
143 592
143 632
143 800
143 952
144 578
144 650
144 749
144 907
145 184
145 302
145 304
145 582
145 853
145 887
145 957
146 474
146 492
146 655
146 691
146 769
146 775
147 334
147 722
147 861
147 900
147 994
148 202
148 381
148 421
148 540
148 547
149 356
149 646
149 948
150 168
150 371
150 427
150 578
150 899
151 198
151 239
151 410
151 513
151 624
152 477
152 595
152 762
152 915
152 939
152 968
153 382
153 424
153 458
153 628
153 733
153 904
153 929
154 304
154 335
154 524
154 867
154 971
155 286
155 352
155 848
155 859
156 182
156 637
156 759
156 768
156 803
157 237
157 343
157 351
157 660
158 315
158 487
158 658
159 278
159 303
159 478
159 832
160 187
160 404
160 459
160 618
160 665
161 341
161 356
161 830
161 860
161 948
162 204
162 377
162 520
162 607
162 666
162 831
162 992
163 200
163 525
163 551
163 605
163 871
163 882
164 242
164 291
164 386
164 502
164 878
164 926
165 271
165 354
165 507
165 814
166 539
166 540
166 547
166 561
166 728
166 901
167 496
167 643
167 665
167 947
168 371
168 799
168 880
168 899
169 388
169 519
169 640
169 800
170 314
170 717
170 835
171 189
171 285
171 481
171 672
171 868
172 235
172 294
172 467
172 812
173 189
173 481
173 543
173 560
173 617
173 892
174 191
174 246
174 450
174 453
175 211
175 299
175 394
175 451
176 220
176 229
176 333
176 602
176 840
177 196
177 703
177 772
177 851
177 897
178 522
178 760
178 771
178 777
179 215
179 253
179 401
179 682
179 694
180 202
180 421
180 448
180 517
180 820
180 821
180 995
181 223
181 344
181 348
181 758
181 921
182 637
182 740
182 768
182 784
182 886
183 379
183 399
183 666
183 767
184 580
184 659
184 853
184 873
184 898
184 957
185 292
185 420
185 690
185 986
186 560
186 819
186 892
187 404
187 934
188 473
188 598
188 714
188 976
188 993
189 383
189 481
189 543
189 672
189 773
190 232
190 966
191 246
191 396
191 450
191 485
191 548
191 755
192 257
192 270
192 336
192 757
192 817
192 943
192 946
193 234
193 319
193 391
193 508
193 919
194 247
194 470
194 532
194 634
195 345
195 401
195 490
195 556
195 623
195 819
196 491
196 541
196 576
196 703
196 772
197 339
197 374
197 570
197 619
197 660
197 700
197 783
197 789
198 357
198 486
198 513
198 554
199 206
199 274
199 340
199 509
199 517
199 612
199 659
200 605
200 760
200 777
200 854
200 882
201 466
201 563
201 598
201 658
202 395
202 421
202 517
202 540
203 323
203 809
203 843
204 520
204 645
204 831
204 997
205 378
205 439
205 741
205 814
205 931
205 963
206 340
206 350
206 509
206 694
207 222
207 422
207 433
207 503
207 913
208 464
208 727
208 742
208 857
208 935
208 958
209 412
209 440
209 458
209 733
210 245
210 608
210 709
210 885
211 277
211 299
211 480
212 495
212 536
212 735
212 939
212 968
213 509
213 521
213 828
214 320
214 326
214 419
214 604
215 253
215 401
215 422
215 623
216 315
216 683
217 532
217 597
217 650
217 686
217 907
217 984
218 387
218 432
218 615
218 808
218 916
218 917
219 256
219 413
219 630
219 673
219 951
220 480
220 494
220 602
220 698
220 840
220 891
221 448
221 469
221 550
221 798
221 821
221 995
222 433
222 503
222 883
223 429
223 730
223 921
223 977
224 391
224 420
224 535
224 654
224 782
225 326
225 419
225 583
225 591
225 845
226 483
226 610
226 679
226 687
226 700
227 281
227 573
227 669
227 738
227 944
228 400
228 465
228 518
228 927
229 287
229 333
229 602
229 770
230 345
230 346
230 455
230 546
230 616
231 247
231 533
231 634
231 877
232 645
232 997
233 234
233 281
233 310
233 669
233 786
233 855
234 669
234 807
234 855
234 919
235 266
235 294
235 734
235 787
235 911
235 915
236 242
236 376
236 386
236 442
236 638
236 829
237 343
237 351
237 449
237 526
237 639
237 702
237 846
238 268
238 588
238 678
238 744
238 766
238 856
238 994
239 410
239 513
239 555
239 585
239 895
239 936
240 600
240 802
240 813
240 822
241 418
241 558
241 883
241 989
241 999
242 386
242 829
243 360
243 379
243 657
243 666
243 732
243 866
244 590
244 757
244 788
244 903
244 943
245 608
245 701
245 709
246 755
246 908
247 532
247 533
247 606
247 634
247 940
247 984
248 315
248 357
248 454
248 683
248 824
249 258
249 353
249 403
249 478
249 693
249 832
249 862
249 918
250 361
250 409
250 774
250 844
251 412
251 724
252 380
252 402
252 510
252 750
253 278
253 422
253 682
253 826
253 913
254 369
254 582
254 873
254 949
254 954
254 955
254 969
254 971
255 273
255 528
255 555
255 731
255 895
255 978
256 413
256 436
256 874
257 270
257 336
257 461
257 853
258 403
258 565
258 832
259 275
259 529
259 555
259 670
260 300
260 305
260 318
261 397
261 590
261 943
261 946
261 961
262 278
262 780
262 826
263 356
263 646
263 651
264 634
264 637
264 759
265 526
265 720
265 802
265 813
265 846
266 282
266 456
266 734
266 774
266 911
267 641
267 663
267 684
267 836
267 947
268 625
268 678
268 766
269 516
269 592
269 688
269 719
269 802
269 822
269 967
270 461
270 515
270 695
270 817
271 314
271 814
271 931
271 963
272 326
272 366
272 527
272 591
272 751
273 495
273 528
273 812
274 395
274 517
274 659
274 875
274 898
275 529
275 586
275 878
276 537
276 559
276 562
276 564
276 692
276 747
276 781
277 432
277 480
277 840
278 303
278 826
279 367
279 410
279 624
279 708
279 731
279 843
280 483
280 679
280 752
280 818
281 669
281 786
281 944
282 309
282 456
282 911
283 321
283 324
283 337
283 933
284 543
284 574
284 617
284 631
284 773
284 964
285 672
285 721
285 868
285 896
286 352
286 638
286 810
286 848
286 970
287 428
287 716
287 770
287 893
288 407
288 629
288 836
288 959
289 398
289 562
289 572
289 584
289 635
289 663
290 565
290 664
290 780
290 815
290 832
290 938
291 349
291 502
291 529
291 878
292 602
292 891
292 986
293 344
293 669
293 758
293 919
294 416
294 536
294 812
294 915
295 390
295 471
295 518
295 839
295 900
296 377
296 538
296 705
296 927
297 628
297 738
297 904
297 920
297 944
298 355
298 405
298 514
298 575
298 972
299 451
299 498
300 305
300 468
301 320
301 729
301 792
302 304
302 338
302 887
303 417
303 478
303 862
304 338
304 582
304 867
304 971
305 370
305 716
306 359
306 571
306 618
306 649
306 677
306 842
306 987
307 316
307 652
307 699
307 902
308 551
308 909
308 950
308 966
308 990
309 327
309 456
309 534
309 894
309 911
310 428
310 505
310 786
310 855
311 408
311 567
311 594
311 713
312 332
312 397
312 726
312 737
312 889
313 380
313 434
313 587
313 601
313 925
313 974
314 717
314 963
315 454
315 658
315 683
316 342
316 447
316 472
316 525
316 652
316 996
317 329
317 361
317 528
317 670
317 844
317 978
318 406
318 440
319 508
319 745
319 776
319 919
320 326
320 366
320 604
321 355
321 657
322 364
322 743
322 769
322 775
323 549
323 809
323 889
324 337
324 710
325 372
325 701
326 366
326 419
326 591
327 534
327 579
327 656
327 890
327 894
328 471
328 538
328 839
328 900
328 994
329 361
329 467
329 528
329 812
330 384
330 477
330 493
330 903
330 939
331 348
331 573
331 758
331 793
331 977
332 726
332 737
332 838
333 770
333 840
333 916
334 437
334 600
334 722
335 524
335 867
335 932
336 338
336 443
336 685
336 853
336 887
336 946
337 399
337 710
337 933
337 962
337 965
338 443
338 887
339 374
339 697
339 789
340 350
340 511
340 517
340 614
340 790
341 356
341 651
341 860
341 979
342 447
342 854
342 882
342 996
343 500
343 660
343 720
343 846
344 418
344 568
344 758
344 921
344 989
345 346
345 490
345 546
345 556
346 362
346 490
346 504
346 616
347 352
347 514
347 575
347 879
347 910
347 970
348 758
348 977
349 502
349 529
349 542
349 585
350 614
350 681
350 694
350 924
351 378
351 449
351 980
352 859
352 970
353 403
353 429
353 693
353 837
353 849
354 439
354 507
354 642
354 814
355 657
355 791
355 972
356 646
356 651
356 948
357 486
357 513
357 824
358 426
358 656
358 890
358 983
359 571
359 615
359 808
359 917
359 987
360 446
360 732
360 866
360 950
360 997
361 467
361 734
361 774
361 844
362 484
362 490
362 504
362 761
363 674
364 743
364 769
364 897
365 457
365 524
365 932
365 975
366 751
366 896
367 731
367 843
368 462
368 626
368 736
368 888
369 524
369 941
369 971
370 716
370 770
370 808
370 916
371 825
371 880
372 407
372 647
372 852
373 751
373 785
373 841
374 482
374 500
374 660
375 380
375 430
375 601
375 739
375 899
376 386
376 442
376 712
376 795
376 811
377 992
378 439
378 449
378 702
378 980
379 657
379 666
380 510
380 601
380 974
381 385
381 421
381 547
381 561
381 820
382 424
382 724
382 929
383 489
383 672
383 773
384 493
384 549
384 809
384 939
385 545
385 561
385 695
385 820
385 901
386 502
386 795
387 432
387 462
387 615
387 626
388 475
388 640
388 884
389 763
389 798
389 820
389 922
389 938
390 518
390 581
390 861
390 900
391 508
391 535
391 654
392 597
392 636
392 686
392 739
392 847
392 870
393 674
393 698
393 764
393 891
393 986
394 445
394 451
394 620
394 830
394 858
395 517
396 435
396 485
396 548
396 648
396 834
397 590
397 737
397 889
397 961
398 562
398 641
398 663
398 781
399 767
399 933
399 935
399 965
400 653
400 688
400 719
400 992
401 623
401 819
402 476
402 510
403 429
403 565
403 664
403 922
404 643
404 665
404 872
405 514
405 710
405 865
405 877
405 910
406 440
406 706
406 786
406 920
406 944
407 629
407 647
407 959
408 567
408 577
408 687
409 479
409 501
409 715
409 844
410 624
410 731
410 895
411 457
411 960
411 975
412 424
412 724
412 733
412 934
413 599
413 605
413 860
413 951
414 497
414 552
414 753
414 827
415 587
415 636
415 859
415 865
415 906
415 910
415 925
416 536
416 915
416 968
417 433
417 862
417 913
418 558
418 921
418 989
419 552
419 604
420 535
420 690
420 782
420 807
421 820
422 503
422 623
422 913
423 499
423 671
423 752
423 805
424 724
424 733
425 455
425 553
425 764
425 986
426 579
426 825
426 983
427 430
427 578
427 899
427 907
428 505
428 706
428 716
428 893
429 730
429 837
429 922
430 686
430 739
430 899
430 907
431 575
431 696
431 746
431 791
431 879
431 972
432 626
432 916
433 725
433 862
433 883
433 913
433 918
433 999
434 569
434 587
434 593
434 848
434 974
435 485
435 498
435 648
436 583
436 797
436 845
436 874
437 526
437 600
437 639
437 722
437 813
438 619
438 640
438 697
438 699
438 789
439 642
439 814
439 980
440 458
440 920
441 530
441 630
441 673
441 796
441 816
442 638
442 712
442 970
443 685
443 737
444 481
444 546
444 553
445 544
446 611
446 704
446 866
446 909
446 912
446 950
446 973
447 525
447 882
448 821
448 995
449 702
450 453
450 548
450 675
451 498
451 620
451 648
452 619
452 679
452 699
452 700
452 902
453 644
453 928
454 466
454 658
454 824
455 616
455 690
455 782
455 923
455 986
456 534
456 774
456 890
457 960
457 975
458 733
458 904
458 920
459 618
459 665
459 677
460 608
460 876
460 908
461 515
461 633
461 728
461 853
462 584
462 615
462 626
462 649
462 888
463 470
463 589
463 627
463 667
463 869
464 935
464 958
464 962
464 965
465 518
466 658
467 734
467 812
468 566
468 987
469 763
469 798
469 821
470 532
470 589
470 749
470 869
471 518
471 538
471 839
471 927
472 525
472 551
472 652
472 871
472 990
473 714
473 795
473 811
473 914
473 942
473 993
474 492
474 691
474 885
475 640
475 652
475 884
476 510
476 715
476 850
477 595
477 939
478 832
478 862
479 501
479 586
480 494
480 840
481 546
481 553
481 560
481 868
482 500
482 632
482 720
482 967
482 991
483 541
483 610
483 679
483 818
484 504
484 609
484 723
484 745
487 563
487 604
487 658
487 981
488 554
488 708
488 726
488 930
489 792
490 623
490 761
491 576
491 644
491 703
491 851
492 709
492 775
492 823
492 885
493 549
493 788
493 903
494 544
494 698
495 536
495 812
496 643
496 872
496 947
496 982
497 552
497 598
497 753
497 976
498 648
499 603
499 671
499 689
499 752
500 660
500 720
501 715
501 850
502 795
503 623
503 761
504 609
504 616
504 923
505 706
505 786
506 550
506 614
506 924
506 995
507 642
507 713
508 723
508 745
509 521
509 612
510 569
510 850
510 974
511 517
511 790
511 995
512 631
512 828
512 954
512 955
513 824
513 936
514 575
514 910
515 545
515 633
515 695
516 592
516 632
516 967
517 995
518 927
519 632
519 640
519 697
519 800
520 607
520 732
520 997
521 612
521 955
521 969
522 771
522 864
523 559
523 647
523 747
523 852
524 932
524 971
525 871
525 882
526 639
526 813
526 846
527 651
527 751
527 841
528 812
528 978
529 555
529 585
529 878
530 630
530 816
530 937
530 973
531 537
531 559
531 608
531 701
532 650
532 749
532 984
533 606
533 865
533 877
533 906
534 890
535 807
536 812
536 968
537 559
537 564
537 608
537 876
538 625
538 705
538 927
538 998
539 540
539 580
539 728
539 875
540 547
541 576
541 610
541 772
541 818
541 945
542 585
542 661
542 936
543 617
543 773
544 646
544 698
545 633
545 695
545 901
546 556
546 560
547 561
548 603
548 675
548 689
549 590
549 788
549 809
549 889
550 798
550 801
550 924
550 995
551 605
551 871
551 909
551 937
551 951
551 990
552 563
552 604
552 981
553 764
553 804
553 868
554 708
554 838
554 930
555 585
555 670
555 895
555 978
556 560
556 819
557 558
557 693
557 725
557 849
557 918
557 999
558 837
558 849
558 921
558 999
559 852
560 819
560 892
561 901
562 572
562 692
562 781
563 658
563 981
564 692
564 755
564 876
565 664
565 832
566 618
566 987
567 577
567 713
567 881
568 745
568 776
568 883
568 989
569 593
569 974
570 577
570 660
570 711
570 783
570 881
571 615
571 649
572 584
572 692
572 756
572 888
573 596
573 669
573 758
573 793
574 748
574 773
574 964
575 879
575 972
576 818
577 687
577 783
577 881
578 907
580 728
580 853
580 875
580 898
581 822
581 861
582 873
582 957
582 971
583 591
583 845
583 874
583 979
584 888
585 661
585 936
586 878
586 926
587 859
587 925
588 742
588 744
588 768
588 784
588 856
589 627
589 637
589 765
589 886
590 788
590 889
590 943
591 979
592 719
592 794
592 952
593 621
593 810
593 848
594 713
594 717
595 718
595 762
596 676
596 793
597 686
597 870
597 984
598 976
599 605
599 860
600 813
601 739
601 847
601 925
602 891
603 671
603 689
603 754
603 864
604 981
605 777
605 951
606 870
606 906
606 940
607 666
607 732
608 701
608 876
609 654
609 723
609 923
610 945
611 657
611 704
611 791
611 866
612 659
612 969
613 644
613 655
613 691
613 851
613 928
614 790
614 924
614 995
615 649
615 917
616 923
617 892
618 677
618 987
619 699
619 700
619 789
620 648
620 778
620 834
621 810
621 829
622 721
622 785
622 804
623 761
624 708
625 766
625 857
625 998
626 736
627 667
627 765
628 662
628 738
628 904
628 929
628 985
629 641
629 647
629 747
629 836
630 673
631 941
631 949
631 954
631 964
632 697
632 967
633 728
633 901
635 663
635 684
635 842
636 847
636 870
636 906
636 925
637 759
637 886
638 810
638 829
638 970
639 702
639 722
640 697
641 663
641 747
641 781
641 836
642 711
642 713
642 881
642 980
643 665
643 872
644 851
644 928
645 831
645 997
647 747
647 852
648 834
649 842
650 749
650 907
652 884
652 990
653 719
653 794
653 833
653 992
654 782
654 923
655 691
655 769
655 851
655 897
656 890
657 791
657 866
659 873
659 898
659 969
660 711
661 936
662 676
662 738
662 985
663 684
664 922
664 938
666 732
667 765
667 869
668 771
668 777
668 778
668 858
669 758
669 919
670 978
671 864
673 796
673 988
674 764
675 689
676 793
676 977
676 985
678 994
679 700
680 681
680 682
680 779
680 826
681 682
681 694
682 694
682 826
684 842
684 947
685 737
685 946
685 961
686 739
686 907
687 700
687 783
688 719
688 822
690 782
690 986
691 928
692 756
693 849
693 918
695 817
696 712
696 879
696 970
697 789
698 891
699 902
700 783
702 722
703 851
704 707
704 746
704 791
704 796
704 816
704 912
705 956
706 716
706 786
707 746
707 796
707 942
707 993
708 843
709 885
710 863
710 962
711 881
712 811
712 914
712 970
713 881
714 795
715 850
716 770
717 835
718 762
718 787
718 894
718 911
719 794
720 802
720 846
720 991
721 785
721 896
723 745
724 929
725 918
725 999
726 838
726 889
726 930
727 742
727 744
727 766
727 857
728 853
728 901
729 792
730 837
730 921
731 895
732 997
734 774
735 809
735 939
737 961
738 944
739 847
740 784
740 856
741 743
741 775
741 823
742 744
742 768
742 803
742 958
743 775
744 766
745 776
745 883
746 791
746 914
746 942
747 781
748 941
748 960
748 964
749 869
750 799
750 825
751 785
751 841
751 896
752 818
753 827
753 953
753 976
753 988
754 778
754 834
754 864
755 876
755 908
756 806
756 888
757 817
757 903
757 943
759 803
759 958
760 777
760 854
762 787
762 915
763 798
763 820
763 821
764 804
764 986
765 886
766 857
767 956
768 784
768 803
769 775
769 897
770 916
771 777
771 778
771 864
772 835
772 945
775 823
776 919
777 830
777 858
778 834
778 864
779 801
779 815
780 815
782 923
784 856
785 896
786 944
787 911
787 915
788 903
790 995
791 972
793 977
794 831
794 833
794 952
795 811
796 816
796 953
796 988
796 993
797 827
797 845
797 988
798 938
799 825
799 880
800 952
801 815
801 924
802 813
802 967
802 991
803 958
804 868
805 905
807 855
808 916
808 917
809 939
810 829
810 848
811 914
814 931
816 912
816 973
820 821
825 880
827 845
827 988
830 858
830 860
831 833
831 992
833 992
835 945
836 947
836 959
837 849
837 921
838 930
839 900
847 925
851 897
853 887
854 882
857 935
857 998
861 900
862 918
863 877
863 962
865 877
865 906
865 910
870 906
870 940
870 984
872 982
873 957
873 969
875 898
876 908
878 926
879 970
883 989
883 999
891 986
894 911
900 994
902 905
904 920
905 996
908 928
909 937
909 950
909 973
912 973
914 942
915 968
920 944
922 938
929 985
931 963
935 965
937 951
937 973
939 968
940 984
941 949
941 964
942 993
943 946
946 961
947 959
947 982
949 954
950 966
953 976
953 988
953 993
954 955
955 969
959 982
962 965
967 991
976 993
977 985
521 787
470 690
395 581
278 709
345 834
359 267
449 719
724 407
91 404
339 270
582 989
699 382
547 237
490 550
863 262
360 163
392 387
254 519
312 671
611 506
339 628
619 188
173 525
303 847
410 908
327 241
395 402
266 631
354 425
521 807
803 515
722 478
297 715
727 693
564 216
951 680
851 427
535 984
642 282
447 227
198 319
394 482
625 795
478 465
529 469
923 694
554 831
526 130
661 771
678 62
329 749
407 560
720 70
572 918
763 770
234 481
423 153
481 611
689 202
308 373
221 127
391 528
896 359
534 903
735 659
784 773
384 123
57 457
820 295
708 150
283 605
560 523
503 921
778 505
765 77
396 67
855 208
705 242
232 732
581 428
913 487
210 442
855 843
739 161
282 791
484 661
848 683
910 329
574 336
203 557
780 902
457 666
250 302
482 896
106 473
465 833
90 614
506 358
189 471
439 391
510 306
725 279
661 358
856 586
759 485
783 817
970 513
408 79
778 673
821 620
798 242
479 63
849 664
217 234
358 531
737 742
131 385
335 665
366 596
522 378
911 541
438 357
734 537
628 910
415 690
269 260
753 426
401 13
630 670
580 181
343 584
792 99
940 558
244 608
299 698
608 212
743 349
633 89
523 234
327 542
108 441
129 184
814 215
830 480
739 909
177 670
783 160
995 509
48 610
503 373
704 943
357 744
309 935
305 79
245 664
627 778
832 799
906 378
409 597
96 387
432 62
523 403
804 592
647 439
494 774
889 267
76 655
474 42
652 942
780 483
820 238
339 470
388 899
281 468
676 215
528 297
426 253
781 238
634 370
189 435
35 568
140 214
851 822
798 664
156 636
336 301
236 464
413 43
525 638
314 488
742 509
646 229
128 768
247 255
763 824
231 403
758 254
836 381
332 724
131 567
639 407
466 643
69 595
275 836
796 567
905 207
150 525
181 351
843 739
346 81
734 116
505 278
328 867
192 540
451 538
198 399
365 623
714 857
483 191
585 507
444 285
23 517
184 330
101 201
288 294
493 529
791 320
238 166
906 576
398 234
289 363
752 784
762 506
289 205
270 232
402 930
551 748
950 398
927 757
374 745
928 486
156 290
529 770
741 594
167 844
729 84
667 202
747 807
373 670
85 333
469 882
365 19
590 891
157 401
212 604
374 824
550 497
119 741
53 372
445 798
367 143
167 805
110 422
458 381
799 791
929 436
430 933
541 65
929 736
889 491
96 751
879 239
463 479
378 846
120 603
465 797
615 109
479 254
122 400
331 784
759 320
274 173
432 954
753 691
282 533
367 465
599 762
379 226
564 23
550 112
53 410
474 767
368 298
211 218
366 902
943 603
860 617
285 115
692 711
523 272
389 145
382 554
176 692
113 375
218 687
383 167
467 108
739 418
704 491
441 978
319 210
837 302
235 779
620 829
839 243
401 627
704 424
431 850
357 128
228 262
412 538
721 676
818 171
239 830
742 702
697 55
459 500
469 995
955 649
414 857
245 926
163 162
247 764
434 235
978 493
278 675
156 728
777 707
178 718
842 412
107 541
498 440
685 401
907 394
161 244
265 388
255 370
649 720
160 185
447 754
135 500
950 371
627 754
84 267
908 282
705 673
505 408
335 689
520 951
461 144
725 563
445 886
229 348
426 382
813 188
293 640
420 479
326 805
546 182
248 625
418 187
615 972
656 40
414 432
858 410
656 894
561 713
835 600
962 337
763 644
630 860
26 617
289 56
339 522
253 881
37 687
523 739
509 189
769 464
2 456
960 578
259 282
681 853
411 351
542 337
90 591
622 260
210 793
565 104
801 683
871 564
216 408
566 877
31 374
427 33
724 733
323 147
570 8
833 319
492 865
357 782
314 616
374 41
560 465
503 566
668 789
342 900
140 363
148 255
471 544
306 287
37 587
175 382
703 346
333 38
341 356
545 938
689 924
345 213
70 248
675 911
646 673
492 217
138 325
606 816
589 240
525 514
974 473
794 423
932 278
350 113
626 550
573 733
183 741
307 395
505 334
695 570
675 417
30 537
969 384
678 235
552 287
777 369
700 217
404 670
316 331
462 953
296 621
330 100
447 71
690 150
102 716
538 161
794 856
808 740
921 557
432 649
410 880
406 135
15 501
778 852
930 614
695 449
548 665
758 155
755 447
554 867
259 937
89 367
497 832
483 275
314 429
876 439
769 305
226 321
626 231
321 707
424 589
290 765
344 544
238 370
746 240
797 129
204 886
456 303
343 861
485 26
497 602
554 260
709 296
884 410
514 841
496 739
200 360
237 334
335 198
85 502
886 287
236 275
157 554
583 862
93 549
230 549
389 706
698 731
75 731
860 480
92 574
925 593
823 464
786 579
186 561
641 356
639 72
264 647
677 435
966 436
452 439
402 840
451 779
644 530
682 89
744 849
716 784
463 971
296 271
341 883
657 116
910 642
95 648
68 619
772 276
431 719
296 509
475 340
66 714
285 392
53 629
653 266
225 845
62 475
671 473
481 578
327 397
289 736
403 799
251 416
121 290
131 271
649 94
277 441
45 662
578 118
460 602
635 138
44 389
399 120
856 310
195 265
590 848
857 364
484 133
571 137
217 159
309 539
668 704
735 260
839 334
731 924
555 989
114 654
961 549
191 647
495 501
542 138
428 753
493 816
632 809
887 783
805 839
180 823
480 492
858 498
590 805
845 277
321 965
190 123
700 849
500 619
568 444
945 483
646 859
382 278
672 299
437 563
607 453
717 807
777 593
697 108
241 317
783 292
678 612
160 573
757 190
92 519
489 172
276 345
278 509
413 96
794 394
579 309
567 802
380 413
195 383
340 762
905 700
525 195
814 868
265 91
576 41
618 533
252 564
848 448
79 700
766 806
536 102
673 828
829 818
582 753
981 431
784 447
580 73
904 301
456 28
717 220
785 541
477 366
640 51
586 271
506 129
729 874
477 427
729 447
848 551
274 312
777 193
505 981
716 650
422 632
149 597
879 379
417 735
232 99
544 88
29 404
459 44
776 622
808 884
593 352
224 192
420 809
673 340
346 494
582 549
409 368
692 254
206 110
460 82
942 726
774 326
125 462
139 483
144 456
362 642
522 80
176 757
693 870
810 331
897 521
691 275
322 312
750 172
603 135
96 298
165 476
78 755
621 686
814 442
425 330
765 409
800 355
695 76
984 392
765 231
656 578
844 649
343 174
598 625
314 767
768 94
739 720
886 345
605 681
867 297
530 672
509 878
392 192
832 265
402 985
867 516
907 433
374 427
993 478
232 299
349 25
124 305
260 773
872 730
98 676
370 575
89 230
355 800
758 591
338 66
425 912
307 862
548 197
204 753
263 120
668 874
880 821
866 166
862 770
845 174
887 767
211 293
636 642
622 71
298 582
755 868
609 912
422 447
732 313
538 586
633 309
638 183
583 163
134 825
189 190
815 787
642 383
217 358
338 954
8 479
355 372
829 862
898 733
814 667
865 787
794 175
407 202
616 355
792 257
307 520
459 924
817 150
212 259
598 412
607 326
100 457
84 424
584 100
307 313
830 353
875 800
393 437
310 179
353 948
189 873
817 404
89 534
661 630
367 560
174 134
824 530
535 691
613 571
536 539
29 474
621 924
807 493
79 467
914 461
833 784
350 407
714 357
590 194
305 255
451 185
273 853
588 789
560 694
384 873
937 464
912 248
74 450
647 558
97 781
744 297
236 443
7 583
15 532
911 511
819 132
384 691
598 930
130 438
527 554
222 527
548 768
552 390
811 553
71 369
831 552
606 293
817 269
550 50
102 258
259 749
963 611
444 259
433 432
515 104
305 808
467 866
518 530
939 418
662 844
605 783
99 283
546 844
768 214
658 55
125 692
656 395
312 240
896 801
868 713
572 358
645 776
552 425
976 543
109 349
754 749
649 323
703 768
705 601
239 689
331 436
772 867
692 834
672 454
456 10
187 622
535 495
103 635
673 139
724 767
481 785
635 706
623 949
864 333
659 411
174 296
753 470
749 141
839 836
163 704
564 154
230 811
489 973
410 322
254 481
346 236
437 993
373 795
384 454
798 208
137 617
666 928
970 596
54 684
741 396
171 865
296 102
725 384
701 796
711 878
690 166
689 525
691 757
414 964
670 564
160 367
602 666
352 929
443 205
468 176
109 312
234 244
313 132
135 230
8 414
278 329
94 488
653 820
504 794
905 613
717 177
265 65
277 751
902 224
285 661
768 692
391 48
835 717
399 730
651 510
18 437
288 901
719 823
262 602
595 650
151 806
285 158
803 275
162 767
516 47
511 392
240 591
707 521
599 485
825 496
566 596
227 583
212 577
831 661
175 647
823 764
529 5
315 595
186 772
779 742
866 220
281 560
790 722
723 504
879 466
310 918
185 594
622 737
229 655
682 682
670 541
612 845
319 633
527 610
128 167
406 821
495 461
935 321
447 588
492 6
531 930
723 838
252 74
363 319
441 129
565 561
170 278
705 468
889 454
841 565
577 612
960 693
59 536
705 402
769 553
868 693
140 300
