1000 2965 10
23 57 66 79 58 90 85 74 16 85 92 56 16 5 82 9 64 84 44 52 37 46 93 81 69 26 50 60 57 53 22 85 10 41 44 10 89 28 79 10 21 85 93 92 82 81 41 49 9 63 79 9 27 1 11 53 71 11 46 95 56 9 76 23 16 56 53 96 57 54 27 65 32 62 93 43 69 37 94 9 25 18 91 81 82 69 43 4 2 16 30 59 33 43 81 62 26 90 11 22 13 78 87 5 35 94 3 96 17 7 11 92 70 31 75 63 38 50 99 38 83 21 18 77 60 100 100 70 51 17 46 23 67 22 79 89 86 88 11 63 50 52 59 64 29 68 32 82 54 75 7 61 7 13 83 35 96 40 22 46 74 52 24 5 31 3 69 24 96 95 28 21 19 17 63 18 89 10 41 73 66 92 66 17 4 58 36 88 16 53 3 35 7 82 84 35 18 33 33 75 57 44 22 58 80 2 47 84 27 41 69 31 91 11 71 77 99 91 24 98 31 90 4 68 59 91 77 70 53 10 65 50 6 12 54 42 20 76 15 99 9 7 32 22 40 29 21 84 83 51 18 29 25 44 93 13 70 49 3 58 53 56 49 33 66 16 63 52 39 32 57 27 13 31 89 93 47 43 11 10 2 49 80 8 4 20 73 32 99 64 62 72 42 35 9 60 16 86 73 46 17 1 29 89 9 92 25 45 29 59 66 35 41 48 3 25 43 68 60 8 4 39 64 95 68 49 98 50 51 54 71 4 71 96 42 62 82 82 50 37 68 99 15 59 51 78 100 34 18 72 40 66 2 75 19 17 52 79 33 62 28 72 67 3 7 34 40 10 73 67 85 95 64 22 96 43 24 79 24 31 60 77 88 47 91 86 43 95 58 28 38 40 57 9 17 64 91 90 11 47 16 94 14 3 61 32 34 25 49 66 55 90 20 53 16 95 23 59 33 28 56 63 71 18 12 19 70 35 17 93 6 59 93 15 22 79 88 14 31 85 70 6 12 88 6 19 70 32 14 62 21 4 79 92 78 62 66 59 5 13 7 55 14 14 11 92 50 54 75 82 71 90 27 91 90 58 39 52 29 20 26 2 10 80 62 99 36 51 39 19 55 67 49 11 98 6 93 47 5 87 77 94 18 68 25 8 94 12 85 39 45 5 23 38 51 26 81 26 89 8 87 81 38 31 21 80 6 96 84 54 38 21 18 81 76 1 51 17 41 27 93 65 35 78 88 59 84 83 61 67 12 68 44 80 7 87 96 91 75 91 54 42 59 9 65 79 63 73 43 54 21 98 91 19 65 52 95 90 18 23 41 2 31 8 30 62 3 58 60 26 62 31 62 82 55 22 74 77 47 25 91 72 3 14 5 77 22 79 58 74 96 83 49 86 29 100 43 31 20 32 85 20 62 37 5 32 15 22 50 73 33 37 42 91 46 61 14 68 100 35 49 35 29 85 49 7 33 75 21 75 35 6 79 75 92 80 90 51 75 37 97 48 49 60 64 7 63 93 65 18 26 2 9 78 9 99 41 79 99 7 2 97 84 3 87 49 97 19 79 65 52 49 16 86 74 57 95 97 80 56 83 62 88 7 33 100 98 28 60 57 36 70 100 41 82 96 4 67 99 12 1 53 86 11 90 35 16 77 5 92 58 15 6 82 81 95 74 93 75 35 4 29 25 19 78 100 43 41 27 79 77 78 76 93 48 17 34 80 28 93 59 10 60 46 65 86 100 15 1 57 2 64 74 95 75 50 38 99 23 26 90 26 33 19 3 99 60 43 29 28 17 58 80 96 95 88 93 68 76 99 34 1 59 16 72 87 98 54 45 74 17 66 3 95 45 74 1 80 18 21 51 15 90 50 2 63 70 54 87 1 43 7 95 37 10 82 37 78 100 99 30 47 89 84 11 27 7 37 11 96 100 36 23 90 95 57 2 66 48 7 85 52 71 55 9 8 64 86 86 92 94 37 84 29 78 20 75 29 58 74 8 90 41 87 32 48 21 78 20 73 27 56 49 17 5 25 86 44 68 76 26 78 87 9 21 63 24 95 17 42 39 89 5 14 95 80 92 33 22 33 47 56 58 72 5 3 26 49 11 99 26 39 13 49 99 59 11 11 99 52 28 76 98 52 26 33 98 35 41 46 82 46 19 4 33 28 53 42 56 65 38 37 38 20 63 30 87 49 46 100 74 21 24 3 99 78 37 46 61 41 60 53 77 32 50 18 81 100 12 80 36 63 76 58 41 91 70 6 14 30
0 332
0 368
0 373
0 738
0 850
0 882
1 5
1 32
1 289
1 357
1 714
1 938
2 61
2 227
2 292
2 412
2 924
3 37
3 126
3 584
3 586
3 799
4 472
4 520
4 576
4 747
4 869
5 131
5 289
5 357
5 362
5 365
5 709
6 414
6 442
6 609
6 757
6 877
7 92
7 107
7 290
7 462
7 672
7 703
8 34
8 243
8 374
8 398
8 511
8 739
8 785
8 814
8 983
9 152
9 161
9 544
9 652
9 923
9 958
10 60
10 110
10 178
10 267
10 657
10 706
11 137
11 300
11 457
11 568
11 698
11 766
11 973
12 99
12 195
12 238
12 627
12 872
12 912
13 145
13 397
13 532
13 761
13 784
14 26
14 79
14 239
14 405
14 484
14 704
14 765
14 771
14 934
15 142
15 167
15 393
15 401
15 445
15 564
16 182
16 574
16 706
16 773
16 936
16 989
17 88
17 309
17 664
17 857
17 994
17 995
18 221
18 308
18 372
18 548
18 722
18 741
18 990
19 113
19 233
19 279
19 314
19 400
19 444
19 545
19 996
20 351
20 527
20 768
20 848
20 889
21 209
21 261
21 270
21 510
21 711
21 908
22 53
22 71
22 88
22 304
22 399
22 658
22 708
23 145
23 189
23 441
23 581
23 872
24 190
24 405
24 771
24 934
24 994
24 995
25 92
25 290
25 469
25 670
25 672
25 980
26 102
26 239
26 335
26 704
27 384
27 466
27 494
27 686
28 130
28 162
28 312
28 642
28 875
29 431
29 473
29 639
29 742
29 845
29 897
30 171
30 214
30 244
30 320
30 916
31 265
31 570
31 599
31 790
31 811
31 859
32 381
32 652
32 714
32 860
32 938
32 958
33 201
33 378
33 440
33 471
33 561
33 683
34 76
34 398
34 739
34 986
35 154
35 195
35 301
35 303
35 318
35 500
35 536
35 986
36 319
36 430
36 462
36 693
36 783
36 824
36 855
37 105
37 125
37 126
37 584
37 772
37 998
38 518
38 534
38 572
38 619
38 830
38 907
39 188
39 344
39 413
39 439
39 443
39 940
39 942
40 254
40 302
40 310
40 350
40 389
40 685
40 779
40 813
41 54
41 364
41 375
41 410
41 490
41 861
42 78
42 477
42 573
42 682
42 731
42 772
43 249
43 264
43 435
43 585
43 892
44 184
44 303
44 363
44 416
44 967
45 182
45 240
45 267
45 404
45 574
45 579
46 367
46 435
46 585
46 598
46 695
46 939
47 396
47 448
47 547
47 792
47 966
48 89
48 253
48 422
48 453
48 481
48 661
48 736
49 74
49 216
49 613
49 632
49 681
49 721
49 732
50 72
50 311
50 377
50 505
50 603
50 667
50 728
50 744
50 899
51 91
51 109
51 280
51 602
51 832
52 137
52 193
52 207
52 220
52 293
52 707
52 753
53 88
53 329
53 658
53 664
53 665
53 791
54 375
54 490
54 811
54 821
55 153
55 185
55 572
55 764
55 777
56 197
56 222
56 437
56 501
56 587
56 589
56 895
56 920
57 224
57 669
57 782
57 851
58 94
58 211
58 242
58 276
58 893
58 972
59 403
59 537
59 650
59 711
59 781
59 964
60 178
60 267
60 578
60 590
60 712
61 227
61 412
61 641
61 769
62 103
62 521
62 546
62 780
62 903
62 970
63 264
63 542
63 689
63 819
63 910
63 997
64 150
64 387
64 392
64 754
64 884
64 914
65 262
65 351
65 487
65 599
65 790
65 855
66 384
66 494
66 530
66 535
66 666
66 867
67 535
67 682
67 802
67 813
68 157
68 423
68 450
68 464
68 616
69 230
69 336
69 727
69 925
69 978
70 167
70 445
70 459
70 476
70 799
71 88
71 309
71 399
72 76
72 311
72 318
72 363
72 377
73 224
73 277
73 331
73 622
74 313
74 353
74 632
74 681
74 696
74 717
74 773
74 844
75 266
75 478
75 628
75 733
75 808
76 311
76 318
76 739
76 986
77 289
77 376
77 496
77 503
77 647
77 714
78 125
78 203
78 310
78 682
78 731
78 835
79 155
79 296
79 405
79 529
79 556
79 765
80 176
80 298
80 384
80 686
80 901
81 387
81 392
81 778
81 780
81 853
81 870
82 127
82 187
82 216
82 632
82 874
82 936
82 989
83 93
83 241
83 485
83 728
83 740
83 865
84 441
84 581
84 637
84 968
84 971
84 977
85 515
85 558
85 701
85 721
85 839
85 921
86 160
86 201
86 463
86 628
86 683
86 776
86 864
87 156
87 557
87 757
87 996
88 309
88 664
89 139
89 172
89 422
89 661
89 930
90 180
90 185
90 268
90 541
90 759
90 764
90 823
91 109
91 215
91 280
91 847
92 455
92 462
92 670
92 672
92 935
93 343
93 485
93 740
93 899
93 917
93 926
94 111
94 242
94 276
94 434
94 756
95 147
95 465
95 800
95 814
96 296
96 360
96 638
96 717
96 856
96 929
96 999
97 211
97 252
97 390
97 668
97 972
98 255
98 578
98 712
98 759
98 933
99 238
99 368
99 738
99 829
99 872
100 260
100 337
100 468
100 474
100 618
100 962
101 251
101 272
101 623
101 634
101 646
101 674
102 239
102 248
102 335
102 436
102 523
102 937
103 112
103 446
103 521
103 546
103 643
104 128
104 174
104 273
104 401
104 600
104 796
105 119
105 477
105 758
105 772
105 998
106 424
106 514
106 720
106 840
106 853
107 290
107 305
107 655
107 703
108 199
108 380
108 496
108 815
108 816
108 906
109 215
109 849
109 944
110 267
110 574
110 706
111 242
111 756
111 861
112 546
112 631
112 643
113 186
113 233
113 444
113 967
113 979
114 278
114 644
114 680
114 713
114 723
114 755
115 144
115 306
115 391
115 429
115 629
115 657
115 989
116 512
116 640
116 649
116 673
116 698
116 866
117 146
117 163
117 209
117 261
117 325
117 411
117 812
118 233
118 502
118 525
118 545
118 697
118 913
118 982
119 246
119 549
119 758
119 879
119 998
120 157
120 177
120 775
120 880
120 894
120 959
121 124
121 263
121 647
122 136
122 601
122 656
122 753
122 795
123 210
123 501
123 605
123 691
123 920
123 945
124 263
124 577
124 647
124 730
124 735
124 863
124 918
125 126
125 731
125 772
125 835
126 326
126 586
126 726
126 835
127 187
127 306
127 307
127 989
128 174
128 236
128 516
128 559
128 583
128 600
128 842
128 949
129 481
129 622
129 626
129 736
129 976
130 162
130 183
130 312
130 428
131 362
131 365
131 988
132 175
132 321
132 378
132 440
132 448
132 455
132 470
132 716
132 960
133 449
133 584
133 878
133 998
134 162
134 251
134 428
134 674
134 788
135 323
135 339
135 349
135 566
135 762
136 446
136 601
136 643
136 656
136 679
137 179
137 220
137 293
137 457
137 641
137 766
138 302
138 326
138 366
138 558
138 952
139 172
139 805
139 870
139 930
140 188
140 372
140 391
140 482
140 690
140 741
141 432
141 491
141 705
141 787
141 941
142 198
142 401
142 564
142 610
143 183
143 312
143 542
143 675
143 997
144 350
144 429
144 629
144 700
145 397
145 441
145 761
145 872
146 261
146 510
146 537
146 812
147 273
147 528
147 800
147 814
147 873
147 983
148 173
148 287
148 473
148 533
148 606
148 634
148 896
149 210
149 278
149 663
149 691
149 774
150 151
150 383
150 392
150 754
150 847
150 944
151 392
151 539
151 780
151 847
151 903
151 970
152 205
152 596
152 652
152 724
152 923
153 192
153 572
153 694
153 764
153 789
153 830
154 195
154 536
154 761
155 296
155 360
155 556
155 653
155 696
155 844
156 444
156 499
156 757
156 838
156 877
156 979
156 996
157 168
157 423
157 616
157 894
157 959
158 196
158 283
158 348
158 947
158 984
159 166
159 284
159 340
159 461
159 724
159 932
160 359
160 425
160 628
160 760
160 776
161 213
161 544
161 633
161 635
161 868
161 923
162 428
162 768
162 788
162 875
162 889
163 209
163 411
163 423
163 433
163 775
163 804
163 959
164 386
164 402
164 658
164 791
164 798
164 809
164 825
165 223
165 346
165 406
165 605
165 659
165 841
166 234
166 260
166 284
166 340
166 597
167 393
167 445
167 476
168 338
168 616
168 891
168 894
168 914
169 174
169 273
169 458
169 528
169 785
169 796
169 873
170 270
170 475
170 495
170 755
170 886
170 895
170 908
171 320
171 328
171 833
171 916
171 953
172 282
172 422
172 621
172 870
173 606
173 634
173 646
173 654
174 236
174 458
174 796
175 319
175 396
175 430
175 448
175 693
175 960
176 298
176 308
176 577
176 901
176 990
177 775
177 804
177 812
177 849
177 880
178 482
178 565
178 578
178 657
178 940
179 293
179 300
179 457
179 827
180 248
180 255
180 541
180 759
181 212
181 335
181 382
181 575
181 704
181 737
182 240
182 574
182 773
182 844
183 312
183 428
183 675
184 241
184 363
184 377
184 416
184 728
184 837
185 764
185 777
185 823
186 233
186 532
186 900
186 967
187 307
187 334
187 874
188 482
188 741
188 940
188 942
189 427
189 581
189 829
189 872
189 977
190 333
190 405
190 467
190 614
190 919
190 995
191 266
191 358
191 561
191 612
191 955
192 763
192 789
192 830
193 207
193 217
193 276
193 434
193 707
194 269
194 332
194 373
194 563
195 301
195 627
195 761
195 912
196 198
196 219
196 283
196 348
197 407
197 437
197 479
197 589
197 692
197 945
198 219
198 283
198 408
198 564
198 610
198 687
199 409
199 625
199 815
199 816
200 414
200 419
200 447
200 611
200 917
201 440
201 683
201 864
202 413
202 548
202 608
202 620
202 688
202 722
202 816
203 310
203 685
203 835
204 259
204 311
204 374
204 388
204 465
204 505
205 285
205 596
205 652
205 846
205 938
206 226
206 237
206 418
206 798
206 822
206 948
207 293
207 434
207 569
208 404
208 454
208 484
208 579
208 653
208 765
209 261
209 270
209 433
209 680
209 755
210 346
210 605
210 663
210 691
211 252
211 550
211 893
211 972
212 382
212 604
212 737
213 284
213 474
213 868
213 923
214 244
214 259
214 582
214 781
214 916
214 992
215 847
215 944
216 632
216 721
216 874
217 276
217 345
217 707
217 801
217 862
217 893
218 335
218 486
218 737
218 817
219 245
219 330
219 348
219 408
220 641
220 753
220 769
221 308
221 380
221 608
221 630
221 722
221 735
222 230
222 336
222 437
222 587
222 978
223 304
223 483
223 659
223 662
223 671
223 841
224 277
224 622
224 662
224 782
224 851
225 629
225 660
225 700
225 931
226 407
226 798
226 809
226 822
227 231
227 286
227 601
227 769
227 793
227 924
228 369
228 551
228 555
228 624
228 639
228 749
228 956
229 330
229 348
229 592
229 810
229 839
229 921
230 257
230 336
230 352
230 587
230 925
231 274
231 286
231 602
231 631
231 793
231 832
232 517
232 609
232 887
232 904
232 909
232 928
233 397
233 502
233 532
233 545
234 340
234 597
234 705
234 767
235 394
235 559
235 648
235 842
236 243
236 415
236 458
236 516
236 554
237 329
237 333
237 418
237 614
237 665
237 677
237 948
238 243
238 511
238 554
238 738
238 912
239 356
239 484
239 523
240 404
240 653
240 844
241 499
241 728
241 837
241 838
241 865
242 668
242 828
242 861
242 972
243 458
243 511
243 554
243 785
244 320
244 371
244 794
244 881
244 992
245 330
245 408
245 676
245 927
246 480
246 566
246 758
246 879
247 282
247 341
247 424
247 621
247 720
247 870
247 885
248 255
248 523
248 541
248 937
249 435
249 486
249 694
249 817
249 892
250 384
250 452
250 524
250 826
250 901
250 931
251 272
251 428
251 674
251 675
252 390
252 550
252 645
252 702
252 751
252 910
253 367
253 453
253 481
253 513
253 626
253 699
254 302
254 366
254 389
254 954
254 991
255 523
255 540
255 712
255 759
256 268
256 316
256 322
256 439
256 831
256 888
257 352
257 587
257 743
257 950
257 985
258 453
258 661
258 702
258 801
258 987
259 271
259 388
259 465
259 582
259 603
259 667
259 800
260 284
260 468
260 474
260 597
261 510
262 347
262 351
262 527
262 599
262 821
263 496
263 630
263 647
263 735
263 906
264 542
264 585
264 675
264 689
264 892
265 488
265 570
265 615
265 790
266 561
266 612
266 628
266 683
266 733
267 574
267 579
267 590
268 316
268 322
268 506
268 759
268 823
268 933
269 373
269 427
269 563
269 592
269 834
270 755
270 908
271 343
271 582
271 667
271 744
272 281
272 623
272 675
272 763
272 789
273 796
273 800
273 873
274 292
274 568
274 793
274 832
275 355
275 474
275 551
275 618
275 633
275 806
275 836
275 890
276 434
276 893
277 331
277 361
277 483
277 662
277 734
278 495
278 644
278 691
278 755
278 774
278 886
279 314
279 525
279 545
279 718
280 539
280 546
280 602
280 847
281 675
281 789
281 892
282 621
282 870
283 394
283 687
283 984
284 474
284 724
284 923
285 357
285 362
285 846
285 938
286 601
286 631
286 643
287 473
287 742
287 896
288 342
288 344
288 354
288 439
288 580
288 688
288 749
288 888
289 503
289 709
289 714
290 469
290 593
290 655
290 672
291 464
291 514
291 616
291 723
291 840
292 412
292 568
292 793
292 924
293 569
293 827
294 347
294 364
294 875
294 915
294 951
295 337
295 617
295 618
295 890
295 897
296 360
296 529
296 638
297 552
297 607
297 646
297 654
297 678
297 871
298 460
298 577
298 686
299 371
299 719
299 881
299 925
300 457
300 519
300 827
300 858
300 973
301 398
301 912
301 986
302 326
302 366
302 685
303 318
303 363
303 500
303 900
303 967
304 399
304 662
304 671
304 708
304 803
305 593
305 651
305 655
305 703
305 843
306 307
306 429
306 989
306 991
307 334
307 770
307 954
307 991
308 577
308 735
308 990
309 399
309 857
309 876
310 682
310 685
310 813
311 374
311 505
311 739
312 509
312 642
312 997
313 353
313 717
313 929
313 968
313 971
314 315
314 400
314 718
315 400
315 553
315 677
315 718
315 948
316 777
316 823
316 831
316 922
317 513
317 689
317 699
317 751
317 819
318 363
318 986
319 462
319 693
319 935
319 960
320 794
320 953
321 378
321 448
321 471
321 543
321 966
322 439
322 443
322 506
322 565
323 480
323 530
323 566
323 666
323 762
324 379
324 426
324 715
324 745
324 797
324 978
325 411
325 804
325 812
326 685
326 726
326 835
326 927
326 952
327 382
327 435
327 598
327 604
327 669
327 695
327 963
328 447
328 567
328 833
328 953
329 418
329 665
329 791
330 348
330 558
330 921
330 927
330 952
331 361
331 422
331 622
331 736
332 373
332 563
332 850
332 984
333 614
333 664
333 665
333 995
334 515
334 721
334 770
334 874
335 436
335 704
335 737
335 817
336 978
337 358
337 617
337 618
337 962
338 754
338 891
338 914
338 961
339 349
339 531
339 566
339 747
339 869
340 432
340 705
340 932
341 361
341 594
341 621
341 734
341 885
342 354
342 555
342 620
342 688
343 582
343 744
343 899
343 926
344 413
344 439
344 688
345 707
345 795
345 862
346 406
346 594
346 605
346 663
347 364
347 375
347 527
347 821
347 951
348 810
348 947
349 466
349 531
349 576
349 762
349 981
350 389
350 429
350 571
350 700
350 779
351 527
351 824
351 848
351 855
352 650
352 752
352 925
352 950
353 637
353 681
353 971
354 555
354 749
355 551
355 555
355 836
356 454
356 484
356 523
356 540
357 362
357 938
358 612
358 617
358 955
358 962
359 425
359 478
359 760
360 696
360 717
361 422
361 621
361 734
362 846
362 941
362 965
362 988
363 377
364 375
364 410
364 852
364 915
365 489
365 709
365 988
366 558
366 701
366 770
366 954
367 513
367 585
367 626
367 689
367 939
368 373
368 427
368 738
368 829
369 518
369 619
369 624
369 883
369 956
370 592
370 613
370 732
370 834
370 839
371 517
371 719
371 794
371 881
372 690
372 741
372 746
372 901
372 990
373 427
374 465
374 739
374 814
375 821
376 381
376 395
376 496
376 714
376 815
376 860
377 728
378 440
378 471
379 417
379 591
379 745
379 904
379 928
379 978
380 608
380 630
380 816
380 906
381 395
381 818
381 860
381 958
382 575
382 604
382 876
382 963
383 754
383 849
383 944
383 961
384 452
384 494
384 686
384 867
384 901
385 438
385 807
385 905
385 943
385 955
386 402
386 659
386 692
386 825
387 392
387 840
387 853
387 884
388 505
388 603
389 429
389 991
390 509
390 642
390 668
390 910
390 993
391 482
391 629
391 657
391 660
391 690
392 780
393 401
393 449
393 476
393 549
393 878
394 492
394 559
394 648
394 687
394 984
395 409
395 451
395 544
395 815
395 818
396 430
396 448
396 547
396 783
396 957
396 975
397 441
397 456
397 502
397 532
398 511
398 912
398 986
399 782
399 803
399 876
399 963
400 522
400 553
400 557
400 948
400 996
401 600
401 610
401 902
402 692
402 809
403 595
403 650
403 964
404 579
404 653
405 467
405 529
405 771
406 594
406 734
406 841
407 479
407 692
407 715
407 809
407 822
408 564
408 676
408 911
409 451
409 625
409 748
409 815
410 828
410 852
410 861
411 804
412 568
412 641
412 766
413 548
413 688
413 942
414 419
414 442
414 740
414 877
414 917
415 516
415 554
415 738
415 882
416 837
416 967
416 979
417 517
417 591
417 719
417 727
417 978
418 791
418 798
419 442
419 611
419 887
419 909
420 421
420 467
420 529
420 638
420 856
420 982
421 467
421 718
421 919
421 982
422 621
422 736
423 433
423 450
423 959
424 720
424 853
424 870
425 478
425 776
425 787
425 941
426 522
426 609
426 715
426 745
426 820
427 829
427 834
427 977
428 675
429 991
430 693
430 783
431 473
431 560
431 639
432 705
432 932
432 941
433 450
433 680
433 713
434 569
434 756
435 486
435 585
435 598
435 604
436 541
436 817
436 937
437 479
437 797
437 978
438 617
438 742
438 897
438 905
438 955
439 443
439 888
440 470
440 864
441 456
441 581
441 968
442 609
442 909
443 565
443 940
444 979
444 996
445 459
445 564
445 911
446 521
446 643
446 679
447 567
447 611
447 917
447 953
448 966
449 549
449 878
449 998
450 464
450 713
451 544
451 635
451 748
452 524
452 867
453 645
453 661
453 699
453 702
454 484
454 540
454 579
455 670
455 716
455 935
455 960
456 502
456 913
456 968
458 785
459 586
459 726
459 799
459 911
460 526
460 577
460 686
460 863
461 596
461 724
461 846
461 932
461 941
462 487
462 703
462 855
462 935
463 469
463 776
463 864
464 616
464 713
464 723
465 800
465 814
466 494
466 526
466 576
466 686
466 981
467 529
467 919
468 498
468 597
468 962
469 470
469 716
469 776
469 864
469 980
470 716
470 864
471 543
471 561
471 807
472 520
472 526
472 576
472 863
472 918
473 533
473 560
473 742
474 618
474 633
474 868
475 587
475 895
475 908
475 985
476 584
476 799
476 878
477 573
477 758
477 772
478 628
478 760
478 787
478 808
479 715
479 797
480 566
480 573
480 666
480 758
481 626
481 736
482 657
482 940
483 662
483 734
483 841
484 765
485 728
485 899
486 604
486 737
486 817
487 488
487 703
487 790
487 843
487 855
488 615
488 651
488 790
488 843
489 503
489 709
489 988
490 504
490 512
490 519
490 569
490 756
490 811
490 859
490 861
491 705
491 767
491 787
491 808
492 610
492 648
492 687
492 902
493 750
493 778
493 786
493 805
493 930
494 530
494 981
495 755
495 886
496 647
496 815
496 906
497 520
497 588
497 730
497 747
497 965
498 597
498 612
498 733
498 767
498 808
498 962
499 838
499 865
499 877
500 536
500 784
500 900
501 589
501 920
501 945
502 913
503 588
503 647
503 709
503 730
503 988
504 512
504 519
504 649
504 858
505 603
506 565
506 578
506 933
507 678
507 725
507 768
507 788
507 848
508 547
508 606
508 607
508 792
508 871
508 943
508 974
509 642
509 910
509 997
510 537
510 711
511 912
512 649
512 859
512 866
513 689
513 699
514 644
514 720
514 723
514 774
514 840
514 854
515 701
515 721
515 770
516 850
516 882
516 949
517 591
517 719
517 794
517 887
517 904
518 534
518 619
518 883
519 569
519 827
519 858
520 730
520 747
520 918
521 679
521 780
521 786
522 557
522 609
522 757
522 820
522 948
523 540
524 571
524 700
524 779
524 802
524 867
524 931
525 545
525 718
525 982
526 576
526 686
526 863
527 889
527 951
528 785
528 873
528 983
529 638
530 666
530 762
530 981
531 576
531 869
532 784
532 900
533 560
533 634
533 898
533 946
534 560
534 883
534 907
534 946
534 956
535 573
535 666
535 682
535 802
535 867
536 761
536 784
537 711
537 812
538 562
538 593
538 640
538 673
538 969
539 546
539 847
539 970
540 579
540 590
540 712
541 764
541 817
541 937
542 675
542 997
543 792
543 807
543 943
543 966
543 974
544 635
544 818
544 958
546 602
546 631
546 970
547 792
547 871
547 975
548 722
548 741
548 942
549 566
549 879
549 998
550 702
550 801
550 893
551 555
551 639
551 806
552 646
552 674
552 678
552 788
553 948
554 738
555 620
555 749
555 836
556 653
556 765
557 757
557 996
558 701
558 921
558 952
559 842
559 949
559 984
560 639
560 946
560 956
561 683
561 807
561 955
562 570
562 593
562 615
562 969
563 592
563 810
563 947
563 984
564 911
565 578
565 940
566 747
566 879
567 582
567 833
567 917
567 926
568 766
568 832
569 756
569 827
570 615
570 859
570 866
570 969
571 700
571 779
572 619
572 777
572 830
572 922
573 666
573 682
573 758
574 706
575 704
575 857
575 876
575 934
575 994
576 869
577 735
577 863
578 712
578 933
579 590
580 619
580 624
580 749
580 831
580 888
581 977
582 833
582 916
582 926
583 600
583 729
583 842
584 799
584 878
584 998
585 689
586 726
586 799
587 895
587 985
588 730
588 965
588 988
589 945
590 712
591 904
592 810
592 834
592 839
593 615
593 651
593 655
594 663
594 734
594 854
594 885
595 650
595 743
595 950
595 964
596 724
596 846
597 767
598 695
599 790
599 811
599 821
600 729
600 902
601 643
601 753
601 769
602 631
602 832
603 667
604 737
605 659
605 945
606 607
606 654
606 896
606 943
607 654
607 871
608 722
608 816
609 745
609 757
609 909
609 928
610 687
610 902
611 887
611 953
612 733
612 962
613 681
613 710
613 732
613 834
614 677
614 718
614 919
615 651
616 840
616 884
616 914
617 897
617 955
618 890
619 624
619 831
619 922
620 625
620 688
620 748
620 816
620 836
622 736
622 851
622 976
623 634
623 763
623 898
623 907
624 749
625 748
625 816
626 939
626 976
627 761
627 872
628 683
628 760
629 660
629 700
630 735
630 906
631 643
632 773
632 936
633 635
633 836
633 868
634 646
634 898
635 748
635 836
636 725
636 783
636 824
636 848
636 957
637 681
637 710
637 971
637 977
638 856
639 806
639 845
639 956
640 673
640 866
640 969
641 766
641 769
642 875
642 993
644 723
644 774
645 699
645 702
645 751
646 654
646 674
647 730
648 729
648 842
648 902
649 698
649 858
649 973
650 752
650 781
650 950
651 843
652 938
652 958
653 765
653 844
656 679
656 684
656 786
656 795
656 862
657 706
657 989
658 708
658 791
658 825
659 671
659 692
659 825
659 945
660 690
660 746
660 931
661 750
661 930
661 987
662 782
662 803
663 774
663 854
664 665
664 995
667 744
668 828
668 972
668 993
669 695
669 782
669 851
669 963
670 716
670 980
671 708
671 825
673 698
674 788
675 892
676 726
676 911
676 927
677 718
677 948
678 725
678 788
678 871
679 786
680 713
680 755
681 710
682 813
684 750
684 786
684 801
684 862
684 987
685 835
689 819
690 746
691 886
691 920
692 809
692 945
694 764
694 789
694 817
694 892
695 851
695 939
695 976
696 717
696 844
697 913
697 929
697 968
697 982
697 999
698 973
699 751
700 931
701 770
702 801
703 843
704 934
705 767
706 989
707 753
707 795
708 825
710 834
710 977
711 908
711 964
713 723
714 860
715 797
715 820
715 822
716 980
717 929
718 919
718 982
719 727
719 925
720 854
720 885
721 732
721 839
721 874
724 923
725 848
725 871
725 957
725 975
726 911
726 927
727 925
727 978
728 899
729 842
729 902
730 918
731 772
732 839
733 808
734 841
738 882
740 865
740 877
740 917
741 942
742 896
742 897
742 905
743 908
743 950
743 964
743 985
744 899
745 928
746 826
746 901
746 931
747 869
747 965
748 836
750 786
750 930
750 987
751 819
751 910
752 781
752 881
752 925
753 769
753 795
754 914
754 961
756 861
757 877
759 933
761 784
761 872
762 981
763 789
763 830
763 907
764 817
767 808
768 788
768 848
768 889
770 954
771 934
773 844
773 936
774 854
775 804
775 959
777 823
777 922
778 780
778 786
778 805
778 870
779 802
779 813
780 786
780 903
781 881
781 992
782 803
782 963
783 824
783 957
784 900
785 983
787 808
787 941
789 892
791 798
792 966
792 974
793 924
794 887
794 953
795 862
797 978
798 809
801 862
801 893
801 987
802 813
802 867
804 812
805 870
805 930
806 845
806 890
807 943
807 955
810 947
811 821
811 859
814 983
818 958
819 910
820 822
820 948
822 948
824 848
824 855
826 901
826 931
828 852
828 861
828 993
829 872
830 907
831 888
831 922
833 916
834 977
837 838
837 979
838 979
839 921
840 853
840 884
845 890
845 897
846 941
847 944
849 880
849 891
849 894
849 944
849 961
850 882
850 949
850 984
851 976
852 915
852 993
853 870
854 885
856 982
856 999
857 876
857 994
858 973
859 866
863 918
865 877
866 969
871 975
875 889
875 915
875 951
875 993
876 963
880 894
881 925
881 992
883 956
884 914
886 895
886 920
887 909
887 953
889 951
890 897
891 894
891 961
895 920
896 905
896 943
898 907
898 946
900 967
901 990
903 970
904 928
905 943
907 946
908 964
908 985
910 997
913 968
915 993
917 926
927 952
929 968
929 999
932 941
934 994
935 960
936 989
939 976
943 974
947 984
949 984
954 991
957 975
965 988
967 979
968 971
982 999
994 995
248 778
201 169
952 372
70 573
76 302
183 161
553 833
702 91
313 901
266 153
337 463
951 305
314 802
390 776
469 545
60 699
321 523
560 594
249 342
494 733
666 217
844 773
615 609
351 739
527 575
654 37
502 509
141 387
671 294
448 200
639 955
768 177
242 173
517 83
349 877
367 825
659 146
66 554
466 303
314 370
180 507
758 255
94 510
599 420
428 854
369 522
651 460
586 130
743 481
306 621
430 922
998 503
887 348
592 639
759 237
480 359
708 741
655 529
791 335
825 862
359 465
935 358
901 497
654 384
903 587
704 162
122 421
140 471
885 660
710 824
60 627
594 588
398 893
699 541
341 608
430 54
369 886
189 228
117 524
449 574
191 376
856 556
304 571
503 868
362 689
218 620
504 35
521 787
576 604
769 499
453 407
971 536
667 76
516 900
804 318
301 943
409 637
742 341
406 438
296 796
390 141
558 281
487 481
905 479
159 861
52 515
819 607
723 89
243 255
996 540
338 491
788 297
936 473
460 769
834 687
265 473
857 190
883 762
431 691
33 500
945 681
184 275
880 411
737 692
166 297
105 544
101 561
285 533
174 806
705 492
656 308
155 156
597 82
30 576
608 280
48 397
888 439
922 326
176 579
787 505
282 408
356 43
104 716
653 349
234 478
371 742
889 789
280 920
515 222
781 677
935 561
899 532
258 140
495 351
365 806
400 588
507 801
905 651
173 709
327 94
471 12
313 164
643 262
897 716
631 667
715 631
345 100
47 648
918 634
235 902
799 754
612 939
769 531
539 216
204 873
620 107
197 359
954 695
345 442
904 297
436 437
549 511
362 538
646 334
454 865
470 384
428 764
284 562
299 380
321 744
510 609
465 103
503 334
849 350
249 728
350 803
157 693
690 726
119 705
261 239
560 883
530 55
294 311
136 534
367 965
226 119
595 715
862 323
410 523
855 727
736 665
765 360
570 492
316 145
663 968
984 555
301 591
832 373
538 454
138 676
902 356
236 300
712 788
666 600
672 534
235 448
616 710
941 394
415 285
208 668
728 818
958 446
619 855
438 732
351 80
154 773
233 840
558 677
297 833
479 498
382 535
490 848
775 314
275 864
655 935
142 633
43 473
778 568
453 449
569 407
194 423
589 297
743 373
704 442
199 546
423 454
392 366
759 823
770 419
448 993
374 130
870 772
720 201
200 276
627 400
778 155
459 77
358 488
419 393
261 716
818 763
467 978
573 316
257 932
986 416
370 201
824 350
703 559
789 694
480 707
963 510
580 352
776 550
158 722
316 125
198 128
922 424
485 196
366 326
187 194
714 57
859 637
972 359
882 307
712 258
427 165
417 612
576 223
177 357
688 886
923 270
346 839
170 558
410 835
641 597
750 107
257 516
231 543
229 342
580 581
136 511
378 921
668 323
369 654
500 715
529 709
423 370
679 408
395 865
652 117
628 923
559 100
376 382
80 425
643 792
907 761
143 573
628 485
589 937
584 652
165 646
711 531
229 745
551 636
258 579
523 469
713 807
417 142
930 619
37 375
332 79
752 580
351 297
507 949
348 335
852 391
740 646
719 239
180 683
80 374
209 490
684 176
757 863
341 659
368 299
361 231
438 497
198 148
450 116
420 19
396 622
735 562
168 127
417 866
732 263
150 174
190 567
683 458
261 768
436 285
260 657
671 897
240 377
250 743
329 929
743 249
226 224
426 894
555 82
658 823
246 276
246 191
595 518
965 592
159 406
501 149
649 673
867 568
420 978
210 511
707 335
274 448
894 548
27 621
150 758
266 209
601 141
389 735
335 858
618 565
529 749
79 748
647 692
811 870
393 521
501 596
736 615
655 738
119 668
270 226
758 278
917 737
953 357
311 345
540 871
231 807
453 841
669 837
595 680
575 873
450 641
470 646
744 520
892 691
812 593
405 17
612 789
291 732
640 313
235 496
631 142
458 225
341 47
880 703
834 302
599 442
508 453
682 760
483 153
361 361
550 64
366 718
576 855
350 389
484 766
66 658
886 459
581 917
588 114
16 563
881 676
302 213
179 430
744 430
420 501
637 76
401 711
925 300
236 867
81 625
163 347
287 64
672 116
528 11
869 654
331 958
124 372
473 621
393 107
606 17
594 45
526 114
127 309
472 206
371 147
777 781
44 613
70 501
423 39
662 753
76 451
716 481
300 411
683 586
445 514
488 893
559 458
723 146
757 138
156 189
837 247
377 48
134 757
832 498
122 403
791 729
223 245
120 247
406 86
510 831
397 809
722 713
418 710
167 218
860 239
393 944
386 415
630 219
551 163
688 337
863 807
309 851
846 218
688 429
823 646
234 598
208 799
655 861
460 289
876 257
123 275
880 478
564 785
435 471
180 448
458 694
143 341
702 215
263 901
452 605
96 404
72 359
408 767
504 248
475 270
123 463
381 802
870 824
837 138
939 511
413 475
471 427
644 366
532 128
283 185
463 710
944 493
585 149
281 329
2 494
778 384
377 230
595 249
542 723
251 824
368 270
435 561
540 786
189 596
171 773
463 243
486 92
820 135
231 721
75 677
357 405
20 422
560 956
974 342
863 295
800 166
196 476
463 331
90 466
346 510
555 548
98 337
183 329
385 439
396 502
408 322
337 724
559 980
153 809
51 579
652 433
90 601
753 788
114 224
707 716
375 474
653 840
228 677
777 98
751 612
795 862
252 99
377 92
640 472
740 191
144 837
895 408
973 482
432 966
581 472
708 667
537 188
568 191
265 297
600 819
114 736
587 901
429 86
286 648
516 641
785 139
878 626
450 141
405 173
452 319
302 269
756 546
697 524
546 291
415 305
288 263
693 474
335 791
452 48
253 461
225 282
947 460
320 588
333 186
531 249
317 197
637 183
333 672
430 622
435 232
839 161
924 343
687 310
907 442
818 675
727 396
555 244
175 254
138 773
866 216
783 888
754 122
240 150
411 551
557 215
732 69
846 428
302 472
624 652
683 653
254 439
772 463
663 575
771 645
566 616
569 650
108 432
451 962
752 318
633 517
642 53
653 613
681 67
868 177
596 265
614 343
123 634
543 688
592 225
867 454
849 711
319 656
111 497
485 68
813 441
150 543
159 366
142 738
340 311
664 423
264 418
767 698
663 700
640 128
537 391
656 488
375 592
418 677
878 191
710 407
223 460
204 589
767 398
720 111
516 521
354 59
317 495
861 378
641 626
171 190
298 676
849 820
385 462
858 680
211 193
615 763
616 50
383 641
476 684
684 864
796 610
255 605
261 316
837 661
288 110
624 203
113 614
692 841
466 888
121 795
155 245
102 529
272 635
425 69
724 587
214 313
728 508
549 480
259 801
351 900
523 869
274 357
482 179
785 835
471 929
630 802
230 401
67 264
311 228
395 297
811 465
695 392
750 908
893 379
931 598
822 723
821 285
550 814
53 488
421 434
441 23
379 787
71 396
533 314
486 391
452 542
959 328
369 74
651 225
910 372
222 581
511 572
72 528
353 560
802 661
929 699
496 4
454 359
850 517
181 484
876 515
725 933
641 558
625 169
396 793
270 886
860 471
388 35
632 247
553 339
751 171
609 659
561 143
972 404
647 899
865 403
179 875
661 769
609 688
74 601
279 946
792 401
159 462
641 576
928 726
809 511
401 210
515 126
408 57
635 702
207 690
766 217
903 781
143 490
311 930
241 238
274 275
528 440
268 189
672 392
591 770
743 216
602 733
446 386
662 168
657 655
205 409
896 283
746 295
307 750
489 316
420 341
997 454
577 958
282 682
127 548
346 225
468 840
491 814
242 653
850 616
708 602
158 794
735 124
368 572
433 201
226 96
950 536
650 203
977 644
211 779
669 514
735 279
830 582
781 633
687 160
425 641
564 572
891 221
792 192
225 203
777 285
838 400
161 331
536 27
512 850
812 185
163 435
331 165
62 319
811 540
584 187
333 772
249 914
283 579
700 268
599 535
525 836
29 602
18 481
956 669
694 909
237 791
453 273
881 599
767 599
770 725
613 885
381 348
684 235
412 195
942 635
581 377
793 363
951 648
755 737
503 190
440 173
511 273
476 909
415 797
202 394
100 769
892 515
633 841
498 166
217 269
511 291
806 799
607 865
683 376
94 643
320 832
402 694
900 605
718 274
580 976
531 903
136 296
497 643
745 725
202 639
429 354
301 134
961 390
724 875
527 949
141 618
621 828
390 662
794 487
216 430
314 56
402 421
526 555
655 98
322 570
477 443
216 143
673 473
327 403
341 30
292 361
532 159
978 573
703 692
496 267
198 712
557 718
192 770
779 856
703 244
161 598
609 910
214 551
477 136
446 258
610 173
262 169
913 693
630 91
954 607
410 124
616 525
806 847
85 234
569 115
438 812
386 683
825 155
910 511
356 675
767 332
885 206
545 148
594 175
690 507
322 717
678 819
468 807
635 37
98 387
456 665
297 909
201 749
786 803
361 851
795 447
122 199
303 524
233 359
216 527
681 945
722 289
550 578
545 599
514 765
673 357
29 551
414 662
