1000 2957 10
40 43 64 90 85 66 28 62 31 58 75 23 91 37 79 21 10 35 80 46 64 65 90 39 82 80 33 35 11 77 29 93 93 90 38 58 36 56 79 7 23 43 56 99 89 54 64 1 17 59 96 5 12 36 1 74 84 57 45 99 91 35 24 21 80 12 94 76 70 43 33 50 78 81 5 78 83 75 6 58 29 19 47 88 57 7 25 78 18 92 57 69 79 3 14 76 76 37 94 20 77 14 9 6 52 34 31 92 9 59 57 68 96 51 64 7 26 81 79 12 40 79 88 31 14 59 85 32 82 55 46 98 58 28 33 57 15 7 59 50 79 54 98 70 69 72 100 59 74 45 5 22 85 25 65 93 45 34 27 9 45 64 65 70 24 13 99 62 11 78 96 62 28 65 23 44 96 35 59 29 89 36 84 79 52 64 3 65 8 11 40 71 17 83 69 64 100 78 83 3 44 74 23 40 30 36 83 15 74 82 86 88 69 17 57 60 82 62 7 12 9 53 69 44 19 83 75 28 27 15 19 47 61 9 40 45 69 22 75 76 90 7 51 81 80 98 72 68 74 30 26 84 34 98 4 39 74 83 20 91 53 3 64 98 60 11 14 5 75 35 65 17 66 26 65 66 15 81 18 98 80 48 37 23 68 26 21 31 18 73 33 31 41 46 25 23 95 26 93 97 91 64 43 96 67 30 73 5 60 74 3 43 56 61 13 74 92 3 55 63 24 4 47 56 30 39 54 86 55 28 47 71 32 89 19 53 30 26 26 92 7 99 62 48 37 44 51 80 97 8 54 92 94 29 40 17 59 26 11 19 56 69 7 68 19 62 100 93 58 34 71 97 46 93 66 15 4 66 25 68 63 42 97 73 46 87 20 17 17 53 43 73 48 3 53 6 61 80 7 84 56 58 94 23 59 56 60 20 4 24 49 78 22 16 90 35 54 91 10 37 99 93 25 2 78 12 79 94 31 41 27 3 41 53 87 25 81 34 48 88 97 76 54 14 47 23 91 81 89 97 62 67 43 18 94 75 96 22 28 26 54 24 42 82 87 76 77 62 77 25 28 43 76 41 68 33 50 23 58 37 24 87 80 36 75 60 34 27 76 69 17 56 57 87 27 75 28 28 6 3 52 78 68 73 79 52 94 84 65 23 36 1 73 38 87 16 76 37 39 34 33 60 91 67 38 83 53 88 5 16 46 75 43 45 95 41 23 97 50 17 31 22 25 21 46 34 73 96 73 29 97 77 82 37 5 8 32 77 67 10 93 66 31 24 64 68 34 95 90 85 28 57 32 29 22 58 99 51 78 44 69 44 60 12 79 67 46 19 30 1 99 17 20 42 57 63 47 52 76 25 78 20 72 95 61 91 71 70 58 93 27 45 76 19 5 27 46 68 18 87 29 93 80 56 50 1 85 4 100 34 28 12 8 63 57 92 42 3 82 21 71 26 50 52 75 17 32 35 35 100 82 30 6 98 54 53 61 58 4 38 72 12 51 96 32 2 23 100 27 84 19 23 78 29 44 2 56 74 90 84 11 87 36 44 29 8 56 8 63 57 28 10 14 82 94 24 88 58 77 69 35 20 16 55 50 10 61 86 62 47 93 83 41 36 3 44 47 68 55 50 97 35 82 46 26 5 45 47 18 53 86 11 44 13 60 53 63 55 90 34 36 9 81 26 30 38 75 82 52 41 36 78 31 30 59 25 56 26 56 8 89 40 42 70 41 10 43 6 20 77 39 50 48 44 69 18 36 99 11 84 52 30 13 77 73 25 91 60 87 59 84 14 83 52 80 29 60 80 81 89 15 40 20 46 32 64 40 4 69 60 42 47 41 46 97 72 11 72 78 33 8 46 97 63 67 49 5 26 73 31 61 36 8 34 79 16 63 65 9 54 68 29 58 34 14 14 89 45 30 10 29 3 82 27 5 35 20 23 5 39 96 69 92 38 91 68 30 81 7 63 85 91 96 85 32 62 21 39 58 55 5 55 10 86 72 53 18 36 53 9 48 24 8 88 97 54 51 4 65 76 76 99 47 31 17 15 69 16 14 47 19 27 35 68 98 86 49 51 88 72 93 96 100 33 2 96 80 5 35 40 60 53 99 90 99 1 84 15 85 6 8 20 34 17 33 87 1 51 81 18 96 92 49 21 99 78 25 7 47 22 98 28 19 31 61 55 46 11 66 82 36 63 28 68 82 90 77 33 33 21 12 89 18 88 93 46 46 88 93 14 8 39 20 84 99 54 79 41 81 18
0 160
0 472
0 495
0 669
0 853
0 989
1 491
1 636
1 678
1 725
1 767
1 933
2 30
2 60
2 204
2 328
2 481
2 786
2 794
3 219
3 436
3 541
3 696
3 884
3 900
3 972
4 63
4 102
4 262
4 477
4 642
4 851
4 874
5 68
5 75
5 341
5 499
5 619
5 739
5 761
6 399
6 404
6 729
6 891
6 915
6 958
7 224
7 328
7 371
7 478
7 800
7 838
8 61
8 193
8 526
8 659
8 695
8 793
9 47
9 159
9 418
9 498
9 809
9 878
10 18
10 129
10 149
10 242
10 759
10 886
10 901
10 990
11 94
11 275
11 334
11 406
11 442
11 738
12 147
12 412
12 785
12 792
12 842
13 124
13 144
13 581
13 630
13 866
13 998
14 292
14 297
14 531
14 588
14 710
14 784
15 33
15 67
15 214
15 668
15 760
15 919
16 386
16 414
16 426
16 885
17 34
17 120
17 322
17 688
17 824
18 110
18 129
18 130
18 423
18 629
18 886
19 49
19 75
19 103
19 722
19 966
20 156
20 210
20 257
20 446
20 574
20 686
20 892
20 988
21 111
21 256
21 279
21 637
21 736
21 781
21 858
22 70
22 98
22 400
22 485
22 596
23 292
23 319
23 466
23 590
23 710
24 273
24 294
24 462
24 584
24 927
25 327
25 477
25 525
25 711
25 770
25 903
26 69
26 104
26 419
26 783
26 791
26 950
27 44
27 272
27 478
27 585
28 119
28 133
28 260
28 388
28 536
28 965
28 970
29 43
29 72
29 85
29 370
29 401
29 495
29 717
29 745
30 187
30 226
30 328
30 371
30 634
30 794
30 895
31 116
31 178
31 630
31 866
31 979
32 74
32 137
32 140
32 452
32 530
32 562
33 130
33 423
33 668
33 676
33 919
34 113
34 688
34 798
34 824
34 935
35 172
35 303
35 372
35 455
35 519
35 539
35 941
36 54
36 78
36 135
36 544
37 43
37 135
37 370
37 544
37 840
37 916
38 57
38 97
38 484
38 656
38 834
38 854
39 290
39 454
39 805
39 814
39 847
40 72
40 235
40 472
40 571
40 669
40 745
41 155
41 402
41 686
41 951
41 988
42 154
42 338
42 645
42 812
43 356
43 370
43 717
43 840
44 272
44 381
44 478
44 494
44 838
44 849
45 176
45 375
45 792
45 842
45 975
46 166
46 317
46 347
46 749
46 806
47 159
47 212
47 365
47 418
47 801
48 79
48 180
48 341
48 349
48 403
48 619
49 103
49 138
49 248
49 367
49 722
49 928
50 177
50 453
50 471
50 965
50 970
50 992
51 170
51 692
51 711
51 719
51 735
52 112
52 419
52 791
52 885
52 944
52 954
53 205
53 294
53 399
53 891
53 927
54 78
54 135
54 166
54 190
54 475
55 181
55 245
55 384
55 636
55 725
56 652
56 948
56 968
56 985
57 352
57 368
57 592
57 624
57 834
57 854
58 96
58 213
58 553
58 586
58 612
58 649
59 86
59 90
59 219
59 391
59 465
59 788
59 863
59 897
60 109
60 481
60 786
60 838
60 864
61 311
61 358
61 695
61 724
61 737
61 793
62 174
62 220
62 309
62 321
62 390
62 819
63 102
63 262
63 287
63 658
63 757
63 934
64 250
64 264
64 524
64 952
65 86
65 146
65 196
65 465
65 795
65 936
66 346
66 362
66 463
66 474
66 507
66 720
67 427
67 447
67 512
67 668
67 760
68 619
68 631
68 680
68 739
69 104
69 404
69 791
69 958
69 997
70 259
70 400
70 424
70 496
70 497
70 596
70 973
71 110
71 359
71 423
71 676
71 681
72 85
72 211
72 235
72 745
72 918
73 139
73 781
73 833
73 841
73 906
74 137
74 300
74 394
74 426
74 452
75 499
75 722
75 739
75 966
76 106
76 145
76 278
76 624
76 912
77 101
77 625
77 820
77 867
77 957
78 190
78 544
78 852
79 180
79 404
79 619
79 791
80 228
80 298
80 304
80 583
80 875
80 948
81 126
81 432
81 510
81 511
81 526
81 766
81 888
82 369
82 554
82 746
82 779
83 238
83 246
83 723
83 825
83 857
83 872
84 467
84 576
84 600
84 616
84 742
84 817
85 393
85 401
85 780
85 918
86 90
86 196
86 295
86 465
86 986
87 151
87 244
87 548
87 606
87 632
87 744
88 155
88 201
88 402
88 611
88 799
88 807
89 101
89 604
89 707
89 753
89 867
90 232
90 551
90 595
90 863
90 986
91 121
91 246
91 464
91 825
92 154
92 209
92 284
92 338
92 479
92 492
92 569
92 575
93 170
93 257
93 692
93 769
93 988
94 175
94 275
94 322
94 442
94 461
94 855
94 960
95 129
95 242
95 540
95 869
95 941
96 335
96 553
96 599
96 649
96 714
96 984
97 455
97 539
97 656
97 854
97 877
97 908
98 383
98 485
98 596
98 638
98 741
98 843
99 208
99 350
99 517
99 635
99 721
99 930
99 976
100 179
100 310
100 368
100 439
100 557
101 604
101 653
101 820
101 867
102 757
102 851
102 946
103 367
103 827
103 966
104 218
104 233
104 431
104 950
104 997
105 767
105 810
105 850
105 933
106 145
106 592
106 624
106 662
107 305
107 348
107 441
107 501
107 504
107 506
107 945
108 115
108 245
108 582
108 625
108 917
108 957
109 123
109 203
109 312
109 786
109 864
110 114
110 359
110 423
110 607
110 886
111 340
111 457
111 736
111 781
111 846
112 587
112 920
112 944
112 954
112 967
113 211
113 235
113 342
113 482
113 798
113 935
114 236
114 359
114 574
114 607
114 743
115 202
115 245
115 266
115 301
115 917
115 974
116 178
116 398
116 748
116 866
117 283
117 373
117 515
117 996
118 189
118 268
118 287
118 422
118 682
118 938
119 148
119 260
119 388
119 929
120 322
120 556
120 706
120 731
120 824
121 246
121 324
121 330
121 378
121 401
121 464
121 872
121 924
122 486
122 603
122 730
122 765
122 768
122 912
122 963
123 203
123 312
123 361
123 977
124 144
124 421
124 449
124 577
124 581
125 358
125 432
125 529
125 643
125 695
125 993
126 470
126 511
126 589
126 766
127 139
127 279
127 357
127 789
127 906
127 910
128 564
128 606
128 715
128 771
128 803
129 242
129 629
129 941
130 423
130 512
130 519
130 629
130 668
131 214
131 227
131 241
131 573
131 591
131 860
131 981
132 183
132 234
132 285
132 558
132 829
132 832
133 260
133 513
133 560
133 588
133 784
133 970
134 159
134 365
134 395
134 408
134 713
134 762
135 475
135 544
135 764
135 840
136 161
136 407
136 413
136 716
136 921
137 261
137 300
137 395
137 556
137 562
137 713
138 396
138 411
138 576
138 722
138 928
139 230
139 325
139 833
139 906
139 910
140 153
140 239
140 261
140 530
140 562
140 999
141 516
141 790
141 845
141 902
141 961
142 215
142 712
142 776
142 787
143 168
143 339
143 633
143 659
143 832
143 878
144 229
144 421
144 850
144 998
145 603
145 662
145 912
146 253
146 293
146 465
146 527
146 563
146 626
146 795
147 280
147 652
147 785
147 842
147 968
148 388
148 652
148 831
148 929
148 985
149 200
149 242
149 243
149 310
149 990
150 184
150 216
150 281
150 453
150 504
150 818
151 244
151 497
151 684
151 744
151 973
152 244
152 268
152 521
152 620
152 682
152 684
153 197
153 207
153 530
153 670
153 999
154 209
154 338
154 812
154 946
155 201
155 402
155 458
155 686
156 210
156 263
156 528
156 667
156 811
156 892
157 158
157 444
157 561
157 578
157 647
157 672
157 751
158 238
158 444
158 857
158 914
159 218
159 365
159 431
159 762
159 878
160 231
160 315
160 579
160 853
160 989
161 538
161 708
161 716
161 755
161 921
162 364
162 534
162 607
162 641
162 661
162 743
162 759
162 971
163 215
163 397
163 533
163 699
163 704
163 712
164 361
164 480
164 568
164 805
164 848
165 407
165 648
165 678
165 716
165 804
165 856
166 190
166 317
166 475
166 650
166 806
167 344
167 458
167 667
167 690
167 892
167 955
168 233
168 431
168 829
168 832
168 878
169 258
169 403
169 729
169 915
170 692
170 711
170 951
170 988
171 348
171 506
171 566
171 718
171 862
171 871
171 907
172 303
172 374
172 455
172 476
172 621
172 756
172 877
173 494
173 750
173 849
173 864
174 309
174 778
174 819
174 845
174 902
175 322
175 449
175 461
175 483
175 581
175 688
176 652
176 831
176 842
176 975
177 286
177 382
177 565
177 609
177 965
177 992
178 398
178 407
178 413
178 552
178 979
179 310
179 368
179 540
179 869
179 908
180 403
180 404
180 915
181 252
181 364
181 384
181 605
181 636
182 213
182 215
182 612
182 623
182 699
182 787
183 234
183 273
183 470
183 558
184 216
184 264
184 281
184 945
184 952
185 229
185 491
185 630
185 804
185 933
185 979
185 998
186 354
186 509
186 734
186 778
186 819
186 943
187 226
187 271
187 371
187 800
187 883
188 225
188 323
188 525
188 802
188 889
189 282
189 287
189 422
189 909
189 934
190 317
190 852
191 755
191 861
191 924
191 953
191 962
192 199
192 319
192 466
192 473
192 490
192 522
192 613
193 339
193 659
193 793
194 312
194 742
194 750
194 817
194 828
194 864
195 238
195 329
195 376
195 444
195 561
195 654
195 751
196 295
196 344
196 936
196 955
197 307
197 316
197 530
197 670
198 207
198 293
198 334
198 670
198 703
198 795
199 267
199 466
199 473
199 773
199 870
199 983
200 202
200 274
200 301
200 310
200 557
200 990
201 295
201 344
201 458
201 469
201 807
202 245
202 301
202 384
202 901
202 990
203 204
203 361
203 480
203 786
203 983
204 267
204 786
204 794
204 983
205 277
205 399
205 927
205 956
206 288
206 348
206 456
206 501
206 542
206 871
207 670
207 703
207 999
208 374
208 635
208 721
208 772
209 492
209 620
209 698
209 726
209 946
210 254
210 446
210 528
211 235
211 342
211 398
211 748
211 918
212 221
212 418
212 657
212 801
212 809
212 882
213 612
213 623
213 649
213 728
214 227
214 591
214 760
214 919
215 699
215 712
215 787
216 504
216 945
217 296
217 313
217 438
217 777
218 431
218 762
218 893
218 950
219 391
219 696
219 863
219 865
219 900
220 237
220 247
220 321
220 390
221 366
221 655
221 657
221 706
221 882
221 942
222 416
222 567
222 621
222 756
223 350
223 416
223 448
223 517
223 610
223 923
224 478
224 594
224 639
224 800
225 525
225 685
225 770
225 889
226 883
226 895
227 676
227 681
227 919
227 981
228 260
228 298
228 513
228 929
228 948
228 985
229 850
229 933
229 998
230 306
230 325
230 392
230 833
231 315
231 559
231 660
231 747
231 882
231 989
232 551
232 595
232 618
232 774
232 940
233 431
233 829
233 859
233 997
234 470
234 633
234 766
234 796
234 832
235 482
235 571
236 257
236 359
236 574
236 769
237 241
237 247
237 321
237 980
238 376
238 444
238 857
238 872
239 261
239 679
239 999
240 329
240 538
240 598
240 654
240 707
240 753
240 822
240 962
241 321
241 573
241 860
241 980
242 243
242 540
243 310
243 540
244 268
244 606
244 684
244 938
245 384
245 582
245 725
246 825
246 872
247 390
247 555
247 651
247 830
247 980
248 340
248 367
248 380
248 846
248 890
248 928
249 422
249 503
249 884
249 900
250 489
250 490
250 524
250 590
250 881
250 894
250 952
251 308
251 502
251 550
251 689
251 709
251 806
252 364
252 384
252 534
252 705
253 465
253 563
253 788
254 446
254 528
254 628
254 835
254 887
255 282
255 545
255 618
255 658
255 774
255 934
256 454
256 637
256 858
256 862
257 574
257 769
257 988
258 326
258 349
258 403
258 729
258 754
259 405
259 492
259 496
259 497
259 575
259 684
260 513
260 929
261 556
261 562
261 679
261 701
261 731
262 642
262 658
263 493
263 528
263 627
263 811
264 333
264 524
264 945
264 952
265 450
265 468
265 675
265 844
265 920
265 967
266 523
266 917
266 969
266 974
267 794
267 813
267 870
267 983
268 682
268 938
269 635
269 777
269 808
269 899
269 976
270 375
270 515
270 518
270 663
270 732
270 792
271 436
271 520
271 541
271 639
271 800
271 883
271 931
272 381
272 563
272 585
272 868
272 897
273 294
273 470
273 558
273 584
273 991
274 301
274 500
274 523
274 557
274 974
275 334
275 679
275 701
275 703
275 855
276 559
276 614
276 727
276 747
276 882
276 913
277 331
277 507
277 927
277 956
278 439
278 500
278 557
278 624
278 912
279 357
279 456
279 781
279 789
279 858
280 548
280 564
280 664
280 785
280 803
280 968
281 297
281 489
281 818
281 952
282 595
282 774
282 865
282 909
282 934
283 485
283 515
283 740
283 996
284 338
284 389
284 479
284 488
285 558
285 677
285 829
285 859
285 958
285 991
286 382
286 565
287 682
287 698
287 726
287 757
287 934
288 501
288 542
288 910
289 349
289 353
289 499
289 617
289 754
289 879
290 473
290 671
290 805
290 814
290 848
291 508
291 622
291 860
291 981
292 297
292 590
292 710
293 434
293 527
293 670
293 795
294 677
294 891
294 927
294 991
295 344
295 469
295 986
296 309
296 313
296 430
296 438
296 790
296 961
297 471
297 489
297 588
297 590
297 818
298 513
298 560
298 583
299 367
299 380
299 646
299 779
299 827
299 841
300 386
300 408
300 426
300 713
301 974
302 580
302 812
302 851
302 874
303 372
303 427
303 447
303 476
304 664
304 837
304 875
304 948
304 959
305 441
305 506
305 907
306 377
306 392
306 646
306 833
306 841
307 316
307 433
307 452
307 530
307 823
307 937
308 502
308 614
308 709
308 727
308 737
309 313
309 321
309 902
309 961
310 540
310 557
311 724
311 793
311 925
312 742
312 864
312 926
312 977
313 321
313 694
313 777
314 320
314 479
314 547
314 569
314 714
315 428
315 579
315 660
315 978
316 434
316 670
316 823
317 749
317 852
318 653
318 733
318 768
318 820
318 917
318 969
319 466
319 490
319 590
320 479
320 488
320 649
320 714
321 573
321 694
322 688
322 731
322 960
323 332
323 343
323 555
323 580
323 802
323 889
324 378
324 464
324 916
324 939
325 392
325 463
325 910
326 385
326 445
326 507
326 729
326 754
326 956
327 363
327 477
327 642
327 711
327 799
328 371
328 481
328 838
329 435
329 561
329 598
329 654
329 672
330 393
330 401
330 861
330 924
331 462
331 927
332 343
332 487
332 580
332 645
332 812
333 524
333 687
333 763
333 881
333 945
334 703
334 738
334 795
334 936
335 547
335 693
335 714
335 873
335 984
336 351
336 406
336 505
336 602
336 690
336 815
337 723
337 825
337 839
337 914
337 939
338 389
338 487
338 645
339 498
339 659
339 793
339 878
340 380
340 460
340 781
340 846
341 349
341 619
341 761
342 748
342 866
342 935
343 437
343 487
343 555
343 932
344 458
344 955
345 359
345 681
345 692
345 697
345 769
346 507
346 720
347 550
347 749
347 806
348 501
348 506
348 871
349 403
349 617
349 754
349 761
350 416
350 517
350 930
350 964
351 406
351 442
351 449
351 577
351 602
352 484
352 592
352 834
353 445
353 720
353 754
353 879
354 440
354 516
354 778
354 845
354 943
355 451
355 597
355 608
355 647
355 673
356 428
356 579
356 717
356 764
356 840
357 456
357 542
357 910
358 529
358 695
358 709
358 737
359 681
359 769
360 443
360 474
360 532
360 554
360 752
361 480
361 568
361 926
361 977
362 474
362 532
362 720
363 425
363 545
363 611
363 642
363 799
364 534
364 605
364 641
365 395
365 700
365 801
366 482
366 615
366 655
366 706
366 798
366 824
367 380
367 827
368 439
368 624
368 854
368 908
369 499
369 532
369 554
369 746
369 879
369 966
370 378
370 401
370 916
371 800
372 447
372 512
372 519
373 485
373 515
373 732
373 782
373 898
373 996
374 476
374 621
374 721
374 772
374 930
375 663
375 792
375 876
375 975
376 654
376 822
376 872
376 953
377 392
377 646
377 752
377 779
378 401
378 916
379 393
379 708
379 780
379 904
379 921
380 460
380 841
381 494
381 572
381 868
382 453
382 504
382 565
382 992
383 548
383 596
383 632
383 785
383 843
384 705
384 901
385 399
385 729
385 956
386 408
386 414
386 426
386 762
386 893
387 394
387 433
387 452
387 844
387 885
387 944
387 967
388 429
388 536
388 831
389 409
389 420
389 487
389 488
389 728
390 509
390 651
390 819
391 436
391 594
391 696
391 897
391 931
392 443
392 463
392 752
393 401
393 708
393 780
393 861
394 426
394 452
394 885
395 556
395 700
395 713
396 411
396 576
396 587
396 680
397 533
397 712
397 821
398 552
398 748
398 918
399 729
399 891
399 956
400 424
400 485
400 826
400 896
400 911
402 799
402 951
403 915
404 791
404 915
404 958
405 424
405 496
405 547
405 569
405 575
406 442
406 690
406 738
407 413
407 716
407 804
407 979
408 713
408 762
409 415
409 420
409 623
409 699
409 728
410 503
410 520
410 715
410 771
410 837
410 884
410 972
411 680
411 722
411 739
412 732
412 785
412 792
412 898
413 552
413 904
413 921
414 419
414 783
414 885
414 893
415 420
415 674
415 699
415 704
416 567
416 621
416 964
417 578
417 608
417 647
417 672
417 683
417 995
418 809
419 783
419 791
419 885
420 437
420 487
420 674
421 459
421 493
421 577
421 627
421 810
421 850
422 503
422 900
422 909
422 938
423 676
424 496
424 547
424 693
424 826
425 545
425 611
425 618
425 905
426 885
427 447
427 476
427 635
427 760
427 772
428 579
428 650
428 764
428 978
429 536
429 831
429 876
429 975
430 438
430 440
430 790
430 923
431 878
432 526
432 643
432 695
432 888
433 452
433 844
433 937
434 527
434 572
434 670
434 823
434 868
435 598
435 604
435 672
435 683
435 753
435 995
436 541
436 696
436 931
437 487
437 640
437 674
437 932
438 448
438 777
438 923
438 976
439 557
439 624
440 516
440 712
440 790
440 821
440 923
440 943
441 763
441 907
441 945
441 982
442 449
442 461
443 463
443 474
443 752
444 751
445 507
445 720
445 754
446 574
446 628
447 512
448 610
448 923
448 976
449 461
449 577
449 581
450 675
450 836
450 920
451 597
451 608
451 653
451 702
451 733
452 530
453 471
453 504
453 818
453 992
454 637
454 814
454 847
454 862
455 539
455 877
456 542
456 566
456 858
456 871
457 467
457 736
457 846
457 947
458 686
458 892
459 528
459 627
459 810
459 835
460 781
460 841
462 511
462 584
462 589
462 927
463 474
463 910
464 825
464 939
465 788
466 710
466 870
467 568
467 600
467 736
467 742
467 926
467 947
468 675
468 797
468 817
468 828
468 844
468 937
469 551
469 807
469 905
469 940
469 986
470 584
470 589
470 766
471 588
471 818
471 970
472 495
472 669
472 745
473 613
473 671
473 773
473 848
474 532
475 650
475 764
476 772
477 525
477 642
477 816
477 874
478 585
478 594
478 838
479 488
479 569
480 773
480 848
480 983
481 838
482 571
482 615
482 798
483 581
483 688
483 866
483 935
484 567
484 592
484 656
484 834
485 638
485 740
485 782
485 911
485 996
486 535
486 603
486 673
486 730
487 645
488 649
488 728
489 590
489 952
490 522
490 590
490 894
491 678
491 804
491 933
492 521
492 575
492 620
492 684
493 577
493 602
493 627
493 811
494 572
494 750
494 797
494 849
495 717
495 745
495 853
497 684
497 973
498 793
498 809
498 878
498 925
499 617
499 761
499 879
499 966
500 523
500 557
500 912
500 963
502 614
502 660
502 806
502 978
503 771
503 884
503 938
504 945
505 602
505 667
505 811
505 815
506 907
507 720
507 956
508 546
508 622
508 685
508 860
508 889
508 980
509 640
509 651
509 734
509 758
509 819
510 526
510 659
510 766
510 796
511 589
511 888
512 519
512 668
513 560
514 550
514 689
514 749
514 922
514 987
515 732
515 740
516 790
516 845
517 610
517 976
518 565
518 601
518 609
518 663
518 876
519 629
519 941
520 541
520 837
520 883
520 959
520 972
521 620
521 684
522 613
522 880
522 894
523 963
523 969
523 974
524 881
525 770
525 802
525 816
526 659
526 695
527 626
527 868
528 627
528 835
529 570
529 709
529 922
529 987
529 993
531 560
531 583
531 634
531 710
531 784
532 554
532 720
532 879
533 537
533 704
533 734
533 758
533 821
534 705
534 759
534 901
535 603
535 647
535 662
535 673
536 601
536 609
536 876
536 965
537 734
537 821
537 943
538 707
538 716
538 755
538 856
538 962
539 869
539 908
539 941
540 869
541 972
542 910
543 643
543 888
543 987
543 993
544 666
544 691
544 852
544 916
545 618
545 642
545 658
546 622
546 685
546 719
546 770
546 903
546 994
547 569
547 693
547 714
548 606
548 632
548 785
548 803
549 593
549 740
549 776
549 873
549 896
549 911
550 689
550 749
550 806
551 940
551 986
552 904
552 918
553 586
553 599
553 776
554 752
554 779
555 830
555 889
555 932
555 980
556 657
556 700
556 706
556 731
558 991
559 614
559 660
559 747
560 583
560 784
561 672
561 751
563 626
563 788
563 868
563 897
564 664
564 715
564 803
565 609
566 858
566 862
566 871
567 656
567 756
567 877
568 736
568 805
568 847
568 926
569 575
570 689
570 709
570 922
571 615
571 655
571 669
572 797
572 823
572 868
573 591
573 694
573 949
574 628
574 743
574 971
576 587
576 600
576 616
576 836
576 928
577 602
578 647
578 672
579 717
579 853
580 802
580 812
580 816
580 874
581 866
582 644
582 678
582 725
582 957
583 634
583 875
584 589
585 594
585 897
586 612
586 776
586 787
587 680
587 836
587 920
587 954
588 784
588 970
591 760
591 808
591 899
591 949
592 624
592 662
593 599
593 776
593 873
593 984
594 639
594 897
594 931
595 774
595 863
595 865
596 632
596 744
596 973
597 673
597 733
597 765
598 753
599 776
599 984
600 890
600 928
600 947
601 609
601 876
602 811
603 662
603 912
604 653
604 702
604 753
604 995
605 636
605 641
605 767
605 835
606 771
606 803
606 938
607 743
607 759
607 886
608 647
608 702
608 995
609 965
610 976
611 799
611 807
611 905
612 787
613 671
613 880
614 660
614 727
615 655
616 675
616 817
616 836
617 761
618 774
618 905
618 940
619 631
619 791
619 954
620 682
620 726
621 756
621 930
621 964
622 697
622 981
622 994
623 699
623 728
625 820
625 917
625 957
626 868
628 661
628 887
628 971
629 941
630 866
630 979
630 998
631 680
631 954
632 744
633 659
633 796
633 832
634 710
634 794
634 813
634 875
634 895
635 760
635 772
635 808
635 976
636 725
636 767
637 736
637 847
638 741
638 782
638 898
639 800
639 931
640 651
640 674
640 758
640 830
640 932
641 661
641 835
641 887
642 658
643 888
643 993
644 648
644 678
644 856
644 867
644 957
645 812
646 779
646 841
647 673
648 678
648 856
649 714
649 728
650 764
650 806
650 978
651 830
652 831
652 842
652 968
652 985
653 702
653 733
653 820
654 822
655 669
655 942
655 989
656 877
657 700
657 706
657 801
658 934
659 796
660 978
661 887
661 971
663 876
664 715
664 837
664 948
664 968
665 687
665 880
665 894
665 907
665 982
666 691
666 775
666 852
667 690
667 811
667 815
667 892
669 989
671 718
671 814
671 880
672 683
673 730
673 765
674 704
674 758
675 817
675 836
676 681
676 919
677 891
677 958
677 991
678 725
678 804
679 701
679 703
679 999
680 739
680 954
681 697
681 981
682 726
683 995
685 770
685 889
686 892
686 988
687 763
687 881
687 894
687 982
688 935
689 709
689 922
690 738
690 815
690 936
690 955
691 775
691 839
691 916
691 939
692 697
692 735
692 769
692 994
693 826
693 873
694 777
694 899
694 949
697 981
697 994
698 726
698 757
698 946
699 704
700 801
701 731
701 855
701 960
702 995
703 999
704 758
705 901
706 824
707 753
707 856
707 867
708 755
708 861
708 921
709 737
710 813
710 870
711 719
711 799
711 903
711 951
712 821
715 771
715 837
716 856
717 853
718 814
718 862
718 880
718 907
719 735
719 903
719 994
720 879
721 930
722 739
723 825
723 857
723 914
724 727
724 737
724 925
727 737
727 913
727 925
729 915
730 765
731 960
732 792
732 898
733 765
733 768
734 758
734 943
735 994
736 847
738 936
740 776
740 911
741 843
741 898
742 817
742 926
743 971
744 973
746 779
746 827
746 966
747 882
748 866
749 852
750 797
750 828
750 864
752 779
755 861
755 962
756 877
757 946
759 886
759 901
760 808
762 893
763 945
763 982
764 840
765 768
766 796
767 810
767 835
767 933
768 963
768 969
770 903
771 938
773 848
773 983
775 839
775 852
775 914
776 787
777 899
777 976
778 819
778 845
779 827
780 904
780 918
781 789
781 841
781 906
782 898
783 893
783 950
785 843
785 898
788 897
789 906
790 961
791 954
792 842
793 925
794 813
795 936
797 823
797 828
797 937
798 824
799 951
802 816
804 979
805 847
805 848
806 978
807 905
808 899
809 882
809 913
809 925
810 835
810 850
812 851
812 946
813 870
814 862
816 874
817 828
820 917
821 943
822 953
822 962
823 937
825 939
826 873
826 896
827 966
829 832
829 859
830 932
831 975
833 841
835 887
836 920
837 959
838 849
838 864
839 914
839 939
843 898
844 937
844 967
845 902
846 890
846 947
849 864
850 933
851 874
851 946
852 914
854 908
855 960
856 867
857 914
858 862
859 958
859 997
860 980
860 981
861 924
863 865
865 900
865 909
866 935
867 957
869 908
869 941
872 924
872 953
873 896
873 984
875 883
875 895
875 959
876 975
880 894
880 907
881 894
882 913
882 942
882 989
883 895
883 959
884 900
884 972
885 944
889 980
890 928
890 947
891 958
893 950
896 911
899 949
900 909
901 990
902 961
904 918
904 921
905 940
907 982
912 963
913 925
916 939
917 969
920 967
922 987
924 953
926 977
929 985
930 964
936 955
942 989
944 967
948 968
948 985
951 988
953 962
958 997
963 969
965 970
987 993
240 285
247 539
741 428
687 570
572 720
633 163
559 85
707 471
361 125
379 210
233 684
433 457
844 681
289 456
867 483
321 787
516 260
352 376
277 724
692 182
387 596
803 259
782 779
868 448
481 25
508 708
518 200
648 452
916 560
186 313
767 474
262 438
500 323
313 766
328 362
226 800
119 241
140 284
140 799
823 309
231 337
450 621
618 800
164 283
663 429
893 660
157 163
385 245
600 140
699 198
950 517
440 700
555 230
520 49
132 218
241 589
853 609
136 766
699 912
620 558
723 404
328 133
451 896
603 699
945 410
539 496
698 47
306 808
626 183
515 167
766 780
337 737
218 349
803 173
505 300
668 164
83 700
135 555
98 230
578 151
823 559
375 64
724 138
63 364
702 292
184 353
556 537
746 694
492 621
108 525
583 576
93 360
686 791
407 672
408 426
218 748
705 897
175 805
808 756
280 884
163 728
114 540
595 733
708 185
489 193
293 530
71 730
943 275
181 582
729 380
300 713
780 250
591 253
291 369
336 666
165 615
256 417
886 802
674 681
899 581
365 347
115 372
78 626
738 363
322 471
319 98
398 49
854 181
754 651
243 738
282 764
386 822
447 102
887 532
441 261
145 242
195 438
461 321
684 212
833 144
488 353
434 953
626 980
415 143
295 488
58 688
556 471
839 661
882 600
201 695
978 453
741 729
699 719
517 374
627 780
473 605
391 555
7 445
16 398
422 222
247 262
176 438
312 640
593 950
783 329
205 496
145 199
463 547
449 151
592 83
445 680
885 282
225 836
674 400
446 920
368 432
884 641
976 540
235 434
176 751
570 134
266 591
636 931
448 84
964 438
253 488
495 925
744 494
503 775
659 669
125 197
127 416
871 383
380 139
686 345
47 446
502 530
533 368
504 437
817 396
177 670
502 591
193 640
761 370
771 410
538 26
897 229
499 398
275 860
648 741
381 571
260 382
365 242
654 910
351 797
621 949
983 435
376 914
472 193
650 572
440 872
322 283
208 888
277 939
689 488
494 762
766 495
373 771
865 571
277 491
807 132
271 244
573 617
479 148
419 90
266 363
364 669
430 844
43 406
475 375
94 470
413 838
217 733
195 721
715 702
211 596
78 369
484 866
734 232
683 625
923 402
220 165
269 614
587 500
358 580
580 659
818 270
376 657
608 84
728 780
885 551
444 365
574 702
366 538
960 404
627 309
148 616
796 415
693 691
333 875
942 720
725 519
634 441
469 57
146 657
438 410
301 202
548 7
100 692
844 213
813 649
930 449
612 645
850 849
652 825
481 98
995 545
653 695
916 226
651 114
825 326
428 766
872 468
536 448
505 51
512 572
389 941
898 481
839 550
746 166
492 281
177 641
577 770
262 810
797 576
936 294
781 142
560 354
251 173
413 920
178 724
333 163
718 355
392 903
693 841
224 236
553 402
139 173
103 592
872 411
677 846
416 869
375 381
512 797
108 329
820 121
627 49
506 685
730 452
61 472
133 374
511 2
573 799
954 374
479 455
736 860
420 498
63 323
634 812
395 149
763 226
614 150
283 394
548 836
486 550
385 716
678 45
171 157
920 257
623 121
255 921
392 479
96 784
657 95
465 974
36 576
183 263
877 197
304 126
363 709
741 98
749 345
703 65
525 665
281 604
411 256
324 324
739 188
155 750
686 127
149 303
738 475
256 792
864 797
251 857
916 659
81 427
765 134
130 323
182 393
756 192
626 424
996 521
793 710
238 616
572 48
494 254
575 292
911 605
617 861
472 885
668 542
781 108
173 366
538 295
426 284
646 232
569 971
241 397
556 49
788 827
151 352
468 635
595 112
546 133
721 805
422 482
218 443
478 259
611 888
730 605
665 208
880 710
207 415
516 241
592 900
221 907
33 524
366 222
531 227
576 871
344 515
679 642
314 735
758 824
539 650
510 277
287 829
190 237
909 626
371 958
462 172
342 77
567 325
569 415
62 503
693 541
566 858
349 931
134 716
471 994
947 318
406 465
764 90
24 431
654 80
372 602
275 801
305 948
378 456
633 291
58 568
548 313
980 483
822 288
206 812
880 216
755 266
456 584
332 546
772 203
381 440
486 4
782 88
95 340
568 512
852 410
728 295
643 331
541 590
433 48
931 497
232 315
832 348
733 70
158 230
255 837
524 702
678 474
684 823
782 361
726 429
300 340
331 428
104 800
830 807
43 632
584 850
660 844
916 430
892 395
245 518
694 770
375 522
649 395
217 298
743 800
745 753
368 171
657 149
121 659
927 242
224 185
704 624
996 456
416 521
911 281
655 33
452 776
507 909
383 78
359 28
280 784
868 550
198 103
902 793
450 964
290 912
968 644
249 778
747 566
696 737
884 363
141 630
947 391
512 745
365 88
573 439
358 553
280 91
522 346
848 506
717 79
558 943
271 636
30 659
951 610
515 960
133 461
194 781
202 740
704 564
891 204
302 46
110 263
541 669
466 737
716 844
781 691
785 897
187 150
568 580
223 397
718 913
735 127
504 827
406 327
146 699
466 88
267 208
853 534
26 465
484 333
591 476
771 638
996 561
872 250
158 863
771 308
707 812
253 97
276 324
619 395
385 840
364 640
704 794
683 263
380 499
11 530
208 262
567 782
328 444
191 561
822 528
451 40
649 479
697 935
635 248
897 505
421 37
891 427
365 823
80 764
763 906
656 498
613 614
772 732
63 587
72 490
737 906
706 271
962 622
396 514
45 661
82 526
287 573
744 663
313 665
45 550
987 575
291 930
511 623
672 944
868 350
257 196
300 323
669 297
639 128
555 641
598 171
679 731
227 885
428 750
628 901
116 726
147 566
579 457
349 530
349 605
254 753
255 464
613 201
776 711
414 110
816 477
308 845
251 573
804 276
837 767
688 503
518 874
316 603
539 687
325 55
180 537
592 804
760 153
10 550
188 515
676 879
187 221
499 865
869 620
96 565
74 452
311 300
156 822
376 283
582 689
390 115
238 210
333 612
40 695
957 662
768 615
913 332
79 270
432 541
306 783
257 310
530 410
852 320
29 491
41 600
570 898
648 298
331 752
495 88
195 532
457 389
625 211
375 743
682 705
43 511
712 734
473 766
441 601
940 361
341 411
216 110
457 510
83 294
414 703
756 847
387 878
336 109
671 562
398 726
639 726
610 910
410 287
427 386
68 535
484 416
574 914
253 628
359 324
119 491
166 407
252 141
828 462
490 687
594 984
459 275
697 875
751 626
184 464
201 277
868 306
457 722
675 70
260 870
673 193
54 350
312 169
233 571
666 712
309 187
650 876
583 65
55 617
408 361
895 733
86 590
514 944
442 719
770 279
298 153
462 472
647 184
840 861
838 734
709 326
328 645
758 720
216 314
710 145
279 222
262 402
170 128
664 378
32 450
752 122
91 495
632 94
150 424
189 872
625 718
524 905
274 653
322 827
638 147
474 243
951 349
171 242
65 602
400 69
295 553
89 615
391 693
495 741
727 635
278 845
800 364
596 636
62 281
732 941
365 895
469 925
738 150
189 379
805 209
844 783
510 222
869 515
837 696
737 393
653 967
603 500
831 199
386 956
543 198
888 684
362 155
794 452
521 467
399 84
648 377
313 352
493 647
717 491
384 267
523 770
783 658
225 495
802 327
185 179
509 608
335 844
352 213
314 536
389 540
597 786
811 444
845 306
433 514
532 752
676 323
930 479
470 904
117 560
520 978
90 448
601 370
348 343
74 339
777 848
722 176
663 363
471 125
502 850
893 628
431 112
797 149
120 790
331 563
648 277
764 600
699 421
65 307
159 266
786 179
877 655
830 718
600 328
455 937
750 247
783 292
796 344
672 415
295 515
580 751
72 251
216 282
163 787
416 412
164 505
33 374
851 248
488 135
421 806
142 403
854 269
611 580
701 401
632 622
282 441
141 521
589 432
192 758
828 409
884 240
69 404
768 880
557 746
795 522
932 652
184 856
405 188
675 112
876 324
939 377
312 250
759 534
694 605
541 257
292 686
337 582
338 32
486 783
721 247
532 63
435 558
487 231
902 361
782 506
794 856
636 492
865 732
356 855
658 615
243 651
438 934
487 717
205 384
529 621
818 179
915 302
177 774
660 652
848 143
819 867
86 657
326 211
43 309
576 97
119 288
149 592
209 369
338 777
605 273
191 410
252 76
337 970
124 396
340 179
728 328
513 17
709 237
881 579
253 884
684 519
535 849
266 526
597 680
301 393
496 483
603 344
700 668
81 310
561 606
227 761
305 265
495 978
575 260
978 416
618 741
738 262
833 601
370 846
493 216
460 649
943 425
97 432
589 220
482 532
580 17
170 552
515 125
761 552
411 389
412 941
120 449
119 629
243 906
937 547
691 158
590 283
830 631
128 610
916 513
340 630
708 588
756 736
163 633
904 643
308 900
733 346
206 215
239 459
435 826
407 767
939 333
792 381
748 890
861 595
560 561
264 65
425 658
278 258
203 672
481 76
981 504
296 82
434 732
55 523
865 819
497 148
266 476
487 386
