1000 2955 10
14 37 19 6 9 85 70 95 60 19 7 31 100 66 86 81 22 26 88 68 36 14 93 48 27 26 10 39 56 90 21 60 93 6 19 9 5 58 8 27 40 56 13 63 88 39 43 72 1 47 62 48 46 43 99 35 87 63 97 78 64 89 76 31 65 5 82 23 100 33 42 63 77 92 43 46 1 75 30 76 10 3 49 34 85 40 58 92 35 99 40 91 16 69 10 43 82 88 12 76 67 24 24 100 95 80 19 46 8 85 73 31 17 49 96 13 58 70 84 32 67 89 84 40 32 55 21 30 25 65 57 15 56 36 10 87 5 28 57 19 64 53 61 88 33 24 40 89 96 59 54 58 26 1 30 95 33 16 42 23 42 49 13 95 43 59 56 5 72 63 75 82 32 97 91 56 20 44 37 59 14 39 59 57 7 64 100 62 16 20 89 58 14 25 8 53 29 6 29 6 55 22 60 69 11 100 66 39 39 77 42 16 40 67 43 49 31 42 76 97 82 86 8 81 94 60 54 84 13 72 64 68 24 72 94 95 66 80 7 79 67 82 48 88 52 16 41 35 42 48 41 73 51 60 20 45 25 65 72 58 85 25 37 43 93 25 54 60 83 37 15 72 23 60 75 28 68 85 92 80 12 87 19 7 59 90 29 97 65 53 41 70 95 90 65 64 66 93 42 42 39 25 66 79 54 57 31 55 55 46 83 96 87 88 91 92 99 17 99 50 46 62 63 57 16 43 83 46 3 2 72 22 75 33 87 60 2 54 95 71 91 21 83 79 48 57 37 19 87 20 43 24 36 37 20 80 99 82 79 9 77 16 85 27 34 68 99 74 87 1 18 70 54 71 80 33 87 93 1 6 14 17 78 82 46 50 48 84 57 62 99 53 97 70 27 38 89 13 38 45 48 79 65 15 40 48 80 20 65 54 15 62 77 100 1 29 44 79 62 98 89 20 16 58 61 85 80 68 88 66 3 59 31 92 14 13 3 97 96 56 56 92 23 44 81 78 16 24 4 49 51 50 91 83 97 13 60 61 96 93 6 75 83 20 75 17 38 80 40 87 53 21 32 78 21 89 58 68 58 66 25 43 55 67 9 82 12 26 63 11 53 17 14 73 35 47 5 83 57 68 77 16 95 65 67 10 100 10 100 19 54 11 69 57 38 30 9 97 70 89 13 25 63 6 68 25 70 71 16 94 36 11 38 42 11 9 38 77 82 90 47 63 94 19 26 87 49 6 52 80 87 86 45 36 43 67 72 44 15 23 77 15 10 99 25 79 68 77 30 19 77 38 84 90 66 79 29 19 79 94 10 94 20 81 86 38 8 54 52 82 65 26 46 12 70 74 9 25 25 19 45 82 91 2 7 66 74 40 27 66 38 75 26 90 64 94 53 2 91 65 83 38 12 95 90 28 2 37 97 12 68 9 76 93 22 90 60 62 17 73 9 53 24 48 80 10 34 19 56 17 1 26 24 75 15 100 12 80 37 18 38 100 94 45 6 37 28 66 59 63 38 80 60 5 70 80 71 16 4 3 93 9 81 40 58 4 89 76 87 91 98 79 43 28 42 72 30 19 13 61 46 75 58 45 51 67 40 95 62 9 8 82 32 85 48 32 13 88 19 86 94 94 70 9 4 13 67 99 36 46 61 76 100 3 59 23 48 54 68 29 46 71 38 86 3 82 70 35 83 80 63 44 12 38 88 68 96 52 12 83 33 53 87 6 8 79 89 97 49 88 44 18 96 25 26 64 96 57 66 65 65 9 68 73 29 1 38 37 40 18 94 81 29 81 100 24 42 78 68 66 99 10 4 82 2 81 81 52 63 86 47 20 31 7 29 60 31 86 3 37 66 76 30 60 76 20 76 68 66 80 27 11 82 19 8 57 64 14 87 37 30 53 73 63 48 5 1 13 60 95 90 8 8 76 4 61 10 99 91 35 16 49 12 13 18 54 88 68 7 53 66 84 15 3 86 78 28 48 96 76 8 92 56 20 74 25 18 73 37 26 32 15 59 88 58 58 66 18 49 59 53 35 70 97 22 48 84 43 91 72 70 15 66 80 52 75 46 61 47 40 94 35 72 2 65 6 7 59 24 22 48 64 60 77 10 86 13 56 23 82 84 93 59 71 4 28 19 39 46 97 6 17 40 40 95 59 16 50 34 76 12 69 41 4 30 77 53 53 8 45 63 57 68 27 22 93 58 40 59 85 79 95 8 47 67 13 100 9 44 99 48 98 27 23 18 75 96 9 44 21
0 33
0 392
0 403
0 777
0 833
0 866
0 969
1 99
1 103
1 387
1 412
1 884
2 157
2 280
2 510
2 641
2 898
2 942
3 69
3 350
3 478
3 584
3 801
4 40
4 88
4 116
4 520
4 558
4 687
4 788
4 965
5 86
5 116
5 156
5 354
5 502
5 789
6 45
6 84
6 121
6 572
6 738
6 899
6 920
7 505
7 614
7 642
7 806
7 952
8 44
8 162
8 253
8 533
8 534
8 594
8 753
8 815
8 996
9 300
9 303
9 344
9 454
9 988
10 86
10 354
10 633
10 845
10 852
10 912
10 940
11 177
11 416
11 493
11 564
11 618
11 628
11 828
12 13
12 239
12 469
12 629
12 672
12 834
12 961
13 129
13 362
13 469
13 961
14 122
14 180
14 265
14 511
14 951
14 988
15 193
15 468
15 569
15 665
15 692
15 756
16 378
16 406
16 666
16 902
16 952
17 132
17 191
17 209
17 671
17 811
17 927
18 251
18 267
18 527
18 702
18 787
18 968
19 102
19 149
19 167
19 369
19 638
19 644
19 715
19 831
20 370
20 660
20 735
20 741
20 914
21 59
21 201
21 235
21 303
21 454
21 805
21 921
22 62
22 464
22 721
22 750
22 855
22 874
23 127
23 194
23 318
23 322
23 376
23 394
23 504
23 549
24 404
24 517
24 521
24 841
25 230
25 382
25 414
25 712
25 885
26 124
26 364
26 430
26 532
26 555
27 108
27 208
27 367
27 481
27 612
27 850
27 964
28 190
28 303
28 344
28 360
28 438
28 579
28 805
28 919
29 101
29 104
29 182
29 184
29 342
29 536
29 978
30 43
30 355
30 439
30 605
30 634
30 740
30 842
31 130
31 161
31 164
31 326
31 459
32 427
32 560
32 679
32 704
32 786
32 844
33 392
33 403
33 477
33 509
34 285
34 480
34 662
34 930
34 935
35 82
35 141
35 496
35 646
35 858
36 119
36 141
36 643
36 685
36 807
36 858
37 540
37 619
37 629
37 655
37 670
37 818
38 133
38 202
38 677
38 737
38 745
38 893
39 531
39 568
39 618
39 732
39 828
39 910
40 116
40 433
40 558
40 789
41 113
41 373
41 506
41 525
42 166
42 235
42 246
42 437
42 820
43 308
43 605
43 740
43 803
43 849
44 372
44 534
44 594
44 829
44 985
45 60
45 572
45 574
45 632
45 920
46 139
46 450
46 597
46 707
46 824
47 553
47 611
47 636
47 782
47 845
47 966
48 117
48 152
48 312
48 470
48 697
48 752
49 333
49 404
49 472
49 551
49 785
49 873
50 74
50 260
50 430
50 487
50 883
51 571
51 608
51 702
51 737
51 743
51 745
52 215
52 380
52 779
52 863
53 159
53 171
53 203
53 385
53 843
54 210
54 276
54 357
54 733
54 746
54 768
54 977
55 104
55 120
55 237
55 377
55 867
55 967
55 978
56 62
56 143
56 559
56 599
56 861
56 908
56 970
56 972
57 79
57 139
57 345
57 453
57 824
57 849
58 286
58 599
58 613
58 721
58 908
59 201
59 235
59 437
59 541
59 661
60 70
60 155
60 506
60 574
60 632
60 939
61 105
61 372
61 438
61 494
61 683
61 829
62 447
62 464
62 559
62 599
62 855
63 249
63 294
63 313
63 409
63 525
64 312
64 345
64 449
64 453
64 470
64 647
65 77
65 239
65 288
65 518
65 670
65 834
65 971
66 544
66 554
66 615
66 627
66 653
66 677
66 713
67 169
67 283
67 405
67 432
67 853
67 941
68 735
68 741
68 847
68 879
68 882
68 903
69 478
69 743
69 745
69 801
69 948
70 113
70 155
70 506
70 626
70 760
71 204
71 233
71 460
71 744
71 808
72 160
72 514
72 590
72 654
72 767
72 826
72 875
73 199
73 252
73 423
73 926
73 943
74 124
74 269
74 430
74 883
74 889
74 955
75 301
75 335
75 418
75 461
75 991
75 995
76 515
76 862
76 868
76 880
76 983
77 260
77 288
77 581
77 883
77 889
77 934
77 971
77 992
78 130
78 216
78 446
78 459
78 588
78 907
79 273
79 345
79 460
79 849
80 310
80 314
80 594
80 610
80 648
80 865
81 187
81 365
81 516
81 526
81 622
82 141
82 496
82 682
82 723
82 836
83 118
83 173
83 224
83 589
83 998
84 121
84 395
84 483
84 512
84 899
85 304
85 482
85 740
85 759
85 803
85 856
86 116
86 354
86 940
87 94
87 284
87 340
87 488
87 823
88 97
88 687
88 817
88 965
89 145
89 333
89 361
89 583
89 695
89 727
89 736
89 763
90 131
90 359
90 691
90 742
90 975
91 137
91 204
91 259
91 260
91 487
91 808
92 211
92 761
92 872
92 991
92 995
93 151
93 378
93 435
93 683
93 753
93 791
93 902
93 923
94 192
94 340
94 823
94 946
95 98
95 129
95 348
95 362
95 386
95 601
96 248
96 305
96 328
96 331
96 577
96 754
97 146
97 183
97 817
97 900
97 965
98 348
98 386
98 941
98 963
99 103
99 640
99 728
99 884
100 219
100 375
100 401
100 567
100 938
100 949
101 115
101 184
101 237
101 356
101 705
101 978
102 269
102 612
102 644
102 831
102 964
103 412
103 420
103 728
104 182
104 206
104 377
104 978
105 534
105 683
105 829
105 923
106 552
106 663
106 672
106 994
107 128
107 351
107 504
107 589
107 725
107 980
108 178
108 481
108 748
108 928
108 964
109 123
109 174
109 398
109 486
109 707
109 859
109 924
110 200
110 238
110 330
110 341
110 383
110 519
110 948
111 214
111 361
111 475
111 500
111 582
111 710
111 727
112 162
112 292
112 299
112 307
112 475
112 533
112 620
113 428
113 506
113 525
113 606
113 760
113 822
114 190
114 226
114 229
114 243
114 579
114 919
114 922
114 990
115 237
115 705
115 802
115 867
116 520
116 789
116 940
117 312
117 395
117 483
117 752
117 881
118 173
118 325
118 413
118 495
118 998
119 240
119 685
119 807
119 916
119 983
120 377
120 750
120 780
120 911
120 967
121 483
121 738
121 881
122 265
122 454
122 921
122 959
122 988
123 155
123 319
123 398
123 924
124 178
124 269
124 430
124 532
124 964
125 135
125 223
125 467
125 652
126 176
126 330
126 444
126 474
126 601
126 655
126 887
127 394
127 504
127 545
127 725
127 832
128 589
128 725
128 765
129 362
129 444
129 540
129 601
129 961
130 164
130 459
130 631
130 907
131 266
131 334
131 457
131 681
131 691
131 742
131 769
132 209
132 374
132 575
132 617
132 811
133 202
133 371
133 554
133 665
133 756
133 893
134 136
134 217
134 293
134 347
134 654
134 767
134 819
135 150
135 467
135 570
135 652
135 833
136 293
136 347
136 359
136 691
136 762
137 259
137 260
137 624
138 217
138 263
138 327
138 542
138 645
139 308
139 597
139 605
139 824
139 849
140 175
140 488
140 801
140 823
140 948
141 682
141 807
141 858
142 284
142 337
142 340
142 508
142 573
142 976
142 979
143 158
143 476
143 495
143 908
143 970
144 393
144 422
144 529
144 602
144 890
144 981
144 982
145 231
145 349
145 583
145 587
145 736
146 183
146 336
146 697
146 726
146 900
147 188
147 288
147 616
147 624
147 812
147 992
148 313
148 428
148 503
148 731
148 822
149 638
149 644
149 889
149 891
149 955
150 173
150 224
150 325
150 570
150 652
150 894
151 379
151 505
151 614
151 791
151 902
152 196
152 470
152 697
152 714
153 205
153 213
153 306
153 337
153 709
153 860
153 901
153 976
154 179
154 236
154 617
154 775
154 811
155 319
155 398
155 626
155 632
155 699
156 315
156 502
156 531
156 789
157 280
157 410
157 510
157 673
157 694
158 286
158 413
158 495
158 908
159 293
159 385
159 691
159 769
159 843
160 216
160 576
160 826
160 875
161 186
161 326
161 459
161 717
161 722
161 794
162 307
162 533
162 610
162 996
163 185
163 261
163 517
163 556
163 561
164 326
164 557
164 631
165 189
165 716
165 761
165 816
165 876
166 246
166 683
166 791
166 820
167 176
167 297
167 638
167 715
167 778
167 946
168 275
168 363
168 375
168 870
168 930
168 949
168 974
169 283
169 432
169 455
169 825
170 358
170 390
170 458
170 501
170 812
171 203
171 385
171 490
171 515
171 542
171 871
172 240
172 586
172 682
172 759
172 916
173 224
173 325
174 486
174 707
174 824
175 238
175 519
175 823
175 897
175 948
176 474
176 655
176 778
176 897
176 946
177 289
177 416
177 628
177 784
178 532
178 748
178 964
179 553
179 775
179 811
179 966
180 223
180 265
180 278
180 381
180 476
180 511
181 272
181 292
181 500
181 718
181 993
182 206
182 338
182 342
182 641
182 918
183 726
183 783
183 817
184 356
184 536
184 825
184 835
185 261
185 299
185 310
185 314
185 366
185 561
186 323
186 717
186 794
186 937
186 984
187 524
187 526
187 622
188 317
188 443
188 616
188 812
189 211
189 436
189 761
189 876
190 243
190 438
190 494
190 919
191 657
191 671
191 755
191 782
191 811
192 297
192 340
192 508
192 715
192 946
193 569
193 578
193 665
193 799
194 318
194 322
194 797
194 878
195 354
195 489
195 502
195 516
195 550
196 470
196 555
196 607
196 647
196 714
197 441
197 642
197 774
197 877
198 228
198 434
198 541
198 661
198 997
199 258
199 423
199 584
199 837
199 943
200 282
200 330
200 383
200 953
201 228
201 541
201 664
201 921
202 554
202 677
203 271
203 391
203 515
203 843
204 233
204 259
204 808
205 306
205 611
205 755
205 782
205 860
206 377
206 780
206 918
206 931
207 244
207 359
207 563
207 762
207 809
207 975
208 279
208 397
208 481
208 850
209 374
209 779
209 927
210 684
210 733
210 977
211 436
211 761
211 872
212 439
212 492
212 537
212 634
212 904
213 337
213 508
213 715
213 901
214 582
214 639
214 710
214 890
215 419
215 595
215 779
215 863
215 926
215 927
216 576
216 588
216 875
216 888
216 907
217 293
217 542
217 645
217 813
217 819
217 871
217 917
218 259
218 317
218 400
218 442
218 543
218 616
218 906
219 560
219 596
219 704
219 886
219 938
219 949
220 311
220 512
220 674
220 726
220 747
220 783
220 950
221 257
221 301
221 335
221 471
221 585
221 970
222 346
222 499
222 546
222 746
222 851
223 467
223 476
223 511
223 652
223 951
224 351
224 589
224 894
225 302
225 440
225 635
225 690
226 275
226 719
226 922
226 990
227 388
227 442
227 501
227 513
227 560
227 693
228 541
228 664
228 686
228 997
229 242
229 300
229 344
229 392
229 477
229 579
229 990
230 382
230 425
230 766
230 804
230 885
231 582
231 587
231 656
231 736
232 291
232 386
232 832
232 853
232 941
233 259
233 460
233 543
233 864
234 796
234 830
234 925
234 944
234 947
235 246
235 437
235 805
236 575
236 617
236 734
236 775
237 867
237 978
238 330
238 474
238 519
238 897
239 451
239 518
239 663
239 672
239 834
240 682
240 807
240 916
241 290
241 305
241 420
241 466
241 675
241 754
241 773
241 977
242 300
242 392
242 866
242 951
242 988
243 281
243 494
243 922
244 563
244 590
244 809
244 975
245 258
245 417
245 571
245 584
245 600
246 360
246 683
246 805
247 283
247 383
247 405
247 569
247 799
247 953
248 328
248 331
248 472
248 785
248 830
248 905
249 294
249 409
249 846
249 879
250 270
250 433
250 580
250 628
250 749
250 758
251 267
251 309
251 316
251 419
251 527
251 528
252 423
252 671
252 926
252 927
252 932
253 292
253 389
253 533
253 815
253 993
254 456
254 498
254 630
254 649
254 668
254 724
254 954
255 401
255 484
255 567
255 593
255 700
255 838
255 929
256 503
256 603
256 630
256 760
256 954
257 381
257 476
257 585
257 970
258 584
258 600
258 943
258 957
259 543
259 616
259 624
260 487
260 624
260 883
260 934
261 314
261 320
261 517
261 621
261 841
262 332
262 491
262 496
262 521
262 621
262 646
262 757
262 841
262 960
263 327
263 490
263 542
263 904
264 393
264 422
264 639
264 656
264 933
265 278
265 585
265 959
266 271
266 499
266 681
266 729
266 769
266 843
266 896
267 615
267 711
267 798
267 968
268 289
268 370
268 424
268 784
268 857
269 644
269 955
269 964
270 424
270 580
270 628
271 391
271 522
271 843
271 896
272 429
272 500
272 676
272 718
273 304
273 460
273 803
273 848
273 849
273 864
273 986
274 291
274 394
274 469
274 545
274 549
274 552
275 375
275 484
275 592
275 700
275 719
275 974
275 990
276 522
276 729
276 746
276 768
277 319
277 326
277 463
277 699
277 722
277 924
278 381
278 585
279 384
279 397
279 481
279 604
279 696
279 852
280 641
280 673
280 918
281 372
281 494
281 792
281 922
281 985
282 330
282 348
282 405
282 887
282 953
282 963
283 296
283 405
283 455
283 569
284 340
284 350
284 488
284 573
285 329
285 352
285 491
285 662
285 935
286 413
286 613
286 802
286 908
287 294
287 373
287 846
287 847
287 869
288 518
288 539
288 812
288 992
289 424
289 628
289 784
290 420
290 546
290 675
290 684
291 386
291 469
291 545
291 832
292 475
292 500
292 533
292 993
293 385
293 691
293 813
294 373
294 525
294 846
295 371
295 431
295 468
295 692
296 342
296 455
296 536
296 569
296 692
297 715
297 946
298 557
298 626
298 630
298 699
298 724
298 760
298 999
299 307
299 310
299 366
299 620
300 344
300 988
301 335
301 471
301 872
301 995
302 440
302 452
302 663
302 669
302 690
302 994
303 344
303 454
303 805
304 482
304 803
304 986
305 577
305 720
305 754
305 773
306 755
306 976
306 979
307 310
307 610
308 605
308 849
309 316
309 528
309 600
309 957
310 314
310 610
311 580
311 747
311 783
311 857
311 903
312 453
312 470
312 881
313 409
313 428
313 525
313 741
314 320
314 480
314 865
315 433
315 531
315 564
315 618
315 749
315 789
316 527
316 591
316 600
317 443
317 616
317 906
318 376
318 840
318 878
319 699
319 924
320 480
320 621
320 935
321 339
321 489
321 553
321 622
321 775
322 549
322 797
322 994
323 355
323 537
323 842
323 937
323 984
324 327
324 537
324 794
324 984
325 476
325 495
325 652
326 463
326 557
326 722
327 446
327 537
327 645
327 794
327 904
328 754
328 830
328 944
329 352
329 491
329 496
329 625
329 836
330 474
330 887
331 529
331 577
331 905
332 426
332 521
332 757
332 796
332 873
333 404
333 472
333 517
333 583
333 637
333 695
333 814
334 457
334 703
334 742
334 764
335 461
335 970
335 972
336 697
336 726
336 752
336 950
337 508
337 976
338 342
338 431
338 641
338 667
338 692
339 524
339 547
339 622
339 775
340 508
341 383
341 578
341 745
341 893
341 948
342 536
342 692
343 384
343 604
343 650
343 788
343 900
343 928
343 965
344 579
345 449
345 453
345 460
346 457
346 499
346 538
346 546
346 681
346 706
347 563
347 654
347 762
348 601
348 887
348 963
349 529
349 583
349 587
349 637
349 708
349 905
350 488
350 573
350 584
350 801
350 837
351 589
351 894
351 980
352 427
352 625
352 662
352 844
353 379
353 425
353 609
353 791
353 936
354 489
354 502
354 553
354 845
355 537
355 634
355 842
356 535
356 705
356 793
356 835
357 426
357 466
357 739
357 768
357 821
357 925
357 977
358 443
358 501
358 513
358 812
359 691
359 762
359 975
360 438
360 683
360 805
361 475
361 727
361 763
361 962
362 386
362 469
363 596
363 662
363 730
363 930
363 949
364 430
364 487
364 555
364 607
364 744
364 808
365 516
365 526
365 568
365 732
366 561
366 620
366 854
367 402
367 612
367 709
367 831
367 850
367 860
368 602
368 839
368 981
368 982
369 715
369 831
369 901
370 660
370 784
370 857
370 914
371 415
371 431
371 468
371 554
371 751
371 756
372 494
372 829
372 985
373 506
373 525
373 869
373 939
374 380
374 523
374 575
374 779
375 484
375 567
375 949
376 504
376 777
376 840
376 969
377 780
378 666
378 753
378 815
378 902
379 505
379 609
379 791
380 523
380 623
380 779
380 863
381 476
381 585
382 434
382 507
382 659
382 712
382 766
383 578
383 799
383 953
384 481
384 604
384 928
385 813
385 871
386 469
386 941
387 412
387 420
387 538
387 565
387 884
388 407
388 442
388 560
388 679
389 666
389 718
389 815
389 877
389 993
390 458
390 539
390 635
390 690
390 770
390 812
391 479
391 515
391 522
391 685
391 868
392 477
392 866
393 422
393 529
393 656
393 708
394 545
394 549
395 483
395 512
395 752
395 950
396 651
396 688
396 847
396 869
396 882
396 913
397 402
397 850
397 852
397 912
398 632
398 859
399 400
399 408
399 442
399 678
399 790
400 408
400 442
400 543
400 848
401 567
401 770
401 838
401 938
402 611
402 636
402 850
402 860
402 912
403 509
403 530
403 701
403 777
404 517
404 521
404 873
405 941
405 953
405 963
406 666
406 774
406 952
407 442
407 679
407 771
407 776
407 786
408 790
408 848
408 986
409 741
409 879
410 510
410 680
410 694
410 945
410 989
411 586
411 678
411 682
411 771
411 776
412 420
413 465
413 495
413 802
413 998
414 712
414 716
414 761
414 816
414 885
414 915
415 448
415 554
415 751
415 958
416 493
416 784
417 478
417 571
417 584
417 743
418 461
418 991
419 528
419 595
419 863
420 538
420 546
420 728
420 773
421 448
421 510
421 562
421 751
421 772
421 942
421 973
422 890
422 933
423 837
423 909
423 932
424 580
424 628
424 857
425 609
425 766
425 804
425 936
426 739
426 757
426 796
426 925
427 625
427 723
427 786
427 836
427 844
428 525
428 822
429 462
429 500
429 676
429 710
430 487
431 667
431 692
431 751
432 497
432 765
432 825
432 835
432 853
433 558
433 749
433 758
433 789
434 507
434 661
434 712
434 915
434 997
435 534
435 753
435 923
436 566
436 686
436 872
436 876
437 507
437 661
437 820
438 494
438 683
439 492
439 634
439 740
439 862
440 635
440 669
440 770
440 838
441 676
441 718
441 877
442 678
442 693
442 771
442 906
443 513
443 693
443 812
443 906
444 540
444 601
444 655
445 512
445 651
445 674
445 899
445 913
446 459
446 588
446 645
446 794
447 464
447 548
447 559
447 689
448 562
448 627
448 751
448 958
449 460
449 647
449 744
450 597
450 707
450 717
450 892
450 937
451 518
451 539
451 663
451 690
452 669
452 797
452 878
452 994
453 486
453 824
453 881
454 921
454 988
455 536
455 825
456 498
456 503
456 668
456 810
457 681
457 706
457 764
458 501
458 770
458 886
458 938
459 794
460 744
460 864
461 956
461 972
461 991
462 676
462 710
462 890
463 557
463 699
463 999
464 548
464 874
464 895
465 535
465 802
465 998
466 754
466 925
466 944
466 977
467 833
467 866
467 951
468 692
468 756
469 552
469 672
470 647
471 566
471 585
471 658
471 872
472 637
472 785
472 905
473 558
473 580
473 687
473 783
473 817
474 897
475 500
475 620
475 962
476 495
476 652
476 970
477 509
477 592
477 990
478 584
478 743
479 522
479 643
479 685
479 698
479 821
480 865
480 930
480 935
481 928
482 586
482 759
482 790
482 986
483 881
484 567
484 700
485 706
485 764
485 827
485 884
486 572
486 738
486 824
486 859
486 881
487 808
488 801
488 823
489 516
489 553
489 622
490 492
490 515
490 542
490 880
490 904
491 496
491 935
491 960
492 862
492 880
492 904
493 568
493 828
493 910
496 646
496 836
497 589
497 765
497 793
497 835
497 998
498 649
498 795
498 800
498 810
498 888
499 681
499 729
499 746
500 710
501 513
501 560
501 886
502 531
502 550
503 603
503 668
503 731
503 810
503 954
504 725
504 969
504 980
505 609
505 614
505 806
506 939
507 659
507 661
507 820
508 715
509 592
509 700
509 701
509 929
510 942
510 973
511 951
512 674
512 899
512 950
513 693
514 563
514 590
514 654
515 868
515 880
516 550
516 622
516 732
517 556
517 814
517 841
518 539
519 948
520 604
520 696
520 788
520 940
521 841
521 873
522 729
522 768
522 821
522 896
523 575
523 623
523 734
524 526
524 547
524 622
524 623
526 568
527 591
527 787
528 595
528 957
529 577
529 708
529 905
529 982
530 593
530 701
530 777
530 840
530 878
530 929
531 550
531 618
531 732
532 555
532 650
532 714
532 748
534 753
534 829
534 923
535 705
535 793
535 802
535 998
536 825
537 634
537 904
537 984
538 546
538 565
538 706
539 690
539 812
540 629
540 655
540 961
541 661
542 871
543 848
543 864
544 608
544 677
544 711
544 713
544 737
544 968
545 832
546 684
546 851
547 623
547 734
547 775
548 689
548 895
548 945
549 552
549 994
550 732
551 785
551 796
551 873
551 947
552 672
552 994
553 775
553 845
553 966
554 627
554 677
554 958
555 607
555 714
556 561
556 695
556 814
557 631
557 724
557 999
558 580
558 687
558 758
559 689
559 861
560 679
560 704
560 886
561 695
561 854
562 627
562 653
562 772
563 590
563 654
563 762
564 618
564 628
564 749
565 706
565 884
566 658
566 686
566 872
568 732
568 910
569 692
569 799
570 833
570 894
571 600
571 702
571 743
571 787
572 632
572 738
572 859
573 837
573 909
573 979
574 688
574 869
574 920
574 939
575 617
575 734
576 795
576 826
576 888
577 720
577 839
577 982
578 665
578 799
578 893
579 919
580 758
580 783
580 857
581 619
581 889
581 891
581 971
582 639
582 656
582 727
582 736
583 637
584 837
585 658
585 959
586 678
586 682
586 759
586 790
587 656
587 708
588 645
588 875
588 917
589 765
589 998
590 810
590 826
591 600
591 787
592 700
592 990
593 669
593 838
593 878
593 929
594 610
594 648
594 985
594 996
595 926
595 957
596 704
596 730
596 844
596 949
597 605
597 937
598 602
598 640
598 720
598 839
599 721
599 855
599 908
600 787
600 957
601 887
602 640
602 839
602 981
603 606
603 731
603 760
604 696
604 788
605 842
605 937
606 731
606 760
606 822
607 647
607 744
608 702
608 737
608 968
609 804
609 806
610 996
611 636
611 782
611 860
612 831
612 964
613 721
613 750
613 802
613 867
613 967
614 902
614 952
615 653
615 713
615 772
615 798
615 973
616 624
617 811
618 828
619 638
619 670
619 818
619 891
619 971
620 854
620 962
621 841
621 935
621 960
623 734
624 934
624 992
625 836
626 699
626 760
627 653
627 958
628 749
629 670
629 834
629 961
630 724
630 760
630 954
631 649
631 724
631 888
631 907
632 859
633 696
633 852
633 940
635 690
635 770
636 845
636 912
637 905
638 778
638 818
638 891
639 656
639 890
639 933
640 720
640 728
640 884
641 667
641 898
641 918
642 774
642 804
642 806
642 952
643 685
643 698
643 858
644 955
645 917
646 757
646 858
646 987
647 744
648 792
648 865
648 870
648 974
648 985
649 724
649 888
650 714
650 748
650 900
650 928
651 688
651 899
651 913
651 920
653 772
654 767
655 778
655 818
656 708
657 671
657 755
657 909
657 932
657 979
658 664
658 686
658 781
658 959
659 766
659 791
659 820
659 936
660 735
660 857
660 903
662 730
662 844
662 930
663 672
663 690
663 994
664 686
664 781
664 921
665 756
665 893
666 774
666 815
666 877
667 751
667 898
668 954
669 838
669 878
670 834
670 971
671 927
671 932
673 694
673 918
673 931
674 747
674 882
674 903
674 913
675 684
675 977
676 718
676 890
677 737
678 771
678 790
679 786
680 780
680 911
680 945
680 989
682 723
682 776
682 807
683 791
683 923
684 733
684 851
684 977
685 868
685 983
686 876
686 997
687 817
688 869
688 920
689 861
689 945
689 956
691 769
693 906
694 931
694 989
695 763
695 814
695 854
696 852
696 940
697 714
697 752
697 900
698 739
698 821
698 858
698 987
699 999
700 929
701 929
702 787
702 968
703 742
703 764
703 827
703 975
704 844
705 802
706 764
706 884
707 824
707 892
707 924
709 831
709 860
709 901
710 890
711 713
711 798
711 968
712 915
713 798
714 900
715 901
716 761
716 816
717 722
717 892
717 937
718 877
718 993
719 792
719 922
719 974
720 728
720 773
720 839
721 750
721 855
722 892
722 924
723 776
723 786
723 836
725 765
725 832
726 783
726 950
727 736
728 773
729 746
729 896
730 844
731 822
733 746
733 851
734 775
735 741
735 903
737 745
738 881
739 757
739 821
739 987
740 803
740 856
740 862
741 784
741 879
741 914
742 975
743 745
744 808
745 893
745 948
746 851
747 903
748 928
750 874
750 895
750 911
750 967
751 898
751 942
752 950
753 815
754 944
755 782
755 979
757 987
759 856
759 916
761 885
763 854
763 962
764 827
765 832
765 853
766 936
767 819
767 875
767 917
768 821
769 843
770 838
770 938
771 776
772 973
774 877
774 952
776 786
777 840
777 969
778 818
779 927
780 911
780 931
780 989
781 921
781 959
782 811
782 966
783 817
784 914
785 830
785 947
788 965
790 986
791 820
791 936
792 922
792 974
792 985
793 835
793 998
794 984
795 800
795 826
795 888
796 873
796 925
796 947
797 878
797 994
800 810
800 826
801 948
802 867
803 849
804 806
804 885
809 975
810 826
811 966
813 871
816 876
816 915
816 997
819 917
823 897
823 946
825 835
827 884
827 975
828 910
830 944
830 947
831 901
832 853
833 866
833 894
833 969
837 909
839 982
840 878
842 937
845 912
846 847
846 879
847 869
847 879
847 882
848 864
848 986
852 912
853 941
854 962
856 862
856 916
856 983
857 903
858 987
861 956
861 972
862 880
862 983
865 870
865 930
866 951
867 967
868 983
869 939
870 930
870 974
872 995
874 895
875 917
876 997
882 903
882 913
883 889
884 975
886 938
888 907
889 891
889 955
890 933
892 924
894 969
894 980
895 911
895 945
897 946
898 942
899 920
900 965
902 952
909 932
909 979
911 945
915 997
916 983
918 931
921 959
925 944
926 927
926 943
926 957
931 989
934 992
935 960
941 963
943 957
951 988
956 972
969 980
970 972
976 979
981 982
991 995
306 633
861 836
58 336
303 220
641 205
599 133
794 316
337 948
437 845
284 717
535 170
707 63
389 447
366 438
226 689
188 330
384 921
408 107
178 135
442 293
825 143
255 780
54 555
330 539
595 783
208 883
583 339
514 245
330 762
133 437
746 520
877 458
544 631
330 654
534 698
639 660
695 648
415 383
201 257
647 52
651 172
888 299
295 831
727 508
413 796
825 323
766 431
494 144
678 320
639 813
562 376
212 206
358 40
822 633
756 736
99 473
83 629
716 425
99 559
248 797
849 323
376 801
58 595
908 237
689 368
449 448
133 218
229 430
838 206
272 243
878 355
631 409
969 569
328 122
525 363
78 711
754 614
510 414
884 503
688 422
464 778
586 26
616 650
211 548
755 308
692 542
591 151
347 249
644 224
585 877
911 686
579 407
83 770
368 874
371 262
339 405
728 845
656 246
307 406
821 872
471 627
137 483
482 287
837 847
106 444
366 836
384 500
262 536
551 270
789 391
277 325
545 933
499 861
903 309
354 727
130 505
616 171
711 331
185 584
683 620
72 470
757 323
232 725
828 391
568 329
230 627
347 353
301 516
253 518
357 401
892 477
867 704
414 75
182 286
914 602
233 609
915 642
559 429
852 564
741 447
308 273
647 644
380 214
132 608
695 953
623 893
670 259
517 470
956 300
466 333
228 593
335 895
664 335
423 213
460 79
849 370
615 122
35 357
131 591
848 644
954 536
861 458
473 836
546 803
890 442
148 827
317 835
405 301
464 692
210 427
503 563
819 614
672 589
215 578
775 398
309 298
388 328
737 82
560 295
471 100
205 672
482 960
100 399
688 241
156 438
527 818
819 484
559 19
531 490
124 802
361 753
423 140
391 260
218 341
353 550
581 84
652 347
393 988
225 816
312 142
272 348
222 784
176 263
804 640
616 415
438 190
79 420
947 657
529 228
392 73
764 765
106 788
780 545
423 246
584 949
314 72
914 522
878 571
582 503
504 622
754 235
129 685
810 739
220 641
226 560
433 542
371 712
551 565
214 797
321 694
222 904
613 907
291 457
622 435
697 786
291 806
464 64
119 491
307 324
407 464
671 607
761 804
293 681
380 750
972 636
266 155
312 803
244 374
687 835
885 230
696 139
227 91
362 107
457 897
958 432
390 638
959 385
159 671
293 138
582 456
543 412
545 776
606 723
832 561
641 951
201 707
814 692
139 160
771 119
514 314
714 134
796 671
490 977
674 485
338 490
413 693
766 714
858 414
186 698
553 222
62 367
394 759
290 373
202 392
362 221
566 689
120 555
858 258
483 478
757 106
801 798
313 464
498 895
885 622
884 252
150 338
159 389
397 284
919 401
506 831
292 698
107 705
406 535
273 751
680 518
756 842
419 189
491 830
727 469
270 98
488 798
738 209
703 349
933 260
525 760
636 113
235 104
550 493
350 570
841 400
538 747
519 70
356 528
804 497
826 520
192 599
874 432
834 543
716 823
596 678
310 350
711 866
655 753
618 829
902 721
91 693
686 288
405 215
122 364
526 34
373 240
258 309
141 383
599 241
307 729
689 403
828 735
928 617
315 385
659 896
320 223
253 559
570 671
295 914
563 104
771 512
158 480
718 755
518 547
926 659
325 791
552 896
342 430
497 681
608 364
610 32
528 835
486 244
733 920
448 275
792 131
148 317
388 782
879 279
402 60
456 650
324 580
90 445
393 905
317 906
386 14
176 676
239 871
255 339
571 244
850 627
325 431
845 816
558 579
442 936
469 551
745 651
310 672
661 933
326 506
721 305
828 264
538 212
816 363
609 541
600 517
437 611
502 208
337 635
620 807
251 395
383 944
574 588
623 520
888 205
11 406
611 582
839 831
156 562
184 859
125 290
734 64
256 174
57 710
281 55
811 812
80 278
668 960
352 128
732 131
271 922
681 739
583 636
930 275
535 971
568 353
128 337
212 446
663 140
234 843
385 858
147 784
274 820
351 784
756 543
428 560
430 992
590 538
529 521
356 372
784 263
870 522
34 596
109 274
673 392
799 437
438 484
389 545
708 366
251 733
183 409
985 434
874 749
489 578
873 490
663 423
48 695
539 992
878 414
34 557
162 544
737 791
261 630
164 330
352 452
685 353
149 721
658 831
683 201
339 332
533 898
166 630
335 680
269 206
727 674
514 721
549 241
662 552
741 327
414 654
902 782
763 361
576 386
327 240
556 85
808 591
583 704
785 565
688 38
373 781
169 602
617 682
195 483
967 459
811 722
527 949
514 574
596 98
987 393
286 534
330 918
873 310
260 854
404 246
356 661
51 288
225 666
758 259
536 550
959 607
778 617
584 67
586 799
441 468
292 313
606 194
623 768
752 701
414 28
531 8
914 275
593 12
208 113
275 79
696 904
361 613
618 84
601 313
480 885
404 835
164 507
160 406
792 526
846 799
459 501
371 382
232 801
839 590
626 463
168 191
319 490
811 783
506 19
20 587
342 512
601 81
655 796
366 490
517 120
156 266
613 342
563 819
900 429
665 178
50 617
528 603
549 827
93 254
958 624
663 93
862 795
162 763
439 629
640 23
211 365
252 594
239 174
792 340
358 197
837 300
428 38
953 520
724 876
236 319
326 729
702 182
471 383
591 927
630 868
295 197
169 706
664 573
631 908
899 531
238 536
977 602
232 126
366 675
388 599
445 795
300 84
505 655
778 451
763 905
86 580
252 137
340 383
756 921
967 353
579 213
750 475
948 338
643 369
198 197
299 930
473 812
476 189
493 267
105 534
350 915
95 208
556 476
443 80
654 77
445 372
517 850
573 748
545 38
482 8
542 446
585 665
871 369
114 247
721 118
409 415
939 404
918 452
828 343
569 185
768 530
449 556
499 172
647 859
443 331
619 961
799 893
74 356
337 965
710 666
489 311
876 552
634 684
667 378
453 745
943 455
608 280
806 274
205 616
102 237
939 600
379 360
640 925
409 147
185 757
258 872
793 166
246 828
522 679
400 504
199 782
199 313
423 933
101 345
974 418
409 565
442 411
389 130
388 477
49 388
779 235
774 794
497 995
171 246
616 565
553 598
11 446
843 720
621 615
332 830
780 778
715 647
178 789
667 201
817 286
24 623
444 515
898 644
148 364
554 540
33 390
566 843
570 200
670 305
706 683
872 387
388 657
358 628
204 181
923 734
514 635
147 499
871 782
786 414
653 913
465 238
550 969
149 183
219 866
136 199
636 317
426 261
167 842
823 444
449 983
408 715
770 873
83 560
853 442
602 633
920 433
284 510
694 262
571 908
786 869
788 706
509 671
961 322
615 56
778 754
464 34
810 173
590 897
198 227
768 340
700 715
715 526
866 170
906 706
253 203
639 387
231 265
782 720
761 221
586 284
668 120
58 502
110 316
694 309
408 872
739 824
415 170
176 313
672 725
684 152
689 578
930 367
150 856
937 637
570 867
901 758
248 494
242 901
924 567
741 712
846 664
456 585
594 585
75 259
774 851
385 967
497 75
588 603
319 616
401 346
376 61
51 443
200 762
443 147
700 230
783 98
674 812
578 619
211 140
602 217
636 161
645 553
320 880
411 751
180 490
848 507
968 493
666 775
372 539
133 184
233 339
981 467
297 249
126 532
698 513
296 946
297 790
314 942
665 622
600 387
967 662
991 448
445 101
507 517
867 613
578 824
428 891
178 830
666 227
415 365
909 575
279 846
725 709
945 319
340 276
752 417
184 432
976 532
918 758
668 42
392 812
699 807
465 276
285 494
267 611
428 426
193 453
601 651
335 179
424 596
734 905
345 586
582 770
771 490
829 653
543 648
517 150
861 242
840 228
634 509
708 468
511 223
796 749
552 188
262 479
556 858
66 565
704 579
768 153
679 681
799 356
472 210
63 635
736 582
326 37
645 465
496 733
274 639
107 504
746 635
843 268
476 711
845 605
131 748
638 789
35 525
930 551
166 805
412 984
378 575
864 218
774 600
746 342
819 247
526 392
885 819
206 901
514 596
312 365
949 493
490 366
555 992
461 348
818 426
210 291
258 579
17 500
794 690
333 309
81 332
783 279
630 275
452 248
364 909
792 197
802 567
667 873
551 520
910 498
112 593
371 158
654 30
18 468
519 176
807 257
812 128
198 840
690 599
899 558
73 392
342 746
815 302
218 762
390 738
372 850
829 412
698 769
316 95
373 89
573 259
374 625
492 705
37 415
374 138
639 966
525 427
549 718
263 900
789 472
482 607
857 306
582 174
278 433
65 308
311 113
723 800
2 475
370 283
674 794
278 293
483 655
708 280
254 671
360 940
269 363
956 410
502 333
36 662
291 107
125 272
211 731
581 726
388 429
550 873
285 404
533 294
623 235
472 127
90 498
171 175
294 584
115 661
466 398
67 657
60 263
441 707
963 686
399 199
750 775
115 472
389 178
273 559
726 936
709 914
712 602
818 507
410 767
647 526
677 704
269 696
22 417
361 690
66 738
523 447
457 949
371 523
97 731
459 827
208 820
192 541
895 408
