1000 2958 10
44 77 54 78 94 21 70 50 93 18 92 99 83 22 69 39 82 30 63 73 55 31 9 100 62 82 45 95 68 37 97 98 31 43 58 80 37 56 30 41 50 70 48 48 77 46 12 43 8 71 2 56 51 90 44 83 15 33 1 62 71 98 46 96 10 77 70 48 81 47 68 76 67 60 39 30 81 96 39 1 49 90 44 50 83 96 98 66 11 6 16 83 26 24 53 18 4 35 73 11 47 74 15 67 4 2 75 51 66 87 8 35 92 33 97 45 4 8 85 16 60 39 88 20 63 89 76 25 94 92 60 66 58 68 15 37 79 15 85 57 10 28 78 80 23 34 67 48 33 45 82 73 91 62 95 76 14 79 96 16 15 5 82 49 74 7 87 33 75 47 2 60 18 39 33 41 11 2 21 30 83 79 25 12 37 6 67 58 98 77 83 67 94 89 21 100 52 41 41 38 99 82 80 13 43 70 52 23 49 5 93 29 66 86 27 8 35 20 69 57 30 59 85 20 9 61 100 52 30 77 76 59 42 39 79 98 80 35 66 31 8 39 54 58 17 22 25 100 35 23 87 33 53 1 85 70 19 50 84 99 79 41 10 88 54 23 29 99 42 1 51 6 74 91 3 9 59 33 19 26 3 35 43 12 17 37 47 81 89 31 66 54 56 87 36 94 11 55 79 96 35 58 86 51 3 46 46 29 10 49 72 9 69 23 23 97 25 84 7 30 39 86 48 4 37 49 22 33 46 99 63 82 84 55 83 72 46 93 6 58 89 19 47 59 78 70 98 86 98 11 11 39 63 77 100 50 20 99 20 22 38 9 7 35 56 23 10 92 9 37 99 49 61 94 4 31 59 64 9 20 69 58 71 50 24 36 56 74 99 88 49 40 27 37 100 51 14 5 74 4 45 80 56 91 92 63 75 67 20 60 67 43 96 77 53 80 66 3 83 34 54 16 60 97 26 88 78 34 71 33 89 63 97 12 90 52 88 81 4 8 77 35 77 6 87 68 9 52 89 4 90 64 25 3 93 28 95 35 76 33 15 64 19 12 15 85 40 4 53 23 88 16 76 100 14 35 70 57 86 87 94 10 90 57 33 99 99 89 84 75 78 39 79 58 62 31 68 27 27 2 2 3 98 73 16 87 39 51 50 55 81 2 17 74 40 7 88 59 56 86 86 36 32 18 83 68 74 34 95 93 21 67 88 30 58 81 35 61 28 43 4 45 1 66 76 54 28 28 94 62 51 89 87 93 77 66 17 70 88 50 4 74 4 93 20 98 28 18 56 55 98 34 52 21 6 1 46 19 85 97 68 36 19 80 85 75 14 64 78 43 8 74 30 84 82 69 77 77 72 52 86 22 27 68 5 73 97 56 21 94 31 10 50 33 74 62 33 70 99 10 96 10 95 54 64 52 13 8 19 22 53 55 22 37 29 43 53 43 73 42 75 29 96 71 15 97 2 75 25 19 50 78 45 22 94 56 68 6 8 99 3 64 91 95 21 81 66 2 63 81 54 18 61 25 16 86 89 76 18 63 6 70 25 77 49 17 91 45 79 64 96 6 54 52 17 38 34 58 81 83 31 26 5 96 8 30 88 37 85 44 83 22 30 48 40 83 7 95 81 94 23 54 8 2 33 38 72 94 74 24 76 66 72 33 74 26 28 37 19 18 28 78 75 11 3 34 46 31 78 16 21 32 20 35 11 74 37 34 35 13 65 58 3 95 59 87 22 42 24 38 45 83 90 69 71 40 2 93 45 42 83 20 34 13 21 2 2 97 73 1 96 11 8 60 50 40 97 32 63 63 25 59 73 82 74 11 43 84 42 68 88 1 92 9 6 81 47 35 76 38 5 37 76 1 3 97 6 27 31 60 20 15 22 83 33 96 80 100 55 87 50 64 94 84 93 17 71 68 82 71 16 9 28 38 35 87 4 71 97 40 46 71 41 13 3 98 60 17 33 69 86 78 56 73 25 89 42 24 30 38 62 5 86 59 72 49 42 82 23 28 41 22 35 96 51 88 30 35 81 46 2 86 67 41 52 42 100 84 35 45 43 12 29 43 100 5 92 82 44 65 36 41 49 87 98 48 75 54 30 93 64 71 89 72 63 80 45 43 40 29 73 30 94 64 40 8 56 8 28 62 25 14 52 61 42 51 17 49 30 10 5 84 44 45 99 76 91 21 88 26 97 7 69 61 88 54 78 60 15 24 97 55 75 94 9 18 76 22 74 88 68 98 40 10 31 90 22 8 95 62
0 310
0 423
0 609
0 690
0 751
0 949
1 19
1 217
1 288
1 331
1 630
1 756
1 930
2 27
2 53
2 265
2 306
2 540
2 643
3 9
3 374
3 446
3 471
3 823
3 884
4 134
4 146
4 236
4 347
4 741
4 780
5 75
5 87
5 284
5 661
5 937
6 175
6 276
6 335
6 351
6 615
6 927
6 940
6 980
7 279
7 413
7 566
7 710
7 716
7 719
7 822
8 101
8 263
8 372
8 376
8 469
8 703
9 127
9 223
9 323
9 325
9 374
9 471
9 569
10 202
10 233
10 304
10 687
10 841
10 889
11 328
11 400
11 430
11 463
11 613
11 621
12 307
12 414
12 792
12 829
12 856
13 283
13 301
13 436
13 479
13 705
13 961
14 281
14 642
14 721
14 913
14 956
14 982
15 474
15 479
15 485
15 517
15 583
15 705
16 44
16 220
16 241
16 712
16 731
17 56
17 181
17 338
17 680
17 740
17 787
18 614
18 670
18 691
18 727
18 941
19 69
19 149
19 288
19 331
19 810
20 126
20 328
20 463
20 753
21 131
21 284
21 468
21 558
21 598
21 864
22 207
22 210
22 367
22 596
23 269
23 494
23 515
23 688
23 856
23 876
23 879
24 114
24 441
24 467
24 492
24 674
24 964
25 151
25 525
25 648
25 692
25 891
25 982
26 121
26 128
26 129
26 247
26 564
26 848
27 265
27 391
27 509
27 540
27 904
28 71
28 106
28 117
28 417
28 516
28 545
28 665
29 405
29 422
29 465
29 670
29 920
29 995
30 143
30 225
30 640
30 936
31 124
31 275
31 433
31 612
31 647
31 800
32 169
32 339
32 616
32 875
33 462
33 598
33 661
33 777
33 873
33 937
34 306
34 382
34 643
34 645
34 774
34 839
35 161
35 445
35 456
35 699
35 723
35 931
36 40
36 54
36 893
36 905
37 72
37 126
37 195
37 261
37 672
37 950
38 60
38 500
38 694
38 728
38 922
39 478
39 520
39 560
39 681
39 759
39 779
39 829
40 54
40 150
40 175
40 905
40 980
41 103
41 318
41 515
41 879
41 958
42 78
42 85
42 500
42 881
42 910
43 80
43 119
43 200
43 522
43 550
44 220
44 463
44 489
44 731
45 399
45 436
45 604
45 628
45 976
46 61
46 557
46 795
46 925
46 986
47 204
47 270
47 346
47 506
47 519
47 636
47 815
48 159
48 343
48 368
48 381
48 417
48 538
48 603
48 722
49 186
49 194
49 404
49 487
49 726
49 754
50 197
50 370
50 434
50 493
50 526
50 794
50 900
51 396
51 484
51 611
51 618
51 640
51 793
51 842
52 73
52 191
52 513
52 572
52 981
53 199
53 265
53 643
53 774
53 812
54 175
54 642
54 893
54 956
55 122
55 282
55 362
55 561
55 565
56 481
56 578
56 740
56 787
57 411
57 489
57 530
57 753
57 837
58 462
58 486
58 508
58 580
58 599
58 873
58 946
58 977
59 67
59 288
59 426
59 756
59 989
60 85
60 154
60 203
60 500
60 713
60 922
61 189
61 481
61 557
61 787
61 795
62 297
62 733
62 748
62 782
62 838
63 402
63 607
63 746
63 954
64 308
64 316
64 457
64 483
64 553
64 853
64 882
65 158
65 318
65 377
65 472
65 529
65 588
65 972
66 111
66 156
66 348
66 679
66 715
66 737
66 771
67 114
67 255
67 426
67 989
68 321
68 470
68 632
68 669
68 881
69 163
69 288
69 314
69 451
69 807
69 810
70 146
70 299
70 448
70 549
70 968
71 98
71 106
71 516
71 619
71 701
72 126
72 411
72 672
72 753
72 962
73 191
73 272
73 453
73 572
73 575
73 606
74 267
74 595
74 727
74 755
74 791
75 284
75 501
75 508
75 661
75 813
76 135
76 204
76 519
76 771
76 885
77 215
77 478
77 658
77 696
78 500
78 667
78 728
78 827
78 910
79 254
79 447
79 581
79 919
79 932
80 200
80 234
80 522
80 682
81 83
81 99
81 248
81 312
81 491
81 785
82 167
82 358
82 435
82 549
82 583
82 845
82 968
83 176
83 248
83 388
83 418
83 536
83 785
83 929
84 398
84 735
84 739
84 802
84 975
85 247
85 470
85 500
85 713
85 881
86 232
86 528
86 592
86 764
86 799
86 813
87 284
87 598
87 937
88 182
88 333
88 369
88 903
89 180
89 439
89 511
89 587
89 648
89 743
89 803
90 322
90 580
90 599
90 626
90 820
90 899
90 938
91 143
91 443
91 584
91 677
91 842
91 866
91 916
92 176
92 204
92 418
92 885
92 896
93 398
93 458
93 525
93 721
93 796
93 975
93 982
94 156
94 176
94 348
94 771
94 885
95 228
95 294
95 315
95 378
95 403
95 760
96 162
96 291
96 422
96 487
96 754
96 995
97 233
97 576
97 585
97 687
97 827
97 906
98 106
98 307
98 354
98 414
98 701
99 218
99 312
99 386
99 491
99 649
100 168
100 253
100 702
100 768
100 817
100 909
101 372
101 469
101 477
101 733
101 945
102 130
102 198
102 586
102 683
102 857
102 870
103 318
103 375
103 384
103 515
103 588
103 633
104 188
104 261
104 430
104 498
104 613
104 786
105 275
105 420
105 647
105 789
105 830
105 923
105 935
106 414
106 545
107 194
107 604
107 628
107 641
107 707
107 726
108 131
108 412
108 948
109 190
109 240
109 330
109 443
109 464
109 484
109 544
109 618
110 193
110 234
110 465
110 682
110 871
110 920
111 156
111 593
111 737
111 921
112 273
112 365
112 559
112 704
112 918
112 924
113 210
113 574
113 620
113 684
113 814
113 909
113 979
114 255
114 467
114 492
114 989
114 994
115 155
115 250
115 287
115 305
115 899
115 938
116 172
116 349
116 402
116 650
116 877
116 954
117 125
117 350
117 381
117 417
117 665
117 991
118 351
118 509
118 540
118 717
118 927
119 522
119 550
119 818
119 944
119 990
120 157
120 166
120 214
120 299
120 741
120 968
121 128
121 199
121 564
121 860
122 282
122 565
122 725
122 761
122 788
123 243
123 285
123 293
123 523
123 537
123 729
124 151
124 196
124 612
124 692
124 800
124 802
125 166
125 214
125 340
125 350
125 805
125 991
126 328
126 613
126 753
126 786
126 950
127 223
127 323
127 562
127 846
128 129
128 656
128 811
128 860
129 734
129 798
129 811
129 848
130 197
130 586
130 683
130 794
131 412
131 468
131 598
131 948
132 585
132 667
132 773
132 827
132 836
133 394
133 434
133 770
133 794
133 880
133 965
134 166
134 401
134 424
134 741
134 780
135 289
135 327
135 519
135 655
135 679
135 771
136 251
136 379
136 488
136 502
136 610
136 685
136 934
137 292
137 359
137 390
137 445
137 780
138 259
138 623
138 669
138 892
138 906
139 189
139 338
139 397
139 507
139 797
139 973
140 187
140 206
140 213
140 619
140 701
141 142
141 219
141 226
141 244
141 327
141 655
142 244
142 289
142 319
142 327
142 766
142 834
143 225
143 640
143 842
143 916
144 308
144 382
144 548
144 645
144 853
144 943
145 290
145 293
145 584
145 677
145 684
146 236
146 299
146 448
146 741
147 254
147 264
147 364
147 704
147 745
147 919
148 178
148 762
148 898
148 998
149 331
149 810
149 883
149 984
150 905
150 946
150 980
151 525
151 692
151 802
152 238
152 336
152 416
152 835
152 869
152 969
153 336
153 513
153 676
153 850
153 869
153 947
154 203
154 357
154 495
154 774
154 901
154 922
155 235
155 250
155 725
155 863
155 938
156 176
156 241
156 348
156 408
156 593
156 712
156 832
156 929
157 214
157 358
157 858
157 968
158 472
158 531
158 736
158 972
159 343
159 368
159 696
159 779
160 237
160 422
160 754
160 806
160 939
161 340
161 387
161 401
161 410
161 424
161 445
161 456
161 763
162 267
162 291
162 392
162 487
162 755
163 177
163 288
163 426
163 451
164 201
164 303
164 360
164 796
164 826
165 245
165 320
165 324
165 444
165 591
165 793
166 214
166 424
166 741
166 805
167 435
167 517
167 583
168 253
168 637
168 817
169 339
169 379
169 490
169 502
169 616
170 271
170 552
170 569
170 808
170 957
171 249
171 287
171 634
171 993
172 208
172 349
172 678
172 877
173 182
173 222
173 369
173 675
173 921
173 960
174 178
174 257
174 260
174 332
174 412
174 912
174 948
175 201
175 615
175 956
175 980
176 418
176 885
176 929
177 255
177 426
177 451
177 695
178 332
178 898
178 948
179 199
179 257
179 260
179 543
179 592
179 860
180 362
180 427
180 561
180 624
180 743
180 803
181 531
181 680
181 740
181 972
182 191
182 222
182 333
182 369
183 324
183 444
183 473
183 547
183 752
184 238
184 254
184 264
184 295
184 341
184 447
184 847
184 852
185 298
185 326
185 429
185 653
185 749
185 809
186 194
186 296
186 404
186 707
186 757
187 206
187 213
187 316
187 631
187 996
188 258
188 261
188 371
188 498
188 554
188 608
189 315
189 338
189 397
189 557
189 787
189 895
190 280
190 464
190 484
190 611
190 674
190 793
191 222
191 333
191 453
191 513
192 442
192 621
192 639
192 652
192 731
193 234
193 389
193 405
193 920
194 707
194 726
195 261
195 394
195 672
195 880
195 894
196 587
196 641
196 662
196 692
196 765
196 800
196 891
197 298
197 326
197 493
197 586
197 794
198 597
198 657
198 857
198 870
199 265
199 543
199 564
199 812
199 860
199 926
200 231
200 550
200 682
200 871
201 615
201 721
201 796
201 826
201 956
202 233
202 709
202 773
202 841
203 564
203 713
203 774
203 812
203 926
204 506
204 519
204 885
204 896
205 211
205 219
205 227
205 244
205 724
205 748
205 816
206 311
206 316
206 354
206 483
206 666
206 701
207 210
207 383
207 406
207 596
207 620
208 345
208 349
208 373
208 589
208 654
208 678
209 277
209 334
209 420
209 651
209 851
209 855
209 935
210 367
210 488
210 574
210 620
211 244
211 816
212 427
212 546
212 624
212 716
212 878
213 239
213 317
213 619
213 631
213 739
213 801
213 985
214 350
214 568
214 858
215 454
215 478
215 658
215 759
216 277
216 480
216 556
216 845
216 935
217 497
217 630
217 660
217 756
217 974
218 359
218 386
218 627
218 649
218 780
219 226
219 227
219 244
219 664
220 242
220 489
220 712
221 331
221 630
221 686
221 818
221 828
221 883
221 930
221 990
222 513
222 676
222 921
223 228
223 325
223 403
223 846
224 494
224 602
224 781
224 886
224 901
224 978
225 285
225 461
225 537
225 916
225 936
226 266
226 353
226 655
226 664
227 395
227 664
227 724
228 378
228 403
228 846
229 252
229 344
229 437
229 790
229 844
229 888
230 278
230 495
230 774
230 781
230 943
231 337
231 550
231 700
231 806
231 865
231 871
232 468
232 528
232 558
232 813
233 585
233 687
233 773
234 389
234 522
234 682
235 249
235 250
235 361
235 563
235 634
235 863
236 262
236 347
236 448
236 708
236 718
237 337
237 404
237 754
237 939
238 295
238 341
238 697
238 747
238 850
238 869
238 969
239 317
239 334
239 739
239 855
240 302
240 464
240 544
240 964
240 967
241 408
241 712
241 731
242 416
242 489
242 530
242 712
242 832
242 835
243 253
243 372
243 477
243 523
243 729
243 902
244 319
244 816
245 280
245 320
245 714
245 793
246 472
246 520
246 693
246 759
246 949
246 958
247 470
247 564
247 713
247 848
248 312
248 388
248 702
249 361
249 634
249 993
250 287
250 634
251 482
251 488
251 685
251 804
251 979
252 329
252 407
252 635
252 790
252 844
252 971
253 477
253 636
253 637
253 902
253 909
254 264
254 447
254 919
255 426
255 492
255 695
256 591
256 778
256 944
256 974
257 260
257 332
257 656
257 860
258 261
258 393
258 554
258 894
259 304
259 539
259 687
259 906
260 528
260 592
260 912
261 786
261 894
261 950
262 425
262 449
262 579
262 706
262 708
262 718
263 372
263 523
263 703
264 704
264 847
265 543
265 904
266 300
266 353
266 664
266 951
266 970
267 392
267 439
267 595
267 755
267 803
267 988
268 476
268 581
268 683
268 770
268 794
268 932
268 952
269 560
269 681
269 792
269 856
269 879
270 506
270 636
270 637
270 867
271 460
271 808
271 874
271 957
271 959
272 455
272 575
272 606
272 742
273 559
273 638
273 711
273 918
273 955
274 341
274 476
274 672
274 697
274 952
274 962
275 313
275 334
275 420
275 612
275 647
276 335
276 833
276 911
276 946
276 980
277 845
277 851
277 935
278 645
278 774
278 943
279 413
279 555
279 566
279 993
280 674
280 714
280 793
281 282
281 671
281 913
281 982
282 511
282 561
282 671
282 761
282 913
283 296
283 355
283 399
283 436
283 479
284 598
284 813
284 864
285 293
285 537
285 916
286 309
286 459
286 597
286 819
286 849
286 884
287 305
287 322
287 634
288 426
288 756
289 327
289 346
289 519
289 834
290 330
290 584
290 684
290 744
290 804
291 670
291 727
291 755
291 995
292 390
292 445
292 639
292 699
292 907
293 677
293 684
293 729
293 916
294 315
294 378
294 438
294 573
294 831
294 895
295 342
295 572
295 747
295 852
296 355
296 399
296 510
296 628
296 707
296 757
297 551
297 748
297 776
297 782
297 914
298 326
298 586
298 749
298 784
298 857
298 915
299 741
299 968
300 395
300 664
300 724
300 970
301 480
301 629
301 705
301 961
302 685
302 934
302 964
302 967
303 360
303 458
303 535
303 796
304 539
304 687
304 889
305 322
305 899
306 540
306 643
306 717
306 839
307 354
307 414
307 666
307 688
307 856
308 382
308 457
308 853
309 466
309 597
309 657
309 884
310 531
310 609
310 680
310 693
310 736
310 949
311 428
311 483
311 541
311 666
311 688
312 425
312 505
312 533
312 649
312 702
313 334
313 612
313 735
313 739
314 385
314 451
314 496
314 534
314 807
315 557
315 760
315 895
316 483
316 553
316 963
316 996
317 651
317 801
317 855
318 472
318 588
318 958
319 766
319 816
319 914
319 942
320 324
320 714
320 992
320 994
321 632
321 669
321 734
321 798
321 998
322 626
322 777
322 899
323 471
323 562
323 823
323 915
324 444
324 547
324 989
324 994
325 403
325 415
325 552
325 569
326 429
326 493
326 862
327 655
328 463
328 613
329 373
329 407
329 589
329 635
329 709
329 841
330 443
330 544
330 584
330 744
331 883
331 930
332 656
332 898
333 453
333 903
334 420
334 739
334 855
335 351
335 509
335 911
336 416
336 832
336 869
336 947
337 404
337 590
337 806
337 865
337 939
337 997
338 507
338 680
338 787
339 490
339 496
339 605
339 738
339 875
340 387
340 424
340 805
340 991
341 447
341 581
341 697
341 952
342 365
342 572
342 575
342 852
343 603
343 779
343 829
344 437
344 694
344 728
344 836
344 844
345 377
345 578
345 589
345 678
345 740
346 519
346 815
346 834
346 928
347 579
347 627
347 708
347 780
348 771
349 356
349 402
349 654
350 516
350 568
350 665
350 985
351 509
351 927
352 356
352 373
352 527
352 644
352 654
352 824
353 655
353 679
353 951
354 666
354 701
355 479
355 510
355 821
355 987
356 402
356 644
356 654
356 872
357 600
357 901
357 922
357 978
358 845
358 858
358 968
359 386
359 390
359 780
360 535
360 625
360 826
360 908
361 563
361 719
361 767
361 993
362 561
362 565
362 624
362 767
362 822
363 514
363 553
363 717
363 826
363 882
363 908
364 559
364 582
364 704
364 745
365 455
365 575
365 646
365 852
365 918
365 924
366 374
366 459
366 601
366 772
366 819
367 488
367 596
367 610
367 933
368 538
368 696
368 953
369 724
369 903
369 960
369 970
370 493
370 567
370 862
370 900
371 380
371 538
371 554
371 608
371 758
371 953
372 477
372 523
373 527
373 589
373 654
373 841
374 475
374 601
374 711
374 772
374 884
375 494
375 515
375 602
375 633
375 876
376 461
376 469
376 617
376 703
376 843
377 529
377 570
377 589
377 740
377 972
378 438
378 562
378 783
378 846
379 499
379 502
379 616
379 934
380 393
380 554
380 594
380 658
380 696
380 953
381 387
381 417
381 722
381 991
382 457
382 645
382 839
383 406
383 505
383 533
383 620
384 529
384 588
384 633
384 790
384 888
385 534
385 807
385 821
385 840
385 897
386 390
386 491
387 722
387 763
387 991
388 418
388 702
389 405
389 555
389 614
389 941
390 442
390 491
390 622
390 639
390 785
391 509
391 764
391 799
391 904
391 911
392 487
392 663
392 726
392 988
393 526
393 554
393 594
393 894
394 672
394 880
394 965
395 664
395 724
396 618
396 842
396 866
397 432
397 797
397 861
397 895
398 458
398 503
398 739
398 975
399 436
399 628
400 463
400 621
400 731
401 424
401 445
401 780
402 607
402 872
402 954
403 415
403 760
404 590
404 732
404 754
404 757
405 670
405 920
405 941
406 449
406 505
406 596
407 570
407 589
407 971
408 652
408 731
408 929
409 413
409 512
409 555
409 668
409 775
409 887
410 456
410 538
410 758
410 763
411 753
411 837
411 962
412 468
412 912
412 948
413 555
413 710
413 887
414 545
414 603
414 829
415 552
415 571
415 760
415 808
416 832
416 835
417 545
417 603
418 702
418 867
418 896
419 673
419 690
419 751
419 868
419 966
420 935
421 428
421 494
421 541
421 548
421 688
421 720
422 465
422 754
422 806
422 995
423 609
423 673
423 751
423 797
423 973
424 805
425 449
425 505
425 579
425 649
427 546
427 595
427 624
427 803
428 483
428 541
428 548
428 853
429 567
429 653
429 862
430 498
430 613
430 621
430 907
430 931
431 503
431 535
431 625
431 631
431 963
431 996
432 567
432 653
432 861
432 895
433 604
433 641
433 647
433 800
433 976
434 526
434 794
434 880
435 480
435 517
435 845
436 789
436 961
436 976
437 600
437 694
437 886
437 888
438 783
438 784
438 831
439 587
439 662
439 765
439 803
439 988
440 452
440 479
440 485
440 521
440 524
440 769
440 987
441 492
441 499
441 934
441 964
442 622
442 639
442 652
443 584
443 618
443 866
444 473
444 591
445 699
445 780
446 466
446 823
446 884
447 581
448 549
448 583
448 718
448 859
449 505
449 596
449 706
449 730
449 854
449 933
450 551
450 733
450 782
450 815
450 945
451 496
451 695
451 698
452 521
452 524
452 605
452 659
452 825
452 854
453 606
453 742
453 903
454 658
454 690
454 759
454 949
454 966
455 575
455 646
455 742
456 723
456 758
457 839
457 882
458 503
458 535
458 796
459 772
459 819
459 849
460 577
460 750
460 957
460 959
460 983
461 537
461 703
461 843
461 936
462 777
462 873
462 977
463 489
463 731
463 753
464 674
464 964
465 806
465 871
465 920
466 657
466 823
466 857
466 884
467 674
467 992
467 994
468 528
468 558
468 912
469 617
469 733
470 632
470 848
470 881
471 823
472 693
472 736
472 958
473 591
473 752
473 974
474 485
474 521
474 583
474 859
475 772
475 849
475 884
476 672
476 770
476 952
476 965
477 636
477 945
478 696
478 759
478 779
479 485
479 705
479 987
480 517
480 556
480 629
480 705
480 845
481 578
481 787
481 795
482 685
482 744
482 804
482 967
483 853
484 611
484 618
485 521
486 599
486 626
486 977
487 726
487 754
488 574
488 610
488 979
489 530
489 753
490 502
490 605
490 730
490 933
491 785
492 499
492 695
493 862
494 602
494 688
494 720
494 781
494 876
495 774
495 781
495 901
496 534
496 698
496 738
496 875
497 547
497 660
497 752
497 974
498 608
498 723
498 931
499 616
499 695
499 698
499 934
500 728
501 508
501 764
501 813
501 833
501 911
502 610
502 933
503 535
503 631
503 739
504 539
504 644
504 824
504 889
505 533
506 867
506 896
507 609
507 680
507 973
508 661
508 833
508 873
508 946
509 540
509 911
510 518
510 732
510 757
510 821
510 840
511 561
511 648
511 671
511 743
512 546
512 668
512 691
512 727
512 775
512 791
513 676
513 850
513 981
514 717
514 826
514 927
514 940
515 876
515 879
516 619
516 665
516 985
517 583
517 705
518 689
518 732
518 807
518 840
518 984
520 560
520 759
520 879
520 958
521 825
521 859
522 591
522 778
522 944
523 537
523 703
524 534
524 659
524 769
525 802
525 975
525 982
526 594
526 868
526 880
526 894
526 900
526 966
527 824
527 841
527 889
528 592
528 912
529 570
529 588
529 790
529 971
530 835
530 837
531 680
531 736
531 972
532 577
532 650
532 795
532 925
532 954
533 620
533 702
533 768
533 814
534 659
534 738
534 769
534 897
535 625
536 622
536 652
536 785
536 929
537 703
538 722
538 758
538 763
538 953
539 644
539 889
540 717
541 688
542 725
542 820
542 917
542 938
543 592
543 904
544 744
544 967
545 603
546 595
546 775
546 791
546 878
547 660
547 752
547 989
548 720
548 853
548 943
549 583
549 968
550 700
550 828
550 990
551 782
551 815
551 914
551 942
552 569
552 808
553 625
553 882
553 908
553 963
555 614
555 668
556 629
556 830
556 923
556 935
557 571
557 760
557 986
558 813
558 864
559 582
559 638
559 704
560 681
560 879
561 743
562 783
562 846
562 915
563 767
563 863
564 713
564 926
565 725
565 767
565 863
566 719
566 993
567 653
567 861
567 862
567 900
567 999
568 801
568 858
568 985
569 746
569 750
569 957
570 589
570 971
571 760
571 808
571 986
572 575
572 747
572 981
573 809
573 831
573 895
574 979
576 623
576 827
576 906
577 925
577 954
577 959
577 983
578 678
578 740
578 795
578 877
579 627
579 649
579 708
580 599
580 820
580 905
580 946
581 932
581 952
582 601
582 638
582 745
582 819
583 859
584 677
585 773
585 827
586 857
587 648
587 765
587 891
590 689
590 732
590 997
591 778
591 974
592 799
592 904
593 676
593 832
593 921
593 947
594 658
594 966
595 791
595 803
596 933
597 657
597 745
597 819
597 870
597 919
598 937
598 948
599 626
600 694
600 886
600 922
600 978
601 638
601 711
601 819
602 633
602 886
603 829
604 628
604 641
604 976
605 659
605 730
605 738
605 854
606 742
607 644
607 746
607 872
608 723
608 758
609 680
609 973
610 933
611 793
612 735
612 802
613 786
614 668
614 691
614 941
615 826
615 940
616 698
616 875
617 640
617 733
617 838
617 843
617 936
618 866
619 701
619 985
620 814
621 639
621 731
621 907
622 652
622 785
623 827
623 881
623 892
623 906
623 910
624 716
624 822
625 908
625 963
626 777
626 977
627 649
627 780
628 707
629 830
629 961
630 818
630 930
630 944
630 974
631 739
631 996
632 734
632 848
633 886
633 888
635 709
635 844
636 637
636 815
636 945
637 817
637 867
638 711
639 907
640 842
640 936
641 662
641 663
641 726
641 800
642 893
642 913
642 956
643 774
644 824
644 872
645 774
645 943
646 742
646 918
646 955
647 789
647 976
648 671
648 891
648 982
650 795
650 877
650 954
651 801
651 851
651 855
651 858
652 731
652 929
653 809
653 895
655 679
656 762
656 811
656 860
656 898
657 857
658 696
658 966
659 738
660 756
660 989
661 873
661 937
662 663
662 765
662 988
663 726
663 988
666 688
667 728
667 827
667 836
668 691
669 881
669 892
669 998
670 727
670 941
670 995
671 982
672 962
672 965
673 751
673 797
673 868
673 900
673 999
674 714
674 964
674 992
675 679
675 715
675 737
675 921
675 951
675 960
676 921
676 947
677 916
678 877
679 715
679 771
679 951
681 792
681 829
682 871
683 794
683 870
683 932
684 729
684 804
684 909
684 979
685 934
685 967
686 689
686 828
686 865
686 883
686 997
687 906
688 856
689 732
689 883
689 984
689 997
690 751
690 949
690 966
691 727
692 891
693 736
693 949
694 728
694 922
695 698
696 779
696 953
697 837
697 962
697 969
698 875
699 907
699 931
700 828
700 865
702 768
702 817
702 867
704 847
704 924
706 718
706 854
709 773
709 841
709 844
710 716
710 878
710 887
711 742
711 955
712 832
714 992
715 737
716 822
716 878
717 839
717 882
717 927
718 825
718 854
718 859
719 767
719 822
719 993
720 781
720 943
721 796
721 956
721 982
722 763
723 758
723 931
724 903
724 970
725 788
725 863
725 917
725 938
727 755
727 791
728 836
729 902
729 909
730 854
730 933
732 757
733 782
733 838
733 945
734 798
734 848
735 739
735 802
737 921
740 972
742 903
742 955
744 804
744 967
745 819
745 919
746 750
746 890
746 954
746 983
747 850
747 981
748 776
748 816
748 838
749 784
749 809
750 957
750 983
752 974
756 989
759 949
761 788
761 893
761 913
762 798
762 811
762 898
762 998
764 799
764 813
764 911
766 834
766 928
766 942
767 822
767 863
768 814
768 909
769 897
769 987
770 794
770 965
771 885
772 849
773 836
773 844
774 812
775 878
775 887
776 816
776 914
777 977
778 944
779 829
781 901
781 943
783 784
783 915
784 809
784 831
784 915
786 950
788 893
788 917
789 830
789 961
789 976
790 888
790 971
792 829
792 856
795 877
795 925
797 861
797 973
797 999
798 811
798 998
799 904
801 858
801 985
802 975
804 979
806 871
806 939
807 810
807 840
807 984
808 874
808 986
809 831
809 895
810 984
812 926
813 864
814 909
815 928
815 942
815 945
816 914
817 867
818 944
818 990
820 893
820 905
820 917
820 938
821 840
821 897
821 987
823 857
823 915
824 889
825 854
825 859
826 908
826 940
827 910
828 865
828 990
830 923
830 961
832 947
833 911
833 946
834 928
835 837
835 969
836 844
837 962
837 969
839 882
841 889
842 866
843 936
845 851
845 858
847 852
847 924
849 884
850 869
850 981
851 858
852 924
857 915
861 999
865 997
867 896
868 900
868 966
870 919
870 932
874 925
874 959
874 986
878 887
879 958
880 894
881 892
881 910
883 984
886 888
886 978
890 954
890 983
893 905
893 913
893 917
897 987
899 938
900 999
901 978
902 909
905 946
907 931
914 942
918 955
919 932
923 935
925 959
925 986
927 940
928 942
934 964
944 974
946 980
951 960
951 970
954 983
960 970
963 996
989 994
992 994
451 730
649 131
164 495
610 967
586 446
71 359
199 387
253 98
927 389
565 981
162 787
658 609
416 580
515 291
272 303
551 321
722 621
368 800
387 49
632 147
667 646
27 408
727 344
355 593
752 172
340 257
93 597
150 481
453 524
437 50
926 282
417 299
684 252
40 317
216 507
618 558
194 300
640 683
179 658
422 625
180 316
343 652
125 677
555 29
705 631
474 248
379 872
864 504
494 574
463 163
560 773
897 215
834 756
156 530
217 309
261 219
353 815
704 671
97 297
692 143
164 627
385 857
969 455
263 931
294 469
319 723
837 618
709 145
63 673
638 186
568 406
426 504
667 697
847 788
364 119
86 367
845 565
480 650
149 686
692 811
526 18
720 484
542 375
739 521
370 338
119 655
95 443
34 363
918 737
332 199
131 240
867 294
794 534
315 330
815 586
469 905
434 112
123 743
412 519
700 462
793 434
916 422
620 847
311 671
618 630
447 327
428 528
456 209
11 464
827 237
480 19
826 655
770 867
784 341
730 150
139 183
288 888
487 512
177 437
586 56
546 436
95 573
235 236
862 367
383 282
518 479
650 655
532 965
74 579
70 604
595 818
10 444
150 720
596 738
576 464
868 571
735 276
638 502
70 740
433 803
391 477
936 599
929 555
909 276
270 518
834 320
583 417
710 854
12 595
615 160
169 334
368 288
747 710
795 701
190 599
186 186
780 606
526 424
350 740
484 607
469 96
563 548
413 124
668 170
275 374
781 92
537 458
544 360
807 454
697 268
391 945
182 125
276 862
876 682
32 500
211 345
784 559
683 175
2 512
92 505
313 182
363 768
884 728
725 75
743 797
536 836
492 183
342 459
582 633
412 841
828 193
863 752
701 565
440 14
460 178
609 703
387 243
577 812
646 867
125 535
534 39
248 347
179 780
167 588
830 537
991 594
373 512
726 377
254 829
447 383
753 341
979 572
305 123
395 433
522 454
467 662
487 364
677 99
663 466
952 616
724 637
605 107
847 717
481 980
255 618
912 334
922 622
977 630
487 952
227 686
235 562
511 76
78 434
143 749
498 6
194 152
615 417
493 113
760 742
408 384
787 227
738 605
735 664
860 395
964 570
798 112
409 675
105 617
741 487
198 119
167 173
771 303
241 734
827 429
714 826
712 166
662 35
67 524
588 669
103 797
63 489
608 670
648 387
902 389
724 838
131 505
918 645
381 165
652 787
377 612
827 480
381 929
855 810
782 880
694 754
422 320
171 378
473 375
233 546
241 78
826 141
280 282
276 239
513 251
54 373
863 345
676 917
152 150
649 152
889 558
820 301
422 98
645 529
852 332
486 894
768 785
507 216
979 482
566 847
562 421
944 662
515 313
771 229
291 366
133 796
121 183
196 469
401 554
283 491
662 900
416 734
346 534
721 431
398 350
644 214
447 879
329 467
417 412
335 677
953 534
773 119
39 650
97 208
560 948
745 102
450 982
545 817
900 582
652 634
240 755
818 276
615 128
28 519
904 763
415 360
171 396
773 690
513 110
405 805
668 254
530 510
700 778
799 810
467 592
212 689
279 801
878 517
619 436
826 599
253 871
470 473
185 406
194 863
900 619
395 515
534 235
219 876
212 633
510 403
657 489
273 403
219 141
253 186
250 438
741 881
807 840
710 941
721 328
510 593
903 710
535 788
558 621
903 413
208 822
656 972
298 631
949 374
300 764
520 924
720 266
532 646
491 546
257 505
725 394
275 692
617 231
680 487
526 529
752 505
385 17
678 505
141 438
415 164
561 671
608 720
965 653
883 239
446 811
350 352
497 243
679 609
594 502
256 911
464 959
490 155
424 21
707 384
260 762
739 581
312 63
567 570
690 691
27 464
260 72
428 548
432 941
756 686
474 547
778 514
496 715
437 351
312 556
456 86
454 756
569 484
673 411
689 160
322 145
313 537
530 820
639 600
339 412
475 828
427 266
578 752
524 365
489 266
232 662
518 904
371 199
587 292
750 192
694 551
845 256
739 68
617 518
614 936
711 802
578 376
676 359
926 466
669 193
631 300
895 780
468 691
846 850
591 571
258 487
305 357
694 928
352 931
958 348
61 283
685 626
802 209
473 54
634 915
758 158
52 449
944 392
84 652
584 960
375 701
706 60
575 321
664 950
648 761
884 435
461 635
535 267
509 348
354 832
785 284
317 498
850 206
577 305
103 276
439 144
753 312
700 654
690 287
699 491
735 181
557 806
303 593
221 581
659 220
691 93
611 609
729 216
162 666
114 380
709 279
341 376
146 839
695 401
821 502
414 786
100 334
162 432
531 212
302 227
343 91
836 739
222 423
322 637
454 489
543 343
583 189
851 548
408 649
595 327
591 9
887 382
621 285
336 307
545 728
185 831
68 466
285 725
720 675
376 757
327 898
730 415
621 246
324 385
726 545
909 352
526 575
129 828
185 457
332 544
188 241
114 502
802 258
447 546
326 120
719 95
290 534
558 391
553 75
937 493
415 957
299 448
553 648
321 40
480 340
418 884
57 419
758 885
404 627
277 212
544 931
209 153
122 578
230 182
231 95
511 801
464 454
391 984
276 762
428 922
813 789
492 869
770 334
816 815
112 728
340 908
327 836
648 424
138 265
680 794
751 904
566 357
839 297
144 734
597 840
356 224
296 706
268 779
541 157
686 36
85 490
808 668
525 688
341 140
700 355
672 870
18 376
123 266
226 645
727 936
277 626
449 567
454 245
657 290
874 810
242 928
578 611
431 755
731 303
857 168
397 324
636 635
363 28
226 370
705 227
985 394
855 228
414 478
758 379
677 591
702 538
96 719
292 149
290 423
108 251
654 444
472 233
497 318
634 85
354 410
68 648
271 668
181 142
224 742
866 455
820 462
769 903
675 558
934 267
434 217
237 301
186 500
181 878
237 526
834 861
444 294
325 249
665 432
314 882
440 402
720 564
509 830
223 852
904 597
54 556
647 886
512 668
634 270
694 110
79 331
399 204
414 179
951 647
468 503
365 530
157 700
345 54
48 698
404 47
295 267
642 725
479 756
802 180
868 656
834 699
852 309
283 842
880 624
383 777
412 611
512 24
653 822
803 333
768 272
568 134
126 763
345 570
565 164
474 707
364 61
369 269
410 711
197 670
691 189
492 631
711 733
691 218
633 557
540 87
406 496
770 467
919 374
753 857
536 317
652 364
473 213
633 417
200 754
275 96
789 908
737 645
125 626
795 144
866 637
276 136
208 454
630 359
240 132
284 562
278 325
523 556
600 591
953 702
204 234
438 179
377 95
180 691
847 384
673 302
697 592
533 176
936 439
62 630
385 339
378 741
844 639
653 262
387 377
323 783
570 441
869 835
304 209
800 276
719 882
275 941
777 765
997 486
534 857
327 958
474 729
703 81
685 656
449 117
390 116
682 124
507 187
576 583
439 677
454 906
234 251
27 593
546 558
125 398
371 215
917 529
233 160
781 414
591 263
637 774
840 583
681 949
162 738
195 548
305 78
982 515
81 230
633 23
460 620
632 486
247 583
953 455
542 907
536 882
704 522
626 647
390 816
218 245
460 297
258 705
345 111
407 593
849 149
596 799
359 870
293 343
465 780
43 609
113 448
411 266
440 424
369 319
341 186
793 304
531 490
492 81
605 205
405 926
514 857
619 178
59 582
157 549
86 398
775 400
899 494
983 552
793 461
614 70
711 911
163 259
575 230
259 140
599 932
175 857
609 333
247 394
125 712
568 94
433 585
470 310
503 889
770 667
142 360
900 539
737 690
188 708
715 701
994 436
228 481
587 210
184 799
902 257
969 365
208 727
511 382
517 952
757 836
86 624
677 933
791 748
472 391
773 824
298 504
637 317
421 396
396 577
603 891
485 408
581 353
70 547
479 788
528 805
203 179
60 401
534 105
859 248
796 491
518 726
774 720
650 845
506 59
230 917
90 311
386 908
681 234
314 623
310 864
295 110
369 631
580 726
92 681
251 466
599 140
654 938
816 571
244 646
288 80
248 678
170 820
297 934
356 250
66 720
205 278
581 691
475 855
815 521
583 250
15 565
120 199
508 765
227 601
833 406
937 736
128 479
179 299
97 737
654 552
275 422
815 395
115 696
147 393
52 473
244 281
962 517
570 906
871 318
203 251
811 864
684 860
453 31
848 679
199 645
463 337
772 840
367 884
141 563
200 423
901 518
755 569
626 112
628 583
669 817
701 322
756 235
454 350
943 294
41 335
169 234
485 96
224 388
392 32
932 513
250 547
624 56
907 460
153 344
803 684
5 485
428 704
633 661
904 657
687 770
527 623
300 916
808 888
239 331
356 948
372 656
357 912
895 677
486 303
688 710
319 435
773 203
621 732
512 703
785 268
547 415
727 716
919 672
260 723
347 757
431 774
677 68
333 326
456 278
80 266
234 631
779 318
181 354
818 759
306 292
311 942
602 169
443 458
397 896
551 252
385 180
711 114
594 70
513 521
773 149
214 99
755 131
435 85
334 438
555 142
16 624
491 778
