1000 2958 10
45 84 35 43 23 66 29 42 47 36 100 75 17 91 76 17 8 41 84 32 60 100 16 49 86 20 60 40 42 92 40 98 8 78 11 79 21 72 34 84 54 75 31 32 53 72 16 46 32 59 100 97 9 83 11 71 40 38 36 29 26 46 63 30 41 38 31 33 88 12 93 97 57 61 71 88 61 38 23 66 46 34 13 54 99 8 92 93 33 59 13 97 39 45 69 37 60 22 74 57 98 98 34 55 40 85 7 36 4 50 62 19 79 58 51 38 91 86 75 94 95 79 77 17 18 59 49 37 1 41 25 100 62 72 33 15 13 90 60 55 65 34 19 76 28 85 93 77 41 30 86 6 12 89 57 17 11 35 45 63 65 69 15 70 66 75 81 11 30 63 46 7 23 56 83 29 86 56 50 40 76 77 39 95 95 90 36 28 27 67 100 70 51 30 100 28 96 58 4 77 58 27 32 30 25 9 93 8 6 78 81 2 57 6 89 73 36 99 99 98 3 36 9 89 87 2 27 57 56 83 59 7 36 1 22 55 60 50 46 46 72 11 30 7 74 13 53 83 26 36 99 1 93 8 42 5 64 44 48 52 61 54 46 78 58 16 26 60 98 40 48 45 85 99 37 70 37 30 35 31 15 1 63 65 35 33 84 84 3 15 1 92 43 22 35 66 72 7 25 41 28 17 17 2 97 31 21 81 96 7 2 10 69 36 59 93 89 15 7 47 23 56 62 79 28 3 69 99 73 85 19 60 24 32 67 3 34 93 38 66 18 32 65 48 51 65 91 43 6 99 91 63 9 74 24 26 70 23 1 38 40 1 43 51 77 60 53 72 6 56 19 19 47 39 91 8 3 47 56 90 38 20 6 16 32 65 50 90 95 59 99 95 9 70 38 66 20 47 82 15 10 11 37 20 34 45 23 77 95 88 24 35 17 72 35 93 21 7 87 69 15 70 78 44 66 11 62 63 27 27 15 86 66 92 69 85 4 64 34 75 83 43 51 87 77 37 92 75 52 56 65 51 31 59 56 2 10 29 27 65 18 17 52 7 62 12 14 22 86 33 3 83 50 9 8 19 45 22 98 78 43 12 52 7 44 55 42 98 86 38 41 20 77 71 45 20 59 36 33 34 48 7 16 28 7 60 98 92 6 30 91 26 8 100 63 63 72 96 64 33 68 79 90 52 100 8 86 85 45 38 47 39 71 45 62 78 55 9 82 79 63 82 7 98 43 88 20 65 7 95 69 24 20 48 55 15 5 86 73 39 19 32 51 47 17 20 84 3 25 69 26 51 38 18 15 4 56 24 99 28 30 18 93 12 62 74 7 69 51 83 5 22 10 100 50 84 64 81 79 38 26 14 80 31 22 36 77 83 40 71 35 38 41 18 69 76 7 44 51 90 68 31 80 41 26 93 24 84 29 43 68 30 22 11 45 13 17 45 21 31 81 54 22 69 52 35 38 32 27 91 8 52 73 6 89 8 71 74 69 18 62 100 12 77 36 4 26 95 50 43 42 84 79 20 40 47 67 86 27 89 75 5 78 80 1 26 36 30 44 46 11 77 61 68 5 35 18 62 88 42 61 94 89 75 60 45 82 69 6 97 76 42 55 19 83 81 18 75 84 83 21 11 65 68 30 25 6 76 2 89 50 23 30 61 27 10 21 100 3 53 63 69 90 15 82 14 65 11 96 13 54 67 46 9 87 22 9 25 20 5 5 60 71 63 63 19 48 48 12 50 7 77 12 1 55 71 15 10 62 6 95 55 51 16 84 95 41 65 70 58 6 11 90 42 59 22 69 31 87 2 24 77 33 45 94 54 93 33 76 48 38 80 54 96 18 16 99 43 44 88 38 67 4 61 84 83 69 38 97 14 96 75 72 44 30 51 11 56 94 93 57 25 36 98 70 81 65 51 64 86 94 1 73 80 90 21 64 65 57 29 21 13 29 69 96 72 12 29 87 40 93 89 32 5 75 14 28 8 4 93 74 18 97 31 67 18 96 19 36 97 74 86 68 41 7 31 75 72 58 31 43 63 92 85 1 15 67 97 37 51 45 48 45 91 95 6 93 91 53 5 38 26 20 19 95 76 8 49 22 38 23 29 26 61 23 18 25 73 70 73 8 48 57 69 90 46 10 70 53 70 71 13 83 66 37 13 54 76 16 16 91 86 31 95 85 13 20 60 38 33 63 76 79 15 77 22 30 41 41 56 17 74 86 47 3 28 81 16 92 21 50 1 13 50 45 76 75 82 56 57
0 80
0 489
0 608
0 705
0 954
1 55
1 84
1 365
1 617
1 941
2 440
2 642
2 660
2 932
3 98
3 168
3 463
3 671
3 726
4 154
4 459
4 781
4 818
4 832
4 993
5 54
5 107
5 115
5 217
5 854
5 866
5 868
6 450
6 583
6 609
6 625
6 847
7 267
7 402
7 409
7 416
7 635
7 703
7 812
8 148
8 454
8 627
8 837
8 899
9 139
9 161
9 448
9 596
9 652
9 797
10 35
10 68
10 126
10 233
10 651
10 992
11 18
11 61
11 254
11 768
11 943
12 129
12 187
12 202
12 350
12 514
12 762
13 92
13 225
13 491
13 749
13 870
14 188
14 220
14 287
14 290
14 563
15 135
15 156
15 204
15 533
15 799
15 994
16 171
16 301
16 716
16 761
16 838
16 858
17 43
17 66
17 76
17 155
17 390
17 808
17 970
17 975
18 61
18 230
18 406
18 908
18 943
19 20
19 475
19 605
19 924
20 227
20 380
20 605
20 653
20 924
21 369
21 540
21 552
21 653
21 973
21 997
22 157
22 307
22 344
22 756
22 800
22 827
22 828
22 909
23 190
23 235
23 278
23 342
23 481
23 668
23 674
23 963
24 75
24 116
24 285
24 375
24 658
24 753
24 933
25 46
25 177
25 269
25 453
25 556
25 685
25 968
26 149
26 321
26 527
26 536
26 949
26 965
27 460
27 483
27 634
27 785
28 101
28 368
28 445
28 455
28 529
28 586
28 987
29 72
29 265
29 367
29 371
29 733
29 772
29 961
30 123
30 184
30 185
30 250
30 802
31 212
31 215
31 376
31 403
31 859
31 930
32 84
32 97
32 284
32 365
32 399
32 672
32 736
33 44
33 291
33 393
33 549
33 620
33 831
34 92
34 240
34 301
34 319
34 491
34 571
34 896
35 126
35 233
35 656
35 770
36 184
36 487
36 589
36 880
36 922
37 43
37 624
37 696
37 789
37 875
37 964
38 53
38 201
38 235
38 330
38 342
38 351
38 654
39 174
39 319
39 321
39 527
39 858
40 106
40 312
40 346
40 358
40 422
40 423
41 276
41 597
41 704
41 897
41 902
41 905
41 953
42 377
42 551
42 555
42 623
43 66
43 247
43 390
43 624
43 694
43 696
43 725
44 465
44 516
44 549
44 620
45 63
45 385
45 515
45 613
45 750
46 453
46 510
46 537
46 685
46 919
47 377
47 561
47 691
47 793
47 879
47 918
48 145
48 165
48 330
48 654
48 945
48 990
49 83
49 210
49 224
49 229
49 286
49 329
49 631
50 135
50 843
50 928
50 994
51 168
51 427
51 440
51 642
51 726
51 862
52 77
52 219
52 251
52 271
52 568
52 608
52 630
53 201
53 235
53 294
53 871
54 91
54 104
54 379
54 476
54 711
54 854
54 866
54 882
55 136
55 365
55 515
55 613
55 617
56 77
56 439
56 576
56 717
56 913
56 958
57 176
57 314
57 384
57 575
57 675
57 929
58 144
58 560
58 887
58 923
58 986
59 143
59 634
59 730
59 806
59 860
60 252
60 268
60 370
60 420
60 679
60 927
61 198
61 230
61 991
62 123
62 335
62 405
62 665
62 802
63 385
63 513
63 578
63 750
63 754
63 982
64 92
64 164
64 225
64 240
64 792
64 896
65 313
65 382
65 457
65 477
65 636
65 719
66 76
66 694
66 758
67 268
67 295
67 362
67 370
67 522
67 952
67 979
68 126
68 188
68 499
68 563
68 984
68 992
69 189
69 196
69 512
69 543
69 566
69 798
70 276
70 283
70 419
70 534
70 680
70 732
70 763
71 186
71 337
71 474
71 684
71 779
71 995
72 120
72 320
72 733
72 788
72 961
73 81
73 138
73 175
73 415
73 482
73 679
73 855
74 239
74 443
74 511
74 769
74 921
74 946
75 94
75 116
75 285
75 503
75 544
75 547
75 601
75 884
76 649
76 758
76 878
76 970
77 219
77 568
77 576
77 913
78 190
78 407
78 435
78 481
79 182
79 241
79 299
79 404
79 449
79 456
79 460
79 873
80 113
80 446
80 489
80 610
80 714
80 954
81 117
81 175
81 252
81 679
81 777
82 203
82 211
82 237
82 582
82 590
83 224
83 229
83 374
83 485
83 734
84 218
84 223
84 365
84 399
84 688
84 941
85 158
85 357
85 432
85 457
85 636
85 722
85 767
86 196
86 713
86 781
86 798
86 818
86 959
87 354
87 424
87 697
87 709
87 735
87 834
88 97
88 172
88 206
88 221
88 284
88 672
89 93
89 140
89 238
89 293
89 859
90 163
90 559
90 628
90 816
90 834
90 942
91 104
91 355
91 882
92 225
92 491
92 896
93 140
93 238
93 309
93 541
93 579
94 170
94 503
94 544
94 796
95 506
95 747
95 757
95 912
96 118
96 281
96 313
96 477
96 595
96 715
96 721
97 221
97 365
97 452
97 672
97 755
98 545
98 671
98 726
98 819
98 822
99 232
99 256
99 490
99 502
99 773
99 933
100 400
100 546
100 551
100 561
100 614
101 356
101 368
101 455
101 611
101 681
101 795
102 253
102 347
102 412
102 466
102 737
103 181
103 244
103 303
103 447
103 641
103 685
104 220
104 290
104 355
104 476
104 560
104 618
104 907
104 986
105 167
105 288
105 468
105 585
105 642
106 292
106 307
106 312
106 358
106 756
106 791
107 115
107 215
107 242
107 868
107 930
108 229
108 273
108 718
108 790
108 820
108 940
108 983
109 280
109 524
109 609
109 779
109 969
110 226
110 317
110 359
110 568
110 630
110 699
110 771
110 782
111 113
111 430
111 544
111 644
111 901
111 904
112 183
112 232
112 392
112 433
112 458
112 826
113 375
113 610
113 644
113 714
113 753
113 794
113 901
114 349
114 747
114 796
114 815
114 904
114 938
115 242
115 853
115 866
116 544
116 753
116 901
117 141
117 252
117 338
117 777
117 948
118 595
118 770
118 835
118 920
119 214
119 249
119 436
119 484
119 565
119 655
120 140
120 320
120 541
120 744
120 788
120 930
121 423
121 528
121 574
121 765
121 864
121 988
122 259
122 452
122 683
122 713
122 727
123 184
123 335
123 648
123 802
124 305
124 315
124 411
124 710
125 327
125 336
125 389
125 469
125 740
125 805
126 645
126 656
126 984
127 247
127 354
127 378
127 709
127 725
127 758
127 942
128 191
128 619
128 646
128 741
128 783
128 801
129 341
129 350
129 762
129 790
130 196
130 239
130 361
130 512
130 713
130 727
131 275
131 530
131 572
131 590
131 700
131 848
132 174
132 339
132 473
132 571
132 772
133 272
133 463
133 468
133 776
133 791
133 828
134 189
134 408
134 464
134 766
134 798
134 900
134 955
134 959
135 179
135 441
135 525
135 799
135 843
135 994
136 365
136 459
136 613
136 832
137 187
137 202
137 296
137 306
137 397
137 839
137 965
138 153
138 175
138 192
138 434
138 482
139 340
139 652
139 797
139 833
139 924
140 403
140 541
140 859
140 930
141 338
141 475
141 605
141 738
141 777
141 950
142 410
142 457
142 752
142 849
142 981
143 418
143 598
143 634
143 860
144 310
144 519
144 633
144 813
144 872
144 907
144 923
144 986
145 654
145 785
145 808
145 945
145 989
146 147
146 282
146 360
146 373
146 482
146 643
147 482
147 643
147 751
147 855
148 213
148 325
148 602
148 612
148 627
148 837
149 309
149 321
149 473
149 579
149 965
150 339
150 367
150 666
150 772
150 824
151 183
151 231
151 386
151 437
151 603
151 669
152 164
152 264
152 640
152 792
152 996
153 175
153 192
153 612
153 777
153 837
154 243
154 459
154 564
154 662
154 760
154 993
155 808
155 881
155 970
155 989
156 204
156 592
156 799
157 344
157 526
157 909
158 313
158 357
158 721
158 722
159 364
159 639
159 643
159 728
159 751
159 979
160 214
160 366
160 657
160 889
160 891
160 931
161 270
161 318
161 394
161 448
161 552
161 596
162 180
162 206
162 345
162 520
162 628
162 816
163 247
163 348
163 520
163 816
163 840
163 942
163 951
164 225
164 264
164 274
164 792
165 278
165 330
165 898
165 910
165 990
166 287
166 332
166 398
166 836
166 851
166 857
167 346
167 468
167 585
167 776
167 814
168 463
168 468
168 642
168 726
169 549
169 690
169 695
169 831
169 895
170 349
170 417
170 503
170 796
171 527
171 536
171 838
171 858
172 180
172 206
172 221
172 234
172 845
172 888
172 946
173 336
173 352
173 554
173 608
173 742
174 319
174 321
174 473
174 571
175 777
176 314
176 820
176 892
176 929
177 269
177 521
177 607
177 731
177 968
178 232
178 256
178 372
178 433
178 616
179 297
179 441
179 445
179 661
179 799
180 206
180 234
180 497
180 520
180 861
180 951
181 195
181 396
181 641
181 685
181 821
182 263
182 456
182 460
182 483
182 966
183 392
183 433
183 603
183 604
183 669
184 185
184 589
184 638
184 648
184 922
185 250
185 424
185 589
185 697
185 874
186 337
186 347
186 412
186 684
186 686
187 202
187 514
187 839
188 287
188 563
188 836
188 984
189 464
189 543
189 798
190 407
190 481
190 674
191 507
191 619
191 646
191 752
191 849
192 213
192 434
192 577
192 612
193 279
193 404
193 449
193 486
193 598
193 663
193 804
194 248
194 356
194 478
194 573
194 599
194 692
194 764
194 786
194 871
194 885
195 462
195 504
195 685
195 821
195 915
196 512
196 713
196 798
197 227
197 412
197 686
197 737
197 925
198 230
198 298
198 493
198 811
198 991
199 306
199 532
199 536
199 682
199 817
199 949
200 216
200 621
200 806
200 910
200 990
201 289
201 351
201 615
201 871
202 306
202 350
202 492
203 211
203 237
203 310
203 499
203 872
203 992
204 260
204 533
204 592
204 594
204 638
204 934
205 248
205 260
205 308
205 599
205 632
205 664
205 885
205 903
206 284
206 345
207 400
207 406
207 614
207 724
207 811
207 908
208 383
208 646
208 729
208 783
208 789
209 300
209 428
209 659
209 678
209 997
210 224
210 329
210 698
210 706
210 748
211 326
211 582
211 595
211 651
211 992
212 215
212 376
212 690
212 937
213 297
213 325
213 445
213 577
213 612
214 249
214 366
214 655
214 889
215 698
215 706
215 868
215 930
215 937
216 435
216 621
216 910
217 673
217 748
217 854
217 868
218 223
218 257
218 538
218 617
218 941
218 967
219 446
219 489
219 495
219 608
219 913
220 290
220 519
220 563
220 907
221 259
221 452
221 946
222 422
222 423
222 567
222 574
222 894
223 538
223 545
223 688
223 862
224 734
224 748
225 274
225 372
225 870
226 317
226 467
226 699
226 768
227 337
227 380
227 474
227 653
227 686
227 925
228 363
228 528
228 689
228 864
228 911
228 914
228 974
229 286
229 485
229 718
229 865
230 811
230 908
231 344
231 386
231 437
231 827
231 890
232 256
232 433
232 550
232 658
232 826
232 933
233 651
233 770
233 835
233 920
234 856
234 861
234 888
235 294
235 342
235 963
236 383
236 498
236 507
236 562
236 663
236 687
237 590
237 633
237 676
237 700
237 872
238 293
238 309
238 397
238 841
239 361
239 443
239 727
239 921
240 301
240 387
240 761
240 792
240 896
241 418
241 460
241 634
241 873
242 744
242 853
242 930
242 955
243 578
243 662
243 750
243 760
244 447
244 556
244 685
244 731
244 830
245 328
245 343
245 399
245 405
245 688
245 862
246 371
246 541
246 579
246 733
246 788
247 348
247 696
247 725
247 942
248 599
248 885
249 366
249 510
249 565
249 723
249 842
249 919
250 697
250 735
250 802
250 998
251 271
251 469
251 608
251 742
251 805
251 956
252 268
252 679
252 948
253 347
253 466
253 570
253 587
253 916
254 322
254 467
254 699
254 724
254 768
254 943
255 304
255 775
255 906
255 957
256 372
256 773
257 316
257 471
257 515
257 617
257 967
258 333
258 575
258 591
258 784
258 915
259 452
259 727
259 946
259 960
260 592
260 594
260 632
260 664
261 308
261 487
261 584
261 615
261 622
261 880
262 298
262 450
262 691
262 847
262 991
263 456
263 729
263 867
263 966
264 274
264 518
264 773
264 850
264 996
265 367
265 600
265 824
265 961
266 374
266 593
266 673
266 711
266 734
266 854
267 402
267 416
267 714
267 954
268 370
268 948
268 952
269 453
269 517
269 607
269 842
270 394
270 596
270 939
271 359
271 630
271 956
272 463
272 496
272 800
272 828
273 291
273 393
273 718
273 940
274 372
274 773
275 530
275 848
275 978
276 419
276 534
276 704
276 897
277 442
277 588
277 702
277 809
277 823
277 876
278 481
278 668
278 898
278 910
279 451
279 486
279 562
279 804
280 524
280 540
280 743
280 779
280 995
280 999
281 715
281 721
281 778
281 917
282 360
282 542
282 639
282 643
282 759
282 906
283 407
283 580
283 674
283 680
283 732
283 980
284 345
284 672
284 736
285 550
285 658
285 884
286 334
286 631
286 695
286 865
287 290
287 398
287 509
287 836
287 883
288 585
288 642
288 660
288 814
288 843
288 928
288 976
289 351
289 615
289 622
289 649
290 355
290 509
291 393
291 718
291 831
292 307
292 312
292 787
292 909
292 988
293 516
293 841
293 859
294 786
294 871
294 926
294 963
295 522
295 650
295 952
296 324
296 397
296 465
296 620
296 839
296 841
297 325
297 445
297 661
298 493
298 691
298 918
298 991
299 404
299 456
299 498
300 678
300 803
300 997
300 999
301 319
301 761
301 858
302 388
302 414
302 454
302 602
302 627
302 823
302 886
303 431
303 447
303 606
303 641
303 774
304 557
304 759
304 775
304 905
304 906
305 315
305 431
305 548
305 581
305 606
305 710
305 774
306 492
306 532
306 949
306 965
307 756
307 909
308 487
308 615
308 664
308 885
309 397
309 579
309 965
310 499
310 519
310 563
310 872
311 359
311 469
311 771
311 782
311 829
311 956
312 423
312 765
312 988
313 357
313 477
313 636
313 721
314 384
314 820
314 983
315 411
315 425
315 488
315 494
315 548
315 647
316 471
316 819
316 822
316 967
317 438
317 768
317 771
317 829
318 394
318 395
318 552
318 659
319 571
319 858
320 331
320 505
320 744
320 766
320 961
321 473
321 527
322 546
322 614
322 699
322 717
322 724
323 497
323 535
323 801
323 825
323 840
323 951
324 393
324 514
324 620
324 839
325 602
325 661
326 432
326 582
326 595
326 778
326 917
327 389
327 438
327 537
327 723
327 740
328 343
328 405
328 444
328 735
328 998
329 631
329 698
329 937
330 342
330 654
330 898
331 505
331 564
331 961
331 993
332 398
332 708
332 851
332 883
333 470
333 504
333 784
333 915
334 695
334 718
334 865
335 427
335 440
335 648
335 665
336 389
336 554
336 742
336 805
337 474
337 686
338 501
338 650
338 738
338 948
339 491
339 571
339 666
339 772
340 475
340 833
340 924
340 936
341 350
341 790
341 820
342 668
342 898
343 345
343 399
343 444
344 386
344 392
344 526
344 720
344 827
345 399
345 444
345 628
345 736
346 358
346 422
346 739
346 776
346 814
347 412
347 587
347 684
348 696
348 840
348 875
349 417
349 796
349 846
349 938
349 974
350 492
350 820
350 892
351 649
351 654
351 881
351 970
352 436
352 484
352 554
352 608
352 705
353 381
353 555
353 623
353 846
353 869
353 938
354 559
354 709
354 834
354 942
355 461
355 509
355 852
355 882
356 611
356 681
356 692
356 764
357 636
358 776
358 791
359 630
359 782
359 956
360 373
360 667
360 759
360 863
361 443
361 512
361 566
361 887
362 370
362 420
362 751
362 979
363 381
363 558
363 689
363 911
364 542
364 639
364 728
365 413
365 755
365 832
366 517
366 607
366 842
366 931
367 772
367 824
368 667
368 795
368 863
368 987
369 474
369 540
369 653
369 743
369 995
370 420
371 473
371 579
371 733
371 772
372 616
372 773
372 870
373 434
373 482
373 529
373 667
374 485
374 593
374 734
375 502
375 753
375 794
375 933
376 516
376 549
376 690
376 859
377 428
377 551
377 561
377 623
377 879
378 553
378 709
378 758
378 878
379 464
379 476
379 618
379 866
379 900
380 605
380 738
380 925
381 558
381 846
381 869
381 911
382 451
382 457
382 719
383 456
383 498
383 507
383 646
383 729
384 575
384 915
384 983
385 515
385 754
385 890
386 392
386 669
387 640
387 761
387 792
387 877
388 391
388 414
388 531
388 809
388 810
388 823
389 554
389 565
389 723
390 426
390 624
390 729
390 867
390 975
391 531
391 567
391 596
391 810
391 894
392 458
392 669
392 720
393 514
393 620
393 762
393 940
394 395
394 558
394 939
395 428
395 558
395 659
395 869
396 548
396 581
396 606
396 641
396 821
397 841
397 965
398 883
399 688
399 736
400 493
400 561
400 614
400 811
400 918
401 402
401 490
401 502
401 518
401 703
401 794
402 703
402 714
402 794
403 859
403 930
404 449
404 498
404 663
405 665
405 802
405 862
405 998
406 724
406 908
406 943
407 435
407 674
407 980
408 853
408 866
408 900
408 955
409 703
409 812
409 850
409 977
409 996
410 539
410 619
410 741
410 752
410 972
410 978
410 981
411 421
411 640
411 647
411 710
411 877
412 686
412 737
413 683
413 755
413 781
413 832
414 652
414 810
414 833
414 886
415 420
415 679
415 751
415 855
415 927
416 635
416 657
416 712
416 891
416 954
417 503
417 693
417 974
418 598
418 634
418 873
419 478
419 573
419 763
419 897
419 944
420 751
420 927
421 480
421 640
421 710
421 977
422 423
422 567
422 702
422 739
422 876
423 574
423 765
424 697
424 709
424 874
425 488
425 494
425 591
425 784
425 844
426 483
426 867
426 966
426 975
427 440
427 665
427 862
428 623
428 659
428 678
428 869
428 879
429 488
429 647
429 682
429 716
429 838
430 644
430 707
430 815
430 904
430 912
431 606
431 774
432 582
432 722
432 767
432 917
433 604
433 616
434 482
434 529
434 577
435 481
435 598
435 621
435 910
436 484
436 655
436 705
437 513
437 603
437 754
437 890
437 982
438 537
438 740
438 829
439 546
439 551
439 637
439 717
439 757
439 958
440 642
440 648
440 932
440 934
441 525
441 661
442 531
442 567
442 809
442 876
443 511
443 887
443 923
444 628
444 735
444 834
445 529
445 577
445 586
445 799
446 489
446 495
446 610
447 521
447 523
447 731
447 774
447 935
448 552
448 797
448 973
449 598
449 873
450 472
450 570
450 625
450 847
450 991
451 457
451 562
451 687
451 719
451 804
451 849
452 683
452 755
453 842
453 919
454 508
454 627
454 886
454 899
454 950
455 586
455 611
456 498
456 729
457 636
457 767
457 849
457 981
458 500
458 720
458 826
459 613
459 662
459 832
460 483
460 634
461 479
461 509
461 708
461 852
461 883
462 470
462 504
462 548
462 821
463 468
463 496
463 671
464 543
464 618
464 900
465 516
465 620
465 841
466 629
466 737
466 916
467 699
467 768
468 642
468 776
469 740
469 805
469 829
469 956
470 504
470 548
470 784
471 515
471 819
471 827
471 890
472 570
472 625
472 779
472 969
473 579
473 772
474 653
474 995
475 508
475 605
475 924
475 936
475 950
476 618
477 719
477 804
478 573
478 764
478 897
479 593
479 708
479 711
479 852
479 893
480 635
480 710
480 712
480 812
480 935
480 977
481 910
482 855
483 785
483 966
483 975
484 554
484 565
485 593
485 708
485 893
486 562
486 663
487 664
487 746
487 880
487 922
488 647
488 682
488 817
488 844
489 608
490 502
490 518
490 773
491 571
491 666
491 749
491 971
492 532
492 892
492 929
493 811
493 918
494 548
494 784
495 506
495 610
495 707
495 913
496 671
496 800
496 819
497 825
497 861
497 951
498 663
499 563
499 992
500 526
500 547
500 550
500 720
500 826
500 884
500 909
501 629
501 650
501 737
501 738
501 925
502 794
502 933
503 601
503 693
504 915
505 766
505 818
505 959
505 993
506 707
506 757
506 912
506 913
506 958
507 646
507 687
507 849
508 886
508 936
508 950
509 883
510 537
510 723
510 919
511 769
511 807
511 813
511 923
512 566
513 578
513 603
513 626
513 745
513 780
513 982
514 762
514 839
515 613
515 617
515 890
516 549
516 841
516 859
517 607
517 842
518 703
518 773
518 850
519 563
519 907
520 816
520 951
521 523
521 607
521 731
522 629
522 650
522 916
523 607
523 935
523 985
524 583
524 609
524 803
524 999
525 588
525 602
525 661
525 823
525 843
525 976
526 720
526 909
527 536
527 858
528 693
528 701
528 864
528 974
528 988
529 577
529 667
529 987
530 539
530 572
530 856
530 861
530 978
531 567
531 809
532 675
532 817
532 929
533 660
533 928
533 932
533 934
533 994
534 704
534 732
535 539
535 741
535 801
535 825
536 682
536 838
536 949
537 723
538 545
538 822
538 967
539 741
539 825
539 861
539 978
540 743
540 997
540 999
541 579
541 788
542 639
542 728
542 906
542 957
543 566
543 618
543 947
544 796
544 901
544 904
545 726
545 822
545 862
546 551
546 614
546 717
547 601
547 787
547 884
547 909
548 581
548 784
548 821
549 690
549 831
550 658
550 826
550 884
551 555
551 561
551 637
552 659
552 973
552 997
553 584
553 709
553 874
553 878
553 880
554 565
555 623
555 637
555 938
556 685
556 731
556 830
556 968
557 677
557 775
557 902
557 905
557 962
558 689
558 869
558 939
559 834
559 942
560 566
560 618
560 887
560 947
560 986
561 918
562 663
562 687
564 600
564 760
564 961
564 993
565 723
566 887
566 947
567 876
567 894
568 576
568 630
568 699
569 769
569 807
569 856
569 888
569 946
570 587
570 684
570 779
572 676
572 700
572 807
572 856
573 786
573 926
573 944
574 864
574 894
574 914
575 591
575 675
575 915
576 699
576 717
578 600
578 745
578 750
578 760
578 824
580 674
580 680
580 926
580 944
581 606
582 590
582 767
582 848
583 609
583 678
583 793
583 803
583 847
584 622
584 649
584 878
584 880
585 814
586 592
586 611
586 632
586 670
586 799
587 684
588 702
588 823
588 976
589 874
589 880
590 700
590 848
591 675
591 784
591 844
592 632
592 799
593 711
593 893
594 638
594 664
594 746
595 651
595 715
595 778
595 920
596 652
596 810
596 894
596 914
596 939
597 681
597 764
597 795
597 897
597 953
598 621
598 860
598 873
599 692
599 903
600 760
600 824
600 961
601 693
601 701
601 787
602 627
602 661
602 823
603 604
603 780
604 616
604 780
605 738
606 641
607 931
607 985
608 705
608 742
609 625
609 969
610 644
610 707
611 670
611 692
612 837
613 662
613 750
614 724
615 622
615 871
615 885
616 749
616 780
616 870
617 941
618 947
619 741
619 752
621 806
621 860
622 649
623 869
624 729
624 789
625 969
626 666
626 745
626 780
626 824
626 971
628 816
628 834
629 650
629 737
629 916
631 690
631 695
631 895
631 937
632 670
632 903
633 676
633 807
633 813
633 872
634 730
634 785
635 712
635 812
637 747
637 757
637 938
638 648
638 746
638 922
638 934
639 643
640 792
640 877
640 977
640 996
642 660
643 751
644 707
645 656
645 836
645 857
645 984
646 783
647 716
647 877
648 934
649 878
649 970
650 948
650 952
651 920
651 992
652 810
652 833
653 924
653 973
654 881
654 989
655 705
655 889
655 954
656 770
656 851
656 857
657 712
657 891
657 931
657 985
658 933
659 997
660 928
660 932
662 750
664 746
665 862
666 824
666 971
667 863
667 987
668 898
670 692
670 903
671 819
673 734
673 748
673 854
674 926
674 963
675 817
675 844
675 929
676 700
676 807
677 704
677 902
677 962
678 793
678 803
678 879
679 927
680 763
680 944
681 764
681 795
682 817
682 838
683 713
683 755
683 781
684 779
685 830
687 849
688 862
689 914
689 939
690 895
690 937
691 793
691 847
691 918
692 903
693 701
693 974
694 725
694 758
695 718
695 831
695 895
696 875
697 735
698 706
698 937
699 717
701 787
701 988
702 739
702 814
702 876
702 976
703 850
704 732
704 902
704 962
704 980
705 954
706 748
706 868
707 912
708 883
708 893
709 874
710 774
710 935
711 852
711 854
711 882
712 935
712 985
713 727
713 781
714 794
714 954
715 778
716 761
716 838
716 877
718 831
718 865
719 804
721 722
721 917
722 917
724 943
725 758
726 862
727 921
727 960
728 957
728 979
729 789
729 867
730 785
730 806
730 945
730 990
731 968
732 980
733 788
734 748
735 834
735 998
737 925
738 925
739 814
740 829
741 801
742 805
743 995
744 766
744 930
744 955
745 824
746 922
747 757
747 815
747 912
747 938
748 868
749 780
749 870
749 971
751 855
751 979
752 849
753 901
754 890
754 982
756 791
756 828
757 958
758 878
759 795
759 863
759 905
759 906
759 953
761 877
762 790
762 940
763 944
764 897
765 988
766 955
766 959
767 848
767 972
767 978
767 981
769 807
769 946
770 835
770 851
771 782
771 829
774 935
775 957
775 962
776 791
777 837
777 899
777 950
778 917
779 969
779 995
780 971
781 818
781 832
783 789
783 801
783 964
785 808
785 945
785 975
786 871
786 926
787 909
787 988
789 964
790 820
790 940
791 828
793 847
793 879
795 863
795 953
796 904
797 924
797 973
798 959
800 819
800 827
800 828
801 840
801 964
802 998
803 999
806 860
806 990
807 813
807 856
808 975
808 989
809 823
811 908
812 977
813 923
814 976
815 904
815 912
817 844
818 959
818 993
819 822
819 827
820 892
820 983
822 967
825 861
827 890
833 886
833 936
835 920
836 857
836 984
837 899
840 875
840 951
840 964
842 919
843 928
843 976
845 888
845 946
846 911
846 938
846 974
848 978
850 996
851 857
852 882
853 866
853 955
856 861
856 888
864 914
866 900
867 966
871 885
874 880
875 964
881 970
881 989
886 936
887 923
888 946
889 891
889 954
891 954
892 929
894 914
899 950
902 905
905 953
906 957
907 986
910 990
911 974
913 958
914 939
915 983
921 946
921 960
924 973
926 944
926 963
928 994
931 985
932 934
935 985
945 990
946 960
948 952
949 965
957 962
972 978
972 981
977 996
997 999
840 627
410 542
472 360
489 452
385 637
286 807
891 266
756 694
588 198
707 268
87 674
990 434
506 936
594 701
153 723
465 297
619 799
223 312
978 394
697 185
720 186
766 237
580 496
228 153
693 569
880 802
544 838
135 281
465 173
461 731
376 356
371 849
355 524
425 936
587 739
59 704
354 306
191 386
241 219
552 795
598 405
375 77
833 401
221 360
415 912
461 592
900 780
878 355
200 228
291 922
498 305
474 425
887 564
258 210
251 770
418 556
879 474
608 943
211 658
123 235
622 78
980 361
414 385
476 627
630 732
24 486
239 325
667 34
117 684
291 672
311 89
817 198
421 730
572 102
250 612
699 529
251 305
882 499
183 130
83 301
820 612
607 122
124 603
230 904
394 516
54 541
342 657
320 385
306 539
436 833
297 438
213 778
601 716
442 814
726 495
820 482
19 622
335 545
473 470
659 640
870 397
430 152
772 121
808 861
214 757
521 382
608 441
312 818
430 994
852 233
952 516
753 553
601 591
756 586
763 480
309 788
718 554
645 120
28 650
872 691
394 758
653 399
313 592
405 363
706 813
939 641
91 703
269 376
129 434
510 954
288 638
150 563
533 753
526 432
324 716
511 286
401 590
499 891
558 130
696 249
403 793
669 148
87 479
99 237
192 655
194 260
504 96
534 72
570 205
515 836
524 719
540 595
675 736
581 150
418 636
220 294
449 276
591 507
25 549
528 19
826 716
720 308
280 470
252 436
640 716
192 196
114 761
542 393
489 422
377 919
735 471
577 820
265 540
881 626
543 774
597 135
596 967
848 803
619 641
500 235
233 506
768 903
123 322
582 595
387 316
357 340
788 168
502 914
129 725
306 692
226 113
98 441
543 159
35 350
340 177
751 925
322 657
747 154
966 345
572 875
148 192
278 235
518 918
129 629
417 284
377 229
299 507
946 400
139 395
812 313
275 896
99 601
355 869
538 181
857 701
320 845
154 172
262 847
431 511
859 563
174 703
301 555
631 366
428 470
253 894
626 706
983 482
742 182
693 405
302 958
963 370
540 560
650 600
62 666
216 529
253 188
76 386
155 614
449 842
275 622
622 753
102 278
337 775
445 641
822 845
394 456
451 768
239 390
348 204
875 709
354 377
900 584
634 90
806 113
958 450
441 16
639 644
453 534
671 921
296 575
403 246
319 267
953 307
139 350
679 698
467 702
233 854
785 671
656 59
863 773
723 328
917 565
537 479
430 973
648 695
142 534
337 82
588 309
208 157
19 411
827 236
22 599
484 45
272 83
323 511
667 542
325 943
156 762
525 351
295 255
174 749
413 956
618 455
435 851
268 182
695 47
468 889
524 241
937 331
82 341
823 288
603 781
598 250
781 830
437 38
721 831
548 894
601 461
329 245
472 842
158 648
963 575
622 414
9 498
611 970
683 844
481 512
995 498
763 321
570 774
384 717
528 800
941 443
187 458
458 918
549 229
74 588
950 653
363 427
308 910
219 212
403 694
94 786
698 930
349 959
436 371
899 630
777 182
671 108
536 738
688 236
514 978
230 189
365 457
569 539
336 473
569 393
797 140
221 415
755 459
529 954
259 263
871 638
793 410
297 386
192 782
392 154
27 521
581 429
941 549
481 93
256 649
582 18
731 388
500 17
376 563
843 732
479 712
462 133
782 224
630 44
469 753
625 676
505 112
212 886
724 598
395 866
849 363
282 334
274 741
717 160
762 400
40 459
101 392
636 961
482 589
557 564
646 771
619 278
919 675
172 344
643 318
590 568
443 941
740 335
772 347
751 873
470 861
118 785
372 478
922 394
709 653
762 653
383 835
63 337
399 407
967 406
233 82
314 741
721 705
122 492
679 804
765 142
357 592
642 266
573 72
795 696
717 452
97 261
324 107
598 52
708 764
599 357
624 389
324 360
649 884
162 316
440 417
828 346
631 843
786 521
764 827
66 561
606 633
533 140
153 154
864 667
525 598
974 653
868 462
457 363
519 273
609 319
247 634
339 444
492 210
832 566
796 819
736 271
64 297
933 266
54 438
325 569
887 771
620 200
447 180
100 344
56 477
607 562
402 619
114 295
167 799
728 913
507 443
285 720
431 889
765 100
969 469
517 411
929 596
703 915
487 535
871 195
508 788
779 198
678 192
249 749
4 462
342 128
172 829
752 751
198 143
535 113
151 304
879 663
211 904
31 390
355 286
639 868
840 603
693 644
562 712
546 926
935 354
687 878
833 548
511 479
200 485
80 357
123 666
632 532
708 117
699 618
705 484
718 929
378 690
845 499
89 416
653 216
169 782
916 726
214 608
283 657
511 634
476 933
450 563
419 877
860 757
694 662
169 663
244 474
828 798
718 54
811 789
840 253
558 289
603 517
553 822
682 427
508 149
154 523
624 320
575 915
466 314
311 64
160 460
572 844
941 713
438 496
166 501
805 248
432 782
478 16
273 697
740 514
454 465
905 428
654 501
722 883
398 912
644 563
857 405
755 277
301 331
887 645
823 413
848 844
399 43
747 360
292 408
226 689
871 379
47 397
148 691
415 674
893 672
255 673
619 339
902 511
218 576
850 146
561 757
169 567
313 143
655 381
647 942
895 487
527 168
473 645
478 798
276 121
740 853
104 573
870 276
296 291
531 366
451 199
824 138
573 302
347 324
135 587
651 915
452 248
183 860
399 269
48 621
675 317
390 103
79 231
374 194
454 681
678 478
562 237
550 616
560 637
703 166
761 843
839 765
861 610
869 244
806 554
430 184
570 170
437 603
914 409
312 244
596 664
442 549
247 717
123 463
441 913
114 203
304 270
814 391
176 367
894 235
534 671
588 221
316 447
739 91
915 540
324 923
406 229
178 615
117 268
760 726
26 503
841 447
406 300
502 36
688 758
781 856
497 389
513 48
793 545
84 729
109 429
648 831
425 346
274 283
701 64
80 657
681 264
752 214
211 255
845 682
61 724
802 727
666 583
781 324
486 343
524 258
428 623
59 367
369 267
423 409
539 708
478 128
219 174
573 578
407 212
496 466
327 529
249 855
249 129
613 914
165 587
391 16
841 307
591 93
287 102
406 142
604 864
342 597
812 155
831 872
769 167
68 402
414 459
711 378
365 897
912 316
387 186
699 460
241 350
362 934
212 395
334 374
302 886
956 478
150 579
683 461
575 342
716 672
338 29
856 635
288 872
828 509
133 831
305 358
722 796
221 827
782 739
313 633
787 641
32 613
635 808
905 460
379 974
17 451
599 542
16 565
39 563
924 700
954 417
252 365
476 444
286 607
521 1
140 366
138 239
831 821
282 60
444 743
241 871
345 402
348 490
754 111
695 134
573 362
964 613
142 463
896 607
810 233
362 765
502 658
384 282
806 474
274 861
569 687
452 627
556 58
101 459
722 575
497 595
342 574
580 460
841 464
261 338
450 71
439 659
629 781
486 956
303 102
384 137
636 405
363 705
100 521
993 465
220 591
40 686
981 538
503 738
674 668
756 807
425 16
543 415
621 163
47 597
834 199
548 653
360 628
955 540
142 422
688 906
154 271
306 158
638 474
419 747
164 391
492 981
572 445
649 749
890 312
738 627
445 107
745 485
718 253
330 672
467 242
524 496
164 430
380 388
850 279
9 437
916 614
135 210
196 581
192 282
601 292
655 286
948 362
745 717
199 615
552 373
786 498
279 452
604 885
372 667
506 500
552 980
740 902
467 501
587 285
493 685
180 486
622 570
525 521
559 476
972 598
838 857
388 937
373 607
670 245
315 410
41 663
118 746
585 178
607 830
476 917
199 441
440 870
876 748
518 317
632 898
255 557
762 434
910 289
126 544
76 433
709 689
84 771
179 811
319 774
246 837
558 76
201 545
90 757
572 805
400 840
110 222
188 512
433 441
456 96
668 394
332 960
288 775
150 339
297 828
771 367
605 684
292 208
159 632
76 264
330 340
197 401
602 341
661 801
280 317
857 343
322 311
232 274
207 805
128 802
654 531
334 210
647 246
230 646
229 558
835 697
498 572
815 703
553 946
162 846
645 359
362 916
615 738
363 94
209 192
603 185
300 733
736 554
366 24
388 207
756 511
392 64
459 25
192 689
960 388
620 497
175 183
741 406
816 497
866 497
672 379
672 962
766 83
37 580
918 354
894 748
49 646
268 601
388 301
212 632
714 229
731 150
281 140
594 75
501 330
583 928
374 799
824 734
465 346
686 605
453 334
772 773
672 223
336 876
800 443
726 346
468 983
415 521
267 404
976 420
294 120
168 239
263 574
251 698
657 89
553 867
637 178
224 476
674 52
393 80
810 657
329 743
924 579
452 3
858 480
349 675
275 585
417 702
406 12
253 148
172 414
516 865
144 324
449 517
855 827
857 209
237 292
549 680
121 507
738 242
718 437
171 302
538 328
723 744
134 521
561 6
253 69
102 504
502 613
626 976
104 719
796 758
209 686
477 152
669 440
212 279
157 225
967 329
100 659
394 666
479 303
816 215
693 720
801 273
360 407
828 263
