1000 2960 10
95 1 89 57 56 83 85 14 11 24 70 27 35 66 12 61 2 44 2 26 75 100 18 86 15 58 33 81 99 89 80 91 97 4 87 91 66 29 21 32 92 88 65 74 96 14 63 40 28 87 69 64 84 37 88 5 5 42 54 25 55 43 37 9 93 28 8 29 69 94 46 73 84 32 5 64 91 4 57 12 10 34 32 49 98 80 45 28 30 6 37 53 63 90 28 36 81 57 96 6 56 18 9 54 94 68 2 1 43 68 31 61 46 68 89 37 69 71 66 92 58 37 63 57 91 58 66 88 28 96 16 53 36 34 67 12 12 94 24 43 44 48 52 70 16 22 50 73 10 33 31 52 34 14 24 30 42 49 34 14 64 76 90 55 2 98 77 83 8 21 91 13 48 70 79 20 83 41 16 10 45 39 50 100 90 72 99 2 1 9 68 11 28 5 61 94 53 23 27 66 31 43 64 42 53 97 79 20 52 35 61 57 41 85 4 92 100 18 55 21 92 3 76 29 97 56 97 66 73 60 90 94 96 79 11 86 15 59 41 57 77 20 83 1 18 34 44 50 49 56 70 5 86 64 22 95 90 56 69 89 73 11 29 87 28 56 57 39 87 74 44 39 49 98 72 50 95 16 24 94 31 67 39 24 51 42 81 80 90 19 90 67 60 65 41 63 25 85 4 15 69 44 58 81 8 26 20 85 100 41 52 1 17 58 20 56 82 90 6 54 20 89 76 44 24 2 30 66 40 29 6 95 51 59 57 94 96 19 46 6 26 63 35 50 14 61 57 7 16 27 70 6 97 66 26 86 52 36 22 75 96 22 88 82 39 96 51 1 48 4 61 71 52 56 81 58 30 25 58 61 39 71 79 18 60 49 35 22 12 1 61 34 19 23 55 98 78 69 13 92 59 40 93 25 72 17 40 85 78 30 58 64 96 28 57 34 97 36 32 30 86 12 52 90 89 3 1 1 66 9 7 99 2 3 59 63 67 4 87 14 97 66 71 87 27 77 47 40 24 71 66 94 49 87 91 85 1 20 22 67 18 82 67 8 39 95 13 90 99 91 76 81 99 25 97 12 16 15 18 38 23 20 65 43 69 89 27 25 94 21 20 66 18 5 56 97 50 54 83 19 90 68 74 17 75 11 12 11 95 36 68 39 49 31 43 93 11 54 20 55 72 49 34 6 88 36 73 10 74 53 60 57 47 39 78 55 90 60 76 72 61 44 84 31 29 55 78 54 12 34 52 38 94 17 67 54 48 31 47 46 62 31 53 68 67 8 23 79 88 11 53 47 18 8 83 96 30 20 34 6 87 34 56 3 39 61 56 50 31 30 21 98 24 61 19 53 79 42 37 93 16 29 86 23 19 77 15 38 29 56 37 15 3 95 80 87 35 49 63 100 13 26 71 62 46 45 90 78 38 45 85 45 51 41 96 33 2 51 72 17 94 60 72 35 73 55 48 47 94 94 77 71 4 6 11 66 82 23 8 75 21 75 40 53 69 66 47 83 85 38 11 11 90 21 73 38 31 21 96 69 30 25 30 78 5 87 37 42 97 86 100 22 37 78 56 60 72 65 2 57 18 29 47 90 16 56 55 56 99 6 75 28 59 5 45 8 10 76 52 39 82 1 48 74 15 92 28 83 20 77 75 37 38 89 7 59 65 95 61 57 100 97 77 43 34 71 30 11 96 36 5 38 57 12 100 38 40 61 30 15 86 70 42 30 36 71 84 38 56 57 83 16 5 100 61 71 53 92 42 17 8 98 19 31 50 61 99 52 72 3 65 58 21 26 50 22 1 23 33 34 96 69 69 99 64 19 54 69 8 15 51 65 94 42 12 92 47 66 66 81 7 51 40 91 33 75 38 10 86 3 46 55 80 32 26 93 27 84 3 10 38 84 9 23 32 75 69 74 51 25 68 56 37 73 93 69 90 66 98 2 31 44 95 70 17 41 41 3 73 6 85 61 62 55 94 17 7 74 73 14 46 38 16 64 76 73 17 58 56 42 31 33 1 36 25 87 77 94 17 23 48 89 39 24 17 99 30 52 18 75 21 68 50 77 79 45 39 63 75 45 11 32 76 28 26 11 98 63 54 78 33 97 68 14 51 85 75 87 32 34 23 11 74 8 18 84 14 71 9 60 35 3 81 93 50 62 89 44 41 27 39 35 49 19 48 91 1 13 21 23 20 53 80 65 23 66 71 44 48 59 69 14 82 20 46 3 48 29 23 21 25 79 33 44 28 29 1 6 10 49
0 2
0 76
0 494
0 521
0 747
0 758
0 767
0 889
1 93
1 186
1 223
1 621
1 826
1 840
2 237
2 706
2 758
2 767
2 864
3 164
3 209
3 379
3 434
3 576
3 806
3 959
4 23
4 360
4 417
4 441
4 688
4 804
4 926
5 100
5 703
5 832
5 872
6 27
6 200
6 236
6 503
6 510
7 28
7 502
7 656
7 666
7 790
7 945
8 239
8 345
8 442
8 612
8 985
9 189
9 229
9 329
9 584
9 776
9 827
9 942
10 145
10 668
10 722
10 731
10 951
11 143
11 160
11 369
11 850
11 888
11 989
12 148
12 342
12 388
12 630
12 649
12 815
13 93
13 186
13 285
13 643
13 724
13 907
14 460
14 496
14 662
14 743
14 842
14 997
15 410
15 472
15 603
15 652
15 986
16 392
16 520
16 737
16 862
17 111
17 131
17 139
17 412
17 475
17 589
18 173
18 376
18 428
18 435
18 629
18 713
18 885
19 353
19 431
19 454
19 513
19 626
20 124
20 158
20 444
20 567
20 680
20 703
21 122
21 347
21 353
21 383
21 513
21 522
21 968
22 123
22 363
22 560
22 598
22 622
22 850
22 886
23 417
23 804
24 133
24 212
24 573
24 670
24 683
24 703
25 32
25 96
25 163
25 272
25 773
26 159
26 160
26 500
26 679
26 870
27 64
27 236
27 503
27 557
28 300
28 502
28 639
28 656
28 812
29 102
29 149
29 516
29 590
29 625
29 638
29 918
30 188
30 221
30 614
30 641
30 772
31 117
31 344
31 413
31 548
32 140
32 163
32 272
32 774
33 116
33 156
33 217
33 420
33 559
33 800
33 991
34 56
34 79
34 274
34 471
34 709
35 226
35 728
35 738
35 765
35 803
35 882
35 988
36 180
36 192
36 421
36 681
36 805
36 957
37 40
37 126
37 417
37 453
37 861
38 273
38 515
38 734
38 826
38 840
38 847
39 253
39 299
39 372
39 627
39 761
39 998
40 326
40 453
40 814
40 861
40 927
41 66
41 224
41 806
41 863
41 935
42 174
42 211
42 352
42 552
42 716
42 858
42 981
43 106
43 219
43 311
43 411
43 669
44 408
44 704
44 865
44 900
44 910
45 175
45 314
45 519
45 819
46 59
46 485
46 542
46 580
46 681
46 798
47 48
47 116
47 458
47 558
47 605
47 969
48 271
48 438
48 458
48 497
48 558
48 950
49 120
49 269
49 354
49 403
49 530
49 539
49 903
50 170
50 317
50 368
50 380
50 608
50 702
51 191
51 337
51 364
51 440
51 561
51 588
51 963
52 314
52 592
52 598
52 622
52 663
52 819
53 106
53 187
53 603
53 825
53 851
53 919
54 120
54 248
54 403
54 623
54 636
54 906
55 195
55 397
55 469
55 676
55 708
55 959
56 274
56 295
56 471
56 533
56 568
56 898
56 902
57 289
57 316
57 386
57 418
57 430
57 465
57 867
58 469
58 715
58 830
58 857
58 947
59 526
59 580
59 798
59 923
60 179
60 448
60 539
60 648
60 666
60 701
61 171
61 243
61 250
61 509
61 523
61 712
62 803
62 830
62 843
62 857
63 180
63 181
63 421
63 820
63 891
64 81
64 236
64 557
64 562
64 747
64 808
65 126
65 417
65 543
65 804
65 861
65 909
66 134
66 292
66 798
66 806
66 863
67 77
67 194
67 495
67 977
68 173
68 414
68 415
68 468
68 609
68 776
69 158
69 567
69 706
69 864
69 872
70 476
70 514
70 545
70 735
70 742
71 139
71 289
71 474
71 493
71 653
72 95
72 320
72 343
72 373
72 479
72 664
72 733
72 846
73 219
73 293
73 311
73 411
73 642
73 807
73 961
74 282
74 321
74 748
74 752
74 801
74 932
74 952
75 162
75 556
75 636
75 711
75 944
75 996
76 236
76 510
76 747
76 889
77 190
77 361
77 495
77 768
77 913
77 977
78 222
78 404
78 544
78 554
78 628
78 694
78 928
78 965
79 153
79 371
79 471
79 578
79 615
79 709
79 831
80 258
80 423
80 498
80 585
80 665
80 746
80 914
81 118
81 494
81 747
81 808
82 127
82 178
82 182
82 234
82 524
82 815
82 873
83 114
83 168
83 435
83 715
83 885
83 947
84 213
84 410
84 472
84 737
84 862
84 934
85 101
85 155
85 208
85 264
85 441
85 684
85 926
86 322
86 383
86 522
86 550
86 601
86 769
87 260
87 369
87 481
87 500
87 679
88 185
88 207
88 266
88 296
88 874
89 473
89 633
89 658
89 854
89 906
89 937
90 226
90 249
90 278
90 367
90 517
90 617
90 691
90 988
91 299
91 405
91 501
91 741
91 938
91 979
92 345
92 612
92 635
92 673
92 730
92 985
93 186
93 223
93 285
94 352
94 750
94 765
94 820
94 891
95 320
95 696
95 846
95 958
96 163
96 240
96 393
96 773
97 173
97 193
97 376
97 415
97 428
97 705
98 184
98 262
98 332
98 462
98 816
98 877
99 188
99 542
99 586
99 678
99 796
99 844
100 398
100 416
100 457
100 784
100 832
100 849
101 191
101 337
101 684
101 926
102 211
102 625
102 638
102 716
103 242
103 507
103 564
103 811
103 878
104 291
104 378
104 404
104 406
104 546
104 554
105 281
105 439
105 611
105 868
105 896
105 901
105 931
106 219
106 545
106 620
106 742
106 919
107 121
107 250
107 571
107 731
107 733
107 975
108 185
108 328
108 351
108 484
108 755
108 813
109 161
109 308
109 374
109 462
109 759
109 809
110 205
110 364
110 671
110 700
111 315
111 412
111 589
111 781
111 875
112 190
112 204
112 288
112 361
112 515
112 686
112 768
112 847
113 573
113 726
113 943
113 976
114 435
114 715
114 738
114 789
114 830
115 132
115 142
115 304
115 328
115 480
115 983
116 198
116 217
116 420
116 558
116 969
117 344
117 413
117 777
117 860
118 124
118 350
118 494
118 808
119 212
119 432
119 791
119 877
119 943
120 269
120 403
120 623
120 725
121 336
121 571
121 602
121 733
121 846
121 958
122 383
122 516
122 783
122 968
123 270
123 363
123 483
123 581
123 592
123 597
123 598
124 158
124 350
124 494
124 680
124 767
125 304
125 480
125 517
125 607
125 617
125 883
125 995
126 417
126 861
127 234
127 429
127 486
127 595
127 634
127 873
128 228
128 297
128 319
128 419
128 455
128 940
129 310
129 312
129 365
129 557
129 562
129 572
129 972
130 142
130 298
130 304
130 629
130 674
130 713
131 139
131 289
131 315
131 386
131 412
131 538
132 142
132 296
132 328
132 351
132 762
133 422
133 444
133 659
133 683
133 703
134 292
134 485
134 798
134 925
135 280
135 325
135 856
135 921
135 946
136 224
136 392
136 425
136 434
136 574
136 953
137 201
137 440
137 453
137 751
137 764
137 795
137 814
138 214
138 364
138 423
138 585
138 671
138 963
139 289
139 475
139 493
140 272
140 283
140 579
140 774
140 778
141 402
141 605
141 718
141 775
141 880
142 298
142 304
142 762
143 268
143 369
143 955
143 989
144 481
144 565
144 639
144 653
144 749
144 812
145 302
145 529
145 668
145 722
145 772
146 174
146 336
146 381
146 571
146 841
146 981
147 256
147 342
147 486
147 499
147 536
147 634
147 822
148 202
148 256
148 342
148 446
148 630
149 279
149 516
149 625
149 968
150 216
150 310
150 503
150 572
150 697
150 924
151 280
151 325
151 407
151 596
151 818
151 946
152 213
152 281
152 526
152 923
152 934
152 935
153 387
153 615
153 831
154 447
154 478
154 553
154 736
154 992
155 208
155 246
155 441
155 836
156 253
156 307
156 420
156 559
156 835
157 216
157 594
157 785
157 924
157 973
158 567
158 706
158 767
159 160
159 430
159 491
159 867
159 870
160 369
160 491
160 500
160 560
160 850
161 332
161 371
161 374
161 462
161 471
161 637
161 898
162 490
162 551
162 640
162 944
162 996
163 393
163 464
163 774
163 904
163 920
164 195
164 379
164 676
164 885
164 959
165 201
165 467
165 655
165 795
165 884
165 915
166 215
166 282
166 407
166 548
166 720
166 752
167 297
167 344
167 548
167 720
167 771
168 469
168 676
168 885
168 947
169 484
169 688
169 755
169 804
169 909
170 368
170 608
170 922
170 967
171 250
171 373
171 509
171 664
172 331
172 355
172 424
172 450
172 499
172 610
172 760
173 376
173 415
173 609
173 885
174 211
174 381
174 981
175 275
175 314
175 519
175 663
176 405
176 541
176 786
176 844
176 979
177 283
177 445
177 783
177 939
177 997
178 234
178 524
178 654
179 245
179 604
179 648
179 666
179 698
179 945
180 192
180 421
180 891
181 421
181 693
181 722
181 820
181 951
182 409
182 524
182 649
182 815
183 278
183 367
183 577
183 794
183 837
184 216
184 262
184 332
184 793
185 266
185 296
185 351
185 599
185 813
185 866
185 928
186 621
186 643
187 427
187 779
187 799
187 851
187 919
188 529
188 614
188 678
188 772
188 844
189 329
189 547
189 811
189 827
189 887
190 288
190 361
190 456
190 495
191 337
191 440
191 751
191 926
192 397
192 843
192 857
192 891
192 957
193 207
193 296
193 400
193 415
193 705
194 408
194 495
194 661
194 865
194 977
195 676
195 959
196 462
196 583
196 809
196 816
197 478
197 753
197 788
197 839
197 978
198 217
198 616
198 800
198 969
199 339
199 385
199 402
199 687
199 718
199 879
200 370
200 401
200 503
200 510
200 697
200 929
201 284
201 714
201 795
201 814
201 884
201 927
202 256
202 265
202 446
202 540
203 456
203 463
203 527
203 528
203 719
204 686
204 734
204 753
204 847
204 978
205 306
205 470
205 585
205 671
205 700
205 729
205 895
206 399
206 563
206 619
206 656
206 838
206 893
206 936
207 290
207 296
207 400
207 437
207 874
208 246
208 264
208 756
208 911
209 229
209 379
209 576
209 613
209 692
209 721
209 905
210 569
210 606
210 930
210 955
211 381
211 625
211 716
212 366
212 432
212 573
212 670
212 791
213 281
213 472
213 931
213 934
214 259
214 423
214 588
214 963
214 964
215 252
215 282
215 720
216 332
216 572
216 785
216 793
216 924
217 800
218 316
218 353
218 359
218 431
218 766
219 293
219 311
219 476
219 545
220 406
220 535
220 544
220 554
220 618
220 689
220 740
221 261
221 302
221 641
221 712
221 772
221 990
222 404
222 770
222 866
222 928
222 982
223 285
223 631
223 787
223 840
224 434
224 806
224 935
224 953
225 549
225 563
225 619
225 782
225 897
226 249
226 738
226 988
227 411
227 524
227 685
227 710
227 961
228 297
228 319
228 771
229 247
229 584
229 613
229 780
229 905
229 942
230 306
230 401
230 461
230 763
230 929
231 320
231 479
231 492
231 518
231 962
232 275
232 389
232 606
232 663
232 888
232 989
233 256
233 265
233 433
233 822
233 829
233 984
234 429
234 654
234 949
235 589
235 604
235 682
235 698
235 739
235 781
235 876
236 510
236 747
237 251
237 426
237 672
237 758
237 864
238 247
238 584
238 613
238 620
238 735
238 742
239 276
239 357
239 442
239 724
239 852
239 985
240 263
240 341
240 384
240 393
240 773
240 999
241 257
241 276
241 357
241 515
241 570
241 621
241 768
241 826
241 913
242 507
242 564
242 591
242 642
242 807
243 250
243 302
243 668
243 712
243 731
244 335
244 427
244 489
244 534
244 779
244 912
245 475
245 589
245 604
245 945
246 360
246 517
246 577
246 756
246 836
246 837
246 871
247 584
247 613
248 575
248 623
248 636
248 944
249 617
249 738
249 789
249 995
250 343
250 373
250 731
250 733
251 398
251 426
251 582
251 792
251 864
252 282
252 297
252 419
252 720
252 932
253 327
253 372
253 559
253 627
253 835
254 732
254 743
254 778
254 842
254 848
255 445
255 590
255 783
255 821
255 918
255 941
256 265
256 342
256 822
257 333
257 357
257 512
257 673
257 913
258 724
258 746
258 907
258 914
259 423
259 477
259 665
259 732
259 964
260 268
260 369
260 481
260 565
260 955
261 327
261 641
261 660
261 835
261 990
262 366
262 791
262 793
262 877
262 972
263 341
263 377
263 384
263 781
263 948
264 684
264 911
265 540
265 600
265 984
266 540
266 599
266 600
266 874
267 271
267 385
267 718
267 744
267 775
268 369
268 955
269 354
269 650
269 725
269 845
270 592
270 597
270 744
271 382
271 438
271 458
271 597
271 744
271 775
272 283
272 675
272 773
273 303
273 334
273 624
273 734
273 753
273 787
273 840
274 535
274 709
274 902
274 960
275 389
275 519
275 663
275 930
276 357
276 570
276 724
277 285
277 498
277 729
277 746
277 895
277 907
278 367
278 517
278 837
279 336
279 381
279 513
279 625
279 626
279 968
280 308
280 699
280 818
280 856
280 946
281 586
281 868
281 923
281 931
282 752
282 932
283 579
283 675
283 939
283 997
284 482
284 533
284 594
284 714
284 884
285 318
285 631
285 695
285 895
285 907
286 325
286 511
286 726
286 809
286 921
286 976
287 395
287 707
287 838
287 893
287 922
288 456
288 686
289 386
289 474
289 867
290 400
290 437
290 547
290 667
290 887
291 356
291 378
291 506
291 546
291 644
291 833
292 708
292 806
292 925
292 959
293 476
293 514
293 525
293 807
294 362
294 828
294 855
294 900
295 508
295 533
295 785
295 898
295 973
296 351
296 705
296 762
297 419
297 720
297 771
298 428
298 705
298 713
298 762
299 501
299 741
299 761
299 998
300 399
300 639
300 656
300 897
301 317
301 473
301 555
301 658
301 702
301 723
302 668
302 712
302 772
303 478
303 624
303 753
303 992
304 480
304 674
304 995
305 340
305 427
305 489
305 717
305 825
306 470
306 655
306 700
306 763
306 929
307 420
307 466
307 558
307 660
307 835
308 374
308 511
308 699
308 759
308 856
309 329
309 514
309 525
309 584
309 735
309 878
310 503
310 557
310 572
311 411
312 365
312 505
312 562
312 808
313 413
313 450
313 690
313 834
313 949
314 663
314 819
315 412
315 538
315 769
315 875
316 359
316 418
316 465
316 538
316 550
316 766
317 368
317 395
317 702
318 390
318 470
318 695
318 763
318 895
319 455
319 506
319 532
319 771
319 833
319 970
320 479
320 492
320 632
320 696
321 537
321 748
321 881
321 890
321 952
322 601
322 769
322 875
322 908
323 379
323 414
323 780
323 885
323 905
323 942
324 460
324 496
324 577
324 756
324 794
324 941
324 956
324 971
325 921
325 946
325 976
326 714
326 861
326 917
326 927
327 627
327 641
327 741
327 786
327 835
327 998
328 351
328 755
328 983
329 584
329 811
329 878
330 552
330 691
330 716
330 728
330 750
330 810
330 882
331 450
331 760
331 834
332 462
332 637
332 785
333 512
333 913
333 977
333 994
334 452
334 587
334 624
334 787
335 425
335 489
335 574
335 677
335 912
336 381
336 571
336 602
336 626
337 588
337 662
337 684
338 725
338 730
338 797
338 845
338 853
339 519
339 687
339 879
340 489
340 677
340 717
341 377
341 635
341 797
341 999
342 536
342 815
343 373
343 733
344 548
344 771
344 777
345 612
345 985
346 405
346 541
346 586
346 611
346 796
346 868
346 869
346 896
347 353
347 359
347 522
347 550
348 487
348 852
348 914
348 920
349 459
349 587
349 757
349 899
349 993
350 391
350 505
350 680
350 808
352 552
352 750
352 820
352 858
353 359
353 431
353 513
354 650
354 876
354 903
355 356
355 424
355 506
355 532
355 610
356 424
356 433
356 506
356 644
356 829
356 982
357 673
357 985
358 380
358 448
358 530
358 539
358 555
358 608
358 651
359 550
360 441
360 688
360 836
360 871
361 768
362 824
362 828
362 855
362 987
363 483
363 886
364 375
364 561
364 671
364 700
364 954
364 963
365 505
365 670
365 972
366 670
366 791
366 972
367 691
367 794
367 810
368 395
368 922
369 500
370 467
370 655
370 697
370 884
370 924
370 929
371 374
371 471
371 615
372 559
372 593
372 761
372 991
373 664
374 387
374 615
374 699
375 655
375 700
375 915
375 954
376 428
377 797
377 853
377 948
378 406
378 833
378 970
379 885
379 905
380 555
380 608
380 702
381 625
382 438
382 518
382 597
382 962
383 522
383 601
383 783
383 939
384 773
384 781
384 823
385 592
385 687
385 718
385 744
385 819
386 418
386 538
387 615
387 699
387 831
387 881
387 890
388 507
388 591
388 630
388 649
388 916
389 606
389 930
390 461
390 504
390 695
390 763
390 993
391 422
391 444
391 505
391 680
392 520
392 574
392 737
392 953
393 464
393 612
393 999
394 711
394 723
394 828
394 974
395 922
396 455
396 578
396 740
396 745
396 831
396 940
397 469
397 708
397 857
397 925
397 957
398 457
398 736
398 792
398 832
398 864
399 619
399 656
399 897
400 415
400 468
400 547
401 461
401 510
401 929
402 616
402 718
402 879
402 880
403 530
403 566
403 651
403 906
403 937
404 546
404 554
404 982
405 541
405 869
405 938
405 979
406 554
406 740
406 745
406 970
407 596
407 752
407 801
408 661
408 865
408 910
409 524
409 649
409 685
409 961
410 472
410 603
410 862
411 669
411 710
411 961
413 548
413 760
413 834
413 860
413 949
414 609
414 776
414 885
414 942
415 468
416 457
416 553
416 849
417 453
417 804
417 926
418 538
419 537
419 932
419 940
420 558
421 722
421 805
422 444
422 505
422 659
423 585
423 665
424 433
424 499
424 822
425 434
425 574
425 657
425 912
426 582
426 672
426 757
427 489
427 779
427 825
427 851
428 705
428 713
429 595
429 690
429 949
430 436
430 465
430 491
430 867
431 454
431 696
431 766
431 958
432 573
432 943
433 822
433 829
434 576
434 657
434 806
435 629
435 789
435 885
436 465
436 491
436 645
436 647
437 446
437 540
437 667
437 874
438 497
438 962
438 980
439 501
439 611
439 869
439 901
439 938
440 561
440 751
440 764
440 954
441 836
441 926
442 464
442 612
442 852
442 920
443 449
443 463
443 528
443 784
444 680
444 703
445 460
445 783
445 941
445 997
446 540
446 630
446 667
447 451
447 478
447 488
447 531
447 553
447 788
448 539
448 608
448 701
449 463
449 704
449 784
449 900
450 486
450 499
450 595
450 690
450 834
451 488
451 528
451 719
451 788
451 839
452 587
452 624
452 757
452 933
453 751
453 814
453 926
454 602
454 626
454 958
455 745
455 940
455 970
456 495
456 527
456 686
456 719
456 839
457 553
457 736
458 605
458 775
459 504
459 521
459 646
459 672
459 757
459 993
460 496
460 941
460 997
461 504
461 510
461 646
461 763
461 889
462 809
462 816
463 527
463 528
463 704
463 966
464 612
464 920
465 632
465 647
465 766
466 509
466 523
466 558
466 660
466 950
466 990
467 655
467 884
468 547
468 776
468 827
469 676
469 857
469 947
470 763
470 895
471 898
472 931
472 986
473 658
473 723
473 854
474 653
474 867
474 870
475 493
475 589
475 859
475 945
476 514
476 545
477 487
477 665
477 732
477 848
477 904
478 753
478 788
478 992
479 664
479 962
479 980
480 607
480 983
481 565
481 679
481 749
482 533
482 568
482 714
483 492
483 581
483 645
483 647
483 886
484 628
484 755
484 813
484 909
485 681
485 798
485 925
485 957
486 499
486 595
486 634
487 665
487 904
487 914
487 920
488 528
488 531
488 784
489 677
490 640
490 661
490 824
490 977
490 987
490 994
490 996
491 560
491 645
491 886
492 518
492 581
492 632
492 647
493 653
493 859
494 747
494 767
495 527
495 865
495 966
496 662
496 684
496 911
496 956
497 509
497 950
497 980
498 585
498 729
498 746
499 822
500 679
501 652
501 761
501 901
501 938
502 812
502 859
502 945
503 557
503 697
504 646
504 993
505 659
505 670
505 808
506 532
506 833
507 591
507 811
507 916
508 637
508 785
508 898
509 523
509 664
509 950
509 980
510 889
511 759
511 809
511 856
511 921
512 640
512 673
512 727
512 754
512 994
513 626
513 968
514 525
514 735
515 768
515 826
515 847
516 590
516 783
516 968
517 617
517 837
517 871
517 883
518 581
518 597
518 962
519 687
519 819
519 879
520 574
520 603
520 677
520 717
520 862
521 646
521 672
521 758
521 889
522 550
523 712
523 990
524 654
524 685
524 710
525 807
525 878
526 798
526 863
526 923
526 935
527 966
528 719
528 784
529 678
529 722
529 772
529 805
530 539
530 651
531 553
531 784
531 849
532 610
532 771
533 568
533 594
533 973
534 692
534 721
534 779
534 912
535 578
535 618
535 709
535 740
535 960
536 634
536 815
536 873
537 748
537 831
537 890
537 932
537 940
538 550
538 769
539 648
539 903
540 600
540 874
541 796
541 844
542 580
542 586
542 678
542 681
543 694
543 861
543 894
543 909
543 917
543 965
544 554
544 689
544 894
544 965
545 742
546 644
546 982
547 827
547 887
548 720
548 949
549 563
549 782
549 838
549 930
550 769
551 575
551 640
551 727
551 802
551 944
552 716
552 750
553 736
553 849
555 566
555 651
555 658
555 702
556 633
556 636
556 711
556 723
556 974
557 562
558 950
559 991
560 850
560 886
561 954
562 808
563 619
563 838
564 807
564 878
565 569
565 639
565 782
565 897
565 955
566 651
566 658
566 937
567 703
567 872
568 714
568 902
568 917
568 960
569 782
569 930
569 955
570 621
570 643
570 724
571 693
571 841
571 975
572 793
572 972
573 703
573 943
573 976
574 677
575 623
575 802
575 944
576 657
576 721
576 912
577 756
577 794
577 837
578 709
578 740
578 831
579 778
579 842
579 997
580 586
580 923
581 597
582 757
582 792
582 933
583 726
583 809
583 816
583 877
583 943
584 735
585 671
585 729
586 796
586 868
586 923
587 631
587 757
587 787
587 899
588 662
588 817
588 963
588 964
589 604
589 781
590 783
590 918
591 642
591 649
592 598
592 744
592 819
593 761
593 800
593 991
594 884
594 924
594 973
595 690
596 801
596 818
596 952
597 744
598 622
599 600
599 866
599 984
600 984
601 675
601 908
601 939
602 626
602 958
603 717
603 825
603 862
604 698
605 775
605 880
605 969
606 930
606 955
606 989
607 688
607 883
607 983
608 701
608 967
609 885
610 760
610 771
610 777
610 860
611 869
611 896
612 635
612 999
613 620
613 692
613 799
614 641
614 786
614 844
616 800
616 879
616 880
616 969
617 995
618 689
618 894
618 960
619 897
620 742
620 799
620 919
621 643
621 826
622 663
622 850
622 888
623 725
623 802
624 933
624 992
627 998
628 694
628 813
628 909
628 928
629 674
629 713
629 789
630 667
630 887
630 916
631 695
631 787
631 899
632 647
632 696
632 766
633 636
633 723
633 854
633 906
634 873
635 730
635 797
635 999
636 906
636 944
637 785
637 898
638 716
638 810
638 918
639 812
639 897
640 727
640 994
641 786
642 649
642 807
642 961
643 724
644 982
645 647
645 886
646 889
648 698
648 903
649 815
649 961
650 739
650 845
650 853
650 876
652 901
652 986
653 749
653 812
653 859
653 870
654 669
654 710
654 949
655 700
655 915
655 929
656 790
656 936
657 912
658 937
659 670
659 683
660 835
660 990
661 855
661 910
661 977
661 987
662 684
662 743
662 817
663 888
664 980
665 914
666 701
666 790
666 945
666 967
667 887
668 731
669 710
669 949
670 683
670 972
672 757
672 758
673 730
673 754
673 892
673 985
674 789
674 995
675 773
675 908
675 939
676 885
677 717
678 681
678 805
679 749
679 870
681 805
681 957
682 739
682 781
682 948
684 911
685 961
686 839
686 978
687 819
688 755
688 804
688 871
688 883
688 983
689 894
690 949
691 728
691 810
691 988
692 721
692 779
692 799
693 820
693 841
693 858
693 951
693 975
694 909
694 965
695 899
695 993
696 766
696 958
697 924
698 876
698 903
699 818
699 881
701 967
703 872
704 865
704 900
704 966
705 762
706 767
706 864
707 893
707 922
707 936
707 967
708 925
708 959
711 824
711 828
711 974
711 996
712 990
714 917
714 927
715 830
715 947
716 810
717 825
718 775
719 839
721 912
722 805
722 951
723 828
723 854
723 974
724 852
724 907
724 914
725 730
725 802
725 845
725 892
726 809
726 943
726 976
727 754
727 802
728 882
728 988
729 895
730 797
730 892
731 951
731 975
732 743
732 817
732 848
732 964
733 846
734 753
734 847
735 742
736 792
736 992
737 862
737 934
737 953
738 789
738 803
738 830
739 853
739 876
739 948
740 745
741 786
741 979
741 998
743 817
743 842
745 970
746 907
748 932
749 870
750 765
750 882
751 926
752 801
753 978
754 802
754 892
755 983
756 911
756 956
757 933
759 809
760 834
760 860
764 795
764 915
764 954
765 803
765 843
765 882
765 891
768 913
769 875
770 829
770 866
770 982
771 777
773 823
773 908
774 778
774 904
776 827
776 942
777 860
778 842
778 848
778 904
779 799
780 905
780 942
781 823
781 875
781 948
782 897
782 930
783 939
784 849
784 900
785 973
786 844
786 979
787 840
788 839
789 995
790 936
790 967
791 877
792 933
792 992
793 972
794 810
794 971
795 915
796 844
797 853
798 863
799 919
800 991
801 952
802 892
803 830
803 843
804 909
806 959
807 878
810 821
810 918
810 971
811 878
811 887
811 916
812 859
813 928
814 927
815 873
816 877
817 964
818 881
818 952
820 858
820 891
821 918
821 941
821 971
823 875
823 908
824 828
824 987
824 996
825 851
826 840
829 866
829 982
829 984
830 857
831 890
831 940
832 864
832 872
833 970
838 893
838 930
839 978
841 858
841 981
842 997
843 857
843 891
845 853
846 958
848 904
850 888
852 914
852 920
853 948
855 900
855 910
855 987
856 921
858 981
859 945
861 917
863 935
864 872
865 966
866 928
866 984
867 870
868 896
869 938
871 883
875 908
876 903
877 943
880 969
881 890
881 952
884 924
887 916
888 989
893 936
894 917
894 960
894 965
899 993
900 910
901 931
901 986
902 960
904 920
906 937
911 956
913 977
915 954
917 960
922 967
925 957
931 986
933 992
934 935
934 953
935 953
936 967
941 971
951 975
955 989
962 980
977 994
857 382
792 561
899 393
170 416
497 393
988 413
772 344
577 894
709 650
217 300
242 657
422 928
287 188
754 551
535 565
8 543
48 482
536 807
317 391
418 710
932 303
463 690
377 877
501 377
873 190
614 665
453 872
788 324
541 896
441 625
177 667
436 24
600 643
147 803
591 190
350 512
222 561
547 336
827 578
105 755
556 318
139 485
360 593
162 133
907 728
313 954
169 550
213 825
252 812
692 829
666 940
604 451
326 912
42 324
744 813
220 462
610 223
457 811
278 463
144 547
638 868
232 726
303 505
276 585
829 319
500 334
159 495
855 686
253 336
939 379
132 257
509 828
324 739
175 181
568 48
812 813
816 372
850 662
474 249
587 172
691 544
844 333
278 114
287 428
53 517
531 437
507 722
457 912
362 278
769 884
405 493
74 700
718 685
782 549
319 555
362 753
622 680
297 342
757 183
157 619
996 453
553 441
416 615
226 231
475 202
65 579
70 266
301 692
425 315
695 148
668 445
558 781
852 625
786 109
309 466
401 367
159 817
433 39
860 328
803 169
722 801
331 685
473 661
348 869
893 333
405 424
526 337
300 111
521 94
792 277
354 387
513 792
387 346
908 241
179 502
682 64
82 461
589 376
647 490
522 813
579 619
233 866
370 365
432 940
508 897
210 658
346 647
334 137
311 194
432 656
736 289
646 31
99 541
601 145
941 519
506 445
154 774
693 274
930 346
442 852
424 883
670 170
802 784
627 643
187 414
658 353
536 12
483 34
252 432
467 351
641 929
262 746
392 96
281 357
365 620
335 958
110 671
524 619
263 95
594 842
272 556
271 611
265 152
442 515
757 221
395 282
769 558
72 349
173 637
246 273
865 648
570 420
259 531
313 316
869 698
204 437
741 151
911 568
153 851
257 898
756 349
600 332
324 210
915 637
860 587
690 456
569 959
320 290
513 460
162 380
450 981
380 615
826 192
67 529
638 517
516 33
730 253
143 838
440 753
138 175
529 212
191 697
439 234
790 535
132 465
529 972
380 489
202 132
495 95
182 326
738 403
318 792
389 947
381 197
294 92
620 786
791 347
886 419
132 297
713 632
621 708
769 619
213 209
229 696
94 379
577 836
468 447
147 316
753 797
370 462
283 712
894 435
519 60
127 757
594 563
476 592
339 182
789 677
708 549
646 536
462 933
171 735
776 207
639 729
531 471
365 203
359 261
265 870
447 943
694 788
310 863
273 848
580 653
848 542
585 220
371 974
747 624
724 513
424 488
412 662
652 67
94 562
532 27
543 619
640 302
763 514
742 85
602 981
870 630
495 815
302 275
465 166
175 486
149 214
896 802
663 235
358 313
505 72
342 366
73 738
535 920
712 952
213 683
888 537
398 392
37 400
723 418
178 772
682 112
180 266
767 289
151 162
826 276
348 40
324 935
527 770
450 773
683 961
747 465
491 115
343 769
574 73
535 727
213 355
498 526
721 60
566 293
122 726
403 350
205 268
377 550
371 67
715 197
807 691
847 519
91 407
368 670
573 459
686 747
248 919
49 415
666 710
307 164
303 721
467 40
712 665
97 616
469 733
678 593
825 466
870 303
393 329
329 576
443 721
676 809
435 119
432 161
752 655
699 879
455 747
476 414
849 646
894 779
361 853
642 447
807 260
812 202
420 529
649 954
440 913
698 355
627 162
115 775
291 738
648 127
649 405
307 366
653 741
491 179
188 393
682 906
391 634
299 818
503 675
597 721
273 898
478 798
613 121
265 213
387 976
763 457
876 281
68 471
656 672
851 847
640 972
541 173
208 483
963 448
548 942
288 310
757 387
218 887
736 835
455 225
74 663
508 180
598 16
880 723
236 149
14 511
175 145
538 786
381 32
240 347
288 326
987 517
517 364
467 784
525 79
169 796
243 595
883 246
660 520
381 128
98 422
876 445
64 368
321 358
308 81
422 824
403 743
814 152
396 171
127 439
309 412
405 825
321 265
285 808
34 616
602 414
498 417
696 629
954 671
914 282
503 587
316 229
961 572
664 882
947 699
353 72
935 595
870 502
561 346
401 704
524 127
890 626
989 473
244 839
823 437
505 550
783 414
716 157
932 671
658 644
432 806
208 762
674 349
262 317
259 459
734 455
627 180
33 536
781 902
491 837
547 825
132 231
635 560
925 553
302 782
420 388
488 901
612 280
357 834
453 324
181 530
334 111
652 577
958 600
65 402
833 752
407 855
353 800
521 839
867 348
893 665
543 507
265 799
703 510
353 122
442 898
39 684
559 880
770 309
804 436
846 265
448 144
245 222
665 220
259 766
776 386
710 91
792 716
441 691
157 249
817 608
466 641
424 446
318 809
297 954
34 457
833 416
483 723
215 736
234 123
173 245
136 534
912 654
944 629
200 630
702 845
980 564
452 99
651 269
118 366
558 213
312 142
567 99
479 771
669 854
333 226
111 656
155 584
507 299
501 236
100 242
457 200
277 276
451 14
517 996
477 752
781 759
364 567
972 520
484 222
712 892
820 835
801 304
207 801
136 775
397 870
615 429
818 292
545 979
208 225
489 939
731 880
948 352
599 257
470 982
756 605
325 669
773 265
836 137
72 445
757 778
144 398
466 493
559 177
560 610
150 567
332 825
886 458
751 132
166 300
684 502
134 587
831 496
592 498
574 795
462 615
246 205
316 897
101 799
672 285
325 91
612 47
312 840
348 887
375 242
363 232
542 679
379 685
9 496
589 807
224 847
406 977
432 399
668 897
264 361
439 77
66 611
678 672
129 332
161 665
617 148
175 874
400 439
545 231
549 957
107 304
770 592
377 899
737 788
884 517
409 630
394 683
117 744
457 281
329 405
289 230
807 512
388 782
796 869
311 125
684 700
798 829
674 200
424 593
525 908
806 743
147 706
201 190
756 575
445 186
388 824
799 417
382 800
641 848
256 171
674 783
713 867
9 559
513 857
263 79
674 378
552 925
113 423
757 896
877 231
179 748
867 738
566 511
364 957
293 761
662 550
605 895
307 244
239 673
178 118
828 230
669 472
857 440
744 700
350 418
562 673
219 440
56 435
179 605
466 884
890 302
200 559
634 772
883 211
547 464
212 145
879 609
271 916
457 376
525 241
331 52
397 521
119 351
299 625
475 274
791 483
380 758
731 308
607 817
627 98
665 418
624 896
689 932
941 267
929 698
327 342
919 372
609 961
191 476
576 197
193 119
854 817
205 713
338 382
599 293
293 460
387 588
34 421
256 883
919 619
499 31
136 382
227 641
841 861
721 584
706 768
764 116
772 741
366 522
711 494
700 739
273 673
614 540
311 706
849 574
142 281
961 469
71 493
327 481
642 786
538 188
87 709
107 276
577 554
283 866
520 165
711 524
827 356
561 65
494 872
341 554
578 406
554 15
896 558
751 722
432 346
486 491
845 459
869 407
708 109
398 65
83 769
351 344
744 438
619 383
333 534
399 767
894 359
827 645
520 748
417 205
481 81
193 658
601 702
596 620
249 855
245 321
455 58
602 593
85 366
196 337
614 765
510 978
482 630
978 644
695 222
132 695
824 525
923 585
343 452
594 919
799 190
894 473
769 249
451 534
609 369
138 636
671 738
156 523
97 325
114 817
571 28
741 754
327 508
491 362
209 597
146 459
194 219
849 310
724 111
419 555
242 253
536 879
434 293
576 332
280 150
756 167
590 522
623 58
301 920
289 593
456 563
368 149
581 724
848 770
31 384
787 596
242 300
883 816
398 189
307 487
584 127
973 420
480 158
369 48
162 756
487 435
447 475
587 984
905 603
808 561
334 637
558 573
298 523
146 651
689 771
340 723
839 601
614 580
988 534
399 892
43 363
692 603
660 761
796 886
902 766
692 76
274 510
310 601
532 854
427 53
517 312
37 496
143 507
931 398
900 701
407 220
463 833
101 597
55 630
481 860
454 422
977 391
297 132
338 266
558 751
654 814
787 174
207 245
222 906
204 873
606 83
348 530
440 416
662 331
251 397
377 849
270 262
389 910
811 398
587 96
299 542
724 748
594 960
529 258
729 481
82 605
517 951
637 208
817 490
938 735
22 584
597 239
649 831
640 591
186 373
782 851
737 540
556 708
478 334
911 752
526 487
112 404
808 666
689 566
634 376
268 237
559 271
442 591
60 317
654 605
708 76
626 960
127 550
721 294
198 498
555 416
586 319
439 268
734 383
502 999
54 564
539 66
881 486
84 503
114 493
590 943
750 882
50 669
526 662
543 115
485 565
212 325
807 129
784 791
568 858
667 45
265 445
644 758
289 52
220 782
271 648
594 63
96 489
630 408
453 960
502 505
207 526
373 715
190 454
564 245
202 165
300 800
623 472
623 525
498 280
915 672
627 919
443 675
202 848
501 149
458 548
798 246
669 265
834 841
286 664
764 84
829 694
887 590
90 685
276 783
349 630
435 199
425 366
386 217
727 666
30 554
858 754
377 505
416 943
192 736
117 790
902 507
804 459
812 707
378 435
828 794
519 583
101 728
668 685
