1000 2961 10
21 82 98 68 50 74 94 29 92 46 43 87 97 78 56 26 7 49 47 36 48 28 1 99 1 2 49 6 58 37 55 52 19 44 55 20 77 17 57 18 24 44 40 34 24 22 44 80 3 79 56 79 75 46 7 7 72 37 37 46 10 58 13 65 77 55 99 49 81 13 39 88 35 30 75 33 95 46 68 27 15 28 90 89 27 78 61 97 3 50 73 34 43 53 24 81 25 82 68 36 31 28 94 36 6 26 9 85 63 36 92 41 87 13 78 29 35 4 85 39 64 92 96 35 14 41 72 32 39 57 44 78 46 19 58 53 54 83 13 41 85 56 92 100 5 18 59 22 31 68 59 70 12 10 8 59 31 6 17 3 8 6 62 84 75 74 25 12 5 36 30 35 92 71 61 100 67 59 84 51 5 81 37 10 45 47 51 10 83 60 13 37 23 2 99 45 3 41 55 98 55 79 80 57 65 72 52 9 95 36 77 57 7 76 80 89 29 8 29 41 91 3 81 34 99 20 79 90 57 87 31 20 1 1 2 88 34 95 41 44 29 30 56 16 49 78 26 32 84 100 80 5 13 31 62 96 51 32 91 31 29 10 50 19 55 37 55 4 89 56 98 17 75 11 66 44 58 68 34 24 55 47 43 68 19 34 68 61 12 93 85 93 9 25 29 11 96 68 19 89 44 13 20 42 58 30 86 4 77 7 74 51 31 36 40 31 5 9 83 39 26 28 19 58 72 13 95 87 13 99 61 51 92 55 19 100 31 78 62 64 6 34 90 10 64 16 36 84 13 99 59 56 61 86 48 43 52 96 91 90 63 32 2 63 40 55 20 57 23 16 79 35 95 11 33 86 95 47 39 64 62 70 15 59 91 85 64 62 50 62 44 7 93 5 15 24 36 90 14 44 49 88 5 1 8 53 15 99 93 70 40 37 31 84 90 91 29 41 16 34 2 5 26 9 53 23 27 43 61 1 29 22 33 51 89 70 12 76 73 53 25 85 29 38 15 25 44 59 13 23 33 95 22 65 89 14 87 61 57 2 92 17 60 60 15 37 37 71 69 31 63 38 16 18 17 96 17 97 94 92 54 49 60 30 44 11 19 87 90 28 55 95 69 64 17 47 64 46 85 43 77 40 90 46 96 28 29 37 13 98 18 16 50 32 98 28 37 78 10 59 49 52 98 88 95 85 34 11 84 69 46 65 37 96 56 81 40 62 50 80 84 66 4 93 55 14 2 15 27 83 91 7 47 23 91 33 63 13 94 97 49 22 79 33 55 62 53 62 56 26 35 94 2 66 23 41 8 41 20 3 11 10 11 42 72 91 67 92 77 68 21 48 70 43 29 21 86 28 94 49 78 70 5 97 90 43 98 44 99 42 45 80 28 94 46 51 5 98 100 71 40 75 34 60 77 70 99 96 97 84 22 61 8 25 90 33 1 98 39 34 99 46 50 100 91 67 41 66 25 77 53 68 6 94 36 51 75 14 35 88 29 65 70 34 73 99 48 90 35 66 34 81 17 44 32 8 95 53 52 21 16 5 25 44 1 26 11 22 38 82 55 55 11 13 67 69 80 25 91 37 86 27 17 95 60 72 20 33 84 88 78 14 11 88 3 69 3 3 69 88 58 52 56 62 77 50 19 13 98 56 78 37 20 29 1 99 84 43 1 50 33 59 82 78 9 77 68 3 38 52 90 34 63 68 68 75 12 62 15 45 39 10 74 85 24 55 51 42 99 15 30 72 41 92 66 83 14 76 19 74 21 83 44 89 86 49 77 73 77 50 27 66 4 55 57 91 49 33 40 87 7 11 79 76 87 71 29 54 74 72 33 97 22 52 72 64 11 11 79 26 56 58 25 54 84 30 62 27 70 90 13 53 10 6 81 77 13 13 92 12 6 36 53 89 78 44 98 28 94 34 50 96 44 9 62 19 71 81 59 96 67 2 50 70 11 83 69 18 17 92 80 84 6 1 46 6 97 5 10 87 87 88 27 87 45 77 66 20 5 69 66 32 67 84 77 56 40 24 70 63 98 63 26 36 14 1 20 33 99 50 3 93 13 55 96 97 48 10 41 80 21 39 16 65 14 28 27 88 22 89 74 43 44 42 21 71 80 34 32 7 23 48 60 21 4 30 52 4 74 11 87 38 68 89 14 47 87 14 60 41 65 53 53 96 59 20 48 81 81 76 33 54 25 78 96 7 63 55 18 67 29 47 75 71 31 25 37 62 100 15 79 39 5 19 48 76 48 97 77 23
0 499
0 709
0 716
0 724
0 771
1 5
1 192
1 251
1 337
1 732
1 819
1 944
2 232
2 293
2 419
2 530
2 901
2 933
3 285
3 395
3 487
3 773
3 786
4 88
4 130
4 370
4 420
4 784
4 981
5 159
5 192
5 497
5 855
5 944
6 62
6 401
6 461
6 627
6 630
6 908
7 266
7 411
7 553
7 904
7 951
8 127
8 309
8 456
8 476
8 747
8 781
8 923
9 531
9 739
9 845
9 853
9 967
10 287
10 332
10 442
10 621
10 706
11 42
11 256
11 358
11 366
11 422
11 460
12 111
12 182
12 218
12 330
12 761
12 945
13 141
13 184
13 390
13 504
13 639
13 785
13 792
14 147
14 173
14 345
14 385
14 434
14 730
14 955
15 231
15 536
15 661
15 800
16 431
16 738
16 816
16 867
17 112
17 320
17 324
17 350
17 914
17 918
17 992
18 36
18 118
18 183
18 666
18 883
19 63
19 564
19 691
19 874
19 990
19 999
20 169
20 248
20 791
20 860
20 963
21 36
21 118
21 210
21 348
21 455
21 542
22 180
22 453
22 634
22 642
23 127
23 241
23 363
23 701
23 781
24 25
24 94
24 104
24 338
24 446
25 104
25 180
25 446
25 803
26 170
26 440
26 513
26 551
26 898
26 937
27 95
27 264
27 529
27 765
27 843
27 869
28 224
28 236
28 552
28 591
28 824
28 935
28 946
29 122
29 281
29 305
29 337
29 507
29 586
29 895
30 56
30 463
30 511
30 597
30 776
30 987
31 47
31 179
31 244
31 386
31 405
32 283
32 397
32 523
32 714
32 778
33 88
33 340
33 420
33 607
33 905
33 913
34 71
34 414
34 505
34 637
34 685
34 809
35 134
35 454
35 509
35 578
35 740
35 952
35 968
36 118
36 183
36 210
36 518
37 300
37 397
37 697
37 778
37 959
38 299
38 401
38 461
38 675
38 866
39 40
39 120
39 317
39 420
39 567
39 784
39 805
39 905
40 120
40 501
40 626
40 724
40 805
41 816
41 867
41 974
42 256
42 297
42 356
42 366
43 55
43 449
43 479
43 625
44 115
44 341
44 372
44 590
44 679
44 822
44 977
45 176
45 234
45 261
45 683
45 839
45 930
46 538
46 633
46 641
46 708
46 796
47 244
47 283
47 386
47 523
47 552
47 946
48 60
48 193
48 342
48 373
48 644
48 929
49 100
49 304
49 346
49 438
49 659
49 790
50 502
50 580
50 820
50 843
50 964
51 197
51 213
51 233
51 527
51 674
51 889
52 136
52 171
52 344
52 352
52 563
52 587
52 917
53 212
53 263
53 473
53 614
53 663
53 759
53 816
53 857
53 974
54 410
54 520
54 550
54 689
54 847
54 852
55 250
55 342
55 373
55 479
55 625
56 341
56 463
56 488
56 822
56 987
57 85
57 119
57 212
57 274
57 495
57 541
57 666
57 718
57 834
58 297
58 356
58 359
58 372
58 836
58 970
59 450
59 540
59 655
59 762
59 825
60 134
60 250
60 342
60 459
60 644
60 740
61 480
61 483
61 586
61 616
61 783
61 896
62 255
62 433
62 627
62 656
62 908
63 251
63 337
63 483
63 564
63 874
64 84
64 319
64 670
64 729
64 782
64 894
65 140
65 354
65 518
65 534
65 598
65 856
65 948
66 85
66 140
66 212
66 541
66 829
66 856
67 138
67 273
67 323
67 343
67 499
68 206
68 641
68 708
68 920
68 978
69 116
69 152
69 379
69 681
69 705
70 197
70 213
70 527
70 763
70 919
70 995
71 194
71 505
71 741
71 809
71 941
72 327
72 449
72 479
72 575
73 209
73 593
73 676
73 708
73 881
73 920
74 275
74 409
74 453
74 749
74 893
74 910
75 285
75 380
75 665
75 685
75 741
75 773
75 809
75 947
76 94
76 165
76 333
76 446
76 524
76 680
76 752
77 277
77 370
77 603
77 780
77 939
78 90
78 361
78 365
78 368
78 535
78 985
79 334
79 384
79 423
79 562
79 865
80 142
80 177
80 441
80 522
80 801
80 971
81 371
81 388
81 463
81 488
81 604
82 364
82 654
82 798
82 868
82 909
83 121
83 214
83 391
83 404
83 607
83 981
84 137
84 319
84 481
84 751
84 894
85 140
85 534
85 541
85 718
86 109
86 198
86 469
86 568
86 720
87 485
87 544
87 715
87 897
87 983
88 420
88 607
88 981
89 101
89 172
89 447
89 539
89 672
89 858
89 890
89 963
90 245
90 347
90 365
90 368
90 635
91 192
91 280
91 408
91 732
92 429
92 509
92 543
92 600
92 725
92 777
93 268
93 325
93 491
93 532
93 536
93 574
93 825
94 275
94 338
94 446
94 651
94 752
94 893
95 161
95 174
95 455
95 753
95 765
95 869
96 245
96 475
96 678
96 682
96 915
97 399
97 500
97 817
97 993
98 175
98 242
98 384
98 562
98 802
99 194
99 282
99 436
99 493
99 694
99 932
99 941
100 198
100 424
100 438
100 659
100 972
100 988
101 172
101 354
101 598
101 817
101 849
101 890
102 204
102 510
102 512
102 739
102 804
102 901
102 927
102 940
103 397
103 538
103 757
103 959
103 982
104 180
104 338
104 651
105 179
105 287
105 462
105 588
105 623
105 706
106 201
106 225
106 549
106 556
106 642
106 646
106 902
107 137
107 220
107 246
107 477
107 511
107 597
108 335
108 428
108 472
108 578
108 925
108 968
109 568
109 713
109 720
110 163
110 634
110 642
110 922
111 218
111 248
111 728
111 858
111 945
112 494
112 885
112 914
112 918
113 230
113 266
113 300
113 367
113 764
114 277
114 398
114 416
114 501
114 626
114 780
114 805
115 135
115 590
115 649
115 679
115 979
116 379
116 681
116 690
116 862
117 279
117 596
117 830
117 859
117 975
118 348
118 743
118 883
119 158
119 495
119 834
120 164
120 567
120 716
120 724
121 214
121 391
121 427
121 606
121 756
121 775
122 582
122 586
122 895
123 135
123 147
123 173
123 188
123 217
123 371
123 585
124 147
124 649
124 730
124 979
124 986
125 363
125 576
125 631
125 701
125 815
126 435
126 693
126 757
126 982
127 241
127 309
127 513
127 781
127 799
128 202
128 258
128 284
128 528
128 602
128 669
128 900
129 392
129 508
129 837
129 874
129 966
129 999
130 214
130 370
130 813
130 939
130 981
131 185
131 482
131 662
131 665
131 833
131 938
132 178
132 273
132 335
132 509
132 578
132 989
133 149
133 223
133 383
133 421
133 470
133 494
133 918
133 954
134 429
134 459
134 509
134 740
135 147
135 188
135 590
135 604
135 649
136 171
136 317
136 340
136 587
136 905
137 220
137 246
137 278
137 481
137 589
137 733
137 751
138 323
138 499
138 618
138 872
138 884
139 209
139 215
139 262
139 629
139 676
140 534
140 856
141 390
141 433
141 639
141 656
141 704
142 177
142 312
142 522
142 570
142 605
143 186
143 358
143 422
143 530
143 561
143 687
143 967
144 216
144 237
144 347
144 475
144 619
144 678
145 222
145 274
145 290
145 490
145 897
146 254
146 288
146 326
146 330
146 345
146 385
146 584
147 173
147 649
147 730
148 290
148 484
148 485
148 490
148 569
148 715
149 324
149 470
149 918
149 927
150 260
150 312
150 535
150 570
150 721
150 891
151 157
151 238
151 961
151 990
152 379
152 581
152 636
152 705
152 786
153 628
153 699
153 769
153 926
153 956
154 250
154 327
154 424
154 479
154 972
155 205
155 271
155 387
155 412
155 537
155 609
156 166
156 295
156 395
156 773
156 877
156 947
157 181
157 691
157 961
157 990
158 290
158 495
158 569
158 743
158 834
158 883
159 234
159 497
159 675
159 744
159 855
160 264
160 529
160 584
160 640
160 761
160 945
161 174
161 348
161 455
161 743
162 353
162 498
162 528
162 707
162 900
163 225
163 377
163 596
163 642
163 818
163 922
164 567
164 716
164 872
164 884
165 333
165 446
165 474
165 519
165 689
165 870
166 295
166 380
166 524
166 833
166 936
166 947
167 226
167 367
167 411
167 736
167 812
168 203
168 506
168 815
168 850
168 902
168 980
169 303
169 521
169 677
169 791
169 854
169 860
169 878
170 439
170 551
170 937
171 317
171 360
171 563
172 336
172 849
172 854
172 860
172 963
173 313
173 385
173 585
174 484
174 743
174 753
174 827
175 346
175 562
175 802
175 840
175 885
176 261
176 839
176 846
176 912
177 301
177 570
177 789
177 801
177 960
177 991
178 273
178 499
178 709
178 989
179 244
179 405
179 588
179 706
179 810
180 453
180 651
181 480
181 616
181 691
181 961
182 217
182 218
182 330
182 677
182 712
182 791
183 518
183 534
183 666
184 219
184 673
184 785
184 792
184 911
185 524
185 680
185 833
185 938
186 293
186 530
186 967
186 998
187 257
187 276
187 580
187 608
187 640
188 371
188 604
189 359
189 448
189 643
189 979
189 984
189 986
190 202
190 235
190 255
190 381
190 408
190 793
191 545
191 557
191 622
191 645
191 876
192 280
192 497
192 732
193 289
193 644
193 667
193 907
193 929
194 665
194 694
194 741
194 941
195 388
195 559
195 612
195 733
195 750
195 879
196 250
196 454
196 740
196 952
196 972
196 988
197 213
197 507
197 582
197 889
197 895
197 995
198 424
198 469
198 659
198 720
198 865
199 297
199 448
199 643
199 970
200 451
200 668
200 682
200 731
200 960
200 991
201 225
201 227
201 314
201 377
201 549
202 235
202 258
202 268
202 284
202 408
202 599
203 272
203 302
203 647
203 850
203 921
203 980
204 437
204 512
204 531
204 618
204 739
205 387
205 444
205 577
205 609
205 725
205 755
206 215
206 226
206 230
206 367
206 920
206 978
207 249
207 366
207 443
207 458
207 460
207 468
207 871
208 259
208 492
208 526
208 551
208 734
209 215
209 676
209 920
210 267
210 447
210 518
210 542
210 873
211 221
211 699
211 736
211 951
211 956
212 541
212 829
212 857
213 527
214 775
214 813
214 981
215 226
215 262
215 920
216 237
216 347
216 349
216 635
217 371
217 585
217 677
217 712
217 806
218 248
218 791
219 270
219 366
219 468
219 643
219 673
219 892
219 911
220 278
220 477
220 875
220 913
221 339
221 375
221 515
221 699
221 736
221 812
222 274
222 286
222 452
222 897
222 983
223 494
223 555
223 840
223 954
224 236
224 552
224 797
225 377
225 642
226 262
226 367
226 812
227 314
227 377
227 476
227 686
227 818
228 253
228 417
228 717
228 723
228 841
229 437
229 567
229 618
229 735
229 779
229 884
230 367
230 374
230 764
230 851
230 978
231 536
231 574
231 661
231 823
231 916
232 315
232 419
232 478
232 530
232 611
232 807
233 527
233 674
233 766
234 261
234 557
234 688
234 744
234 855
234 930
235 268
235 381
235 491
235 906
236 606
236 756
236 797
236 935
237 239
237 349
237 619
237 957
238 355
238 961
238 990
238 999
239 334
239 423
239 469
239 568
239 957
240 572
240 593
240 603
240 660
240 881
241 363
241 560
241 631
241 727
241 787
241 799
241 916
242 361
242 368
242 384
242 754
242 802
243 400
243 427
243 621
243 756
243 797
244 552
244 706
244 844
245 347
245 365
245 475
245 915
246 463
246 511
246 733
246 750
247 312
247 383
247 421
247 436
247 891
247 949
248 791
248 858
248 963
249 291
249 468
249 673
249 871
250 342
250 479
250 740
250 972
251 337
251 819
251 874
252 298
252 410
252 650
252 731
252 976
253 417
253 418
253 514
253 533
253 683
253 839
253 841
254 326
254 345
254 434
254 615
254 748
255 381
255 656
255 793
255 908
256 356
256 358
257 276
257 583
257 608
257 632
258 268
258 532
258 602
259 526
259 734
259 838
259 942
260 555
260 721
260 891
260 985
261 557
261 912
262 339
262 629
262 755
262 812
263 378
263 663
263 974
264 529
264 728
264 765
264 887
264 945
265 294
265 416
265 629
265 676
265 811
265 994
266 367
266 411
266 553
267 447
267 518
267 598
267 890
268 491
268 532
269 434
269 496
269 772
269 832
269 928
270 643
270 892
270 984
271 412
271 609
271 658
272 302
272 647
273 335
273 343
273 499
274 290
274 495
275 453
275 651
275 893
276 326
276 389
276 583
276 584
276 615
276 640
277 294
277 416
277 603
277 780
278 391
278 404
278 589
278 875
279 749
279 859
279 898
279 936
279 937
279 975
280 401
280 408
280 497
280 793
280 908
281 305
281 357
281 507
281 669
282 493
282 662
282 694
282 971
283 397
283 523
283 591
283 882
283 946
284 357
284 599
284 669
285 351
285 685
285 773
285 786
286 362
286 432
286 452
286 544
286 842
286 983
287 332
287 623
287 706
287 738
287 788
288 313
288 330
288 385
288 712
289 329
289 628
289 667
289 926
289 929
289 996
290 490
290 495
290 569
291 566
291 673
291 692
291 745
291 785
291 861
291 871
292 382
292 503
292 664
292 684
292 695
292 746
292 794
293 510
293 530
293 901
293 998
294 416
294 603
294 811
295 439
295 877
295 936
295 937
296 378
296 500
296 663
296 719
296 993
297 356
297 366
297 643
297 970
298 322
298 410
298 550
298 803
298 976
299 413
299 558
299 617
299 675
299 828
299 866
299 924
300 517
300 697
300 764
300 778
301 365
301 789
301 915
301 960
302 425
302 610
302 647
302 674
302 766
302 850
303 521
303 559
303 565
303 878
304 438
304 790
304 914
304 992
305 337
305 357
305 599
306 431
306 462
306 473
306 588
306 816
307 311
307 693
307 775
307 813
307 821
308 394
308 503
308 583
308 608
308 632
308 760
309 456
309 513
310 369
310 402
310 421
310 470
310 863
311 435
311 573
311 660
311 693
311 813
312 570
312 605
312 891
312 949
313 385
313 585
313 712
314 476
314 549
314 747
315 402
315 419
315 478
315 595
315 774
315 863
316 566
316 636
316 734
316 762
316 942
316 950
316 997
317 360
317 567
317 905
318 432
318 452
318 457
318 571
318 696
318 835
319 481
319 612
319 670
319 733
320 350
320 472
320 925
320 992
321 513
321 686
321 830
321 859
321 898
322 525
322 550
322 803
322 852
323 343
323 350
323 464
323 512
323 618
323 940
324 350
324 547
324 804
324 918
324 927
325 491
325 655
325 825
325 931
326 584
326 615
327 424
327 479
327 575
327 720
328 403
328 467
328 613
328 808
328 984
329 698
329 768
329 926
329 929
330 584
330 712
330 761
331 458
331 636
331 705
331 742
331 745
332 364
332 396
332 621
332 788
333 474
333 680
334 384
334 423
334 754
334 957
335 343
335 428
335 578
336 376
336 554
336 652
336 653
336 849
336 854
337 483
337 586
337 599
337 732
338 651
339 375
339 577
339 755
339 812
340 587
340 776
340 905
340 913
341 822
341 977
341 987
342 373
343 350
343 428
344 352
344 407
344 548
344 864
344 917
344 977
345 385
345 434
346 562
346 659
346 790
346 885
347 475
347 635
348 455
348 743
349 368
349 635
349 754
349 957
350 428
350 464
350 547
350 925
351 581
351 637
351 685
351 703
351 786
352 587
352 776
352 977
352 987
353 498
353 560
353 707
353 787
353 795
354 500
354 598
354 614
354 817
354 948
355 508
355 516
355 934
355 961
355 999
356 358
356 548
356 836
356 848
356 864
357 599
357 669
358 422
358 848
358 967
359 372
359 448
359 679
359 970
359 979
360 563
360 567
360 735
361 368
361 802
361 985
362 544
362 624
362 842
363 631
363 701
364 396
364 654
364 788
364 868
365 535
365 789
365 915
366 460
366 468
366 643
367 411
368 635
368 754
369 419
369 470
369 863
369 927
370 780
370 784
370 939
371 388
371 445
371 604
371 806
372 679
372 836
372 977
373 625
373 768
373 929
374 517
374 538
374 641
374 851
374 978
375 444
375 515
375 577
376 652
376 653
376 657
376 798
376 888
377 818
378 663
378 719
378 974
379 414
379 581
379 690
379 703
380 665
380 833
380 947
381 656
381 704
381 906
381 931
382 545
382 695
382 700
382 746
383 421
383 891
383 954
384 562
384 754
386 405
386 523
386 714
387 393
387 537
387 600
387 725
388 445
388 463
388 559
388 750
389 583
389 615
389 726
389 760
389 958
390 433
390 601
390 613
390 792
391 404
391 427
391 589
392 819
392 837
392 874
392 899
393 537
393 543
393 600
393 709
393 989
394 503
394 622
394 746
394 760
394 876
395 439
395 487
395 492
395 773
395 877
396 400
396 621
396 654
396 782
397 757
397 778
397 882
397 959
398 412
398 416
398 626
398 994
399 466
399 657
399 814
399 817
399 993
400 427
400 621
400 782
400 894
401 461
401 497
401 675
401 908
402 421
402 436
402 595
402 863
402 941
403 467
403 579
403 613
403 832
403 953
404 607
404 875
405 473
405 714
405 810
406 502
406 671
406 710
406 827
406 964
407 864
407 880
407 917
408 599
408 732
408 793
409 453
409 596
409 749
409 922
409 975
410 550
410 650
410 847
411 736
411 904
412 537
412 626
412 658
412 771
412 994
413 434
413 558
413 617
413 748
413 772
414 478
414 505
414 637
414 690
414 703
414 774
415 452
415 717
415 723
415 835
415 903
416 994
417 533
417 723
417 903
418 514
418 683
418 837
418 930
418 966
419 863
419 927
419 933
420 784
420 905
421 436
421 470
422 460
422 687
423 469
423 865
424 720
424 972
425 560
425 647
425 674
425 727
425 795
426 722
426 737
426 738
426 788
426 867
426 868
426 909
427 589
427 756
427 894
428 925
429 459
429 509
429 777
430 539
430 672
430 728
430 873
430 887
431 462
431 623
431 738
431 816
432 452
432 594
432 696
432 842
433 601
433 627
433 656
434 496
434 748
434 772
434 955
435 573
435 693
435 796
435 982
436 465
436 932
436 941
436 949
437 531
437 618
437 779
438 988
438 992
439 492
439 551
439 877
439 937
440 513
440 526
440 551
440 799
441 648
441 758
441 801
441 971
442 621
442 706
442 797
442 844
443 458
443 460
443 561
443 681
443 687
443 862
444 515
444 577
444 725
444 777
444 907
445 521
445 559
445 806
446 519
446 803
446 962
447 539
447 873
447 890
448 643
448 970
449 479
449 575
449 625
450 762
450 825
450 838
450 942
451 650
451 731
451 801
451 847
451 991
452 835
453 634
453 651
453 922
454 952
454 968
454 988
455 542
455 711
455 765
456 476
456 513
456 686
457 486
457 571
457 767
457 835
457 903
458 681
458 705
458 745
458 871
459 644
459 777
459 907
460 687
461 630
461 866
462 588
462 623
463 488
463 511
463 750
464 547
464 804
464 940
465 493
465 605
465 932
465 949
466 652
466 657
466 817
466 849
467 579
467 730
467 984
467 986
468 673
469 568
469 865
470 927
471 532
471 574
471 602
471 823
471 943
472 925
472 968
472 988
472 992
473 588
473 714
473 810
473 816
474 482
474 648
474 680
474 870
474 938
475 678
476 686
476 747
477 597
477 776
477 913
478 611
478 690
478 774
480 616
480 783
480 919
480 961
481 733
482 648
482 662
482 938
482 971
483 564
483 586
483 616
484 485
484 569
484 743
484 827
485 544
485 671
485 715
485 827
486 489
486 533
486 571
486 767
486 846
486 965
487 492
487 734
487 786
488 590
488 604
488 822
489 638
489 700
489 846
489 912
489 965
490 715
490 897
491 906
491 931
492 551
492 734
493 522
493 605
493 932
493 971
494 840
494 885
494 918
496 579
496 832
496 955
497 675
498 507
498 528
498 795
498 889
499 709
499 716
499 872
500 614
500 663
500 817
500 993
501 626
501 805
502 753
502 827
502 843
502 869
502 964
503 608
503 664
503 746
503 820
504 592
504 639
504 785
504 861
505 595
505 774
505 941
506 556
506 646
506 815
506 902
506 973
507 528
507 669
507 889
507 895
508 514
508 934
508 966
508 999
509 543
509 578
509 989
510 739
510 901
510 998
511 597
512 618
512 940
513 686
513 799
513 898
514 516
514 841
514 934
514 966
515 628
515 667
515 699
515 907
515 996
516 717
516 841
516 934
516 961
517 538
517 697
517 764
517 851
518 534
518 598
519 525
519 689
519 852
519 962
520 689
520 758
520 847
520 870
521 559
521 677
521 806
522 605
522 971
523 714
524 680
524 752
524 833
524 910
524 936
525 803
525 852
525 962
526 551
526 661
526 799
526 838
527 610
527 766
527 919
528 669
528 900
529 580
529 640
529 843
530 561
530 807
531 739
531 779
531 845
532 574
532 602
533 767
533 839
533 846
533 903
534 666
534 718
535 570
535 721
535 789
535 985
536 574
536 800
536 825
537 709
537 771
538 641
538 697
538 796
538 959
538 982
539 672
539 873
540 566
540 655
540 762
540 861
542 711
542 873
542 887
543 600
543 989
544 624
544 671
544 983
545 557
545 638
545 700
545 746
545 876
545 912
546 763
546 783
546 896
546 919
546 995
547 804
548 836
548 864
548 977
549 646
549 747
549 973
550 852
552 797
552 844
552 946
553 698
553 769
553 831
553 951
553 956
554 653
554 854
554 878
554 886
555 840
555 891
555 954
555 985
556 646
556 902
557 645
557 744
557 912
558 726
558 748
558 828
558 958
559 565
559 879
560 727
560 787
560 795
561 687
561 770
561 807
561 862
562 659
562 865
563 735
563 845
563 880
563 917
563 969
564 616
564 691
565 878
565 879
565 886
566 692
566 762
566 861
566 950
567 735
567 884
568 575
568 713
569 743
570 789
571 695
571 696
571 965
572 603
572 660
572 813
572 939
573 633
573 660
573 796
574 823
575 713
575 720
576 631
576 815
576 921
576 980
577 755
578 968
579 730
579 832
579 955
580 608
580 640
580 820
580 843
581 703
581 786
582 586
582 895
582 896
582 995
583 632
583 760
584 640
584 761
585 712
586 896
587 776
588 810
589 751
589 894
590 604
590 822
591 693
591 824
591 882
591 946
592 639
592 655
592 861
592 931
593 603
593 676
593 811
593 881
594 624
594 696
594 794
594 842
595 774
595 941
596 818
596 830
596 922
596 975
597 776
598 890
599 732
600 725
601 613
601 627
601 832
601 953
602 707
602 900
602 943
603 811
603 939
605 949
606 756
606 775
606 821
606 935
607 875
607 913
607 981
608 632
608 820
609 629
609 658
609 755
610 766
610 850
610 919
611 690
611 770
611 807
612 670
612 733
612 879
612 886
613 792
613 808
613 911
613 953
614 663
614 759
614 948
615 726
615 748
616 691
617 630
617 772
617 866
617 928
618 884
619 668
619 678
619 682
619 976
620 653
620 670
620 702
620 729
620 886
621 797
622 645
622 760
622 826
622 876
622 924
623 738
624 671
624 684
624 710
624 794
624 842
625 698
625 768
626 724
626 771
627 630
627 832
627 928
628 699
628 926
628 996
629 658
629 676
629 755
629 994
630 866
630 928
631 727
631 921
633 660
633 708
633 796
633 881
634 642
634 922
636 705
636 734
636 742
636 786
636 997
637 685
637 703
638 700
638 912
639 704
639 931
641 708
641 978
643 984
644 907
645 675
645 744
645 924
646 973
647 727
647 921
648 758
648 870
648 971
649 979
650 731
650 847
652 657
652 849
653 702
653 886
653 888
654 702
654 729
654 782
654 798
654 888
655 825
655 861
655 931
656 704
657 798
657 814
657 909
658 994
659 865
660 813
660 881
661 799
661 800
661 838
661 916
662 665
662 694
662 971
664 684
664 710
664 820
664 964
665 694
665 741
665 833
666 718
666 834
666 883
667 907
667 996
668 682
668 731
668 976
670 729
670 886
671 710
671 827
672 728
672 858
673 785
674 766
674 795
674 889
675 744
675 924
676 811
677 791
677 806
678 682
679 979
680 938
681 705
681 862
682 915
682 960
683 839
683 930
684 710
684 794
685 809
686 818
686 830
688 837
688 855
688 899
688 930
688 944
689 852
689 870
690 770
690 862
691 990
692 742
692 745
692 950
692 997
693 757
693 821
693 824
693 882
695 696
695 700
695 794
695 965
696 794
697 959
698 768
698 831
698 926
699 956
700 965
701 747
701 781
701 815
701 923
702 729
702 888
704 931
706 844
707 787
707 900
707 943
708 881
708 920
709 771
709 989
710 964
711 765
711 887
713 720
714 778
715 897
716 724
716 872
717 723
717 841
717 961
719 722
719 814
719 867
719 974
719 993
721 985
722 737
722 814
722 867
723 903
724 771
725 777
726 748
726 958
727 921
728 858
728 887
728 945
729 782
730 955
730 986
731 976
733 750
734 786
734 942
735 779
735 969
736 812
736 904
736 951
737 814
737 909
738 788
738 867
739 967
739 998
740 952
741 809
742 745
742 997
743 883
745 871
746 876
747 815
747 923
747 973
749 910
749 936
749 975
751 894
752 893
752 910
753 827
753 869
754 957
756 797
757 882
757 982
758 801
758 847
758 870
759 829
759 856
759 857
759 948
760 826
760 958
761 945
762 942
763 919
763 995
764 851
765 887
767 903
768 929
769 831
769 926
769 956
770 807
770 862
772 928
773 947
775 813
775 821
776 913
776 987
777 907
779 845
779 969
780 784
780 805
781 923
782 894
783 896
783 919
784 805
785 861
787 916
787 943
788 868
790 885
790 914
792 911
793 908
795 889
796 982
797 844
798 888
798 909
799 916
800 825
800 838
801 847
801 991
802 840
802 985
803 962
803 976
804 927
804 940
808 892
808 911
808 984
813 939
814 909
814 993
815 973
815 980
816 867
816 974
817 849
818 830
819 874
819 899
819 944
820 964
821 824
821 935
823 916
823 943
824 935
825 838
826 828
826 924
826 958
828 924
828 958
829 856
829 857
830 859
831 926
832 928
832 953
834 883
835 903
836 977
837 899
837 930
837 966
838 942
839 846
840 885
840 985
843 869
845 853
845 880
845 969
846 912
848 853
848 864
848 880
848 967
850 902
853 880
853 967
854 860
854 878
855 944
856 948
858 963
859 898
860 963
864 880
867 974
868 909
872 884
873 887
874 999
875 913
878 886
879 886
880 917
885 914
891 954
892 911
892 984
893 910
896 995
897 983
898 937
899 944
901 927
901 933
904 951
906 931
910 936
914 992
915 960
916 943
921 980
927 933
936 937
950 997
951 956
960 991
967 998
968 988
972 988
977 987
979 986
984 986
988 992
990 999
763 539
169 438
611 386
482 243
679 672
176 455
261 465
945 692
334 150
616 470
605 873
493 449
339 711
374 409
355 610
318 265
551 936
769 380
272 871
74 383
403 765
291 818
454 10
305 174
545 39
561 5
406 185
248 745
690 842
149 318
558 651
661 925
786 887
636 669
566 272
850 447
293 853
823 852
240 503
698 612
738 588
528 976
508 476
978 438
499 597
108 528
812 754
709 894
935 490
860 343
218 718
147 230
609 581
434 995
668 88
934 450
530 629
235 914
499 534
363 318
907 479
77 323
285 445
98 387
556 793
328 891
320 931
752 481
840 732
507 348
109 241
580 258
974 386
820 706
468 76
544 229
542 86
728 682
778 202
868 254
673 153
482 668
512 862
660 732
556 755
288 935
936 298
153 806
664 679
380 813
794 170
211 411
834 522
293 315
518 60
249 769
774 134
425 908
828 251
631 249
880 356
393 850
661 413
791 819
519 9
618 916
308 42
582 673
810 419
954 332
406 30
360 747
788 334
913 763
743 623
459 600
528 342
421 110
271 840
224 881
728 558
648 774
133 311
419 645
406 582
277 151
765 804
327 194
231 311
81 444
693 702
568 188
794 482
733 320
873 493
441 620
637 606
565 727
728 501
842 662
312 909
330 427
679 188
570 430
819 132
162 859
326 658
401 601
204 823
728 347
736 221
25 398
487 332
952 595
915 392
825 583
494 206
32 369
226 865
168 499
290 701
257 800
217 274
393 52
730 541
574 84
500 171
899 677
241 113
434 763
424 197
641 567
416 810
389 623
229 792
825 274
100 552
715 153
786 496
630 928
480 7
36 345
374 714
287 883
409 430
554 160
591 432
249 677
434 646
449 537
249 397
180 570
195 436
932 528
589 238
496 722
883 425
144 254
903 305
468 509
734 120
345 74
238 342
220 140
667 468
841 576
858 729
475 403
406 242
838 684
314 834
943 627
324 962
123 231
674 741
863 687
840 162
401 683
371 732
441 451
596 680
905 624
130 828
758 281
672 840
352 52
883 689
357 92
23 548
686 505
880 748
300 257
603 357
151 207
150 518
275 374
669 824
857 155
32 419
910 221
777 702
277 203
823 236
623 811
659 890
786 154
541 699
691 264
385 760
439 408
913 434
116 401
714 77
66 542
310 613
262 422
525 473
249 658
254 307
393 259
745 242
140 547
861 652
452 977
298 744
801 646
946 719
327 842
275 336
319 540
441 487
817 597
195 160
767 475
170 873
483 54
274 651
749 658
600 721
432 128
233 426
176 315
617 212
748 858
222 337
514 261
107 776
582 892
352 664
949 547
187 856
416 389
148 649
612 418
777 655
479 180
445 938
490 494
684 55
258 540
852 838
736 162
178 161
450 745
840 354
169 350
591 972
713 776
218 639
352 159
677 333
756 770
707 206
382 658
327 102
637 319
416 315
669 573
69 655
535 758
775 394
396 123
645 45
722 459
720 391
331 344
307 654
935 380
393 509
976 534
346 690
467 365
578 872
568 108
880 242
779 443
456 830
125 386
526 37
881 621
645 625
532 603
926 469
761 453
570 548
339 616
841 312
805 154
269 820
837 195
757 408
513 280
569 594
218 249
365 889
29 461
541 503
194 337
542 454
479 547
654 552
802 218
115 754
284 165
545 863
765 170
477 450
894 704
817 202
667 351
702 671
447 674
500 552
952 488
859 765
880 582
473 836
374 68
469 958
521 321
526 197
296 396
151 633
713 280
852 244
368 643
690 945
827 560
486 687
264 609
344 445
621 738
96 442
810 539
204 625
463 224
566 857
779 848
775 613
439 895
602 812
232 471
657 295
362 514
630 711
662 959
178 737
583 539
218 396
448 84
690 76
916 690
801 591
289 559
558 303
20 637
767 636
37 559
72 501
627 354
676 648
694 295
528 426
894 255
908 365
199 207
522 898
623 780
776 427
852 515
335 791
570 934
72 707
312 452
329 574
760 789
665 280
667 499
853 363
457 196
384 192
651 139
619 857
520 386
870 567
455 707
561 52
343 828
463 527
984 420
358 298
718 113
48 689
466 43
853 422
276 799
360 133
71 628
473 382
878 510
497 434
256 491
595 933
525 681
705 425
664 238
436 870
390 527
454 439
918 259
699 331
268 282
820 399
612 976
599 129
791 139
351 110
602 664
583 333
959 401
40 329
541 742
606 159
86 350
216 811
181 775
86 607
464 253
498 645
119 580
172 844
296 355
447 235
635 215
773 313
197 877
340 546
200 467
198 266
757 503
411 928
738 605
207 744
198 654
371 387
583 296
251 101
168 292
63 463
828 489
635 417
559 671
684 451
373 177
59 493
914 564
23 488
870 795
310 870
600 61
650 99
446 730
663 187
739 917
535 138
630 47
377 232
125 204
205 292
249 724
586 394
645 478
271 309
76 570
299 894
751 202
313 284
806 564
805 799
346 805
386 348
308 951
303 805
817 524
134 756
147 592
81 288
707 409
548 539
303 78
668 61
419 215
669 863
984 613
471 795
754 264
244 77
169 559
268 568
479 722
227 219
561 386
855 274
623 541
82 369
478 761
401 343
683 553
967 324
220 841
725 194
92 635
761 709
779 760
291 291
975 368
257 146
865 595
832 454
352 535
228 697
507 306
128 296
250 615
305 671
399 660
105 326
616 611
617 940
589 744
481 623
720 842
359 377
792 686
98 701
618 293
423 72
585 655
359 871
194 375
826 539
337 474
252 290
754 692
456 643
679 216
662 798
640 691
228 669
832 603
148 152
573 351
512 753
365 472
392 947
287 616
56 348
280 518
691 470
770 90
510 797
610 842
205 587
580 916
134 720
987 469
761 598
313 468
942 576
824 635
276 498
247 172
231 648
796 751
425 17
817 170
466 332
537 282
130 592
355 397
274 696
837 750
369 23
455 494
922 499
189 542
261 78
206 171
629 137
446 586
709 99
482 39
447 857
483 805
525 841
348 347
304 418
478 874
819 617
868 305
773 736
333 236
600 204
435 967
173 684
564 207
263 906
919 543
742 92
200 310
520 782
164 746
355 789
424 423
173 212
216 510
817 671
428 716
785 112
485 568
557 126
511 368
757 124
87 517
150 680
533 264
376 123
532 409
131 478
632 82
546 347
55 366
425 355
738 806
599 223
111 643
104 678
830 825
990 540
938 608
119 616
291 143
512 817
538 300
320 402
492 354
624 889
239 261
817 732
783 535
172 722
293 782
378 681
969 343
738 936
173 818
748 536
1 523
271 923
482 947
935 346
751 226
502 923
20 579
744 568
844 557
278 594
230 191
332 764
524 805
371 578
726 96
201 394
525 730
412 285
653 536
910 663
501 900
549 911
625 452
876 451
571 243
453 358
248 832
180 523
445 373
165 623
315 117
292 587
466 108
524 703
572 751
512 90
228 770
842 218
850 599
646 804
772 820
648 119
370 950
234 602
306 693
373 304
91 274
894 782
284 761
142 177
69 601
986 484
968 598
558 366
767 569
303 548
500 222
584 315
686 758
597 635
867 549
809 884
653 507
728 656
319 153
566 808
49 307
703 651
397 407
492 284
250 241
542 882
732 180
830 332
393 744
402 447
245 416
127 677
214 227
793 770
641 840
502 850
337 220
333 256
694 133
805 236
579 7
685 411
716 614
439 703
574 369
410 487
554 249
630 964
791 668
883 645
702 745
486 892
275 133
542 982
414 880
388 83
110 424
192 692
703 799
496 629
274 258
703 816
343 305
229 585
195 768
241 569
339 953
399 102
983 587
337 511
543 186
240 874
57 644
530 534
94 485
357 263
84 544
773 274
18 531
91 715
234 730
645 880
618 500
97 567
689 100
573 510
410 850
214 90
871 777
633 65
599 495
445 795
154 477
341 922
345 968
369 775
415 124
411 786
378 371
541 367
656 328
565 530
890 274
263 516
525 946
523 879
228 748
633 102
453 391
732 526
322 805
91 427
610 700
193 598
475 200
463 779
492 750
589 523
799 719
752 842
256 865
705 507
808 305
486 790
314 780
495 831
168 245
369 842
725 262
426 485
500 78
585 769
150 295
84 305
158 825
422 151
124 455
234 284
639 397
229 80
50 591
928 673
669 634
292 378
904 537
248 431
503 876
488 94
410 460
127 566
618 669
805 338
765 148
277 232
601 549
760 354
63 268
832 716
232 160
426 55
313 136
230 558
786 408
972 567
667 372
313 519
959 514
100 500
316 384
644 237
629 384
45 481
680 813
489 155
434 162
571 159
726 698
690 436
617 271
392 293
257 256
143 455
316 730
710 874
509 207
349 907
677 250
429 333
949 642
868 430
347 494
732 283
352 574
969 619
879 198
260 582
802 830
736 142
11 432
598 36
395 781
183 710
102 618
77 481
597 454
831 419
636 525
481 531
626 162
900 404
275 99
495 978
438 98
743 70
549 570
853 748
452 566
242 138
675 697
780 801
138 808
415 512
774 224
397 568
551 605
846 402
801 516
46 392
720 136
829 377
442 913
802 629
109 279
936 560
446 336
617 433
70 432
