1000 2956 10
66 68 24 33 29 100 96 21 78 12 84 52 91 21 89 96 79 4 11 31 94 37 3 78 29 88 59 78 8 14 68 14 89 77 86 56 24 8 50 34 19 24 15 14 2 50 75 61 38 71 14 12 31 90 51 5 56 35 30 42 89 73 57 68 5 27 53 87 74 40 89 84 41 26 65 81 15 63 10 94 13 99 93 72 85 39 11 58 58 29 23 32 75 16 42 10 29 87 9 34 22 45 9 26 84 92 39 11 39 57 87 25 66 83 3 8 18 16 30 43 36 18 39 90 42 60 96 64 40 24 61 50 30 81 34 26 27 19 72 62 9 20 60 55 13 30 33 6 61 95 70 19 87 91 63 13 1 44 7 49 14 65 20 41 98 62 17 35 67 9 6 51 71 36 39 56 55 3 35 33 4 72 51 66 47 51 90 63 76 100 18 77 24 18 53 65 37 66 13 43 88 7 6 80 15 51 14 16 19 83 24 76 82 12 61 56 71 53 63 36 17 76 80 42 50 98 18 73 96 50 93 57 100 11 34 86 23 90 49 25 87 14 71 19 97 50 84 58 65 9 16 67 83 69 36 81 75 4 79 84 40 24 65 52 70 85 85 58 31 31 53 71 92 24 44 48 29 17 89 94 97 53 18 50 35 27 77 8 61 42 61 56 82 99 87 42 88 13 62 38 61 15 59 38 93 72 76 94 18 32 61 55 49 44 84 99 29 21 15 81 55 62 77 40 20 14 26 39 57 24 98 99 10 10 19 11 14 74 74 48 67 12 82 55 82 40 21 8 1 7 92 5 75 68 44 80 33 35 58 91 46 42 59 37 90 74 95 64 28 76 25 85 59 44 36 70 25 38 30 72 57 29 86 35 100 25 61 29 49 28 70 35 90 81 70 59 42 28 74 62 58 4 41 24 50 91 97 7 6 92 83 61 4 67 98 17 42 41 95 17 56 27 7 97 86 46 16 95 53 78 2 97 67 49 8 22 21 98 97 22 87 33 51 76 22 27 90 13 47 22 87 62 50 68 36 23 60 10 27 30 25 31 93 34 20 83 99 9 32 23 90 38 75 35 93 58 45 57 51 56 29 5 80 73 19 42 46 70 66 50 38 46 58 3 7 39 58 27 48 78 35 82 54 77 46 37 30 91 49 38 10 61 68 9 70 71 82 86 57 74 46 12 41 71 23 16 68 38 49 14 91 84 64 32 80 48 33 24 90 74 25 70 63 63 6 43 69 15 55 50 91 52 65 65 51 13 64 33 96 82 40 55 80 91 94 36 34 23 26 64 54 71 88 37 81 47 53 95 11 7 23 24 68 9 26 15 40 85 95 10 18 81 44 47 98 29 48 36 96 78 70 35 36 25 72 44 10 49 94 7 29 25 94 13 48 43 99 5 37 60 57 73 76 64 25 51 41 61 91 13 72 96 84 96 23 4 75 23 96 86 100 10 14 70 87 60 1 40 28 9 42 79 24 52 69 59 81 89 27 20 54 84 64 46 90 16 73 94 42 87 32 97 3 33 57 6 17 69 12 48 62 70 34 85 46 1 48 52 7 73 84 62 72 21 54 62 18 80 95 83 90 36 28 6 85 32 2 79 83 82 63 91 89 38 57 27 91 41 56 55 61 3 23 74 99 60 58 70 75 25 7 77 70 100 93 50 18 77 54 32 46 98 48 50 62 64 13 82 98 85 93 27 92 27 75 74 4 7 44 54 15 19 6 95 6 93 61 8 73 20 96 22 91 78 75 50 69 81 55 16 37 86 38 57 67 89 1 69 22 2 94 44 16 82 61 94 71 21 72 36 52 44 83 42 94 36 70 12 1 81 57 73 79 91 74 86 55 13 61 18 29 74 10 22 6 49 92 81 65 33 80 100 87 44 58 81 60 50 48 18 14 41 22 26 58 2 39 78 99 90 39 23 31 7 66 79 17 97 97 7 12 6 25 75 35 85 6 58 9 94 71 7 94 27 55 75 24 96 45 62 11 7 24 22 66 49 63 62 62 13 6 81 82 7 59 21 69 8 64 44 81 28 55 22 61 20 10 31 25 81 62 87 86 80 4 37 59 27 12 57 68 26 28 48 100 81 49 20 31 68 73 92 94 78 44 50 44 95 22 79 95 93 23 13 89 62 35 57 17 99 25 76 51 71 48 61 31 27 76 3 40 15 66 31 74 8 68 68 70 1 18 74 96 37 55 96 28 3 63 11 43 3 25 99 35 38 51 72 65 43 69 8 7 19 46 46 70 6 63 45
0 112
0 329
0 423
0 616
0 708
0 797
0 822
1 35
1 227
1 596
1 857
1 871
2 44
2 204
2 797
2 817
2 824
2 984
3 56
3 278
3 288
3 606
3 785
4 240
4 526
4 801
4 937
5 368
5 379
5 432
5 468
5 558
5 980
6 38
6 125
6 260
6 367
6 512
6 885
6 974
7 303
7 312
7 663
7 737
7 783
8 193
8 451
8 717
8 762
8 947
9 710
9 827
9 844
9 874
9 878
9 898
9 965
10 277
10 386
10 678
10 784
10 851
11 38
11 72
11 114
11 371
11 518
11 916
11 974
12 52
12 63
12 257
12 261
12 347
12 714
12 800
12 911
13 212
13 226
13 503
13 540
13 579
13 859
14 162
14 355
14 712
14 841
14 981
15 17
15 462
15 490
15 517
15 524
15 665
15 722
16 135
16 138
16 777
16 801
16 895
17 171
17 462
17 665
18 41
18 68
18 195
18 315
18 570
18 659
18 719
18 814
19 368
19 432
19 507
19 600
19 669
20 86
20 476
20 675
20 687
20 809
20 930
21 369
21 456
21 491
21 648
21 895
22 106
22 284
22 297
22 415
22 689
22 907
22 968
23 183
23 633
23 650
23 868
23 948
24 418
24 627
24 831
24 908
24 996
25 229
25 431
25 537
25 704
26 271
26 370
26 585
26 631
26 682
26 803
27 201
27 253
27 363
27 380
27 575
27 867
28 265
28 313
28 373
28 535
29 84
29 362
29 629
29 650
29 948
30 212
30 378
30 441
30 752
30 859
30 976
31 76
31 121
31 299
31 419
31 657
31 738
31 769
32 68
32 195
32 455
32 997
33 144
33 163
33 302
33 304
33 351
33 807
34 290
34 336
34 602
34 623
34 931
35 91
35 102
35 358
35 596
35 871
36 80
36 401
36 580
36 832
36 894
37 57
37 243
37 463
37 552
37 592
37 796
37 988
38 885
38 916
38 974
39 63
39 334
39 372
39 471
39 634
39 794
40 249
40 366
40 397
40 534
40 844
40 874
40 964
41 94
41 199
41 359
41 719
41 858
42 104
42 134
42 138
42 599
42 692
42 777
42 821
43 263
43 329
43 642
43 745
43 781
43 822
44 245
44 414
44 470
44 808
44 824
44 984
45 130
45 146
45 223
45 263
45 642
45 818
45 880
46 58
46 254
46 339
46 422
46 547
46 700
47 138
47 379
47 648
47 821
47 854
47 872
48 176
48 255
48 324
48 553
48 619
48 704
48 810
48 983
49 459
49 568
49 882
49 925
50 76
50 209
50 232
50 301
50 738
50 819
51 398
51 411
51 693
51 709
51 736
51 956
52 93
52 634
52 714
52 800
52 904
53 298
53 384
53 732
53 889
53 919
54 169
54 308
54 726
54 761
54 823
54 994
55 82
55 208
55 460
55 670
55 694
55 793
56 242
56 555
56 606
56 785
56 885
56 916
57 246
57 289
57 463
57 552
57 713
57 811
58 215
58 339
58 343
58 422
58 946
59 136
59 233
59 243
59 592
59 877
60 292
60 361
60 638
60 813
60 815
60 945
61 140
61 283
61 392
61 617
61 755
61 889
62 129
62 185
62 269
62 322
62 489
62 774
63 334
63 634
63 800
63 911
64 131
64 221
64 311
64 641
64 662
64 730
64 747
65 67
65 95
65 99
65 377
65 439
65 541
65 922
66 458
66 569
66 742
66 780
66 795
67 182
67 377
67 439
67 741
68 195
68 315
68 997
69 122
69 395
69 459
69 635
69 792
69 830
70 128
70 177
70 202
70 343
70 422
71 245
71 338
71 699
71 802
71 817
71 984
72 331
72 371
72 518
72 582
72 786
72 906
72 954
73 196
73 249
73 259
73 382
73 534
74 137
74 170
74 225
74 483
74 707
74 993
75 124
75 299
75 349
75 528
75 602
75 656
75 657
75 963
76 209
76 657
76 738
77 100
77 360
77 376
77 557
77 790
78 145
78 503
78 816
78 892
78 923
79 118
79 206
79 304
79 566
79 599
79 744
79 854
80 164
80 538
80 580
80 701
80 832
80 860
81 106
81 116
81 284
81 432
81 563
81 669
82 168
82 460
82 793
82 830
82 910
82 950
83 257
83 301
83 428
83 496
83 664
83 765
84 629
84 814
84 849
84 868
84 940
84 948
85 372
85 553
85 567
85 593
85 614
85 944
86 316
86 404
86 476
86 675
86 686
86 782
86 840
87 159
87 417
87 522
87 533
87 644
87 927
88 122
88 497
88 514
88 635
88 745
88 887
89 246
89 463
89 583
89 852
89 911
90 226
90 268
90 529
90 579
91 192
91 356
91 358
91 483
91 871
92 279
92 302
92 532
92 564
92 758
92 789
93 207
93 268
93 471
93 544
93 634
93 904
94 293
94 461
94 530
94 550
94 855
94 858
95 99
95 541
95 869
96 126
96 303
96 413
96 485
96 589
96 620
96 663
97 200
97 300
97 676
97 691
97 771
97 862
98 444
98 494
98 513
98 928
98 936
99 864
99 869
99 922
100 214
100 557
100 790
100 897
100 999
101 147
101 264
101 443
101 608
101 779
101 836
101 955
102 358
102 399
102 435
102 585
102 596
102 682
102 696
103 128
103 180
103 202
103 466
103 546
103 767
104 565
104 599
104 649
104 692
104 837
104 926
105 231
105 266
105 392
105 424
105 473
105 630
106 284
106 551
106 563
106 907
107 154
107 175
107 314
107 436
107 506
107 637
107 697
108 149
108 332
108 393
108 545
108 720
109 151
109 252
109 266
109 310
109 424
109 942
109 997
110 352
110 361
110 502
110 581
110 600
110 815
110 845
110 863
111 203
111 251
111 305
111 494
111 899
111 985
112 204
112 282
112 423
112 448
112 797
113 162
113 211
113 355
113 467
113 973
114 216
114 331
114 371
114 572
114 974
115 132
115 208
115 849
116 118
116 432
116 558
116 563
116 980
117 294
117 309
117 366
117 662
117 740
117 966
118 558
118 563
118 566
118 744
119 227
119 400
119 451
119 539
119 574
119 873
120 465
120 516
120 590
120 759
120 982
121 419
121 440
121 499
121 738
121 819
122 514
122 635
122 830
122 910
123 498
123 545
123 605
123 632
123 690
124 349
124 452
124 610
124 656
124 992
125 161
125 260
125 555
125 609
125 885
126 276
126 485
126 620
126 787
126 798
127 282
127 562
127 698
127 802
127 878
127 993
128 202
128 422
128 466
128 715
128 901
128 938
129 185
129 391
129 561
129 601
129 774
129 961
130 146
130 183
130 362
130 624
130 818
130 979
131 141
131 641
131 677
131 683
131 747
132 208
132 374
132 659
132 670
132 799
132 849
132 940
133 205
133 429
133 462
133 733
133 773
134 150
134 230
134 443
134 692
134 777
134 791
135 342
135 515
135 777
135 801
135 937
136 217
136 233
136 243
136 307
136 977
137 157
137 212
137 318
137 483
137 705
137 707
137 752
137 803
138 648
138 777
138 821
138 895
139 165
139 239
139 643
139 903
140 148
140 189
140 392
140 617
140 630
141 418
141 472
141 641
141 677
142 154
142 232
142 314
142 407
142 674
143 166
143 214
143 557
143 888
144 304
144 566
144 702
144 807
145 207
145 503
145 579
145 892
146 624
146 672
146 880
146 957
147 264
147 443
147 481
147 565
148 167
148 189
148 211
148 248
148 630
149 260
149 393
149 512
149 545
149 690
150 425
150 443
150 725
150 791
150 955
151 228
151 252
151 315
151 680
151 719
151 997
152 446
152 531
152 681
152 772
152 853
152 927
153 238
153 438
153 454
153 652
153 751
153 826
153 879
154 273
154 314
154 407
154 436
155 222
155 270
155 456
155 491
155 951
156 430
156 626
156 668
156 866
156 930
156 953
157 318
157 707
157 710
157 965
158 201
158 279
158 363
158 421
158 564
158 575
159 387
159 417
159 523
159 598
159 607
159 644
160 388
160 474
160 640
160 666
160 835
160 962
160 969
161 187
161 520
161 555
161 609
161 651
161 727
162 355
162 712
162 973
163 302
163 351
163 703
163 723
163 735
164 264
164 402
164 554
164 832
164 836
164 860
165 213
165 377
165 541
165 643
165 661
165 741
165 766
165 869
165 903
166 345
166 557
166 739
166 792
166 793
166 888
166 950
167 172
167 211
167 248
167 355
167 467
167 756
168 218
168 460
168 484
168 633
168 910
169 244
169 308
169 521
169 706
169 788
169 994
170 192
170 225
170 483
171 184
171 437
171 462
171 665
171 754
171 893
172 231
172 248
172 360
172 679
172 756
172 875
173 239
173 321
173 581
173 666
173 813
173 815
173 835
174 285
174 323
174 337
174 390
174 409
175 364
175 436
175 465
175 697
175 743
175 982
176 306
176 319
176 553
176 614
176 704
177 202
177 343
177 559
177 758
177 848
177 946
177 995
178 527
178 569
178 604
178 780
178 896
179 240
179 420
179 515
179 590
179 639
179 743
179 991
180 438
180 546
180 615
180 652
180 691
180 767
180 862
181 275
181 450
181 493
181 672
181 757
181 820
182 280
182 340
182 353
182 439
182 741
182 900
183 362
183 633
183 650
183 818
184 332
184 393
184 519
184 754
184 893
185 269
185 415
185 561
185 689
186 235
186 291
186 375
186 446
186 461
186 681
187 365
187 520
187 521
187 632
187 727
188 298
188 384
188 597
188 921
188 936
189 211
189 298
189 597
189 617
190 306
190 319
190 508
190 838
190 839
190 876
191 583
191 593
191 671
191 794
191 852
191 881
192 225
192 400
192 483
192 857
192 871
193 423
193 448
193 549
193 717
193 762
194 412
194 501
194 844
194 898
194 964
195 374
195 455
195 659
196 259
196 534
196 699
196 827
196 929
197 341
197 654
197 687
197 770
197 958
198 587
198 592
198 786
198 796
198 906
198 935
199 228
199 252
199 359
199 667
199 680
199 858
200 390
200 771
200 862
200 943
201 253
201 363
201 411
201 421
201 956
202 767
202 995
203 305
203 479
203 768
203 834
203 899
203 990
204 282
204 797
204 802
204 817
205 320
205 331
205 429
205 773
205 906
206 599
206 821
206 854
207 268
207 579
207 892
207 904
208 460
208 670
208 849
208 868
209 232
209 314
209 637
209 657
210 262
210 279
210 389
210 532
210 575
210 735
211 467
211 597
211 973
212 330
212 540
212 705
212 752
212 859
213 661
213 766
213 809
213 856
213 869
214 557
214 888
214 897
215 302
215 339
215 807
215 946
216 331
216 429
216 517
216 524
216 572
217 307
217 870
217 890
217 977
218 484
218 633
218 818
219 269
219 297
219 489
219 967
220 224
220 340
220 504
220 525
220 605
220 760
221 382
221 584
221 662
221 730
221 740
222 270
222 843
222 951
222 962
222 969
223 484
223 642
223 745
223 818
224 498
224 525
224 605
224 761
224 994
225 400
225 571
225 698
225 993
226 529
226 578
226 579
226 859
227 539
227 574
227 596
227 696
227 857
228 252
228 680
229 286
229 431
229 704
229 734
230 241
230 342
230 348
230 777
230 791
231 248
231 424
231 630
231 875
231 891
232 301
232 314
232 674
233 307
233 594
233 877
234 671
234 870
234 881
234 977
234 988
235 375
235 446
235 522
235 560
236 381
236 407
236 428
236 469
236 496
236 674
236 917
237 267
237 288
237 289
237 518
237 804
237 970
238 454
238 478
238 618
238 751
239 321
239 643
239 666
239 729
239 903
240 420
240 515
240 526
240 937
241 342
241 348
241 349
241 452
241 623
241 963
241 992
242 427
242 555
242 628
242 651
242 785
243 592
243 977
243 988
244 516
244 706
244 746
244 788
244 883
244 951
245 338
245 414
245 984
246 463
246 713
246 911
246 934
247 312
247 442
247 683
247 737
247 747
247 778
248 630
249 366
249 382
249 534
249 740
250 433
250 608
250 620
250 779
250 798
251 494
251 603
251 712
251 753
251 841
251 985
252 310
252 667
253 380
253 411
253 834
254 391
254 422
254 547
254 561
254 715
255 537
255 548
255 704
255 850
255 983
256 258
256 261
256 347
256 556
256 655
256 825
256 892
256 904
257 261
257 301
257 664
257 911
258 440
258 556
258 655
258 819
258 924
259 338
259 382
259 699
260 512
260 609
260 690
261 301
261 347
261 655
262 389
262 408
262 445
262 723
262 735
263 642
263 748
263 781
263 880
264 481
264 554
264 836
265 373
265 535
265 591
265 828
266 310
266 424
266 473
267 278
267 288
267 344
267 381
267 804
268 529
268 544
268 579
269 297
269 415
269 489
270 456
270 468
270 945
270 969
271 333
271 435
271 585
271 631
271 731
271 763
271 975
272 296
272 307
272 396
272 619
272 890
272 983
273 344
273 364
273 407
273 436
273 469
274 352
274 668
274 845
274 866
275 287
275 450
275 625
275 820
276 402
276 608
276 787
276 798
276 836
277 323
277 386
277 409
277 536
277 784
278 288
278 344
278 364
278 628
278 785
278 939
279 532
279 564
279 575
280 353
280 726
280 764
280 805
280 900
281 311
281 434
281 584
281 730
281 925
282 448
282 698
282 802
282 842
283 392
283 473
283 595
283 755
284 669
284 968
285 390
285 409
285 509
285 736
285 749
285 915
285 933
286 319
286 704
286 734
286 838
287 450
287 625
287 959
287 986
288 518
288 606
289 612
289 713
289 804
289 811
289 970
290 348
290 425
290 623
290 685
290 725
290 931
291 293
291 461
291 530
291 577
291 681
291 889
291 919
292 368
292 468
292 507
292 638
292 945
293 530
293 855
293 889
294 309
294 405
294 653
294 662
295 433
295 472
295 477
295 589
295 620
295 677
295 912
296 307
296 396
296 594
297 415
297 416
297 967
297 968
298 384
298 597
298 617
298 889
299 528
299 657
299 769
300 398
300 421
300 559
300 676
300 771
301 496
301 655
301 674
301 819
302 735
302 758
302 789
302 807
302 946
303 477
303 589
303 663
303 737
304 351
304 566
304 599
304 649
305 380
305 673
305 834
305 985
306 319
306 492
306 614
306 839
307 594
307 890
308 788
308 823
309 350
309 475
309 499
309 653
309 966
310 473
310 595
310 667
311 730
311 747
311 778
311 925
312 325
312 442
312 511
312 737
312 783
312 886
313 431
313 535
313 734
313 838
314 637
315 719
315 997
316 668
316 782
316 840
316 863
316 953
317 437
317 457
317 527
317 896
318 705
318 710
318 806
319 704
319 838
320 587
320 773
320 884
320 906
321 403
321 502
321 581
321 903
322 489
322 774
322 941
322 978
323 337
323 409
323 536
324 619
324 810
324 870
324 881
324 890
324 944
325 511
325 783
325 897
325 999
326 574
326 750
326 873
326 947
326 959
327 387
327 444
327 479
327 510
327 523
327 768
327 772
327 928
328 376
328 385
328 557
328 695
328 891
329 708
329 781
329 822
330 406
330 540
330 705
330 923
330 989
331 371
331 429
331 906
332 393
332 437
332 527
332 604
332 720
332 721
332 893
333 435
333 646
333 660
333 763
334 583
334 794
334 911
335 487
335 573
335 658
335 860
335 981
336 528
336 602
336 688
336 931
337 390
337 480
337 536
337 615
337 943
338 382
338 414
338 584
338 699
339 551
339 700
339 807
340 353
340 439
340 504
340 525
340 742
341 654
341 770
341 941
341 978
342 515
342 777
342 992
343 422
343 946
344 364
344 381
344 469
345 694
345 739
345 793
345 972
346 508
346 591
346 621
346 828
346 861
346 876
347 714
347 904
348 623
348 725
348 791
349 452
349 963
350 419
350 499
350 627
350 653
350 831
351 647
351 649
351 703
352 668
352 845
352 863
353 525
353 764
354 607
354 678
354 775
354 851
354 902
354 905
355 467
355 482
355 724
355 756
355 981
356 358
356 483
356 682
356 803
357 594
357 877
357 913
358 682
359 680
359 719
360 376
360 679
360 790
360 875
361 600
361 638
361 815
362 629
362 650
362 979
363 575
364 436
364 486
364 939
364 982
365 427
365 521
365 706
365 727
365 952
366 397
366 740
366 914
366 966
367 447
367 512
367 833
367 974
368 432
368 468
368 507
369 491
369 526
369 746
369 801
369 895
369 951
370 441
370 631
370 752
370 803
372 471
372 567
372 593
372 794
373 399
373 591
373 646
373 728
373 763
374 455
374 586
374 659
374 799
375 461
375 522
375 533
376 557
376 875
376 891
377 541
377 741
378 578
378 621
378 839
378 859
378 876
378 976
379 468
379 558
379 744
379 854
379 872
380 401
380 673
380 834
380 867
381 469
381 645
381 804
381 917
382 584
382 740
383 495
383 724
383 783
383 960
383 999
384 732
384 921
385 557
385 695
385 739
386 409
386 678
386 915
387 479
387 523
387 543
387 598
388 640
388 666
388 726
388 805
388 823
388 900
389 445
389 575
389 718
389 829
389 867
389 894
390 736
390 771
390 943
391 561
391 715
391 961
392 473
392 630
393 512
393 519
393 833
394 412
394 488
394 576
394 711
394 816
394 865
395 459
395 470
395 635
395 808
395 882
396 548
396 850
396 983
397 488
397 576
397 684
397 914
397 964
398 421
398 736
398 771
398 956
399 435
399 646
399 660
399 696
400 451
400 539
400 571
400 857
401 580
401 603
401 673
401 867
401 894
402 658
402 787
402 836
402 860
403 404
403 502
403 840
403 903
404 661
404 686
404 840
404 856
404 903
405 641
405 653
405 662
406 501
406 705
406 806
406 989
407 469
407 674
408 445
408 464
408 481
408 723
408 926
409 915
410 497
410 797
410 808
410 822
410 824
410 887
411 709
411 834
411 956
412 501
412 576
412 816
412 964
412 989
413 485
413 613
413 663
413 724
413 960
414 434
414 470
414 584
415 689
416 453
416 622
416 967
416 968
417 510
417 523
417 772
417 927
418 472
418 627
418 641
418 653
418 996
419 499
419 769
419 831
419 908
420 516
420 526
420 590
420 883
421 559
421 564
421 848
421 956
422 715
423 448
423 549
423 616
424 588
424 695
424 891
424 942
425 685
425 725
425 955
426 430
426 453
426 600
426 622
426 845
426 866
426 920
427 628
427 651
427 727
427 939
427 952
428 496
428 765
428 917
429 517
429 733
430 626
430 636
430 654
430 687
430 866
430 920
431 537
431 734
431 850
432 669
432 980
433 472
433 620
433 688
433 779
433 931
433 998
434 470
434 584
434 882
434 925
435 585
435 660
437 457
437 527
437 864
437 893
438 546
438 652
438 751
439 742
439 780
439 922
440 475
440 499
440 819
440 924
441 631
441 752
441 976
442 778
442 886
443 565
443 692
443 955
444 772
444 853
444 918
444 928
444 936
445 481
445 829
446 560
446 681
446 927
447 490
447 572
447 833
447 974
448 717
448 842
449 611
449 618
449 909
449 949
450 750
450 959
451 571
451 717
451 873
451 947
452 992
453 600
453 622
453 669
453 968
454 618
454 826
454 958
455 586
455 942
455 997
456 468
456 491
456 648
456 872
457 780
457 864
457 896
457 922
458 504
458 742
458 760
458 795
459 568
459 792
459 882
459 888
460 633
460 868
461 530
461 577
462 517
462 733
463 852
463 988
464 647
464 703
464 723
464 926
465 590
465 743
465 982
466 546
466 751
466 776
466 901
468 872
468 945
470 808
470 882
471 544
471 567
471 634
472 677
472 996
472 998
473 595
474 813
474 835
474 945
474 969
475 499
475 684
475 924
475 966
476 782
476 930
476 953
477 589
477 683
477 737
477 912
478 611
478 618
478 751
478 776
479 543
479 768
479 990
480 536
480 615
480 652
480 879
481 554
481 565
481 829
481 926
482 573
482 613
482 724
482 981
483 803
484 514
484 745
484 818
484 910
485 613
485 787
486 759
486 939
486 952
486 982
487 538
487 701
487 860
487 981
488 576
488 684
488 711
488 924
489 636
489 654
489 941
489 967
490 524
490 572
490 722
490 833
491 951
492 529
492 544
492 567
492 614
492 839
493 757
493 820
493 846
493 932
494 513
494 712
494 899
494 936
494 973
495 679
495 724
495 756
495 790
495 999
496 674
497 635
497 808
497 887
498 605
498 632
498 994
500 709
500 749
500 834
500 905
500 933
500 987
501 806
501 898
501 989
502 581
502 840
502 863
503 540
503 579
503 923
504 742
504 760
505 582
505 716
505 811
505 970
506 610
506 637
506 656
506 697
507 600
507 638
508 828
508 838
508 876
509 693
509 736
509 933
510 523
510 772
511 568
511 886
511 897
512 833
513 768
513 899
513 928
514 745
514 910
515 937
515 991
515 992
516 590
516 706
516 759
516 883
517 524
517 733
518 606
518 916
518 954
518 970
519 665
519 722
519 754
519 833
520 609
520 632
520 690
521 632
521 706
521 994
522 533
522 560
522 927
524 572
525 726
525 761
525 764
526 746
526 801
526 883
527 604
527 896
528 602
528 688
528 769
528 908
528 996
528 998
529 544
529 578
529 839
530 577
531 681
531 853
531 918
531 921
532 735
532 789
533 607
533 644
533 775
533 784
534 827
534 874
535 828
535 838
536 826
536 879
537 704
537 850
538 580
538 701
538 753
538 981
539 857
540 923
541 869
542 616
542 625
542 748
542 820
542 932
543 598
543 902
543 987
543 990
544 567
545 605
545 690
545 720
545 721
546 751
547 561
547 700
548 850
548 983
549 616
549 625
549 762
549 986
550 595
550 667
550 855
550 858
551 563
551 700
551 702
551 807
551 907
552 716
552 796
552 811
553 614
553 810
553 944
554 718
554 829
554 832
555 651
555 885
556 711
556 825
556 924
557 739
558 744
558 980
559 676
559 848
559 995
560 927
561 689
561 700
562 699
562 802
562 878
562 929
563 566
563 702
564 758
564 848
565 692
565 926
566 702
567 614
568 886
568 888
568 897
568 925
569 604
569 780
569 795
570 629
570 814
570 979
571 698
571 717
572 974
573 613
573 658
573 981
574 750
574 873
575 867
576 964
578 839
578 859
580 603
580 753
581 815
582 716
582 786
582 954
582 970
583 794
583 852
583 911
584 730
585 682
586 588
586 799
586 942
587 884
587 906
587 935
588 695
588 799
588 942
588 972
589 620
590 743
591 731
591 763
591 828
591 861
591 975
592 796
592 877
592 935
593 794
593 881
593 944
594 773
594 877
594 913
595 667
595 755
595 855
596 696
597 936
597 973
598 607
598 902
599 649
599 821
600 638
600 669
600 845
601 774
601 847
601 961
601 971
601 978
602 623
602 963
603 673
603 753
603 985
604 721
604 795
605 721
605 760
606 916
607 644
607 775
607 902
608 779
608 798
608 836
609 690
610 639
610 656
610 697
610 991
610 992
611 618
611 776
611 949
612 645
612 713
612 765
612 804
612 917
612 934
613 658
613 724
613 787
615 652
615 862
615 943
616 625
616 708
616 748
617 889
618 909
618 958
619 890
619 983
620 798
621 861
621 876
621 976
622 636
622 920
622 967
623 963
624 672
624 979
625 820
625 986
626 687
626 930
627 653
627 831
628 785
628 939
629 814
629 979
631 975
631 976
632 690
632 994
633 818
633 868
634 800
635 808
636 654
636 920
636 967
637 656
637 657
639 697
639 743
639 991
640 788
640 823
640 843
640 962
641 653
641 662
642 745
643 729
643 741
645 804
645 917
646 660
646 728
646 763
647 649
647 703
647 837
647 926
648 872
648 895
649 837
650 948
651 727
652 879
654 687
654 941
655 819
656 657
658 787
658 860
659 814
659 940
661 856
661 903
662 740
663 783
663 960
664 765
664 911
664 934
665 722
665 754
666 729
666 835
666 900
667 858
668 863
668 866
668 953
669 968
670 694
670 799
670 972
671 852
671 881
671 988
672 757
672 846
672 957
672 979
673 985
675 686
675 809
676 691
676 767
676 995
677 683
677 912
678 749
678 851
678 905
678 915
679 756
679 790
680 719
681 732
681 919
681 921
682 803
683 737
683 747
683 912
684 914
684 924
684 966
685 779
685 931
685 955
686 809
686 856
687 930
688 931
688 998
689 700
689 907
691 767
691 862
693 709
693 736
693 933
694 793
694 972
695 739
695 891
695 972
697 743
698 717
698 842
698 993
699 802
699 929
700 907
701 860
702 807
703 723
705 806
706 759
706 952
707 965
707 993
708 748
708 781
709 834
709 933
710 806
710 898
710 965
711 825
711 865
711 924
712 841
712 973
713 934
714 904
715 938
715 961
716 786
716 796
716 811
717 842
718 829
718 832
718 894
720 721
721 760
721 795
722 833
723 735
724 756
724 960
725 791
726 761
726 764
726 805
726 823
728 763
729 741
729 900
731 763
731 975
732 919
732 921
734 838
735 789
736 771
738 819
739 972
741 900
742 780
744 854
745 822
745 887
746 883
746 951
747 778
748 781
748 880
748 932
749 905
749 915
749 933
750 959
751 776
752 803
753 841
753 981
755 855
755 889
757 846
758 848
758 946
759 952
759 982
760 795
761 994
762 947
762 959
762 986
765 917
765 934
766 869
767 995
768 899
768 928
769 908
770 909
770 958
770 971
770 978
772 853
772 927
773 884
773 913
774 978
775 784
775 851
776 901
776 949
778 886
778 925
779 931
779 955
780 896
780 922
782 953
783 960
783 999
784 851
786 796
786 906
788 823
788 843
788 951
790 999
792 830
792 888
792 950
793 950
797 822
797 824
799 972
801 895
801 937
802 817
805 900
806 898
808 824
809 856
809 869
810 944
811 970
812 847
812 901
812 938
812 949
812 961
813 815
813 835
813 945
814 940
816 865
816 892
816 923
816 989
817 984
820 932
821 854
822 887
825 865
825 892
826 879
827 874
827 878
827 929
828 838
830 910
830 950
831 908
832 894
834 987
834 990
837 926
839 876
840 863
841 981
843 951
843 962
844 874
844 898
844 964
845 866
846 932
846 957
847 909
847 949
847 961
847 971
849 868
849 940
852 988
853 918
855 889
857 871
861 975
861 976
862 943
864 869
864 922
865 892
867 894
868 948
870 881
870 890
870 977
873 947
875 891
877 884
877 913
877 935
878 929
878 965
878 993
880 932
880 957
881 944
882 925
884 913
884 935
885 916
886 925
888 897
889 919
892 904
897 999
901 938
901 949
902 905
902 987
905 987
908 996
909 949
909 958
909 971
911 934
914 966
918 921
918 936
921 936
923 989
930 953
932 957
936 973
938 961
939 952
941 978
942 997
945 969
947 959
954 970
959 986
962 969
965 993
971 978
975 976
977 988
987 990
991 992
996 998
328 831
472 975
344 793
777 518
620 375
608 239
854 481
329 556
370 923
483 792
149 165
851 531
659 691
612 810
256 406
951 500
587 356
985 483
43 698
624 191
776 88
630 321
546 142
139 779
489 582
786 894
574 922
325 260
680 963
104 778
612 864
560 562
66 652
479 249
496 474
507 961
338 334
810 667
839 506
717 739
488 735
6 567
526 333
259 817
346 761
199 830
468 158
578 298
794 799
303 664
600 595
264 191
668 712
101 410
753 343
180 699
797 494
795 657
438 179
872 698
683 209
112 478
518 92
698 718
406 641
880 239
892 337
849 243
47 659
269 708
402 139
379 781
869 569
436 735
477 873
546 508
576 560
222 573
601 756
533 268
321 372
575 187
203 710
679 629
101 762
744 766
771 122
107 273
266 748
755 678
646 795
503 940
395 222
664 746
6 479
892 217
366 508
314 142
184 347
914 243
236 607
429 415
544 956
358 101
496 329
125 549
554 170
649 519
890 416
108 593
698 149
237 319
362 838
214 430
891 532
137 706
574 227
493 669
556 245
413 976
686 451
550 610
250 725
839 388
579 483
833 461
374 480
416 820
411 119
494 95
180 823
412 616
136 679
989 574
528 390
586 382
865 734
534 865
569 337
787 199
143 470
432 597
645 575
238 649
492 238
616 772
198 853
448 356
173 480
875 423
488 403
55 604
100 336
321 69
649 548
668 309
683 71
509 843
346 224
134 271
729 277
798 438
223 416
453 255
361 401
848 195
218 662
202 477
182 744
744 368
477 893
991 440
200 509
731 222
233 122
674 484
745 821
386 160
925 342
627 424
331 105
252 928
838 259
148 799
959 434
515 120
46 334
785 419
135 406
154 447
696 868
773 732
468 932
362 897
527 762
83 671
433 753
573 10
896 641
39 552
284 140
314 226
386 136
222 294
372 814
949 602
537 288
651 763
154 712
598 550
383 267
202 454
586 847
853 159
243 630
441 205
931 531
847 741
183 760
555 101
843 336
408 675
683 307
214 802
828 349
438 908
642 810
449 993
55 571
764 903
541 413
154 534
620 577
881 737
808 727
51 319
689 586
783 571
346 32
767 209
624 405
549 449
771 477
856 699
698 383
376 737
757 661
355 588
182 497
465 714
426 472
245 365
69 563
299 240
453 134
822 872
615 693
660 654
588 665
415 748
857 441
632 665
404 286
237 841
408 379
683 938
105 563
754 559
661 778
540 106
664 290
596 936
857 788
683 539
693 116
289 926
379 454
172 124
746 514
374 232
795 292
365 676
393 837
106 501
573 169
231 163
741 881
311 939
781 541
777 617
488 450
50 395
660 230
37 462
484 652
399 542
891 807
562 125
130 428
542 536
323 161
623 629
436 224
344 548
501 271
256 309
716 832
873 759
737 348
505 652
89 556
366 657
316 588
725 940
629 549
37 636
738 120
960 352
525 839
723 863
938 632
741 184
532 69
228 101
803 774
292 582
351 970
165 315
187 596
280 825
567 811
908 576
931 392
588 962
717 713
300 434
502 491
259 109
401 738
470 186
843 303
546 20
560 412
415 154
727 535
201 665
664 897
642 691
514 430
554 484
504 608
485 279
695 131
826 293
144 207
245 449
525 918
936 714
520 948
19 584
214 549
680 188
131 819
335 235
707 503
760 423
489 700
878 471
636 215
640 354
582 900
886 561
737 750
661 969
119 656
50 288
199 575
847 226
639 857
595 275
311 266
719 577
417 722
279 536
120 410
192 611
181 148
162 278
759 302
354 285
264 135
477 99
122 519
910 437
564 732
291 707
879 824
514 711
296 178
564 993
426 945
307 323
361 434
763 157
786 145
457 634
543 788
666 567
430 300
213 133
312 765
280 217
544 759
326 510
367 721
536 123
584 126
126 289
463 587
531 596
646 415
336 197
432 138
338 859
140 567
471 438
637 113
753 451
684 613
943 571
631 75
742 931
605 209
443 496
351 694
577 951
675 524
983 378
333 84
872 289
554 656
605 894
332 605
476 378
155 342
409 316
69 330
893 487
366 855
432 28
303 958
388 935
569 466
605 152
327 31
86 652
645 301
947 290
873 332
276 677
175 730
23 368
991 530
778 672
456 299
671 453
387 72
220 449
633 258
690 554
341 709
702 758
432 561
112 538
699 252
538 663
755 91
375 556
378 37
190 287
282 81
422 343
273 460
507 905
207 762
347 486
714 461
292 411
553 702
551 80
928 489
646 322
696 816
247 909
218 361
264 539
667 603
288 750
826 370
528 617
212 221
531 778
734 163
606 787
858 321
827 609
627 501
643 198
681 887
238 177
140 302
285 617
878 453
196 335
239 745
594 430
686 417
946 539
815 555
954 451
811 415
770 388
69 293
148 284
933 507
822 326
636 373
943 355
498 522
677 805
19 421
113 367
387 240
93 225
453 734
703 940
266 65
808 885
300 374
436 965
593 801
860 214
282 895
169 248
685 785
867 404
348 88
477 143
848 846
339 912
18 503
510 193
819 643
758 803
391 365
799 474
588 685
218 617
589 256
358 160
72 314
490 134
417 802
550 209
358 198
460 344
528 252
707 774
299 641
906 344
69 744
400 915
903 510
293 453
400 989
342 257
529 733
22 398
646 829
628 782
298 353
725 189
834 595
743 699
373 700
566 936
121 641
922 647
141 622
375 528
671 437
653 924
872 676
765 757
925 740
75 513
511 986
159 412
152 249
517 296
634 169
485 62
520 492
278 345
907 362
851 359
799 530
126 239
406 434
821 432
609 473
418 39
745 619
314 473
733 803
294 108
307 854
130 460
439 8
817 786
417 492
644 886
597 108
523 452
175 870
297 913
665 43
481 606
754 474
85 761
142 520
609 909
815 388
161 779
678 737
284 730
587 69
605 514
668 200
621 458
733 314
434 619
232 806
800 218
118 258
734 605
603 983
477 299
612 312
502 295
116 792
781 464
300 77
472 623
583 46
611 654
590 504
569 544
309 458
91 693
583 985
832 150
448 652
331 539
721 645
970 471
751 259
48 533
708 107
600 176
160 672
782 719
194 891
286 309
656 591
791 114
341 140
415 570
162 189
226 537
41 581
95 373
540 932
377 585
539 689
456 455
787 129
651 26
472 502
505 143
842 406
333 127
502 349
249 190
182 681
157 619
536 994
646 489
410 863
412 768
487 164
313 389
516 218
467 287
748 865
551 822
727 422
487 851
290 844
238 222
506 800
571 698
225 394
755 642
653 706
439 124
839 623
383 905
385 345
31 618
884 398
888 376
952 475
444 270
267 506
491 432
780 321
768 437
644 971
781 243
387 664
629 936
106 394
987 551
740 898
420 253
257 176
352 572
575 599
195 628
434 680
812 230
869 310
657 468
572 266
230 784
667 366
369 622
277 860
205 193
332 970
370 52
585 865
286 366
971 445
89 469
243 519
231 913
398 195
703 445
866 349
784 342
348 926
629 954
809 298
712 628
860 174
349 127
205 306
538 558
488 8
290 156
134 317
979 633
512 78
115 207
404 45
547 383
344 621
441 463
903 302
263 836
742 101
307 547
121 184
765 495
870 609
346 468
712 346
411 237
236 564
505 410
244 683
201 690
743 736
883 354
863 644
332 804
390 471
149 661
682 718
614 357
398 808
537 898
743 587
777 297
525 802
489 208
317 748
810 110
780 792
808 625
442 78
711 228
76 723
703 201
573 749
380 796
183 802
606 628
276 914
555 300
285 800
741 330
330 767
598 697
305 41
453 770
685 922
400 334
249 708
506 589
360 351
918 462
233 253
724 247
390 426
487 313
706 887
671 849
754 144
254 391
394 852
703 326
498 756
671 120
221 898
449 63
369 175
120 713
837 866
143 192
772 700
130 346
565 286
48 473
822 137
455 959
14 542
632 822
341 414
642 908
303 126
729 136
936 261
585 714
678 104
339 288
120 758
882 181
825 743
480 948
605 291
369 966
471 757
188 558
677 870
894 694
447 794
287 59
224 855
802 741
309 683
678 394
929 665
839 484
324 626
289 774
246 662
91 453
843 767
172 576
612 734
975 403
338 317
608 341
940 322
268 617
504 784
219 321
779 265
411 82
164 224
786 182
644 720
175 209
906 601
513 162
521 575
456 33
225 737
730 680
400 565
947 692
519 693
197 159
816 516
719 607
140 359
83 401
617 100
121 381
896 281
586 787
566 675
324 660
460 324
92 317
180 330
427 789
691 55
479 478
262 891
228 190
737 643
907 654
159 369
609 388
425 105
735 463
101 708
537 53
115 613
280 121
780 774
680 241
420 187
364 944
119 776
433 44
230 690
676 349
728 437
718 95
825 580
456 422
302 205
222 875
457 4
332 945
294 530
465 86
706 301
537 481
519 748
484 831
516 678
574 94
582 147
696 285
804 589
476 40
165 654
206 413
862 509
624 916
619 886
831 715
522 39
147 848
597 228
277 412
697 473
839 822
362 779
258 336
332 928
202 235
810 694
557 781
215 269
606 444
582 451
464 852
783 371
360 141
476 549
67 637
473 525
270 568
