1000 2956 10
74 55 41 84 34 52 67 25 79 78 61 26 31 41 8 86 29 86 42 18 45 88 12 72 82 37 19 67 35 78 66 94 76 55 8 60 27 68 29 79 97 19 94 13 18 60 98 19 77 6 57 90 20 3 53 52 45 71 32 76 35 29 60 48 85 12 69 68 49 11 16 28 91 12 64 67 47 46 12 100 14 26 57 83 20 3 55 50 68 95 32 65 17 83 92 85 49 16 38 18 76 36 52 84 6 71 5 55 59 30 45 40 45 80 40 34 94 97 85 50 54 33 57 8 16 26 1 40 85 83 27 59 59 87 15 77 15 84 16 16 38 50 45 26 96 98 31 100 95 63 83 45 4 32 84 83 39 61 36 2 33 62 64 97 78 70 12 12 41 67 49 92 63 20 90 7 56 42 60 40 83 23 32 61 58 83 85 61 32 41 98 31 96 67 31 63 84 19 11 2 25 72 86 76 77 20 20 15 14 65 89 2 58 95 8 12 32 92 73 49 48 87 41 37 53 20 33 68 65 28 94 7 7 88 88 45 82 20 42 34 97 97 55 87 34 100 9 1 37 57 82 37 64 72 91 95 69 36 77 1 69 82 9 56 48 90 12 50 30 85 91 67 39 83 64 20 70 92 88 44 76 35 17 34 91 37 8 53 17 72 32 100 85 41 16 57 24 54 88 43 61 21 69 5 20 22 19 19 96 67 45 75 44 31 49 13 4 37 87 63 80 59 37 96 82 87 77 8 31 71 72 16 49 9 20 36 10 67 10 6 69 23 7 49 76 40 7 20 98 1 54 33 21 7 45 24 29 49 86 62 1 60 100 11 41 1 94 32 67 50 35 56 54 27 13 100 76 91 63 96 76 31 38 100 47 99 2 26 7 100 61 14 10 55 33 3 75 79 99 34 52 14 10 98 96 37 69 36 81 55 93 30 12 4 83 60 39 46 79 92 21 72 95 23 82 10 54 91 98 60 51 44 1 38 8 3 83 81 4 1 21 8 17 50 48 72 79 40 11 30 91 6 68 22 24 75 78 59 50 32 84 37 55 68 77 1 62 36 78 66 36 47 27 48 40 53 10 47 70 45 56 92 85 52 25 62 36 71 96 61 96 17 65 69 69 56 88 47 49 61 46 48 6 71 92 89 73 7 63 93 86 92 92 85 21 84 37 39 5 96 28 41 91 93 2 48 75 5 38 33 39 72 14 51 55 96 53 51 29 67 85 41 47 86 85 2 31 15 77 14 78 79 89 56 33 21 23 97 25 4 63 36 4 62 97 99 29 54 34 71 39 63 98 86 41 29 89 43 3 24 85 14 76 39 52 91 45 69 13 13 46 40 6 69 74 14 73 52 92 26 90 10 61 78 51 69 63 17 80 34 41 57 62 12 59 83 85 7 50 24 44 98 29 12 10 5 12 26 35 48 55 12 74 95 45 2 64 34 27 55 87 81 15 93 27 66 91 89 12 30 64 49 97 3 4 37 49 16 20 99 12 100 1 39 2 62 31 62 82 44 18 80 59 74 29 43 79 12 80 10 17 4 78 22 3 86 55 56 87 30 22 2 68 87 37 52 20 38 50 76 20 86 55 30 1 16 17 46 17 69 4 65 22 90 100 61 44 69 20 49 28 95 6 15 53 36 43 45 1 70 91 83 75 69 4 70 41 68 26 64 49 89 23 37 98 94 95 2 46 96 7 88 74 10 22 16 13 29 95 79 33 7 94 51 4 38 84 98 54 26 28 52 19 11 37 2 35 69 60 80 86 70 86 10 57 31 63 95 28 96 43 58 66 59 61 95 1 73 57 75 14 87 81 42 18 91 84 4 53 20 22 76 23 15 82 87 6 40 26 44 36 62 75 6 47 83 63 36 78 17 38 61 1 18 29 66 62 67 81 49 22 49 27 93 68 19 32 71 58 66 57 93 75 31 70 37 5 40 43 32 45 15 39 85 37 13 10 83 77 57 66 43 73 75 32 27 1 32 73 23 99 82 72 87 12 91 87 67 76 37 64 80 32 79 46 50 90 6 40 86 5 76 94 62 48 56 23 94 53 6 8 81 14 62 36 94 93 97 38 39 95 63 97 90 44 68 94 23 40 8 99 6 82 33 42 4 32 85 30 4 38 34 11 44 13 86 76 92 26 13 68 4 45 64 24 21 40 74 90 52 33 99 43 19 52 17 24 11 17 41 3 23 18 18 32 90 25 50 22 44 21 70 88 32 35 79 22 75 39 17 71 9 48 65 34 79 84 64 31 57
0 466
0 562
0 766
0 781
0 988
1 31
1 83
1 274
1 366
1 703
2 200
2 370
2 605
2 769
2 877
3 13
3 277
3 377
3 381
3 438
3 608
3 683
4 22
4 171
4 232
4 403
4 606
4 649
5 16
5 23
5 571
5 620
5 630
5 784
6 609
6 684
6 722
6 758
6 820
7 116
7 249
7 339
7 351
7 424
7 480
7 626
8 197
8 298
8 634
8 651
8 736
9 234
9 288
9 501
9 504
9 777
9 961
10 55
10 113
10 179
10 559
10 698
10 738
10 981
11 389
11 713
11 784
11 867
11 957
11 971
12 218
12 358
12 640
12 946
12 983
13 193
13 277
13 438
13 502
13 928
14 104
14 162
14 253
14 396
14 506
14 618
14 854
15 85
15 172
15 220
15 324
15 342
15 809
16 274
16 571
16 620
16 703
16 775
16 975
16 987
17 197
17 284
17 442
17 645
17 736
17 756
18 243
18 435
18 559
18 584
18 587
18 629
19 154
19 190
19 512
19 567
19 931
20 115
20 433
20 578
20 729
20 819
20 841
20 945
21 55
21 140
21 489
21 638
21 701
21 840
22 251
22 372
22 403
22 606
22 666
22 966
23 430
23 532
23 620
23 630
23 861
24 195
24 238
24 279
24 582
24 729
24 819
25 174
25 289
25 404
25 594
25 860
25 872
26 94
26 286
26 328
26 675
26 681
27 532
27 568
27 656
27 742
27 824
27 830
27 861
28 163
28 513
28 517
28 585
28 637
28 836
28 837
29 316
29 370
29 477
29 576
29 679
30 205
30 294
30 470
30 692
30 906
31 83
31 272
31 695
31 703
31 978
32 291
32 481
32 668
32 818
32 822
32 990
33 288
33 379
33 727
33 865
33 927
33 954
33 961
33 999
34 39
34 775
34 844
34 936
34 964
34 987
35 70
35 535
35 551
35 560
35 785
35 998
36 87
36 184
36 306
36 405
36 497
36 798
36 915
37 215
37 356
37 479
37 621
37 780
38 62
38 333
38 639
38 876
38 884
39 533
39 689
39 697
39 796
39 936
39 964
40 365
40 413
40 473
40 495
40 554
40 604
40 654
41 410
41 663
41 678
41 741
41 864
42 68
42 125
42 257
42 421
42 704
43 71
43 215
43 356
43 573
43 696
43 914
44 49
44 185
44 238
44 582
44 611
45 78
45 128
45 465
45 622
45 652
45 656
46 53
46 61
46 182
46 592
46 642
46 724
46 848
47 110
47 508
47 524
47 557
47 723
47 823
48 49
48 54
48 185
48 397
48 453
48 779
49 54
49 86
49 185
49 611
49 965
50 76
50 296
50 398
50 494
50 543
50 715
50 755
51 213
51 246
51 591
51 628
51 836
52 106
52 107
52 281
52 562
52 713
52 781
53 157
53 182
53 512
53 548
53 642
54 305
54 397
54 965
55 140
55 559
55 840
55 981
56 159
56 224
56 443
56 510
56 607
56 812
56 922
57 104
57 161
57 237
57 810
57 843
57 881
58 726
58 829
58 842
58 940
58 984
59 212
59 386
59 408
59 575
59 624
59 694
60 99
60 327
60 375
60 847
60 891
60 992
61 183
61 221
61 724
61 848
62 109
62 333
62 646
62 744
62 884
63 297
63 318
63 373
63 675
63 894
63 982
64 227
64 309
64 515
64 528
65 292
65 334
65 436
65 590
65 670
66 156
66 201
66 366
66 700
66 844
66 987
67 398
67 541
67 715
67 755
67 863
68 90
68 125
68 421
68 432
68 854
68 892
69 115
69 132
69 203
69 433
69 518
69 536
70 84
70 93
70 250
70 307
70 551
70 901
70 998
71 192
71 245
71 573
71 914
72 428
72 438
72 502
72 955
73 118
73 388
73 444
73 786
73 806
74 177
74 299
74 350
74 392
74 402
75 244
75 374
75 762
75 778
75 953
76 160
76 543
76 755
76 848
77 275
77 411
77 460
77 595
77 669
77 886
78 168
78 286
78 652
78 656
78 808
78 941
79 166
79 208
79 313
79 395
79 445
79 904
80 121
80 153
80 420
80 458
80 493
80 769
80 802
80 831
81 91
81 182
81 235
81 267
81 417
82 84
82 247
82 320
82 450
82 640
82 983
83 144
83 206
83 366
83 968
83 978
84 93
84 450
84 640
84 901
84 946
85 187
85 220
85 324
85 503
85 648
86 367
86 388
86 611
86 965
87 184
87 303
87 405
87 623
88 96
88 172
88 514
88 529
88 614
88 686
88 863
89 129
89 596
89 598
89 950
90 125
90 341
90 711
90 791
90 892
90 921
91 182
91 235
91 330
91 567
91 791
91 931
92 282
92 392
92 434
92 455
92 685
92 857
93 250
93 538
93 946
94 286
94 373
94 675
94 793
94 808
95 124
95 299
95 315
95 402
95 856
96 117
96 613
96 614
96 686
96 797
97 151
97 223
97 428
97 474
97 579
97 660
97 955
98 114
98 644
98 688
98 790
98 813
98 882
99 375
99 467
99 527
99 708
99 768
99 891
100 207
100 361
100 418
100 663
100 927
100 999
101 154
101 190
101 717
101 745
101 810
101 907
102 139
102 153
102 316
102 394
102 420
102 493
102 877
103 163
103 393
103 564
103 815
103 954
104 237
104 506
104 618
104 789
104 843
105 265
105 266
105 716
105 765
106 314
106 562
106 681
106 713
106 971
106 982
107 281
107 350
107 508
107 557
107 723
107 781
108 121
108 151
108 660
108 783
108 873
108 977
109 284
109 622
109 634
109 744
109 884
110 376
110 524
110 570
110 653
110 800
110 817
110 823
111 168
111 492
111 622
111 652
111 744
111 938
112 133
112 278
112 308
112 439
112 458
112 728
112 873
113 282
113 533
113 685
113 689
113 698
113 738
114 130
114 498
114 790
114 882
115 433
115 536
115 841
115 920
116 339
116 480
116 850
116 888
117 325
117 613
117 686
117 885
118 226
118 441
118 786
118 795
118 806
119 367
119 388
119 507
119 696
119 786
119 917
120 302
120 501
120 546
120 603
120 935
121 151
121 458
121 802
121 873
122 137
122 258
122 351
122 424
123 363
123 373
123 468
123 647
123 770
123 793
124 127
124 315
124 712
124 856
124 867
124 908
125 136
125 257
125 341
126 483
126 661
126 709
126 857
127 571
127 784
127 867
127 908
128 298
128 465
128 505
128 622
129 142
129 143
129 471
129 598
129 967
130 131
130 165
130 390
130 498
130 776
130 882
130 939
131 498
131 521
131 726
131 776
131 984
132 203
132 345
132 426
132 472
132 536
133 278
133 439
133 676
133 924
134 175
134 230
134 591
134 628
134 748
134 788
135 169
135 327
135 821
135 852
135 992
136 257
136 341
136 847
136 992
137 193
137 198
137 258
137 351
137 754
138 465
138 482
138 505
138 651
138 824
139 153
139 394
139 831
139 973
140 559
140 587
140 638
141 264
141 311
141 340
141 369
141 552
141 996
142 471
142 540
142 967
143 295
143 456
143 461
143 659
143 773
143 834
143 967
144 366
144 612
144 700
144 968
145 599
145 932
145 943
145 948
145 976
146 252
146 409
146 521
146 972
147 639
147 794
147 876
147 879
147 963
148 188
148 202
148 219
148 261
148 310
148 633
148 680
148 718
148 875
149 249
149 494
149 535
149 560
149 617
149 725
150 235
150 267
150 462
150 734
150 767
150 902
151 199
151 223
151 660
151 802
151 814
152 175
152 370
152 576
152 581
152 799
152 832
153 420
153 831
154 162
154 190
154 237
154 457
154 506
154 810
154 931
155 178
155 256
155 440
155 662
155 855
155 889
156 601
156 612
156 700
156 782
156 844
157 255
157 332
157 512
157 548
158 435
158 563
158 631
158 805
159 224
159 262
159 615
159 664
159 922
159 923
160 221
160 543
160 617
160 785
160 848
161 224
161 812
161 843
161 881
162 253
162 271
162 457
162 506
163 167
163 213
163 393
163 815
163 836
163 837
163 865
164 265
164 338
164 443
164 558
164 812
164 843
165 258
165 343
165 390
165 425
165 939
166 208
166 445
166 665
166 969
167 213
167 564
167 815
167 864
168 652
168 808
168 938
169 469
169 704
169 821
169 992
170 238
170 433
170 459
170 518
170 819
171 205
171 294
171 403
171 590
171 649
171 803
172 220
172 337
172 342
172 514
172 529
173 247
173 491
173 833
173 942
174 289
174 300
174 475
174 701
174 751
174 840
174 872
175 230
175 440
175 832
175 900
176 289
176 347
176 360
176 475
176 918
177 248
177 350
177 392
177 455
177 723
178 273
178 662
178 732
178 887
178 889
179 559
179 629
179 738
179 933
180 407
180 690
180 837
180 865
180 870
181 500
181 523
181 657
181 758
181 774
182 417
182 512
182 567
182 724
183 221
183 724
183 767
183 785
183 956
183 998
184 303
184 306
184 383
184 486
184 569
184 589
184 943
184 948
185 238
185 459
185 779
186 268
186 357
186 670
186 750
186 792
187 220
187 260
187 503
187 643
187 766
188 216
188 219
188 283
188 702
188 718
188 862
189 261
189 463
189 633
189 678
189 828
189 875
190 255
190 512
190 745
191 269
191 356
191 400
191 479
191 499
191 672
191 801
192 245
192 259
192 573
192 827
192 909
193 277
193 351
193 754
193 928
194 431
194 456
194 958
194 976
195 279
195 574
195 729
195 880
195 926
195 997
196 278
196 308
196 588
196 605
196 871
197 651
197 736
197 756
198 258
198 390
198 627
198 644
198 739
198 754
198 813
198 882
199 223
199 280
199 814
199 816
200 370
200 679
200 877
201 274
201 366
201 987
202 310
202 349
202 488
202 525
202 633
203 472
203 518
203 779
203 805
203 947
204 452
204 896
204 934
204 944
204 980
205 294
205 803
205 906
206 448
206 609
206 684
206 968
206 978
207 361
207 727
207 826
207 890
207 974
207 999
208 313
208 883
208 969
209 364
209 691
209 706
209 962
209 997
210 314
210 318
210 733
210 982
210 988
211 385
211 401
211 454
211 665
211 883
211 969
212 287
212 317
212 561
212 575
212 694
213 246
213 836
213 864
213 899
214 378
214 484
214 565
214 583
214 658
214 994
215 356
215 507
215 621
215 696
216 217
216 702
216 862
216 995
217 280
217 530
217 802
217 814
217 862
217 973
217 995
218 348
218 358
218 519
218 616
218 983
219 231
219 283
219 875
220 260
220 337
221 785
221 848
222 227
222 431
222 461
222 540
222 895
222 958
222 967
223 428
223 816
224 419
224 615
224 812
224 881
225 682
225 747
225 764
225 801
225 929
226 441
226 635
226 806
226 962
227 309
227 528
227 540
227 958
228 249
228 343
228 424
228 425
228 725
229 348
229 439
229 519
229 619
229 668
229 728
229 822
229 977
230 246
230 539
230 788
230 900
231 273
231 283
231 394
231 463
231 732
231 875
231 887
232 501
232 606
232 649
232 777
233 331
233 369
233 544
233 583
233 994
234 334
234 447
234 504
234 670
234 777
234 825
235 267
235 462
235 711
235 791
235 921
236 239
236 349
236 361
236 663
236 741
236 974
237 506
237 810
238 459
238 582
238 819
239 349
239 720
239 826
239 974
240 542
240 818
240 822
240 833
240 942
241 332
241 593
241 650
241 673
241 707
241 797
241 893
241 911
242 290
242 415
242 491
242 636
242 910
243 435
243 563
243 629
243 960
244 331
244 484
244 641
244 762
244 778
244 874
245 259
245 545
245 914
246 539
246 591
246 788
246 899
247 320
247 491
247 636
247 942
247 983
248 455
248 524
248 709
248 723
248 800
249 424
249 560
249 626
249 725
250 538
250 551
250 577
251 372
251 403
251 464
251 554
251 655
252 398
252 409
252 416
252 521
252 776
252 838
253 271
253 854
254 477
254 576
254 610
254 799
254 855
255 332
255 512
255 745
256 440
256 539
256 662
256 899
257 704
257 992
258 343
258 390
258 424
259 395
259 545
259 904
259 909
260 337
260 466
260 766
260 811
260 919
261 633
261 875
262 510
262 735
262 922
262 923
262 991
263 321
263 468
263 580
263 646
263 752
263 794
263 866
264 304
264 311
264 552
264 687
264 842
264 920
265 266
265 338
265 558
265 789
265 843
266 765
266 789
267 417
267 767
268 270
268 357
268 414
268 436
268 670
268 949
269 400
269 596
269 801
269 929
270 357
270 414
270 896
270 934
270 944
271 330
271 457
271 791
271 854
271 892
272 354
272 442
272 448
272 695
272 978
273 410
273 463
273 662
273 678
273 887
274 366
274 703
274 987
275 411
275 437
275 460
275 731
275 925
276 375
276 429
276 462
276 708
277 683
277 754
278 308
278 588
278 676
279 364
279 582
279 997
280 362
280 530
280 814
280 816
281 299
281 315
281 350
281 713
282 434
282 685
282 738
283 394
283 862
283 973
284 634
284 736
284 884
285 319
285 653
285 671
285 839
285 868
285 972
286 328
286 742
286 808
286 941
287 378
287 561
287 583
287 694
288 379
288 501
288 603
288 961
289 475
289 594
289 869
289 918
290 406
290 415
290 467
290 527
290 600
290 636
290 768
291 481
291 490
291 619
291 668
291 924
291 993
292 334
292 590
292 649
292 777
293 329
293 470
293 692
293 878
293 980
294 414
294 590
294 692
294 949
295 347
295 360
295 456
295 599
295 773
295 787
295 976
296 398
296 416
296 425
296 494
296 725
297 318
297 451
297 733
297 811
297 849
297 894
298 505
298 622
298 634
298 651
299 315
299 350
299 402
300 326
300 371
300 556
300 840
300 872
301 380
301 526
301 705
301 737
301 879
301 991
302 355
302 379
302 566
302 603
302 624
302 935
303 516
303 569
303 623
303 913
304 552
304 841
304 920
304 945
305 387
305 397
305 435
305 584
305 631
305 798
305 915
305 965
306 387
306 391
306 486
306 853
306 915
307 734
307 767
307 901
307 998
308 458
308 769
308 871
309 471
309 499
309 515
309 540
309 598
309 730
310 336
310 488
310 680
311 340
311 687
311 688
311 790
311 829
312 547
312 750
312 760
312 792
312 835
313 509
313 743
313 883
313 904
313 937
314 562
314 982
314 988
315 713
315 867
315 957
316 394
316 477
316 679
316 877
317 561
317 575
317 721
317 753
317 912
318 733
318 982
319 324
319 409
319 648
319 757
319 868
319 972
320 346
320 450
320 636
320 768
321 580
321 737
321 794
322 401
322 743
322 747
322 883
322 937
323 380
323 580
323 650
323 664
323 923
323 979
323 991
324 648
324 757
324 809
324 838
325 592
325 686
325 863
325 885
326 371
326 446
326 556
326 669
326 749
327 852
327 891
327 992
328 389
328 681
328 742
328 830
328 971
329 452
329 454
329 878
329 980
330 457
330 791
330 931
331 484
331 544
331 759
331 874
331 994
332 548
332 593
332 613
332 707
332 717
332 745
333 646
333 876
333 963
334 670
334 777
335 698
335 840
335 930
335 951
335 981
336 377
336 427
336 488
336 608
336 680
337 514
337 919
338 843
339 626
339 850
340 369
340 688
340 851
341 375
341 429
341 711
341 847
342 529
342 541
342 809
343 424
343 425
344 496
344 697
344 930
344 936
345 376
345 426
345 472
345 483
345 693
345 709
345 947
346 450
346 550
346 708
346 768
346 901
347 360
347 412
347 787
347 918
348 519
348 822
348 942
348 983
349 525
349 633
349 720
349 741
349 828
350 723
351 424
351 480
351 928
352 481
352 490
352 511
352 542
352 821
352 846
352 990
353 365
353 385
353 470
353 495
353 654
353 719
353 906
354 442
354 482
354 568
354 645
354 695
354 897
355 565
355 566
355 624
355 859
355 890
356 479
356 672
356 914
357 750
357 896
358 478
358 616
358 903
358 946
359 516
359 528
359 569
359 589
359 763
359 932
360 475
360 599
360 804
361 663
361 974
362 381
362 423
362 530
362 632
362 710
362 816
363 373
363 647
363 673
363 894
364 444
364 582
364 611
364 706
364 997
365 473
365 654
365 719
366 700
367 388
367 405
367 497
367 917
367 965
368 413
368 441
368 520
368 604
368 952
369 544
369 561
369 583
369 851
369 996
370 576
370 588
370 605
370 679
371 446
371 840
371 951
372 572
372 655
372 905
372 966
373 675
373 793
373 894
374 525
374 597
374 720
374 778
374 953
375 429
375 708
375 847
376 426
376 570
376 693
376 800
377 381
377 423
377 427
377 608
378 565
378 583
378 624
378 694
379 566
379 603
379 727
380 580
380 737
380 991
381 423
381 438
381 710
382 565
382 597
382 658
382 859
383 486
383 489
383 638
383 853
383 948
384 553
384 699
384 782
384 844
384 936
384 989
385 445
385 454
385 470
385 665
385 719
385 878
386 408
386 575
386 721
386 772
387 391
387 584
387 915
388 444
388 611
388 786
389 549
389 784
389 830
389 971
390 882
391 584
391 853
392 402
392 422
392 455
392 685
392 856
393 865
393 954
394 477
394 610
394 732
394 973
395 445
395 719
395 904
395 909
396 432
396 618
396 765
396 854
397 453
397 631
398 416
398 541
398 715
398 838
399 467
399 476
399 600
399 852
399 891
400 499
400 596
400 598
400 950
401 452
401 454
401 883
402 856
403 464
403 803
404 586
404 595
404 677
404 860
404 872
404 886
405 497
405 623
405 917
406 415
406 476
406 600
406 821
406 846
407 531
407 637
407 667
407 807
407 837
407 870
408 546
408 624
408 666
408 772
408 935
408 966
409 757
409 838
409 972
410 662
410 678
410 864
411 677
411 886
411 925
412 787
412 869
412 918
413 520
413 554
413 604
413 655
414 692
414 934
414 949
415 511
415 846
415 910
416 425
416 776
416 939
417 724
417 767
417 956
418 564
418 663
418 864
418 927
419 615
419 810
419 881
419 907
420 493
421 432
421 469
421 704
421 714
421 858
422 685
422 689
422 856
423 427
423 632
425 725
425 939
426 536
426 570
426 839
426 959
427 632
427 680
427 718
428 438
428 710
428 816
428 955
429 462
429 711
430 568
430 620
430 695
430 861
430 975
431 456
431 895
431 958
432 765
432 854
432 858
433 518
433 819
434 738
434 857
434 933
435 563
435 584
435 631
436 590
436 670
436 949
437 460
437 657
437 731
437 771
437 916
438 502
438 710
439 619
439 728
439 924
440 539
440 832
440 855
440 900
441 520
441 635
441 795
441 952
442 448
442 645
443 558
443 607
443 812
444 611
444 706
444 806
445 665
445 719
446 496
446 699
446 749
446 951
446 970
446 989
447 504
447 531
447 825
447 870
448 609
448 978
449 503
449 508
449 643
449 671
449 817
449 823
450 901
451 514
451 614
451 811
451 849
451 919
452 454
452 980
453 631
453 779
453 805
454 878
455 709
455 857
456 834
456 895
456 976
457 931
458 769
458 873
459 518
459 779
460 669
460 771
461 834
461 895
461 967
462 550
462 708
462 711
462 902
463 678
463 875
464 554
464 803
465 505
465 656
465 824
466 733
466 766
466 811
466 988
467 527
467 600
467 891
468 647
468 752
468 770
468 866
469 704
469 714
469 716
470 692
470 878
470 906
471 540
471 598
472 947
473 604
473 719
473 827
473 909
473 952
474 579
474 602
474 903
474 955
475 751
475 804
476 600
476 821
476 852
477 576
477 610
478 538
478 577
478 602
478 903
478 946
479 499
479 730
479 780
479 985
480 888
480 928
481 490
481 990
482 568
482 651
482 824
482 897
483 487
483 661
483 709
483 947
483 960
484 597
484 658
484 778
484 994
485 500
485 594
485 657
485 731
485 925
486 853
487 563
487 805
487 947
487 960
488 525
488 608
488 746
488 953
489 638
489 701
489 948
490 676
490 821
490 993
491 636
491 833
491 910
492 646
492 744
492 866
492 938
493 769
493 877
494 543
494 617
494 725
495 554
495 654
495 803
495 906
496 699
496 930
496 936
496 951
497 798
497 965
498 790
498 984
499 598
499 730
500 609
500 657
500 758
501 546
501 603
501 606
501 777
502 850
502 888
502 928
502 955
503 643
503 648
503 671
504 690
504 870
504 961
505 651
507 621
507 696
507 780
507 917
508 557
508 643
508 781
508 823
509 625
509 674
509 904
509 937
510 607
510 735
510 922
511 542
511 846
511 910
512 567
513 585
513 748
513 836
514 614
514 919
515 528
515 730
515 740
515 763
516 569
516 740
516 763
516 913
517 585
517 637
517 761
518 779
519 616
519 977
520 635
520 655
520 905
521 726
521 776
521 972
522 523
522 601
522 612
522 722
522 774
523 722
523 758
523 774
524 723
524 800
525 720
525 953
526 639
526 705
526 879
526 898
527 768
528 763
528 932
528 958
529 541
529 863
530 632
530 995
531 760
531 807
531 825
531 870
532 549
532 630
532 830
532 861
533 689
533 697
533 698
533 930
534 553
534 657
534 774
534 916
534 970
534 989
535 560
535 617
535 785
536 920
536 959
537 573
537 696
537 795
537 827
537 952
538 577
538 946
539 899
539 900
540 967
541 809
541 838
541 863
542 818
542 833
542 910
542 990
543 617
544 759
544 813
544 851
545 555
545 625
545 904
545 914
546 606
546 666
546 935
547 760
547 761
547 807
547 835
548 613
548 642
548 885
549 630
549 784
549 830
550 708
550 901
550 902
551 560
551 577
551 626
552 578
552 945
552 996
553 601
553 774
553 782
553 989
554 655
554 803
555 625
555 672
555 764
555 801
555 914
556 595
556 669
556 872
557 723
558 607
558 898
559 587
559 629
560 626
561 583
561 912
561 996
562 781
562 988
563 805
563 960
564 815
564 864
564 927
564 954
565 624
565 658
565 859
566 727
566 890
567 931
568 695
568 824
568 861
569 589
570 653
570 839
571 775
571 784
571 908
571 964
572 635
572 691
572 772
572 905
572 926
572 966
573 696
573 827
574 721
574 753
574 772
574 880
574 926
575 721
576 581
576 799
577 602
577 626
577 850
578 729
578 753
578 880
578 912
578 945
578 996
579 616
579 660
579 903
580 650
580 737
580 752
580 893
581 799
582 611
583 994
584 587
584 853
585 748
585 761
586 594
586 677
586 860
586 925
587 638
587 853
588 605
588 676
589 932
589 943
590 649
590 949
591 628
591 788
592 642
592 755
592 848
592 863
592 885
593 613
593 797
594 659
594 860
594 869
594 925
595 669
595 872
595 886
596 747
596 929
596 950
597 658
597 720
597 778
597 826
597 859
598 950
599 804
599 948
599 976
601 612
601 774
601 782
602 850
602 903
602 955
604 952
605 769
605 871
606 666
607 735
607 898
608 683
608 746
608 762
609 684
609 758
610 732
610 855
610 889
612 700
612 722
612 820
612 968
613 797
613 885
614 797
614 849
615 664
615 845
615 907
615 979
616 660
616 903
616 977
617 785
618 765
618 789
619 668
619 924
620 975
621 780
622 634
622 652
622 744
623 913
623 917
623 986
624 694
624 935
625 674
625 764
625 904
626 850
627 641
627 739
627 759
627 813
627 874
628 748
628 836
629 661
629 933
629 960
630 784
631 805
632 718
632 995
633 828
634 736
635 691
635 905
635 962
636 768
637 667
637 761
637 837
638 853
639 876
639 879
639 898
640 946
640 983
641 683
641 739
641 762
641 874
642 885
643 766
643 781
644 813
644 882
645 756
645 897
646 744
646 794
646 866
646 963
647 673
647 752
647 911
648 671
648 868
649 777
650 707
650 893
650 979
651 756
651 897
653 671
653 817
653 839
655 905
656 742
656 824
656 941
657 731
657 774
657 916
659 773
659 787
659 869
660 977
661 857
661 933
661 960
662 864
662 899
663 741
663 864
664 923
664 979
665 969
666 966
667 761
667 807
668 822
669 749
669 771
670 792
670 825
671 817
671 868
672 801
672 914
673 797
673 849
673 894
673 911
674 682
674 764
674 937
675 681
675 982
676 924
676 993
677 886
677 925
678 741
678 828
679 877
680 718
681 971
681 982
682 747
682 764
682 937
683 739
683 754
683 762
684 820
684 968
685 689
686 863
687 829
687 842
688 790
688 813
688 851
689 712
689 796
689 856
690 865
690 870
690 961
691 926
691 962
691 997
692 934
692 980
693 709
693 800
695 703
695 975
696 786
696 795
697 930
697 936
698 930
698 981
699 936
699 989
701 751
701 804
701 840
701 948
702 718
702 995
703 975
704 992
705 898
705 991
706 806
706 962
707 717
707 845
707 979
708 768
709 800
709 857
710 816
711 921
712 796
712 856
712 908
713 957
713 971
714 716
714 858
715 755
716 765
716 858
717 745
717 845
717 907
718 995
719 909
720 826
721 753
721 772
722 758
722 820
724 956
726 839
726 940
726 972
726 984
727 890
727 999
728 783
728 873
728 977
729 819
729 880
730 740
730 985
731 925
732 887
732 889
733 811
733 988
734 767
734 901
734 902
735 898
735 991
737 794
737 879
738 933
739 754
740 763
740 913
740 985
741 828
742 830
742 941
743 883
743 937
746 762
746 953
747 929
747 937
748 836
749 771
749 970
750 792
750 835
750 896
751 804
752 893
752 911
753 880
753 912
755 848
755 863
756 897
757 838
759 813
759 874
760 792
760 807
760 825
761 807
761 835
762 953
764 801
765 789
765 858
766 781
767 956
767 998
769 871
769 877
770 793
770 808
770 866
771 916
771 970
772 926
772 966
773 787
775 964
775 987
776 939
779 805
780 917
780 985
780 986
782 844
783 873
783 977
784 867
785 998
786 795
787 869
789 843
790 829
790 984
791 892
791 921
792 825
793 808
794 879
794 963
795 952
796 908
796 964
797 849
798 915
798 965
799 832
799 855
801 929
802 814
802 831
802 973
803 906
804 948
805 947
806 962
808 866
808 938
809 838
810 881
810 907
811 919
812 843
813 851
817 823
818 822
818 990
820 968
821 846
821 852
822 942
826 859
826 890
826 974
827 909
827 952
829 842
829 984
831 973
832 855
833 910
833 942
834 895
835 896
837 865
839 940
839 959
839 972
840 951
840 981
841 920
841 945
842 920
842 940
842 959
844 936
844 987
845 907
845 979
847 992
849 894
850 888
850 955
852 891
854 892
855 889
857 933
859 890
862 973
864 899
865 954
865 961
866 938
867 957
869 918
876 963
883 969
888 928
893 911
896 944
898 991
901 902
908 964
912 996
913 985
913 986
916 970
917 986
920 959
923 991
924 993
926 997
927 954
927 999
930 951
932 943
932 958
932 976
934 944
934 980
940 959
942 983
943 948
958 976
970 989
985 986
391 339
146 300
978 577
715 551
535 820
217 303
55 310
690 425
208 139
605 849
224 505
292 313
809 374
701 510
666 121
484 361
185 307
173 127
269 571
606 179
442 624
186 563
504 801
219 282
404 653
53 576
315 247
244 239
741 853
946 642
480 916
134 269
923 352
677 778
179 384
695 342
261 668
269 787
326 34
209 400
418 849
751 706
755 127
300 805
371 662
260 170
598 256
378 435
330 634
334 663
589 343
798 840
338 351
574 231
307 651
196 545
555 56
593 95
494 503
527 715
805 172
613 282
307 77
389 264
162 742
561 887
135 345
552 336
726 134
395 560
717 329
319 823
764 484
359 738
316 409
664 609
605 323
47 502
293 191
345 913
897 544
678 226
811 331
112 277
771 320
462 379
327 682
247 684
499 311
140 844
703 169
661 201
280 461
766 363
335 224
280 381
508 263
807 474
556 524
806 200
694 744
572 156
914 585
729 789
632 94
705 47
341 327
368 380
861 466
249 77
388 463
307 133
947 471
222 468
553 503
424 567
707 445
527 253
374 752
311 739
592 780
868 503
644 461
389 201
253 361
746 144
303 506
252 342
248 157
123 824
570 467
532 462
386 535
972 448
870 836
829 140
773 158
645 490
217 176
873 579
207 569
521 590
115 807
59 705
115 318
151 665
511 432
393 41
775 623
654 373
705 246
836 497
939 722
891 570
619 151
845 732
131 362
563 212
312 576
528 80
623 322
583 78
643 143
739 814
609 23
601 462
366 928
761 787
307 172
817 119
388 613
502 863
492 327
855 321
122 575
896 796
98 620
330 419
842 698
241 516
692 856
45 385
619 237
648 298
212 646
355 638
590 956
445 369
811 608
769 673
584 177
209 835
328 843
686 496
126 704
443 667
965 530
190 147
622 499
814 512
976 595
158 328
731 620
360 566
503 998
479 868
83 271
677 721
345 948
411 708
376 295
386 968
536 678
793 815
610 644
287 786
807 577
820 559
833 382
810 624
464 351
633 308
107 742
808 490
551 94
238 897
406 749
148 751
627 424
901 391
862 802
822 652
555 824
580 609
609 893
693 211
699 697
603 125
385 636
688 675
886 328
491 192
857 276
289 552
649 604
314 850
837 814
843 309
333 455
670 399
739 378
477 801
537 417
665 137
911 684
569 193
837 751
773 137
629 476
331 864
430 325
772 647
514 55
408 130
505 574
653 28
683 54
689 240
561 933
201 852
542 974
674 151
131 235
811 685
164 311
34 475
768 211
686 531
984 487
432 678
803 532
322 366
262 464
829 612
213 92
467 431
299 236
564 646
627 798
62 598
849 236
951 371
566 869
470 948
506 911
99 666
586 395
430 265
223 145
295 382
126 541
433 58
596 748
223 691
489 591
284 632
246 631
708 307
944 518
158 767
735 604
530 544
631 958
313 927
361 313
297 357
919 604
517 660
387 283
480 407
822 300
419 117
270 943
468 92
482 389
550 272
118 505
831 162
299 256
473 976
660 184
607 595
538 193
347 64
580 883
169 495
738 588
461 326
627 41
705 420
551 571
754 166
512 346
617 440
168 450
362 512
780 283
85 644
871 363
717 668
331 402
670 460
938 291
420 893
173 206
613 734
271 817
586 973
797 402
178 694
109 637
702 724
786 531
408 214
400 688
404 870
135 311
297 701
409 814
553 610
984 615
136 506
475 784
379 244
672 636
782 196
383 488
732 565
571 667
629 771
442 77
752 528
626 675
201 610
136 409
411 920
511 719
263 627
331 704
281 289
597 479
254 613
288 420
718 809
877 622
350 893
685 112
308 614
564 392
843 186
193 833
421 990
289 404
502 827
39 539
263 705
873 232
686 890
530 743
509 417
787 717
30 508
65 638
432 819
529 946
874 259
587 423
673 245
729 756
555 114
910 569
754 105
262 420
757 552
637 446
603 424
401 508
762 570
777 493
753 199
204 265
107 714
704 120
408 574
262 488
296 586
551 907
59 462
741 504
925 425
869 747
401 782
110 192
574 20
370 715
383 912
111 462
647 888
77 234
420 408
774 301
447 284
488 997
333 610
437 979
310 467
101 699
651 169
919 511
366 620
51 482
88 757
734 232
797 669
471 837
240 190
405 319
835 216
387 184
792 99
454 908
133 788
368 533
395 848
771 449
109 609
873 213
912 651
777 404
222 774
685 451
939 348
189 199
327 520
629 624
4 454
227 631
322 544
713 604
179 590
977 371
862 303
326 132
924 558
619 370
442 865
152 443
285 687
532 496
186 801
13 389
585 809
729 479
431 394
643 854
228 160
630 130
296 755
403 412
297 904
528 32
897 270
598 197
776 870
482 293
178 745
203 708
744 919
392 582
848 398
432 795
520 445
75 367
56 364
354 452
703 628
423 28
830 231
159 718
516 326
798 549
665 896
248 277
205 462
78 426
664 358
417 525
340 794
757 387
847 779
122 770
528 341
905 312
607 340
581 574
310 865
553 767
674 958
552 223
255 291
760 263
718 378
506 605
114 405
453 831
273 858
89 514
370 412
597 10
231 535
689 364
545 637
377 330
309 559
737 770
598 674
624 745
621 189
216 232
205 679
396 478
215 331
474 752
327 808
479 678
522 688
955 669
741 406
495 627
805 442
434 116
939 700
393 669
576 634
263 592
763 914
24 541
230 574
998 499
196 666
535 897
825 847
570 277
511 207
14 595
63 515
164 868
642 651
160 815
143 651
857 214
110 380
767 434
612 786
400 828
980 550
542 806
557 19
713 568
47 295
874 681
376 678
94 352
526 230
485 276
524 107
832 426
623 355
678 88
921 398
203 287
275 770
264 140
240 717
576 704
293 883
710 402
631 555
825 866
270 536
233 290
307 599
775 560
749 648
223 111
421 769
841 278
714 910
201 590
408 14
805 347
658 565
569 252
412 382
595 515
150 152
346 89
414 190
461 397
551 843
480 154
202 174
281 165
433 452
418 876
456 802
256 208
48 411
624 658
34 658
834 457
292 520
821 735
728 726
504 96
385 929
537 775
694 917
913 379
80 494
583 916
444 429
264 841
435 198
279 897
347 254
987 420
26 523
771 695
947 612
766 596
328 269
254 904
672 541
75 301
257 436
534 283
498 538
554 540
238 406
661 836
441 729
481 936
357 488
561 679
164 234
324 762
189 456
196 495
134 432
119 337
147 596
798 590
173 279
782 115
446 29
396 718
519 155
781 225
334 499
773 518
718 196
233 376
311 328
749 80
568 342
726 57
555 165
782 593
386 892
685 652
500 679
57 338
348 417
632 255
618 402
489 483
651 748
913 444
450 646
182 771
30 456
851 682
398 297
714 276
496 25
199 112
416 78
250 478
648 544
198 732
740 693
269 245
304 947
307 104
558 181
691 587
240 922
818 881
101 474
606 975
127 591
418 163
496 661
656 525
593 311
175 155
499 405
31 343
617 577
650 935
703 945
677 580
187 712
268 886
707 80
406 342
687 265
818 243
936 547
361 177
82 477
490 724
48 683
63 382
189 344
554 454
585 857
649 623
351 613
256 752
384 370
129 384
875 452
250 312
665 321
339 752
67 654
854 827
677 70
541 529
682 181
612 954
342 198
387 73
353 775
223 389
478 252
282 671
922 697
353 472
240 859
850 528
472 854
136 624
330 582
391 736
678 922
324 192
509 365
583 132
435 308
571 60
594 538
828 534
744 788
795 508
427 437
913 336
410 633
65 324
898 205
886 353
405 428
215 212
628 909
662 691
363 836
749 673
498 522
267 264
884 554
910 730
874 316
74 726
628 980
783 856
711 856
518 391
466 487
153 531
463 594
479 531
624 64
158 385
523 140
907 245
786 169
599 297
454 253
724 422
566 568
853 171
241 602
691 129
880 715
273 398
298 491
729 76
636 689
26 562
222 254
823 577
541 308
777 758
703 820
355 156
268 338
466 414
43 632
666 857
948 533
64 549
910 471
633 580
790 652
361 38
947 595
454 952
410 45
474 657
576 98
584 495
336 961
279 53
554 257
43 517
834 676
714 468
859 708
647 728
828 178
691 155
455 163
426 244
88 732
556 996
183 179
457 8
818 766
865 786
753 286
736 271
791 425
328 885
449 788
459 879
555 132
218 361
352 855
880 289
442 174
518 642
217 717
298 846
265 646
74 451
256 733
63 622
451 314
458 539
704 189
534 59
489 77
963 406
8 470
464 712
702 760
695 483
216 888
173 476
634 178
157 679
259 508
513 971
574 756
171 413
271 923
321 154
579 451
467 504
281 228
854 339
187 649
529 997
477 601
785 367
341 542
179 632
530 915
155 841
153 495
382 824
689 604
699 779
766 466
658 268
290 336
141 713
450 522
302 540
651 823
418 739
371 64
197 362
299 665
484 769
96 772
97 304
366 957
91 449
300 292
487 446
851 584
686 707
187 273
135 686
859 430
105 252
507 127
489 976
185 512
345 270
840 350
514 499
227 756
239 737
173 334
388 311
114 430
930 325
471 49
798 155
972 388
604 619
792 563
524 617
432 698
685 317
671 754
