1000 2962 10
95 39 58 17 24 60 52 70 33 32 64 60 38 19 42 47 56 68 57 88 95 12 72 57 40 17 69 79 61 35 11 16 89 66 4 51 39 99 30 18 16 35 72 68 72 51 13 69 96 33 57 16 83 44 100 72 58 83 26 73 29 66 65 75 43 56 40 26 26 22 37 29 40 13 82 100 32 18 47 46 32 41 16 28 45 49 69 57 78 66 59 59 55 12 43 91 75 26 100 23 25 19 27 29 59 58 1 12 17 31 23 9 61 77 1 61 7 55 44 37 56 46 46 23 18 96 62 29 2 98 40 39 44 47 2 52 65 94 36 80 90 84 47 19 38 66 17 85 8 82 66 86 64 56 64 92 35 92 8 31 56 37 77 79 98 34 37 4 2 68 16 50 13 82 25 52 77 19 91 87 94 49 18 50 92 91 55 45 32 8 59 76 75 76 21 56 85 1 62 80 54 23 12 9 49 93 51 83 97 31 57 55 72 55 73 6 15 6 70 71 69 89 18 36 2 43 63 16 3 67 57 85 52 51 25 84 83 58 98 53 86 78 58 54 47 14 24 55 40 19 80 43 17 80 56 10 95 66 75 18 4 70 80 24 32 21 22 69 52 82 14 39 53 30 74 35 3 77 7 41 12 19 64 78 41 58 62 72 18 78 52 28 47 34 96 27 66 85 7 19 90 95 65 49 35 58 3 68 90 49 20 24 99 85 23 19 87 44 98 93 59 69 93 1 31 33 76 85 43 14 22 51 94 38 16 57 43 98 86 84 54 37 39 98 52 40 78 27 93 36 49 29 24 22 78 5 91 30 86 42 84 69 87 90 40 14 53 50 76 68 37 76 62 40 35 31 26 88 26 68 33 52 36 86 88 94 53 8 60 45 26 2 84 5 61 92 65 56 34 36 92 37 92 82 73 4 13 70 19 23 67 65 26 44 99 48 88 16 20 40 96 95 51 28 78 73 70 84 84 10 92 92 30 93 12 18 59 58 30 97 37 86 20 17 98 57 56 23 28 76 95 34 4 19 24 52 5 66 81 22 62 86 8 1 14 17 42 69 37 83 90 24 32 11 77 11 55 75 32 16 21 54 28 44 51 66 66 11 44 8 56 39 23 18 20 33 33 45 73 11 22 61 50 54 25 14 37 55 1 51 33 57 23 19 97 99 54 15 14 22 35 22 15 58 37 2 27 75 28 91 40 52 31 76 89 17 43 69 83 88 21 56 39 26 59 92 73 99 92 44 9 94 55 71 48 21 64 100 81 63 95 98 73 44 80 23 61 74 61 48 54 83 73 28 32 39 72 70 76 18 23 29 83 51 33 10 48 8 34 13 78 8 13 86 18 60 47 76 70 64 90 46 5 56 52 65 96 75 81 54 86 9 84 49 99 65 100 13 69 56 38 35 32 25 94 37 88 23 27 78 19 60 93 93 20 68 34 88 33 92 91 74 60 83 88 28 91 80 67 16 86 24 79 70 11 60 40 9 89 5 47 2 11 5 39 40 32 87 98 2 100 22 97 25 39 33 100 37 93 19 85 75 41 71 67 40 17 32 67 14 40 10 92 74 17 70 86 97 67 57 30 73 60 41 36 4 25 99 86 68 51 25 69 87 96 21 5 33 18 86 62 77 88 90 51 59 34 90 47 66 75 71 27 48 35 48 73 7 29 28 45 77 64 49 79 17 36 75 89 78 86 27 21 23 19 38 31 58 85 76 34 11 72 97 16 17 51 4 97 36 42 11 76 58 87 76 6 9 72 98 91 62 64 55 80 58 24 5 64 3 87 75 16 88 79 100 77 21 25 21 53 34 9 33 48 81 13 39 35 69 96 75 46 99 52 89 63 6 81 35 47 23 36 75 76 5 76 90 74 26 99 70 74 32 56 85 10 12 54 49 92 77 19 20 2 100 75 64 76 15 31 76 74 9 44 43 85 63 32 87 99 92 100 89 53 9 42 15 56 99 59 87 39 29 45 90 40 76 43 27 53 13 29 45 49 40 82 76 49 25 63 33 35 74 8 6 26 98 87 65 61 40 48 85 94 88 16 62 36 57 25 68 57 67 6 90 28 42 10 42 37 93 64 62 35 15 66 45 88 53 68 6 75 78 25 1 52 44 33 3 18 81 82 50 98 85 90 60 9 47 35 37 57 43 63 85 45 96 70 22 92 69 15 58 53 37 87 72 91 75 94 27 90 95 93 83 84 82 42 8 95 54 87 60 31 33 97 59 7 8 51 88 4 66 77 81 77 48 16 84
0 91
0 119
0 199
0 433
0 567
0 954
1 257
1 397
1 555
1 905
1 909
2 470
2 589
2 681
2 792
2 900
3 245
3 452
3 746
3 790
3 882
4 318
4 367
4 621
4 838
4 843
5 52
5 55
5 503
5 980
6 51
6 103
6 286
6 854
6 918
6 981
7 236
7 273
7 285
7 373
7 617
7 644
7 749
8 191
8 203
8 591
8 624
8 714
8 808
8 936
9 114
9 135
9 260
9 332
9 675
10 49
10 229
10 472
10 541
10 586
10 788
10 927
10 962
11 144
11 150
11 575
11 813
11 957
11 974
12 194
12 210
12 762
12 768
13 73
13 289
13 342
13 388
13 627
13 740
13 982
14 64
14 550
14 986
14 996
15 21
15 316
15 381
15 417
15 482
15 877
15 941
16 79
16 89
16 175
16 309
16 341
16 917
16 935
16 987
17 77
17 81
17 244
17 541
17 574
17 765
17 846
18 145
18 158
18 315
18 502
18 667
19 221
19 322
19 381
19 445
19 671
19 726
19 732
19 941
20 77
20 96
20 472
20 609
20 811
20 827
21 417
21 496
21 729
21 877
21 902
22 446
22 687
22 787
22 804
22 810
22 840
23 45
23 213
23 240
23 614
23 656
23 836
24 211
24 348
24 376
24 480
24 629
25 132
25 354
25 399
25 785
25 863
25 870
25 963
26 101
26 334
26 372
26 440
26 531
26 879
27 38
27 534
27 712
27 751
27 787
28 79
28 154
28 175
28 409
28 454
28 637
29 208
29 363
29 364
29 547
29 674
29 766
30 100
30 542
30 565
30 615
30 913
31 287
31 315
31 334
31 384
31 537
31 667
32 111
32 153
32 442
32 443
32 467
32 707
32 954
33 144
33 156
33 413
33 574
33 575
33 772
34 127
34 256
34 520
34 717
34 776
34 818
34 847
34 891
35 406
35 632
35 858
35 952
36 147
36 459
36 713
36 851
36 869
37 72
37 189
37 262
37 358
37 485
37 833
37 853
38 377
38 751
38 757
38 787
38 840
39 171
39 271
39 624
39 812
39 878
39 966
40 266
40 356
40 406
40 703
40 711
40 952
40 973
41 187
41 501
41 665
41 677
41 815
41 887
42 136
42 378
42 538
42 589
42 770
42 908
43 186
43 198
43 326
43 521
43 754
43 892
44 252
44 313
44 365
44 523
44 600
44 693
45 213
45 349
45 461
45 836
46 270
46 328
46 710
46 761
47 306
47 324
47 429
47 670
47 915
47 946
48 305
48 405
48 703
48 711
48 753
48 825
48 911
49 214
49 229
49 472
49 490
50 94
50 247
50 434
50 462
50 728
51 103
51 412
51 731
51 854
52 55
52 269
52 873
52 980
53 222
53 275
53 648
53 683
53 820
53 998
54 214
54 469
54 490
54 526
54 546
54 653
55 74
55 108
55 120
55 269
55 361
55 503
56 228
56 319
56 494
56 727
56 798
56 943
56 978
57 377
57 680
57 724
57 751
57 884
58 276
58 612
58 658
58 741
58 842
59 343
59 383
59 512
59 557
59 806
59 948
60 185
60 243
60 388
60 456
60 497
60 740
61 281
61 448
61 460
61 477
61 519
61 802
61 890
62 222
62 547
62 653
62 827
62 998
63 75
63 245
63 335
63 769
63 803
63 925
63 971
64 291
64 550
64 828
64 996
65 209
65 311
65 888
65 959
65 990
66 180
66 340
66 724
66 812
66 966
67 207
67 246
67 331
67 581
67 746
67 969
68 134
68 297
68 691
68 739
68 776
69 312
69 514
69 613
69 630
69 815
69 865
70 167
70 526
70 546
70 649
70 932
71 76
71 285
71 310
71 649
71 684
71 932
72 189
72 399
72 785
72 833
73 141
73 225
73 342
73 531
73 627
73 650
73 661
74 120
74 190
74 242
74 361
74 889
75 151
75 278
75 335
75 593
75 769
75 875
75 883
76 403
76 442
76 546
76 556
76 649
76 684
76 738
76 970
77 541
77 574
77 609
77 811
78 274
78 415
78 561
78 618
78 701
78 979
79 175
79 605
79 637
79 917
80 118
80 365
80 446
80 558
80 702
80 747
80 810
81 159
81 244
81 548
81 692
81 846
82 416
82 460
82 464
82 477
82 794
82 904
83 688
83 778
83 860
83 862
83 960
84 130
84 146
84 194
84 393
84 762
85 160
85 712
85 751
85 906
85 940
86 202
86 486
86 545
86 750
86 895
86 915
86 950
87 141
87 248
87 372
87 531
87 549
87 861
88 153
88 259
88 298
88 654
88 662
88 759
89 175
89 752
89 987
90 149
90 339
90 395
90 553
90 755
90 756
90 885
91 119
91 123
91 199
91 922
92 103
92 257
92 337
92 555
92 560
92 905
92 981
93 104
93 231
93 290
93 346
93 385
93 619
93 800
93 802
93 890
94 434
94 462
94 552
94 610
94 873
94 897
94 964
94 980
95 172
95 183
95 428
95 716
95 736
96 364
96 585
96 766
96 811
96 827
96 957
97 143
97 330
97 355
97 528
97 533
97 825
98 350
98 439
98 540
98 598
98 697
98 722
98 836
99 149
99 193
99 395
99 778
99 855
99 860
100 520
100 565
100 615
100 705
100 872
100 949
100 991
101 163
101 334
101 440
101 537
101 854
102 319
102 398
102 494
102 845
102 910
102 943
103 397
103 412
103 905
103 981
104 219
104 231
104 346
104 463
104 522
105 387
105 494
105 506
105 727
105 845
106 176
106 284
106 400
106 500
106 508
106 583
106 826
107 222
107 469
107 556
107 633
107 970
107 997
108 237
108 269
108 361
108 507
109 113
109 166
109 181
109 788
109 927
110 124
110 211
110 294
110 669
110 734
110 886
110 968
111 153
111 442
111 633
111 759
111 970
112 511
112 714
112 743
112 817
112 984
113 181
113 536
113 584
113 927
113 962
114 135
114 332
114 493
114 570
114 894
114 972
115 374
115 611
115 764
116 337
116 345
116 360
116 427
116 993
117 230
117 430
117 453
117 673
117 763
118 365
118 438
118 810
119 123
119 138
119 433
119 694
120 190
120 235
120 503
120 929
121 378
121 386
121 708
121 744
121 770
121 821
121 864
122 182
122 268
122 353
122 548
122 692
122 824
123 138
123 340
123 620
123 922
123 966
124 211
124 376
124 411
124 466
124 685
124 968
125 277
125 515
125 517
125 737
125 921
125 961
126 574
126 575
126 811
126 957
127 520
127 565
127 739
127 847
128 132
128 441
128 543
128 863
128 977
129 532
129 564
129 797
129 844
130 393
130 484
130 498
130 587
130 686
130 709
130 762
130 901
131 489
131 763
131 794
131 896
131 926
132 354
132 529
132 863
132 977
133 396
133 557
133 578
133 696
133 948
134 179
134 297
134 420
134 691
134 956
135 260
135 570
135 814
135 916
136 538
136 589
136 805
137 235
137 265
137 307
137 544
137 552
137 935
137 980
138 171
138 694
138 849
138 966
139 202
139 417
139 496
139 659
139 660
139 750
140 559
140 708
140 793
140 821
141 531
141 627
141 861
142 163
142 201
142 372
142 440
142 577
143 330
143 368
143 405
143 825
144 156
144 575
144 813
145 158
145 354
145 499
145 502
145 963
145 999
146 194
146 393
146 501
146 514
146 887
147 529
147 636
147 698
147 851
147 869
147 876
148 186
148 224
148 261
148 625
148 710
148 737
148 754
149 395
149 855
149 885
150 432
150 444
150 585
150 872
150 957
150 974
151 196
151 593
151 622
151 683
151 769
152 197
152 338
152 756
152 855
152 885
152 902
153 467
153 662
153 759
153 914
154 306
154 409
154 454
154 782
155 205
155 249
155 299
155 327
155 329
155 418
155 671
156 157
156 256
156 413
156 465
156 813
157 268
157 277
157 353
157 413
157 465
157 517
158 225
158 650
158 667
158 879
158 999
159 398
159 548
159 645
159 846
160 187
160 250
160 602
160 906
160 940
161 272
161 352
161 580
161 590
161 784
161 834
161 944
162 308
162 312
162 333
162 630
162 965
162 995
163 440
163 577
163 731
163 854
164 227
164 303
164 448
164 464
164 900
164 904
165 230
165 430
165 460
165 519
165 603
165 763
166 181
166 604
166 765
166 780
166 788
166 839
166 852
167 229
167 490
167 526
167 841
167 932
167 962
168 245
168 336
168 359
168 392
168 452
169 189
169 226
169 262
169 295
169 492
169 988
170 174
170 269
170 491
170 507
170 509
170 678
170 797
171 267
171 591
171 624
171 849
171 966
172 183
172 201
172 736
172 888
172 959
173 807
173 832
173 921
173 956
173 961
174 237
174 507
174 797
175 454
175 752
176 218
176 284
176 344
176 410
176 583
177 275
177 278
177 298
177 759
177 820
177 883
177 997
178 284
178 308
178 333
178 375
178 672
178 700
178 826
179 255
179 382
179 420
179 832
179 956
180 340
180 608
180 620
180 724
180 757
180 804
181 584
181 780
182 268
182 475
182 515
182 517
182 773
182 824
183 311
183 716
183 857
183 958
183 959
184 596
184 723
184 765
184 767
184 846
184 852
185 456
185 497
185 513
185 532
185 607
186 215
186 737
186 754
186 892
187 602
187 665
187 677
187 940
188 241
188 290
188 436
188 437
188 528
188 572
188 859
188 911
189 226
189 262
189 785
190 856
190 889
190 929
190 931
191 390
191 624
191 808
191 878
192 459
192 661
192 851
192 876
192 930
192 999
193 395
193 457
193 778
194 233
194 665
194 762
194 768
194 887
194 933
195 357
195 559
195 743
195 984
196 223
196 367
196 622
196 721
196 769
196 838
197 414
197 666
197 756
197 881
197 902
198 326
198 754
198 809
198 975
199 358
199 853
199 922
199 954
200 204
200 302
200 318
200 621
200 640
200 991
201 372
201 577
201 736
201 888
202 486
202 660
202 670
202 750
203 588
203 655
203 676
203 714
203 743
203 936
204 238
204 263
204 318
204 640
205 327
205 329
205 950
206 370
206 450
206 631
206 635
206 735
206 829
206 967
207 246
207 457
207 553
207 581
207 597
207 755
208 253
208 363
208 562
208 674
208 704
209 412
209 577
209 731
209 888
209 990
210 402
210 425
210 484
210 709
210 762
210 768
211 294
211 376
211 629
211 689
212 243
212 428
212 449
212 455
212 497
212 866
212 958
213 461
213 656
213 907
214 472
214 490
214 653
214 827
215 737
215 807
215 892
215 921
216 234
216 317
216 320
216 366
216 587
216 595
216 679
216 686
216 786
216 942
217 266
217 305
217 711
217 834
217 912
218 284
218 344
218 700
218 779
218 874
219 463
219 522
219 744
219 793
219 821
219 938
220 410
220 579
220 775
220 792
220 900
221 322
221 578
221 639
221 696
221 726
222 469
222 653
222 820
222 997
222 998
223 323
223 478
223 651
223 769
223 838
223 881
223 925
223 971
224 625
224 710
224 730
225 531
225 650
225 879
226 492
226 785
226 863
227 794
227 900
227 904
227 926
228 798
228 912
228 978
229 490
229 962
230 430
230 763
231 282
231 296
231 522
231 890
232 394
232 403
232 443
232 707
232 738
232 760
232 989
233 665
233 712
233 933
233 940
234 595
234 786
234 801
235 307
235 503
235 929
235 980
236 285
236 373
236 594
236 920
237 361
237 374
237 507
237 611
237 742
237 797
237 831
238 263
238 316
238 474
238 640
239 288
239 304
239 409
239 637
239 782
239 871
240 408
240 439
240 466
240 614
240 685
240 836
241 290
241 796
241 800
241 859
241 945
242 361
242 781
242 889
242 931
243 248
243 388
243 497
243 866
244 574
244 692
244 772
245 335
245 359
245 452
245 803
245 882
246 331
246 424
246 597
246 623
247 457
247 462
247 623
247 728
247 778
248 388
248 549
248 861
248 866
249 332
249 371
249 418
249 671
250 602
250 643
250 672
250 898
250 906
251 679
251 748
251 830
251 942
251 976
252 287
252 421
252 447
252 523
252 600
252 638
252 953
252 976
253 363
253 562
253 705
253 771
253 949
254 259
254 295
254 492
254 543
254 662
254 914
255 382
255 391
255 480
255 629
255 832
255 955
256 465
256 717
256 813
256 891
257 555
257 905
258 276
258 426
258 571
258 626
258 634
258 658
258 758
259 336
259 441
259 543
259 654
259 662
259 783
260 675
260 814
261 515
261 625
261 737
261 773
262 358
262 928
262 988
263 316
263 318
263 573
263 877
264 424
264 483
264 539
264 610
264 678
264 897
265 341
265 527
265 552
265 935
266 356
266 569
266 711
266 912
267 591
267 646
267 694
267 849
268 353
268 517
269 507
269 509
269 873
270 328
270 369
270 518
270 735
270 761
271 812
271 878
271 983
272 319
272 590
272 604
272 723
272 834
272 839
273 536
273 584
273 617
273 644
274 346
274 463
274 561
274 848
274 938
274 979
275 278
275 593
275 683
275 820
276 658
276 758
276 789
276 842
277 465
277 517
277 695
277 961
278 593
278 883
279 362
279 475
279 551
279 850
279 868
280 283
280 431
280 438
280 608
280 687
280 774
280 833
281 385
281 519
281 603
281 802
281 945
282 296
282 386
282 448
282 744
282 890
283 608
283 620
283 682
283 774
284 700
284 826
285 310
285 617
285 920
285 932
286 421
286 447
286 918
286 981
287 315
287 384
287 447
287 502
287 638
288 304
288 550
288 720
288 828
288 871
288 916
289 342
289 380
289 483
289 539
289 822
289 982
290 436
290 619
290 800
291 422
291 582
291 720
291 816
291 828
291 996
292 407
292 616
292 899
292 951
293 326
293 391
293 521
293 719
293 886
294 669
294 689
295 492
295 914
295 988
296 522
296 744
297 695
297 776
297 891
297 956
298 654
298 759
298 883
299 327
299 418
299 550
299 675
299 814
299 916
299 986
300 394
300 511
300 594
300 601
300 817
300 920
301 410
301 508
301 583
301 589
301 681
301 805
302 606
302 615
302 640
302 913
302 991
303 378
303 386
303 448
303 470
303 900
304 404
304 419
304 605
304 637
305 572
305 711
305 834
305 911
305 944
306 324
306 422
306 454
306 782
306 946
307 544
307 725
307 923
307 929
308 333
308 630
308 700
308 779
309 544
309 725
309 867
309 917
309 935
310 684
310 920
311 857
311 959
311 990
312 613
312 630
312 995
313 325
313 351
313 365
313 438
313 468
313 600
314 562
314 622
314 648
314 704
314 721
314 771
315 502
315 667
316 474
316 732
316 877
316 941
317 345
317 360
317 473
317 524
317 679
317 786
318 321
318 573
318 621
318 843
319 723
319 767
319 834
319 910
319 943
319 978
320 587
320 652
320 693
320 748
320 942
321 414
321 573
321 729
321 843
321 881
322 445
322 471
322 639
323 478
323 690
323 803
323 971
324 429
324 454
324 688
324 960
325 351
325 399
325 431
325 438
325 870
326 521
326 719
326 809
327 545
327 950
327 986
327 996
328 369
328 710
328 754
329 381
329 671
329 895
329 950
330 368
330 533
330 664
330 673
331 424
331 969
332 371
332 418
332 675
332 894
333 481
333 672
333 965
334 537
334 667
334 879
335 359
335 783
335 875
336 359
336 392
336 441
336 783
337 345
337 555
337 560
337 993
338 718
338 777
338 855
338 860
338 902
339 478
339 651
339 690
339 755
339 756
340 620
340 966
341 527
341 657
341 935
341 987
342 380
342 504
342 661
342 713
343 349
343 350
343 512
343 557
344 410
344 865
344 874
345 360
345 423
345 473
345 560
346 463
346 619
346 979
347 659
347 660
347 718
347 777
348 376
348 408
348 411
348 480
348 566
348 685
349 350
349 461
349 557
349 598
349 696
349 836
350 512
350 598
350 722
351 468
351 499
351 870
352 437
352 505
352 572
352 580
352 944
353 413
353 692
354 529
354 876
354 963
354 999
355 528
355 533
355 668
355 796
355 859
356 569
356 741
356 842
356 973
357 559
357 655
357 708
357 743
358 853
358 928
358 954
359 783
360 427
360 524
361 742
361 781
362 370
362 551
362 635
362 835
362 868
362 947
363 364
363 444
363 949
364 444
364 585
364 766
365 438
365 558
365 693
366 498
366 595
366 686
366 801
367 621
367 721
367 838
368 405
368 406
368 664
368 858
369 518
369 754
369 975
370 450
370 635
370 947
371 396
371 671
371 726
371 894
372 440
372 531
372 549
372 736
373 594
373 715
373 749
374 564
374 607
374 611
374 764
374 797
375 516
375 530
375 672
375 826
375 898
376 411
377 724
377 751
377 757
378 386
378 470
378 589
378 770
379 402
379 425
379 446
379 534
379 747
379 787
380 504
380 539
380 791
381 482
381 671
381 895
381 941
382 420
382 480
382 510
382 566
383 512
383 641
383 806
383 880
384 447
384 537
384 918
385 800
385 802
385 945
386 448
386 744
387 506
387 626
387 835
387 845
387 868
387 903
388 627
388 740
388 861
389 452
389 479
389 628
389 698
389 795
389 869
390 495
390 642
390 808
390 878
391 521
391 669
391 832
391 886
391 955
392 441
392 452
392 636
392 795
393 514
393 599
393 786
393 801
393 901
394 601
394 684
394 738
394 760
394 920
395 457
395 553
396 578
396 726
396 894
396 948
397 412
397 905
397 909
397 990
398 596
398 645
398 845
398 846
398 910
399 431
399 785
399 833
399 870
400 500
400 530
400 576
400 826
400 919
400 934
401 476
401 571
401 634
401 663
401 829
402 425
402 435
402 652
402 709
402 747
403 442
403 707
403 738
404 419
404 799
404 867
404 931
405 406
405 703
405 825
406 703
406 858
406 952
407 607
407 764
407 899
407 951
408 566
408 614
408 685
408 985
409 637
409 782
410 579
410 583
410 681
410 792
410 865
411 685
412 731
412 990
413 692
413 772
414 729
414 881
414 902
415 505
415 580
415 618
415 701
415 784
416 460
416 489
416 794
417 482
417 496
417 750
417 895
418 675
419 605
419 867
419 917
420 510
420 691
421 423
421 447
421 473
421 953
421 981
422 582
422 782
422 816
422 946
423 473
423 560
423 981
424 539
424 610
424 623
424 791
424 969
425 534
425 712
425 768
425 933
426 506
426 626
426 758
426 798
427 524
427 786
427 993
428 716
428 736
428 866
428 958
429 660
429 670
429 688
430 453
430 603
430 668
431 438
431 833
432 818
432 872
432 974
433 567
433 694
433 989
434 527
434 657
434 728
434 964
435 652
435 702
435 747
436 437
436 618
436 619
436 979
437 505
437 572
437 618
438 687
438 810
439 466
439 697
439 836
441 543
441 636
441 977
442 707
442 970
443 567
443 707
443 954
443 989
444 585
444 872
444 949
445 471
445 732
445 994
446 747
446 787
446 810
447 918
448 464
448 477
448 890
449 455
449 497
449 607
449 616
449 899
450 626
450 631
450 903
450 947
451 471
451 525
451 535
451 542
451 606
451 823
451 913
451 994
452 628
452 746
452 795
453 533
453 668
453 673
454 752
454 960
455 568
455 616
455 958
456 513
456 740
456 822
456 893
456 982
457 553
457 597
457 623
457 778
458 614
458 656
458 691
458 924
458 937
458 985
459 661
459 713
459 851
460 477
460 489
460 519
460 763
460 896
461 639
461 696
461 733
461 907
462 610
462 623
463 938
464 477
464 904
465 695
465 891
466 685
466 697
466 968
467 914
467 928
467 954
467 988
468 499
468 600
468 638
469 546
469 556
469 653
470 589
470 900
471 525
471 639
471 733
471 994
472 541
472 609
472 827
473 679
473 830
473 953
474 535
474 606
474 640
474 732
474 994
475 551
475 773
475 824
475 850
476 626
476 631
476 634
476 829
478 651
478 690
479 504
479 628
479 713
479 791
479 819
479 869
480 566
480 629
481 602
481 672
481 677
481 965
481 995
482 895
483 491
483 539
483 678
483 822
483 893
484 709
484 762
485 682
485 774
485 833
485 853
486 670
486 915
487 538
487 647
487 676
487 770
487 864
487 908
488 516
488 643
488 898
488 934
488 939
489 794
489 896
490 526
491 678
491 797
491 844
491 893
492 543
492 863
493 570
493 972
493 992
494 727
494 845
494 943
495 554
495 576
495 642
495 808
495 919
496 659
496 718
496 902
497 607
498 599
498 686
498 801
498 901
499 502
499 638
499 870
499 963
500 508
500 592
500 805
500 919
501 514
501 815
501 887
502 638
503 980
504 713
504 791
505 580
505 618
506 626
506 727
506 798
508 583
508 805
509 678
509 873
509 897
510 566
510 691
510 985
511 591
511 601
511 714
511 817
512 722
512 880
513 532
513 844
513 893
514 815
515 517
515 737
515 773
516 530
516 898
516 934
518 735
518 745
518 809
518 975
519 603
520 565
520 818
520 872
521 832
521 892
522 744
523 693
523 748
523 976
524 786
525 733
525 823
525 907
526 546
527 552
527 657
527 964
528 753
528 825
528 859
528 911
529 636
529 876
529 977
530 826
530 934
531 879
532 564
532 607
532 844
533 668
533 673
534 712
534 787
535 606
535 994
536 584
536 617
536 841
536 932
536 962
537 854
537 918
538 592
538 647
538 805
538 908
539 791
540 697
540 699
540 722
540 968
541 586
541 609
541 765
542 565
542 823
542 913
543 863
544 725
544 935
545 816
545 915
545 950
545 996
546 556
546 649
547 674
547 766
547 827
547 998
548 645
548 692
548 824
549 736
549 866
550 828
550 916
550 986
551 625
551 635
551 730
551 773
552 964
552 980
553 755
554 647
554 808
554 919
554 936
555 909
555 993
556 970
557 696
557 948
558 652
558 693
558 702
559 563
559 708
559 793
559 984
560 981
561 644
561 701
561 848
562 704
562 771
563 715
563 793
563 817
563 848
563 984
564 607
564 797
565 739
565 823
566 985
567 954
567 989
568 616
568 857
568 951
568 958
569 789
569 798
569 842
569 912
570 880
570 992
571 634
571 658
571 663
572 911
572 944
573 729
573 877
574 575
574 772
574 811
575 957
576 642
576 837
576 919
576 934
577 731
577 888
578 696
578 726
579 775
579 865
580 784
581 746
581 755
581 790
582 720
582 782
582 871
584 644
584 701
584 780
585 957
586 765
586 788
587 652
587 686
587 709
588 647
588 676
588 936
589 681
589 805
590 784
590 839
591 601
591 624
591 646
591 714
592 647
592 805
592 919
593 683
594 715
594 817
594 920
595 801
596 767
596 846
596 910
597 623
598 836
599 801
599 901
600 638
601 646
601 760
602 672
602 677
603 668
603 796
603 945
604 723
604 839
604 852
605 637
605 917
606 640
606 913
607 764
607 899
608 620
608 687
608 804
610 623
610 897
611 764
611 831
611 931
611 951
612 632
612 658
612 741
612 973
613 677
613 815
613 995
614 656
614 985
615 913
615 991
616 899
616 951
617 932
618 979
619 979
620 682
620 922
621 721
621 771
621 991
622 648
622 683
622 721
624 878
625 730
625 773
626 631
626 634
626 903
627 861
628 746
628 819
628 969
629 689
629 955
630 779
630 865
630 874
631 829
632 673
632 858
632 952
632 973
633 759
633 970
633 997
635 730
635 735
635 761
636 698
636 795
636 977
639 696
639 733
641 806
641 880
641 972
641 992
642 706
642 837
642 878
643 898
643 906
643 939
644 701
644 749
644 848
645 824
645 845
645 850
645 868
646 694
646 760
647 676
647 919
647 936
648 683
648 704
648 998
649 932
650 661
650 930
650 999
651 666
651 756
651 881
652 693
652 702
652 709
653 827
654 783
654 875
654 883
655 676
655 708
655 743
655 864
656 907
656 924
657 728
657 862
657 987
659 660
659 718
660 670
660 688
660 777
661 713
661 930
662 914
663 735
663 745
663 829
663 967
664 673
664 858
665 887
665 940
666 756
666 881
667 879
668 796
669 689
669 886
669 955
670 915
671 726
672 898
673 858
674 704
674 998
675 814
676 864
677 815
677 995
678 897
679 830
679 942
680 706
680 724
680 884
680 983
681 792
682 774
682 853
682 922
684 738
684 920
687 804
687 810
688 777
688 860
688 960
689 955
690 755
690 803
690 882
691 739
691 937
691 985
692 772
693 748
694 760
694 849
694 989
695 891
695 956
695 961
697 968
698 795
698 869
699 722
699 880
699 968
700 779
701 780
701 784
701 839
702 747
703 711
704 998
705 771
705 949
705 991
706 837
706 878
706 884
706 939
706 983
708 821
708 864
710 730
710 754
710 761
712 751
712 933
712 940
713 869
714 743
715 749
715 817
715 848
716 958
717 813
717 818
717 974
718 777
718 902
719 734
719 745
719 809
719 886
720 828
720 871
721 771
722 880
723 767
723 852
724 757
724 812
724 983
725 799
725 867
725 923
727 798
728 778
728 862
729 877
729 902
730 761
731 854
732 941
732 994
733 907
734 745
734 886
734 968
735 745
735 761
735 967
736 866
737 921
739 776
739 823
739 847
739 924
739 937
740 982
741 842
741 973
742 781
742 831
743 984
744 821
745 809
746 790
746 969
748 942
748 976
749 848
750 895
751 884
751 906
752 862
752 960
752 987
753 825
753 911
754 975
755 790
755 882
756 885
757 804
757 840
758 789
758 798
759 997
760 989
763 896
764 951
765 788
765 846
765 852
766 827
767 910
768 933
769 925
770 864
770 908
771 991
774 833
775 900
775 926
776 847
776 891
777 860
778 860
778 862
779 874
780 839
781 831
781 931
782 871
783 875
784 839
785 863
786 801
787 840
788 927
789 798
789 842
790 882
791 819
791 969
792 900
793 821
793 848
793 938
794 904
794 926
796 859
796 945
797 844
798 912
799 856
799 867
799 923
799 931
800 945
802 890
803 882
803 971
804 840
806 948
806 972
807 832
807 892
807 921
808 936
809 975
811 957
812 966
812 983
813 974
814 916
816 915
816 946
816 996
817 984
818 872
818 974
819 969
820 997
822 893
822 982
823 907
823 924
824 850
829 967
830 953
830 976
831 931
832 892
832 956
834 912
834 944
834 978
835 868
835 903
835 947
837 934
837 939
838 843
838 881
841 932
841 962
843 881
844 893
845 868
848 938
850 868
851 876
853 922
854 918
855 860
855 885
856 923
856 929
856 931
857 951
857 958
857 990
862 960
862 987
865 874
867 917
870 963
872 949
873 897
873 980
875 883
876 999
878 983
880 968
880 992
884 906
884 939
888 959
889 931
894 948
894 972
895 950
900 926
903 947
906 939
907 924
909 990
909 993
912 978
914 988
915 946
921 961
923 929
924 937
925 971
927 962
928 954
928 988
930 999
934 939
948 972
952 973
953 976
956 961
965 995
972 992
986 996
505 327
128 175
754 158
323 514
434 655
107 603
193 216
671 406
619 261
342 942
664 501
636 672
438 71
193 423
250 875
379 771
158 710
699 584
269 300
418 822
649 582
364 736
436 196
548 874
677 918
362 333
187 335
481 161
165 763
557 594
538 738
242 283
503 388
673 659
616 734
982 435
282 422
426 315
487 177
566 246
931 456
501 55
714 200
782 816
331 193
521 869
864 775
244 788
905 432
638 529
192 622
173 235
109 584
508 554
601 497
82 588
864 544
524 185
981 507
462 934
129 431
857 266
559 538
407 530
230 873
93 260
524 230
280 542
629 782
545 9
613 457
605 423
403 313
217 390
52 598
434 522
577 428
677 573
771 393
144 742
380 184
742 609
857 215
236 701
423 28
523 123
290 818
173 371
453 437
174 708
309 613
490 302
181 174
828 312
171 611
88 326
613 597
924 377
542 941
276 654
544 685
194 297
830 558
169 193
787 325
864 582
672 132
537 488
73 560
716 486
758 914
518 415
650 315
693 463
386 947
21 479
211 110
952 296
380 203
520 308
77 613
735 240
743 666
511 282
659 949
732 759
658 621
588 739
370 401
87 481
393 68
906 210
355 382
443 885
649 805
332 961
706 183
124 644
538 292
315 758
714 302
190 377
157 301
939 386
661 678
305 322
462 14
304 423
800 770
300 642
599 662
448 570
327 672
484 427
178 777
315 878
677 687
707 695
274 321
774 608
527 102
816 457
609 36
174 279
802 198
910 267
734 489
635 477
356 469
431 359
117 537
562 275
96 311
710 796
71 525
191 731
688 101
477 489
632 97
680 838
492 231
724 468
763 689
62 311
766 548
105 451
771 800
522 85
854 371
418 328
50 621
605 234
282 373
263 627
450 58
678 310
432 617
350 669
801 825
471 319
476 701
135 312
303 777
652 265
454 703
297 854
913 703
277 583
536 608
134 261
426 91
721 924
108 372
529 848
618 528
751 799
311 86
901 472
664 70
759 307
780 116
437 845
538 514
398 594
822 757
228 349
408 350
829 163
875 529
648 494
930 276
811 291
558 373
477 95
286 56
93 635
645 390
55 535
445 732
143 828
588 928
870 341
29 582
145 395
708 609
351 496
250 568
205 613
155 383
335 891
563 97
293 134
294 206
536 643
420 405
688 868
653 719
154 156
949 595
418 443
302 943
778 741
448 349
426 721
192 526
137 652
920 474
577 301
737 692
103 558
889 775
560 220
791 488
673 425
764 352
479 538
953 536
701 723
457 507
837 671
416 251
862 289
788 263
441 255
655 112
637 408
215 210
267 249
173 875
178 467
837 336
220 851
29 414
760 863
736 918
430 374
786 279
657 777
457 472
277 902
628 360
730 128
503 727
783 197
113 799
881 433
199 781
90 664
631 57
106 702
614 405
71 272
560 18
344 231
493 610
263 283
413 763
260 112
445 685
842 531
339 125
400 683
444 820
365 582
231 759
365 265
781 840
284 865
856 788
339 844
953 371
262 539
349 922
603 59
219 305
401 491
371 452
197 143
308 695
335 600
512 256
159 682
216 442
482 927
693 75
222 145
797 345
296 726
653 915
493 881
499 935
344 270
843 431
728 672
324 347
911 341
947 477
679 293
462 332
384 477
245 107
50 574
853 669
557 623
581 610
360 212
322 63
461 635
961 392
842 816
888 671
354 881
169 342
677 388
46 475
618 116
679 933
509 195
746 206
423 149
215 474
385 793
668 861
464 966
231 249
848 308
766 237
875 597
152 410
307 456
602 215
738 870
342 458
379 22
604 369
290 618
397 896
139 193
783 585
384 303
640 145
957 658
401 132
552 397
69 740
932 410
954 419
32 430
610 903
160 790
733 102
647 938
151 227
703 667
373 692
795 410
872 217
341 775
323 904
80 752
663 840
263 185
219 820
241 168
221 532
450 132
926 590
216 89
105 356
254 753
920 301
386 266
600 683
529 326
177 642
391 145
836 371
845 410
384 224
567 939
172 305
361 422
535 406
529 365
574 643
448 805
419 187
242 222
815 230
70 390
902 661
505 772
318 478
953 319
203 747
63 376
144 445
261 611
591 832
262 418
881 235
501 853
188 598
767 329
834 201
674 718
595 957
467 375
325 255
553 492
765 172
478 805
647 548
257 168
459 747
805 663
941 656
837 226
357 601
262 470
684 899
577 57
368 782
160 488
405 84
436 297
286 790
691 228
585 131
891 211
628 516
122 513
402 374
402 967
852 566
618 206
333 731
103 395
354 63
304 267
678 159
489 15
288 279
95 615
237 455
829 418
886 578
81 547
698 148
127 554
642 866
624 316
481 962
119 473
478 3
763 733
612 131
732 724
832 850
874 268
588 723
744 833
783 298
315 187
241 78
519 803
611 477
162 651
898 381
331 387
627 136
199 352
89 464
930 347
460 156
472 757
666 450
214 256
690 195
214 502
536 980
683 551
540 756
399 395
109 678
270 833
584 467
560 565
769 636
155 350
250 914
819 706
138 635
294 601
639 217
168 137
560 459
459 891
368 169
698 307
207 166
739 403
515 632
686 348
61 473
563 738
646 894
524 341
39 364
924 510
389 979
981 615
862 415
401 710
679 616
657 652
616 180
141 280
428 870
753 77
812 433
295 546
201 830
695 117
704 447
593 629
696 528
362 94
653 242
737 173
798 466
597 289
670 183
463 532
640 370
303 54
779 564
257 582
525 926
348 38
314 232
602 328
560 77
889 292
766 495
106 771
496 743
64 440
443 239
660 564
189 583
12 503
997 507
546 26
597 882
523 721
39 381
649 428
808 392
818 348
494 252
486 655
474 584
222 586
594 259
813 730
914 622
191 403
278 494
702 893
628 36
922 661
997 449
510 463
964 642
883 709
339 418
132 781
292 256
478 834
463 716
434 968
594 191
564 123
715 404
797 618
586 315
667 220
504 574
602 446
249 360
357 631
376 142
567 514
433 463
674 275
551 844
171 672
993 541
311 741
274 736
247 411
435 415
940 730
970 369
490 67
352 647
242 300
914 320
737 890
271 778
351 858
596 98
966 337
536 583
310 922
679 256
541 45
147 530
275 122
554 188
747 135
450 277
472 554
593 387
620 939
358 79
418 222
252 720
721 904
348 583
608 822
740 651
353 165
549 313
678 763
468 868
575 965
316 435
516 994
644 80
751 424
383 165
927 437
514 596
535 665
575 188
539 385
711 281
396 97
836 770
911 449
492 132
254 441
633 281
685 372
80 340
622 709
311 715
778 888
197 856
472 624
496 969
787 519
524 214
64 685
390 870
873 569
191 652
381 709
863 732
155 263
437 789
507 816
793 905
918 752
133 338
768 765
569 387
587 790
150 427
969 490
33 545
665 300
770 269
817 877
300 512
405 161
328 147
696 384
329 787
507 171
206 710
903 400
818 802
316 569
335 650
487 210
938 548
490 447
561 342
869 750
421 71
924 241
24 459
736 532
594 593
794 536
446 91
430 578
716 227
500 644
695 629
787 708
430 269
788 101
623 764
282 711
240 639
652 55
738 455
20 567
198 813
396 461
792 438
379 329
266 59
463 175
709 517
939 523
312 548
235 500
764 132
728 324
853 172
327 452
897 326
78 508
906 539
52 699
851 327
327 40
844 289
355 550
450 212
705 168
436 952
727 805
623 227
800 842
416 205
657 605
539 227
643 688
282 935
512 21
244 832
643 352
604 714
259 498
501 531
739 285
160 470
547 786
785 648
920 400
643 123
603 557
210 867
950 674
280 153
14 519
709 822
405 287
863 475
866 637
531 895
595 162
434 636
764 469
458 197
651 461
951 509
414 665
108 484
843 587
757 565
608 751
725 356
563 293
822 646
291 403
756 511
452 299
197 258
305 660
49 651
31 329
983 407
873 356
262 688
173 387
190 681
375 378
694 259
720 60
133 365
80 723
839 635
291 444
351 295
175 846
581 683
131 572
668 48
417 481
307 381
386 753
582 221
223 324
501 996
371 656
334 545
444 496
549 173
320 655
760 896
475 47
113 290
36 614
828 286
653 748
742 818
138 478
390 912
339 803
914 225
161 557
597 114
48 420
798 153
370 43
335 694
896 626
839 181
148 170
543 127
530 831
705 215
109 190
815 548
884 403
888 492
511 749
438 397
256 813
265 930
114 736
219 238
655 181
610 389
727 782
472 284
58 669
570 813
394 557
845 141
692 479
469 355
67 629
268 361
24 636
641 442
462 97
608 152
131 677
639 235
585 816
743 336
579 145
499 104
404 783
310 118
849 550
861 442
877 323
236 808
877 649
423 920
558 650
295 839
17 401
980 451
279 169
490 348
722 887
695 803
619 633
69 355
83 291
221 707
714 773
666 485
342 313
162 634
589 45
527 254
931 717
570 995
262 520
538 453
379 559
410 947
973 466
616 686
829 832
303 171
342 402
858 521
796 370
124 617
211 190
164 443
561 203
670 325
613 880
265 883
177 689
445 369
539 340
95 214
515 675
418 976
183 120
461 788
568 33
259 857
494 487
526 567
281 347
